53,11,37
17,5,15
60,22,23
32,10,26
26,5,7
58,20,24
0,9,0
42,17,5
28,5,8
40,5,40
43,10,32
55,20,24
37,17,24
37,11,34
37,9,34
45,8,35
40,10,32
35,3,38
11,16,1
54,12,37
27,8,2
19,1,17
21,8,8
25,1,33
61,21,24
24,3,12
31,6,32
17,10,4
31,7,32
36,11,11
12,0,18
62,20,23
49,20,29
44,9,35
42,17,0
33,10,24
6,3,10
40,21,23
22,1,25
27,5,26
28,9,3
29,6,13
21,0,26
41,15,11
62,22,23
16,8,6
53,22,24
45,22,14
27,6,23
23,9,4
24,10,6
60,1,48
12,0,16
47,13,35
33,4,35
44,18,8
46,5,40
25,3,20
9,16,1
48,9,35
41,15,30
28,12,0
47,20,28
44,19,12
34,9,5
54,13,36
63,19,23
16,8,5
34,11,7
61,17,31
11,10,7
15,8,9
36,9,33
15,1,17
46,6,38
35,2,39
49,4,41
32,9,6
0,1,8
34,12,26
19,2,16
58,9,38
18,1,16
58,5,44
58,12,34
36,12,6
25,9,4
50,17,33
40,11,34
32,8,4
42,0,45
28,4,34
61,19,24
42,16,29
59,3,45
25,3,21
20,9,3
38,5,37
26,2,33
19,12,1
26,8,5
27,12,1
46,1,44
30,8,23
12,12,1
10,2,14
31,8,27
41,11,31
3,3,8
63,11,36
23,5,11
55,6,42
58,1,50
43,19,17
63,6,45
41,0,46
19,0,19
26,2,34
35,15,27
10,12,2
53,17,28
13,14,0
56,5,42
34,10,6
43,21,15
11,11,5
9,11,4
38,18,24
43,14,29
22,8,5
8,1,15
31,7,30
61,23,22
36,12,10
29,7,29
59,20,26
57,14,32
54,12,35
28,6,11
16,10,6
61,23,24
56,10,39
52,6,41
14,13,0
55,18,26
53,15,35
62,22,20
31,7,31
47,6,40
37,15,28
40,16,21
35,12,23
56,13,32
50,19,31
50,13,35
35,14,27
20,0,28
55,18,28
45,6,38
56,18,31
10,1,14
10,5,9
31,3,35
34,10,29
46,7,42
40,19,23
21,4,13
59,20,30
23,5,9
23,8,5
46,20,25
20,0,19
31,8,24
58,7,40
60,2,47
38,16,23
43,18,11
55,14,32
61,6,47
24,11,0
15,6,8
24,3,28
50,21,25
54,10,41
21,0,27
8,14,2
63,21,23
33,14,10
57,21,27
33,15,9
35,11,4
45,21,2
36,12,11
26,4,22
59,21,25
40,14,1
8,3,12
45,23,23
25,5,7
52,13,35
62,5,48
49,14,34
30,6,6
33,4,36
50,18,30
57,17,32
30,8,17
36,7,35
19,5,15
39,20,24
62,10,43
59,22,25
47,6,41
54,16,29
53,20,26
46,10,36
27,5,27
22,5,11
29,2,37
16,4,14
18,10,3
16,14,2
61,20,23
21,5,13
47,18,29
28,6,22
56,16,34
59,0,50
16,3,17
38,7,38
60,16,33
43,7,36
37,12,3
30,5,33
23,2,17
28,6,5
63,22,23
17,12,1
46,20,2
7,3,11
33,11,12
43,17,6
9,4,13
27,1,38
20,11,6
19,4,13
45,20,12
17,6,10
47,2,45
23,9,6
60,17,27
7,5,8
45,19,19
10,9,9
47,3,44
36,0,42
61,6,42
22,1,16
43,0,46
62,21,22
39,1,42
54,10,36
55,7,40
58,3,44
37,13,19
58,19,30
18,5,14
43,10,36
39,14,5
23,14,2
35,12,15
17,0,17
7,6,9
30,8,21
37,7,37
53,5,42
37,13,18
25,8,3
42,18,4
57,18,27
44,2,43
24,3,19
57,16,29
0,0,10
39,19,26
38,6,36
60,20,26
22,15,1
45,14,30
0,5,3
61,17,32
62,17,27
36,11,5
8,11,3
13,9,6
19,13,0
35,12,4
62,15,28
30,7,24
55,0,48
44,19,8
55,3,45
58,20,27
36,18,27
47,23,10
63,17,29
20,6,8
24,8,8
33,9,15
23,2,14
17,0,18
42,8,37
57,7,39
36,13,14
7,7,5
34,6,36
35,3,37
21,13,1
43,15,29
54,14,34
14,1,17
13,1,19
19,3,14
15,3,19
21,0,33
40,0,46
37,12,34
38,4,39
13,9,7
32,9,17
51,5,42
25,7,8
41,19,15
30,2,37
18,4,12
62,19,28
10,12,3
17,13,1
47,22,25
38,12,3
48,22,28
41,18,13
37,6,35
37,0,44
33,0,40
49,23,2
19,3,15
52,15,33
13,5,9
61,15,30
22,6,9
54,16,30
46,6,42
10,10,4
35,10,30
19,0,22
40,16,3
27,1,36
33,10,22
44,19,3
36,5,35
50,21,26
43,21,24
43,22,22
1,3,8
58,13,35
20,11,0
20,12,4
33,10,15
45,20,18
18,12,3
46,17,30
34,11,10
40,21,24
54,21,25
47,21,25
39,5,39
11,16,0
45,22,23
40,17,28
7,15,1
62,12,35
6,15,1
63,20,25
39,9,36
43,2,42
20,7,14
44,11,33
11,9,7
11,11,7
23,5,12
30,8,12
46,22,4
1,1,9
22,3,14
40,17,23
45,21,6
50,19,29
58,21,22
37,17,28
47,4,42
36,11,30
32,12,4
59,22,24
54,15,35
36,5,38
55,9,40
44,18,2
9,8,7
46,18,29
62,0,50
6,0,15
41,15,1
23,1,31
56,13,37
61,18,29
17,7,8
57,10,37
17,4,10
59,1,49
22,2,13
23,0,34
16,4,13
15,3,13
1,2,8
56,12,36
26,10,1
62,5,45
59,16,28
25,0,36
30,8,27
25,3,22
58,19,25
48,18,29
58,4,45
36,12,5
58,14,33
62,8,41
36,1,41
38,4,40
41,0,44
36,11,3
18,8,5
25,4,22
43,17,28
41,18,0
46,22,24
57,23,22
47,4,41
7,6,10
31,1,39
48,11,34
59,14,31
23,1,29
31,6,33
44,18,18
2,8,1
55,8,38
51,0,47
27,5,21
45,7,38
19,13,4
9,4,11
13,3,12
31,8,25
4,3,9
52,17,30
26,5,15
39,15,1
56,17,29
15,4,18
46,14,31
42,22,26
63,23,25
8,2,12
30,0,41
24,2,19
40,14,29
35,10,31
34,12,21
44,23,14
41,2,41
34,2,39
15,6,12
53,18,27
28,8,4
38,15,23
30,8,25
32,11,11
56,23,21
33,4,38
44,18,28
6,8,5
61,14,30
62,20,26
37,14,15
61,0,52
58,8,38
54,23,22
63,20,27
37,1,42
23,0,33
37,9,31
9,13,3
34,8,35
35,11,18
57,19,25
33,10,27
43,19,4
56,19,28
15,8,7
33,9,4
31,8,4
48,18,31
20,4,15
3,0,12
6,11,3
51,8,39
40,13,29
37,17,27
42,0,48
48,23,23
39,14,10
44,15,29
44,20,12
13,10,4
18,4,13
27,5,10
45,1,44
60,5,46
34,12,24
40,2,41
19,0,21
62,19,25
7,4,11
27,8,6
61,17,27
46,13,32
59,13,35
59,7,40
58,18,31
47,16,32
58,6,43
26,4,15
40,19,27
39,6,37
26,10,5
55,0,49
42,3,40
41,17,12
36,14,28
59,3,49
59,7,39
44,18,1
2,2,9
19,16,0
18,4,14
19,10,2
40,17,22
31,8,15
44,20,3
38,15,11
44,13,30
40,15,7
41,17,5
36,16,29
57,18,32
62,10,37
44,9,37
6,9,3
43,11,30
39,16,19
18,14,1
30,6,4
50,12,34
23,3,21
40,15,4
25,4,16
54,2,45
50,16,32
34,11,13
28,5,24
36,1,42
22,0,31
36,2,40
23,10,3
39,20,25
60,7,41
40,4,40
38,14,5
29,6,23
58,23,22
59,4,43
36,2,42
47,20,27
41,11,34
57,12,35
30,8,18
33,10,25
1,7,1
52,5,43
30,8,11
47,20,26
24,2,25
43,12,31
39,13,8
2,6,4
46,20,0
52,3,44
48,0,47
56,21,23
38,15,16
4,15,0
42,18,20
37,15,23
22,0,34
44,19,20
62,7,43
21,7,7
60,1,50
40,10,33
53,14,32
28,3,35
21,1,15
61,22,21
41,19,25
28,6,9
32,9,3
24,1,35
17,6,12
6,11,2
1,0,12
45,9,39
39,2,43
57,16,28
63,6,47
19,4,14
24,2,13
62,11,35
21,7,9
29,6,28
21,13,0
24,2,33
62,15,31
54,2,47
37,7,38
41,15,7
20,0,17
45,19,28
13,11,2
63,21,22
8,0,15
40,17,13
23,8,7
33,11,17
9,7,9
42,12,31
34,3,39
37,16,29
41,18,20
43,11,35
56,4,43
36,11,6
60,19,27
18,11,2
20,3,13
15,11,4
40,8,34
61,7,47
42,22,21
63,16,27
15,10,8
39,1,47
55,9,38
37,13,1
56,20,30
43,20,25
63,10,39
55,16,34
52,3,45
46,12,31
35,4,36
22,10,8
56,15,31
0,1,10
19,12,2
10,0,16
16,2,18
12,12,2
26,4,13
10,5,10
34,10,1
26,8,6
15,9,4
33,10,4
48,10,35
54,18,28
39,13,4
61,18,26
8,8,6
57,6,44
48,22,4
53,4,44
24,9,7
25,3,32
24,10,5
13,9,5
45,4,41
28,5,6
36,12,18
31,9,21
38,14,4
20,4,14
55,22,23
54,1,47
60,20,24
41,14,31
59,2,46
25,2,35
17,3,16
29,6,20
24,1,33
13,1,18
44,8,37
25,4,17
63,6,46
37,10,31
24,2,14
14,4,13
35,10,8
27,6,18
17,3,14
57,19,26
16,15,0
36,17,27
36,11,9
39,14,13
37,13,13
1,0,11
13,2,18
54,7,41
46,7,38
46,12,32
43,20,13
17,2,13
58,16,30
55,11,38
2,2,8
23,9,8
32,8,10
14,8,5
33,11,3
58,2,49
45,21,19
11,11,4
41,17,19
13,5,13
39,19,25
8,5,12
42,17,1
28,2,36
44,11,34
29,3,36
46,12,33
59,9,37
47,5,42
38,0,43
19,10,6
9,0,17
45,15,29
24,8,4
22,9,4
7,8,6
62,18,26
14,4,14
7,14,1
52,7,41
26,4,12
36,14,29
29,6,29
14,5,12
33,7,32
26,4,26
38,15,19
52,0,48
63,10,38
39,3,39
34,10,30
60,21,22
22,9,5
2,1,10
11,0,17
56,0,48
35,4,42
62,15,33
15,12,3
31,9,23
45,2,44
62,17,29
63,18,26
16,9,6
43,4,41
60,14,30
1,8,0
62,9,39
44,6,39
16,2,14
45,20,0
25,11,1
39,12,34
39,5,40
50,10,36
57,21,22
17,5,9
35,12,26
61,21,26
39,12,31
63,16,32
56,19,27
10,10,5
44,19,18
23,11,4
21,6,8
17,2,16
51,20,26
12,9,7
31,7,8
60,7,43
37,6,39
16,7,10
23,2,30
21,0,20
44,23,21
38,2,44
37,12,29
31,9,9
31,10,11
36,15,28
43,22,25
42,4,41
34,11,25
55,17,30
21,0,16
36,13,24
62,8,40
60,21,21
46,21,25
36,3,38
37,9,32
40,15,9
26,4,23
44,18,10
38,15,20
57,13,33
24,3,23
34,11,21
63,8,44
22,3,13
10,8,6
1,1,10
38,15,10
40,17,27
55,9,37
21,5,9
27,5,16
28,5,9
60,7,44
55,22,21
43,1,46
17,8,6
57,1,47
40,16,14
31,9,10
13,12,2
19,0,23
36,4,37
37,13,9
27,5,14
46,16,32
63,5,44
55,11,37
41,2,42
5,5,8
60,7,40
40,10,35
40,14,9
18,6,13
40,6,37
42,18,6
15,4,13
53,13,34
29,13,1
31,8,6
35,11,16
44,19,19
11,15,3
31,9,26
54,12,38
26,7,7
21,2,15
29,7,5
34,11,20
48,4,41
14,2,14
27,2,35
36,13,4
63,5,46
58,9,40
18,6,10
43,17,29
44,13,31
61,6,44
42,18,22
58,14,35
26,5,25
61,17,33
37,4,37
16,5,17
21,15,0
47,13,32
13,0,19
55,20,26
30,9,1
53,13,37
8,7,8
20,4,11
31,7,4
63,15,33
60,10,37
55,22,22
61,8,45
21,0,31
61,13,35
41,2,45
33,10,28
57,4,43
26,4,25
31,9,17
59,8,39
52,7,40
19,10,3
62,11,36
54,9,38
38,6,39
53,15,33
36,12,16
63,14,30
47,22,8
49,3,44
17,7,12
43,0,45
58,15,29
38,5,40
26,1,36
40,17,21
46,8,38
24,4,14
32,7,33
58,9,37
29,6,22
43,12,34
55,1,47
21,3,13
39,14,19
54,16,31
37,15,24
56,23,23
41,1,45
42,16,11
38,14,11
29,5,33
52,8,40
11,14,2
40,10,36
57,18,29
32,9,19
3,1,11
39,16,15
59,23,22
46,17,29
38,0,45
36,13,15
33,5,34
0,6,1
4,5,9
45,2,46
56,21,22
0,5,5
49,21,27
57,5,46
42,19,20
30,7,2
14,8,12
13,1,17
48,23,8
32,10,27
54,11,38
46,16,31
49,6,41
31,8,11
62,8,44
56,1,47
11,2,14
60,16,29
11,1,14
38,13,29
51,12,36
18,0,18
22,15,0
11,15,0
27,5,20
16,0,19
59,21,26
13,5,11
17,3,13
48,18,30
43,0,49
57,9,37
48,7,39
36,11,33
28,14,0
59,20,25
59,18,26
34,11,11
56,16,33
20,11,1
34,13,10
1,7,2
51,1,46
47,6,42
61,18,32
48,23,2
40,19,25
11,7,11
44,23,23
57,9,40
31,8,7
37,12,0
46,10,38
27,5,12
18,4,11
28,6,18
32,9,29
36,14,23
40,12,29
38,10,34
58,6,45
4,2,11
46,5,42
20,10,2
26,0,38
27,0,38
41,16,2
55,23,21
60,9,38
17,11,1
45,1,46
57,4,44
29,10,1
50,0,48
44,4,40
19,4,11
62,19,24
5,6,8
52,1,47
62,7,41
33,11,4
44,19,5
43,9,34
33,12,11
31,9,19
40,18,26
30,7,31
60,19,25
62,8,39
60,5,44
40,15,30
59,20,23
54,23,24
20,7,9
20,14,1
60,18,27
37,1,41
24,1,30
41,10,34
35,11,22
1,3,9
40,17,4
39,20,23
19,12,5
39,17,22
34,12,25
63,3,49
62,10,44
20,7,6
28,7,25
23,2,24
62,7,44
22,14,2
62,18,28
60,12,35
56,6,41
23,6,9
57,8,43
9,1,15
15,13,0
8,4,12
38,13,7
63,0,51
36,11,8
27,5,17
49,0,47
57,17,27
61,15,33
42,17,9
19,11,4
56,9,41
12,6,10
45,20,1
3,3,11
9,15,2
39,0,44
45,13,31
17,6,11
55,0,50
37,13,12
42,1,43
10,7,8
54,14,35
42,4,39
39,11,29
7,7,6
31,3,36
55,12,37
37,15,29
40,5,39
56,1,48
38,14,2
9,2,14
28,0,39
61,2,47
35,8,34
57,21,24
61,4,45
46,22,9
63,17,30
61,10,35
46,15,30
19,11,5
55,8,41
47,22,4
18,2,15
59,22,22
33,10,16
54,12,36
63,21,25
59,17,27
54,9,40
58,21,27
19,12,3
21,5,10
17,13,2
17,8,8
9,7,7
36,10,31
38,13,13
30,9,0
35,14,28
61,21,25
44,3,41
24,2,22
50,12,35
51,20,25
18,6,7
61,5,44
0,3,10
15,4,10
8,4,13
41,19,16
23,3,23
25,5,9
60,20,25
48,22,2
44,10,36
33,9,1
36,14,24
45,2,43
62,0,52
63,13,33
62,4,46
44,17,28
63,11,37
39,14,29
60,8,39
25,4,14
24,11,5
14,6,8
63,5,45
56,18,27
2,6,3
11,3,12
52,10,37
26,3,29
32,10,21
43,2,46
31,4,34
41,12,32
17,2,14
63,8,43
35,9,32
19,0,16
60,16,28
61,1,49
42,19,21
26,4,32
63,4,47
37,19,26
19,2,17
43,8,35
60,6,43
20,2,16
51,7,41
45,23,14
34,10,28
32,3,37
15,5,13
41,16,20
43,1,43
48,17,31
3,5,5
38,7,34
25,8,5
30,7,8
32,15,10
21,7,14
46,22,13
60,4,46
33,10,9
58,3,49
25,4,20
56,19,26
62,6,43
34,11,19
42,11,30
41,15,29
39,14,6
25,3,13
36,15,29
33,1,39
38,14,21
61,6,45
16,3,18
44,0,46
60,10,35
8,7,7
37,13,23
27,4,27
1,5,5
52,20,26
34,9,31
55,17,29
43,0,47
1,3,7
3,4,6
17,5,11
36,11,34
19,10,4
19,0,24
37,1,43
61,5,47
17,3,17
10,9,7
42,15,31
11,15,2
39,15,7
44,21,13
36,4,40
53,15,31
46,19,27
23,3,20
18,0,20
53,14,35
30,7,27
63,3,47
29,10,2
42,17,12
24,6,8
56,20,26
56,22,24
57,19,28
18,6,9
27,5,23
38,8,34
4,11,1
25,10,5
56,22,22
8,3,13
55,14,37
24,2,29
41,12,30
59,12,34
24,3,20
54,14,36
2,2,10
40,4,39
37,13,4
37,5,37
35,11,26
42,18,18
4,9,1
61,0,50
39,14,30
63,19,27
5,1,14
37,13,20
62,6,44
26,4,11
39,13,29
55,2,47
5,1,12
4,5,8
30,7,29
47,2,44
60,17,29
36,0,44
26,8,3
40,18,0
28,5,17
36,12,30
45,22,13
60,23,19
21,12,0
22,0,33
23,14,1
3,1,12
7,3,12
45,21,11
47,17,30
36,16,24
18,5,13
20,1,16
46,3,43
42,18,17
56,22,21
56,19,25
55,16,33
42,18,2
10,17,0
43,18,19
23,3,12
20,8,6
51,10,37
63,19,26
23,2,16
43,7,37
10,5,12
5,2,12
39,2,41
33,1,41
41,19,27
26,5,19
43,10,35
19,10,5
42,20,26
59,4,44
45,9,37
61,8,39
33,10,3
62,13,33
19,3,13
32,9,9
21,12,2
20,6,14
54,15,34
12,14,1
18,4,15
8,15,1
11,5,10
55,13,36
15,0,20
49,4,43
56,9,37
60,4,47
11,0,16
53,9,39
45,19,8
24,2,30
48,23,0
7,16,1
46,10,39
44,20,13
15,11,2
32,9,13
31,3,37
54,5,42
61,1,53
43,8,34
23,12,1
44,19,6
36,12,17
21,14,0
17,2,17
11,8,6
62,23,20
10,10,3
21,4,14
39,6,38
17,7,6
61,5,45
56,21,26
43,20,24
44,20,4
26,9,3
54,4,44
25,10,1
44,7,37
41,16,6
59,2,47
59,21,22
52,11,37
15,1,18
60,21,24
34,10,17
58,1,49
15,1,19
53,19,26
63,16,28
46,20,26
24,2,31
20,10,6
11,11,3
55,15,31
62,21,23
61,10,37
14,7,7
29,6,15
38,8,36
43,1,45
17,4,12
29,6,17
49,20,26
62,12,33
38,14,13
44,20,25
32,9,23
36,12,9
32,8,14
57,10,36
4,7,2
26,10,6
3,0,14
2,8,0
43,1,48
24,11,1
33,12,4
26,8,7
32,9,25
52,2,45
60,12,33
9,11,3
25,1,35
41,3,40
61,18,27
20,3,16
56,18,26
37,18,27
45,20,9
58,4,44
56,11,37
6,13,1
34,0,41
21,1,23
57,22,25
3,9,0
52,18,30
54,9,42
21,14,1
19,7,10
41,18,26
21,4,15
30,12,2
47,23,5
23,4,11
39,15,20
20,5,13
11,6,10
5,6,5
44,19,4
16,12,1
27,4,15
34,1,41
15,5,14
51,17,30
57,19,27
20,0,21
33,7,34
58,20,26
28,6,24
38,14,3
28,5,28
40,15,8
41,13,30
12,9,8
43,18,3
32,8,13
35,11,28
31,7,6
52,14,33
42,17,19
47,21,1
50,1,47
6,2,12
40,15,19
63,2,49
47,21,27
7,9,4
63,18,28
63,16,30
62,16,30
19,4,15
39,16,23
41,18,14
60,19,30
38,11,30
63,23,18
5,8,2
47,6,39
34,2,40
46,21,0
13,5,10
58,20,23
16,13,0
13,0,20
51,23,23
34,10,8
38,4,38
17,8,10
57,10,40
44,17,29
6,7,4
31,8,16
39,7,35
59,13,34
56,17,31
47,23,11
58,6,46
43,18,12
62,14,30
41,8,37
3,6,5
33,10,13
18,2,16
41,18,22
45,8,39
15,12,5
26,4,24
16,8,12
39,6,39
9,3,15
17,3,12
62,19,29
31,10,22
15,13,2
50,19,27
41,12,31
37,7,33
56,4,46
62,1,53
56,14,36
22,9,8
33,10,21
34,3,37
31,8,22
46,13,33
43,20,14
32,6,34
41,0,45
14,1,16
61,19,29
62,13,32
61,16,33
25,3,23
61,8,40
35,11,20
59,14,34
24,8,6
48,5,41
46,7,37
59,13,33
62,17,28
12,15,0
62,9,38
40,15,12
47,12,33
28,6,10
32,14,10
11,8,7
60,16,30
45,19,7
61,21,21
39,15,21
12,10,7
43,19,21
21,6,9
29,8,2
44,11,31
0,2,9
50,4,43
21,11,1
48,9,36
21,0,29
24,9,5
50,10,35
36,9,34
6,0,16
19,12,0
47,17,32
24,8,5
62,20,25
38,14,14
46,8,39
46,9,39
17,12,3
58,6,40
15,5,12
39,15,2
59,23,21
34,9,3
32,9,30
29,6,4
26,3,34
34,2,38
28,5,33
57,3,44
38,19,24
34,11,3
6,5,9
48,11,35
40,18,23
40,16,8
45,21,17
48,15,34
45,1,45
62,6,46
47,1,44
18,8,10
26,5,9
38,13,9
41,16,10
10,3,12
26,11,2
24,3,13
42,19,14
60,15,30
58,0,49
14,9,8
34,6,37
19,14,0
60,18,26
50,20,28
56,3,46
26,9,2
34,9,4
58,7,39
27,9,2
31,1,40
31,8,28
46,10,33
27,8,4
52,18,28
48,8,38
30,7,28
35,14,29
18,9,6
39,14,15
9,6,8
8,6,9
34,11,4
12,13,1
9,16,0
18,11,6
13,8,7
11,1,16
48,14,34
35,11,13
27,5,24
60,3,47
62,15,30
35,4,41
41,13,29
25,10,2
28,6,19
46,21,7
29,7,17
31,2,38
49,22,24
22,8,7
40,5,37
54,7,40
18,13,3
54,1,48
21,9,5
50,2,44
63,17,26
51,9,39
34,3,38
22,14,1
21,0,24
20,13,0
38,5,36
14,10,3
36,12,12
24,3,25
42,17,2
4,13,1
23,0,36
44,18,7
15,3,17
26,5,22
58,4,50
57,2,46
32,8,2
12,3,13
26,5,21
44,19,9
42,16,7
44,18,11
56,16,31
62,17,32
2,1,12
56,0,49
31,8,0
25,4,12
32,8,6
51,11,36
11,6,8
6,3,13
60,15,33
63,10,37
32,12,11
57,19,31
36,12,2
27,3,35
29,6,27
52,0,49
14,6,13
40,0,44
52,12,35
59,3,47
57,5,43
24,5,8
9,12,3
45,21,24
54,8,40
22,2,22
56,21,27
30,7,26
46,17,31
58,22,23
17,4,13
59,19,24
42,18,7
36,3,39
9,0,16
38,16,24
45,11,32
17,14,2
42,16,6
42,19,13
30,3,36
60,20,28
11,14,1
48,15,33
62,7,47
39,5,37
57,16,30
6,15,0
63,17,28
36,11,0
16,0,16
27,6,21
57,4,45
38,20,25
47,12,35
46,10,34
40,15,11
24,2,26
51,22,24
29,0,39
53,23,24
26,4,27
59,19,29
61,8,46
11,13,4
29,6,8
4,1,11
17,8,7
24,7,6
43,19,11
9,8,9
61,16,29
4,9,2
6,1,15
45,10,39
4,12,1
63,23,20
46,11,34
39,13,6
40,19,16
4,12,0
31,10,0
33,5,36
22,12,1
11,13,1
23,2,13
41,19,28
40,19,0
43,21,14
2,0,13
42,0,47
58,16,28
18,14,0
3,1,10
11,13,2
20,7,7
46,21,10
8,2,14
60,13,31
45,19,1
15,3,14
36,11,10
33,9,8
61,11,39
14,9,4
46,23,23
29,6,7
38,17,28
39,15,15
41,8,36
59,5,43
29,6,6
42,16,9
45,20,11
37,12,4
17,2,15
56,7,42
39,10,35
33,10,14
27,3,34
52,18,29
60,23,23
61,0,51
40,17,17
51,17,32
35,7,34
29,6,26
55,8,40
56,15,30
30,8,26
41,17,20
55,13,37
13,5,14
7,0,15
44,1,45
4,7,3
38,6,38
36,6,37
43,9,35
61,14,34
35,1,41
47,16,31
39,8,35
49,23,23
40,15,0
54,10,40
50,7,40
39,13,9
52,19,28
42,17,11
29,7,9
61,2,48
46,21,3
15,3,18
31,4,35
27,0,37
45,5,40
40,18,16
29,14,1
6,12,2
42,13,29
60,21,23
47,9,38
59,15,31
28,4,35
52,20,27
41,17,11
32,8,9
62,11,37
23,1,25
61,10,44
61,9,39
32,9,28
18,13,0
30,1,37
51,4,44
63,14,31
18,12,2
50,18,31
18,2,14
44,19,26
13,8,9
16,7,7
3,6,4
32,3,36
51,19,28
10,7,9
15,5,10
34,12,5
23,11,5
57,9,39
57,2,47
32,8,32
23,7,7
40,20,25
30,7,13
16,1,18
33,3,38
62,10,36
61,19,27
57,5,44
41,14,30
41,16,3
35,11,8
29,7,14
52,1,46
11,12,5
49,8,39
37,11,33
45,19,0
58,15,31
23,10,2
58,17,27
23,7,6
13,1,16
39,16,17
31,8,1
23,5,10
53,13,36
26,5,8
17,5,14
62,21,25
15,11,5
60,17,26
44,20,10
25,3,30
52,16,30
38,13,0
41,9,35
35,10,5
61,8,43
22,11,1
41,7,37
43,6,38
46,22,7
61,9,37
0,6,3
50,8,38
44,6,37
14,13,1
16,11,1
57,11,39
36,11,14
24,7,7
33,14,9
32,13,9
19,6,14
40,1,47
16,11,4
36,7,34
17,14,3
49,7,39
46,21,1
25,12,2
25,3,12
43,19,16
35,11,9
58,13,34
41,18,15
27,5,15
21,1,21
52,15,34
29,12,2
61,11,36
21,10,2
51,2,46
55,2,46
57,7,41
22,8,8
51,7,40
31,9,27
47,22,2
38,13,1
15,1,15
53,2,46
17,3,15
31,9,24
1,4,6
6,16,0
62,12,34
44,19,10
44,21,25
59,19,27
28,3,34
59,7,41
4,7,4
37,13,15
29,7,11
43,11,34
58,9,39
47,2,43
56,12,34
28,6,16
60,3,46
58,2,47
18,7,7
36,2,41
58,1,47
42,20,22
39,14,8
0,0,11
42,4,40
55,8,39
22,10,3
38,1,44
24,10,4
13,4,12
47,21,2
17,10,3
22,1,14
63,23,23
61,3,48
35,0,43
57,6,42
63,21,26
59,2,48
50,7,39
37,13,17
6,1,13
0,2,7
14,7,11
6,6,7
44,3,42
32,8,31
22,12,2
26,1,35
59,1,48
26,9,5
39,3,41
25,7,7
37,13,8
37,20,26
61,9,36
44,22,13
9,5,13
61,8,41
38,15,15
10,8,8
45,11,39
53,1,46
40,14,0
22,13,0
9,2,16
60,5,47
15,7,6
26,13,2
56,8,39
8,11,4
37,14,21
60,20,27
50,16,33
63,17,27
39,17,16
41,18,21
1,2,9
41,6,37
19,12,4
39,16,22
55,15,30
28,13,0
8,16,0
44,14,30
47,10,34
63,11,35
18,3,14
43,18,9
18,4,10
12,6,9
37,6,36
61,10,39
33,10,17
5,3,13
16,6,12
46,4,41
8,7,6
5,5,9
39,14,2
3,7,4
38,15,29
31,8,30
21,0,18
34,10,4
47,5,41
63,23,22
14,11,3
48,21,25
20,11,4
48,22,25
49,9,36
20,0,18
43,22,15
48,20,27
24,10,1
43,18,1
15,7,7
39,10,34
29,6,18
56,9,42
45,17,29
37,0,43
45,10,38
50,9,38
16,5,13
35,8,33
27,3,33
19,1,15
59,17,30
44,7,36
38,14,10
16,6,10
29,7,25
40,4,38
42,1,45
56,14,33
21,3,12
44,20,16
34,11,26
18,8,6
47,14,32
8,7,9
56,21,28
28,7,27
31,7,13
57,18,31
44,23,20
32,5,34
55,12,36
47,8,38
53,14,33
32,10,24
31,8,26
0,7,0
61,16,30
22,2,25
15,8,6
26,9,6
48,8,37
58,15,35
54,18,29
31,0,40
39,13,5
28,5,12
17,5,10
59,10,37
23,2,29
46,22,8
0,2,8
9,8,6
22,4,11
30,4,34
6,14,2
30,7,10
10,15,1
39,15,19
53,22,22
36,4,38
9,3,12
42,17,4
62,10,39
5,7,4
32,8,16
34,11,24
58,21,25
4,7,5
38,14,0
59,10,36
36,2,39
7,9,5
44,0,49
45,19,9
6,13,2
56,12,38
54,19,27
62,11,34
47,18,30
52,23,22
48,23,4
61,20,25
16,5,12
30,14,1
25,3,27
10,7,10
58,18,25
59,4,47
36,16,26
24,3,11
34,7,33
42,18,12
32,8,5
37,5,40
37,7,35
40,13,30
56,10,37
19,9,6
41,15,5
14,0,18
6,6,6
24,5,13
42,23,21
62,10,42
40,13,31
26,13,1
49,17,31
62,4,49
12,16,0
4,6,8
38,10,31
58,14,32
49,10,35
30,11,1
48,16,32
22,10,4
41,4,41
40,7,36
37,8,38
31,8,13
15,8,8
23,9,5
41,17,21
29,6,10
18,5,12
43,18,7
58,14,34
25,8,4
26,6,7
34,8,33
23,2,26
3,4,8
58,2,50
2,1,11
62,10,38
29,6,12
27,10,0
44,22,15
2,3,9
29,0,38
29,10,0
57,0,50
36,12,24
55,11,36
41,7,35
0,8,0
14,4,11
46,21,27
50,22,23
25,6,8
38,13,18
57,14,34
24,1,34
33,13,10
16,2,15
23,1,18
43,16,28
38,14,15
58,14,31
40,0,47
17,16,0
44,16,29
4,0,17
33,9,31
40,1,43
24,4,9
23,2,21
51,13,35
43,18,4
63,12,34
14,5,14
47,22,23
45,13,33
24,7,8
42,17,8
54,14,33
4,0,13
19,7,9
0,1,9
18,6,12
51,23,22
57,20,27
11,5,11
16,10,3
43,18,5
32,1,39
61,11,35
25,12,1
10,6,9
56,8,38
31,7,2
55,15,32
42,17,27
32,7,31
58,19,27
41,20,23
59,14,35
6,0,14
53,20,24
49,23,22
39,11,31
26,2,36
8,6,10
24,11,4
63,12,33
40,9,34
58,17,28
54,0,48
40,17,0
18,12,0
25,10,4
20,12,5
27,7,7
45,23,22
8,5,10
60,19,29
43,8,36
33,0,42
46,20,1
52,21,24
20,11,3
30,1,39
10,16,1
58,13,32
25,5,8
35,1,45
19,1,16
33,2,38
14,1,18
59,14,33
28,6,13
58,15,34
63,20,26
36,16,27
13,2,13
42,6,37
40,10,31
40,15,2
41,15,31
0,3,6
44,5,39
13,0,18
40,1,44
37,14,19
22,1,15
46,18,28
57,11,40
36,13,16
15,0,19
34,11,28
53,6,42
32,13,10
3,6,3
23,2,25
54,6,41
2,2,12
48,23,3
54,11,35
24,9,8
60,6,42
28,2,37
26,12,0
1,6,2
56,9,38
56,11,38
20,10,4
29,7,26
49,1,46
35,12,19
17,11,6
20,5,10
43,19,13
34,9,32
17,9,6
27,8,3
37,8,33
40,17,19
30,7,11
33,3,37
54,22,23
24,2,27
32,9,2
5,14,1
56,20,27
2,3,7
12,13,0
42,7,36
41,17,28
28,6,25
43,18,18
59,1,51
32,6,33
59,16,33
35,11,6
21,1,27
34,10,9
37,2,41
53,21,23
13,4,14
37,10,33
29,2,38
38,17,25
8,14,1
51,12,35
60,6,46
41,9,32
38,13,15
13,10,8
21,10,8
20,1,17
47,5,40
28,5,30
17,9,9
30,6,7
24,10,7
11,12,2
53,5,43
30,6,33
45,20,10
40,14,30
29,1,38
7,10,4
47,21,0
59,19,28
4,6,4
12,2,14
22,12,0
33,9,27
38,14,19
12,7,7
21,4,11
43,11,31
5,2,13
61,8,44
42,20,25
54,19,26
24,3,18
58,5,43
56,17,30
50,19,30
23,12,0
62,1,51
43,18,21
37,12,13
11,1,15
60,8,44
6,1,14
52,17,31
40,15,29
57,15,34
43,12,29
12,8,7
44,2,42
63,7,44
61,16,32
39,9,33
36,12,20
54,23,21
42,16,1
62,16,29
8,5,9
61,4,46
51,19,26
55,3,46
32,10,11
10,3,13
33,10,5
45,18,27
50,1,45
23,1,15
30,7,16
54,2,46
60,18,29
13,10,3
21,9,4
62,5,46
45,22,24
50,18,29
27,5,9
7,5,10
59,11,35
41,3,41
48,7,38
35,0,42
63,5,47
61,14,33
25,4,19
19,13,2
47,17,31
26,5,13
22,10,2
34,10,11
37,14,22
35,12,18
54,12,34
8,15,2
43,10,33
32,9,1
36,6,35
43,18,8
26,3,32
38,1,42
31,7,14
58,5,45
44,1,47
34,5,36
25,3,11
33,9,0
43,19,26
51,17,31
37,12,7
40,9,33
27,5,25
48,19,29
33,11,11
38,13,4
63,9,42
22,1,24
10,7,7
52,8,39
33,4,37
45,20,25
31,8,18
35,12,17
37,6,37
61,15,32
40,15,10
12,8,6
9,13,2
56,20,24
61,13,33
56,4,45
60,22,21
32,10,0
54,14,37
39,16,28
20,12,3
1,8,1
25,3,17
22,1,31
32,9,10
45,0,47
35,13,25
12,4,12
12,5,9
40,2,45
32,11,10
20,13,4
37,14,24
38,15,28
58,1,48
33,9,32
47,10,36
60,7,45
43,3,42
3,9,2
34,11,12
33,12,10
53,19,27
21,4,12
43,5,40
4,7,8
28,5,13
35,11,17
35,1,40
34,3,41
29,6,19
26,5,20
55,16,30
29,4,34
26,4,19
62,6,45
36,9,32
37,13,22
7,5,9
47,9,37
31,8,23
13,4,10
35,11,30
22,0,30
14,6,11
47,11,37
52,6,42
44,21,16
42,16,0
57,23,20
39,14,4
45,20,2
54,5,43
2,4,7
41,6,36
26,11,0
23,1,33
54,3,45
46,2,44
53,1,47
34,11,5
34,0,46
63,13,34
6,4,8
40,17,9
24,1,32
62,7,46
20,11,5
51,10,38
43,17,11
38,14,29
27,1,37
49,5,41
55,12,34
44,19,11
17,12,5
27,5,29
57,12,33
46,1,45
61,23,23
19,7,8
61,19,26
62,15,29
32,9,20
59,22,20
52,23,23
28,5,32
24,4,10
60,15,32
10,11,6
2,5,4
61,10,40
60,18,30
33,0,41
16,13,5
56,15,33
5,4,13
41,13,31
21,8,9
57,0,48
35,11,29
59,18,28
49,7,40
6,3,12
19,9,7
4,2,12
0,0,16
49,23,3
23,3,11
45,11,31
40,2,42
34,11,29
2,9,1
22,14,0
39,13,31
26,2,35
24,3,15
34,5,37
22,11,2
57,9,41
45,18,28
25,4,27
18,8,8
19,15,0
20,3,15
41,19,22
28,5,25
40,16,9
37,11,30
52,22,23
16,11,5
24,0,37
39,8,33
41,17,3
10,9,6
59,8,38
47,22,24
20,8,5
29,6,16
3,8,2
43,21,25
42,2,44
12,10,3
26,5,10
61,9,45
47,16,33
59,20,28
38,12,4
50,17,32
32,8,29
40,6,39
4,2,13
36,5,37
51,3,45
29,7,24
60,17,28
47,23,6
57,18,30
2,7,2
23,11,2
61,5,46
48,4,42
56,20,28
57,15,30
17,4,11
37,8,32
10,9,5
43,11,32
39,4,38
21,10,4
52,13,34
30,7,21
25,11,0
38,14,1
60,15,29
40,1,42
13,0,16
16,0,18
59,12,33
3,7,3
61,20,22
27,5,8
31,8,2
15,2,17
13,8,6
6,2,13
59,12,35
13,15,0
62,20,27
14,2,15
30,8,22
48,23,7
17,4,14
20,12,0
31,7,33
18,12,5
27,6,5
45,19,2
51,5,41
37,16,28
63,23,19
58,15,30
63,13,31
45,12,31
53,12,37
32,8,30
60,6,41
34,10,3
45,8,37
44,10,34
42,10,31
60,15,31
41,16,28
37,3,40
12,1,16
30,7,23
43,9,36
26,6,20
37,16,24
40,16,20
61,2,49
20,2,13
63,15,32
41,17,10
53,23,23
40,16,29
27,4,32
47,23,9
60,23,20
34,12,22
43,18,10
58,22,21
9,1,14
39,17,28
41,15,0
63,20,22
40,5,41
25,4,11
55,20,25
55,19,25
40,15,18
26,7,6
41,16,18
62,1,49
56,11,36
36,12,14
30,7,19
33,13,11
47,13,33
61,15,29
16,12,5
34,10,12
50,5,41
54,9,39
33,2,39
15,5,9
57,18,26
19,9,4
55,12,35
41,16,17
14,12,2
6,4,9
29,1,37
61,9,40
44,6,38
44,11,32
42,5,38
61,8,47
53,17,29
28,6,17
47,8,36
25,11,2
25,3,25
45,20,19
32,0,40
38,5,39
56,16,29
53,21,25
29,7,23
5,3,9
7,0,16
44,23,22
55,2,48
0,6,2
41,17,17
44,12,30
56,22,23
45,7,39
9,3,13
43,10,34
48,1,45
57,6,45
61,21,27
53,2,47
20,6,9
33,9,16
32,3,38
5,13,1
38,17,27
54,22,22
35,4,38
15,6,9
40,8,33
5,3,10
35,11,14
19,8,5
60,11,34
32,9,24
40,19,28
35,13,29
19,4,12
23,2,22
60,8,38
41,12,29
11,3,13
23,4,10
35,10,1
28,8,3
30,8,28
53,16,30
29,6,11
47,8,37
10,11,4
55,21,23
35,10,3
23,8,8
21,0,17
40,12,35
35,10,34
56,14,32
43,21,26
41,17,14
12,10,4
38,14,20
8,3,11
33,8,31
25,2,30
24,9,3
32,9,12
29,7,19
26,12,1
2,7,3
28,6,15
56,8,41
16,1,16
24,0,35
18,7,10
51,16,33
58,20,30
13,13,0
3,2,12
22,2,18
63,22,25
26,9,7
42,20,15
26,5,26
17,9,8
30,10,0
12,11,2
39,5,36
16,10,2
56,21,25
15,9,8
50,15,35
36,15,24
53,22,23
63,19,25
27,5,11
29,7,10
25,3,14
28,8,2
40,15,6
33,10,23
5,8,3
58,18,28
63,8,41
39,16,16
23,9,7
5,16,0
51,0,48
28,8,6
53,7,41
48,20,28
37,11,29
12,1,15
56,10,41
17,0,16
25,3,19
47,23,22
61,7,44
16,3,16
56,14,35
59,4,45
43,5,39
44,10,33
55,1,48
61,6,46
56,14,31
29,12,1
53,18,28
58,7,41
26,7,4
43,17,8
19,10,9
43,19,6
42,2,46
7,4,9
37,8,37
58,6,41
7,1,15
38,2,40
53,1,48
20,2,14
39,0,46
56,4,44
56,13,36
34,10,10
46,21,2
55,17,33
54,22,24
17,6,7
59,19,26
59,14,32
12,4,13
37,3,39
40,19,26
40,16,18
35,13,4
47,10,37
22,1,27
21,8,6
53,6,41
40,6,36
48,19,30
63,9,39
35,2,42
30,7,5
50,17,31
51,21,27
44,23,16
18,15,1
28,8,5
17,5,12
0,4,6
54,13,32
17,1,14
40,18,14
10,5,13
49,16,34
61,15,31
34,11,16
42,15,29
60,0,51
42,21,21
50,22,25
26,9,1
44,22,22
36,3,40
61,22,20
3,5,4
46,23,12
15,4,14
55,17,28
14,11,2
53,0,49
42,18,21
41,17,4
32,10,19
33,10,12
47,12,34
34,10,18
59,1,50
28,10,6
40,18,28
16,6,11
39,15,12
23,13,1
61,7,40
58,16,32
30,7,20
62,21,24
51,15,34
63,9,44
40,17,20
63,20,23
62,19,26
50,10,37
32,8,7
34,9,30
51,4,43
32,0,41
20,1,18
57,23,24
31,8,14
31,8,3
45,21,9
26,4,10
45,20,5
29,6,9
59,18,29
63,7,42
56,6,42
18,5,9
41,12,33
50,2,45
35,1,42
37,13,11
11,2,13
39,14,1
19,5,11
45,22,10
59,17,28
61,20,26
62,20,22
47,22,0
63,22,26
37,13,16
32,8,11
45,21,10
39,14,3
27,5,28
39,13,3
0,7,1
17,10,6
27,6,25
50,23,22
16,8,8
46,9,36
54,13,33
20,11,2
16,13,2
52,12,36
63,0,52
58,6,42
62,10,35
29,11,1
17,11,2
42,1,46
37,9,33
44,20,26
18,15,0
34,9,33
11,12,6
25,4,23
9,8,5
60,14,33
1,5,3
23,2,15
40,11,30
38,2,41
42,8,35
41,1,43
38,14,23
18,13,2
39,15,18
62,8,46
34,12,23
20,0,26
25,9,6
26,4,20
48,3,43
39,9,34
48,8,36
44,22,16
7,11,3
16,4,17
46,21,8
39,15,13
58,3,51
61,7,43
30,7,3
61,16,31
15,0,17
61,12,34
2,4,6
41,9,33
37,14,29
35,10,4
22,1,22
57,16,32
46,11,33
11,9,6
43,19,14
30,6,30
49,11,34
38,3,40
56,10,36
50,15,34
0,5,4
55,9,41
26,4,17
18,10,5
40,11,33
9,5,10
24,1,31
36,12,29
39,19,24
63,4,46
7,7,7
15,12,1
59,20,27
25,6,7
45,21,20
56,21,24
16,2,16
40,14,7
57,20,26
15,4,11
25,3,26
11,6,11
33,10,20
5,7,8
41,11,33
27,4,30
38,18,26
39,4,39
29,6,21
39,11,34
39,15,17
43,17,1
28,1,37
42,12,30
51,14,35
58,19,26
42,2,45
46,7,39
1,1,11
62,1,50
56,15,35
14,7,13
55,10,38
58,20,25
42,19,22
15,7,9
14,7,12
24,4,11
14,4,10
37,4,38
39,10,32
19,6,7
48,13,33
56,16,30
36,5,36
53,23,21
38,1,43
37,13,21
37,12,12
20,5,11
34,10,7
53,10,37
30,12,1
39,14,31
27,9,5
40,14,6
28,6,8
4,13,0
60,20,23
28,5,10
15,10,4
61,16,28
59,3,50
8,10,4
43,21,23
21,0,32
37,4,40
29,6,30
55,14,34
37,13,6
44,21,24
55,4,43
22,5,9
42,17,10
28,5,26
41,15,8
45,20,27
5,8,4
40,11,29
38,14,12
21,1,22
54,6,42
27,5,13
8,12,3
49,17,33
57,4,46
26,7,5
46,13,31
21,1,24
11,9,5
58,13,33
58,23,21
38,10,30
40,8,35
49,2,44
50,18,32
23,10,4
60,19,24
19,13,3
7,17,0
46,19,28
3,10,1
45,9,34
63,20,24
33,9,11
37,12,2
27,10,6
52,18,27
32,9,22
36,13,21
45,20,3
32,10,10
24,4,12
48,21,28
19,11,6
52,4,43
44,2,45
35,13,27
27,7,6
61,7,45
41,17,18
9,9,5
51,18,28
35,9,34
45,0,45
17,0,21
55,9,42
63,23,21
59,6,40
39,16,21
62,23,18
46,4,42
10,11,7
62,6,42
60,21,27
12,4,10
37,13,10
38,13,5
34,9,7
17,6,13
55,15,34
57,17,31
48,17,32
7,8,4
40,10,34
13,11,3
16,13,1
36,15,26
45,10,35
6,3,11
25,7,6
40,16,22
60,13,33
48,23,24
32,10,22
44,10,32
49,23,1
7,12,3
14,13,2
26,5,23
22,7,6
33,14,11
57,22,21
47,19,29
22,7,7
61,9,38
54,17,28
32,9,14
41,16,12
43,13,29
20,0,22
61,20,24
41,21,23
16,0,17
51,22,23
62,8,47
61,20,27
27,9,6
38,18,25
33,10,11
43,19,27
18,3,13
63,19,24
18,5,11
58,8,39
61,13,31
34,9,6
30,8,15
6,10,4
40,17,14
39,14,12
18,13,1
58,11,35
47,11,35
12,13,3
6,4,10
41,16,13
40,20,23
28,6,27
58,12,33
58,10,41
59,15,33
16,2,19
34,11,22
35,5,35
42,6,38
17,7,7
27,6,6
33,9,5
1,7,3
10,0,17
24,3,27
29,7,15
7,8,5
29,8,3
42,1,48
0,0,15
54,15,31
28,4,33
28,6,28
43,20,26
15,3,16
6,12,3
49,21,29
63,9,41
45,21,18
58,18,29
57,8,40
34,12,10
38,6,40
46,21,6
11,12,4
45,7,36
63,4,49
21,0,25
62,17,30
53,13,35
48,22,0
39,11,35
28,7,26
38,6,35
24,0,36
36,7,36
36,12,4
24,0,34
27,7,4
52,23,24
39,17,23
57,19,24
29,11,0
59,17,29
47,22,1
59,20,24
11,15,1
43,2,44
44,4,41
11,14,3
59,13,32
14,1,15
45,11,33
8,4,10
27,4,9
33,9,7
4,2,10
32,2,37
62,23,23
23,1,14
53,15,32
55,13,35
46,14,32
50,19,28
41,20,25
29,9,0
36,11,29
42,1,44
49,13,34
38,15,22
57,8,42
39,18,24
30,0,40
11,4,13
14,5,9
63,9,40
22,7,9
37,12,33
4,4,9
20,0,16
21,8,7
32,7,34
56,10,40
55,5,43
59,9,38
43,11,36
63,10,43
23,12,2
20,0,20
46,23,11
35,14,5
58,17,31
42,13,31
14,3,12
58,8,40
43,19,20
33,11,1
36,8,35
36,14,25
24,5,12
46,18,30
7,6,6
47,21,24
39,10,33
47,11,32
62,22,24
46,22,23
58,11,36
38,9,33
33,5,38
17,8,9
13,2,15
35,12,22
52,16,32
36,11,13
54,10,38
3,7,2
45,20,26
60,22,25
54,9,41
39,8,36
12,2,13
39,15,3
54,13,34
21,0,28
41,4,39
60,10,36
35,8,35
10,13,3
59,22,23
30,6,32
62,16,27
16,6,8
60,2,48
28,9,1
46,12,34
32,10,3
43,9,33
25,3,15
23,1,16
0,3,7
42,17,28
34,10,15
35,6,36
31,8,21
23,1,32
41,17,9
12,5,10
42,18,11
59,21,23
47,19,27
21,5,14
31,8,19
42,17,18
31,7,5
39,9,32
38,18,27
11,9,8
15,1,16
57,5,45
42,2,42
62,9,43
44,1,44
38,15,21
30,10,1
57,14,33
10,4,13
4,3,8
63,21,24
35,15,28
42,17,17
37,4,39
46,6,40
14,0,16
33,2,40
11,5,12
40,9,36
18,7,8
56,11,35
49,7,38
45,2,47
34,11,27
0,10,0
25,0,38
26,4,31
47,9,36
61,13,32
45,7,37
55,18,30
43,18,20
30,8,3
62,9,44
7,6,8
51,16,32
7,1,14
32,1,40
18,11,4
18,9,4
42,17,7
44,18,9
49,15,34
38,19,25
16,11,6
46,22,5
52,17,29
52,9,39
58,7,45
10,4,12
36,13,19
9,17,0
37,5,38
27,8,5
26,6,8
61,23,20
40,18,27
12,9,6
41,16,29
18,11,5
34,10,14
57,12,36
20,6,13
38,17,24
38,14,22
62,11,39
32,4,35
28,5,7
18,9,5
3,2,9
61,12,33
46,11,38
43,2,43
41,16,7
5,0,14
45,21,25
23,3,14
18,9,9
14,0,20
47,23,8
48,1,46
16,2,17
7,12,2
30,7,22
46,13,30
5,12,2
56,9,39
32,8,15
55,7,41
25,6,6
42,19,26
28,5,11
36,12,3
22,7,8
43,2,45
36,12,23
62,23,21
63,12,35
27,5,31
42,12,33
19,2,14
55,14,31
57,19,30
63,7,47
41,9,34
10,8,7
45,21,13
21,7,13
56,11,39
63,15,29
57,20,29
60,13,35
37,18,26
36,6,34
43,5,38
24,3,17
43,1,44
26,3,31
62,10,40
40,16,28
24,3,10
44,5,40
55,1,50
63,18,29
59,16,29
40,5,38
17,6,8
50,9,37
41,9,36
48,5,40
21,9,9
42,12,29
42,3,41
59,14,30
10,8,9
22,1,28
57,23,21
40,14,31
35,12,25
39,0,47
58,3,45
45,9,35
62,2,49
55,13,34
36,9,31
45,20,7
55,15,33
60,6,44
15,9,9
60,17,30
28,6,7
28,5,31
28,2,35
34,11,15
30,7,30
11,6,9
45,10,32
63,1,50
10,10,6
52,14,35
42,19,15
44,21,14
34,11,30
52,4,44
27,5,30
55,11,35
53,23,22
34,13,4
32,9,0
56,18,30
20,0,24
12,5,11
17,8,5
21,1,17
22,6,8
63,2,50
63,11,38
53,2,45
41,16,1
14,5,10
41,11,30
14,10,4
9,5,12
37,6,34
60,0,50
43,23,23
15,7,12
39,16,14
63,7,43
63,1,51
42,5,40
48,14,33
9,6,10
26,5,17
39,18,23
33,13,9
38,20,24
40,18,22
28,4,32
20,10,5
39,16,20
17,4,15
58,5,42
32,4,36
46,20,27
22,9,6
44,19,0
29,6,32
58,19,28
56,12,35
29,9,1
17,10,5
56,13,33
39,15,0
2,4,5
46,22,6
35,11,2
59,4,46
18,10,8
49,18,30
46,2,43
23,2,19
54,8,41
43,3,44
39,7,36
21,3,14
7,14,2
37,12,8
50,4,42
38,4,37
28,0,38
46,9,38
44,0,45
16,12,3
16,9,4
41,20,22
30,9,2
42,9,34
60,15,34
30,11,2
22,13,1
33,10,0
32,9,7
3,3,9
44,22,23
41,16,0
21,5,11
43,11,33
26,10,0
31,9,25
40,17,16
38,9,32
19,13,1
25,2,32
55,5,42
22,1,26
8,2,13
47,23,23
39,1,43
37,16,25
23,2,20
28,6,12
27,4,33
42,10,32
58,9,41
32,10,20
44,8,36
46,22,10
59,3,46
29,6,31
59,4,50
51,8,40
47,1,46
36,13,17
54,0,50
22,0,27
49,9,38
62,4,45
15,8,11
40,11,31
16,8,11
5,3,12
23,6,7
37,6,40
44,19,2
32,13,11
30,6,31
53,12,35
48,20,26
62,9,40
17,13,3
46,22,12
35,11,0
44,2,44
60,3,45
63,10,44
19,5,9
39,3,40
13,3,13
50,3,44
25,3,18
25,1,36
45,21,4
31,0,41
58,18,26
44,20,20
17,9,4
31,8,17
46,9,34
31,7,7
57,0,49
37,13,5
56,17,33
21,6,13
46,5,41
44,8,35
56,23,22
40,16,0
56,15,32
45,6,39
33,9,30
6,8,4
47,0,47
17,11,5
22,1,30
18,0,16
49,6,40
20,7,10
34,1,40
56,7,40
32,5,35
58,21,23
40,15,5
44,0,47
25,3,28
17,11,4
63,15,30
39,15,10
37,10,30
21,0,30
59,6,42
14,5,13
35,12,14
29,7,18
38,13,10
28,6,21
31,0,39
4,5,7
41,14,32
42,8,34
56,13,35
39,14,7
57,17,28
22,5,10
31,8,12
45,20,28
25,5,20
25,4,26
28,9,0
58,19,31
15,8,12
38,8,32
35,12,9
46,22,3
39,12,30
47,13,34
35,10,14
20,6,15
29,12,0
58,0,50
23,1,26
61,8,38
38,7,35
16,2,13
19,5,14
34,7,35
40,14,2
42,5,39
41,5,39
42,18,3
0,4,4
42,17,20
16,7,12
33,1,40
43,18,13
62,18,25
5,12,1
38,19,26
41,11,32
12,14,0
35,14,26
5,0,15
35,8,32
33,10,18
42,17,6
21,10,3
62,22,22
57,7,45
52,21,25
23,6,8
58,23,19
45,3,42
40,3,41
44,10,35
58,8,41
24,2,18
43,6,37
25,4,9
16,5,10
42,11,32
16,10,4
24,7,5
63,19,28
28,7,5
51,18,31
43,19,12
17,9,5
61,23,21
43,19,3
24,6,7
35,5,37
15,10,3
24,9,6
26,3,27
45,17,30
33,11,23
55,10,37
62,18,27
15,7,8
59,2,49
0,4,5
60,14,31
43,4,40
5,7,5
5,2,11
36,12,13
56,19,30
32,14,9
56,17,27
12,14,3
57,22,27
34,10,27
4,0,15
4,6,9
20,13,2
19,14,3
16,10,7
51,16,34
47,7,37
18,2,13
0,1,15
12,7,9
53,8,41
42,14,29
40,16,2
32,14,11
38,14,16
41,8,33
60,11,35
37,14,23
4,1,12
4,14,0
16,1,15
35,7,35
34,10,5
23,2,18
48,10,34
45,21,12
59,15,30
62,13,31
39,3,42
52,19,27
51,13,36
46,21,4
20,10,3
43,22,23
6,5,8
30,8,24
33,4,39
33,10,1
62,23,19
60,4,45
60,1,49
46,8,37
45,22,12
42,18,13
48,22,1
10,16,0
18,1,17
62,19,27
53,11,36
26,4,8
60,23,22
63,13,32
38,13,6
61,7,46
2,0,12
20,3,12
47,23,24
38,13,2
42,3,42
7,2,13
43,18,17
62,14,31
36,16,25
58,18,32
49,23,0
33,9,6
15,8,5
54,18,27
51,22,25
51,15,35
16,7,11
41,5,38
61,14,31
33,9,9
47,23,7
35,11,19
53,14,34
59,21,27
2,7,1
10,10,7
40,19,15
35,16,26
42,6,36
3,3,10
11,7,9
34,10,31
16,1,17
1,7,0
1,8,2
35,16,27
16,3,13
7,4,10
53,16,31
13,6,9
25,3,10
5,3,11
8,0,16
35,13,5
29,5,34
42,10,33
37,13,14
15,3,12
35,2,41
29,5,31
16,3,15
10,11,2
62,15,32
39,8,34
61,14,35
44,18,19
27,5,19
39,13,30
27,4,29
32,8,3
52,2,46
35,13,26
35,0,45
41,15,2
51,21,25
60,5,42
57,17,30
25,11,5
62,0,51
31,7,3
49,10,34
42,22,23
32,8,0
35,11,1
53,7,40
51,19,27
29,9,2
36,17,25
44,2,47
25,9,5
23,11,0
13,6,10
20,4,12
20,15,0
51,11,37
53,9,38
15,2,15
14,12,1
43,18,6
25,9,3
11,13,3
45,8,38
22,0,28
55,18,27
40,15,3
28,6,14
34,10,13
39,12,29
57,13,34
46,3,42
57,1,48
48,11,33
22,3,12
46,0,45
59,22,21
41,10,33
52,15,32
48,6,40
62,6,47
46,10,37
53,8,39
25,4,21
54,10,37
22,2,24
27,6,22
42,20,21
17,7,11
26,11,5
42,13,30
36,13,25
17,10,8
50,4,44
32,8,12
34,11,0
45,19,18
49,15,33
58,11,34
53,20,25
34,5,35
11,10,4
13,13,1
40,16,13
33,10,10
51,21,24
40,20,22
41,21,24
40,18,15
55,19,26
17,5,13
62,7,42
29,0,40
35,11,7
38,3,39
27,4,31
43,18,27
21,1,18
39,2,42
31,7,29
47,19,28
19,8,8
35,12,5
55,4,44
31,7,9
42,7,35
18,8,9
51,4,42
3,2,10
37,13,2
3,5,6
18,9,3
28,7,24
26,4,16
35,12,28
30,5,32
48,22,3
32,10,25
35,15,26
37,18,25
60,14,34
17,0,20
63,22,22
27,4,16
34,11,17
29,7,13
30,7,4
41,17,27
36,7,33
27,2,36
59,0,51
29,9,3
56,15,34
29,5,30
52,23,21
35,12,27
58,7,46
26,5,11
36,17,26
39,0,45
41,2,43
38,16,28
6,5,7
28,5,27
14,8,6
3,9,1
26,4,21
41,8,34
7,10,3
53,4,43
42,18,5
22,0,29
32,10,23
22,2,21
10,11,3
11,10,5
62,23,24
50,11,36
18,11,3
60,7,39
45,10,34
22,6,10
42,0,46
37,5,39
25,8,7
54,8,42
20,7,8
44,5,38
32,10,4
28,11,0
39,14,11
47,3,42
58,2,46
47,12,32
34,10,16
48,21,26
18,10,6
13,1,15
9,6,9
40,1,46
9,5,9
9,2,15
4,0,14
56,5,43
41,17,1
58,15,32
56,20,25
56,23,24
22,2,23
50,11,35
50,8,39
52,19,26
57,8,39
59,18,27
48,2,45
44,12,31
35,3,41
41,17,0
33,11,18
57,7,42
42,17,29
54,11,36
24,2,28
40,11,35
47,7,39
49,11,35
35,16,28
13,7,7
14,6,9
40,14,8
40,9,35
39,10,36
63,14,32
45,9,36
18,11,1
48,16,33
55,16,29
62,22,21
55,0,51
37,14,18
19,11,0
32,9,18
61,17,29
45,19,27
48,2,44
10,4,10
63,18,30
25,4,18
18,10,9
27,3,32
12,6,11
15,0,16
33,7,33
29,6,5
54,21,23
45,14,31
40,7,40
34,8,34
11,11,6
35,11,3
41,16,11
27,12,0
9,7,10
36,12,0
59,15,29
25,4,8
20,12,2
9,9,4
62,5,47
11,5,9
31,4,36
35,12,16
46,21,26
11,7,10
41,15,10
46,13,35
36,8,34
12,4,14
48,22,24
62,8,42
40,16,4
38,8,35
30,4,35
62,2,48
34,11,1
60,5,43
47,22,27
22,13,2
39,15,5
6,14,1
43,17,0
39,18,27
57,20,23
63,16,29
38,13,11
21,9,8
44,20,17
48,0,46
29,7,27
47,7,42
54,13,35
56,10,38
39,6,35
5,15,0
61,3,47
8,6,8
30,1,38
32,9,27
21,2,13
58,10,37
16,7,6
49,8,38
23,2,23
63,15,28
35,11,12
36,11,7
48,21,27
34,7,34
60,22,22
56,8,40
40,16,5
28,7,3
55,1,49
35,14,4
30,2,36
33,10,2
23,13,2
41,7,36
52,1,48
51,23,21
42,20,24
24,10,3
51,15,33
39,15,14
17,1,15
35,10,6
52,10,38
19,0,20
16,14,0
20,0,27
54,8,39
37,14,17
41,12,34
2,5,5
36,6,38
29,3,35
30,8,9
27,10,2
25,9,2
46,15,31
32,10,5
16,7,9
18,12,1
59,5,47
16,12,4
26,10,2
40,14,5
7,4,12
42,17,3
62,16,32
26,4,29
49,8,37
41,18,17
49,3,43
41,16,8
57,17,29
63,18,27
5,11,1
61,11,34
18,3,16
38,14,18
39,9,35
41,15,6
39,6,36
38,16,16
16,6,9
37,12,10
46,9,37
12,11,3
35,5,36
47,15,32
24,12,0
30,8,20
50,1,46
50,6,40
35,11,27
44,13,29
59,18,30
31,8,20
2,9,0
45,18,29
27,11,1
13,4,11
9,10,4
27,9,3
25,4,13
39,17,27
47,10,35
54,19,29
28,10,0
34,8,32
37,14,20
35,12,10
45,21,5
53,11,38
50,16,34
15,11,3
60,22,20
25,0,37
30,8,2
13,9,4
47,8,39
61,9,44
36,13,18
10,6,10
51,6,41
9,4,12
25,3,31
54,11,37
30,7,12
19,11,3
42,16,10
46,0,46
23,1,30
35,3,39
33,9,28
27,9,1
57,20,24
61,7,42
37,13,3
22,8,6
34,10,2
63,9,43
1,2,10
63,16,31
1,6,3
4,8,3
59,18,25
26,8,4
14,7,8
42,19,16
53,16,29
57,12,34
35,12,20
33,5,35
34,10,21
32,9,11
54,9,37
50,2,46
40,13,32
58,15,33
33,10,29
57,16,31
62,8,45
51,23,25
16,5,9
58,10,36
23,4,9
6,0,17
2,2,11
1,4,5
30,8,16
44,1,46
35,9,33
42,19,25
42,18,16
25,2,31
26,12,2
49,21,26
50,6,41
12,9,5
52,9,38
26,13,0
33,9,17
61,14,32
49,23,24
54,15,33
59,15,34
25,7,5
56,13,34
61,10,36
25,9,7
24,9,4
57,11,35
20,14,0
40,1,45
28,10,1
20,6,10
53,12,36
45,4,40
11,4,11
13,7,10
16,11,2
47,11,33
28,5,29
33,9,13
43,4,39
53,17,30
47,22,6
31,6,34
47,21,28
19,6,8
63,12,36
62,14,33
5,5,6
42,16,8
48,23,1
32,9,5
38,15,17
10,13,2
39,15,4
39,11,30
16,1,19
57,7,40
35,10,9
30,7,15
4,6,5
39,15,11
25,13,2
45,8,36
40,15,17
10,14,2
30,0,39
17,9,3
21,0,21
51,21,26
31,9,1
23,3,13
42,18,19
34,0,43
41,16,4
36,6,36
47,22,7
25,4,10
47,7,38
34,2,41
24,2,32
32,9,8
29,6,25
39,1,44
54,15,32
36,11,1
59,23,20
39,5,38
43,18,0
28,6,26
39,14,18
58,6,44
44,20,21
41,16,19
46,21,24
33,11,9
51,18,29
61,23,19
15,2,13
51,20,27
53,8,40
62,12,32
49,16,33
41,10,35
63,5,49
36,13,11
17,6,9
4,10,1
40,0,45
29,11,2
54,20,25
59,15,35
42,21,25
11,10,3
45,4,42
49,20,30
56,2,47
58,22,22
50,20,27
34,10,20
5,1,13
46,11,35
35,11,15
13,0,17
20,13,3
22,4,10
35,2,40
49,18,31
23,2,28
50,9,39
4,5,6
24,3,26
39,15,22
37,8,34
38,2,42
29,7,22
60,11,36
62,7,45
25,4,24
16,12,2
39,17,15
30,5,34
60,14,32
51,1,47
54,19,25
29,7,28
52,11,36
59,21,24
43,16,29
22,1,23
56,13,38
63,4,48
23,2,27
57,10,39
31,8,9
53,3,45
33,9,2
55,14,33
57,6,46
42,21,26
22,2,26
18,6,14
1,3,6
36,10,34
43,5,41
50,14,34
38,16,29
12,1,14
23,11,1
51,6,42
58,23,20
30,7,18
62,9,42
11,7,8
15,2,18
41,18,28
18,6,8
31,9,0
22,1,18
52,0,47
62,20,24
47,22,9
32,0,42
54,13,37
54,15,30
42,14,31
42,7,37
29,7,16
42,21,15
22,2,20
54,10,39
49,20,28
35,6,34
32,9,21
23,3,19
36,18,26
63,5,48
56,18,28
25,2,34
8,17,0
32,12,10
23,1,28
28,6,20
15,10,5
43,22,26
58,18,30
56,2,46
43,17,10
28,5,18
20,3,14
58,17,29
22,9,7
15,2,19
4,1,17
62,3,47
36,12,7
35,3,42
54,4,43
58,16,31
33,11,24
23,1,27
15,6,11
19,0,17
58,16,34
61,22,24
33,15,10
8,8,5
62,16,28
30,7,25
5,11,2
42,18,15
15,2,14
57,23,23
45,0,46
35,10,2
54,0,49
15,9,6
37,10,34
49,20,27
22,1,20
40,9,32
57,14,35
27,6,24
21,7,8
47,15,33
36,10,33
5,4,8
16,4,16
44,3,43
21,1,26
15,7,11
34,12,4
12,5,12
44,12,34
43,20,16
39,14,9
47,22,5
21,1,25
56,7,41
28,1,36
61,21,22
57,22,23
11,10,6
46,6,41
40,3,40
38,7,37
54,23,20
45,12,33
14,8,8
59,1,47
54,3,44
44,20,2
57,3,45
56,19,29
17,12,0
36,18,25
27,10,1
27,5,7
46,6,39
61,6,43
58,17,32
36,12,1
45,15,30
58,2,51
36,12,8
38,9,31
29,7,20
48,9,37
27,6,7
30,8,1
7,2,12
44,19,7
16,3,19
11,4,12
60,13,32
19,11,1
41,18,27
47,1,45
38,5,38
37,19,25
38,7,36
62,0,53
13,7,8
20,9,6
43,20,15
62,16,33
32,9,16
30,6,8
36,13,29
14,0,17
62,5,49
15,9,5
26,9,4
52,20,25
47,9,35
19,2,15
48,6,39
37,3,38
36,11,2
21,6,14
60,9,37
42,18,28
24,2,17
24,3,14
12,6,8
6,7,5
46,21,9
58,21,24
7,6,7
32,11,4
10,1,15
18,1,15
12,3,14
53,13,38
13,9,8
29,1,39
17,12,2
12,5,13
55,13,33
25,13,1
25,5,15
25,10,0
9,8,8
34,10,19
52,22,24
29,8,4
53,12,34
48,19,28
21,11,0
60,23,21
30,13,1
34,0,45
25,4,25
31,9,20
27,5,22
29,7,3
5,4,7
35,12,24
37,7,34
25,1,34
46,0,47
27,7,5
63,6,48
24,10,2
20,5,9
42,9,33
52,5,42
59,2,50
9,16,2
45,20,17
61,17,28
20,0,25
58,16,29
30,7,6
53,21,24
58,0,51
57,21,26
44,21,23
40,15,14
31,8,10
9,7,8
58,1,51
8,9,5
41,16,5
21,0,19
31,2,37
43,18,2
40,15,1
55,23,20
32,2,40
29,4,33
57,8,41
41,19,26
23,4,12
20,2,15
21,0,23
20,9,4
15,1,20
43,4,42
53,13,33
22,8,9
42,11,33
5,14,0
3,14,0
57,13,35
20,6,11
45,20,8
9,2,13
55,21,24
42,18,14
58,19,24
30,7,9
27,0,39
36,16,28
36,12,21
44,20,5
63,22,24
53,3,44
33,8,32
38,13,8
62,14,32
5,9,2
24,2,12
44,20,11
35,11,11
29,2,36
42,3,44
10,15,2
46,13,34
62,4,47
43,22,24
22,0,32
34,9,35
9,14,2
49,19,29
41,17,2
41,14,29
41,10,32
16,3,14
47,22,3
34,11,23
55,9,39
44,23,15
37,12,6
42,21,24
29,7,12
18,7,12
27,4,14
6,6,8
23,0,32
56,3,44
46,7,41
44,7,38
26,0,39
8,9,4
38,6,37
30,7,7
57,10,41
45,5,39
39,14,0
18,10,2
20,12,1
62,23,22
21,2,14
42,2,43
20,1,15
41,8,35
30,7,14
34,10,0
3,11,0
41,3,42
38,14,9
57,15,31
21,1,16
40,16,19
8,1,14
12,13,2
24,5,11
37,12,1
37,12,14
43,3,41
18,0,17
26,4,30
29,6,24
34,6,34
57,22,24
60,12,34
63,22,20
40,7,35
36,13,23
59,5,42
3,2,11
50,22,24
52,15,31
32,8,1
24,5,9
57,5,42
56,18,29
40,15,20
62,9,37
12,3,12
59,19,25
47,22,10
39,2,44
34,13,5
43,23,22
58,3,50
32,8,28
45,20,6
42,3,45
18,10,7
35,10,33
35,11,25
16,7,8
40,16,12
62,3,49
45,21,3
9,11,2
42,8,36
51,9,38
28,6,6
47,0,46
25,12,0
40,8,36
20,9,5
29,7,21
43,19,5
6,10,3
54,21,24
35,11,5
49,19,28
36,12,22
4,5,5
30,8,10
51,20,28
56,9,40
52,22,22
26,4,9
46,22,2
53,0,48
0,7,2
39,15,29
22,2,19
57,21,23
5,6,6
41,13,33
34,4,36
13,8,8
62,8,43
9,4,10
45,21,7
53,10,38
44,19,1
22,1,19
60,19,28
55,15,35
44,14,29
1,5,4
44,19,27
3,0,13
59,2,51
29,4,35
50,20,26
33,3,39
26,5,24
39,14,14
45,12,30
61,7,41
60,19,26
60,4,44
42,22,24
61,22,23
33,9,29
44,20,6
36,13,20
46,8,36
31,8,29
56,11,40
27,5,18
57,11,36
61,1,50
44,9,34
17,1,16
50,0,47
18,9,8
37,20,25
47,23,4
17,15,0
8,16,1
24,3,24
39,1,46
61,18,28
40,12,32
19,9,9
35,12,12
33,11,29
63,2,48
34,10,25
39,10,30
5,6,9
58,8,42
51,16,31
10,12,6
22,2,15
37,0,42
22,6,7
45,21,26
13,7,9
28,9,2
33,9,12
28,7,4
45,3,43
58,4,46
44,2,46
30,6,5
58,17,30
22,4,12
40,16,17
54,20,24
44,9,36
41,13,32
19,7,7
32,10,17
15,0,18
22,1,29
45,19,26
14,6,12
21,1,19
24,8,7
12,4,11
28,9,6
59,0,49
37,14,16
23,1,34
3,10,0
28,5,16
55,17,34
2,8,2
15,12,0
54,14,32
34,11,18
18,3,15
29,8,22
26,3,30
32,11,3
42,21,22
56,17,28
41,18,16
30,10,2
57,9,42
61,5,43
61,12,35
0,3,5
46,11,32
37,12,15
32,2,39
23,8,6
20,14,2
35,4,37
46,5,39
36,11,12
4,4,7
33,10,26
27,11,0
37,6,38
49,21,25
57,9,38
21,11,2
43,18,28
26,0,37
43,12,30
51,2,45
47,7,41
25,8,8
63,14,33
62,3,48
3,0,17
28,5,14
43,3,46
5,5,7
35,6,35
26,3,33
8,13,2
40,20,24
41,6,38
33,8,6
11,17,0
49,12,34
44,20,9
50,23,24
28,11,2
63,21,21
26,4,18
62,4,48
18,5,10
25,8,6
63,18,25
59,19,30
18,7,6
4,3,10
33,9,3
36,12,19
46,21,5
61,13,34
14,3,14
59,6,41
10,6,8
37,12,5
41,17,13
56,14,34
25,3,29
19,8,9
23,10,5
52,16,31
36,13,22
48,23,5
45,20,4
59,3,51
37,12,11
60,18,28
34,0,42
11,7,7
38,9,34
44,18,27
37,13,0
58,18,27
59,20,29
60,13,34
37,12,9
25,3,24
30,2,38
31,8,8
22,1,21
61,18,25
19,3,12
18,7,9
12,0,17
10,2,13
50,5,42
52,14,34
33,9,18
21,1,20
20,0,23
27,6,19
30,8,19
63,15,31
40,12,34
49,21,28
20,5,14
47,11,34
40,12,31
56,23,20
25,10,6
61,19,28
43,17,9
63,22,21
17,6,14
36,13,3
44,19,21
36,1,43
41,5,37
51,5,43
41,17,22
21,3,15
48,3,44
34,4,37
30,3,35
23,9,3
29,13,2
45,10,33
32,9,15
18,3,12
11,8,8
36,12,15
25,5,19
5,4,9
62,5,44
42,21,23
20,5,15
26,11,1
27,4,28
38,8,33
49,17,32
28,6,23
43,3,45
31,1,38
19,2,13
16,13,3
37,2,40
41,1,44
17,7,9
51,18,30
41,17,16
17,1,17
24,3,16
41,10,31
44,19,17
16,9,7
14,9,5
4,4,8
31,5,34
27,6,20
29,7,4
7,16,0
61,22,22
32,9,4
63,8,40
13,12,1
36,11,4
38,0,44
35,10,7
36,0,43
44,11,35
41,16,9
49,4,42
62,18,29
23,2,12
35,11,21
42,16,28
46,23,22
47,22,28
16,3,12
33,11,22
0,8,1
41,15,9
56,8,42
26,4,28
19,8,6
57,18,28
35,7,33
57,13,32
30,8,0
45,22,11
22,9,3
59,16,30
63,8,42
31,5,33
57,11,37
61,19,25
22,1,17
12,12,3
26,6,6
12,9,4
3,4,7
38,14,17
5,7,3
15,7,10
12,7,11
45,16,29
40,15,31
57,6,41
36,10,30
49,2,45
46,12,35
4,0,16
61,17,26
29,6,14
49,9,37
57,12,37
40,6,40
41,20,24
25,3,16
35,12,29
55,10,36
56,12,37
58,0,48
32,9,26
27,4,13
36,8,32
43,0,48
45,9,38
39,13,7
14,8,7
39,10,31
19,5,10
29,5,32
24,3,22
4,8,2
47,11,36
14,5,11
38,20,26
39,3,43
6,7,6
42,18,27
2,3,8
42,11,31
49,0,46
59,11,34
32,7,32
24,2,15
23,5,8
47,3,43
30,7,17
35,11,10
36,8,33
49,10,36
63,6,44
13,2,14
9,1,16
56,14,37
37,5,36
10,4,11
61,0,53
14,0,19
49,22,25
35,9,31
25,2,33
39,7,37
7,13,2
19,7,6
23,0,35
24,3,21
14,6,14
22,2,14
50,3,43
40,17,15
17,7,10
26,4,14
44,22,14
57,22,22
35,9,35
22,2,27
46,11,39
26,1,37
37,17,25
8,4,11
35,11,24
59,17,31
6,17,0
35,0,44
58,22,25
0,2,10
31,9,22
18,10,4
56,3,45
57,19,29
55,12,38
13,4,13
32,8,8
49,1,45
51,3,44
33,9,14
10,11,5
38,11,29
60,18,25
23,1,17
28,1,38
40,15,13
38,13,14
50,23,23
38,13,12
14,1,19
28,5,15
43,23,21
62,6,48
20,8,9
39,4,40
61,4,47
46,9,35
24,4,13
44,18,0
58,5,46
36,17,28
33,6,34
62,21,21
32,2,38
12,8,8
45,21,8
35,12,21
46,22,11
43,23,24
16,12,0
34,9,8
28,6,29
21,8,5
55,14,35
11,12,3
35,13,28
24,2,16
42,22,22
21,0,22
58,4,43
4,1,13
59,23,23
38,21,25
42,18,26
55,6,41
10,1,16
24,2,24
47,21,26
41,4,40
63,23,24
54,17,29
17,11,3
59,23,19
59,15,32
49,19,30
12,10,5
19,6,9
31,8,5
25,4,15
57,8,38
37,13,7
59,10,35
15,12,2
33,10,19
45,13,30
63,3,48
38,13,3
39,3,44
13,6,8
39,18,26
28,7,6
50,14,35
2,0,11
12,10,8
62,17,26
61,21,23
60,21,25
39,17,17
6,9,4
5,9,3
45,1,47
60,22,24
15,4,12
56,17,34
44,20,7
27,4,17
