26,15,11
39,21,19
7,19,19
21,11,3
38,21,20
39,22,35
26,14,7
4,21,24
38,21,8
9,19,15
25,15,35
35,20,15
40,20,0
12,18,32
26,15,8
30,18,12
33,18,14
32,18,34
8,15,2
31,19,16
2,20,19
32,18,13
27,15,7
23,13,18
38,21,12
6,22,30
15,16,28
10,16,9
32,17,0
40,21,6
18,15,35
16,16,30
31,17,3
22,13,29
41,22,15
7,19,23
32,18,32
10,16,10
3,20,16
29,18,28
34,20,20
41,23,29
26,15,20
11,18,27
30,18,29
16,14,17
4,16,10
42,23,15
4,19,16
23,14,21
11,14,0
8,18,20
18,15,31
41,22,24
10,15,5
5,20,23
21,11,4
31,18,8
10,15,1
28,17,12
9,19,21
27,16,29
30,18,23
36,20,22
19,15,34
34,18,5
6,18,12
18,15,30
17,15,29
10,15,2
21,13,11
18,12,8
7,17,13
43,22,4
29,15,2
25,15,30
10,19,26
3,17,6
16,13,6
19,14,22
42,23,26
11,18,25
39,20,1
45,23,4
11,19,27
27,17,32
34,19,5
33,19,25
36,21,31
37,20,11
26,15,31
26,14,4
3,16,8
14,15,13
6,16,5
28,17,9
10,15,0
11,15,2
13,15,16
37,19,1
33,19,19
26,16,34
7,16,9
9,16,8
36,21,29
37,21,23
30,17,19
7,22,32
21,12,13
0,20,20
22,12,6
26,15,13
36,20,26
41,22,12
39,21,35
26,16,20
6,18,16
6,17,4
26,14,2
19,14,24
35,19,8
22,13,20
3,21,22
38,21,33
16,13,13
28,17,34
36,21,21
24,15,34
0,20,0
12,16,15
30,17,28
25,15,22
6,22,35
14,18,35
21,13,22
33,19,11
5,22,31
24,12,0
33,19,15
3,18,13
19,11,1
2,23,27
10,17,16
14,16,20
31,17,14
32,18,35
25,15,28
45,23,1
2,18,8
41,22,34
6,20,19
17,12,0
28,16,2
36,20,20
10,20,32
4,22,31
0,20,1
37,20,12
32,18,26
19,13,27
22,13,3
27,17,0
13,14,9
1,21,21
4,22,28
1,21,23
0,19,4
38,22,22
9,20,16
30,18,24
30,17,4
27,17,28
29,16,1
39,21,14
36,20,8
14,18,25
0,23,28
32,17,10
23,12,4
36,20,18
36,20,27
33,17,0
10,17,19
13,13,5
7,19,18
4,20,20
36,19,7
0,17,10
10,19,25
19,14,25
9,19,19
28,16,15
38,22,21
17,15,27
14,17,26
12,17,14
0,18,13
26,16,14
16,15,17
10,19,15
1,18,14
38,22,26
34,18,0
14,17,28
24,14,12
7,15,8
1,23,28
8,17,10
18,13,13
28,15,7
7,15,6
27,16,12
23,14,34
40,22,11
41,23,21
0,18,4
30,17,34
17,15,31
20,14,31
19,12,14
34,20,32
8,18,13
27,16,3
12,19,30
9,17,14
6,22,32
0,17,11
17,15,22
14,17,33
40,21,11
24,15,26
2,17,7
16,16,31
38,22,27
27,16,20
35,19,6
37,21,10
28,16,31
38,21,35
22,14,31
36,21,23
18,14,27
21,11,5
37,21,16
4,18,12
12,17,22
41,22,0
9,19,22
20,12,17
29,17,11
20,13,25
25,15,11
28,17,15
12,18,26
25,14,14
20,12,18
32,17,4
16,13,7
32,18,11
2,23,30
16,15,25
11,19,33
26,15,32
15,15,21
31,18,16
9,20,32
40,22,33
43,23,0
29,16,10
6,21,26
5,18,1
2,23,31
39,21,3
29,16,2
10,20,29
35,19,3
6,20,25
13,14,4
40,22,32
4,21,26
20,13,27
28,17,17
31,17,9
2,18,5
40,21,2
14,13,3
28,16,1
7,20,28
35,19,19
8,21,34
13,17,24
2,19,0
3,23,29
43,23,28
30,17,15
9,18,18
43,23,8
22,13,5
7,22,31
27,15,10
32,18,25
11,17,19
17,13,16
25,13,0
4,18,3
29,17,8
9,15,5
26,13,0
27,16,2
32,18,8
18,15,34
22,13,31
7,16,0
3,17,7
24,15,20
23,13,16
29,17,30
18,12,6
36,20,15
32,18,33
42,23,5
38,20,5
24,14,4
5,23,33
28,17,27
25,14,12
15,15,24
14,15,17
3,18,1
25,14,3
21,14,34
12,19,31
36,20,16
3,17,4
11,16,13
20,14,34
41,23,26
26,15,3
28,17,7
36,21,18
27,16,4
20,14,27
30,18,33
39,22,30
28,17,21
31,18,6
11,14,7
11,15,3
11,16,16
10,20,35
30,17,20
43,23,34
10,17,15
42,23,20
39,20,4
4,23,32
13,16,21
35,20,24
4,16,8
17,15,25
20,12,15
9,20,15
21,12,1
29,16,6
42,23,14
19,12,16
2,20,17
13,18,25
1,18,6
3,19,1
5,20,24
30,17,30
7,19,16
20,12,4
22,13,17
27,16,33
18,14,22
38,21,9
19,13,21
37,19,2
6,16,8
16,16,27
37,20,22
13,15,15
38,21,6
36,21,34
27,15,16
6,15,6
24,14,34
10,21,35
35,20,30
9,18,20
15,17,29
25,16,25
16,12,4
29,16,5
15,17,31
36,20,7
34,19,28
31,18,21
27,16,34
8,19,21
30,18,35
34,19,11
6,18,15
35,20,31
0,19,5
3,23,32
8,21,33
41,23,30
1,17,6
25,14,2
43,23,3
42,23,9
10,14,6
6,21,25
4,18,14
3,22,27
12,16,19
7,20,21
28,17,10
19,15,33
20,11,10
2,20,20
10,17,17
23,14,24
37,20,14
26,15,17
26,15,18
39,20,3
27,16,35
19,12,12
2,18,3
25,16,6
5,16,4
26,16,21
34,19,14
31,18,29
7,20,27
21,12,17
0,23,27
11,15,8
2,18,14
31,18,27
31,17,5
7,21,29
21,14,31
12,14,5
11,16,10
9,14,6
30,16,2
24,13,1
1,19,1
23,14,17
6,20,24
5,18,3
19,11,2
14,14,8
44,23,10
41,23,11
19,14,30
22,14,28
1,19,5
29,17,12
31,16,0
24,13,4
40,23,25
16,14,8
16,17,33
23,14,18
23,14,28
19,11,11
1,19,2
3,21,23
10,17,18
8,19,26
10,19,16
22,13,10
19,14,21
22,14,23
1,19,4
24,14,9
18,13,12
1,18,8
3,20,19
9,21,34
23,14,33
18,13,15
2,17,8
42,23,22
14,15,11
42,23,6
22,13,26
13,16,22
17,13,18
44,23,12
11,16,14
27,16,17
20,11,1
31,17,17
39,21,21
16,13,8
26,15,9
41,22,13
26,15,7
1,17,12
29,17,14
37,21,35
10,14,4
42,22,0
3,19,0
25,15,21
18,11,2
1,23,27
1,22,23
5,20,20
41,21,0
17,13,10
34,19,12
33,19,30
35,20,29
22,14,34
32,17,6
3,19,16
3,18,12
16,15,21
30,16,3
2,19,3
1,19,16
28,17,30
14,13,6
9,20,33
38,21,29
27,15,9
18,13,11
1,17,13
39,23,33
11,18,23
7,17,10
3,18,4
29,17,29
22,13,24
5,21,27
1,18,5
28,17,23
6,22,29
32,17,5
15,16,22
23,13,2
15,16,27
25,14,11
4,17,1
16,13,11
16,15,18
6,20,26
28,17,28
40,22,31
32,19,18
35,20,21
6,20,23
13,16,17
19,13,19
11,17,13
41,22,19
20,12,20
36,19,4
5,17,10
27,16,7
10,17,20
0,22,23
12,16,12
24,14,35
30,16,8
19,13,18
25,14,0
38,22,30
19,11,12
15,16,24
9,18,15
10,18,25
39,22,3
43,23,35
25,16,7
11,15,4
34,19,24
21,13,27
0,17,8
7,22,35
2,20,16
30,17,9
15,13,2
33,19,9
38,21,30
11,17,18
31,17,1
16,13,0
3,18,0
37,21,34
17,16,35
5,18,2
8,21,29
15,17,34
10,17,13
7,20,23
28,16,5
25,15,8
10,19,24
38,22,25
9,17,13
12,15,7
35,20,18
5,19,17
33,18,8
38,22,23
4,18,13
41,23,32
39,22,27
2,23,28
13,13,3
27,14,2
5,18,0
30,17,6
35,20,33
8,14,6
29,17,13
15,15,17
34,19,16
36,21,33
10,19,22
26,16,7
18,15,27
9,17,0
14,15,12
30,17,13
31,17,6
30,17,33
29,18,25
28,16,32
18,13,9
6,16,6
37,21,27
35,20,35
36,18,0
39,22,15
38,21,31
43,22,3
38,21,21
31,18,34
21,13,28
24,14,21
23,13,1
13,17,25
40,23,22
3,18,14
4,22,29
1,21,22
14,14,11
32,18,20
14,16,24
4,16,9
13,15,11
19,13,17
34,19,9
27,15,13
29,18,30
33,19,26
10,20,17
22,13,11
17,16,30
20,11,12
43,23,21
38,21,26
12,17,18
28,16,14
38,20,6
5,20,18
34,18,6
39,21,10
4,16,7
38,20,11
31,16,1
34,19,7
23,13,11
1,17,9
9,18,14
19,15,30
3,20,18
7,17,1
4,21,21
0,17,13
0,21,23
35,19,17
43,23,30
41,22,27
2,22,26
38,20,7
15,13,1
17,12,6
12,17,19
4,17,2
15,16,30
2,22,28
22,14,21
27,15,12
34,19,29
27,17,31
7,16,5
31,16,2
1,20,17
9,15,7
35,19,15
19,11,9
13,16,19
36,21,30
15,16,21
36,20,6
11,15,9
21,13,16
30,17,11
45,23,5
37,21,9
3,19,15
4,17,3
22,14,33
42,23,4
6,19,20
33,18,5
8,16,0
34,19,30
34,19,31
15,15,16
34,19,21
38,21,27
11,17,22
14,15,16
36,20,11
28,16,0
24,15,31
5,19,15
39,21,7
29,16,8
3,21,21
17,14,15
16,15,29
25,15,32
10,18,22
26,15,6
31,18,33
9,18,16
14,18,24
34,18,9
41,21,2
43,23,6
15,17,35
15,16,31
5,22,33
36,19,3
37,21,18
27,17,15
30,17,35
38,21,22
13,16,13
8,18,18
19,12,11
29,17,9
28,16,12
18,12,3
32,18,28
30,18,18
8,17,13
43,23,1
18,12,12
33,19,21
8,16,3
16,13,4
16,12,3
27,15,1
43,23,9
9,15,3
22,14,32
20,11,0
34,18,1
8,18,17
44,23,4
13,14,7
10,21,34
20,11,11
43,22,2
8,15,6
25,14,15
20,12,9
30,18,17
28,15,6
4,17,10
9,19,23
7,17,12
36,19,12
37,21,13
34,20,35
1,23,26
6,19,21
5,23,34
31,18,30
5,19,18
37,20,20
33,19,29
3,23,31
18,12,0
34,19,4
41,22,18
42,22,6
13,13,1
8,20,29
12,19,33
42,22,10
39,22,34
30,17,5
27,14,0
0,20,19
29,17,15
16,14,11
5,22,28
28,17,35
6,20,21
21,14,33
5,21,28
4,18,2
36,19,6
36,20,4
10,16,11
13,13,4
22,13,16
13,15,12
39,21,12
25,15,20
29,18,17
9,19,16
4,23,31
28,16,3
2,22,27
15,15,20
32,18,14
11,17,16
19,15,31
34,20,24
13,17,21
42,23,21
15,15,12
15,18,34
2,20,18
20,12,8
8,20,24
41,22,28
26,14,5
29,17,32
40,23,24
31,18,9
25,14,10
35,20,27
41,23,13
22,14,26
43,23,16
12,19,35
25,14,13
0,23,29
31,18,10
41,22,6
11,14,5
14,18,27
28,16,23
37,20,33
35,19,10
2,16,9
43,23,23
25,14,5
37,20,13
24,14,17
41,23,35
42,23,8
23,14,22
36,20,30
42,23,18
19,12,8
18,14,23
31,18,31
36,20,21
6,17,11
45,23,3
3,20,21
20,13,20
40,21,4
38,21,25
1,18,4
11,20,33
2,22,24
2,21,21
22,12,3
13,16,18
29,16,13
31,17,2
21,13,20
22,14,27
43,23,2
28,16,19
2,21,20
39,22,10
39,21,6
6,15,8
28,16,13
8,20,27
37,20,32
39,22,13
36,21,32
9,17,10
26,14,8
23,14,9
9,17,11
26,16,31
34,19,15
34,20,26
26,15,4
28,16,30
37,19,4
27,15,11
33,18,11
40,22,17
12,18,25
19,14,26
35,19,4
5,19,16
30,17,21
40,22,24
24,14,22
43,23,4
39,22,18
25,15,26
26,16,23
42,22,1
22,13,30
29,17,24
43,23,5
42,23,7
40,22,19
19,11,0
38,22,29
34,19,19
2,19,15
40,21,8
24,13,6
38,21,16
32,19,30
35,19,22
16,16,34
29,18,14
11,18,21
33,19,13
24,15,19
39,22,11
31,19,24
31,18,28
42,22,4
0,19,17
43,23,32
14,18,32
30,18,31
10,14,3
10,17,12
33,19,35
38,19,0
10,19,30
27,15,4
35,19,11
40,22,27
7,21,30
13,16,24
16,16,26
42,23,27
5,18,12
5,23,35
25,14,8
12,15,8
3,22,25
33,18,10
25,15,24
41,21,1
35,19,2
5,22,30
44,23,8
2,16,10
5,17,0
15,14,10
23,14,23
24,15,17
6,17,13
22,13,33
21,12,16
26,15,22
7,21,28
8,17,3
33,18,16
43,22,1
23,13,10
14,12,3
23,14,32
41,23,25
16,13,10
9,14,7
17,14,24
0,17,7
17,14,14
3,21,25
29,17,5
36,20,13
18,14,28
11,17,24
11,14,6
5,21,26
9,16,1
16,17,32
35,20,14
37,21,17
10,14,5
20,11,5
5,20,22
36,21,27
31,19,20
13,17,29
2,18,2
29,17,26
16,13,12
14,16,15
41,23,18
14,13,5
34,19,22
11,20,32
39,21,23
20,13,21
27,16,32
42,23,33
31,18,11
23,14,11
36,20,17
18,14,20
24,14,8
5,15,7
13,18,28
34,19,27
5,21,24
14,18,31
27,16,16
41,23,28
16,15,23
26,16,32
36,20,28
41,23,17
17,14,16
10,17,1
5,20,21
2,19,2
20,12,16
35,18,2
10,18,21
12,16,13
3,17,10
29,17,20
10,17,14
18,12,4
35,20,13
39,22,26
11,18,19
8,16,5
36,19,5
20,14,28
20,13,23
14,16,21
26,16,11
5,17,2
27,16,11
24,14,28
18,16,35
3,22,29
41,22,4
31,17,7
26,14,1
17,13,0
35,19,33
37,21,32
31,19,23
39,22,9
16,12,1
18,12,14
35,20,23
25,13,2
2,18,15
5,20,19
42,22,8
8,19,17
24,14,19
18,14,25
12,14,8
10,18,18
14,14,7
26,15,26
38,22,18
2,22,23
18,14,30
6,18,13
35,20,17
40,21,5
38,20,4
4,16,5
40,22,5
9,15,4
32,18,17
10,19,31
34,19,17
28,16,27
33,19,24
26,15,5
0,21,20
44,23,7
22,14,22
17,16,32
25,14,6
21,14,35
12,18,30
23,14,25
10,20,34
4,17,4
26,15,12
21,12,15
17,17,35
10,15,3
16,12,2
37,20,35
20,13,24
32,18,9
39,21,2
35,19,16
23,14,13
34,19,26
18,12,7
31,18,13
20,13,31
25,16,24
7,20,29
9,18,0
17,15,30
3,18,6
9,16,2
32,19,32
27,16,19
33,19,14
24,13,8
7,15,5
2,19,18
17,14,23
33,19,27
38,22,28
22,13,28
37,20,34
2,19,17
5,17,5
5,19,19
42,23,34
0,19,15
39,20,0
41,23,31
33,18,1
23,14,15
22,14,25
32,19,33
43,23,20
41,22,32
9,20,28
7,16,2
26,15,14
4,21,27
11,16,17
0,20,18
6,18,14
28,17,16
0,21,21
11,14,2
18,13,14
10,20,30
33,19,20
1,20,20
36,19,9
38,20,9
19,13,24
19,14,33
29,16,7
3,21,24
31,19,26
7,16,1
44,23,3
32,17,1
36,20,23
18,12,5
11,19,34
37,21,14
17,13,14
22,13,4
39,22,24
37,21,24
7,18,14
17,13,7
39,22,12
44,23,0
18,12,2
15,12,4
41,23,15
18,12,15
16,13,1
40,22,21
29,16,14
34,19,34
10,18,23
14,13,4
36,20,35
9,17,12
23,13,7
31,17,16
14,15,15
21,13,26
19,14,27
14,13,2
12,19,32
30,17,25
27,16,14
25,15,19
7,15,7
8,19,20
8,20,30
33,18,3
34,20,27
39,20,2
26,14,6
24,14,13
23,14,20
17,12,1
19,14,28
3,17,8
28,17,5
34,20,33
40,22,14
11,17,14
21,13,25
26,15,24
23,14,26
28,15,1
35,20,32
16,16,28
22,13,27
36,20,31
7,18,15
18,16,32
32,19,25
15,16,26
26,16,35
42,22,7
7,16,3
30,17,31
21,12,14
2,18,13
37,20,1
43,22,0
22,13,8
6,17,3
2,19,8
41,22,30
10,18,27
28,17,31
9,19,17
6,17,12
7,20,20
40,22,4
6,17,10
26,14,3
13,18,30
26,15,16
27,15,2
19,11,3
21,13,13
4,18,4
30,17,16
9,19,18
25,13,3
20,12,21
0,18,8
44,23,5
13,14,8
37,20,7
9,15,2
11,17,21
26,16,24
44,23,1
27,16,24
32,19,19
6,17,2
10,19,28
23,13,15
15,13,4
7,16,6
28,16,8
30,17,12
21,13,15
8,16,8
8,16,4
28,16,4
12,18,28
39,21,18
19,13,23
19,11,10
28,17,26
13,18,27
12,18,27
16,13,9
12,17,23
33,19,10
0,23,26
44,23,11
40,22,25
9,20,31
13,16,15
8,20,25
4,23,30
10,18,19
13,13,6
0,18,15
28,15,3
25,15,14
20,13,26
21,13,32
16,15,19
21,12,21
20,13,28
22,12,4
35,18,0
17,12,2
10,19,27
12,15,1
26,15,23
14,16,13
18,14,26
42,23,19
29,17,33
22,12,5
25,16,30
26,15,19
18,15,32
18,11,0
28,16,16
27,17,14
41,22,22
20,13,18
13,19,25
12,20,35
5,21,25
31,18,17
19,12,4
34,19,13
25,15,16
34,18,4
8,15,3
13,18,31
32,19,34
21,11,1
14,16,17
40,22,8
39,22,14
41,22,14
26,15,27
2,16,8
10,16,12
41,23,34
37,21,21
27,15,14
19,12,15
20,11,4
32,19,22
3,18,3
0,17,9
39,22,20
11,16,15
10,15,9
1,18,13
38,21,10
34,19,25
28,17,29
35,20,22
2,17,10
30,17,29
14,16,18
32,18,19
27,17,30
29,16,12
23,13,3
8,22,35
39,21,32
29,17,10
36,20,12
22,14,20
33,19,16
4,22,26
36,20,5
25,15,9
22,13,9
36,20,10
7,18,17
7,20,22
34,17,0
1,22,27
11,20,34
16,15,22
29,15,0
9,18,17
25,14,1
3,23,33
42,23,25
34,18,3
32,17,2
22,12,10
18,14,19
36,19,0
22,13,14
23,14,29
5,16,8
2,18,6
28,15,0
20,14,35
16,15,20
6,19,17
24,14,29
44,23,9
5,18,14
14,18,26
43,23,15
30,18,30
42,23,16
42,23,32
33,18,9
18,14,29
2,19,7
33,18,20
19,12,17
18,12,11
14,18,34
36,21,14
37,20,18
35,20,12
14,17,27
37,21,25
21,11,0
20,11,7
32,18,27
42,23,11
40,22,34
22,13,18
39,21,4
19,14,23
15,15,19
10,18,16
28,15,2
26,16,19
40,22,13
32,19,24
38,20,1
9,15,1
13,18,34
43,23,26
8,17,11
1,17,11
29,16,3
31,17,12
14,16,25
7,15,4
19,12,7
12,17,20
24,14,26
1,19,8
17,14,9
17,15,21
43,23,10
41,22,11
12,16,18
2,22,25
22,13,7
23,14,19
26,16,15
9,21,35
24,15,28
32,18,21
19,12,5
18,13,10
37,21,31
16,13,5
42,22,3
37,20,19
6,16,3
16,15,27
19,11,7
4,21,22
1,22,25
8,16,1
23,13,13
41,22,16
28,16,26
31,18,26
28,17,20
25,15,23
15,12,2
9,19,26
14,17,29
20,13,14
23,13,17
20,14,32
6,20,20
27,15,15
3,20,17
12,18,33
32,18,18
38,21,7
23,12,1
22,12,7
26,15,15
13,18,29
2,18,7
4,22,25
39,22,31
2,17,6
37,20,8
17,15,20
11,18,24
3,17,5
40,22,26
40,22,35
20,11,2
32,18,4
36,19,11
7,17,0
39,21,16
32,19,27
25,14,9
6,22,33
12,13,4
41,23,16
18,16,33
41,22,35
21,12,6
23,13,19
29,18,26
16,14,21
31,17,8
41,22,33
24,14,14
28,15,5
33,20,23
32,19,21
29,17,27
24,13,7
29,17,34
1,17,10
38,20,0
7,22,34
2,17,9
33,19,31
27,16,18
14,17,34
43,23,27
27,16,28
11,18,26
4,18,0
27,16,27
42,22,5
37,20,10
24,14,7
27,15,5
8,20,28
12,19,34
5,16,3
15,17,32
33,19,23
40,22,9
22,14,24
33,19,33
23,15,30
9,15,0
21,12,9
17,13,5
32,18,16
12,15,11
8,15,7
29,17,7
23,13,4
14,14,1
11,19,32
42,23,17
5,22,27
26,16,29
26,15,35
15,15,18
5,22,29
30,18,15
41,21,3
28,16,18
13,18,32
6,21,24
25,16,29
6,19,19
14,12,4
17,16,31
12,15,10
1,19,0
7,21,27
21,13,17
30,18,19
14,14,0
36,21,24
34,18,8
33,18,13
23,15,31
41,22,3
35,19,35
41,23,23
37,21,33
35,19,12
27,15,3
20,12,13
25,15,13
10,20,33
1,18,2
5,21,29
27,16,6
40,21,3
40,22,3
26,15,33
21,12,18
7,16,10
17,14,21
0,22,24
19,13,26
17,14,25
17,15,32
28,16,17
15,13,5
30,17,18
19,12,9
28,16,28
38,21,18
35,18,3
29,17,25
11,19,30
30,16,4
36,20,34
32,17,7
33,18,17
17,13,13
19,16,34
24,15,29
26,15,25
28,17,24
1,19,15
27,16,9
8,19,19
38,21,19
37,20,3
7,18,13
5,16,5
30,16,6
24,14,6
30,18,27
39,22,16
8,19,23
7,19,17
36,20,29
19,12,10
39,21,22
9,18,22
16,17,31
34,18,2
30,17,24
9,16,11
16,17,35
27,16,26
17,12,3
34,20,22
19,11,4
12,15,0
31,17,10
42,23,28
1,17,7
14,17,25
41,23,9
11,14,1
8,20,23
24,15,21
17,13,6
29,17,35
11,16,11
27,17,29
22,11,0
24,13,2
15,13,8
38,21,5
32,18,15
42,23,23
12,16,17
34,19,10
4,18,15
32,18,29
11,18,22
33,17,2
14,13,0
35,19,18
21,12,19
13,13,0
37,20,6
30,17,3
9,17,1
8,16,11
34,19,35
14,15,14
36,19,1
31,18,19
41,22,5
6,16,10
10,18,0
41,23,14
36,19,10
0,19,2
23,14,12
17,13,17
14,15,9
21,13,18
5,16,7
28,16,33
39,21,33
31,18,14
15,14,12
20,14,33
17,13,9
33,18,15
41,22,8
15,12,1
4,20,18
18,14,21
7,20,25
30,18,34
27,16,0
31,17,13
12,17,26
13,18,33
40,22,16
17,13,15
31,18,20
14,18,33
24,15,30
37,20,0
40,21,13
26,16,33
11,17,12
26,16,22
8,18,16
13,19,33
24,14,10
10,19,17
14,17,30
40,23,27
6,17,0
9,16,0
26,14,0
21,12,20
37,21,22
34,20,29
35,18,4
40,22,30
5,17,1
24,14,15
3,22,26
30,17,27
37,20,17
32,19,15
27,16,15
6,23,35
38,21,11
19,13,25
38,20,3
14,16,22
32,18,24
32,18,22
40,22,22
36,20,33
39,21,5
20,12,22
14,15,18
2,17,5
33,18,12
39,21,15
2,19,16
29,16,9
43,23,12
1,23,29
5,17,3
34,18,10
28,17,11
16,15,26
1,23,30
28,16,10
4,23,28
6,16,4
17,12,5
25,15,29
19,13,15
32,19,16
28,15,8
0,21,22
12,17,25
14,15,19
38,20,10
15,14,15
16,12,0
30,17,8
16,16,29
34,18,7
8,15,8
3,18,5
41,23,19
18,15,28
18,11,1
13,15,14
17,14,20
5,17,12
23,14,14
16,14,12
24,14,16
25,15,33
2,21,24
34,20,30
10,17,11
23,12,2
38,21,13
39,21,8
19,15,35
19,12,13
13,18,24
9,15,6
6,19,15
20,11,3
22,14,29
13,17,30
43,23,14
32,19,28
14,14,9
14,13,1
16,16,32
3,19,17
17,15,28
25,15,15
6,21,27
34,20,34
22,13,32
37,21,19
12,17,21
20,12,11
5,16,10
9,18,19
43,23,29
1,19,17
7,16,4
32,18,7
7,21,32
27,15,0
15,14,16
16,14,9
18,12,1
5,16,6
23,13,9
38,20,2
44,22,0
41,22,23
25,15,27
30,18,22
5,16,9
9,20,29
35,20,19
18,13,20
15,14,7
29,17,16
28,17,32
6,21,29
34,19,20
41,23,22
13,19,35
3,18,2
33,19,34
29,17,21
11,14,3
21,12,8
23,13,14
19,13,22
41,22,17
18,13,16
11,15,1
24,14,18
8,19,18
43,23,17
6,22,31
22,14,35
3,16,7
37,21,28
2,18,12
27,16,1
13,17,27
35,19,13
4,19,15
36,20,19
21,12,23
17,14,26
11,18,28
30,17,26
17,13,8
13,16,12
11,17,17
4,22,30
20,13,30
1,19,3
17,15,23
12,17,17
20,12,10
14,16,23
24,15,23
41,22,29
15,13,7
32,19,14
2,23,29
16,15,24
14,16,19
33,19,22
31,18,35
10,20,31
1,20,19
23,12,0
25,15,34
23,14,8
31,18,25
39,22,21
31,18,15
25,15,31
15,17,30
9,20,30
37,20,4
22,12,1
26,15,34
29,17,6
6,21,30
39,21,20
39,21,29
9,16,10
28,16,7
21,11,6
20,11,6
11,16,9
32,17,8
37,20,15
17,16,34
35,20,26
4,22,27
4,21,23
21,11,2
28,16,29
31,19,27
10,18,15
31,16,3
33,18,19
33,20,34
20,14,30
5,21,23
27,16,30
37,20,5
28,17,8
38,21,15
19,12,6
41,22,31
6,19,16
6,22,34
29,16,4
28,15,4
25,15,25
12,16,11
28,16,21
39,21,31
9,18,21
16,17,34
29,17,28
12,14,1
37,21,30
17,14,22
30,17,23
14,14,6
9,20,26
22,13,12
21,13,19
21,12,2
2,18,1
26,16,26
31,20,21
37,20,16
39,22,33
11,19,28
7,16,8
20,11,9
26,16,17
23,13,6
0,19,6
22,12,0
45,23,0
42,23,35
41,22,7
8,22,34
24,13,10
39,21,34
12,17,27
4,23,35
1,18,3
21,12,11
27,16,22
29,17,22
9,19,27
4,21,25
35,20,25
41,23,24
14,16,27
11,15,7
8,15,5
2,21,22
22,11,1
30,17,32
8,20,26
35,19,5
15,15,23
4,17,11
30,18,26
41,23,10
42,23,29
1,17,8
43,23,22
12,16,20
41,22,9
40,23,23
40,22,12
18,14,18
42,23,13
33,18,7
7,19,21
20,12,19
30,18,13
20,11,8
26,15,2
27,14,1
31,18,32
1,22,26
20,15,34
10,17,0
9,19,24
27,16,8
32,18,31
7,19,22
2,19,1
12,14,3
13,18,35
42,23,24
31,18,18
28,16,22
33,19,17
41,22,10
35,19,7
29,17,19
18,13,17
25,13,1
42,23,10
15,18,35
21,12,22
17,12,7
38,21,32
26,16,30
16,14,16
24,14,3
4,16,6
41,22,25
26,15,29
15,14,9
32,18,12
6,20,22
8,18,14
25,14,7
10,15,8
40,22,23
39,22,17
32,17,3
34,20,28
36,21,28
27,16,21
37,21,15
39,21,17
8,16,9
10,20,15
20,13,22
35,19,20
12,13,5
29,15,1
25,15,17
13,15,9
24,15,27
19,13,20
21,13,30
15,16,25
17,14,19
31,18,23
31,18,7
16,15,16
22,14,19
35,19,0
29,18,27
17,13,12
22,13,22
4,20,19
27,15,6
22,12,2
35,20,28
12,18,31
45,23,2
16,16,33
31,17,15
38,22,24
13,14,2
13,13,2
33,18,4
33,19,8
13,14,6
22,13,21
30,18,25
28,17,33
22,13,34
16,14,14
0,18,7
37,20,21
17,12,4
9,18,23
24,14,24
24,15,24
8,21,35
4,17,6
43,23,31
6,23,34
1,16,10
30,18,14
7,18,16
8,21,31
20,12,23
29,17,23
25,15,10
35,20,7
38,20,12
6,21,31
11,17,23
36,20,14
41,23,27
8,21,30
13,18,26
1,19,7
13,17,22
26,16,28
39,22,25
38,21,17
15,15,22
4,17,5
13,17,28
36,21,25
35,19,1
24,15,22
33,19,18
0,18,14
24,15,33
30,17,10
17,16,33
10,20,16
0,20,16
42,23,12
40,22,28
8,19,22
5,17,4
43,23,13
44,23,6
43,23,25
39,22,23
37,20,2
34,19,32
9,20,27
9,21,31
3,19,2
12,16,16
22,14,13
41,23,8
16,14,15
33,19,7
23,13,8
35,18,1
28,16,25
8,21,32
33,18,18
9,19,25
29,16,11
23,14,31
32,18,5
31,18,12
28,17,18
33,17,3
6,16,7
14,17,24
21,14,32
0,22,25
23,13,5
38,21,14
38,21,23
14,17,31
28,16,20
21,13,24
14,16,26
26,16,6
32,19,26
22,12,8
16,16,25
15,14,14
39,21,13
1,21,20
16,14,10
22,12,9
0,18,6
19,14,31
35,19,9
3,23,28
4,18,1
44,23,2
32,20,21
26,15,28
41,22,20
2,17,11
8,19,25
38,21,28
12,14,2
10,18,24
0,22,26
40,21,1
39,23,26
30,16,7
30,18,28
40,22,7
24,14,27
9,21,33
4,19,17
40,22,18
19,13,16
5,23,32
1,18,7
35,19,14
24,14,33
17,13,11
33,19,28
16,16,23
11,17,15
39,22,29
0,19,16
6,16,1
11,14,4
10,15,7
11,15,0
17,15,26
6,19,18
20,15,35
16,14,20
36,19,8
11,17,20
6,16,9
41,23,33
22,13,13
4,20,22
18,15,29
1,18,12
24,14,32
42,22,9
18,13,18
30,17,22
27,15,8
4,20,21
10,18,26
12,14,4
18,12,13
12,14,7
15,17,33
2,18,4
12,17,24
17,14,17
12,16,14
21,13,31
16,14,18
19,14,20
41,22,1
9,16,9
31,19,22
22,13,23
7,17,11
2,17,12
43,23,18
3,16,9
17,14,18
28,17,14
7,21,31
33,20,30
25,15,7
22,14,30
19,15,32
8,18,19
18,13,8
37,20,9
7,23,35
24,15,32
0,20,17
12,15,9
28,17,19
26,16,18
24,13,3
10,16,1
30,17,7
18,14,24
15,15,13
21,13,12
43,23,7
24,15,25
28,17,25
29,17,17
8,19,24
41,22,21
33,18,6
21,12,4
3,23,30
34,19,23
30,16,1
43,23,33
24,15,18
20,13,29
6,21,28
22,13,25
20,12,7
21,12,10
33,18,2
39,22,22
8,17,12
7,17,2
41,22,2
13,17,23
40,21,12
15,13,3
0,17,12
7,20,24
28,16,34
12,18,29
15,13,0
34,20,31
23,14,35
14,15,10
30,16,0
15,14,11
8,17,14
36,20,25
10,15,4
42,23,30
31,19,35
29,17,31
6,17,1
38,21,34
24,14,11
24,13,0
13,16,16
26,15,10
35,20,20
3,19,18
6,15,7
0,18,5
31,19,21
26,16,27
24,13,5
14,14,10
0,19,3
10,16,0
36,20,9
42,22,2
15,15,14
38,22,33
18,12,9
20,13,19
34,19,33
21,12,7
31,18,22
23,12,3
1,20,18
10,18,20
13,15,13
10,14,7
19,11,5
8,18,15
13,19,34
30,18,21
30,18,10
23,14,27
25,14,4
30,18,32
30,17,14
28,16,9
25,15,6
28,16,35
28,16,6
14,16,28
8,15,4
22,13,6
37,21,26
15,14,13
16,14,13
0,19,0
30,18,20
27,16,10
12,18,24
35,20,11
23,15,32
40,23,14
26,16,10
9,19,20
21,12,5
25,14,16
32,19,23
15,16,29
10,18,17
40,22,10
28,18,17
11,18,30
7,22,33
20,12,12
3,17,12
0,19,1
35,20,34
33,19,12
34,19,8
20,15,33
9,21,32
7,20,26
27,16,31
26,16,25
37,19,0
23,14,16
34,20,23
30,16,5
22,13,19
5,23,31
32,19,31
11,19,29
15,15,15
40,22,15
1,22,24
40,22,20
13,17,20
21,12,12
2,21,23
20,12,6
4,23,34
5,15,8
4,19,18
24,13,9
21,12,3
23,14,30
21,13,23
7,19,20
15,13,6
26,15,1
14,17,32
24,14,23
4,17,12
5,22,32
18,16,34
14,16,14
24,14,25
21,13,29
21,13,14
20,12,14
11,16,12
32,18,30
30,17,17
7,21,33
9,15,8
13,14,3
40,21,0
4,23,33
34,19,18
5,18,15
27,16,25
5,17,11
39,21,1
2,18,0
28,17,22
28,16,11
18,12,10
43,23,11
35,20,16
39,21,11
40,23,26
9,19,28
36,21,26
8,16,10
31,17,0
9,16,3
3,22,28
38,20,8
40,21,9
36,20,32
27,16,13
9,19,29
40,22,29
27,16,23
27,17,26
11,19,35
13,17,26
39,22,19
43,23,19
41,23,20
37,21,20
32,18,23
29,16,0
30,17,2
9,15,9
24,14,5
15,16,23
21,13,21
11,18,29
12,14,6
37,21,12
22,13,15
25,15,12
16,15,28
24,15,35
34,20,25
19,11,8
26,15,21
13,15,10
29,17,18
40,21,7
12,16,10
19,12,3
20,14,29
28,16,24
15,14,8
18,13,19
29,16,15
11,18,20
15,14,6
15,12,3
24,14,20
17,15,24
32,19,29
11,19,31
13,16,23
13,14,0
33,19,32
9,14,5
11,20,35
14,15,20
33,17,1
3,17,11
18,15,33
16,14,19
6,16,2
13,15,8
19,11,6
13,14,1
32,19,20
9,17,3
0,18,3
37,21,29
30,18,11
38,21,24
39,22,28
12,14,0
15,16,20
3,18,15
32,18,10
39,22,32
33,18,0
3,20,20
19,14,29
8,17,0
31,18,24
31,17,11
37,19,3
42,23,31
13,16,20
35,19,34
25,15,18
32,19,35
31,17,4
13,16,14
29,18,29
36,20,24
1,18,15
18,15,26
36,21,22
19,14,32
3,17,3
8,16,2
41,23,12
34,19,6
5,18,13
23,13,12
32,18,6
25,16,21
9,17,15
3,16,10
10,19,29
36,19,2
40,22,6
39,21,9
