15,0,15
60,22,29
56,22,25
29,9,16
60,9,25
3,12,24
24,1,3
20,0,5
39,15,17
56,21,25
58,16,25
6,11,24
55,16,23
48,4,15
27,18,18
47,7,16
58,19,26
20,23,22
29,11,16
1,12,24
39,15,18
1,6,20
4,23,41
59,20,27
31,10,14
26,6,13
31,5,7
4,8,20
47,4,13
22,7,17
62,9,25
4,22,28
29,5,8
34,3,0
52,7,20
15,14,18
39,4,6
62,16,28
21,0,10
49,20,19
30,8,14
22,20,21
37,8,16
15,22,19
34,17,19
22,1,10
3,8,22
3,21,28
58,20,25
41,2,5
7,23,28
31,19,19
32,10,15
10,10,18
43,1,7
30,17,18
36,6,11
63,0,25
46,6,13
1,23,29
56,7,23
18,6,16
25,2,9
31,17,18
23,18,19
9,15,23
14,12,17
22,2,4
29,14,17
52,13,22
22,0,6
5,23,27
31,13,17
4,6,19
3,4,18
30,3,3
9,13,22
59,10,26
19,17,18
41,14,17
63,13,27
0,15,36
22,10,17
58,23,27
35,14,18
22,8,17
22,0,9
3,23,36
4,12,25
57,8,24
13,5,16
39,3,4
39,5,6
7,3,17
48,0,13
33,7,10
24,4,14
28,6,12
11,19,20
56,13,24
11,23,23
40,6,13
35,13,17
43,4,4
8,22,25
28,9,14
38,7,13
59,22,29
3,8,21
25,17,19
23,21,19
26,11,17
24,2,11
34,10,16
43,2,10
27,5,12
51,21,21
10,15,23
22,1,1
25,0,1
47,10,17
29,15,18
12,23,21
31,8,7
24,22,20
42,5,13
37,5,5
13,15,19
54,4,21
0,7,20
57,10,24
1,22,36
48,18,19
7,11,23
60,18,27
28,11,14
28,9,16
26,8,16
47,17,18
26,9,17
57,3,23
30,2,2
11,16,21
41,19,19
2,23,35
15,21,20
3,16,27
12,10,18
28,13,17
18,7,16
40,6,15
0,0,18
50,15,21
51,6,20
45,0,1
38,20,19
23,12,18
34,4,2
1,15,36
42,10,16
54,5,21
21,20,19
61,6,25
21,13,17
21,9,17
33,12,18
53,23,25
48,1,13
50,0,16
17,0,15
26,4,12
56,23,26
46,0,1
3,22,40
12,4,16
1,4,19
45,0,10
9,23,27
35,2,1
15,11,17
16,8,17
6,2,17
9,13,20
48,17,18
45,0,9
24,18,18
30,6,10
32,3,0
12,20,21
43,18,17
2,15,27
30,5,3
44,0,2
39,22,19
31,7,3
48,3,15
34,6,6
42,2,7
40,11,16
41,14,16
12,4,15
35,10,17
33,11,18
49,8,19
16,2,15
27,3,8
56,19,25
4,0,17
23,3,12
57,21,25
20,0,11
2,7,20
37,3,3
7,7,18
8,12,22
5,19,27
38,6,11
50,23,21
58,8,25
11,6,17
9,22,23
0,14,34
44,0,7
51,19,22
25,7,15
2,23,38
32,10,16
17,12,17
44,4,12
6,8,18
8,9,18
36,5,3
35,23,21
61,9,26
38,5,9
36,3,2
59,4,23
50,7,19
22,19,18
36,14,17
9,11,18
46,7,16
16,4,15
8,23,27
38,6,12
63,16,28
46,12,17
33,13,18
43,2,4
26,13,18
36,12,17
49,14,20
32,4,2
62,12,26
53,21,23
32,10,14
56,4,22
6,13,26
41,9,16
32,9,13
21,0,4
35,8,11
25,12,18
0,22,35
50,14,20
63,22,28
56,22,26
50,20,21
49,1,17
58,9,25
1,22,39
32,7,4
35,6,7
7,16,26
41,11,16
1,21,39
33,5,5
35,12,19
53,17,22
42,20,18
27,7,7
37,6,13
23,5,4
20,14,18
9,5,17
44,19,17
14,8,17
49,6,16
23,2,12
32,5,1
31,7,6
12,14,19
25,17,18
45,12,17
34,8,11
29,3,3
27,12,17
9,20,24
16,6,17
12,21,20
54,7,21
60,22,30
22,1,12
10,15,21
26,3,12
22,2,12
26,3,5
52,6,20
46,5,13
12,18,20
63,23,32
44,2,11
40,19,19
4,10,23
23,2,3
7,9,18
35,15,18
24,21,23
33,5,0
19,0,11
45,7,16
52,10,21
24,16,18
48,22,19
14,18,18
22,7,16
43,22,18
63,11,26
63,5,23
13,8,17
0,12,24
49,20,20
39,4,9
22,17,19
26,5,13
27,8,15
53,14,22
40,4,9
23,0,6
25,3,11
44,0,8
0,16,34
9,12,18
2,2,18
2,8,21
41,15,17
31,16,19
23,7,16
42,7,15
3,22,27
30,22,19
56,12,24
29,20,18
56,8,24
24,8,17
0,17,26
36,7,8
35,7,10
11,5,16
21,20,18
48,2,14
0,13,33
45,11,17
22,1,4
24,2,10
20,9,17
53,22,25
38,6,14
23,1,4
39,5,11
23,15,18
3,5,18
1,19,26
28,10,15
4,5,18
49,13,19
0,17,35
8,23,28
36,22,21
53,11,22
18,5,15
54,6,21
49,4,15
63,21,30
7,12,23
5,17,27
38,3,0
25,19,19
15,20,19
56,7,24
60,5,23
22,22,25
22,19,20
25,4,10
26,4,10
5,10,23
28,10,17
32,9,8
34,8,13
24,2,1
23,6,14
33,15,18
54,10,23
32,21,20
61,6,24
18,12,17
25,3,9
23,1,6
39,3,5
3,23,39
34,11,18
38,12,17
20,21,21
54,10,22
37,22,21
49,14,19
63,10,25
33,9,12
17,12,18
25,4,12
23,16,18
27,6,13
22,18,20
11,22,21
22,19,21
38,12,16
17,11,17
33,16,18
2,23,29
61,12,26
2,21,38
20,1,13
50,13,20
2,22,27
59,5,24
10,13,21
6,22,27
7,0,17
4,7,20
32,7,9
44,3,12
6,13,25
7,11,20
31,5,5
45,0,3
20,20,18
60,20,28
23,3,4
11,18,20
2,18,27
15,13,17
45,2,10
31,10,15
59,5,23
2,7,22
33,8,11
36,4,2
5,17,26
43,11,16
32,9,14
46,0,11
35,13,19
27,12,18
49,0,16
30,14,18
14,4,15
43,1,3
51,17,22
39,21,19
63,5,24
41,22,18
5,13,26
37,4,3
49,5,17
0,5,20
3,6,18
15,12,18
18,8,17
13,3,15
23,21,21
53,6,20
51,22,23
39,16,17
12,6,17
61,19,27
63,21,31
30,7,13
36,9,16
56,14,24
20,21,19
24,3,12
62,14,27
49,12,19
16,13,18
60,18,26
2,6,20
53,22,24
50,3,17
20,0,7
25,5,10
22,22,24
59,7,24
33,6,4
14,21,19
32,7,11
28,23,19
40,9,16
62,21,30
46,5,14
28,12,17
35,2,0
41,3,8
28,7,13
6,9,20
38,10,16
10,22,22
41,5,7
6,15,26
25,1,1
34,21,20
22,0,1
55,20,24
1,8,22
2,7,21
21,1,12
17,5,15
42,4,6
29,6,13
20,18,19
39,6,13
12,0,16
51,20,22
21,1,6
27,3,0
28,11,17
55,4,21
21,11,17
36,21,20
61,13,27
4,22,27
33,19,19
61,14,27
3,20,27
22,21,22
28,9,17
43,19,17
14,21,20
1,21,37
37,6,8
1,22,35
42,15,17
46,0,10
23,10,17
25,18,19
26,1,3
35,10,16
18,18,19
11,23,22
23,18,20
31,10,16
19,0,7
35,17,19
28,6,11
21,4,13
49,19,19
19,23,21
31,17,19
59,6,24
62,7,25
32,22,19
17,6,16
55,4,22
25,3,4
20,19,18
25,21,19
55,14,23
59,20,26
54,7,23
59,10,25
19,22,19
10,4,16
47,1,13
11,2,15
20,23,24
39,4,1
29,5,6
31,5,2
47,2,13
1,18,37
40,1,2
34,16,19
32,8,4
60,8,25
40,2,4
9,22,25
34,9,13
0,23,34
54,15,23
58,21,26
3,23,28
41,2,8
45,1,9
48,20,19
27,3,3
31,5,4
40,7,15
25,3,1
34,5,3
18,11,17
36,13,18
1,20,37
1,23,36
26,4,5
38,6,5
13,20,20
46,7,15
2,14,26
47,5,14
1,15,27
54,22,25
40,5,12
25,15,18
41,18,17
23,21,20
48,10,18
18,9,17
0,16,26
25,4,13
43,20,18
13,17,19
4,19,27
26,0,0
39,18,19
59,17,26
2,23,27
24,4,4
28,2,1
50,14,21
50,2,17
5,7,20
46,1,11
44,6,15
17,15,18
33,8,9
23,23,26
48,6,17
27,7,13
10,18,23
19,6,16
13,23,22
36,7,9
57,22,26
28,2,0
10,5,16
40,22,19
27,17,18
41,4,5
6,0,17
38,4,7
31,12,16
53,20,23
29,5,11
19,5,15
29,20,19
7,23,27
15,3,15
36,6,9
4,4,17
2,23,36
0,21,35
1,23,28
18,19,19
9,23,25
7,20,26
25,6,13
11,10,18
3,2,17
3,13,25
36,20,19
33,6,5
0,23,28
1,23,35
40,3,10
39,4,2
22,1,9
41,5,14
50,1,18
52,5,20
62,7,26
13,2,15
60,7,26
28,12,18
57,0,23
16,2,14
60,9,26
17,16,18
43,16,17
18,13,17
0,13,26
23,4,4
20,6,15
0,21,27
18,14,17
15,5,16
26,4,4
32,8,3
19,15,17
43,7,16
57,15,24
8,9,19
5,5,18
41,3,5
41,2,7
21,0,1
23,1,1
25,2,7
23,2,11
16,3,15
36,5,5
12,22,21
10,20,24
9,5,16
50,21,21
32,15,18
47,0,11
27,2,4
45,8,16
16,17,18
25,23,19
46,10,16
11,21,22
45,0,2
27,19,18
17,0,14
43,7,15
8,11,19
3,1,18
27,5,7
19,2,15
50,2,18
30,3,4
56,15,24
6,23,28
41,1,3
21,23,25
18,0,13
33,16,19
41,2,3
2,12,25
61,17,28
1,21,35
39,23,20
19,0,12
40,12,16
57,21,26
55,14,24
9,7,18
24,6,14
51,6,19
19,7,16
49,22,19
0,4,19
29,7,13
50,11,20
26,2,7
15,10,17
2,16,27
34,11,17
43,3,4
15,23,19
63,14,27
0,23,35
41,0,0
51,11,21
52,8,20
9,14,22
7,8,18
37,5,10
47,1,12
33,20,20
31,4,5
32,7,7
58,10,25
1,1,18
22,17,18
41,20,19
42,6,15
35,5,4
13,12,18
46,22,19
32,4,1
42,8,15
29,7,12
31,11,13
11,6,16
63,7,23
55,3,21
41,5,6
21,17,18
30,11,16
19,0,4
44,1,1
27,16,18
0,2,18
61,16,27
40,14,17
5,23,28
21,8,17
8,5,16
56,20,25
1,23,39
12,15,19
32,17,19
0,13,32
21,22,24
37,7,14
3,7,20
12,16,20
25,4,8
30,5,5
0,17,36
61,8,25
33,6,6
59,7,25
30,9,16
27,3,6
44,5,13
37,4,2
30,4,2
59,18,27
53,16,22
29,15,17
22,3,5
35,12,17
23,1,10
43,2,9
54,11,23
50,17,21
27,11,17
11,21,21
43,1,6
36,6,6
10,7,17
36,9,15
62,22,31
7,13,25
9,12,19
12,17,20
25,2,1
48,8,16
42,2,8
48,23,20
5,9,21
31,11,16
54,14,22
34,5,0
56,17,25
54,9,23
8,3,16
34,8,10
15,18,19
55,21,25
24,13,18
41,3,6
51,15,21
2,23,40
27,9,17
24,7,16
4,23,40
23,13,18
38,6,13
15,13,18
2,23,37
36,7,5
60,21,29
57,10,25
33,21,20
27,13,18
28,3,3
25,4,5
24,23,19
43,17,17
24,7,17
28,4,5
14,14,18
36,6,2
22,0,10
43,10,16
50,9,19
34,9,12
7,1,17
12,18,21
15,21,19
18,7,17
36,15,18
26,5,12
35,18,19
13,6,16
19,9,17
56,14,23
0,20,35
36,6,10
19,11,17
39,2,1
38,4,9
0,19,26
57,22,25
22,4,14
12,21,21
34,8,9
8,10,19
24,20,19
8,22,24
23,1,5
28,1,0
8,19,25
30,2,0
33,9,14
36,10,17
4,11,24
33,4,0
1,17,37
23,2,8
33,10,16
21,10,17
25,6,14
20,13,18
11,19,22
6,10,22
6,17,27
26,23,20
45,17,18
1,21,27
11,22,22
30,3,2
52,19,22
24,21,19
25,5,9
53,13,21
11,17,21
48,11,18
8,6,17
35,9,15
0,0,19
40,3,5
0,1,19
10,2,15
63,7,24
11,20,21
33,12,17
62,18,28
24,18,19
42,4,11
35,23,20
1,2,18
22,19,19
3,2,18
55,5,22
1,18,27
48,9,18
32,19,19
15,19,19
22,23,26
28,20,18
29,6,9
13,16,18
2,22,37
18,0,4
31,22,19
9,12,20
22,23,25
21,12,17
23,1,8
17,23,19
19,6,15
5,5,17
56,19,24
30,3,0
24,11,18
47,2,12
44,18,18
31,11,15
15,4,16
34,13,19
44,22,18
15,2,14
19,18,18
23,0,2
8,20,25
21,19,19
44,9,16
21,1,13
20,1,7
15,4,15
25,1,5
6,20,27
0,6,19
43,5,14
5,16,27
55,7,23
55,16,24
45,5,13
18,21,19
54,22,24
60,7,25
17,1,14
33,17,19
10,15,22
21,0,11
25,8,16
29,3,2
1,23,27
24,1,10
58,5,23
43,21,18
7,5,17
29,4,7
24,10,17
63,4,23
31,21,19
26,18,19
63,11,25
14,17,19
37,7,12
20,21,20
12,9,17
15,8,17
27,1,2
38,3,4
40,16,18
19,8,17
35,5,6
20,2,13
36,23,21
21,13,18
27,5,11
20,1,6
44,3,11
53,22,23
58,11,25
26,21,19
18,1,4
35,6,8
31,18,19
0,18,37
2,20,38
13,4,15
49,11,19
13,19,20
63,9,25
29,22,19
20,2,14
48,5,15
28,13,18
59,19,26
57,13,24
14,11,17
16,18,19
31,6,8
17,17,18
38,5,12
48,15,18
13,7,17
46,8,16
8,8,18
38,5,8
27,7,6
41,17,18
20,17,18
27,4,12
58,8,24
38,4,1
42,3,11
49,7,18
12,13,18
25,23,20
53,15,22
40,1,1
32,16,18
21,22,21
37,2,2
16,21,19
28,16,17
45,23,18
60,21,27
14,9,17
51,12,21
50,16,21
37,21,20
29,9,15
44,0,0
1,11,24
34,7,7
61,10,26
6,21,27
34,8,12
24,3,4
47,22,18
61,22,30
50,4,17
54,19,23
29,11,17
28,8,15
36,7,11
28,5,10
10,20,22
53,7,21
61,16,28
43,8,16
57,23,27
4,14,26
4,4,18
27,21,19
38,2,3
36,2,0
25,4,9
40,3,4
17,18,18
47,12,18
35,5,5
56,16,24
33,22,20
46,2,11
10,17,22
20,4,14
38,4,6
2,17,27
7,18,26
0,23,40
34,12,18
59,23,29
11,16,20
15,11,18
30,8,13
17,23,20
45,0,6
18,20,19
28,5,2
48,0,15
43,2,3
7,10,20
27,23,20
42,0,1
50,12,20
28,5,6
31,10,12
6,14,26
37,14,17
36,3,1
2,1,18
60,19,27
63,22,31
42,1,2
23,22,21
21,20,21
61,22,29
45,1,10
63,16,27
43,6,15
59,23,28
40,2,3
3,9,23
5,14,26
49,0,14
10,17,23
14,7,17
18,11,18
17,8,17
0,20,38
29,9,14
32,8,12
33,4,2
20,12,18
15,2,15
52,15,22
32,4,0
24,1,1
29,5,7
6,19,27
30,6,8
51,0,18
35,8,14
9,6,17
34,6,3
8,13,22
8,12,18
54,12,23
1,16,37
40,6,14
44,20,18
38,9,16
11,19,21
36,21,21
25,3,10
26,23,19
38,11,16
31,9,14
22,18,18
25,3,12
14,6,17
40,4,10
31,11,14
38,7,14
41,12,16
9,6,18
5,15,26
5,23,29
45,2,11
43,2,5
32,5,2
9,17,23
24,23,22
2,23,34
8,13,24
17,13,17
29,8,15
46,3,11
45,1,11
8,0,16
21,0,12
61,5,24
0,1,18
22,2,13
37,18,19
34,9,15
4,6,18
31,11,17
23,14,18
23,20,19
7,1,16
0,10,23
52,18,22
59,22,28
29,18,18
28,4,8
44,1,5
52,20,23
17,4,15
41,2,4
52,21,22
6,10,21
23,22,25
41,6,5
15,9,17
28,20,19
10,16,21
23,0,7
40,19,18
42,15,16
41,3,9
33,4,3
62,13,26
47,13,18
16,1,15
27,2,5
30,23,19
38,8,15
34,20,19
27,3,2
30,9,12
4,7,21
1,22,27
27,7,15
29,8,16
39,5,5
18,1,5
35,8,10
27,1,1
54,7,22
39,14,17
12,17,19
56,6,23
2,13,25
63,21,29
8,13,23
41,4,6
21,20,20
11,15,20
43,20,17
36,4,5
8,4,16
32,9,7
13,16,19
1,23,33
32,23,20
19,12,17
63,7,25
47,3,12
61,7,26
5,7,19
9,4,16
57,19,25
1,23,41
11,13,18
33,7,8
32,6,6
8,16,25
36,8,15
1,14,27
47,8,17
19,19,18
47,4,12
0,23,29
39,17,18
43,12,16
36,4,3
61,21,29
10,3,16
21,3,14
39,5,9
17,5,16
20,4,15
17,2,14
14,10,17
33,18,19
6,11,22
62,23,32
33,7,7
25,1,2
26,4,11
29,8,14
51,4,19
35,7,8
19,1,13
46,6,14
39,21,20
33,21,19
35,3,1
26,22,19
31,7,12
37,5,8
6,17,26
36,7,13
5,22,27
20,6,16
24,22,22
57,20,25
34,22,20
8,17,25
37,8,14
18,0,14
63,15,27
41,3,4
3,21,39
53,6,21
30,23,20
47,23,19
43,1,1
7,21,27
38,5,6
39,4,8
23,2,1
44,18,17
35,11,17
19,23,20
37,20,19
10,1,16
40,23,20
31,10,13
20,15,18
53,0,20
41,23,19
40,18,19
32,8,8
52,23,23
31,5,3
40,2,2
40,21,19
4,7,19
10,23,25
1,23,40
46,4,13
0,16,37
59,8,25
39,5,1
10,5,15
27,3,7
42,5,6
12,8,17
27,23,19
26,2,5
32,20,19
34,9,14
26,2,3
53,9,22
0,12,25
22,0,3
0,20,37
20,15,17
18,6,15
9,20,25
46,15,18
55,6,22
31,7,11
28,15,17
58,4,23
25,7,9
1,23,34
7,12,21
39,2,3
30,16,18
42,1,1
12,19,20
45,6,14
45,14,17
25,2,6
21,22,22
31,2,0
6,23,29
27,8,16
15,7,16
23,0,9
7,20,27
49,16,20
61,21,28
54,21,24
27,5,6
28,6,6
0,23,39
35,3,0
19,7,17
0,21,38
11,9,18
61,18,28
48,6,14
25,22,19
36,4,1
16,4,16
53,18,23
63,21,28
13,14,19
30,4,3
47,20,18
50,16,20
12,7,17
43,3,10
20,22,20
24,4,13
53,7,22
43,13,16
46,0,3
46,4,12
57,14,25
7,18,25
33,8,10
3,19,27
33,15,19
11,11,18
25,14,18
26,4,9
61,19,28
16,20,19
60,10,25
61,23,31
23,20,21
21,0,5
26,1,2
4,23,29
7,6,17
32,7,8
47,21,19
8,13,25
45,22,18
0,5,19
2,5,19
2,0,18
42,4,12
51,5,19
36,7,10
21,1,11
58,6,23
1,19,36
6,18,27
44,1,2
25,6,15
16,12,17
2,21,27
58,7,25
20,7,16
49,9,18
49,16,19
34,23,20
55,12,23
46,3,12
26,16,18
20,5,14
43,4,12
60,21,28
26,3,10
9,19,24
8,10,18
55,22,25
45,21,18
24,23,25
46,10,17
23,2,13
63,23,29
2,0,17
38,1,0
39,4,5
22,6,16
48,10,17
17,2,15
7,9,20
24,2,6
39,1,0
52,21,23
38,17,18
39,13,17
59,12,26
10,22,23
22,20,20
57,19,24
14,5,16
5,8,22
42,1,5
44,2,10
18,10,17
21,6,16
44,1,3
8,12,19
36,18,19
39,6,12
41,5,13
45,13,17
10,17,21
13,9,17
26,12,18
52,9,21
5,4,17
39,3,2
40,13,16
28,2,3
34,18,19
18,17,18
24,17,19
1,5,19
4,9,22
27,4,9
3,6,20
38,5,11
33,4,1
23,18,18
23,5,14
57,17,25
14,1,15
56,9,24
17,3,15
31,4,4
20,22,22
42,2,6
8,5,17
2,23,41
16,23,19
3,14,27
24,14,18
11,23,24
31,7,10
44,7,15
9,22,24
50,8,20
52,23,24
39,2,0
24,0,1
11,3,15
63,23,28
52,11,21
22,16,19
26,4,13
19,1,6
49,19,20
32,6,3
53,4,20
17,13,18
46,22,18
38,13,17
58,18,26
21,15,18
25,10,17
50,10,20
21,3,13
29,13,17
22,0,7
61,11,26
4,17,27
18,0,5
20,18,18
11,5,15
30,12,17
45,10,16
37,4,5
28,18,19
16,11,17
19,4,14
34,7,3
61,13,26
33,3,1
47,12,17
6,9,21
14,23,20
27,2,2
2,10,23
35,4,2
24,5,4
44,0,6
43,13,17
2,22,40
51,6,18
13,18,19
30,3,1
25,3,5
0,18,34
55,11,23
31,7,8
10,0,16
48,0,14
3,23,41
29,3,0
0,19,38
42,0,0
52,8,21
48,16,18
20,22,19
36,10,16
53,18,22
51,12,20
55,18,23
0,21,34
39,3,3
49,0,15
23,23,20
46,9,17
48,5,14
59,14,26
7,17,26
29,19,18
24,0,3
18,4,15
49,5,16
63,19,28
46,14,18
4,16,27
21,0,6
36,17,18
37,17,18
21,21,19
36,11,17
36,9,17
27,4,3
48,18,18
7,12,20
33,7,3
23,0,5
41,19,18
26,7,16
28,21,19
5,6,17
25,6,8
51,7,19
1,3,19
56,21,24
26,22,20
46,11,17
52,15,21
33,14,18
17,15,17
20,3,13
41,8,15
9,23,24
42,5,14
16,12,18
36,6,7
24,22,19
59,21,27
30,2,1
30,17,19
40,5,6
18,18,18
21,21,20
30,4,0
26,4,8
25,1,6
40,22,20
42,2,10
0,14,26
3,6,19
22,21,21
15,15,18
58,22,27
39,1,1
2,19,27
41,4,11
44,19,18
24,0,2
2,11,24
50,6,19
47,16,18
4,10,24
45,4,13
4,5,17
13,10,17
42,23,18
8,3,17
27,5,13
36,5,4
20,11,17
21,21,22
39,4,11
37,10,17
41,2,9
40,3,7
28,16,18
27,4,6
27,15,18
37,8,15
34,5,1
34,6,5
19,12,18
38,15,18
0,19,34
28,3,5
9,14,25
5,12,25
46,0,2
27,5,8
49,9,19
42,2,5
51,8,20
19,4,15
45,3,12
26,3,7
24,2,7
31,20,19
10,4,15
9,8,18
51,8,21
33,6,1
32,12,18
41,23,18
18,22,19
36,5,6
26,5,10
25,2,8
21,2,13
55,15,24
9,13,21
26,0,1
43,2,8
12,5,16
53,13,22
40,21,20
40,9,15
33,3,0
52,22,23
35,22,20
39,1,2
51,10,20
26,7,9
13,13,18
40,10,16
60,23,29
0,20,36
48,7,17
10,21,23
2,23,28
24,11,17
0,23,32
24,17,18
24,9,17
29,16,17
48,19,18
24,23,24
11,14,19
44,11,16
20,22,21
33,8,12
38,2,2
53,16,23
31,7,9
43,3,12
0,13,25
10,19,24
10,14,21
10,19,22
63,18,28
41,16,17
52,12,21
39,8,15
52,4,20
32,8,13
12,19,21
22,18,19
36,19,20
22,0,8
58,20,26
26,2,8
9,13,23
42,7,16
38,22,19
25,7,16
8,20,26
48,19,19
62,19,29
45,1,2
1,16,38
47,3,14
47,5,13
16,5,15
44,1,10
26,2,4
10,23,23
44,1,8
27,20,19
30,21,19
9,21,24
27,22,19
6,12,25
45,6,15
7,6,18
27,4,2
25,16,18
43,14,16
14,13,17
39,12,16
39,0,0
8,18,26
63,12,26
63,22,30
9,15,24
38,23,20
14,5,15
6,7,18
6,12,23
32,5,4
59,18,26
43,0,1
28,3,6
31,6,7
8,21,26
17,19,19
37,3,2
56,5,22
25,6,9
30,18,19
2,21,39
60,13,26
4,15,27
23,20,20
23,7,15
29,1,1
13,14,18
41,1,1
19,23,22
35,18,20
37,5,6
30,6,11
53,5,20
42,2,3
36,13,17
26,2,6
20,0,10
35,21,20
59,15,26
16,22,19
1,7,20
13,22,21
45,0,4
20,19,19
0,18,26
38,3,2
55,3,22
35,11,18
42,19,17
0,19,37
55,19,24
13,22,20
39,5,13
43,3,5
58,7,23
28,22,19
1,13,26
62,20,28
41,18,18
32,7,10
29,1,0
27,5,10
5,8,21
51,13,20
43,0,0
3,13,26
22,0,2
48,1,14
35,22,21
27,6,7
10,8,17
41,7,6
8,13,21
43,23,18
29,3,4
42,14,17
23,3,8
28,4,10
3,5,19
23,21,22
9,0,16
51,22,22
1,3,18
56,9,23
47,19,18
6,11,21
35,4,4
3,0,17
24,23,20
10,9,18
60,23,30
49,8,18
50,0,18
35,9,16
55,17,24
53,23,24
24,8,16
44,21,18
1,19,27
51,21,22
54,18,23
15,18,18
50,9,20
29,10,17
13,23,20
48,23,19
63,17,28
37,6,7
40,16,17
50,0,17
0,22,34
0,15,35
54,20,24
29,4,0
10,3,15
18,3,15
11,6,15
17,14,18
0,20,27
52,6,21
54,14,23
53,3,20
50,6,18
7,10,19
31,16,18
36,23,20
33,10,14
29,10,16
28,17,18
33,14,19
10,16,23
0,18,35
57,16,24
40,8,15
20,8,17
39,4,10
5,6,18
57,5,23
1,13,25
47,15,18
23,11,18
61,20,27
28,4,2
34,12,19
36,16,18
39,19,19
38,22,20
50,6,17
41,3,11
2,5,18
32,6,8
29,7,10
40,13,17
28,5,9
41,2,6
49,23,19
47,6,16
33,20,19
31,9,12
3,7,21
55,23,26
43,4,13
34,7,9
17,6,15
31,8,8
40,17,17
31,11,12
50,7,18
3,17,27
27,6,6
24,22,23
28,4,3
2,9,22
32,6,7
30,9,13
50,5,18
48,6,15
0,6,21
40,20,19
38,5,5
36,4,4
38,7,15
40,0,0
55,17,23
27,2,3
0,15,37
49,23,20
9,23,23
37,6,12
33,6,7
46,13,18
31,3,2
37,13,17
2,20,27
1,10,24
14,12,18
30,14,17
15,23,21
26,5,8
26,12,17
42,13,16
34,4,4
26,20,19
37,2,1
60,4,23
44,8,16
29,4,5
2,1,17
24,1,2
62,8,25
18,2,14
58,15,25
45,4,12
12,23,22
43,1,4
52,7,21
9,14,23
41,15,16
48,9,17
17,10,17
20,7,17
33,5,2
59,19,27
57,7,24
49,7,17
6,1,17
47,6,15
0,23,27
27,18,19
23,20,22
9,13,19
24,1,7
16,10,17
55,13,23
2,12,24
17,18,19
22,20,22
30,7,12
22,0,5
16,5,16
3,23,29
9,2,16
27,7,14
18,16,18
53,17,23
57,23,26
39,16,18
7,11,22
6,18,26
24,6,15
25,8,17
8,15,25
17,7,16
3,12,25
58,9,24
38,4,2
8,12,23
14,0,15
62,7,24
37,1,0
62,10,25
48,11,17
15,1,15
33,11,16
24,1,5
3,10,24
34,13,18
23,19,19
12,2,15
4,20,27
13,19,19
38,18,18
48,3,14
37,10,16
29,6,11
24,2,5
27,3,4
18,23,20
20,2,6
32,8,6
59,17,25
50,4,18
28,4,7
57,16,25
21,6,15
44,0,5
1,17,38
6,5,17
7,0,16
7,2,17
5,12,24
32,21,19
12,15,20
45,0,8
56,6,22
37,11,17
32,18,19
7,23,26
41,3,7
16,0,15
29,23,19
20,10,17
46,17,18
1,7,22
57,7,23
35,9,14
23,22,22
26,14,18
21,16,18
41,17,17
30,5,6
12,13,19
22,0,11
63,17,27
41,6,6
16,19,19
12,3,15
54,16,23
63,22,29
24,22,25
1,15,37
26,19,19
56,18,24
4,2,18
16,7,17
40,14,16
12,20,20
9,7,17
0,9,23
44,10,16
42,9,15
29,12,16
41,13,16
23,23,21
23,19,21
7,13,26
31,15,18
37,4,4
24,3,5
48,7,16
48,6,16
44,1,9
32,8,11
10,8,18
61,20,29
27,9,16
7,15,25
22,1,5
44,15,17
42,3,10
0,11,23
4,19,26
10,13,19
32,8,7
57,15,25
11,14,20
37,6,10
30,11,14
2,9,23
23,23,22
6,12,24
16,7,16
41,3,10
1,19,37
22,3,13
44,1,6
33,5,4
60,14,26
22,23,24
56,10,24
10,12,18
47,7,15
47,14,18
51,7,20
6,7,19
22,13,17
19,23,19
1,4,18
62,20,29
58,7,24
31,8,6
24,1,4
2,13,26
32,6,4
28,3,4
39,7,15
29,2,1
5,11,24
43,1,8
31,5,6
14,20,20
40,4,8
15,17,18
25,4,4
18,15,18
15,6,16
8,16,26
9,3,16
49,15,19
60,6,24
38,4,5
20,1,12
29,2,2
5,0,17
26,3,4
43,1,2
19,0,6
11,17,20
45,15,18
31,8,12
55,7,22
6,8,19
7,11,21
27,6,12
8,22,26
40,3,8
0,9,22
47,20,19
24,5,13
22,1,11
27,4,11
42,1,6
0,14,36
48,21,19
9,12,21
61,22,31
9,1,16
36,6,8
13,21,20
47,4,14
46,1,10
33,11,17
4,13,25
28,10,16
34,3,2
39,4,4
4,23,39
5,10,22
26,18,18
45,0,0
47,22,19
54,13,22
40,23,19
22,3,4
31,23,19
11,15,21
63,10,26
30,10,16
62,5,23
31,7,7
18,1,14
52,16,22
21,23,23
43,4,11
40,5,11
25,0,2
2,21,37
24,2,12
37,6,11
58,14,25
41,5,12
44,12,16
41,9,15
24,23,21
53,21,24
5,10,21
1,14,35
44,17,18
24,2,8
24,12,18
49,17,19
7,16,25
11,12,18
14,3,15
23,11,17
62,14,28
6,23,27
27,5,9
41,10,16
25,13,18
46,9,16
0,17,37
7,15,26
10,23,24
6,3,17
49,8,17
8,23,25
7,14,25
5,9,22
27,14,17
2,10,24
16,3,14
51,5,20
32,7,3
39,4,7
40,5,13
24,15,18
4,13,26
4,9,23
21,18,18
17,7,17
36,6,5
35,16,18
52,5,19
23,6,15
42,6,14
25,0,0
38,5,10
6,6,17
0,10,24
62,7,23
23,9,17
22,6,15
56,5,23
32,5,3
19,0,5
45,18,18
22,20,19
10,13,18
56,13,23
45,11,16
35,7,7
5,18,27
0,7,22
0,20,26
23,3,5
13,0,15
49,3,15
27,13,17
57,6,23
54,12,22
39,10,16
27,10,17
22,12,17
44,4,13
12,12,18
38,4,8
3,15,27
6,11,23
0,2,19
45,9,16
17,20,19
19,21,19
4,11,23
49,12,20
38,6,6
37,7,13
12,16,19
0,14,35
41,22,19
41,21,19
0,19,36
1,9,23
51,16,21
34,4,1
43,4,5
16,15,18
24,3,8
28,8,14
54,17,23
29,8,13
26,3,11
10,6,16
21,0,7
14,2,15
0,23,33
17,1,15
25,20,19
58,21,27
25,2,10
5,21,27
37,2,0
28,1,1
5,6,19
63,23,30
3,23,37
53,23,23
21,7,17
29,18,19
27,0,0
23,6,16
32,12,17
8,12,20
6,19,26
1,22,40
40,1,0
63,15,28
54,13,23
30,19,19
0,7,21
44,13,16
38,3,3
5,2,17
33,7,9
21,19,18
48,12,18
13,11,18
46,20,18
63,8,25
57,5,22
43,9,16
28,19,18
20,3,14
23,21,23
60,11,26
40,15,17
30,5,8
51,13,21
30,10,15
3,23,38
22,21,23
40,4,6
41,1,2
55,18,24
36,2,1
47,9,17
60,16,27
47,11,17
55,10,23
53,12,22
29,17,18
0,8,22
7,19,26
51,23,23
35,12,18
29,21,19
31,3,0
2,3,18
26,7,15
19,0,13
28,8,16
31,12,17
4,1,17
28,10,14
55,21,24
35,6,5
23,8,17
57,9,24
0,22,27
23,0,8
35,3,2
13,11,17
41,0,1
32,5,5
45,16,18
16,18,18
36,7,14
12,6,15
17,6,17
37,22,20
21,8,16
40,4,5
63,13,26
6,22,28
41,7,15
38,2,1
3,9,22
37,15,18
54,19,24
1,20,27
25,5,13
30,15,18
13,23,21
60,20,27
38,1,1
10,18,22
28,18,18
22,9,17
58,17,25
6,16,26
23,1,11
59,14,25
22,11,17
52,17,22
19,1,4
3,11,24
62,16,27
30,4,6
41,4,10
20,0,12
10,6,17
52,19,23
43,5,13
2,6,19
30,10,14
29,2,0
39,5,10
22,4,13
23,4,13
54,11,22
4,21,28
40,3,3
44,0,9
42,4,13
44,7,16
11,7,17
23,13,17
59,16,25
57,22,27
30,15,17
40,4,11
37,15,17
54,9,22
2,8,22
1,18,26
44,0,1
62,9,26
32,11,17
7,14,26
62,11,26
24,5,14
34,19,19
47,9,16
32,16,19
32,3,2
21,14,18
1,7,21
31,9,13
14,20,19
25,1,3
36,8,14
62,13,27
50,15,20
16,23,20
46,23,18
15,7,17
23,12,17
30,8,12
10,21,22
39,20,19
32,13,18
8,11,20
53,19,23
28,2,2
24,2,9
46,0,9
23,7,17
28,5,7
24,1,8
26,6,8
35,16,19
56,17,24
3,23,27
30,18,18
31,6,3
22,0,4
52,14,22
46,21,18
35,7,12
31,6,10
7,9,19
59,11,26
27,4,10
50,1,17
5,3,17
12,11,18
26,6,9
25,1,4
17,21,19
25,2,4
28,5,8
42,16,17
30,9,14
46,18,18
18,23,19
1,21,38
12,5,15
27,19,19
38,5,1
14,23,21
30,12,16
17,22,19
33,5,3
14,18,19
40,18,18
32,5,6
63,20,28
15,6,17
7,13,23
15,16,18
41,21,18
62,17,28
31,6,9
0,21,39
34,15,19
63,23,33
26,6,14
30,6,12
10,14,23
13,12,17
38,4,4
52,14,21
34,5,5
23,19,20
44,1,4
9,8,17
25,9,17
59,22,27
5,15,27
24,22,24
6,11,20
47,3,13
25,3,8
23,1,3
11,20,22
49,17,20
5,11,23
20,23,21
0,15,26
43,15,17
30,5,0
62,12,27
4,18,27
41,19,17
43,1,9
42,1,3
44,16,17
21,7,16
33,9,13
59,9,25
3,22,28
9,16,24
13,20,19
14,15,18
3,21,27
46,13,17
8,10,20
1,16,27
42,1,8
12,23,23
4,10,22
4,8,22
40,4,12
35,7,9
47,6,14
21,5,15
43,1,5
28,4,9
4,12,24
63,22,32
23,3,13
27,3,5
51,14,21
38,15,17
43,14,17
4,2,17
28,4,6
34,5,4
1,19,38
48,13,18
59,11,25
14,17,18
46,12,18
36,2,2
2,22,36
27,14,18
5,1,17
49,10,19
61,20,28
4,21,27
7,13,24
39,7,14
45,0,7
7,22,27
45,5,14
25,12,17
19,20,19
40,3,6
28,3,0
36,5,2
38,5,7
28,9,15
23,2,5
26,5,9
23,22,23
42,14,16
45,14,18
38,21,20
46,19,18
1,14,26
42,12,16
4,14,27
60,15,27
24,3,13
29,5,10
34,20,20
14,19,19
0,13,34
11,4,15
1,20,36
46,23,19
27,4,7
44,5,14
17,0,13
57,4,23
37,16,17
37,16,18
60,5,24
3,22,39
39,11,16
21,21,21
25,2,5
10,13,20
29,16,18
60,14,27
5,13,25
51,9,20
3,23,40
19,14,17
53,9,21
20,8,16
61,9,25
51,11,20
8,6,18
29,5,9
7,3,16
23,0,1
11,13,19
9,18,23
21,22,23
9,9,18
42,22,18
23,22,24
11,8,17
0,18,36
35,15,19
42,9,16
0,6,20
58,20,27
4,23,28
23,0,3
7,8,19
46,6,15
31,23,20
44,6,14
6,10,23
30,13,17
42,11,16
19,1,5
62,15,28
19,3,14
10,23,22
31,4,2
1,6,19
23,0,4
53,4,21
0,13,31
48,4,14
61,15,27
60,12,26
49,13,20
0,3,19
31,6,6
41,6,15
41,4,7
14,6,16
9,21,23
5,20,27
35,4,3
20,0,6
31,13,18
39,5,12
57,21,27
45,1,6
38,16,18
27,4,8
3,18,27
28,5,12
20,20,19
54,6,22
61,7,24
4,8,21
2,22,39
6,8,20
24,23,26
22,5,14
58,18,25
35,6,6
8,11,18
49,21,19
30,5,7
37,11,16
19,19,19
2,4,18
9,23,26
28,19,19
51,4,18
4,23,38
23,4,5
42,20,17
49,18,19
22,15,18
38,8,16
38,16,17
20,14,17
30,7,10
36,3,3
60,10,26
61,7,25
24,3,11
24,1,6
17,14,17
27,15,17
57,14,24
37,9,16
9,20,23
24,1,9
28,7,15
42,3,9
38,2,0
24,21,20
20,16,18
54,23,26
28,3,2
15,5,15
38,18,19
37,9,17
8,12,21
5,8,20
7,12,24
31,3,1
11,0,15
34,7,8
51,23,22
38,21,19
30,6,9
6,10,20
6,4,17
29,4,4
31,8,13
36,20,20
42,21,18
29,6,12
1,9,22
23,1,9
23,23,25
12,10,17
40,17,18
1,18,36
42,18,17
36,14,18
37,5,7
22,22,23
16,6,16
18,14,18
37,20,20
32,3,1
22,5,15
43,6,14
3,1,17
29,6,10
26,15,18
1,21,36
9,18,24
2,14,27
30,5,9
37,9,15
24,4,5
44,12,17
42,21,17
21,0,9
37,19,19
1,10,23
8,7,18
43,3,11
42,2,9
21,4,14
30,7,11
31,14,18
18,15,17
12,18,19
45,0,5
11,14,21
34,10,17
55,22,24
5,16,26
32,4,3
10,19,23
30,11,15
35,17,18
62,5,24
52,13,21
35,20,20
33,5,1
35,7,11
19,10,17
26,6,10
19,16,18
23,4,14
49,5,15
54,20,23
58,17,26
51,5,18
3,10,23
22,16,18
38,19,19
28,6,13
5,22,28
55,15,23
39,18,18
14,13,18
47,21,18
20,23,23
30,9,15
8,2,16
8,14,25
20,11,18
19,15,18
48,8,17
34,4,0
25,5,8
11,0,16
10,16,22
5,21,28
61,4,24
19,0,14
22,2,5
47,18,18
61,18,27
62,15,27
62,22,30
10,13,22
15,23,20
13,15,18
17,9,17
10,20,23
13,6,17
39,6,14
55,10,22
24,23,23
37,3,4
32,22,20
23,2,4
35,8,12
39,9,16
31,3,3
1,12,25
32,6,5
8,19,26
40,3,9
37,6,9
41,6,14
39,2,2
26,3,8
24,7,15
42,2,4
25,11,17
20,5,15
23,17,19
0,22,39
16,16,18
35,13,18
36,19,19
31,4,3
60,15,26
37,12,17
11,18,21
8,18,25
35,19,19
8,1,16
45,3,11
62,21,29
52,20,22
60,13,27
38,14,17
26,8,17
36,8,13
37,5,9
1,22,37
39,3,1
50,5,17
37,17,19
22,13,18
41,5,5
27,6,14
62,10,26
44,14,17
16,14,18
19,22,20
32,11,16
16,0,14
30,20,19
63,6,23
60,8,26
50,13,21
21,5,14
25,2,11
5,9,20
10,2,16
14,16,18
27,8,17
34,10,15
51,20,21
28,7,14
37,21,21
57,9,25
42,1,7
7,17,25
12,6,16
26,7,14
44,0,4
1,14,36
39,8,16
41,4,12
23,1,7
7,22,26
7,12,22
18,3,14
39,22,20
2,22,38
47,8,16
9,14,24
22,14,18
54,23,25
9,17,24
50,8,19
33,6,3
8,23,26
16,9,17
34,4,3
54,3,21
50,4,16
24,19,19
52,4,19
45,7,15
30,6,7
40,4,7
23,17,18
42,17,17
32,23,19
35,8,13
47,0,12
4,3,18
10,19,21
36,17,19
22,3,14
13,5,15
20,0,13
49,4,16
15,22,20
30,4,4
17,3,14
32,8,10
60,6,25
35,19,20
41,20,17
29,12,17
29,19,19
50,10,19
62,19,28
59,21,28
0,11,24
41,20,18
62,23,31
10,14,22
59,6,23
46,0,4
14,22,20
49,6,17
33,23,20
34,3,1
26,17,18
26,10,17
7,21,26
21,23,24
24,2,4
27,2,0
6,6,18
39,13,16
34,6,7
19,2,14
32,14,18
28,5,11
9,13,24
27,1,0
55,23,25
44,13,17
36,7,12
58,19,25
62,6,24
1,20,38
3,14,26
29,4,6
49,6,18
46,16,18
42,8,16
26,3,6
19,1,14
33,10,15
38,3,1
26,1,1
30,4,5
44,1,7
61,23,30
16,19,18
28,14,17
