53,4,31
53,17,8
55,12,14
49,14,11
59,8,35
61,5,44
53,4,35
61,12,18
51,8,55
56,6,22
51,16,8
63,22,5
60,16,11
54,17,8
63,6,55
59,3,34
61,13,17
53,6,32
53,15,11
61,6,47
52,3,30
62,16,11
53,4,39
51,7,55
58,21,4
53,6,37
58,4,25
50,7,37
60,21,5
57,3,32
54,20,5
51,4,37
51,3,35
61,7,21
53,10,62
54,4,38
61,7,36
61,4,42
56,7,55
49,4,41
52,7,55
57,6,33
60,4,33
50,17,8
59,15,13
55,6,34
61,4,39
50,5,39
61,6,37
53,4,40
63,5,36
59,6,54
51,6,21
56,7,56
58,22,4
54,14,12
53,15,10
60,6,34
62,23,4
49,11,61
59,5,46
61,18,9
51,4,42
53,6,29
50,4,29
56,14,11
60,10,61
57,4,38
55,10,62
57,23,1
49,5,39
56,4,39
51,13,12
50,5,49
54,19,7
49,10,16
56,6,30
55,7,34
54,5,36
49,4,24
58,11,17
63,4,39
51,11,62
49,5,49
59,5,27
56,5,24
63,5,27
59,7,32
62,15,11
55,7,54
59,6,53
63,20,7
61,14,12
57,11,63
60,7,57
58,4,42
59,17,9
51,5,39
59,20,5
59,11,63
62,20,7
60,7,21
53,6,31
49,3,34
60,5,23
63,5,52
56,20,4
53,5,24
51,15,9
49,6,22
61,18,8
55,7,38
50,6,39
55,4,27
59,11,18
58,6,28
52,11,63
53,4,41
61,4,44
49,3,38
55,17,8
54,13,13
62,3,35
59,8,57
51,3,36
59,9,18
61,20,6
51,4,24
56,23,0
57,6,22
53,6,38
58,8,19
60,14,12
62,10,19
61,6,22
55,7,37
51,13,13
63,5,25
56,4,30
53,5,51
63,8,20
54,10,62
54,5,44
57,13,14
61,23,1
51,7,35
57,8,20
61,9,59
54,3,32
53,6,53
51,6,51
55,5,48
63,6,26
57,7,21
59,22,4
55,7,55
63,4,43
55,6,40
50,3,37
57,4,35
56,8,58
62,10,63
49,8,56
50,13,12
51,3,34
52,8,56
49,4,31
57,6,36
59,12,18
60,5,43
54,7,33
53,4,38
52,5,45
56,10,61
58,8,58
50,9,59
58,23,0
50,8,56
51,5,27
53,10,61
50,6,38
50,11,63
51,15,10
53,6,21
49,6,52
59,19,6
60,9,60
62,10,62
52,7,56
55,6,54
59,5,47
56,6,31
52,4,40
58,21,5
58,5,48
62,6,31
60,4,35
55,15,11
62,5,39
54,4,31
51,6,37
60,6,23
57,6,32
49,4,30
57,13,15
62,6,22
58,4,31
59,4,33
56,13,14
50,9,17
56,7,54
63,10,63
49,11,62
52,5,24
52,15,10
63,4,27
60,6,33
49,7,19
50,4,26
56,9,18
55,4,34
49,17,6
58,4,30
62,5,49
58,3,34
56,6,27
63,6,38
51,15,11
54,5,27
50,14,12
60,8,35
63,22,4
62,4,35
53,11,63
62,4,41
55,5,32
60,4,38
61,21,5
57,10,61
61,10,63
57,5,25
50,5,45
49,8,57
49,3,30
62,6,37
52,14,11
61,7,57
54,5,52
63,13,17
53,5,31
56,5,25
52,16,9
57,22,2
53,5,45
50,4,38
57,8,59
50,6,51
57,4,43
57,10,17
59,12,16
57,5,43
59,5,52
55,10,61
50,10,60
51,4,40
59,10,61
53,7,35
63,6,27
57,5,45
58,5,25
50,7,21
59,22,2
55,4,28
49,13,11
53,3,29
58,4,43
60,19,6
58,4,45
61,23,2
53,7,33
54,4,41
53,11,62
50,3,30
51,4,25
50,5,46
56,12,15
51,7,20
52,4,28
61,15,11
55,4,25
54,3,34
49,5,44
61,21,4
59,13,13
49,3,35
54,6,52
51,4,38
55,5,51
63,5,35
59,18,8
61,6,53
54,4,26
59,7,36
56,4,25
62,6,54
61,16,10
63,7,21
57,5,29
61,3,35
56,4,45
54,11,16
50,5,25
62,5,40
53,10,16
59,5,23
63,4,44
63,4,40
61,16,11
53,7,56
62,12,17
50,5,23
53,9,58
60,8,57
63,7,56
54,6,22
53,5,29
58,7,56
63,10,17
58,9,60
49,5,30
59,7,55
62,9,62
55,7,20
51,9,58
62,4,39
62,4,26
54,7,22
61,9,60
60,4,39
51,11,15
56,7,20
60,12,14
49,5,31
53,13,12
59,14,15
54,19,5
57,7,22
52,5,27
50,14,10
53,8,38
60,19,7
58,9,59
63,12,17
53,6,39
53,5,28
62,4,30
52,4,44
52,6,53
54,4,40
49,7,37
60,15,11
57,5,51
61,6,34
59,6,29
50,16,8
53,5,46
57,5,24
57,18,8
51,5,36
61,11,17
58,23,3
61,13,18
54,6,34
55,6,27
60,4,28
62,4,31
52,9,18
58,5,49
63,10,19
60,12,15
51,12,14
62,10,18
49,15,10
56,19,7
61,22,4
63,23,4
63,7,31
59,4,37
54,13,14
60,8,36
63,5,40
61,5,30
60,11,17
51,3,31
61,19,7
53,6,36
50,4,39
51,4,32
60,16,10
59,13,14
62,10,17
55,7,31
58,6,32
60,23,1
55,8,57
51,4,28
61,5,36
56,6,52
53,5,49
60,11,15
60,9,61
62,5,24
61,12,16
51,11,16
60,8,59
55,3,32
50,4,28
59,21,3
53,4,37
60,22,2
62,8,30
61,8,21
51,7,53
56,19,6
63,11,16
52,5,22
55,7,21
62,7,57
59,16,14
60,13,13
62,8,20
60,7,56
59,6,28
51,5,26
53,5,39
57,9,19
61,22,3
50,12,13
51,11,14
50,5,30
63,8,21
59,18,7
49,12,13
59,7,21
55,18,8
55,11,16
62,6,29
60,13,17
57,15,13
56,11,63
56,3,34
50,3,38
59,21,4
53,11,16
53,5,50
51,5,48
54,4,36
57,6,53
56,4,44
57,5,28
58,5,36
59,10,17
57,4,39
52,7,34
62,7,32
50,5,40
60,14,13
53,5,48
51,6,53
49,5,29
57,7,54
49,4,35
50,5,31
58,17,8
60,9,59
53,11,15
54,5,51
50,4,36
57,19,7
62,5,26
52,4,30
53,6,34
49,5,22
55,9,58
54,12,15
59,4,43
59,11,16
56,10,17
62,7,21
58,7,32
62,3,34
59,23,5
62,5,23
60,5,53
52,6,34
58,4,29
51,8,19
62,8,57
61,9,19
55,6,28
62,7,29
57,3,35
58,20,5
55,8,20
55,8,58
59,15,14
54,9,58
62,23,2
55,5,50
60,4,31
50,11,62
60,6,22
56,4,29
63,4,38
63,6,23
58,4,27
51,9,17
58,10,62
50,12,14
60,20,6
56,19,8
55,8,33
52,7,20
59,23,0
58,6,37
51,5,46
61,4,29
62,5,53
57,20,4
57,4,34
56,5,23
59,4,44
58,5,47
55,7,29
50,7,55
63,12,15
51,3,30
58,19,7
62,6,28
52,5,48
57,5,47
53,9,59
61,12,17
62,20,6
57,14,15
61,5,49
61,4,41
63,11,20
62,18,9
49,6,40
62,7,38
52,12,15
56,4,40
54,7,23
56,14,12
54,5,47
52,4,39
62,7,55
49,5,32
62,21,6
55,20,8
61,7,22
63,6,37
61,4,38
56,3,33
55,4,38
52,3,35
57,6,25
54,5,49
59,4,30
53,4,25
52,12,14
61,7,34
53,12,15
61,6,55
59,7,22
61,13,15
52,9,58
54,19,6
59,10,63
58,5,44
52,10,16
62,6,30
59,5,25
57,4,36
54,7,37
55,12,15
50,5,22
58,4,41
50,7,53
60,5,47
63,21,6
50,4,44
52,6,32
61,7,55
53,14,11
63,5,46
60,6,24
55,8,19
53,3,35
59,7,57
55,5,38
62,6,35
53,7,37
54,17,9
59,4,39
53,13,13
62,4,37
57,8,56
61,4,40
54,21,7
54,8,58
61,5,29
56,4,27
63,20,6
53,8,35
62,18,8
57,5,49
50,3,31
61,13,13
59,6,22
60,4,43
56,6,36
50,4,41
49,6,53
52,13,13
60,7,35
59,5,53
62,22,3
57,19,6
63,5,28
49,3,32
61,15,15
53,3,31
56,16,9
50,6,37
59,5,43
49,8,37
60,5,25
50,5,47
53,3,30
57,5,23
55,6,31
53,4,27
50,3,34
53,7,32
60,6,35
51,8,56
54,7,21
61,8,35
57,3,34
56,10,63
63,3,35
57,7,55
57,5,26
53,4,24
55,5,28
55,4,36
58,20,7
50,4,30
52,7,33
62,16,10
59,7,35
59,8,19
58,15,11
62,7,30
51,10,60
51,4,26
52,5,47
53,3,32
57,9,61
54,4,27
62,4,42
58,11,16
58,10,61
49,4,40
59,4,31
51,8,57
58,5,52
61,6,23
62,22,5
49,5,37
62,9,61
49,4,29
53,10,60
58,7,22
53,5,38
58,5,46
50,3,35
53,6,23
61,4,35
62,5,31
57,5,38
49,9,59
62,12,16
62,6,33
60,6,32
49,4,34
62,22,4
60,19,8
49,6,38
54,6,37
54,5,28
54,7,55
60,4,44
61,5,33
50,4,42
59,5,29
50,10,17
54,3,36
49,5,50
53,8,37
49,5,23
51,4,31
60,15,12
51,4,30
53,4,26
61,4,26
62,8,59
58,8,21
56,22,3
56,4,35
49,4,44
62,21,5
60,7,22
62,17,9
49,3,31
62,5,52
51,4,27
57,10,63
49,4,39
63,6,31
50,7,38
57,4,30
50,10,61
62,7,22
54,4,25
54,9,18
60,8,20
52,8,36
49,8,18
61,5,24
51,5,45
53,14,12
59,9,19
62,8,21
59,5,49
53,9,17
55,7,28
58,10,63
58,16,9
58,6,34
59,4,28
59,13,16
54,6,36
56,11,15
55,6,52
55,8,56
57,5,31
58,16,13
63,4,41
50,14,11
53,9,19
55,3,35
61,10,19
59,5,51
61,5,37
49,16,8
60,4,27
58,16,10
54,10,60
63,21,5
58,6,55
50,8,20
53,4,44
54,8,57
62,4,27
63,5,47
49,3,39
55,10,16
53,8,57
54,7,29
58,6,44
55,5,23
55,10,63
57,16,11
63,17,10
60,6,47
54,8,56
63,4,29
63,13,16
61,5,47
63,4,36
59,7,56
58,4,32
56,21,7
57,19,5
52,8,38
53,7,36
62,6,34
50,3,39
61,17,9
58,13,14
61,3,33
51,6,36
55,10,18
49,4,25
62,6,47
62,5,27
54,15,11
56,18,7
54,20,6
53,4,33
57,17,8
50,10,62
49,9,58
49,4,42
53,8,34
58,7,29
55,7,39
49,5,40
55,6,38
54,15,10
59,4,35
60,20,5
53,7,54
53,5,23
55,4,44
55,19,6
60,5,32
49,5,45
63,5,30
58,12,14
51,14,12
57,4,31
62,9,19
59,22,5
52,13,12
63,5,29
57,20,7
58,5,45
55,11,63
51,12,13
61,8,57
56,16,10
61,7,56
61,4,25
61,6,33
55,6,39
52,8,57
63,6,54
59,10,62
50,4,40
54,11,63
53,6,54
55,9,18
63,18,9
54,7,39
60,4,37
55,6,53
51,10,61
56,7,21
58,18,8
56,4,42
62,5,48
52,4,42
61,4,30
60,17,9
62,5,38
58,10,17
60,8,19
60,20,7
51,8,20
60,13,14
52,6,54
58,4,37
63,6,24
53,8,56
54,14,11
52,9,60
56,10,62
58,23,4
49,10,60
60,5,40
58,14,16
63,5,53
49,6,39
55,5,24
55,5,35
49,7,53
51,5,51
49,11,14
62,5,29
63,16,10
57,4,40
61,4,27
58,10,18
49,4,32
62,13,14
60,5,48
54,8,20
60,14,15
62,3,33
49,3,36
55,5,31
55,10,60
53,17,9
61,3,34
49,17,7
52,4,38
49,7,54
59,9,59
55,4,43
60,4,30
57,11,17
56,4,38
59,4,27
53,3,34
63,6,30
59,5,48
50,5,27
59,4,26
51,5,44
55,5,39
49,12,14
61,6,32
60,11,16
63,7,58
55,10,17
60,23,0
54,6,39
57,16,9
60,14,14
59,13,18
58,8,20
56,9,61
51,7,36
57,13,13
62,5,50
54,10,17
56,20,7
63,17,9
60,5,28
54,8,19
52,5,44
56,17,9
56,12,14
52,8,19
53,16,10
55,17,9
55,11,15
59,12,15
63,18,8
57,9,60
52,14,13
55,14,11
58,5,23
53,7,22
55,15,12
58,15,12
57,15,11
56,6,37
55,19,8
50,4,27
61,20,7
53,8,36
53,5,37
57,10,62
56,5,29
49,4,28
53,5,47
61,4,36
56,17,8
63,4,26
63,7,22
56,9,19
52,5,23
53,8,20
60,5,33
52,7,36
57,20,6
62,8,60
59,19,7
61,6,24
50,11,15
54,20,7
52,3,33
57,21,7
55,20,7
49,10,61
56,21,3
51,4,44
56,3,32
57,18,7
53,4,43
51,5,29
59,5,24
52,5,46
50,15,9
58,8,57
61,8,20
56,22,2
61,19,8
52,4,43
61,5,50
58,6,24
62,11,17
63,5,31
57,14,12
59,5,45
55,5,27
58,23,2
55,3,34
63,9,60
49,5,47
61,4,28
58,14,12
56,9,60
51,8,18
56,11,16
62,15,12
58,7,55
60,12,18
61,9,61
57,4,28
50,7,36
55,14,12
55,4,29
56,6,53
60,18,8
54,16,10
56,8,20
51,3,38
63,5,48
60,15,14
63,15,12
59,4,42
52,10,62
52,3,31
63,3,36
54,11,62
55,4,40
55,3,33
58,5,30
49,9,17
53,12,14
59,8,36
63,5,44
56,20,8
60,5,31
51,6,22
59,16,10
49,3,37
51,3,29
58,7,33
60,10,17
54,4,42
54,5,45
63,7,27
62,4,32
60,10,18
58,9,18
56,5,51
57,6,37
58,9,19
56,23,1
55,5,45
62,12,15
63,6,29
57,4,26
55,5,34
49,6,51
58,5,34
50,8,19
53,5,44
60,5,29
62,5,25
56,6,54
54,3,33
58,4,40
55,4,39
60,21,3
54,6,38
62,5,30
55,4,26
57,16,10
54,7,32
55,9,59
52,6,22
57,8,57
53,16,9
52,12,13
59,6,55
51,8,37
52,5,51
53,4,42
63,4,42
51,4,36
63,14,12
57,4,42
62,9,60
51,10,17
62,7,56
58,5,28
59,12,14
53,10,18
61,10,18
53,8,19
61,8,58
62,14,12
63,11,17
57,3,33
63,9,19
50,3,33
57,12,14
53,6,33
62,6,23
62,13,17
53,8,58
53,6,52
54,6,23
60,8,58
56,8,19
63,12,16
58,20,6
55,4,30
58,17,9
58,5,50
59,11,15
58,4,39
61,5,45
54,6,33
59,6,27
53,5,34
59,22,3
58,4,26
60,6,53
61,6,28
59,9,60
52,11,16
58,4,44
57,4,29
52,14,12
61,5,31
50,5,24
62,4,38
63,6,36
63,14,17
52,10,17
50,10,16
60,10,19
53,4,28
50,6,53
60,8,34
62,5,37
52,4,37
51,8,36
50,8,36
58,4,35
57,5,50
50,7,54
54,5,38
63,5,51
60,5,52
59,7,33
62,11,16
61,6,38
53,7,20
62,6,24
63,5,26
57,4,44
56,4,28
52,6,38
53,4,36
50,8,37
61,6,35
59,4,25
58,7,21
61,11,16
62,6,53
63,5,24
56,15,10
49,8,19
57,4,25
61,5,38
57,6,23
62,9,18
52,9,59
52,11,62
49,5,26
58,14,14
50,5,50
54,6,31
63,4,33
53,4,29
51,5,47
56,7,22
62,7,23
60,9,19
50,8,55
58,12,16
59,16,12
59,5,28
52,4,41
52,4,26
56,4,26
63,4,37
57,22,3
57,4,27
60,17,10
58,4,28
53,9,60
59,8,21
59,18,9
56,21,4
49,7,21
63,9,62
49,4,26
62,5,51
51,4,39
54,4,29
54,5,24
51,5,50
58,4,38
56,15,11
60,7,36
51,9,18
61,21,6
58,6,54
63,6,48
62,6,39
56,11,17
56,23,2
55,4,37
63,7,55
58,3,33
49,15,9
49,5,46
50,5,29
55,13,14
62,19,8
52,8,20
53,7,55
61,15,12
54,3,35
60,5,24
62,8,58
54,5,37
50,8,57
52,8,58
60,5,46
59,4,29
60,22,3
52,5,40
58,23,1
49,3,33
50,17,7
59,5,50
52,8,35
58,6,22
60,5,30
60,5,49
59,4,45
58,15,14
61,9,18
54,5,32
54,6,40
61,13,14
56,5,49
58,5,51
56,3,31
62,4,40
57,21,4
54,4,43
60,11,18
53,6,22
55,3,31
60,4,40
53,9,18
60,9,18
50,6,22
57,4,37
62,4,25
61,5,32
51,17,7
56,5,30
55,4,41
57,6,31
61,5,48
63,7,23
62,5,32
59,4,36
53,3,33
60,9,35
57,6,24
58,5,33
54,7,54
61,6,31
55,6,37
56,5,45
55,4,35
60,4,45
59,14,14
59,4,40
60,7,34
63,14,16
50,4,43
56,7,38
54,4,28
56,4,36
59,5,31
58,18,7
60,18,9
49,8,55
57,8,58
58,5,37
57,9,59
56,4,37
56,10,18
62,4,33
62,17,10
59,10,18
52,6,52
58,6,31
50,4,24
52,8,33
56,14,13
57,17,9
60,7,32
55,5,52
63,9,20
51,3,32
59,11,17
55,19,7
60,10,62
60,4,26
60,4,42
57,6,35
63,5,43
61,9,62
63,5,38
58,21,3
60,4,41
52,7,21
54,9,19
49,3,40
59,14,12
58,19,6
52,7,35
54,3,31
52,6,51
56,8,57
63,7,30
54,11,15
59,6,23
52,5,38
60,5,50
52,7,38
55,5,47
59,23,3
55,16,9
62,14,14
59,8,34
55,15,10
49,4,43
59,17,10
59,8,59
59,8,58
54,4,44
63,5,54
51,5,23
51,7,54
62,6,55
57,3,36
61,4,31
61,6,54
55,5,46
61,5,53
55,5,30
57,5,52
52,4,27
62,6,38
61,5,46
54,12,14
54,5,50
60,4,25
54,6,29
59,5,44
49,9,57
57,6,44
53,5,36
57,5,30
56,6,28
63,3,34
59,15,12
60,4,36
50,5,51
51,5,28
60,21,4
54,5,46
49,7,20
52,3,29
50,5,44
49,5,51
54,7,35
53,18,7
49,5,24
61,7,33
61,23,3
55,16,10
50,13,13
61,12,15
56,6,34
57,4,45
60,5,45
57,5,34
52,4,24
58,5,31
62,7,31
58,22,2
63,4,32
63,15,11
51,14,11
55,7,30
49,4,27
55,4,42
61,8,59
49,8,36
59,14,13
62,19,7
50,5,38
56,5,34
49,6,21
49,3,29
63,10,18
54,4,37
54,9,60
53,10,17
52,3,32
51,3,33
51,5,31
60,7,55
50,7,20
50,12,63
54,5,23
58,11,63
63,19,7
56,5,35
54,6,53
53,6,35
55,18,7
50,15,10
56,5,31
59,4,38
60,5,44
62,13,13
63,8,60
51,5,49
60,7,33
52,5,34
63,4,34
62,23,3
63,5,50
56,5,48
63,5,39
60,10,63
58,16,14
51,16,9
59,6,36
52,10,61
54,6,54
50,6,52
60,5,51
49,11,15
57,5,35
57,6,54
60,6,55
62,5,45
63,4,31
62,5,44
51,10,16
54,10,61
54,7,30
61,14,13
60,6,54
55,6,30
60,23,2
58,15,13
49,13,12
61,8,30
61,4,37
51,5,37
62,14,13
63,10,62
62,6,32
59,23,1
51,9,59
57,9,18
63,16,11
62,4,28
62,5,41
56,5,47
52,8,37
51,17,8
62,5,33
49,16,9
56,6,35
56,5,37
52,5,49
62,4,36
55,13,13
51,6,52
63,6,47
54,9,59
63,5,49
63,8,58
61,5,51
63,8,59
50,16,9
57,7,56
56,5,27
59,9,61
59,12,17
51,4,43
61,4,43
57,23,2
54,5,48
58,22,3
58,15,10
51,5,24
62,14,16
52,7,37
56,4,41
58,4,33
53,7,21
51,10,62
49,10,15
50,9,18
62,4,29
54,18,7
52,10,60
52,9,17
52,4,29
62,5,47
51,10,59
53,5,33
61,5,28
57,10,18
56,5,44
61,10,62
54,7,31
59,8,20
57,15,10
49,5,48
52,17,8
56,4,34
56,9,59
56,5,28
52,6,21
57,6,29
63,14,13
57,6,52
54,6,28
61,5,52
52,15,11
51,4,41
57,5,46
57,5,44
57,23,0
63,6,22
50,5,48
55,5,29
54,7,56
51,7,21
52,9,19
52,4,25
49,6,29
49,14,10
51,4,29
51,14,13
50,3,32
63,13,14
56,5,50
63,9,61
63,7,57
61,7,32
55,5,49
61,17,10
56,5,52
61,22,5
57,21,3
52,5,50
59,20,6
56,20,5
58,4,34
61,4,33
55,9,60
62,6,27
53,5,52
60,4,29
63,13,15
56,8,56
57,7,32
57,15,12
55,9,19
58,9,61
54,6,30
58,12,15
58,8,59
62,3,36
58,6,23
58,6,53
57,4,41
57,12,15
61,14,15
63,19,8
53,7,34
49,6,37
58,5,29
56,6,23
57,11,16
62,5,34
52,11,15
52,7,54
49,7,36
63,23,3
55,7,56
55,6,23
52,6,36
53,6,30
57,5,37
51,5,22
58,13,16
54,10,16
58,5,24
50,4,25
63,4,28
59,4,41
56,13,13
55,3,30
60,5,36
62,4,44
56,4,43
49,10,59
55,6,22
57,20,5
63,4,30
54,4,39
56,5,46
49,18,6
59,21,5
50,18,7
54,3,30
59,4,32
57,11,15
58,14,13
57,8,19
50,6,21
58,4,36
51,11,63
61,6,36
59,15,11
49,7,55
57,5,36
54,7,34
59,5,30
63,5,45
62,5,46
49,11,63
61,7,35
51,5,38
62,4,43
50,9,58
54,16,9
50,8,18
55,5,25
57,5,48
49,7,38
56,4,31
50,11,14
