1,5,28
11,2,19
4,2,28
7,2,27
0,3,31
5,5,17
8,4,23
5,3,29
1,6,25
2,1,32
2,3,32
9,0,25
3,2,29
0,8,23
9,1,29
2,2,27
8,2,24
1,5,29
8,2,21
7,4,27
4,4,24
8,4,25
10,1,24
2,1,31
7,5,22
5,4,27
4,2,29
2,5,20
1,7,17
1,0,33
7,1,26
5,4,19
0,7,20
7,2,26
3,4,23
3,6,27
5,2,30
10,3,21
10,2,17
5,5,25
3,3,28
5,0,33
6,4,18
1,3,30
3,5,17
0,8,25
6,6,19
1,6,18
11,0,22
1,1,32
11,2,20
6,5,19
4,5,19
3,5,28
0,6,26
3,4,27
2,0,34
1,2,33
6,4,17
12,1,20
7,3,19
0,3,28
4,5,22
4,5,27
8,1,26
3,2,32
7,3,23
4,6,27
8,1,28
1,7,20
0,5,30
9,0,29
7,1,30
3,4,30
7,1,25
6,6,20
7,2,19
8,2,29
7,2,23
1,1,35
5,3,20
10,2,25
2,4,26
1,7,18
4,5,25
8,3,22
0,6,24
6,0,30
2,0,35
1,6,19
3,4,22
9,2,29
10,2,23
9,4,25
9,1,20
2,7,17
11,1,25
2,4,23
1,1,30
6,4,27
5,3,23
3,5,20
8,3,17
7,4,22
10,2,21
3,0,35
2,3,29
6,1,33
4,4,18
11,0,17
3,6,19
4,4,28
8,3,27
8,2,20
6,4,28
9,3,23
7,2,24
10,1,22
6,2,28
4,1,28
3,2,26
1,5,23
3,0,30
8,2,25
8,4,27
10,0,20
2,6,26
2,3,28
9,2,28
6,1,28
8,2,19
1,5,27
0,7,26
8,1,25
7,2,31
11,1,26
8,2,22
11,2,26
5,2,29
10,2,26
8,1,29
6,0,32
9,2,26
12,0,26
3,0,31
3,5,21
7,3,29
3,6,17
2,5,22
10,1,23
9,0,32
10,1,19
9,0,24
3,2,30
8,3,24
2,7,26
12,0,25
7,3,22
8,3,25
0,8,19
7,2,30
2,6,27
2,0,33
6,3,18
3,5,23
11,1,20
1,7,19
2,1,29
2,2,29
0,3,32
4,4,25
2,6,22
5,2,26
9,1,21
7,2,22
5,2,25
2,7,25
7,2,21
6,2,26
3,4,29
5,2,27
0,0,33
3,6,18
1,2,32
6,0,31
0,4,28
2,2,31
0,4,30
9,3,26
7,4,24
4,1,30
5,0,32
1,0,30
6,4,21
0,4,25
1,7,25
1,6,27
3,3,27
6,2,25
1,6,23
9,4,24
5,5,20
0,0,31
1,6,20
6,4,23
0,2,33
3,1,31
11,0,31
1,4,29
0,1,33
6,3,29
10,0,19
4,2,30
10,0,23
1,1,31
7,5,25
12,2,19
3,6,25
3,2,27
6,4,20
11,0,25
1,6,28
6,3,21
1,2,34
10,0,29
7,2,29
6,2,23
1,4,26
0,0,35
6,4,29
4,5,26
3,4,26
0,5,27
6,3,24
9,3,17
0,7,18
5,4,20
0,6,21
7,4,20
7,3,17
3,7,24
10,0,30
7,1,28
7,1,29
6,1,32
7,4,25
8,2,17
8,2,18
2,2,33
3,4,31
5,4,26
5,4,28
5,0,30
4,4,22
8,0,28
7,0,27
3,5,18
1,0,35
0,0,36
2,3,27
5,1,31
5,1,27
1,6,24
0,2,29
9,0,27
0,6,25
5,2,28
8,4,22
4,6,25
9,1,22
7,4,21
8,3,20
2,1,34
9,2,21
6,3,25
3,5,19
5,4,25
5,4,18
6,2,27
3,1,33
4,3,25
7,0,33
6,2,29
5,5,18
1,6,21
6,1,29
5,1,33
3,5,27
7,3,26
5,3,22
9,2,19
2,0,30
5,4,22
10,2,18
0,3,29
8,0,33
7,0,30
6,3,26
7,1,27
4,0,29
6,4,25
2,5,25
0,4,27
2,5,26
12,1,19
8,1,24
2,4,24
4,0,30
6,1,31
4,3,29
7,5,20
7,3,28
0,3,30
4,5,17
2,3,31
6,3,22
5,4,29
7,1,31
1,6,17
7,3,27
9,1,27
4,0,31
3,6,26
10,2,28
1,5,25
0,1,34
11,0,24
0,7,25
10,1,27
2,6,19
3,4,28
1,4,28
7,2,28
3,1,30
7,3,21
2,3,26
8,4,24
2,2,32
1,5,24
4,5,20
1,3,26
3,2,28
4,4,30
3,5,24
9,2,18
0,7,22
7,2,20
3,3,25
6,5,21
10,1,29
1,4,24
5,1,32
4,1,32
10,2,20
9,3,27
1,3,29
5,6,20
1,4,27
2,1,30
10,1,20
11,0,21
9,2,17
2,2,30
7,1,24
4,3,23
1,3,31
0,8,24
3,4,24
3,0,32
10,1,30
3,5,26
4,6,24
7,0,28
1,2,31
0,1,32
0,2,30
3,2,31
7,3,18
6,3,23
0,5,26
5,5,19
6,3,28
9,0,31
12,0,18
5,3,26
2,0,31
11,0,20
12,0,19
10,3,20
6,0,29
12,0,17
10,0,25
5,6,19
8,0,27
10,0,21
7,0,32
11,1,18
4,4,26
8,1,32
4,2,31
8,4,21
9,1,18
1,1,29
2,5,19
4,1,31
5,4,23
2,6,21
7,3,24
5,3,30
8,2,28
0,7,19
9,1,30
3,6,24
5,3,21
4,4,29
0,7,23
5,1,30
6,4,19
2,5,23
1,2,30
12,0,24
6,5,20
8,2,23
5,2,31
0,0,32
3,0,33
0,6,22
2,5,28
2,6,24
11,0,19
2,3,25
3,3,32
0,8,17
7,5,21
4,3,27
10,1,25
8,3,18
9,2,24
11,0,18
3,3,26
11,3,21
9,0,28
0,2,28
6,3,27
1,1,34
3,4,25
11,0,26
4,2,26
0,4,29
7,4,17
9,0,26
6,3,20
9,1,24
2,2,28
2,1,28
2,6,17
12,0,21
8,1,21
3,3,31
1,1,33
7,3,25
9,3,24
6,5,22
4,2,27
2,6,18
4,2,32
11,2,21
5,6,22
6,1,27
2,0,32
8,0,30
9,2,23
8,0,26
8,2,27
10,0,24
4,0,32
11,1,21
4,6,17
7,1,32
4,4,20
7,0,29
11,1,17
0,0,34
10,1,21
6,0,33
8,0,32
5,5,26
0,5,25
1,2,28
8,2,26
0,6,23
8,1,30
2,4,29
10,0,26
2,5,21
1,7,26
8,0,31
4,1,29
6,3,19
3,3,30
0,1,30
3,5,22
6,2,24
6,0,28
4,4,21
0,4,26
8,3,21
4,1,27
0,5,28
1,3,33
12,1,26
10,0,31
8,3,19
9,3,25
1,4,25
3,1,32
0,7,24
8,3,23
13,0,17
5,3,27
4,2,25
9,1,28
2,4,27
1,0,34
11,0,23
4,7,25
9,0,23
0,5,29
10,3,25
4,4,27
3,5,25
1,3,27
0,2,32
0,8,18
5,4,17
7,4,26
8,4,26
5,0,31
10,2,27
10,1,18
7,3,20
9,1,23
2,4,28
10,1,17
8,1,27
4,4,19
2,1,33
1,0,36
6,2,30
6,1,30
11,0,30
9,0,30
3,7,25
6,4,22
7,0,31
5,5,21
8,4,20
2,6,20
7,2,25
0,7,21
6,1,26
8,0,29
9,2,20
3,1,29
5,5,22
4,5,24
12,1,25
9,2,25
2,5,24
7,4,18
8,5,24
6,3,30
2,4,25
5,1,28
1,5,26
10,0,28
5,3,25
5,5,27
8,5,22
0,1,29
10,0,27
5,0,29
1,6,22
5,3,28
4,3,24
4,5,18
9,2,27
6,4,26
6,3,17
5,4,24
0,3,26
10,4,21
2,6,25
10,1,28
8,3,26
12,2,20
0,1,31
0,3,27
0,2,31
4,3,26
9,1,26
5,1,29
4,7,24
0,5,24
8,1,22
0,7,17
5,3,24
9,1,25
3,3,29
4,3,28
1,6,26
9,1,19
5,4,21
10,1,26
1,3,28
4,3,30
4,5,28
7,4,28
1,0,32
2,5,27
1,0,31
0,4,31
1,2,29
1,5,22
0,5,23
10,0,32
10,3,26
4,5,21
12,1,17
0,1,35
10,3,27
8,1,23
10,0,22
11,1,19
3,1,28
4,4,23
10,2,24
1,3,32
