37,2,0
28,5,33
26,8,25
38,1,28
26,7,25
19,11,8
22,9,30
14,10,2
0,6,8
24,8,5
25,9,19
6,9,10
39,0,30
6,12,32
2,9,15
25,6,33
13,10,5
19,12,15
11,13,32
9,9,2
44,0,14
31,6,14
39,2,26
46,0,15
16,11,7
4,10,23
33,5,17
21,10,14
32,4,27
24,9,6
12,13,25
8,11,20
45,0,16
23,9,9
3,8,13
39,0,35
28,8,16
38,3,14
9,8,0
11,11,15
19,11,15
32,5,5
15,13,24
19,10,30
11,12,22
5,11,28
15,13,22
27,7,11
33,6,20
25,8,22
43,1,23
10,11,11
31,7,19
0,9,26
28,8,23
35,5,14
12,11,6
37,4,19
8,8,0
44,0,12
2,8,15
30,6,4
23,10,13
42,1,22
8,12,30
20,10,11
19,11,22
43,0,4
15,12,11
31,5,12
33,2,32
4,9,16
12,11,8
28,7,5
11,11,13
9,9,3
9,12,30
32,6,17
12,11,10
15,12,28
29,6,3
34,4,29
8,12,28
25,7,31
37,4,17
31,5,4
40,0,3
36,1,32
28,8,21
39,2,21
17,10,33
17,11,28
8,9,7
9,12,35
27,8,15
28,6,7
42,2,13
32,6,18
29,7,0
38,1,35
27,6,30
7,12,24
0,9,28
12,13,32
0,9,27
0,9,18
9,11,15
15,12,20
29,7,18
3,11,31
12,10,7
23,10,19
22,8,34
10,12,16
4,8,6
45,0,21
34,4,13
28,7,22
0,7,8
19,10,3
31,6,13
40,2,14
8,12,32
35,4,11
1,6,7
21,8,33
13,9,1
39,1,4
29,6,28
15,12,25
29,6,24
43,0,21
36,3,11
19,11,25
2,6,2
26,8,16
18,11,15
32,4,8
26,9,17
45,0,19
19,9,30
15,11,10
20,11,21
6,8,5
6,11,23
5,11,30
39,2,27
31,5,0
26,6,27
13,12,29
40,2,25
42,0,3
19,12,21
29,6,2
18,10,0
30,6,25
24,8,26
39,2,28
19,11,23
34,6,16
16,12,12
28,7,3
0,9,25
21,11,23
26,8,2
38,4,14
26,8,0
24,8,10
3,9,19
29,6,0
6,9,6
2,10,20
3,7,3
39,3,15
9,12,24
39,1,2
21,8,29
20,9,33
11,12,16
24,9,25
19,12,23
31,7,17
18,11,29
23,9,11
32,4,2
3,10,24
22,9,2
32,5,12
18,12,22
40,1,25
4,10,20
6,11,27
25,9,24
7,10,9
20,11,23
1,7,12
12,13,30
28,7,17
19,11,4
10,9,5
5,12,30
7,12,33
5,11,26
35,4,12
16,11,5
25,9,2
41,1,24
42,0,8
9,12,32
34,4,11
5,9,10
34,4,5
31,5,10
21,10,5
7,11,15
22,10,21
6,10,11
41,2,24
3,8,11
30,6,15
12,12,31
14,12,19
21,10,10
22,7,33
40,0,32
28,7,16
14,11,6
24,7,27
9,12,22
17,10,34
2,5,1
19,10,27
38,3,24
18,11,9
40,0,31
0,5,2
34,5,24
36,4,14
35,4,23
4,11,22
17,10,31
3,5,0
25,6,32
27,5,31
0,5,4
33,3,35
5,11,35
31,6,18
15,12,19
17,10,0
32,4,26
43,1,13
24,9,0
10,12,18
0,7,11
7,11,25
0,6,7
20,11,16
26,8,15
33,3,5
27,5,35
42,2,23
11,9,3
26,8,22
37,4,21
0,6,3
10,11,15
27,7,6
37,0,32
37,3,14
33,5,22
37,4,16
9,10,8
11,10,8
21,11,17
11,9,0
22,9,9
40,0,0
3,9,18
0,9,33
19,10,32
25,8,13
1,10,24
33,2,33
37,3,16
2,10,25
43,0,12
13,12,30
3,6,3
39,3,19
15,11,5
15,10,1
23,10,24
23,9,0
19,10,0
7,12,26
30,7,15
19,10,2
0,8,16
29,6,26
38,2,24
36,1,34
7,12,34
25,8,23
35,2,8
30,4,28
21,9,29
4,10,17
32,5,2
13,13,32
40,2,16
2,9,17
7,12,27
44,0,15
22,10,15
38,3,28
33,4,29
12,10,2
44,1,18
45,0,14
20,11,9
31,5,7
39,1,30
31,5,8
37,4,14
13,12,19
8,8,2
30,6,1
34,5,20
38,3,19
17,12,21
14,12,16
0,8,15
5,11,32
33,6,17
26,7,4
39,0,7
41,2,11
40,2,28
36,2,34
27,7,22
28,5,27
21,10,21
42,0,7
37,2,5
20,10,0
35,3,3
33,5,11
40,1,2
8,11,13
3,11,29
8,9,6
39,2,12
2,10,32
24,9,20
34,5,13
9,9,5
38,4,19
40,0,4
23,10,17
4,10,19
36,4,18
5,9,14
23,9,24
28,5,31
34,4,12
13,12,24
23,7,28
45,0,18
16,13,22
23,10,22
7,10,12
3,11,35
27,7,26
36,2,30
6,8,4
3,8,10
22,10,22
39,3,17
16,11,6
7,7,0
12,9,0
0,10,31
11,11,11
0,9,34
34,3,0
13,12,14
38,1,30
25,6,34
10,10,9
14,10,5
30,7,22
1,6,3
15,11,8
9,12,34
42,1,19
28,5,35
37,2,9
11,12,24
16,11,11
34,6,21
29,6,11
30,7,17
16,11,9
11,13,30
14,9,1
38,0,33
1,8,16
26,7,26
22,9,0
21,10,6
35,1,31
42,1,28
2,7,9
10,12,17
25,7,32
27,5,33
0,10,35
33,6,22
18,11,35
44,0,13
35,5,17
33,4,7
28,6,26
21,10,9
17,11,31
21,11,18
17,12,14
26,6,32
31,5,26
24,9,3
28,8,20
34,5,16
15,11,9
29,6,25
32,5,4
6,11,22
24,8,6
25,9,16
41,0,6
20,12,21
19,10,31
16,12,20
39,3,22
8,12,23
38,2,29
5,9,9
35,1,33
12,10,5
16,12,11
10,11,13
6,7,1
6,12,27
42,0,27
15,13,21
14,9,0
29,4,35
25,6,35
13,12,12
24,7,35
28,7,6
41,2,13
31,4,32
19,9,34
42,1,14
4,11,29
35,4,24
22,10,12
27,7,1
40,2,27
36,2,9
30,6,22
22,8,33
21,10,2
9,12,25
2,10,26
28,6,29
36,4,21
16,10,2
31,5,27
40,3,19
17,11,30
0,8,21
15,13,27
38,2,1
19,11,12
41,1,12
12,10,4
19,11,5
10,10,5
0,9,22
38,4,15
29,8,19
38,1,32
11,11,9
44,1,11
10,9,0
24,10,24
11,12,30
6,8,3
38,1,1
5,8,7
40,2,21
19,10,29
1,9,16
34,3,1
40,0,34
34,4,28
31,7,23
40,2,19
24,9,17
30,6,23
14,12,24
23,7,33
10,9,1
35,5,20
24,7,30
36,3,9
41,1,25
20,11,11
34,3,3
14,11,7
10,9,4
43,1,11
24,8,27
1,9,27
27,8,18
26,9,21
30,6,7
1,7,8
34,4,26
12,12,19
11,12,17
9,12,17
5,8,3
7,12,25
34,5,19
41,2,14
37,0,33
0,5,5
3,10,30
8,9,5
24,9,21
43,0,18
16,12,29
5,9,13
19,11,11
29,5,33
14,12,17
8,12,29
7,12,28
34,5,17
12,12,22
10,12,30
5,10,16
31,6,10
32,4,1
17,11,9
41,1,15
32,3,30
14,12,34
22,10,17
14,13,25
14,12,18
13,12,34
36,2,5
10,12,25
14,12,13
13,12,17
30,6,21
0,9,19
2,10,29
28,7,10
21,9,1
30,7,13
1,9,20
19,9,0
30,5,8
31,6,1
12,12,29
23,8,30
7,11,16
11,12,25
26,8,3
44,0,23
22,10,3
23,9,3
43,0,9
32,5,1
3,10,20
31,7,18
27,5,29
43,1,22
21,9,27
15,9,0
30,5,27
23,10,21
23,9,20
38,2,9
25,8,30
11,12,13
1,5,0
18,11,12
27,5,34
2,10,22
38,1,9
0,7,14
21,10,8
20,11,24
17,11,26
29,4,33
11,10,5
34,5,25
14,11,8
37,2,10
5,7,2
24,9,14
43,0,14
0,6,9
41,1,21
4,7,2
0,8,20
37,2,4
2,10,24
22,10,26
0,7,13
39,3,14
5,10,21
34,6,22
1,10,30
15,12,24
23,8,27
40,1,24
24,9,22
25,8,26
22,9,10
5,12,32
8,10,13
27,6,35
27,6,26
34,5,26
37,4,24
10,12,21
6,12,29
26,6,33
12,13,24
5,11,22
22,7,35
27,7,7
26,8,5
11,11,10
31,6,0
7,8,1
24,7,34
33,6,15
20,9,35
4,11,28
27,7,25
45,0,26
25,8,1
10,12,19
0,7,9
29,6,27
22,8,35
31,3,34
39,1,6
18,12,19
16,12,17
21,8,28
12,12,15
42,1,10
34,4,24
39,1,3
4,9,15
43,1,20
36,1,31
1,10,26
31,4,35
10,13,34
22,9,6
7,12,31
35,3,10
10,9,2
29,6,5
38,3,22
25,8,9
24,9,16
27,8,14
41,0,3
6,11,28
3,10,19
31,7,21
28,6,5
9,11,11
1,10,27
13,12,11
25,7,27
18,9,34
36,3,13
35,5,18
42,1,17
32,4,4
38,3,21
35,4,26
28,6,4
20,10,27
16,13,21
0,10,33
35,4,19
16,12,19
36,5,14
10,11,14
1,9,28
30,6,12
7,12,35
3,9,12
18,12,15
4,6,2
13,12,16
42,2,17
36,1,35
8,11,18
38,1,31
36,2,28
23,9,13
17,12,17
11,10,3
27,7,28
27,8,19
38,3,27
25,9,12
4,10,16
33,3,32
21,11,12
11,12,26
22,9,25
8,12,34
23,9,8
30,5,2
41,1,9
26,7,28
13,11,8
16,12,27
35,3,12
23,9,5
21,8,35
25,8,6
40,1,11
26,8,23
10,11,12
38,1,8
32,6,21
11,9,4
39,3,21
28,7,11
34,3,30
33,6,18
15,11,32
8,12,22
27,7,23
15,13,26
43,1,16
3,7,7
0,5,3
6,10,18
17,11,33
25,8,2
17,12,15
7,10,10
23,8,25
37,3,3
39,3,24
32,3,35
34,4,14
33,4,26
34,2,29
41,0,5
3,11,32
32,5,11
10,10,6
5,7,4
37,1,30
30,7,21
39,0,34
3,9,13
4,11,31
0,9,24
34,3,6
29,5,26
2,8,13
36,3,2
37,2,11
17,11,5
28,6,1
31,6,11
33,4,3
36,3,27
24,8,7
13,10,1
30,4,29
37,1,9
33,4,12
25,9,22
14,10,4
9,10,10
30,4,30
35,4,18
28,7,12
15,13,25
19,12,16
13,13,26
1,8,11
2,10,35
19,10,7
4,11,25
39,3,18
34,2,31
42,1,18
34,3,9
13,13,29
14,10,6
0,8,17
38,2,28
21,11,20
42,0,1
19,12,17
18,10,33
4,11,35
10,12,20
0,8,18
7,10,13
32,3,28
22,10,8
35,3,11
6,12,26
37,3,13
32,5,0
18,11,27
28,6,6
44,1,13
7,12,22
26,9,13
24,9,19
38,3,12
24,7,32
44,0,20
13,12,18
13,13,31
8,8,1
44,0,10
25,8,0
5,12,34
27,8,23
34,3,29
37,3,18
12,12,25
1,8,10
30,7,16
15,12,13
26,7,3
16,12,23
8,9,4
0,10,29
12,12,13
38,1,4
4,8,8
6,12,25
37,3,17
20,10,32
26,9,16
41,1,26
3,10,22
32,4,29
42,0,9
11,9,2
8,10,7
44,0,8
42,0,6
10,13,35
4,11,23
31,6,26
24,9,26
28,7,25
19,11,18
3,8,8
11,12,34
3,9,17
34,3,5
37,3,19
5,11,31
5,11,33
14,13,26
36,2,35
39,1,28
40,2,12
42,0,26
4,6,1
15,12,17
29,7,11
11,13,31
18,10,2
9,9,1
7,11,23
11,12,32
37,3,28
23,9,15
4,11,33
5,11,23
39,1,5
39,3,23
4,7,4
35,4,25
1,9,25
20,9,1
9,10,7
27,6,29
5,10,18
21,10,25
41,1,10
35,6,21
4,9,14
25,7,29
39,2,2
26,8,11
20,9,28
42,2,22
44,0,16
38,2,5
15,12,12
45,0,22
4,11,32
0,5,1
21,8,32
14,12,15
40,0,30
40,1,8
39,1,9
32,4,28
13,13,28
26,8,7
36,3,12
13,12,31
30,6,13
15,12,27
3,10,27
8,9,8
44,1,17
8,12,20
24,10,18
39,1,27
37,3,22
25,6,30
41,2,15
28,5,30
15,10,4
27,8,9
27,8,20
9,10,12
36,3,3
37,1,6
12,13,31
16,12,15
32,5,26
28,7,20
5,11,25
31,4,33
11,13,25
19,11,26
35,2,7
2,10,19
38,3,13
36,5,19
3,8,6
36,4,24
38,2,12
24,7,26
39,2,13
16,12,31
7,8,3
38,3,18
39,0,32
12,13,33
22,10,23
24,9,15
39,0,31
37,1,33
27,6,34
33,5,16
7,10,11
20,10,5
27,6,31
20,9,26
6,11,20
2,8,14
7,8,0
38,3,15
20,11,12
25,7,30
16,12,21
31,6,22
30,6,27
35,4,17
37,2,28
1,9,22
20,8,34
10,12,24
40,0,6
36,2,29
3,9,15
13,12,33
44,1,12
6,12,35
25,9,3
33,3,6
20,11,15
41,1,16
26,9,20
14,12,32
43,1,17
10,10,4
1,10,25
32,4,9
41,0,27
37,3,12
25,8,3
23,8,28
20,10,8
13,12,22
33,5,21
9,11,16
19,11,24
23,10,15
29,4,31
29,6,7
20,9,0
36,4,16
18,11,25
17,12,20
13,11,7
14,12,21
17,11,29
35,2,34
16,11,32
24,9,11
42,0,10
43,0,11
12,9,1
2,9,16
1,6,1
28,8,15
18,11,13
7,9,4
2,8,11
10,12,34
4,9,11
32,4,6
36,3,4
15,11,34
42,1,20
30,6,26
43,0,8
32,4,5
36,2,8
21,10,26
10,11,9
38,0,31
0,10,34
20,8,35
42,1,21
7,11,20
3,10,18
34,5,22
3,9,11
18,10,4
2,10,30
6,11,31
10,11,10
23,9,7
17,13,21
42,2,20
3,6,1
38,4,17
26,6,35
20,10,24
4,10,14
37,1,32
44,1,16
35,4,13
21,10,16
29,7,15
40,2,13
34,4,27
16,12,14
24,9,2
7,8,4
30,5,6
14,10,3
33,3,33
20,10,7
21,10,23
39,0,5
0,8,13
14,12,29
42,1,23
29,6,23
13,10,3
35,3,28
27,7,5
17,12,29
29,7,17
33,6,21
21,10,11
32,5,14
38,3,26
26,7,27
6,9,11
27,8,21
35,4,21
20,8,33
45,0,17
36,3,0
14,12,23
5,10,12
37,2,32
38,2,25
34,5,12
31,6,25
39,4,20
21,11,21
30,6,8
32,5,25
16,12,26
9,12,26
17,10,4
5,10,13
11,8,0
43,0,0
12,12,32
8,10,12
35,2,31
2,10,21
24,6,35
29,6,1
2,7,5
42,0,25
5,10,17
29,5,27
5,12,35
6,12,30
36,4,12
28,8,17
37,2,6
17,10,1
33,3,34
33,3,31
8,12,25
34,6,14
5,10,20
35,2,33
8,11,12
8,12,27
5,6,0
12,11,9
40,0,5
40,2,23
0,7,10
23,9,18
4,9,9
23,9,12
17,12,13
34,5,14
0,9,31
0,9,21
35,3,8
18,11,11
29,5,34
4,11,24
19,9,32
26,6,34
19,11,17
6,7,3
28,5,32
37,3,24
36,5,21
12,10,8
7,8,2
42,1,16
22,9,1
30,6,11
12,12,20
13,13,24
18,12,24
14,13,24
16,10,4
29,7,16
24,9,13
13,11,6
42,0,24
13,12,35
13,10,4
7,10,8
41,1,27
2,11,31
14,10,1
42,0,31
32,6,20
25,8,31
33,3,4
19,12,20
45,0,20
36,4,20
41,2,22
23,9,19
21,10,7
38,2,10
40,3,14
22,8,28
39,1,29
2,10,34
5,9,12
24,8,11
31,4,30
32,6,15
1,9,23
45,0,15
5,8,6
2,6,3
32,6,24
36,2,3
9,12,28
32,5,7
5,11,29
34,5,23
40,2,17
23,10,20
4,11,30
28,5,29
39,2,11
21,11,15
28,7,8
35,3,2
25,7,33
10,12,22
30,6,0
24,8,24
32,6,16
11,12,19
15,10,3
35,2,5
23,9,1
38,1,10
21,10,22
3,8,7
25,8,24
36,2,0
37,3,27
27,7,0
17,12,11
31,7,16
14,13,29
15,12,29
37,1,31
18,12,14
26,8,18
41,0,32
2,7,7
22,9,29
39,1,32
38,4,20
6,8,6
16,11,33
31,6,23
3,11,28
3,10,17
33,3,8
42,1,24
38,3,20
17,10,32
7,8,5
4,9,12
6,11,26
33,5,19
17,11,35
14,13,22
27,8,13
1,8,13
12,12,34
8,7,0
40,2,26
41,2,19
15,13,28
13,13,25
15,12,21
27,5,30
32,3,34
44,0,26
24,7,33
5,11,21
14,12,33
13,11,10
40,1,26
9,12,19
12,11,12
6,7,2
38,1,2
38,2,2
16,11,4
8,10,11
28,7,0
46,0,14
24,9,10
4,11,26
15,12,32
0,10,32
14,13,21
30,5,30
42,0,2
39,2,24
27,5,32
2,11,33
35,3,0
35,4,14
19,11,14
6,9,8
35,3,5
15,12,23
7,7,1
39,2,22
26,8,4
26,7,29
25,7,25
18,12,16
35,3,26
11,12,29
2,6,1
26,8,6
23,7,30
21,9,26
33,3,29
42,1,12
41,0,30
32,5,8
35,2,30
36,4,27
11,12,31
35,5,21
3,11,27
13,12,32
32,5,27
1,7,11
4,7,3
12,12,23
37,5,21
42,1,26
35,1,32
8,9,3
24,10,16
23,9,17
37,2,30
30,4,32
14,11,10
18,12,23
0,9,23
3,8,12
42,0,11
40,3,21
9,12,29
13,9,2
2,10,28
17,12,19
37,1,29
0,4,1
30,5,3
26,8,10
39,2,23
34,2,35
11,12,35
26,8,13
36,3,25
39,3,12
23,10,23
30,6,10
28,7,4
6,8,7
7,12,29
17,12,25
27,6,33
41,0,8
5,9,8
5,8,8
15,11,11
30,7,20
27,7,3
39,2,16
27,7,24
27,7,13
33,5,20
40,2,15
42,2,14
4,8,7
29,6,6
4,8,11
22,10,24
29,6,9
7,10,14
37,2,26
42,2,18
34,4,25
23,9,22
27,7,8
22,9,7
42,1,11
6,11,24
34,3,27
18,11,8
11,10,7
1,6,5
3,7,5
27,6,27
31,3,33
24,9,5
38,2,4
20,8,32
33,5,18
16,11,29
13,11,11
27,8,16
44,0,24
3,8,9
38,1,0
39,1,7
10,12,27
40,2,22
26,8,19
21,10,24
40,0,35
22,9,8
6,7,0
35,5,19
16,12,22
26,7,8
36,5,15
28,5,34
5,11,19
13,13,27
33,4,9
33,2,35
5,7,0
14,12,28
12,12,18
9,11,18
1,7,7
25,7,35
6,9,9
31,6,19
17,11,12
33,4,4
24,9,18
8,11,15
41,0,4
17,12,16
1,9,26
29,4,34
36,2,7
41,0,28
37,2,29
42,1,13
5,11,20
32,3,31
17,10,35
22,8,27
11,12,23
40,1,3
19,12,22
6,11,30
37,4,15
29,7,14
22,10,10
32,6,22
37,4,20
20,10,4
17,12,27
28,8,13
33,5,27
31,4,28
8,10,8
12,12,21
45,0,12
26,6,29
8,11,17
6,11,21
43,1,12
44,0,21
24,10,23
40,0,29
14,11,5
11,13,28
29,7,13
16,11,34
20,9,31
10,12,28
29,7,20
36,4,26
23,8,26
41,2,16
27,6,32
24,10,14
20,10,26
2,8,8
33,4,8
4,10,21
32,5,24
8,10,14
37,2,3
22,10,14
11,11,8
24,10,15
43,0,23
12,13,28
30,5,9
24,9,7
25,8,4
22,8,30
39,2,25
19,9,33
31,6,24
16,10,3
29,6,10
27,7,9
35,5,15
43,0,16
44,0,22
5,7,3
13,10,2
17,12,28
25,9,11
37,3,0
33,4,25
26,7,24
32,6,26
9,10,11
9,11,13
17,12,24
24,9,12
2,10,31
1,10,34
19,10,4
21,10,17
4,7,1
31,4,34
11,11,14
34,3,7
25,8,10
43,0,3
23,10,16
38,3,17
32,6,19
37,1,35
43,1,14
4,10,24
37,3,11
17,11,7
22,9,26
36,3,1
38,2,26
31,5,11
2,10,23
26,8,21
21,11,22
22,10,4
20,9,27
8,12,19
21,9,28
28,6,9
28,6,0
17,12,22
19,11,10
16,12,28
35,3,1
0,9,29
42,0,32
39,2,15
24,8,9
33,6,14
41,1,3
35,1,34
21,10,18
31,5,1
0,6,5
12,13,27
28,6,25
2,6,4
1,5,2
31,5,9
27,7,2
44,0,9
3,10,21
34,4,10
23,9,25
8,11,16
34,3,2
12,12,17
14,12,31
19,11,21
29,7,19
25,9,17
3,10,31
23,10,18
35,2,32
30,5,4
37,1,8
29,4,30
34,2,33
1,8,12
12,9,2
43,0,2
9,11,14
0,6,4
32,6,12
36,2,31
0,8,12
1,9,18
33,3,30
34,5,21
15,12,34
38,4,18
35,4,20
22,8,29
31,3,29
16,13,25
24,8,4
28,8,19
6,12,28
33,4,10
16,12,18
31,5,5
5,8,9
8,10,9
27,6,28
18,10,5
20,11,25
1,9,17
26,8,12
9,11,12
16,11,10
30,4,31
29,6,8
42,0,4
9,10,5
27,7,12
31,4,31
23,7,34
3,9,14
14,13,23
8,12,31
12,12,33
28,7,7
8,10,10
1,6,4
41,1,20
35,3,27
19,11,20
31,3,35
37,3,23
1,9,19
19,12,24
16,10,35
31,7,15
37,4,23
9,10,9
8,11,14
19,10,5
26,8,17
35,4,22
5,11,24
37,2,8
31,5,6
5,11,34
37,4,22
19,10,1
21,10,20
32,3,33
26,7,9
6,10,13
9,12,33
30,7,24
26,7,6
20,11,8
11,12,33
12,13,26
33,2,31
25,9,13
7,11,22
39,4,19
3,6,0
4,10,18
21,9,2
37,4,18
26,7,7
33,2,34
21,11,19
24,9,23
30,4,34
23,9,26
2,10,33
32,5,28
37,3,21
25,8,27
46,0,17
38,2,11
21,9,30
34,4,3
39,3,20
6,10,17
30,6,24
2,8,9
38,2,0
40,1,28
37,3,25
45,0,13
35,4,16
1,10,31
25,8,7
17,12,23
31,7,20
2,11,32
36,4,23
2,9,23
14,12,20
6,11,16
40,1,29
22,10,11
29,5,30
6,10,12
10,9,3
39,3,16
9,11,17
31,6,21
39,1,8
40,2,11
14,13,30
22,9,27
20,12,22
43,0,29
10,12,26
7,12,30
4,7,5
22,10,16
19,12,18
22,9,5
31,4,27
6,12,33
15,12,18
20,9,30
16,12,24
7,9,5
20,11,17
25,9,21
23,8,31
20,11,18
38,4,22
27,8,0
35,5,23
26,6,28
26,8,20
6,12,31
25,9,1
10,10,7
10,12,14
36,1,30
30,5,7
30,6,3
4,7,6
20,11,19
28,7,19
33,5,14
33,6,16
27,8,1
5,12,33
28,7,23
41,0,26
23,10,14
37,0,34
7,9,10
39,1,1
19,10,6
29,5,6
33,4,28
1,8,18
24,9,8
35,4,27
36,5,22
31,4,29
35,2,35
22,9,3
39,0,6
22,9,12
33,4,1
25,9,20
21,8,31
18,9,33
8,11,19
31,6,20
3,11,34
35,3,6
28,7,21
35,3,9
18,12,26
25,9,15
33,3,7
2,6,5
28,7,2
3,9,16
42,2,19
11,13,29
36,4,25
32,3,32
7,9,9
10,12,31
12,11,13
7,9,6
5,9,11
24,7,31
7,11,18
32,5,23
13,11,9
44,0,18
41,1,23
44,0,27
17,11,6
35,3,29
39,1,0
42,1,9
22,10,9
28,8,18
11,9,1
7,11,14
8,11,22
27,8,22
41,0,1
13,9,0
40,0,28
3,6,4
34,2,32
37,2,1
34,5,18
18,10,34
14,13,27
21,9,0
12,13,29
12,12,12
31,7,24
18,11,24
22,10,6
13,12,21
29,5,32
28,7,24
15,12,15
34,4,0
31,6,15
29,7,26
11,12,18
41,0,0
42,2,21
9,8,1
28,6,28
18,10,29
38,4,23
26,8,8
13,12,20
33,3,28
32,4,3
2,9,22
32,5,10
30,5,1
33,5,0
40,1,30
4,10,25
16,11,8
10,12,15
24,10,19
40,1,10
8,12,21
38,1,7
0,7,12
41,2,12
39,3,13
15,12,16
3,7,8
22,10,25
37,3,15
10,12,32
26,8,9
3,10,23
7,10,15
14,12,14
1,9,21
15,11,7
21,10,3
17,11,32
10,8,0
9,9,4
20,10,1
5,7,1
43,1,18
15,11,4
9,11,10
31,4,6
17,11,27
1,5,1
8,12,35
0,6,6
15,12,33
12,12,24
0,9,20
22,8,32
18,10,35
4,7,0
18,10,30
42,0,28
20,11,10
41,0,9
21,10,12
11,12,14
38,3,23
25,8,5
35,2,9
30,4,33
2,7,4
36,3,26
20,10,6
24,9,1
35,2,29
25,9,23
12,12,16
30,5,28
15,12,31
4,8,9
37,2,27
11,10,4
28,7,15
8,12,24
33,4,27
20,10,9
2,7,10
4,8,10
33,5,12
44,0,17
9,12,21
15,12,35
11,12,20
20,9,29
19,10,26
18,11,7
23,7,31
3,11,26
15,13,23
18,12,21
13,12,23
24,6,34
27,8,17
7,11,21
38,1,29
18,11,10
40,1,1
10,12,35
18,12,25
20,11,22
8,8,3
17,11,10
28,6,31
2,10,27
33,5,25
43,0,22
40,0,2
43,0,24
32,6,23
29,7,25
4,10,26
24,7,28
40,1,27
19,10,25
3,7,4
7,12,32
21,11,16
24,8,29
26,6,30
17,12,12
34,2,30
33,5,13
38,2,30
26,7,1
12,11,7
36,2,6
32,4,0
19,9,31
36,4,22
21,9,25
31,3,31
24,9,4
36,2,2
21,10,1
28,7,1
43,0,26
42,0,30
9,9,7
41,1,22
18,10,31
41,1,28
5,11,27
8,12,33
12,11,11
29,4,32
31,3,30
30,5,0
15,10,0
28,5,28
38,0,35
23,9,21
26,8,14
38,1,6
30,5,5
18,12,20
1,7,10
41,0,2
39,1,31
7,9,7
20,11,20
26,9,15
33,4,2
20,10,12
35,3,4
18,9,35
18,12,10
17,11,34
28,6,27
2,9,13
14,13,28
35,3,7
7,11,26
39,2,20
28,6,8
4,9,10
31,6,16
1,9,24
19,12,19
39,2,10
20,10,3
37,2,2
2,9,14
40,1,9
34,3,4
19,11,6
26,7,5
39,1,10
17,11,11
17,10,3
5,8,4
20,9,34
42,0,29
2,9,19
22,9,4
40,3,15
4,10,22
45,0,11
25,8,12
9,8,2
41,0,29
41,0,7
36,3,28
36,4,13
11,11,12
33,5,24
43,1,15
13,10,6
30,5,10
4,6,0
3,10,29
32,4,11
22,10,13
1,7,6
2,11,35
38,4,21
26,6,31
21,11,14
29,5,29
18,10,28
22,10,19
30,6,9
3,6,2
30,7,23
2,8,12
6,11,29
41,2,20
40,1,4
25,9,0
38,1,5
43,0,28
35,4,15
29,5,31
11,10,6
18,11,30
29,6,12
30,7,19
43,0,15
1,7,5
40,0,7
4,10,15
18,11,4
12,12,14
33,5,23
31,3,32
20,11,13
23,8,32
13,12,13
7,11,19
33,4,6
4,11,34
25,9,14
27,7,10
11,12,21
33,5,15
1,8,14
0,4,0
29,7,22
13,13,33
34,3,10
20,10,10
5,8,5
2,8,10
43,0,10
2,9,20
26,8,1
22,7,34
6,10,14
28,6,10
1,10,32
25,8,21
28,7,13
26,7,10
19,10,28
14,12,22
23,7,32
36,2,10
26,9,19
43,1,19
22,7,32
23,9,16
12,9,3
25,8,25
34,4,2
36,2,4
9,12,31
32,5,9
19,11,7
1,7,9
20,10,2
19,11,9
16,12,16
3,7,6
34,2,34
33,4,0
10,13,30
29,4,29
10,12,29
33,4,11
30,5,26
29,7,21
6,12,34
38,0,34
30,7,18
18,11,26
12,10,6
28,6,2
2,5,0
21,8,30
7,11,24
34,3,8
40,2,24
6,9,7
15,12,22
27,7,4
30,6,2
41,2,21
22,10,18
14,12,30
22,9,31
30,6,6
1,10,29
18,11,14
4,8,5
31,4,5
21,8,34
23,9,6
40,3,13
41,1,11
17,10,2
5,10,14
11,12,15
7,9,8
1,10,28
26,9,14
12,12,35
38,2,27
28,8,22
3,7,2
6,9,12
35,4,0
40,0,8
12,12,26
23,7,29
25,8,8
16,11,30
15,11,35
5,10,19
14,10,0
13,11,12
40,1,0
36,5,18
32,6,14
22,9,11
10,10,10
23,9,10
23,7,35
16,11,31
18,10,3
35,5,22
34,3,11
16,13,26
33,3,9
10,13,31
44,0,25
25,6,31
16,10,0
9,12,20
5,9,7
2,7,6
16,12,13
19,11,27
44,0,19
25,7,26
18,11,28
40,3,18
15,12,14
30,7,14
40,3,17
23,9,14
15,10,2
2,9,21
1,10,35
34,3,28
24,9,9
13,13,23
14,11,11
10,11,16
15,11,6
29,5,28
6,11,18
37,1,5
21,11,13
21,9,31
16,12,25
38,3,16
5,10,15
1,5,3
22,8,31
16,13,24
19,11,16
38,3,25
17,13,24
18,10,1
17,11,4
7,12,23
28,7,14
26,9,18
28,7,9
0,9,30
20,9,32
29,7,24
9,12,23
24,7,29
9,11,19
14,12,11
15,11,33
29,6,4
35,2,28
40,2,18
40,3,20
33,4,5
14,11,9
31,6,9
12,10,3
43,0,25
39,2,14
32,5,6
0,8,19
34,4,9
13,13,30
16,9,0
19,11,19
0,10,30
0,5,0
21,10,15
28,8,14
0,9,32
26,7,2
41,0,31
35,5,16
40,0,1
0,8,14
41,2,23
18,10,27
32,4,7
2,7,8
36,3,24
18,12,17
16,11,35
11,13,26
32,6,13
32,6,25
21,10,13
13,12,15
23,9,23
8,12,26
1,8,17
41,2,17
43,0,27
31,6,17
11,13,27
29,7,12
27,8,24
37,3,26
36,3,10
19,11,13
32,5,13
19,9,35
17,12,18
18,12,18
30,6,5
9,9,6
8,11,21
39,0,33
15,10,5
31,6,12
17,12,26
22,10,7
33,6,24
23,9,4
9,12,27
3,10,26
32,3,29
10,12,33
25,8,11
37,2,7
6,8,2
42,2,15
10,12,23
43,1,21
16,12,30
8,8,4
18,11,5
15,12,26
16,10,1
29,7,23
41,1,19
23,9,27
25,7,28
1,6,6
11,12,27
34,4,6
11,12,28
38,2,3
9,13,34
4,11,27
36,4,19
15,12,30
41,1,18
5,12,31
38,1,3
20,10,25
32,4,10
34,5,15
42,1,25
2,11,34
3,11,33
2,6,0
22,9,24
6,11,19
24,8,25
32,5,3
1,8,15
27,8,11
33,5,26
23,8,29
10,13,27
43,0,19
31,5,25
23,9,2
34,4,1
36,4,15
37,1,34
20,10,28
3,10,28
37,1,7
0,7,7
30,4,35
36,1,33
21,10,4
22,10,20
28,7,18
1,6,2
42,1,15
43,0,13
6,10,16
2,9,18
20,11,7
1,10,33
14,12,35
9,10,6
44,0,11
3,10,25
11,10,9
41,1,13
9,12,18
6,11,25
26,8,24
31,5,3
28,6,3
6,10,15
22,10,5
7,11,17
24,8,8
3,11,30
10,8,1
21,10,19
14,12,12
6,11,17
25,9,18
21,11,11
38,0,32
20,11,14
43,1,24
43,0,20
18,12,13
4,9,13
10,10,8
33,6,25
40,2,20
31,5,2
0,6,2
35,2,6
30,6,14
17,11,8
36,3,23
29,5,35
27,8,12
18,11,6
33,6,19
36,2,1
24,9,24
42,0,0
19,9,29
18,10,32
36,4,17
41,2,18
