0,21,0
0,22,0
0,22,1
0,23,1
0,22,2
0,23,2
0,23,3
0,23,49
0,23,50
0,22,51
0,23,51
0,22,52
0,23,52
0,22,53
0,21,54
0,22,54
0,21,55
0,22,55
0,23,55
0,21,56
0,22,56
0,23,56
0,20,57
0,21,57
0,22,57
0,23,57
0,20,58
0,21,58
0,22,58
0,23,58
0,19,59
0,20,59
0,21,59
0,22,59
0,23,59
0,19,60
0,20,60
0,21,60
0,22,60
0,23,60
0,19,61
0,20,61
0,21,61
0,22,61
0,19,62
0,20,62
0,21,62
0,22,62
0,18,63
0,19,63
0,20,63
0,21,63
0,22,63
1,22,0
1,23,0
1,23,1
1,23,2
1,23,50
1,23,51
1,22,52
1,23,52
1,22,53
1,23,53
1,22,54
1,21,55
1,22,55
1,23,55
1,21,56
1,22,56
1,23,56
1,21,57
1,22,57
1,23,57
1,20,58
1,21,58
1,22,58
1,23,58
1,20,59
1,21,59
1,22,59
1,23,59
1,19,60
1,20,60
1,21,60
1,22,60
1,23,60
1,19,61
1,20,61
1,21,61
1,22,61
1,23,61
1,19,62
1,20,62
1,21,62
1,22,62
1,23,62
1,19,63
1,20,63
1,21,63
2,23,0
2,23,1
2,23,51
2,23,52
2,23,53
2,23,54
2,22,55
2,23,55
2,22,56
2,23,56
2,21,57
2,22,57
2,23,57
2,21,58
2,22,58
2,23,58
2,20,59
2,21,59
2,22,59
2,23,59
2,20,60
2,21,60
2,22,60
2,23,60
2,20,61
2,21,61
2,22,61
2,23,61
2,20,62
2,21,62
2,22,62
2,23,62
2,19,63
2,20,63
2,21,63
3,23,0
3,23,53
3,23,54
3,23,55
3,22,56
3,23,56
3,22,57
3,23,57
3,21,58
3,22,58
3,23,58
3,21,59
3,22,59
3,23,59
3,21,60
3,22,60
3,23,60
3,20,61
3,21,61
3,20,62
3,21,62
3,20,63
3,21,63
4,23,55
4,23,56
4,23,57
4,22,58
4,23,58
4,22,59
4,23,59
4,21,60
4,22,60
4,23,60
4,21,61
4,22,61
4,21,62
4,22,62
4,20,63
4,21,63
4,22,63
5,23,56
5,23,57
5,23,58
5,22,59
5,23,59
5,22,60
5,23,60
5,22,61
5,21,62
5,22,62
5,23,62
5,21,63
5,22,63
6,23,57
6,23,58
6,23,59
6,22,60
6,23,60
6,22,61
6,23,61
6,22,62
6,23,62
6,22,63
6,23,63
7,23,60
7,23,61
7,23,62
7,22,63
7,23,63
8,23,62
8,23,63
