21,22,29
17,21,31
18,17,21
13,18,27
13,19,31
21,22,27
10,19,39
26,19,23
26,21,24
1,16,47
12,13,20
13,19,34
2,21,56
33,20,19
25,21,24
15,19,30
18,20,24
1,21,59
1,11,31
30,20,20
0,6,21
17,21,32
6,13,28
8,23,51
3,15,40
4,17,44
11,13,20
16,22,38
13,18,30
22,17,20
2,20,53
11,14,22
7,20,45
5,19,45
15,18,20
17,19,23
3,10,26
28,21,23
31,20,21
15,20,31
14,18,30
26,16,17
2,19,49
13,20,38
0,19,57
26,16,18
20,23,33
15,19,28
24,23,25
6,20,47
12,21,42
29,20,23
8,12,22
10,12,19
19,20,25
25,17,20
1,23,63
7,22,50
2,8,25
12,14,20
15,18,30
5,11,24
13,22,38
11,14,18
0,6,23
34,22,19
1,22,61
20,22,27
3,19,49
1,20,57
2,13,35
16,18,27
1,19,50
6,23,56
11,14,26
3,19,47
29,19,20
6,12,27
22,18,22
10,23,50
27,18,19
9,14,28
6,13,30
2,11,30
8,18,38
0,4,17
7,11,22
10,13,25
36,23,23
32,21,23
5,9,23
13,22,42
22,16,19
28,18,21
9,23,51
0,19,54
3,20,53
7,23,56
9,11,17
6,14,31
36,23,22
12,18,30
9,12,22
20,20,23
20,17,22
34,22,20
4,9,22
10,16,19
4,13,33
1,16,44
30,21,22
20,23,31
2,17,48
33,23,26
1,23,61
12,13,17
16,17,20
6,9,20
8,14,26
3,20,52
6,17,42
6,18,43
11,15,26
13,13,17
5,17,40
4,16,43
36,23,18
20,22,28
3,12,33
6,7,17
0,19,53
7,11,21
14,13,18
14,20,33
9,19,41
2,23,63
4,20,50
12,13,19
30,21,24
22,20,23
5,11,27
4,17,45
5,8,18
13,19,32
4,12,28
4,8,22
12,19,37
19,23,34
14,17,25
20,23,29
3,21,57
8,16,35
17,18,21
8,19,40
33,21,18
30,20,22
12,18,33
6,19,48
27,17,17
20,15,19
0,5,21
10,18,35
7,17,39
10,16,30
1,21,57
29,19,19
10,15,29
29,20,22
3,14,39
0,7,23
18,20,26
14,16,26
5,7,17
15,21,37
2,23,61
33,20,17
27,21,25
3,16,41
23,16,20
8,22,50
8,21,46
10,10,17
8,22,51
35,23,23
33,21,22
14,19,32
18,21,32
14,22,41
6,14,34
6,16,38
23,14,17
4,18,47
0,6,20
1,10,29
20,18,21
0,9,32
3,21,53
25,23,25
0,18,53
10,16,31
13,16,25
1,15,45
25,23,26
23,21,25
10,13,21
13,23,45
10,14,24
3,22,58
21,23,27
28,22,26
19,19,24
4,21,54
9,14,27
13,19,33
11,23,46
0,18,51
17,21,24
0,20,56
37,23,22
23,16,19
8,22,49
1,9,30
5,12,28
16,14,19
12,12,19
6,12,25
25,16,18
13,22,43
15,22,39
8,10,20
5,10,24
8,15,30
10,13,18
8,20,44
0,21,60
8,18,41
5,15,36
5,21,50
13,17,28
16,21,33
4,13,35
17,19,25
2,8,23
4,11,28
5,23,56
1,12,35
37,23,20
10,17,34
2,19,52
16,20,24
27,19,22
0,12,37
16,19,27
20,21,27
0,14,43
14,21,36
0,11,34
23,16,18
11,19,35
12,20,37
22,15,18
5,17,39
5,21,51
10,16,32
16,18,22
18,19,23
12,17,28
14,18,28
20,23,30
3,19,50
7,13,26
3,6,19
7,21,49
25,22,26
20,13,17
8,11,23
6,12,26
0,10,30
36,22,17
3,16,44
22,22,26
29,18,17
34,22,23
22,17,21
27,18,20
0,23,63
36,22,19
33,20,18
15,16,24
4,10,24
5,12,30
19,18,22
12,16,25
1,7,25
5,14,32
17,22,35
5,15,38
0,14,42
1,19,55
9,16,30
3,9,25
8,17,39
21,18,22
1,22,59
1,5,17
11,13,21
2,9,24
0,11,35
20,18,22
2,19,53
13,19,35
15,21,34
5,21,53
17,15,19
34,22,17
2,22,61
1,21,58
8,18,40
27,21,24
11,18,35
11,12,19
0,5,18
21,23,29
10,13,22
3,11,30
32,20,17
12,19,34
1,17,47
5,13,33
13,13,20
9,12,19
2,12,37
2,11,34
6,15,34
21,22,24
9,21,47
10,12,18
4,14,36
10,21,45
0,20,58
22,23,29
24,18,21
2,9,27
29,18,20
8,19,42
4,21,52
27,20,22
19,14,19
7,11,25
7,15,36
15,16,22
25,19,23
17,17,20
16,19,23
7,15,31
12,13,21
30,22,26
20,20,25
4,9,23
13,15,24
13,20,34
8,14,30
16,22,34
32,21,22
11,19,37
0,21,62
11,21,42
4,22,58
11,15,27
3,6,17
6,11,23
3,18,46
15,18,25
15,22,38
3,15,41
10,15,30
24,23,26
28,20,24
7,12,28
2,9,28
7,14,33
1,18,51
26,18,22
0,15,46
17,19,26
12,17,30
2,10,29
10,23,51
3,23,60
15,20,35
7,10,19
32,22,22
9,21,43
35,22,18
13,15,22
27,22,26
1,19,54
0,16,48
12,23,46
14,22,40
23,21,24
7,13,27
6,22,55
15,19,31
4,17,43
9,11,22
10,11,18
5,23,57
15,17,22
4,15,38
37,23,17
6,12,28
28,18,20
20,23,32
16,23,39
4,13,34
15,12,17
14,23,42
18,14,18
18,21,30
4,8,21
14,20,36
36,22,20
3,23,59
4,8,18
3,7,19
19,22,31
8,17,38
2,13,37
1,5,19
19,15,19
6,13,29
6,9,19
3,14,37
5,12,31
16,18,23
5,17,43
27,17,20
24,17,20
28,20,22
12,16,28
8,20,45
0,7,22
13,22,41
15,15,19
14,22,38
29,23,26
8,12,23
9,18,37
15,20,33
21,21,24
34,21,19
28,21,25
24,15,18
17,23,35
6,23,53
9,11,21
32,22,23
4,10,23
9,13,19
5,20,48
37,23,18
24,21,25
20,14,18
12,18,34
11,20,39
14,18,27
32,20,20
34,22,21
18,23,36
34,23,23
11,22,42
22,18,21
19,16,21
6,18,42
10,23,47
9,15,28
16,18,25
9,15,29
2,23,60
16,19,28
6,15,36
13,17,25
7,9,18
1,22,63
23,17,20
3,7,20
1,9,26
21,23,30
16,19,26
2,14,41
27,17,19
5,18,44
10,16,33
22,14,18
20,21,24
0,5,19
16,19,30
8,16,34
3,9,22
26,20,24
12,22,43
26,17,18
4,20,52
11,12,17
9,16,34
4,23,57
4,15,39
28,18,18
10,14,19
16,20,30
18,22,29
2,10,28
10,14,26
0,13,41
4,18,48
19,21,26
18,21,29
31,23,25
7,8,17
1,18,50
18,23,34
7,12,27
19,21,25
9,13,26
0,6,24
19,22,33
2,8,22
17,14,18
12,22,45
12,17,29
1,22,62
11,16,27
0,17,49
5,20,49
18,22,34
34,22,22
18,23,37
6,14,35
12,14,24
5,20,51
9,19,42
0,17,48
19,20,26
0,8,24
11,18,34
29,21,23
35,22,21
37,23,21
30,19,18
25,16,17
5,13,29
29,22,26
13,18,31
17,22,34
3,20,51
10,15,27
1,13,37
4,14,35
21,16,20
4,15,37
2,7,21
2,18,50
6,20,48
3,14,36
7,16,38
8,21,49
9,13,18
1,21,56
2,16,43
0,8,28
12,19,35
11,13,18
7,20,48
9,18,36
2,18,49
33,21,17
10,19,40
0,8,27
31,19,18
15,16,21
15,18,28
19,21,29
29,23,27
1,16,46
11,11,18
21,22,25
2,11,31
4,20,53
2,12,32
12,12,17
2,9,25
0,16,47
13,20,35
32,19,17
0,7,24
31,20,18
8,11,21
8,20,43
18,23,35
30,19,21
0,13,38
4,11,29
1,14,39
2,11,29
27,18,21
20,15,20
19,14,18
1,12,36
3,17,46
9,16,31
20,22,29
10,17,36
35,23,24
22,21,25
0,16,45
32,19,18
4,6,18
1,10,28
7,11,24
25,15,17
34,21,21
7,15,33
7,16,37
22,15,19
7,18,40
35,23,22
3,17,47
16,22,35
16,17,22
12,16,26
2,14,38
11,16,30
0,5,20
23,18,21
9,22,50
22,16,21
16,19,29
24,21,24
2,12,34
30,22,24
25,21,25
1,10,27
8,10,17
0,22,61
1,20,58
22,22,24
3,8,19
13,21,39
4,17,46
19,19,22
4,22,57
11,14,25
0,19,50
4,14,37
1,8,22
1,4,17
2,9,26
18,15,19
1,18,52
0,19,55
6,22,51
0,22,63
10,16,29
19,20,27
9,22,49
26,18,20
21,18,21
18,18,20
3,22,60
1,11,36
24,16,18
6,15,37
9,12,18
2,8,24
17,21,34
0,7,21
16,13,18
9,13,25
9,22,46
14,15,20
5,23,55
16,23,38
6,18,41
17,21,29
7,18,42
18,22,31
6,16,39
21,16,21
6,16,36
36,23,21
2,6,20
4,6,17
1,7,23
35,22,17
6,9,21
1,8,25
1,23,62
16,20,28
0,12,38
9,20,40
14,21,39
5,10,22
7,14,30
26,22,26
8,14,28
2,16,45
32,22,24
5,22,54
2,15,43
14,17,27
11,17,31
22,23,25
8,13,28
9,15,32
13,15,21
0,12,40
0,8,26
17,13,18
23,18,22
25,17,21
18,21,27
0,20,57
11,22,44
5,17,44
0,16,49
3,23,61
4,16,39
14,20,35
12,20,39
4,16,42
3,13,34
16,18,20
13,16,26
22,14,17
2,7,19
0,18,48
10,11,19
5,12,27
18,19,26
5,16,38
2,8,26
37,23,19
6,20,46
8,17,37
32,21,20
8,17,36
0,6,22
35,22,19
19,17,22
8,9,17
11,13,22
7,18,43
13,23,46
28,23,26
11,23,48
6,8,19
7,16,34
7,22,52
13,18,28
21,22,28
2,6,18
14,17,26
0,17,51
4,8,20
9,23,49
1,19,52
0,18,49
2,13,38
1,8,24
9,19,40
5,7,18
0,10,32
30,22,25
14,17,24
12,15,25
4,19,48
11,23,49
1,6,20
11,16,31
8,16,36
1,10,31
28,17,18
14,19,30
11,22,43
11,15,24
10,15,25
15,22,40
9,15,19
15,17,19
27,16,17
29,19,21
13,20,36
35,23,25
4,12,30
24,16,20
11,15,28
2,16,42
14,19,31
16,20,32
8,16,32
8,13,25
6,21,50
23,15,19
0,15,45
6,9,18
3,21,55
20,22,26
10,14,27
31,21,24
36,23,17
8,19,44
19,20,24
7,15,32
3,9,26
15,14,18
23,20,24
25,20,23
8,17,35
1,9,24
11,23,43
15,16,20
5,15,39
16,16,19
7,17,38
2,15,41
18,20,23
1,14,42
1,18,48
3,8,20
10,12,20
16,23,36
12,16,29
6,10,21
10,23,49
4,18,46
12,16,27
7,22,53
1,7,20
6,8,17
2,5,17
13,18,29
13,21,38
4,21,53
6,14,33
17,18,20
11,16,28
10,22,46
9,21,46
6,23,54
2,20,56
1,11,32
2,21,58
27,20,24
14,18,29
8,11,22
11,18,32
3,11,29
7,8,18
15,18,27
21,22,26
28,20,23
16,20,33
10,23,48
7,21,48
3,16,40
16,17,19
25,18,22
13,21,40
7,20,46
0,16,46
2,6,17
17,23,38
0,9,27
19,23,33
20,19,23
11,12,18
1,18,47
3,12,34
0,9,26
34,21,20
2,14,39
3,11,31
11,21,43
4,15,40
35,23,21
11,21,44
0,13,42
0,6,18
17,15,20
8,19,43
5,21,52
16,15,20
4,12,29
8,16,37
15,20,34
14,21,35
6,19,44
31,20,22
1,11,34
0,13,39
0,7,25
6,11,24
17,18,24
8,9,18
29,22,24
25,20,24
8,12,25
2,12,35
9,15,31
16,13,17
23,19,22
26,20,22
10,17,33
6,13,31
11,18,36
0,9,30
7,12,26
1,20,54
12,20,38
7,12,24
7,14,29
12,23,45
8,21,45
14,23,41
26,17,20
8,13,24
4,19,49
1,19,51
1,15,44
1,12,37
31,19,19
3,8,22
2,22,57
9,20,45
4,19,50
19,20,23
8,18,39
0,11,36
14,15,22
6,15,35
4,13,36
18,16,21
15,23,42
2,13,39
14,12,17
14,15,23
9,17,33
16,18,21
33,21,20
30,21,23
1,17,46
0,17,47
31,20,19
30,19,20
16,15,19
5,23,58
19,22,29
11,22,47
14,16,22
11,20,41
7,21,46
6,19,47
2,7,20
7,10,20
2,8,21
1,20,56
36,23,19
7,14,32
30,20,21
9,16,33
9,14,25
31,21,22
17,20,29
35,22,20
25,19,22
15,19,32
1,17,49
7,15,35
11,23,47
15,23,38
23,23,25
6,16,37
5,18,46
2,11,32
20,14,17
7,23,52
22,16,20
6,17,41
4,21,56
14,14,21
13,23,41
9,12,21
2,20,55
8,16,31
17,14,19
12,23,44
17,20,27
2,18,47
31,21,23
16,17,21
1,17,48
1,5,18
16,23,37
6,21,51
24,18,22
4,12,32
19,19,23
31,22,25
9,23,50
12,18,32
4,11,25
17,23,36
3,11,28
3,8,23
2,11,33
1,8,23
3,9,23
8,13,27
14,14,19
5,18,45
9,16,32
4,20,51
17,18,23
6,13,32
25,18,21
24,20,23
7,23,55
7,23,54
15,23,41
0,18,50
2,13,36
17,19,24
1,22,60
5,17,42
12,21,40
16,20,31
11,17,29
14,22,39
13,14,21
6,14,32
10,13,20
11,19,36
30,23,27
4,14,34
1,10,32
11,21,40
15,17,26
34,22,18
15,17,23
22,23,28
7,12,25
1,11,33
5,19,48
10,17,31
28,23,27
9,20,41
2,20,52
20,21,28
22,21,24
11,18,33
8,10,21
18,15,20
31,19,17
11,14,24
5,22,55
9,22,47
2,7,22
1,19,53
10,21,41
6,10,22
19,14,17
7,19,43
10,20,39
14,19,29
23,15,17
31,22,23
24,15,17
5,16,39
8,23,52
14,15,21
12,21,41
10,19,38
9,15,18
2,10,31
20,22,30
2,19,54
3,17,45
12,15,27
13,16,27
9,11,18
3,10,27
17,21,33
6,18,44
21,20,23
30,19,17
3,10,29
10,17,32
9,11,19
0,6,19
18,19,25
7,13,30
14,22,37
17,16,21
6,17,39
15,18,26
15,21,35
11,12,20
4,14,38
19,23,32
0,9,29
4,23,60
14,21,38
35,22,22
5,8,20
3,23,58
15,22,37
3,19,51
5,23,59
10,20,42
2,21,55
32,23,25
8,10,18
4,22,55
20,21,25
4,7,18
12,21,39
24,19,22
20,16,21
7,18,41
19,18,23
17,13,17
10,13,23
3,20,54
2,5,18
29,22,25
5,14,35
2,22,60
9,17,35
11,21,41
1,15,42
33,22,23
19,23,31
3,7,18
3,12,32
18,13,17
3,12,31
15,18,21
22,19,22
8,15,33
4,22,54
11,23,50
25,22,25
6,15,33
5,22,52
36,22,21
13,23,44
27,20,23
13,17,26
24,17,19
9,11,20
0,21,61
12,20,36
14,14,20
34,23,25
17,18,25
3,6,18
10,15,19
7,9,19
7,20,47
26,18,21
1,14,41
12,22,41
3,13,33
11,17,30
23,15,18
6,18,40
4,13,32
1,6,18
13,18,32
21,19,23
12,14,23
22,23,26
13,14,19
17,22,33
19,15,20
23,22,25
13,22,39
34,21,17
0,10,35
13,13,19
8,13,26
0,18,54
7,10,18
33,23,25
22,22,25
15,23,40
17,20,23
7,23,53
2,16,46
8,15,34
9,13,24
7,21,50
0,10,31
0,8,25
4,12,31
5,13,31
16,16,20
26,17,19
2,19,51
31,22,24
20,17,21
26,23,27
10,21,40
3,19,52
3,16,43
3,22,57
30,18,17
5,13,30
5,8,19
14,16,24
8,22,48
10,13,24
4,10,27
5,11,25
2,20,54
32,23,24
23,19,23
24,20,24
8,11,20
14,19,33
21,14,17
2,14,40
18,19,24
6,11,26
22,19,23
10,18,36
18,20,28
28,19,21
0,15,44
19,22,32
10,18,34
21,14,18
5,10,23
4,11,26
0,14,41
15,23,39
3,8,21
13,18,33
18,21,28
16,22,36
4,20,49
3,14,38
5,9,20
3,9,24
2,17,47
1,7,21
1,12,34
9,17,36
15,20,32
25,16,19
11,13,23
2,9,23
10,11,17
27,19,21
15,19,29
17,20,28
17,23,37
10,22,48
14,16,25
18,17,22
0,11,33
3,19,48
11,23,45
5,14,36
33,21,19
5,8,17
6,22,52
4,23,58
0,15,43
33,22,22
15,16,19
0,4,18
19,22,28
12,17,32
10,20,40
15,17,21
19,21,30
15,15,21
4,23,59
15,21,33
4,11,30
18,18,21
1,10,30
21,17,21
10,13,19
2,17,46
26,19,22
1,21,60
13,23,42
18,22,32
6,8,18
14,23,43
20,23,34
1,6,19
2,15,42
16,21,35
3,10,28
2,7,23
9,22,48
29,21,25
17,19,22
13,15,25
0,10,34
9,17,34
3,17,44
19,17,21
8,19,41
7,17,37
0,9,31
9,15,30
14,14,18
7,14,28
15,17,20
10,20,41
21,23,28
4,13,30
11,17,33
16,18,19
28,21,24
4,7,19
28,18,17
15,14,19
7,19,42
7,11,23
10,22,47
12,12,18
7,21,47
11,13,19
5,21,54
18,20,25
8,20,42
15,17,24
1,6,21
2,10,27
4,11,27
11,17,32
13,15,23
4,8,19
6,10,23
10,15,18
11,20,40
9,18,39
1,13,39
5,22,53
19,21,27
16,19,24
5,15,35
11,19,38
18,20,27
4,9,24
11,16,26
2,18,48
15,17,25
1,10,33
20,19,22
15,18,19
5,16,41
11,12,21
10,22,45
9,21,45
36,23,20
10,21,42
6,17,40
5,12,29
7,19,44
3,21,54
14,17,28
3,7,21
0,8,29
5,15,37
5,9,21
11,16,29
8,12,24
13,17,30
16,17,24
32,22,25
13,22,40
3,10,25
3,12,35
10,11,20
20,20,24
36,23,24
9,23,52
1,15,43
28,22,25
13,14,20
24,22,25
1,11,35
31,21,21
5,14,33
12,15,26
1,9,28
6,11,25
9,14,19
7,16,36
1,20,53
13,21,36
19,23,35
12,16,24
17,18,22
20,17,20
10,12,21
2,22,58
0,21,58
6,12,29
5,18,47
22,23,27
1,7,24
16,23,41
26,23,26
13,23,43
16,21,32
8,14,31
0,14,44
6,22,54
1,16,45
4,21,51
15,16,23
10,14,18
14,13,19
21,15,18
9,17,37
11,22,45
31,23,26
13,12,18
32,20,21
1,13,38
7,20,44
3,15,39
7,10,21
0,9,28
11,15,25
17,22,32
4,18,44
24,19,23
13,12,17
3,16,42
9,18,38
1,9,29
21,19,22
21,20,24
34,23,24
9,9,17
5,20,50
28,19,22
16,22,37
12,19,33
10,18,37
28,18,19
2,16,44
16,19,31
30,23,25
14,16,23
17,20,30
16,18,24
8,22,47
12,17,27
6,14,30
10,22,44
5,11,28
5,19,47
9,10,19
3,22,56
9,10,17
16,17,23
5,9,22
9,20,43
10,20,38
1,7,22
16,14,18
2,22,59
16,20,29
1,9,27
11,14,23
9,10,18
30,19,19
13,13,18
1,14,40
18,20,29
14,20,34
11,18,37
11,14,19
6,23,55
21,23,31
36,22,18
8,14,29
34,21,18
4,10,25
13,14,22
18,14,19
0,21,59
3,13,37
13,16,24
9,13,23
11,22,46
10,12,22
21,21,25
5,16,40
23,17,21
33,20,20
15,20,30
10,14,25
11,11,17
2,12,36
4,17,42
0,7,26
11,19,34
21,16,19
31,23,27
18,21,31
10,20,43
1,8,27
32,20,18
8,23,53
6,21,49
4,16,41
3,13,35
7,13,28
28,19,20
30,23,26
18,22,30
31,20,20
17,19,28
18,22,33
14,23,40
8,21,48
15,21,36
1,18,49
4,7,17
12,23,47
7,9,17
3,17,43
15,22,36
14,18,31
6,10,24
9,12,24
7,18,39
12,14,21
33,23,24
12,15,23
1,12,38
17,22,36
31,19,20
12,22,42
17,19,27
0,12,39
4,18,45
7,19,45
8,15,29
17,21,30
6,22,53
3,22,59
21,21,26
5,18,42
26,22,25
29,17,17
0,18,52
9,21,44
3,15,42
9,19,39
0,11,37
16,21,34
8,14,27
13,17,27
14,13,17
12,13,18
2,12,33
27,22,25
23,20,23
12,13,22
0,20,59
12,23,43
18,19,21
10,19,37
1,20,55
13,20,37
2,23,62
4,10,26
3,20,50
9,20,42
5,13,32
27,23,26
12,17,31
6,19,46
24,17,21
9,20,44
7,12,23
19,16,20
9,14,29
5,22,56
7,15,34
23,23,26
6,19,43
10,17,35
5,17,41
27,17,18
5,18,43
17,19,21
7,17,40
1,8,26
5,10,25
2,19,50
14,17,29
16,23,40
29,18,18
26,20,23
3,18,47
18,18,22
12,22,44
10,21,43
4,21,55
8,20,46
25,17,19
13,17,29
10,15,28
12,19,36
11,20,38
14,21,37
32,21,21
12,14,22
8,10,19
13,21,37
24,16,19
6,23,57
0,5,17
5,13,34
10,16,18
33,21,21
4,20,48
2,18,51
4,16,40
16,18,26
29,21,24
15,22,35
20,16,20
33,22,24
20,15,18
13,19,36
2,15,40
2,10,30
32,20,19
29,20,21
6,19,45
9,12,23
0,12,36
30,18,19
7,10,22
0,13,40
12,18,31
3,13,36
12,15,24
8,15,31
18,16,20
29,19,22
2,21,57
2,6,19
0,19,56
16,17,25
8,11,17
9,14,26
17,20,24
6,20,49
7,16,35
2,17,45
7,14,31
9,16,35
5,19,46
8,23,54
19,21,28
29,18,19
22,15,17
27,23,27
8,16,33
14,20,32
20,16,19
7,13,29
0,10,33
6,21,52
4,7,20
10,18,38
7,11,20
9,19,38
28,17,17
18,19,22
21,15,19
0,22,62
17,20,31
17,16,20
8,15,32
7,22,51
19,22,30
22,20,24
5,14,34
3,21,56
32,23,26
10,21,44
4,9,21
8,22,52
3,18,48
30,18,18
3,15,38
5,11,26
1,13,40
0,17,50
3,18,49
15,13,18
18,14,17
20,21,26
7,9,20
15,13,17
4,22,56
4,13,31
14,16,21
15,15,20
26,21,25
4,19,47
15,18,29
19,13,17
8,21,47
4,12,33
