59,19,41
44,6,40
46,10,37
58,23,29
41,5,44
45,12,38
43,8,41
55,9,5
60,22,30
57,6,1
56,20,21
50,17,22
40,7,38
41,8,38
60,9,2
58,16,13
52,17,19
55,16,17
50,8,10
41,1,54
43,3,25
55,11,10
50,13,17
39,6,52
52,19,35
53,14,37
51,13,37
44,11,29
45,9,36
39,3,41
48,13,41
54,13,55
53,8,3
55,13,9
44,11,35
43,10,38
54,15,57
40,0,15
43,6,12
43,5,24
52,12,61
51,9,59
55,13,57
48,13,35
63,23,40
58,17,58
49,15,39
58,16,14
61,19,56
38,6,38
39,5,40
57,21,28
42,10,36
49,15,22
58,20,32
40,6,50
37,5,34
50,13,19
59,20,34
55,16,46
40,5,33
41,1,23
44,9,29
54,16,50
39,3,42
53,15,56
46,6,12
59,14,62
42,4,16
57,19,47
51,9,62
61,10,3
50,14,30
44,7,40
58,17,52
50,13,46
44,6,54
51,11,59
44,2,57
46,12,24
39,7,32
45,11,36
37,2,29
62,10,5
44,10,36
57,11,63
55,18,37
38,3,30
59,20,37
59,21,52
43,5,27
46,5,58
45,0,58
61,20,57
55,16,45
58,18,19
42,8,53
47,10,14
62,0,0
62,22,52
44,9,43
41,4,41
61,10,5
52,17,49
52,17,36
44,4,23
52,11,61
46,11,34
40,4,41
59,17,14
60,10,5
61,21,39
60,19,51
55,15,14
50,13,36
63,22,40
58,13,9
48,0,62
44,10,37
43,4,24
51,17,23
48,4,60
59,17,57
51,2,3
55,10,6
41,6,30
44,2,19
48,11,39
61,14,10
56,11,5
59,21,45
58,21,25
50,15,41
48,12,32
45,10,49
57,17,16
58,18,40
60,22,52
50,16,35
43,7,14
46,2,9
59,19,53
52,15,20
53,12,60
46,10,22
56,12,62
62,23,32
55,16,36
45,8,22
50,1,6
61,22,54
44,2,56
63,20,54
46,11,35
44,11,34
61,22,55
51,13,54
38,2,30
43,6,54
62,13,10
45,9,40
59,21,24
58,11,63
55,9,7
37,1,30
43,6,28
50,4,63
59,22,41
43,0,56
41,5,41
48,1,9
41,7,36
51,3,3
59,22,24
38,4,29
58,19,19
52,13,15
43,0,19
63,14,63
63,23,51
60,13,10
42,1,22
38,5,47
40,3,43
47,8,55
44,1,10
57,19,43
57,17,50
61,21,48
60,16,61
48,10,44
44,7,54
61,23,42
60,19,52
54,16,53
53,17,21
52,16,51
59,22,42
62,16,14
50,12,51
42,6,30
38,4,40
58,18,43
42,7,31
41,10,36
42,6,54
52,17,47
53,14,14
44,5,27
50,15,33
53,17,27
52,14,47
56,8,2
45,11,29
56,20,30
58,21,44
63,17,58
54,15,37
51,14,39
58,18,44
61,22,42
59,16,60
49,5,8
49,1,5
61,3,0
61,20,44
46,11,53
43,2,22
50,10,12
54,16,41
62,20,54
48,10,43
46,8,55
44,5,57
50,10,55
58,19,39
50,0,5
37,5,36
52,6,5
43,5,54
52,15,38
60,13,63
60,20,42
56,20,24
56,18,55
42,10,35
52,8,10
50,17,21
47,11,40
61,15,12
43,6,42
52,13,13
58,23,26
48,7,10
46,9,53
43,6,57
53,14,41
62,19,55
44,5,25
62,12,8
51,4,3
53,16,47
47,9,40
51,12,41
48,13,53
47,11,16
37,1,48
55,13,14
42,9,39
45,9,38
46,11,39
56,17,56
62,8,1
48,13,44
62,20,58
44,8,41
46,13,27
62,23,38
49,11,58
63,23,39
47,11,52
45,11,35
61,13,63
56,16,49
52,16,32
41,2,28
51,15,52
51,17,24
60,18,18
37,2,37
43,5,10
42,2,25
58,17,17
53,18,36
40,5,51
56,10,4
49,13,42
45,10,20
60,21,32
37,4,38
59,20,35
57,18,35
58,17,54
44,10,40
39,5,48
48,14,49
44,10,50
54,18,17
42,5,44
48,8,11
55,12,8
39,5,29
49,14,48
55,15,17
40,6,46
51,13,53
63,15,61
58,16,60
41,3,53
61,21,52
63,11,10
52,14,37
58,18,45
39,3,46
40,5,46
58,14,60
40,1,12
53,13,63
61,17,60
53,15,17
48,13,39
47,8,11
45,10,15
43,9,51
59,23,30
48,9,57
58,11,5
43,6,40
52,18,25
54,19,36
62,23,48
43,6,27
50,10,10
58,19,53
49,10,40
55,18,47
40,5,53
43,1,10
58,20,31
39,5,47
50,16,25
60,19,20
49,12,55
60,20,54
62,5,1
55,13,15
50,4,62
48,12,30
43,6,45
44,9,25
40,8,34
62,5,0
61,17,57
37,1,37
48,13,49
52,13,47
44,8,53
56,15,62
54,11,63
47,10,47
58,20,24
59,19,58
50,15,39
39,3,40
55,17,35
43,3,10
55,18,23
55,16,57
62,9,3
51,12,39
42,7,42
63,23,53
56,11,63
57,15,13
60,18,57
50,14,15
55,16,41
47,12,18
54,17,34
37,1,47
38,2,40
47,14,25
58,22,43
51,1,3
42,0,22
50,8,11
56,15,59
38,1,40
59,19,42
60,21,57
49,15,35
57,17,17
44,8,19
63,19,57
51,15,18
54,12,13
40,7,52
49,2,61
49,12,13
36,0,48
62,16,60
52,19,36
63,8,3
59,19,49
55,10,9
45,3,10
38,2,48
55,17,33
51,11,14
42,4,55
63,21,50
40,5,40
57,17,46
54,14,58
41,3,12
55,19,22
60,21,41
47,10,38
62,11,3
50,15,35
58,7,1
49,13,15
60,20,55
50,12,18
59,19,17
55,14,13
47,11,19
49,15,38
59,11,7
47,13,28
45,12,27
55,14,56
54,16,57
45,13,38
42,3,54
51,9,58
45,10,53
56,18,54
63,18,60
44,9,34
47,10,45
51,9,10
61,23,53
40,5,31
53,16,49
43,8,47
43,8,14
56,17,41
47,2,59
46,10,20
63,14,13
57,18,38
45,9,23
43,4,17
43,2,25
51,12,13
48,11,50
62,23,53
57,19,49
42,8,40
47,12,21
52,14,41
59,21,43
55,19,30
51,17,27
46,10,14
53,16,17
48,1,62
58,19,45
47,13,40
45,14,37
54,15,49
42,8,34
51,5,6
52,6,3
58,10,2
49,2,7
43,0,10
57,19,35
42,3,55
56,17,42
38,1,42
58,18,53
45,11,23
46,11,29
49,0,6
57,16,15
39,2,51
41,6,50
38,6,39
53,17,24
63,10,5
52,13,41
62,22,48
51,13,48
41,3,28
62,16,59
50,8,61
51,13,45
63,19,19
54,15,39
60,19,17
42,7,51
59,5,0
47,10,41
41,8,39
63,23,38
54,10,9
44,10,26
46,11,48
61,19,53
49,13,47
60,21,20
62,4,0
53,17,25
57,14,63
47,10,54
61,23,38
47,14,26
50,13,15
57,18,42
55,15,56
57,11,4
45,13,25
44,8,47
62,22,37
49,4,61
53,18,29
54,15,17
52,6,4
50,14,31
47,9,41
37,3,31
42,1,16
44,6,14
45,5,20
60,8,0
48,9,12
59,14,61
41,7,33
56,12,11
53,12,9
60,14,8
47,1,59
36,0,46
51,15,32
56,17,46
44,9,48
60,22,33
60,22,31
50,2,4
44,8,22
50,13,40
45,9,48
55,22,28
41,6,15
50,5,7
37,1,41
59,19,47
48,12,52
50,5,6
48,14,38
56,13,13
46,11,30
59,19,37
43,2,10
57,13,62
52,13,55
43,2,20
58,10,4
51,10,59
51,16,18
56,22,27
61,16,63
53,15,36
60,22,32
57,10,2
60,13,62
43,10,36
61,17,15
58,18,58
55,17,44
45,12,34
53,16,43
49,12,39
49,10,15
60,21,56
45,14,25
56,20,32
59,20,52
40,9,34
56,18,58
50,12,50
57,18,51
63,22,41
49,14,31
61,22,47
41,6,46
57,11,8
52,18,23
48,0,8
61,16,59
53,16,44
52,10,9
49,14,36
54,18,27
57,19,45
60,18,56
60,22,27
37,0,32
47,5,9
43,5,28
61,16,62
42,9,38
61,21,55
42,2,16
62,23,24
61,19,57
63,2,1
55,17,45
38,4,32
53,11,58
48,11,48
57,17,19
37,0,38
50,14,36
49,14,30
45,9,43
60,21,44
47,10,53
53,18,24
45,8,41
49,16,28
53,15,50
59,22,45
60,14,63
37,3,36
43,7,53
46,5,11
38,1,29
39,7,38
60,13,8
53,19,35
45,10,35
49,16,29
51,7,8
48,14,24
61,21,44
40,3,42
39,6,38
52,15,43
46,12,30
59,16,12
41,8,31
50,15,53
47,9,56
62,21,19
58,20,38
53,19,26
38,8,40
40,8,47
47,15,26
38,3,48
43,5,23
60,19,58
47,12,32
45,8,53
63,9,4
52,14,40
54,16,44
58,17,61
41,4,53
50,13,48
45,8,20
57,9,2
49,14,49
52,15,18
49,13,35
63,11,4
51,13,47
46,13,26
55,16,48
60,20,52
36,1,34
58,15,13
61,14,11
53,14,47
60,21,49
54,16,38
46,14,36
60,17,59
59,18,57
54,17,19
45,11,25
44,6,44
54,18,20
48,12,31
44,4,10
37,2,34
56,16,48
56,19,33
42,10,34
56,20,31
46,10,47
59,22,38
37,1,34
38,3,49
43,6,55
49,12,43
62,19,58
36,2,33
50,15,28
55,17,34
38,4,30
46,9,11
49,6,8
47,3,10
50,13,49
55,16,49
63,11,6
52,17,51
49,13,36
54,18,51
56,15,61
43,5,43
53,0,1
43,9,31
52,18,49
58,0,0
60,23,46
56,12,8
49,16,25
50,3,5
40,4,29
57,20,27
60,21,43
58,17,13
43,8,39
55,12,60
45,10,46
56,17,47
54,20,24
59,16,62
56,19,27
54,19,27
46,11,50
49,12,57
59,16,59
53,15,38
45,10,34
50,16,30
50,15,29
56,15,56
57,18,45
49,13,41
48,6,59
44,5,19
63,2,0
43,2,17
49,4,7
63,1,0
59,15,13
57,10,5
54,15,36
54,0,1
53,16,52
56,18,20
45,7,14
44,5,56
48,12,48
45,11,24
48,14,48
41,7,52
54,17,50
43,8,35
62,11,7
44,2,20
45,2,10
47,13,53
63,21,56
50,14,53
45,12,37
63,13,11
53,18,35
53,7,6
60,16,57
57,17,39
57,0,0
54,19,20
61,18,55
53,15,42
49,9,57
48,11,36
59,13,62
43,10,26
44,9,23
48,10,45
57,20,31
41,6,48
63,22,48
50,13,53
61,5,0
61,23,31
63,22,45
53,18,21
57,12,8
50,6,61
49,13,34
57,19,33
43,10,35
54,18,23
45,10,37
47,9,42
60,20,19
49,14,32
45,6,58
38,4,49
40,3,41
44,3,21
46,1,59
48,13,22
40,2,52
53,12,58
57,21,50
45,10,17
55,18,53
61,23,35
60,14,61
59,20,53
49,0,63
42,8,49
54,15,38
50,14,17
48,11,54
50,17,35
52,7,8
49,11,48
40,5,34
61,22,32
52,16,31
62,15,13
57,18,50
58,19,50
56,14,57
38,3,46
59,20,44
51,16,38
56,12,12
42,0,55
40,8,32
57,20,48
45,9,20
45,8,44
62,19,59
42,1,23
56,17,49
41,7,31
61,21,51
56,17,36
49,10,44
50,11,15
63,11,7
52,12,58
52,13,16
57,17,40
40,6,32
41,8,33
48,11,43
46,11,51
63,6,1
49,8,11
38,3,31
62,19,57
60,23,41
38,5,49
50,10,58
43,7,39
61,18,17
57,17,41
44,8,49
61,23,26
49,5,62
48,10,39
49,12,54
61,15,60
59,19,18
43,7,44
51,14,20
51,7,63
41,5,45
53,9,5
62,22,43
49,17,24
50,15,25
51,17,34
60,21,53
59,19,51
49,14,26
52,15,37
63,23,42
59,21,34
59,2,0
46,13,25
56,9,5
62,14,62
57,3,0
54,17,51
52,18,48
54,19,25
61,21,47
50,12,42
38,4,34
37,1,29
63,16,62
42,7,34
53,14,45
56,9,4
59,1,0
60,21,48
49,8,9
57,18,43
56,16,16
55,15,58
61,20,53
54,15,16
39,6,30
61,14,61
55,20,34
63,12,6
48,14,53
50,12,60
39,0,28
49,13,37
58,21,22
63,22,55
48,2,7
62,7,1
45,1,58
62,11,9
54,11,8
47,9,54
45,7,55
43,10,30
41,8,49
54,12,10
59,18,17
44,10,38
50,7,63
44,9,16
59,19,39
59,6,0
56,7,2
58,15,61
51,7,7
48,12,56
47,10,50
61,18,59
48,6,9
60,23,32
46,14,37
53,16,31
61,21,23
54,9,6
41,4,40
40,2,27
51,7,9
62,8,3
50,5,5
55,9,3
58,12,63
53,11,61
55,17,55
40,6,36
50,16,20
52,2,2
40,8,31
44,7,39
63,20,20
56,19,22
53,14,54
40,0,12
57,16,56
61,14,62
53,18,28
55,17,51
51,0,3
49,13,39
58,21,30
57,17,45
52,14,17
57,19,32
52,10,12
62,19,56
40,5,28
52,14,48
56,19,24
50,12,54
52,14,19
58,19,18
38,2,46
43,5,29
53,12,63
45,10,26
52,13,42
51,13,16
59,17,16
37,1,42
57,17,56
54,9,8
49,13,49
44,10,49
55,21,27
41,1,14
44,9,32
57,15,15
51,16,31
53,14,55
51,17,35
45,7,43
46,8,40
63,23,48
50,12,48
62,10,3
56,9,1
38,3,50
51,10,12
61,22,38
63,16,60
44,4,20
57,19,38
47,12,17
50,12,46
44,7,16
63,23,41
52,11,60
43,9,43
61,21,38
61,16,15
57,19,20
62,22,24
43,7,56
48,13,52
46,12,28
48,7,59
45,4,10
54,12,12
52,9,60
52,12,56
47,10,49
51,18,28
37,0,33
46,9,20
57,13,61
46,9,52
56,20,34
50,16,33
59,20,49
53,10,60
59,18,18
62,22,46
47,13,32
47,12,53
45,12,26
59,20,38
51,11,13
60,18,17
56,18,22
44,8,17
42,5,42
52,16,48
49,11,52
54,16,34
53,10,10
52,2,3
39,7,33
48,14,20
54,19,28
54,9,9
44,9,31
46,11,52
53,14,48
47,6,9
62,20,20
62,21,41
44,8,54
40,1,27
62,23,49
62,21,53
63,22,37
50,15,27
60,22,25
48,13,20
48,9,14
57,22,27
42,6,47
61,15,62
54,18,25
56,14,60
50,15,37
44,8,28
63,8,4
47,11,32
53,16,50
55,12,10
42,3,28
56,5,0
50,4,7
60,19,48
54,10,11
55,17,16
41,3,13
59,7,0
51,12,56
48,16,30
56,19,43
59,21,37
43,4,23
39,4,32
56,0,1
51,16,24
56,13,60
37,0,50
55,18,30
54,5,1
53,6,4
62,20,55
41,1,26
50,15,20
47,12,37
50,8,59
46,15,24
47,9,16
44,9,30
42,0,56
46,8,12
54,18,50
54,13,56
58,18,41
55,7,2
50,13,54
44,10,28
53,17,46
52,12,55
55,16,38
52,13,46
57,19,42
53,16,32
50,16,23
61,11,5
62,10,4
57,17,51
51,14,54
58,14,12
46,9,38
51,15,40
59,20,40
51,6,63
55,15,55
49,11,43
55,9,4
41,7,41
55,15,57
46,11,38
50,17,28
62,3,1
62,19,18
49,8,10
37,2,32
45,9,52
49,10,43
47,9,46
45,12,28
52,17,29
41,7,48
49,15,34
55,16,56
60,14,62
58,5,0
48,9,11
46,10,35
53,13,15
48,7,58
44,11,30
46,14,25
61,16,14
51,11,54
61,18,61
44,6,23
60,22,28
43,9,47
55,16,58
51,16,32
60,15,10
59,21,44
43,6,39
47,16,24
38,3,39
42,6,15
53,14,44
60,19,49
47,15,24
50,16,31
37,2,33
58,19,44
55,16,50
62,17,15
60,12,9
51,12,58
43,8,34
61,9,3
47,7,10
42,2,12
48,10,14
60,15,60
49,11,42
55,19,26
51,10,60
60,16,13
52,7,6
57,17,48
39,8,32
52,18,27
45,7,41
57,17,60
48,15,27
43,4,10
50,7,59
40,7,40
60,9,1
57,12,11
38,5,36
59,21,53
48,9,58
59,18,53
39,4,44
46,9,16
44,6,17
46,10,36
62,10,6
50,16,21
48,11,15
48,11,46
48,12,33
38,5,40
54,13,58
44,7,46
54,6,2
46,12,49
50,12,16
52,1,2
53,17,22
41,7,47
38,5,31
58,16,55
57,18,46
46,11,20
54,20,26
40,0,27
55,17,56
41,7,51
47,0,60
63,17,17
46,11,16
52,14,52
62,16,63
42,7,35
58,20,37
45,9,32
62,19,16
63,22,22
43,9,25
43,6,30
43,7,25
51,13,12
54,20,23
49,6,61
58,9,3
51,14,52
51,17,37
59,22,37
37,0,48
39,7,39
51,7,62
40,6,47
59,21,50
57,10,4
42,2,23
49,14,18
56,8,4
56,14,58
49,14,23
59,4,0
47,12,19
44,6,12
63,22,56
60,23,35
54,15,18
46,12,29
50,14,28
50,9,60
44,8,46
38,5,33
44,5,11
53,16,48
44,8,39
57,17,57
63,18,59
54,12,9
44,10,54
58,18,51
41,8,47
60,17,61
60,10,3
45,11,52
63,16,15
55,13,11
52,14,15
59,18,55
59,16,57
42,6,29
56,14,63
41,2,12
44,8,24
60,21,42
51,17,36
53,8,7
45,3,11
43,2,56
56,20,25
62,18,58
48,2,9
52,15,53
45,10,36
53,14,16
49,12,16
61,10,6
45,9,41
49,15,31
58,18,46
42,6,14
42,1,12
53,9,6
56,18,49
45,11,20
44,8,50
37,3,33
55,18,28
51,15,39
55,18,50
45,0,10
56,19,34
54,7,3
49,13,55
55,11,7
46,14,24
58,22,27
44,3,20
49,11,55
38,5,50
51,18,35
61,23,25
53,13,16
41,0,12
44,7,55
53,16,35
49,15,33
51,15,35
63,23,33
56,10,7
59,15,62
55,21,28
50,16,27
42,3,26
45,9,17
51,16,52
42,7,46
47,12,38
53,18,30
42,6,45
53,10,11
42,2,55
45,10,30
49,9,12
51,18,25
62,22,56
63,22,42
58,19,43
40,7,33
51,12,53
60,7,0
50,14,52
53,13,14
58,19,51
63,5,1
50,17,36
41,5,40
46,10,32
50,6,7
57,21,32
42,3,12
49,12,45
60,16,60
40,3,45
43,9,29
50,8,9
57,18,40
57,9,5
41,3,43
52,2,1
58,20,18
63,3,0
42,2,10
47,13,20
57,20,35
47,8,59
60,19,47
59,8,0
58,21,31
62,17,17
55,16,19
53,4,1
49,13,16
43,6,14
52,15,32
46,12,26
47,14,24
60,20,51
50,12,39
52,15,34
54,9,63
51,14,35
42,7,53
61,5,1
53,15,48
43,3,55
48,13,28
51,16,20
59,19,55
52,17,23
61,20,45
50,14,38
59,13,63
54,14,53
59,20,39
63,15,14
57,15,59
53,18,26
40,6,37
58,21,32
41,1,16
41,7,30
56,13,63
52,16,35
53,19,24
48,5,8
57,18,54
63,19,59
45,9,47
46,10,49
48,9,41
45,9,19
50,14,21
37,0,40
46,9,54
54,14,54
48,14,28
38,0,50
53,11,62
48,11,41
54,15,55
61,21,37
49,14,37
60,17,58
63,22,54
40,2,28
50,15,24
49,11,41
42,6,40
37,0,41
42,1,10
42,2,24
41,7,38
52,13,12
52,16,39
48,13,18
48,12,21
55,16,54
60,2,0
49,5,60
48,1,7
36,0,47
56,15,60
49,10,58
62,18,17
62,13,12
63,21,52
46,9,48
44,9,14
43,7,45
51,16,37
48,13,36
62,21,57
44,6,16
55,12,12
58,18,39
49,12,38
43,7,12
50,12,44
56,16,43
48,10,53
58,20,50
51,4,4
48,13,29
56,20,27
37,4,36
57,20,33
43,8,36
42,9,50
48,10,42
53,17,20
44,7,42
42,6,42
58,12,7
45,8,19
51,13,40
43,4,27
53,14,40
59,19,48
60,23,31
50,12,38
45,8,45
55,14,57
61,19,19
55,16,51
52,17,31
40,8,37
41,7,50
54,18,19
57,8,2
47,11,51
52,8,63
47,12,55
63,23,34
63,19,18
49,14,41
58,19,40
41,2,54
40,6,31
58,15,11
61,22,22
38,2,45
61,23,33
43,9,48
59,18,16
45,8,14
55,17,53
48,8,59
58,19,47
51,8,61
58,6,1
39,4,30
56,18,39
50,18,34
60,20,37
46,3,9
57,15,60
47,8,12
55,13,12
53,3,1
46,10,48
38,5,48
44,8,16
57,19,51
60,20,49
56,20,23
62,22,42
42,9,37
51,8,62
52,16,43
57,1,0
57,21,31
60,21,39
53,15,47
62,15,60
44,11,51
49,14,22
49,7,10
46,9,43
50,12,43
50,9,12
41,7,49
42,0,17
63,22,23
55,7,1
48,9,42
53,15,18
59,11,6
58,19,55
48,11,17
51,16,27
49,8,58
50,12,47
44,7,17
44,5,17
60,16,63
48,15,31
61,21,43
43,11,36
55,16,55
43,7,48
61,22,39
62,16,13
61,19,59
46,11,19
48,11,42
61,17,61
41,5,14
57,15,61
59,19,60
48,11,51
54,5,2
51,2,4
50,14,20
51,15,53
37,2,36
46,13,24
58,21,29
61,22,35
57,18,17
58,22,29
40,4,53
61,9,1
60,22,22
42,5,27
50,13,55
37,1,35
56,18,34
44,9,36
53,14,53
42,6,39
58,22,42
54,13,15
50,1,5
55,16,52
51,13,43
47,12,39
56,16,51
41,6,51
56,13,62
62,20,19
37,6,38
44,4,11
50,17,33
62,8,2
52,11,12
49,1,6
48,12,41
59,23,42
36,2,34
44,11,38
52,8,6
49,16,21
56,17,54
58,6,0
46,13,36
54,17,49
53,1,1
56,13,61
40,6,33
37,1,43
49,14,19
51,8,63
43,5,11
59,17,17
49,10,42
58,17,60
53,17,28
51,14,51
39,5,33
56,17,48
47,13,29
53,9,62
57,13,12
41,9,37
56,21,27
47,9,53
58,23,28
59,15,59
57,19,34
43,5,42
59,19,56
44,6,56
50,1,4
47,9,14
48,11,45
43,8,15
62,21,50
50,13,52
59,9,0
49,0,5
43,4,55
39,6,41
59,23,27
41,3,16
44,7,21
57,17,53
59,22,48
54,18,55
57,10,6
39,3,45
60,20,36
58,16,15
61,12,8
61,19,55
46,8,15
47,9,45
49,15,29
59,21,41
49,11,40
48,4,9
55,17,21
42,1,21
43,5,56
44,6,55
44,8,14
53,9,10
60,12,7
46,7,58
42,3,27
37,5,37
61,12,3
55,15,47
53,14,57
58,17,57
48,10,13
54,7,5
41,6,29
46,10,17
40,5,45
62,6,1
52,9,63
63,10,7
49,15,36
54,17,45
47,11,31
41,2,27
57,18,41
39,6,40
51,16,29
55,17,38
59,20,20
51,13,51
51,9,61
44,2,21
54,1,1
52,13,52
59,17,59
58,12,62
43,8,29
53,11,60
44,10,53
56,17,53
44,7,20
42,4,12
60,22,35
50,15,31
40,6,51
54,18,35
53,11,10
45,12,24
44,4,18
54,11,62
48,15,38
41,0,17
52,13,14
37,1,33
53,6,2
56,1,0
42,9,51
54,19,29
43,9,42
45,8,55
56,18,36
62,20,57
51,13,52
54,18,22
58,2,0
45,12,36
52,15,49
62,12,10
58,13,10
48,11,18
54,11,12
47,9,43
48,12,40
57,16,59
44,8,45
54,18,24
53,16,36
54,14,57
48,10,55
63,11,5
44,12,26
54,16,19
44,6,24
48,8,57
59,20,55
55,18,55
48,13,19
59,20,33
42,2,26
42,0,18
43,5,41
51,16,36
52,17,30
51,14,40
43,1,19
41,2,16
45,8,54
52,12,15
39,4,46
56,12,6
60,20,20
62,21,43
53,16,21
62,16,62
52,17,42
55,19,31
50,14,34
54,12,62
41,2,53
49,15,21
61,13,11
63,20,59
39,5,38
57,20,54
55,15,15
54,16,17
63,9,5
57,16,16
48,10,47
60,23,39
55,11,62
41,9,36
53,7,4
50,9,10
55,18,57
54,15,52
53,16,16
59,20,43
36,0,33
61,17,13
59,20,51
62,9,5
39,4,45
55,19,36
45,7,20
39,8,39
56,14,62
57,20,49
56,12,9
54,10,10
54,14,15
47,13,26
47,8,14
46,9,15
49,11,53
49,11,57
53,18,23
53,17,33
59,21,33
47,12,35
42,7,52
55,12,61
39,3,44
63,12,5
48,16,24
55,16,18
59,23,25
62,22,23
63,18,57
47,9,55
48,14,22
62,21,47
53,18,50
53,14,43
41,4,43
57,18,39
56,6,1
61,23,48
49,13,32
60,22,38
56,16,42
53,15,46
55,18,34
50,5,63
44,10,29
48,2,8
62,20,53
47,9,47
53,12,14
53,8,8
47,9,57
46,9,41
48,5,60
59,15,60
49,12,19
51,15,28
57,17,38
63,21,57
44,6,45
51,11,56
63,20,21
48,11,38
61,15,61
45,9,53
55,8,5
41,8,40
43,8,50
51,16,19
46,8,13
42,9,35
50,10,13
51,8,10
50,6,62
42,7,43
50,11,45
37,0,43
49,11,16
59,21,23
43,8,27
63,13,12
40,6,30
59,18,60
56,16,18
47,5,10
38,0,49
59,9,1
48,12,44
54,13,59
52,12,13
59,21,30
52,14,44
46,13,29
61,14,63
54,19,24
54,17,16
46,5,59
58,18,47
52,5,3
54,16,58
58,16,62
52,9,10
58,9,2
41,5,54
52,17,22
51,16,25
47,6,59
59,17,13
51,13,18
55,3,1
46,9,14
49,11,14
54,17,38
40,1,28
41,4,12
49,12,15
50,14,47
43,9,33
55,13,63
59,10,3
52,16,28
40,1,14
48,1,8
59,22,23
44,6,43
57,16,61
60,20,50
47,12,33
49,16,35
59,21,48
55,18,31
59,18,15
63,13,10
38,2,38
57,23,28
47,7,58
51,12,43
52,14,49
59,23,37
61,20,51
63,20,19
53,19,23
54,15,50
41,2,15
51,17,28
54,20,22
62,23,31
49,15,27
48,3,8
57,20,21
48,14,25
62,17,58
41,1,55
41,7,37
42,7,33
50,13,51
62,17,59
54,11,11
61,20,55
54,13,13
39,7,37
56,18,32
39,5,39
50,15,52
56,11,10
39,6,31
43,8,53
53,17,49
51,10,57
60,21,35
49,12,52
49,10,54
47,7,59
63,20,55
55,17,20
53,15,43
58,19,38
56,14,15
46,10,23
61,23,30
55,13,59
46,10,42
61,20,47
42,7,54
40,0,16
63,10,6
44,7,43
61,11,4
47,11,49
45,8,17
58,13,62
60,20,53
52,15,33
52,12,54
42,6,53
37,0,44
44,8,44
52,14,16
59,9,3
51,5,3
51,13,55
48,8,12
59,11,3
60,7,1
57,15,11
53,11,13
48,13,34
53,16,51
61,11,8
56,19,21
46,13,22
50,2,5
40,4,40
38,1,41
38,5,35
56,0,0
60,10,2
61,23,27
43,0,20
60,22,43
56,15,14
44,2,22
63,23,50
45,12,25
58,19,20
53,9,8
44,0,57
39,7,48
43,5,25
48,10,40
49,2,63
45,9,24
50,14,18
42,7,30
44,0,10
51,14,48
61,22,46
59,20,46
61,21,46
44,3,19
55,10,7
46,8,42
63,11,8
48,5,9
49,6,62
54,15,47
58,16,56
42,0,11
63,21,53
39,4,33
41,3,14
52,16,22
60,20,57
56,20,20
60,19,59
56,19,31
54,16,49
54,15,51
52,15,42
44,7,11
52,18,36
57,18,57
38,4,31
45,8,40
54,12,59
52,16,41
43,7,40
51,8,9
61,18,58
56,15,58
45,10,29
49,1,63
53,6,3
45,9,15
63,16,59
51,0,2
51,16,33
58,19,52
58,18,12
61,21,40
50,14,35
56,19,54
58,4,0
42,4,17
55,19,24
57,18,20
38,2,43
48,12,38
42,4,54
57,18,36
52,6,6
52,12,12
42,6,41
56,19,47
59,23,41
60,18,54
53,15,35
49,16,30
50,13,18
52,8,7
44,9,33
56,16,54
41,4,28
62,21,22
59,20,36
43,6,15
62,21,45
59,19,45
51,14,18
62,18,56
62,14,11
60,20,46
61,19,54
59,22,49
56,16,50
56,2,0
43,3,24
41,6,45
44,5,21
49,15,24
50,16,19
41,0,55
55,16,40
45,6,56
52,13,44
55,11,9
46,9,21
55,19,32
62,16,16
58,21,28
44,9,19
51,12,61
62,22,38
47,13,21
53,17,34
56,20,35
58,15,14
59,22,32
54,17,31
40,5,30
61,9,2
48,12,49
59,17,12
54,18,28
58,18,57
57,21,22
55,15,51
39,8,33
44,3,22
46,12,32
44,10,34
55,17,19
51,11,58
56,16,58
58,14,10
58,20,35
51,10,58
60,18,58
48,13,47
60,17,60
45,8,48
46,8,41
44,5,18
51,16,22
42,8,31
56,20,28
50,6,6
56,19,50
48,13,51
42,7,32
50,16,37
58,21,27
59,14,9
40,6,53
42,1,18
40,8,38
59,15,61
59,13,8
63,20,57
41,0,15
49,3,63
48,4,61
53,15,54
46,12,38
54,16,48
60,22,37
60,21,46
40,4,28
49,14,39
55,19,38
55,16,42
60,18,59
58,20,43
60,9,3
48,10,15
43,9,53
57,15,12
50,14,32
55,18,51
38,5,34
57,20,28
42,5,53
49,11,47
56,16,46
62,21,56
49,10,41
51,5,4
44,9,26
43,6,29
60,23,27
55,18,22
47,13,23
37,1,49
44,5,23
58,18,52
44,11,27
41,1,24
52,17,35
57,21,29
53,5,2
43,9,32
52,17,25
50,6,63
40,5,50
56,18,21
58,18,20
58,14,63
51,14,34
58,22,22
44,12,30
45,10,23
55,21,24
43,9,52
60,21,34
50,12,15
41,6,33
60,20,47
63,21,54
53,15,53
57,15,57
61,7,1
62,21,48
61,20,20
60,22,34
49,14,38
41,7,40
59,20,48
49,12,51
52,14,51
44,11,36
53,2,1
48,9,44
60,10,4
52,15,52
44,8,43
58,15,12
49,12,47
50,16,36
44,6,11
40,4,44
55,11,8
50,11,46
58,8,1
56,14,13
56,18,19
50,12,17
46,5,10
51,12,46
45,13,26
61,20,52
45,14,26
41,0,16
60,23,29
54,13,60
47,11,33
62,14,13
61,7,0
56,18,33
37,3,34
58,11,4
57,21,30
53,17,17
58,9,4
43,9,36
55,18,24
58,16,58
42,9,36
55,17,50
44,9,22
49,11,15
59,23,43
52,16,47
48,0,7
58,20,44
43,0,18
39,5,45
51,2,5
60,19,55
43,7,38
44,7,53
58,22,31
58,13,63
63,12,9
60,20,45
52,13,38
53,12,57
42,6,52
40,7,47
50,13,50
60,20,38
52,16,30
41,5,29
44,12,25
46,4,10
61,18,18
47,7,56
51,15,54
52,19,24
60,0,0
47,12,22
50,14,19
55,14,62
59,18,61
54,20,35
53,17,36
51,14,38
47,7,11
39,1,52
49,11,46
38,1,43
54,17,55
52,15,48
38,6,40
43,8,31
49,6,60
61,12,9
58,21,34
42,7,38
54,19,23
49,15,30
48,17,27
39,4,29
62,18,60
62,23,23
50,11,53
49,14,54
51,16,21
41,3,54
53,16,33
43,4,18
43,3,11
41,4,42
59,10,4
52,16,40
50,7,61
46,8,11
45,9,18
40,5,47
49,10,14
59,20,54
43,6,53
47,14,28
39,6,33
55,18,49
50,17,24
41,9,32
48,10,48
46,12,17
48,7,60
49,9,10
54,19,31
55,19,21
47,12,36
39,5,43
42,4,41
49,5,6
38,2,41
59,12,5
61,22,49
60,21,21
44,4,22
41,6,31
46,11,33
50,16,24
47,10,52
57,16,62
43,1,22
51,16,30
47,0,59
61,15,63
59,19,54
43,0,57
44,8,42
41,0,24
40,5,52
41,8,37
49,3,7
43,8,33
46,8,45
61,23,34
53,11,12
49,15,26
57,19,50
54,18,32
59,21,38
40,7,37
46,11,23
54,17,36
38,1,44
49,9,58
54,15,45
44,9,24
63,22,53
47,9,15
37,2,30
59,22,43
60,8,1
60,21,37
48,11,44
61,23,43
55,17,57
60,22,49
55,14,60
39,2,42
50,10,56
46,8,56
53,15,49
52,8,8
41,5,43
48,16,29
44,2,10
60,12,8
59,21,35
42,8,47
61,15,14
47,11,15
58,16,11
53,5,1
46,12,35
41,0,22
54,17,46
62,22,44
53,8,4
44,1,57
62,22,53
48,11,49
43,7,43
38,7,40
41,1,13
62,21,46
56,14,12
42,5,45
51,14,47
44,5,24
37,0,30
59,18,51
49,11,13
45,9,46
49,17,31
37,3,35
46,10,40
60,17,56
54,18,33
42,0,24
51,14,53
47,11,20
56,18,57
49,15,37
59,19,20
61,22,37
48,12,37
51,15,38
59,12,4
47,8,13
40,0,14
56,17,44
56,17,55
45,11,32
47,16,27
57,17,61
47,12,27
46,10,34
42,8,54
56,10,63
57,9,3
49,12,41
54,14,16
54,15,43
51,15,34
55,0,1
43,2,11
50,13,20
61,11,3
58,17,55
39,3,29
58,22,26
54,10,6
47,11,48
49,12,48
55,13,60
45,10,39
57,20,25
55,14,15
39,7,30
50,14,55
49,9,13
48,1,60
57,13,8
57,2,0
41,4,54
48,7,11
53,8,9
56,15,57
52,15,17
49,13,18
44,6,18
53,18,25
42,7,48
49,10,57
45,10,40
39,6,32
63,17,16
37,2,48
55,18,19
37,1,39
54,19,38
63,21,21
40,7,36
51,14,50
52,3,2
57,16,60
45,9,37
50,11,55
49,12,14
57,15,62
54,15,41
58,11,7
38,5,30
44,8,20
47,2,60
59,19,38
47,11,34
41,1,12
44,7,45
49,14,28
56,18,46
59,21,51
56,19,35
60,22,53
50,11,60
43,8,40
44,10,33
57,18,21
43,3,22
44,3,10
59,18,59
39,4,50
43,9,35
59,17,15
42,2,17
42,5,43
36,1,35
49,14,47
44,7,56
41,0,26
58,19,37
56,18,53
43,9,26
57,18,37
50,12,45
43,9,39
53,11,59
50,12,58
37,2,49
50,15,34
56,19,26
56,9,3
42,6,16
59,20,58
57,18,18
57,17,42
46,9,39
40,6,38
53,17,29
51,15,30
63,15,62
49,7,59
47,12,30
46,2,58
49,16,23
57,16,57
62,23,46
43,10,32
52,15,47
47,3,9
43,9,28
56,16,56
58,11,6
55,18,35
59,17,60
41,5,28
63,9,6
48,12,54
60,21,52
48,12,50
48,4,8
61,16,61
42,5,54
38,5,39
57,11,7
45,11,38
43,5,44
60,21,36
60,15,12
45,13,36
45,8,42
37,1,40
59,3,0
40,6,49
48,14,29
43,8,42
52,16,33
51,6,6
57,21,24
59,22,27
46,12,23
51,12,44
47,10,40
63,23,47
54,17,30
48,9,13
50,7,9
56,8,1
43,5,17
42,5,55
49,13,19
48,11,13
37,0,31
59,19,46
38,4,43
62,20,52
62,18,57
54,12,11
57,9,1
46,13,28
39,2,29
59,21,32
54,8,7
48,12,55
45,9,51
61,23,32
38,1,28
48,9,43
54,17,21
54,19,45
51,14,49
61,21,21
43,7,47
60,11,4
47,10,15
61,20,17
50,4,6
56,22,28
53,18,31
39,1,29
53,10,12
44,8,25
44,3,11
62,22,22
46,1,58
55,20,24
63,20,56
52,5,4
58,15,63
52,9,11
54,20,27
52,15,21
52,14,45
45,8,46
48,16,28
45,5,11
41,6,53
52,8,9
45,12,23
44,9,18
44,10,30
46,9,17
57,19,22
37,2,35
40,4,45
47,10,37
62,20,21
50,13,41
54,16,54
48,14,36
46,11,21
53,17,42
41,6,39
49,5,61
62,11,5
43,7,42
57,18,48
62,17,16
43,3,26
55,20,25
44,8,15
37,2,45
41,7,32
57,18,19
41,6,41
60,20,44
47,9,13
56,16,17
39,4,31
42,9,32
55,6,3
54,16,16
44,10,35
60,19,42
60,19,53
60,20,40
56,18,41
44,9,41
42,1,27
52,15,50
52,11,11
61,21,54
40,7,32
41,8,32
52,17,28
57,17,49
45,13,28
50,11,57
42,0,16
55,7,3
40,3,53
50,13,57
50,3,6
44,3,23
58,14,8
49,15,49
47,2,9
46,12,22
51,11,12
47,14,37
51,6,5
54,15,46
54,11,10
54,17,35
58,18,13
58,19,48
61,21,20
51,9,12
59,14,60
53,5,3
52,15,16
58,22,25
44,6,57
49,1,62
56,10,6
43,8,37
62,22,40
50,7,62
50,0,4
43,6,41
60,16,59
39,4,41
63,21,22
43,3,23
51,14,15
55,21,25
53,17,26
54,12,58
62,21,55
47,9,44
44,8,37
47,11,18
54,18,45
56,15,15
50,15,23
61,23,28
57,12,62
56,20,22
50,15,54
53,16,54
53,3,2
58,18,49
39,0,52
39,5,35
55,20,27
58,14,11
55,1,1
48,15,24
62,21,51
51,15,36
54,4,1
49,7,9
57,12,9
49,14,33
53,16,46
51,15,21
61,18,15
43,1,56
55,16,39
62,21,21
55,8,4
56,20,29
50,16,28
37,1,45
42,2,11
59,19,40
55,15,45
55,19,35
62,22,55
61,12,7
47,5,59
58,18,56
49,4,62
55,2,1
46,7,55
44,13,25
61,1,0
58,17,59
59,18,54
53,15,51
47,6,58
56,17,45
42,8,37
63,23,37
40,1,53
40,2,53
59,17,56
43,10,37
54,17,20
54,16,55
56,12,7
61,22,34
46,12,39
49,9,11
42,4,28
51,12,16
49,2,6
54,15,54
56,17,18
47,10,17
59,21,46
54,18,46
58,13,11
50,17,34
45,11,31
60,22,24
42,4,11
52,11,58
56,16,47
55,11,11
50,2,6
55,4,1
47,16,23
53,17,50
46,10,38
43,0,21
51,14,16
44,9,28
57,19,48
55,15,46
59,20,22
48,12,53
48,12,35
52,7,5
61,18,16
49,11,38
63,14,12
48,3,9
50,10,57
42,5,13
60,21,38
58,21,49
48,6,60
56,17,40
59,21,54
44,5,26
54,17,18
43,2,24
61,11,7
53,13,54
52,16,21
63,12,10
57,4,0
49,13,20
60,23,49
62,14,12
48,7,9
39,5,34
50,18,33
43,7,51
38,6,36
47,13,37
51,8,60
51,1,2
58,16,61
59,22,26
59,18,19
53,8,6
59,22,28
43,1,20
58,20,53
57,20,29
53,18,34
58,15,15
58,21,33
55,14,14
55,13,10
48,15,26
40,2,14
43,8,26
60,19,19
52,19,25
46,1,10
57,17,47
60,23,25
41,0,11
62,18,59
40,1,52
55,18,36
61,21,49
44,8,23
44,12,29
61,13,10
56,19,20
58,19,34
61,8,2
40,8,33
60,19,57
55,10,63
48,16,31
44,4,21
45,12,39
57,14,12
52,14,50
52,16,53
61,22,52
42,1,11
57,16,54
56,5,1
63,23,44
54,13,11
39,5,50
49,14,21
46,12,27
52,13,54
60,11,7
48,13,27
46,12,50
44,8,18
50,13,16
45,10,32
42,8,32
60,13,9
58,17,16
57,18,53
43,10,33
45,5,12
53,14,60
54,14,46
43,8,44
60,18,60
55,15,43
37,2,46
47,13,52
41,4,15
59,19,21
50,12,52
42,6,46
57,18,16
60,21,47
45,1,10
56,18,38
51,14,37
45,5,57
60,22,23
43,5,12
48,13,21
60,22,41
42,7,50
36,0,36
43,7,26
50,11,43
59,20,45
63,10,4
47,10,13
55,20,28
42,0,21
45,8,13
42,1,25
54,15,44
56,16,44
47,11,37
55,19,27
59,21,49
60,15,63
56,15,13
52,17,24
61,19,17
48,14,35
56,17,39
45,1,57
63,22,38
40,7,31
46,12,52
56,17,50
51,12,42
57,5,0
46,12,21
53,10,9
48,16,25
52,8,5
63,21,46
48,12,16
62,19,19
46,12,20
44,9,35
62,15,62
46,3,10
59,14,10
41,5,39
52,6,7
59,15,14
62,20,51
55,12,6
49,8,59
37,1,46
59,19,19
47,12,52
42,2,54
51,12,54
38,2,39
49,13,53
58,16,59
44,8,29
62,12,5
58,20,42
51,13,41
44,11,49
53,17,45
62,17,61
36,1,33
57,19,53
52,15,51
42,10,38
56,9,6
39,3,51
57,20,23
54,16,18
53,9,7
49,13,54
59,10,5
61,23,47
36,1,47
47,14,23
58,19,42
43,5,57
40,3,52
41,1,27
41,2,14
56,12,10
45,11,30
45,9,30
57,20,50
58,17,14
45,12,52
46,9,47
53,7,5
45,7,45
44,9,39
46,9,12
41,8,48
57,12,10
49,17,22
49,13,50
54,14,55
51,15,33
39,6,35
63,22,47
48,16,26
63,6,2
63,23,25
60,19,56
56,16,45
51,13,39
56,11,9
42,9,49
38,1,51
44,11,39
52,15,15
44,7,47
57,14,14
41,4,16
42,0,23
44,11,24
43,5,15
39,0,53
58,20,33
53,19,36
56,19,32
55,17,39
40,0,13
47,11,17
54,17,53
39,6,39
60,19,60
55,20,35
50,1,3
58,12,8
44,9,49
48,8,58
48,12,18
45,8,39
54,8,6
47,6,10
55,13,62
46,11,28
48,16,27
51,5,5
54,10,63
37,2,31
63,15,63
57,12,63
53,15,44
58,20,23
57,20,53
39,5,31
63,22,51
55,18,29
40,7,48
43,6,13
63,21,55
51,10,13
59,19,44
53,17,35
48,12,17
52,11,13
55,14,55
42,2,27
56,18,51
39,7,35
60,15,13
37,5,35
44,8,21
52,11,56
58,20,48
45,11,26
59,19,50
52,13,45
58,20,54
60,17,15
53,17,54
44,7,14
39,4,43
57,8,3
53,17,31
43,5,16
63,18,18
58,12,10
52,0,1
60,23,38
54,13,10
38,4,38
53,18,44
46,9,57
57,21,25
45,11,51
57,16,55
55,17,41
61,15,13
39,4,47
38,4,46
52,9,62
50,12,57
46,11,17
46,8,54
59,21,21
57,11,6
52,14,53
44,9,53
45,8,16
55,14,16
47,9,39
46,14,26
41,0,25
54,9,7
40,1,13
47,3,60
44,11,25
46,9,46
49,12,50
56,7,1
60,13,7
52,3,3
42,5,15
52,16,52
42,7,13
43,7,16
60,21,23
51,13,42
60,3,0
51,7,4
61,21,50
41,4,14
56,18,35
55,6,1
61,18,56
47,15,23
50,17,23
46,10,16
49,11,45
57,17,58
62,23,36
38,2,33
40,8,40
40,3,28
44,1,56
39,2,41
46,10,54
55,12,7
57,20,32
52,18,35
41,8,36
46,13,37
62,2,0
42,8,51
46,1,9
47,11,39
48,10,41
46,8,14
45,10,22
53,18,45
38,2,42
42,7,41
47,8,56
49,9,56
39,0,51
43,1,18
44,7,22
51,18,34
49,11,56
36,0,32
62,17,57
61,16,13
56,17,58
47,11,41
61,23,49
45,12,29
57,14,11
61,22,51
54,17,44
41,5,46
49,10,13
62,21,44
38,4,39
59,18,45
48,11,16
42,0,25
49,16,31
47,1,9
39,6,37
41,5,15
55,13,61
37,2,38
58,18,18
45,10,27
44,7,19
50,12,40
44,8,52
47,10,46
58,14,61
49,6,9
62,14,63
47,7,57
48,17,28
56,13,12
47,0,9
62,22,45
58,21,43
47,12,28
44,8,48
47,12,40
59,0,0
59,8,1
44,9,37
62,23,43
57,19,19
54,16,36
54,13,14
59,12,8
53,13,58
61,22,24
48,11,52
47,10,55
52,13,39
56,20,26
51,13,15
39,2,52
56,15,54
59,21,42
52,7,7
44,11,37
49,1,7
55,16,16
41,5,53
50,11,41
52,14,39
61,23,29
46,12,53
59,16,15
61,20,43
63,4,1
44,5,22
56,18,47
50,11,44
56,19,28
56,16,40
39,4,52
46,0,59
53,14,15
57,20,45
48,15,35
53,18,22
46,10,15
47,15,30
47,11,53
37,3,30
55,15,54
45,7,44
51,14,17
55,19,28
58,19,22
49,14,29
63,11,9
53,14,51
57,18,44
43,7,30
63,23,24
54,10,8
60,20,56
44,10,25
54,17,33
45,9,42
63,18,17
46,11,40
49,14,35
53,15,57
51,13,17
43,9,50
62,11,8
62,12,9
38,3,41
56,21,28
41,2,13
52,17,20
52,13,40
53,16,19
51,15,51
49,13,52
48,2,60
63,23,49
59,23,23
42,6,51
51,11,57
48,14,31
60,20,48
37,0,47
60,14,10
54,12,60
45,11,39
55,19,34
36,0,34
51,13,46
51,12,55
59,15,63
39,3,52
49,12,49
51,16,34
45,8,18
55,17,47
44,8,51
62,20,56
49,9,59
52,10,10
39,4,40
56,18,43
39,3,50
46,12,48
49,12,35
42,0,26
47,11,30
48,12,36
54,16,46
47,6,60
58,19,35
45,10,33
55,17,54
41,5,13
37,4,35
54,16,37
63,17,62
44,8,40
52,13,43
37,2,40
46,12,18
61,17,17
39,4,51
57,22,28
58,15,10
52,10,60
61,22,53
54,12,61
52,1,1
46,10,50
51,15,19
51,9,11
48,14,26
37,0,36
44,7,15
53,2,2
38,2,49
53,14,56
40,7,39
45,13,24
53,17,30
42,1,55
38,4,36
47,14,27
45,5,21
58,17,56
51,12,60
43,8,25
62,23,26
39,6,48
59,19,57
52,17,48
57,13,7
52,9,61
44,5,12
58,18,17
45,10,48
54,19,26
60,16,14
55,12,62
54,8,4
47,10,12
62,22,54
53,14,39
51,12,15
43,6,43
63,20,58
42,8,43
38,1,49
63,15,15
46,10,41
54,3,1
50,7,10
61,18,60
45,6,13
49,17,25
59,11,5
45,7,13
42,8,33
62,15,63
58,13,61
52,17,34
53,10,61
37,0,35
59,18,58
55,16,47
52,8,62
55,12,9
49,11,39
38,7,38
55,16,37
55,15,60
61,17,16
52,10,11
62,22,39
60,23,34
58,15,59
42,3,17
58,17,18
63,20,18
47,4,9
49,15,23
52,13,17
45,6,57
45,13,37
45,7,12
46,12,34
43,7,31
62,23,34
57,17,52
50,15,32
41,7,39
53,20,26
60,22,46
46,12,36
38,3,47
51,8,11
62,18,16
43,4,26
59,13,10
47,1,60
56,18,50
60,22,26
43,7,17
60,1,0
61,14,12
56,13,59
48,12,19
47,11,35
37,4,34
45,0,57
49,13,33
61,20,56
50,7,8
50,14,33
52,11,14
59,21,25
37,1,32
52,7,4
60,22,42
50,13,37
49,14,27
47,12,41
56,14,11
45,5,22
58,19,46
48,11,47
49,15,25
54,17,22
48,14,30
46,10,13
45,9,16
39,5,30
62,15,61
54,16,42
60,17,16
37,1,31
61,21,53
43,5,18
60,11,6
50,11,42
43,8,49
46,6,11
57,14,61
49,13,38
48,15,23
44,9,27
50,12,56
54,14,56
57,17,18
48,12,34
51,11,55
62,23,37
42,5,28
50,12,53
40,5,32
47,8,57
40,7,35
45,8,21
49,11,54
45,5,58
59,12,63
51,16,51
62,13,11
54,19,21
62,18,18
53,4,2
53,15,52
46,13,23
39,2,44
48,9,54
57,15,58
59,21,36
54,10,62
44,10,24
41,0,27
55,14,61
46,13,38
41,8,35
37,4,37
46,12,40
53,14,49
60,18,55
52,10,59
46,7,56
48,14,37
48,8,56
41,1,11
59,22,29
53,15,39
53,16,53
44,7,24
45,11,33
56,16,52
52,13,48
52,12,60
41,0,54
62,21,39
60,20,58
58,16,63
45,11,40
47,13,39
46,12,33
38,5,37
54,12,63
49,13,40
45,10,31
63,19,56
61,13,8
53,16,20
38,4,48
44,8,38
61,22,36
53,17,53
42,6,13
55,20,22
57,21,51
59,22,30
50,2,7
56,13,11
45,11,27
53,18,49
39,6,34
46,7,12
61,10,4
56,16,53
39,5,49
46,0,10
51,17,33
48,9,55
39,6,49
53,10,63
48,10,56
44,10,51
37,0,29
50,9,11
49,12,17
42,4,27
48,10,46
58,21,24
57,20,30
61,19,18
60,23,28
60,22,47
61,23,24
38,2,47
46,11,31
45,6,11
48,0,61
55,15,53
46,11,36
43,7,55
52,15,35
53,15,41
60,18,15
51,13,44
51,15,20
38,0,51
62,11,6
59,14,11
62,22,47
46,10,18
61,19,58
46,9,40
52,10,58
60,21,51
42,1,17
56,17,52
50,13,42
46,8,44
48,11,55
37,3,37
47,4,10
57,18,34
46,12,37
57,14,60
60,20,21
60,23,33
48,15,28
56,17,43
50,15,21
63,12,7
50,11,54
58,16,12
54,20,25
50,5,62
62,23,44
58,20,22
52,16,34
62,23,33
43,8,30
57,5,1
38,1,45
59,22,46
61,21,22
62,21,20
46,6,10
55,14,63
63,16,14
45,8,15
60,15,62
60,21,50
42,5,11
55,18,32
60,19,54
53,11,9
52,15,41
50,14,41
63,17,61
56,14,59
50,15,19
63,22,49
39,2,43
60,14,11
49,13,31
52,13,53
61,22,43
56,19,30
57,19,36
54,17,32
54,16,51
45,10,41
53,12,12
45,9,54
58,20,34
38,3,40
53,13,56
47,13,38
54,15,58
55,5,1
53,8,5
48,13,37
42,1,26
58,18,16
59,23,49
51,16,53
45,9,50
54,7,4
60,19,50
46,10,21
51,6,8
52,15,39
59,23,29
50,16,34
57,20,26
52,16,20
54,18,38
43,7,15
42,8,52
54,12,14
48,16,23
49,3,61
50,12,41
62,23,25
61,20,46
56,11,6
61,16,60
62,22,41
63,23,35
57,19,54
57,20,34
39,7,31
58,17,12
52,14,14
50,9,59
53,13,55
57,14,13
42,8,48
57,21,49
42,9,33
58,3,0
52,15,36
50,12,37
57,18,49
49,14,20
58,18,55
53,15,40
49,3,8
62,1,0
52,17,27
50,16,26
60,21,40
50,8,60
51,11,61
53,17,32
62,16,15
41,2,55
38,3,44
42,5,12
58,22,28
40,5,29
55,16,44
57,16,17
52,16,19
56,17,51
51,16,26
51,15,22
52,18,24
41,5,12
57,21,26
49,5,7
53,12,56
56,8,3
63,19,20
40,0,54
49,14,52
63,23,36
51,8,8
53,17,48
39,5,51
43,4,11
63,10,8
55,15,13
56,17,37
50,11,40
46,9,45
51,7,61
53,16,57
53,13,60
50,6,8
59,16,61
54,16,40
51,15,37
40,0,53
63,17,60
60,19,46
63,22,44
37,2,39
61,2,0
47,10,56
41,7,15
55,18,56
63,22,52
43,8,32
52,17,32
63,8,2
61,8,1
43,9,54
43,7,54
51,18,24
62,3,0
41,6,40
44,10,27
53,13,57
48,3,61
61,20,49
39,6,36
53,12,62
44,8,27
56,15,16
41,6,49
57,20,43
47,10,16
38,3,45
46,7,11
56,16,41
46,0,9
55,18,20
40,3,44
50,15,36
44,9,17
43,2,19
55,11,63
40,6,39
38,6,37
62,22,49
58,21,50
48,3,60
53,16,22
59,23,48
51,13,50
44,0,56
46,9,13
58,13,8
53,14,50
42,8,36
60,21,33
44,8,26
45,9,21
55,12,59
60,23,42
59,17,55
63,12,8
43,6,46
62,21,49
62,13,9
52,11,59
60,22,51
51,12,40
40,6,35
53,7,3
55,17,36
50,15,38
63,17,59
45,11,37
41,0,23
59,21,22
60,23,26
41,3,42
49,12,36
43,7,28
53,14,38
46,10,55
39,2,28
40,4,43
60,22,48
51,6,4
58,19,21
39,1,28
47,12,20
43,8,38
48,10,54
55,7,4
54,16,47
55,15,48
60,15,59
48,12,47
55,16,43
50,16,22
48,14,23
45,10,18
41,4,13
61,21,42
49,6,59
55,15,52
54,6,3
53,16,38
53,9,63
39,5,32
59,18,56
45,9,31
58,10,5
54,11,61
49,12,18
52,14,38
58,16,57
39,1,27
54,18,29
43,6,16
61,22,33
47,12,34
46,9,55
54,15,53
46,6,57
49,13,48
38,2,44
48,13,48
48,14,19
53,16,42
47,12,31
54,18,36
48,11,56
42,7,49
39,5,52
46,10,53
58,15,62
57,15,56
56,16,59
63,16,61
58,20,21
53,14,52
59,20,42
44,7,41
50,15,30
56,12,63
53,12,10
42,5,14
43,3,17
54,17,17
53,11,63
62,21,40
43,2,23
52,14,42
46,8,46
41,7,35
57,18,56
44,9,51
48,9,56
37,1,38
43,5,26
52,12,57
60,18,16
47,11,55
61,23,39
45,8,47
61,9,4
60,22,44
51,7,5
58,1,0
46,9,18
53,14,58
48,1,61
53,14,42
47,8,58
45,12,40
46,10,46
43,8,54
47,9,12
56,14,14
46,0,58
51,12,14
48,12,43
40,1,15
56,21,25
46,12,51
46,7,57
61,20,58
55,19,20
37,3,38
46,11,18
48,12,51
40,6,52
58,23,25
47,10,39
43,3,19
54,18,30
45,10,50
62,23,47
52,16,42
54,10,7
56,15,17
49,2,62
63,22,39
45,10,24
48,14,52
49,4,8
48,11,37
49,10,45
54,18,21
37,1,36
55,15,42
42,5,16
45,10,54
49,16,24
61,21,41
55,13,13
63,21,51
38,5,38
56,3,0
58,19,54
43,9,38
57,19,37
62,21,54
56,19,29
58,8,0
45,6,12
45,10,28
61,21,35
63,22,24
38,3,33
46,6,58
50,7,60
43,8,48
38,3,43
57,18,47
54,19,35
52,16,27
55,15,61
59,18,13
48,2,61
63,19,58
47,10,51
47,13,25
49,11,37
49,16,36
56,21,35
39,8,38
43,11,38
52,16,23
58,18,59
59,20,50
54,19,22
62,22,35
48,13,32
47,9,58
49,11,44
52,17,52
60,19,16
61,22,31
55,14,58
58,18,42
50,9,58
52,17,26
50,14,29
46,9,42
45,9,49
61,23,41
50,11,13
43,10,25
57,17,44
62,22,36
49,12,40
59,12,7
49,10,55
55,9,6
56,17,35
43,6,44
42,5,40
54,16,45
59,15,11
50,14,54
50,3,63
41,7,34
50,11,14
59,21,31
43,2,21
56,14,61
45,7,21
58,16,16
54,15,42
50,14,40
46,9,44
57,20,22
56,10,5
46,7,13
45,4,11
56,18,40
46,7,10
45,11,49
55,6,2
44,10,39
39,6,51
41,6,47
55,11,6
52,9,9
57,19,23
58,14,13
56,4,0
58,20,51
53,18,20
60,20,59
43,9,30
53,16,40
48,10,38
51,17,26
53,18,27
45,7,57
47,5,60
51,16,28
61,0,0
40,7,34
45,9,44
57,20,51
44,9,38
53,12,13
61,20,42
52,16,36
59,16,14
50,14,37
60,15,11
55,10,3
55,8,3
44,7,18
37,0,42
63,22,46
39,6,47
60,19,18
43,2,55
60,20,39
50,3,7
47,11,50
49,13,21
61,22,23
59,23,28
57,16,53
59,16,13
63,23,43
51,16,23
43,1,21
43,9,37
49,12,37
44,6,41
56,17,38
62,16,61
39,7,47
49,10,56
42,9,34
51,18,23
42,7,47
56,17,57
60,5,0
54,17,54
39,7,40
63,15,13
51,14,55
61,23,46
55,19,23
55,11,61
58,14,62
45,8,38
56,15,55
55,17,46
36,1,46
44,6,13
58,19,41
51,9,9
46,10,51
53,9,9
56,18,37
39,1,51
41,1,53
37,5,38
36,1,32
57,19,21
55,19,25
43,11,37
55,17,17
55,20,26
48,13,30
51,12,47
48,13,16
55,14,59
51,10,10
52,4,2
56,19,51
52,14,36
43,6,56
48,10,16
58,18,48
63,22,50
41,9,49
59,20,41
60,23,45
63,3,1
39,3,43
45,7,42
63,7,2
51,13,56
54,8,5
63,18,58
45,10,51
43,8,52
62,15,12
60,23,48
53,10,8
58,15,58
54,11,60
52,16,49
42,3,16
43,7,52
61,21,36
50,15,26
58,20,36
48,15,30
61,20,48
41,9,38
43,7,29
48,11,53
44,9,40
40,6,48
61,20,19
62,11,4
57,18,58
42,5,29
55,18,38
37,2,47
56,17,59
57,17,43
40,5,39
62,9,4
44,8,30
48,0,60
61,20,54
42,1,24
56,11,8
58,19,56
58,21,23
47,11,36
48,14,27
45,7,40
47,10,48
44,7,44
59,13,9
46,10,52
43,7,27
43,5,55
46,11,49
49,2,8
59,19,43
53,16,37
59,20,21
55,17,40
54,13,57
38,0,28
46,9,56
51,18,36
50,2,63
42,6,44
42,0,20
49,6,7
58,23,27
40,6,40
49,12,42
49,13,51
37,0,37
44,5,20
54,18,31
51,2,2
43,7,41
63,22,43
46,10,39
57,20,47
61,15,11
53,19,27
52,5,2
52,14,43
53,11,11
44,7,23
57,14,59
46,9,22
60,16,58
58,19,49
57,14,62
42,8,50
43,7,13
56,19,23
49,16,27
63,9,3
58,18,38
42,5,41
41,6,32
55,16,53
60,4,0
47,15,25
38,2,29
51,17,25
45,10,52
40,4,52
60,11,5
55,19,29
61,20,21
51,10,11
44,5,10
48,15,29
44,4,19
38,4,44
38,7,39
51,13,49
48,12,20
58,21,38
56,16,55
36,0,35
48,10,11
49,0,7
61,20,50
43,8,51
55,17,37
62,23,35
45,7,56
48,12,39
46,11,22
42,1,54
41,5,16
48,13,38
62,7,2
51,14,36
50,15,22
49,12,53
59,19,52
55,13,58
41,1,15
61,20,18
53,20,23
49,14,16
57,13,11
44,10,32
45,10,38
58,9,1
61,18,57
38,1,50
58,18,50
43,2,18
51,12,45
50,14,39
51,6,62
47,13,22
56,17,19
45,11,34
57,15,16
55,18,33
38,0,29
57,8,1
38,2,50
51,9,60
41,4,44
53,20,25
62,21,42
41,6,52
45,11,28
52,16,29
50,13,47
58,21,54
49,7,60
54,14,60
52,4,3
45,7,54
54,15,40
57,22,26
51,15,31
54,18,34
43,6,17
44,9,52
38,4,33
46,8,43
49,14,34
60,22,39
40,6,34
59,17,58
55,18,21
58,12,9
48,15,25
51,11,60
57,22,49
42,3,11
42,10,37
49,14,40
54,16,35
60,21,45
51,14,19
57,21,27
41,3,15
58,10,3
51,6,7
51,12,12
45,9,22
42,0,10
61,11,6
53,14,46
54,16,39
44,6,42
44,9,54
60,23,37
61,21,45
62,21,52
59,22,31
54,18,26
63,23,23
53,14,17
48,11,40
43,9,34
53,17,23
53,16,45
57,17,54
62,22,34
52,14,46
42,8,38
50,10,60
52,10,61
55,10,8
55,12,11
60,17,57
53,15,37
45,8,43
61,17,58
51,15,23
61,21,57
61,19,16
57,9,4
58,19,17
55,15,16
42,6,43
48,8,10
38,2,32
53,10,62
57,16,58
58,15,60
60,22,45
61,22,48
43,8,46
44,12,34
48,14,21
54,18,16
53,15,58
40,8,39
43,7,11
56,17,20
54,18,44
43,4,25
63,16,16
59,18,52
60,14,9
60,23,30
53,12,59
48,10,12
59,9,2
50,13,35
46,6,59
62,19,54
61,21,56
50,11,56
63,23,46
58,20,49
62,15,14
57,19,46
56,11,7
61,17,59
56,16,57
42,7,39
44,9,50
50,14,48
53,15,19
55,15,44
49,15,28
39,5,44
43,6,11
49,10,12
58,19,36
46,11,32
39,5,46
44,7,13
56,12,61
61,13,9
45,9,39
48,13,31
45,11,19
49,10,10
60,18,61
59,22,25
53,15,45
57,15,14
41,6,38
44,11,50
53,17,44
60,20,41
48,13,40
46,10,19
50,12,55
43,3,18
52,0,2
60,19,43
57,13,10
47,13,27
50,13,39
50,16,38
47,11,56
49,12,46
58,20,17
50,11,58
57,19,18
53,19,25
54,15,48
46,9,37
48,12,45
43,8,43
59,15,12
46,11,37
37,1,44
52,12,14
51,16,35
50,4,5
46,2,10
60,20,43
42,8,39
45,12,51
38,3,32
59,16,58
47,9,38
63,12,11
52,15,19
58,17,53
52,14,18
58,18,54
60,19,44
57,20,46
60,15,61
51,10,61
45,10,19
61,16,58
60,21,22
54,11,9
47,12,29
48,13,33
55,12,13
50,12,49
51,15,29
60,16,15
49,3,62
57,20,24
42,7,40
42,2,18
50,13,38
47,11,38
43,7,46
57,12,7
44,11,26
55,17,49
52,11,57
52,15,40
53,16,34
58,21,26
42,8,41
51,13,38
40,7,51
42,4,26
43,8,28
62,17,60
60,22,29
61,6,0
38,4,47
54,16,20
42,4,42
42,8,35
58,21,42
41,6,34
53,15,34
46,14,23
44,7,25
44,8,31
53,13,62
58,7,0
59,11,4
51,3,5
