8,3,5
7,2,5
3,3,3
63,1,57
2,11,1
2,9,1
5,4,5
60,0,49
63,2,63
61,0,52
3,0,10
1,8,1
1,2,9
0,3,7
2,5,6
0,4,3
1,2,8
1,0,9
0,4,9
8,2,3
60,1,63
8,1,5
0,4,6
0,8,2
7,2,7
5,4,7
62,0,54
61,1,62
8,4,5
9,1,2
3,0,16
9,0,4
0,5,8
2,2,6
7,3,0
5,6,0
61,0,47
6,1,8
9,1,8
4,2,4
61,1,60
62,1,49
62,2,59
63,2,52
6,3,2
1,0,20
60,0,62
3,5,4
5,0,6
1,0,14
1,5,4
10,0,3
0,0,13
0,3,11
61,0,60
0,1,10
61,0,55
1,7,2
0,5,9
3,0,11
6,3,6
3,3,5
61,0,51
0,6,2
61,0,49
63,1,45
2,0,17
63,2,59
10,1,1
4,3,7
61,0,57
1,8,2
4,5,5
61,0,56
63,1,50
3,3,6
5,3,7
5,6,1
0,6,3
9,2,8
4,1,9
1,7,1
0,4,7
5,0,9
63,1,56
5,1,7
0,1,26
1,1,20
0,4,5
0,1,15
4,2,6
1,11,1
0,2,15
5,1,5
0,1,19
2,12,0
5,5,1
4,2,7
59,0,60
4,1,6
1,6,6
10,0,2
6,4,0
62,0,45
3,1,16
2,7,2
61,2,63
62,1,62
8,1,1
3,7,0
62,1,59
4,1,10
4,4,3
8,1,4
0,4,10
9,2,6
62,1,55
1,0,10
2,9,0
0,5,2
63,2,51
1,4,6
4,0,8
3,4,6
1,0,11
10,3,0
7,3,5
61,1,57
10,1,0
10,2,0
8,2,7
10,0,1
8,4,6
12,3,0
0,4,4
5,0,8
60,0,50
11,1,0
63,1,49
5,5,4
0,5,7
6,2,8
8,1,3
4,0,9
7,2,3
59,0,62
3,5,3
0,0,20
63,1,54
3,9,1
4,9,1
3,0,8
6,0,6
60,1,62
1,4,8
7,2,2
62,2,63
0,5,5
2,5,4
4,4,6
61,0,59
63,2,50
6,0,9
0,3,5
3,5,5
11,0,1
4,8,0
60,0,60
0,2,6
59,0,47
7,3,4
4,7,1
8,0,4
62,1,53
61,0,58
1,5,5
62,1,56
0,9,1
59,0,57
6,2,5
5,1,9
63,3,61
3,0,17
0,0,12
0,6,6
62,2,62
2,11,0
0,7,3
0,2,14
1,3,6
8,1,7
59,0,61
2,4,9
60,0,61
9,1,1
3,3,7
63,1,51
4,6,2
0,9,0
60,0,59
4,4,5
2,3,8
5,3,6
11,3,0
6,0,7
7,2,1
7,0,6
7,1,4
1,1,7
63,2,47
0,1,12
2,1,8
8,2,0
2,4,6
7,0,9
1,10,0
9,1,0
9,1,3
4,3,4
0,4,8
62,1,52
59,0,63
1,4,7
62,1,58
63,2,58
1,6,5
6,2,4
0,7,2
4,3,8
63,1,52
1,4,4
4,7,2
60,0,51
6,5,0
5,2,5
8,3,7
3,9,0
7,3,1
1,3,7
4,6,3
2,4,5
3,6,5
3,1,7
5,5,2
1,3,5
10,0,4
1,11,0
2,5,5
63,3,63
5,5,5
60,1,47
7,0,10
2,4,7
1,5,2
6,2,3
1,2,7
60,0,57
2,10,1
3,0,9
63,2,55
61,1,47
10,0,7
4,1,5
1,9,0
7,2,4
9,0,0
2,8,1
3,2,6
11,0,0
6,1,5
1,5,6
9,1,4
3,4,4
1,6,2
0,3,9
1,0,21
3,8,2
6,0,8
0,3,6
11,1,1
4,6,1
3,7,3
0,1,9
1,2,10
0,6,8
5,4,2
6,1,6
10,2,1
2,10,2
2,8,2
63,0,44
0,0,18
2,2,7
12,0,0
61,0,53
60,0,45
7,0,8
0,0,14
1,1,8
6,4,5
60,0,56
62,2,49
9,0,1
62,1,51
2,5,2
63,3,62
0,3,8
6,3,0
63,2,57
4,2,8
7,3,6
0,7,4
8,0,5
4,5,3
6,4,2
61,1,63
9,0,8
3,6,4
5,3,4
4,5,6
2,3,5
0,5,6
62,1,46
3,3,4
2,9,2
7,1,5
61,1,61
7,4,4
63,0,45
8,2,6
5,3,8
63,2,60
6,4,1
8,2,2
0,6,4
1,3,8
2,1,6
3,4,5
3,0,12
9,1,7
2,2,9
4,4,2
63,1,55
8,0,7
4,5,4
61,0,54
8,1,0
5,1,8
2,2,10
63,2,49
60,0,63
2,10,0
62,1,54
4,1,8
62,0,51
7,3,2
0,1,13
3,7,2
60,0,46
8,1,6
3,4,7
2,0,16
63,0,46
63,2,48
62,0,56
6,0,10
4,3,6
1,9,2
62,2,48
5,2,7
0,0,11
5,5,0
3,2,7
3,10,0
8,0,6
4,7,0
9,2,7
7,1,8
3,8,0
4,2,10
61,0,48
61,1,49
0,8,1
60,1,61
1,5,8
9,0,7
9,0,2
2,1,9
4,0,12
61,1,58
3,4,3
4,6,4
2,2,5
7,4,5
61,1,48
6,1,9
1,1,10
9,0,6
63,1,58
5,0,7
10,1,8
62,0,55
2,4,3
2,3,4
1,3,10
62,0,53
9,0,5
60,1,48
2,0,8
8,2,1
7,0,7
9,1,6
5,3,5
4,1,7
6,1,7
1,9,1
0,8,4
8,1,8
1,4,5
4,2,9
0,3,14
63,2,56
5,2,4
7,1,6
2,2,8
5,7,0
4,4,7
4,4,4
1,0,12
4,5,2
7,4,6
4,2,5
5,4,4
4,7,3
1,6,7
1,4,3
6,3,3
62,1,57
2,3,10
0,2,10
2,3,7
3,1,6
2,8,0
59,0,46
7,2,0
8,1,2
0,4,14
62,1,47
3,6,3
0,2,8
2,1,7
62,0,52
62,1,61
6,2,7
63,2,62
3,7,1
1,2,6
0,1,14
3,1,8
7,2,8
12,1,0
3,2,8
61,1,46
63,1,46
63,1,53
7,1,7
4,0,7
60,0,48
5,1,6
9,0,3
5,3,3
5,1,10
8,0,8
6,3,4
1,5,7
3,2,5
6,5,5
1,1,13
0,2,11
6,5,1
6,2,6
5,2,8
61,1,59
4,9,0
0,1,11
1,5,3
2,7,1
3,8,1
61,0,50
3,6,2
2,4,4
1,8,0
4,3,3
2,0,9
1,4,9
0,3,15
2,5,7
61,0,46
11,2,1
2,0,10
4,3,5
6,3,5
1,3,4
62,1,60
0,2,9
59,0,48
63,1,47
10,0,8
62,2,60
62,2,58
11,2,0
1,0,13
0,0,15
0,5,3
0,2,7
0,8,0
0,0,19
63,2,61
5,4,3
62,1,48
1,1,14
0,5,4
8,2,5
2,6,2
61,1,50
1,3,9
8,3,6
7,2,6
5,2,9
1,1,9
62,0,46
60,0,47
62,2,61
2,3,9
2,3,6
10,0,0
4,0,10
63,0,43
5,0,10
5,2,6
3,9,2
2,1,16
2,5,3
60,0,58
2,0,11
62,1,50
12,2,0
6,4,4
63,2,53
0,3,10
1,12,0
1,10,1
6,3,1
61,0,45
