37,5,15
54,19,24
39,22,29
49,3,3
56,18,18
50,15,19
36,6,16
19,7,7
40,14,23
11,17,0
37,11,18
13,23,11
43,15,24
45,22,30
25,17,29
48,12,16
63,16,13
17,20,37
37,8,17
41,20,28
17,11,1
20,23,38
33,3,14
14,21,26
37,17,27
10,19,0
22,1,1
54,17,18
26,4,15
11,23,6
28,6,18
56,15,12
13,22,20
14,18,26
43,3,8
41,3,11
56,18,19
35,9,18
57,21,21
23,0,7
49,7,9
14,22,26
11,22,24
34,17,27
14,15,3
36,14,23
28,3,15
43,2,5
54,0,2
25,5,18
40,4,14
46,14,23
35,11,18
30,16,24
14,19,30
16,21,16
12,20,21
24,1,8
17,11,0
29,1,13
14,16,9
48,9,13
51,18,28
10,21,1
24,0,7
12,22,7
33,3,15
52,23,30
24,4,12
48,4,4
56,23,25
15,22,11
63,8,6
24,16,29
16,16,19
63,22,18
27,8,20
36,14,21
62,9,7
32,18,27
14,20,29
43,3,7
36,13,21
63,22,17
41,1,10
12,22,31
16,16,15
57,2,1
41,21,29
57,6,6
12,23,10
43,7,17
27,11,21
47,13,22
40,2,12
45,4,9
15,22,15
26,14,24
27,9,20
22,1,3
50,10,8
45,14,23
48,11,13
57,8,7
11,23,21
26,13,24
15,19,25
54,18,22
23,3,11
52,20,28
20,20,36
45,17,27
59,11,8
28,23,32
17,11,2
49,9,10
12,16,4
47,22,31
27,17,27
20,17,36
24,7,19
27,4,17
10,22,26
31,11,18
20,16,30
30,5,15
40,15,25
13,23,32
22,10,18
47,15,25
44,7,16
58,3,2
30,12,19
56,17,16
42,17,28
51,15,17
43,2,7
25,2,10
15,17,23
50,20,30
16,13,2
58,4,3
44,9,19
49,9,9
16,12,4
41,5,16
11,19,3
49,3,4
18,11,7
39,18,27
41,4,15
21,12,17
25,3,14
55,18,21
56,14,11
63,5,3
57,4,5
28,14,24
42,21,29
14,15,0
38,17,27
53,21,28
21,19,34
26,18,29
55,5,6
33,22,30
16,21,37
60,5,5
16,16,21
14,22,34
36,15,24
15,17,11
51,23,31
53,23,30
27,6,18
46,12,21
31,9,18
49,13,17
63,6,3
49,11,10
11,23,8
27,7,19
12,19,7
54,21,27
50,6,5
29,14,23
27,21,31
16,16,22
41,2,11
10,22,29
28,22,33
17,13,10
61,4,1
28,18,28
58,19,18
14,15,10
43,11,20
59,17,15
25,15,27
55,10,8
15,23,14
59,15,10
13,18,8
48,23,33
21,10,12
45,10,18
24,0,9
32,14,23
47,21,30
18,18,36
22,19,34
20,11,10
33,13,20
63,6,4
41,17,26
53,21,26
39,12,20
12,21,28
16,13,8
19,15,25
61,16,12
43,5,14
46,5,9
11,23,30
12,22,6
27,2,12
19,16,35
16,19,17
53,18,23
21,12,18
16,17,34
58,19,16
24,10,19
10,23,24
47,20,30
43,17,26
44,2,6
20,10,11
12,17,2
24,5,17
62,18,14
42,10,19
44,6,13
18,22,38
49,17,29
38,16,25
15,20,11
42,6,17
53,19,25
45,3,7
57,18,17
44,3,10
14,15,5
40,15,24
33,15,24
46,6,11
55,3,2
12,20,23
60,17,14
52,0,2
15,22,39
19,13,11
12,19,3
23,1,4
31,22,30
54,16,16
15,22,10
22,0,2
26,5,14
13,23,20
14,17,23
51,18,27
13,23,36
48,15,23
40,11,20
12,21,29
54,19,23
14,20,20
55,9,8
14,17,19
42,12,20
19,4,6
42,0,7
11,22,7
37,4,15
32,20,29
31,23,30
11,17,4
49,9,7
25,14,26
16,20,37
19,17,28
50,21,29
60,20,16
16,21,13
62,11,7
26,15,27
46,17,27
57,0,0
45,16,26
47,14,24
23,1,7
20,15,26
23,2,7
54,17,20
55,13,10
57,9,7
51,12,11
35,14,23
60,13,9
28,15,25
19,21,38
9,23,27
43,20,29
57,3,3
17,12,3
50,4,6
37,14,22
15,21,17
21,11,16
42,13,23
10,21,3
21,6,10
43,7,16
37,11,17
55,4,5
9,22,1
26,20,32
19,4,3
18,14,17
33,23,31
36,23,29
24,3,12
17,23,41
20,12,18
47,23,33
50,0,2
63,9,6
24,12,22
36,12,19
33,4,16
16,13,5
26,5,18
15,18,31
36,5,16
50,14,17
18,11,8
59,17,14
57,12,8
55,6,7
22,3,8
38,6,16
42,5,15
21,16,32
13,23,38
54,3,3
60,20,19
14,17,20
17,13,9
42,9,19
19,15,26
23,7,18
17,12,2
22,1,2
24,10,20
48,12,15
52,20,27
27,6,19
26,0,11
59,14,9
20,15,25
56,23,23
19,14,21
23,6,13
34,10,19
16,21,15
10,23,8
40,23,29
51,17,23
12,22,26
13,15,7
46,3,4
56,6,7
51,23,30
54,0,0
21,17,34
19,3,3
42,16,26
22,16,30
46,10,16
31,14,22
22,23,36
14,23,12
19,23,38
62,16,12
15,18,26
21,0,0
56,7,6
14,18,23
45,10,19
40,21,29
29,18,28
51,5,6
52,16,17
47,1,1
15,16,22
58,14,10
21,10,15
20,12,20
54,23,28
47,12,16
17,5,0
51,3,3
40,23,30
24,13,23
11,22,6
19,14,20
12,23,19
15,20,32
42,1,6
13,16,2
18,16,26
19,5,4
29,15,24
12,22,29
16,23,15
58,20,19
15,22,38
45,11,21
21,17,32
29,5,16
44,13,22
51,13,11
32,22,30
13,16,4
14,22,10
23,14,25
17,18,27
14,23,32
53,15,13
53,18,22
14,14,8
18,8,8
51,22,30
22,6,13
50,11,9
11,21,6
8,23,0
29,17,26
41,4,13
45,5,12
44,10,20
16,12,5
22,11,19
20,16,32
11,22,29
49,4,5
31,16,25
52,17,24
15,16,12
31,4,16
62,4,1
36,18,28
37,0,11
16,22,39
38,16,26
23,1,5
52,22,29
36,18,27
38,18,28
57,18,16
30,23,32
12,16,7
56,14,12
15,23,39
46,4,6
22,18,34
12,21,21
55,21,22
35,4,15
62,18,15
37,16,24
36,10,17
28,2,14
10,22,4
15,19,29
45,18,29
23,16,30
42,17,27
19,13,16
31,4,15
18,6,5
56,21,24
23,1,9
44,0,3
63,8,5
21,13,22
39,17,27
53,11,8
9,23,0
25,0,10
50,1,2
29,22,31
38,22,30
50,2,2
18,21,38
52,5,6
35,5,16
34,1,12
10,22,21
63,7,3
14,14,5
44,17,27
21,15,29
61,21,20
25,16,28
16,16,14
17,15,20
54,15,12
54,2,2
20,16,33
20,13,21
54,18,21
52,18,25
27,20,31
16,22,38
22,7,13
47,12,15
15,19,30
19,14,18
63,6,2
45,4,11
19,4,1
25,23,37
26,6,19
48,16,26
45,21,29
51,13,10
61,5,3
31,23,32
32,12,20
17,23,38
33,10,18
32,23,32
56,20,20
34,2,12
19,12,9
18,13,15
44,7,17
12,16,5
26,8,20
63,21,16
21,7,10
25,5,14
22,2,5
62,5,2
17,6,0
58,12,8
33,23,29
44,10,18
18,14,15
16,19,34
56,1,1
50,3,4
23,6,15
29,17,28
52,17,25
9,22,0
37,6,15
12,18,5
55,21,26
13,21,27
61,20,16
43,13,22
23,14,26
32,11,18
42,16,25
21,16,30
46,5,10
15,16,20
20,3,2
23,6,19
15,13,5
20,3,5
54,18,19
23,4,11
35,13,20
23,5,12
54,21,25
43,3,9
26,10,20
62,13,9
38,13,22
48,23,32
16,19,33
19,6,4
29,22,30
55,12,9
16,16,12
30,14,23
45,12,22
35,3,14
48,22,32
20,4,3
52,17,19
53,23,27
52,0,1
46,15,26
18,16,24
16,16,18
14,18,27
20,7,10
62,7,6
9,22,22
44,19,29
10,20,0
9,23,23
22,8,15
58,9,8
10,22,5
37,9,17
37,12,19
57,17,16
58,11,8
47,3,3
63,20,15
63,5,0
12,19,23
49,11,12
55,11,8
55,18,18
10,23,31
8,23,2
10,21,23
25,4,14
56,16,14
41,9,18
21,12,13
50,3,3
20,12,12
16,16,20
44,1,4
34,23,31
14,19,20
38,20,28
22,17,34
45,5,10
45,0,3
16,15,21
12,23,9
51,1,2
58,7,7
49,8,8
59,21,19
25,20,33
21,3,7
53,23,29
42,11,20
40,5,16
23,19,34
33,11,18
47,9,11
41,0,6
41,0,9
62,17,13
27,15,26
18,16,34
25,20,34
24,11,21
36,1,12
49,20,30
23,5,16
17,18,28
42,18,28
31,23,31
50,12,11
16,22,14
17,23,40
24,13,24
51,9,7
17,12,7
30,2,13
16,18,28
49,15,25
47,17,27
39,23,30
61,21,18
20,4,5
15,16,16
20,20,35
35,2,12
17,16,22
20,11,12
17,10,1
24,0,8
50,12,8
21,8,17
40,4,13
25,15,28
15,18,14
15,23,38
30,15,23
45,4,10
42,0,5
44,5,13
13,22,26
33,16,24
43,9,19
26,18,32
17,16,34
21,12,20
58,18,17
24,2,10
61,20,17
61,6,5
31,12,20
20,4,4
16,22,16
18,4,2
55,3,3
12,16,0
18,16,27
25,3,11
45,4,7
21,14,25
49,17,28
16,18,27
40,9,19
63,9,5
56,8,7
14,19,19
37,6,16
53,16,16
50,17,27
17,15,15
49,17,30
48,13,19
47,9,15
14,20,26
63,11,5
36,14,22
49,11,11
48,5,7
12,21,30
36,0,11
12,17,5
51,17,27
40,11,19
21,15,27
54,5,6
16,22,40
13,19,27
17,16,32
61,10,7
14,23,36
14,19,23
62,21,19
45,4,6
18,14,11
44,6,12
50,7,7
23,18,32
19,12,12
35,1,12
17,6,1
56,3,3
35,2,13
56,3,2
38,9,17
43,8,18
22,7,19
15,18,30
20,11,13
14,15,2
15,14,10
19,5,5
57,11,8
15,20,12
24,21,35
14,22,37
15,20,18
44,11,20
50,15,18
44,2,7
36,17,25
29,6,17
19,13,22
56,23,22
31,18,28
34,23,29
23,6,14
44,14,24
51,18,29
44,4,12
13,15,6
54,16,14
53,13,10
29,9,19
30,6,16
47,12,17
30,1,13
34,18,27
37,23,30
24,18,31
16,14,11
38,2,11
44,20,29
16,20,13
25,13,24
51,12,9
46,4,9
39,7,17
19,16,25
40,13,21
37,18,27
51,21,29
41,18,28
10,22,23
41,0,7
56,14,10
55,3,4
61,6,4
19,7,4
30,21,30
58,5,6
48,13,16
36,9,18
44,23,32
52,13,10
53,15,14
59,3,2
14,21,21
52,14,13
38,19,29
56,12,9
47,13,17
58,2,1
13,23,31
43,5,12
44,12,21
18,13,11
15,21,30
57,9,8
20,7,11
31,13,22
13,20,9
25,18,32
36,13,20
63,10,5
21,12,16
53,23,28
31,13,21
19,11,9
22,14,25
39,12,19
59,12,8
15,22,36
10,23,30
23,18,33
53,16,15
60,4,3
15,20,20
22,6,14
59,18,16
18,16,35
41,6,17
26,14,25
30,7,18
21,2,3
49,10,8
53,17,20
17,14,12
20,14,23
49,6,6
17,14,14
18,4,0
21,8,11
31,15,23
32,18,28
58,3,3
19,14,17
40,10,19
15,14,9
28,15,26
20,8,11
49,12,11
50,5,6
57,19,20
35,8,17
27,11,20
24,21,34
61,14,10
29,12,21
52,19,27
47,10,14
15,21,36
52,16,20
52,3,4
11,23,9
39,13,20
21,9,11
24,18,33
22,16,29
60,4,1
41,9,19
23,16,29
13,22,31
42,4,13
43,16,25
59,14,10
30,19,29
44,6,14
17,20,35
36,2,12
45,22,31
60,19,15
31,0,12
53,13,9
39,8,17
45,7,12
56,17,14
10,23,20
11,18,1
40,3,14
11,22,25
54,17,19
20,22,37
30,21,31
60,16,13
43,13,21
23,6,16
56,15,13
41,8,17
43,13,23
22,11,17
55,18,19
26,2,13
55,22,26
15,16,11
11,21,25
49,22,32
43,7,18
50,15,21
18,17,29
50,11,10
31,10,18
52,7,6
34,15,23
21,1,2
53,19,26
37,13,21
17,11,4
34,13,22
45,5,11
43,4,10
14,19,26
13,18,9
17,15,19
12,15,6
54,17,17
11,19,2
17,11,5
46,11,18
10,18,0
49,14,18
18,14,21
21,9,12
21,23,37
55,5,5
22,2,3
25,18,30
20,2,2
47,15,24
55,20,24
24,7,20
21,16,28
63,16,11
46,6,10
10,21,0
46,11,17
38,23,31
51,10,7
25,12,23
37,2,11
23,18,31
43,7,15
47,11,13
50,1,1
51,6,6
9,22,2
35,14,22
12,23,31
15,14,6
48,0,1
23,5,13
26,14,23
15,17,16
53,15,16
22,17,33
17,15,24
19,14,15
32,7,18
54,19,22
43,9,18
50,13,16
34,18,26
11,22,21
12,16,3
34,14,23
13,22,8
34,3,15
22,22,36
15,13,4
53,0,2
46,7,10
43,18,28
35,0,11
18,12,9
55,2,3
22,2,4
17,5,1
16,17,33
48,14,21
10,23,25
45,0,1
45,12,20
31,22,31
23,13,24
13,19,22
55,20,22
46,21,30
59,23,22
19,20,36
61,13,9
14,22,11
58,15,12
27,5,17
49,13,18
58,8,7
32,19,29
37,14,23
63,12,7
49,7,6
36,11,18
32,14,22
34,20,29
59,14,11
36,20,28
23,5,15
56,21,23
19,4,2
45,14,24
40,19,28
24,21,36
49,16,25
42,23,30
53,7,6
47,18,30
24,0,6
13,21,20
35,3,15
33,23,30
48,4,6
55,21,23
40,16,25
54,15,14
16,23,41
16,14,8
40,7,17
28,23,35
24,5,14
41,7,16
9,23,5
41,17,27
26,4,16
30,13,22
14,14,2
35,0,12
11,22,8
26,16,27
41,12,22
38,14,21
12,21,7
20,3,3
15,19,18
16,17,23
38,12,20
28,22,32
16,22,37
14,14,0
52,15,18
44,8,16
47,7,8
43,12,20
58,2,0
14,15,8
61,7,6
14,22,9
33,20,29
12,18,7
33,7,18
18,16,28
53,17,17
20,17,34
47,6,9
36,7,16
30,4,15
56,22,23
12,17,6
54,14,10
33,6,16
18,16,33
42,15,24
55,7,8
22,11,21
29,4,16
49,14,22
17,13,7
18,15,22
59,13,9
47,23,32
46,19,30
30,10,19
22,12,20
16,20,16
19,12,13
55,23,27
36,8,17
20,6,9
42,10,20
49,14,20
19,16,34
24,14,26
43,2,6
57,23,23
47,0,1
60,8,7
53,7,7
8,23,1
13,16,9
19,14,16
16,17,35
17,15,11
25,11,21
25,5,16
50,16,21
47,3,2
48,2,3
10,20,1
57,23,21
35,21,29
50,8,7
47,3,4
31,6,16
26,4,17
44,23,30
22,16,31
28,12,21
22,20,34
41,10,19
52,1,2
28,14,23
35,19,28
52,16,19
28,1,13
45,19,30
43,8,17
31,1,13
27,1,13
41,23,29
19,16,31
26,17,29
44,2,4
55,17,16
36,13,19
48,9,11
58,4,4
14,20,25
32,5,16
8,23,3
49,5,6
51,17,25
49,6,7
47,12,19
63,8,4
60,19,17
35,13,21
55,18,20
60,10,7
46,18,30
22,11,18
29,18,27
49,18,30
17,19,35
26,20,34
25,19,32
19,12,11
52,14,15
20,3,0
50,14,19
32,11,19
15,18,24
63,22,19
46,8,12
14,20,9
51,9,8
12,21,22
15,16,13
16,20,36
20,5,10
16,12,0
55,17,18
51,2,2
39,13,22
23,7,16
15,16,21
55,14,10
29,20,30
15,23,15
13,20,27
47,13,18
15,17,18
14,22,32
22,2,7
40,16,26
19,14,23
35,15,24
42,14,24
60,21,18
13,22,30
62,8,6
57,22,22
22,0,0
29,14,24
31,20,29
46,7,9
51,16,23
62,14,9
26,3,15
20,12,11
35,18,28
37,15,24
10,23,29
34,11,19
22,12,23
41,10,20
28,23,33
56,22,24
29,15,25
47,9,14
22,20,35
56,21,22
34,19,28
55,19,23
24,4,14
10,22,27
47,21,31
23,10,19
21,2,4
24,15,26
54,18,23
54,4,5
27,3,15
63,14,9
16,14,9
22,4,12
22,17,32
13,19,24
31,14,23
31,8,18
21,12,14
26,23,37
25,6,18
20,16,31
55,21,25
22,22,35
12,17,0
44,8,15
48,14,18
31,17,27
11,22,3
16,15,12
38,13,20
16,22,13
28,5,16
14,22,36
24,11,20
39,7,16
17,13,11
18,17,35
25,14,24
28,23,34
22,18,35
62,6,4
49,23,32
13,21,30
62,15,12
14,23,31
47,2,2
47,6,8
50,18,29
49,7,8
41,23,30
61,5,2
50,13,15
54,22,27
54,10,8
40,22,29
21,1,1
17,15,23
29,12,19
22,21,35
25,21,34
30,12,20
15,14,7
22,7,15
63,10,7
53,5,6
35,10,18
25,10,20
20,10,12
27,2,13
30,8,19
21,20,35
49,14,19
9,22,23
57,13,9
12,19,5
50,23,32
20,16,26
62,6,5
58,10,8
42,2,8
43,4,12
41,4,14
61,7,5
29,23,33
59,20,19
22,7,17
42,15,25
11,20,22
19,8,9
18,7,6
56,12,8
49,16,26
24,14,25
52,4,6
54,23,27
31,11,19
22,17,31
49,10,12
46,11,19
52,18,23
63,15,12
21,5,10
29,13,21
63,20,16
45,23,32
18,13,13
27,23,35
19,13,14
23,1,6
18,14,13
60,5,3
21,4,8
16,22,17
17,12,5
13,20,25
17,12,9
26,23,35
48,15,25
61,4,0
17,16,25
62,16,13
31,0,13
24,1,7
46,5,8
18,16,30
15,17,20
16,20,34
32,4,15
41,17,28
25,7,20
59,3,0
53,12,9
63,21,17
23,2,9
24,4,13
58,23,21
47,10,15
19,16,29
53,17,21
29,16,25
15,13,7
13,18,22
45,7,13
15,13,0
33,18,26
22,11,16
16,16,35
48,11,12
48,18,29
47,3,5
14,17,25
12,22,9
9,23,22
49,18,29
49,12,15
60,3,0
53,18,24
15,22,16
36,1,11
54,23,29
33,9,18
30,20,30
50,7,6
11,23,5
17,4,1
36,3,12
47,16,27
29,8,19
52,15,14
15,22,35
42,2,9
44,22,30
26,18,30
33,1,12
46,16,26
55,8,7
22,17,30
23,6,17
41,13,23
15,21,35
55,2,1
48,7,8
46,18,28
44,8,17
37,20,29
45,8,16
26,7,19
11,22,4
59,7,7
61,18,15
12,19,22
15,17,26
56,19,21
18,15,20
46,9,14
16,16,16
63,13,9
14,18,22
46,12,22
28,4,15
17,7,0
10,23,27
12,20,27
17,17,28
54,17,16
21,3,4
42,17,26
45,10,16
18,5,5
61,11,8
16,12,7
35,17,27
17,11,7
12,20,25
51,4,4
9,23,28
20,16,28
62,5,3
20,13,19
31,21,30
22,3,7
33,17,26
54,13,10
61,11,7
30,13,20
56,20,21
21,15,26
29,23,34
47,13,19
30,18,28
55,1,1
61,9,7
19,16,28
41,15,25
21,3,5
24,22,36
21,19,35
14,23,34
12,21,27
43,14,23
60,15,10
43,19,29
33,4,15
40,0,10
16,22,12
52,12,8
42,13,21
48,4,5
54,9,8
49,13,14
44,4,10
17,16,23
14,22,19
48,17,28
50,13,13
62,6,3
12,21,8
54,11,8
51,17,26
15,18,15
59,6,5
25,4,17
22,8,14
38,3,14
19,15,23
27,20,33
16,7,0
15,20,30
10,23,21
13,21,25
59,16,13
14,14,3
28,4,16
60,10,8
56,8,8
38,23,30
47,13,21
20,16,34
53,17,18
48,7,9
15,15,11
12,20,22
44,0,4
39,3,12
14,23,37
24,3,11
50,6,6
12,19,6
19,21,37
57,21,22
63,18,14
53,22,28
28,19,30
42,5,13
43,6,15
41,14,24
59,5,5
55,8,8
17,15,12
15,22,34
44,9,16
49,21,30
15,17,33
20,15,24
52,10,7
16,23,42
41,0,8
29,3,15
39,13,21
34,13,20
26,6,18
27,12,22
22,14,26
54,6,7
51,14,14
25,23,36
19,8,7
56,10,8
63,10,6
23,2,6
30,16,25
62,23,21
18,23,38
22,18,33
17,17,36
20,3,4
57,10,7
45,15,26
15,17,10
20,12,14
58,1,0
35,23,29
56,23,24
49,11,8
55,19,20
50,21,30
15,20,10
31,7,18
42,3,11
21,11,19
52,17,21
17,22,38
22,2,6
48,8,10
20,2,0
57,1,1
18,6,2
56,0,1
46,4,8
17,16,33
58,22,21
57,15,12
60,23,20
18,15,18
25,6,19
18,12,10
58,18,15
63,23,19
19,6,5
38,22,29
39,6,16
56,21,21
49,9,8
14,23,39
47,9,12
46,12,18
16,19,18
37,15,23
63,15,11
36,23,31
15,23,40
21,11,17
57,2,2
32,16,24
20,3,6
35,22,29
18,14,19
16,8,0
47,7,11
46,1,2
16,20,35
38,14,22
48,8,9
18,8,5
58,21,21
56,2,1
21,7,13
22,6,12
16,13,9
41,12,21
32,13,20
18,17,27
48,1,2
16,15,11
25,23,35
11,20,4
40,17,27
55,15,13
14,22,30
23,2,8
38,17,26
57,17,14
28,18,30
11,23,26
26,0,10
28,20,31
60,23,21
46,13,22
55,21,24
9,23,1
39,3,14
13,15,4
41,2,9
39,23,29
32,13,21
43,21,29
12,16,2
16,13,1
42,4,14
17,16,26
19,10,7
16,11,1
27,7,20
56,23,27
26,7,20
30,11,18
37,9,18
30,9,18
19,6,7
37,23,29
16,12,6
29,5,17
14,17,24
28,16,25
45,17,28
37,21,29
26,19,31
46,2,4
52,17,23
14,14,4
55,2,2
28,17,27
42,23,29
62,8,7
20,14,25
27,5,18
15,22,32
25,4,16
23,1,8
46,14,24
52,8,7
49,15,22
12,20,4
27,15,25
28,23,36
21,11,13
19,12,10
34,2,14
45,0,4
24,5,18
18,16,32
16,22,11
29,4,15
63,7,5
14,23,38
33,16,25
60,13,8
40,2,11
29,14,22
56,4,4
19,3,1
49,15,24
18,19,36
34,7,16
16,15,13
47,22,32
11,23,20
31,19,29
63,11,7
57,13,10
15,17,15
30,23,33
22,23,38
38,7,17
47,11,14
41,13,22
18,15,17
10,21,2
49,14,17
44,17,28
43,18,29
16,13,6
47,13,20
10,21,24
27,14,23
33,2,13
31,2,14
35,17,25
24,4,15
46,13,21
11,17,2
50,19,29
42,22,29
55,12,8
41,6,16
21,5,11
15,14,4
14,23,11
18,12,8
29,17,27
40,17,26
21,2,0
48,15,22
39,1,10
24,22,35
51,17,24
16,21,34
35,8,18
17,11,6
11,22,30
24,17,30
30,8,18
60,21,19
57,23,22
16,17,27
12,19,4
15,23,11
50,16,26
49,1,2
59,18,14
45,2,5
39,4,14
58,23,22
19,17,37
57,19,18
23,12,23
30,3,15
37,10,18
18,16,31
32,22,29
13,15,5
43,6,14
59,6,6
58,8,8
21,9,13
56,3,4
48,13,18
19,13,10
17,15,18
30,10,18
17,7,2
12,20,7
57,19,17
10,22,25
19,16,26
55,18,17
52,4,5
62,19,15
42,2,10
15,17,32
27,16,27
49,10,10
46,6,12
30,18,27
49,3,2
52,18,26
17,15,17
60,19,16
63,13,7
27,21,34
36,12,18
18,15,23
19,6,8
58,13,8
18,19,37
61,22,19
51,22,29
38,15,23
18,15,19
47,12,20
48,13,17
17,9,1
35,18,27
53,10,7
23,15,26
50,12,13
15,20,17
29,13,22
42,1,8
28,21,32
21,14,26
50,19,30
21,11,15
38,3,12
57,15,13
25,2,12
51,13,14
31,13,20
22,3,9
42,1,7
20,15,27
17,19,36
57,7,7
40,12,21
54,21,26
52,13,11
13,21,26
50,15,23
12,22,27
59,2,1
27,22,32
43,10,19
45,15,25
23,21,35
14,19,27
21,9,15
52,15,16
23,13,23
35,7,17
29,11,19
23,23,37
40,8,17
42,0,6
12,23,32
47,2,3
51,13,13
21,21,35
34,4,15
12,22,8
26,21,34
17,21,38
33,9,17
39,15,25
50,2,3
56,6,6
48,3,3
40,1,9
61,21,19
23,19,33
25,16,27
44,18,29
26,12,22
23,7,14
30,14,22
49,14,21
38,13,21
44,1,5
55,5,7
9,23,21
24,12,23
63,23,20
47,17,28
22,0,3
16,21,33
50,13,12
57,6,7
20,21,37
14,15,7
38,16,24
14,22,35
16,20,17
17,17,30
44,21,29
50,23,31
13,22,9
20,4,9
24,15,27
17,16,16
19,20,37
18,7,3
34,20,28
13,23,35
30,22,31
16,23,40
21,3,9
19,22,37
26,11,21
20,19,36
9,23,24
51,4,5
46,4,7
47,17,29
50,22,30
17,17,26
34,12,19
34,17,25
17,16,18
38,1,11
47,8,10
37,14,21
50,15,20
43,17,28
50,17,28
29,11,20
26,19,32
18,15,16
50,17,29
26,3,14
44,15,24
27,5,19
11,21,29
13,20,24
22,11,20
20,11,11
20,13,22
20,2,1
13,20,21
44,7,14
59,5,4
24,6,18
45,3,8
59,15,12
15,13,6
22,7,16
36,17,26
18,17,31
45,8,15
38,18,27
48,5,6
18,6,3
51,13,15
14,20,10
14,19,21
33,12,19
41,11,20
52,23,28
21,12,19
50,4,5
23,11,21
53,20,26
38,2,12
39,14,24
22,4,10
54,19,25
12,22,21
20,10,10
52,7,7
15,22,33
51,0,2
11,21,2
25,22,35
14,19,24
47,5,8
58,5,5
62,7,5
19,19,36
19,17,29
21,14,23
46,16,27
25,4,13
49,14,16
18,22,39
27,16,26
25,7,19
18,3,0
14,23,35
20,5,9
44,16,25
25,17,30
56,7,7
39,18,28
12,21,5
22,8,13
40,1,11
13,23,10
48,15,26
39,0,11
41,4,12
55,17,15
12,20,5
40,11,21
14,18,25
43,22,29
40,13,23
29,7,18
13,23,17
12,21,24
59,19,16
29,23,31
23,10,20
44,6,15
47,11,16
49,13,15
52,17,20
20,3,1
63,17,14
46,13,23
15,14,1
25,13,22
51,7,7
60,6,6
19,6,6
17,17,25
42,9,18
14,20,30
51,5,5
21,13,23
21,18,35
18,10,7
51,11,8
31,7,16
38,21,29
25,14,25
54,14,11
46,8,13
61,23,21
39,21,28
28,13,23
13,23,34
60,15,12
23,4,12
57,20,21
59,19,17
30,6,17
52,13,13
21,12,15
49,4,4
20,18,36
22,13,22
21,11,14
51,12,10
23,0,5
22,12,21
16,16,33
20,5,8
13,14,7
23,11,22
26,21,32
40,3,11
36,11,17
13,17,8
48,14,23
13,23,37
50,11,8
54,14,12
38,4,14
26,21,33
53,22,27
44,14,23
24,19,34
11,18,0
61,13,8
21,6,11
54,7,8
29,12,20
13,20,29
48,10,12
50,11,11
14,21,20
24,5,16
36,15,23
16,17,26
18,7,4
23,4,13
28,17,28
34,13,21
48,11,14
50,9,8
20,21,36
51,16,18
36,17,27
13,15,0
20,22,36
27,18,30
15,18,28
48,14,19
46,0,2
25,16,29
18,8,6
18,11,2
31,16,24
39,0,10
33,13,22
19,5,8
17,19,37
13,19,28
14,18,24
60,17,13
49,9,11
11,20,24
45,22,29
40,8,18
15,16,15
43,23,29
15,23,16
43,12,21
28,8,19
54,9,7
61,15,10
62,17,14
32,17,26
13,23,19
30,22,30
53,2,3
19,17,35
54,7,7
11,20,3
39,21,29
18,11,6
36,2,13
40,7,16
44,3,8
41,5,15
10,22,2
17,16,24
39,2,12
27,17,28
13,22,21
56,0,0
15,19,31
33,22,29
61,17,14
42,4,12
53,21,27
55,14,11
37,4,14
62,12,8
39,20,28
28,21,33
36,7,17
18,13,14
9,23,25
23,20,35
30,2,14
23,7,19
58,17,13
29,7,17
44,16,26
45,15,24
47,5,6
15,23,41
59,4,3
22,15,26
41,2,10
11,21,3
59,20,20
29,21,31
16,19,12
26,17,28
41,1,8
18,10,5
61,20,18
52,14,16
62,22,20
13,14,0
14,19,25
16,12,3
56,13,9
53,13,11
53,12,8
18,4,1
29,2,13
49,15,20
33,19,28
61,5,4
32,3,14
15,17,22
20,6,8
32,1,13
27,18,29
47,16,26
42,7,17
51,14,16
28,13,21
48,6,8
33,21,29
21,18,34
35,12,20
39,3,13
17,17,31
22,2,8
52,19,28
33,7,17
52,23,31
19,7,8
58,15,11
20,17,35
15,17,14
12,17,3
37,18,28
17,10,0
44,5,12
25,21,35
31,18,27
16,21,35
58,19,17
17,14,13
53,18,21
20,17,33
37,3,12
47,8,12
52,16,21
21,1,0
61,12,8
17,12,4
13,22,18
37,17,26
30,5,16
45,2,4
16,17,24
35,17,26
49,0,1
26,2,12
55,23,26
45,7,14
46,8,15
11,19,1
48,1,1
33,17,27
38,12,18
34,3,13
54,2,1
12,20,29
23,14,24
46,12,17
55,20,21
40,3,13
21,16,29
39,1,11
16,17,30
14,23,10
53,5,7
20,16,27
39,16,26
21,22,36
48,17,27
47,19,30
45,11,19
51,18,26
62,5,1
59,20,18
41,0,5
19,13,15
12,22,5
28,16,27
21,15,25
24,23,37
63,17,13
60,20,17
52,14,12
49,4,6
17,17,35
62,21,17
16,18,26
32,14,21
49,21,31
50,13,14
48,14,22
42,4,11
26,1,12
45,12,21
62,21,18
47,18,29
14,20,24
32,15,23
18,10,3
58,13,9
60,14,9
16,12,2
48,9,10
54,20,25
28,7,18
14,17,21
16,11,0
50,4,4
45,11,17
60,14,10
55,14,12
54,16,15
12,21,4
17,12,1
37,13,19
48,14,24
12,18,4
37,22,29
62,22,19
17,15,22
46,12,19
13,19,8
20,4,6
32,4,16
58,5,4
14,18,19
23,7,20
45,4,8
21,17,31
35,23,30
21,12,22
15,21,18
18,5,3
37,19,28
33,18,28
57,16,12
40,1,10
32,2,14
14,23,15
60,12,8
14,21,19
25,12,21
21,8,13
16,14,10
20,12,17
44,4,11
53,14,12
15,14,3
15,15,9
34,0,11
53,3,4
23,0,2
53,14,10
47,8,11
58,7,6
14,15,4
49,23,33
17,13,8
20,12,19
36,12,20
33,6,17
26,3,12
47,14,22
19,13,20
14,15,1
22,10,19
59,9,7
57,16,13
46,23,33
47,7,12
31,5,15
11,22,22
48,9,9
22,1,4
35,12,19
33,8,18
21,7,11
63,11,6
12,19,2
58,16,14
17,20,36
45,9,15
61,8,7
12,20,24
31,7,17
60,20,18
16,17,25
49,0,2
54,0,1
31,6,17
33,5,16
20,12,16
53,15,15
34,9,18
17,15,14
10,23,7
57,7,6
22,15,27
13,15,2
48,0,2
38,11,19
53,3,3
51,2,3
43,0,5
38,20,29
31,19,28
34,11,18
29,21,30
30,3,13
35,18,26
15,12,0
18,8,4
17,5,2
30,3,14
59,17,13
13,19,23
21,1,3
19,15,24
47,15,26
39,8,18
21,8,12
12,20,28
15,14,2
15,15,10
27,17,29
20,21,35
14,22,18
35,3,13
36,4,15
17,15,13
22,15,29
60,7,6
17,16,19
56,2,2
53,9,7
40,0,9
13,19,9
11,22,26
51,19,29
14,18,21
18,10,4
23,6,18
54,5,7
52,3,3
61,15,12
55,20,23
14,18,20
27,4,15
16,12,1
56,19,18
30,19,30
17,17,27
28,18,29
14,15,9
21,3,3
16,15,14
33,1,13
29,7,19
20,13,14
12,20,6
12,15,7
38,7,16
24,19,33
16,20,12
45,0,2
49,7,7
14,22,31
43,17,27
19,7,6
20,13,23
15,18,29
18,13,10
36,19,28
23,7,17
19,13,17
11,23,7
15,23,13
41,19,28
49,11,9
11,17,3
48,7,7
55,22,25
15,13,2
20,8,9
23,0,6
35,20,29
59,9,8
19,10,10
44,12,20
52,21,29
41,16,25
55,0,1
19,13,19
27,14,25
15,18,33
12,23,20
58,14,9
38,15,24
20,14,24
18,14,12
55,0,0
21,22,35
39,11,18
15,22,17
14,20,28
14,23,33
34,8,18
48,9,12
41,22,29
12,20,3
31,12,19
26,23,36
19,22,38
26,11,20
23,0,3
10,22,3
22,13,24
19,4,5
15,22,13
45,11,20
25,15,26
36,8,18
15,21,33
46,2,3
46,23,32
47,1,2
21,14,24
14,13,0
53,2,2
57,4,4
42,20,29
49,8,7
40,5,15
18,5,0
52,10,8
15,19,17
15,19,32
15,17,21
34,10,18
25,3,13
22,7,14
42,3,12
19,4,4
28,13,22
23,17,30
24,14,24
9,23,29
10,19,1
13,15,3
25,22,36
9,23,2
29,16,26
12,16,6
43,16,26
57,20,20
15,20,31
48,16,27
43,0,4
13,16,1
45,13,22
16,22,15
21,9,14
18,13,12
41,15,24
52,6,6
49,13,16
54,4,4
34,22,29
57,12,9
51,10,8
34,21,29
62,13,8
18,14,14
47,12,18
48,7,10
16,16,17
38,14,23
39,9,18
15,22,12
37,3,14
16,15,20
56,22,22
43,3,10
58,20,18
63,16,12
18,14,23
48,6,7
52,23,29
46,3,3
51,12,8
45,18,28
57,3,2
63,19,15
16,17,22
39,19,28
53,1,2
18,14,20
48,17,30
17,17,32
38,11,18
28,12,20
15,18,27
44,0,5
51,15,16
44,8,18
13,21,21
57,1,0
45,2,3
8,22,0
17,10,2
16,16,32
49,2,3
30,0,13
63,23,18
13,18,21
54,2,3
13,16,0
46,1,3
47,6,10
61,19,15
45,1,3
55,16,14
14,16,10
15,16,18
27,21,33
59,13,8
29,3,14
13,22,25
12,16,1
63,14,10
21,4,11
22,23,37
38,9,18
39,16,25
15,18,32
46,11,20
19,8,8
10,23,5
45,23,31
16,21,14
19,13,18
26,12,21
51,16,22
10,22,24
17,14,11
62,15,11
54,12,8
53,16,18
32,7,17
24,16,30
32,2,13
17,7,3
18,17,36
22,6,11
58,23,23
21,3,8
62,23,20
29,19,30
38,4,15
51,15,19
14,14,7
58,6,6
26,20,31
30,17,26
45,20,29
28,22,34
19,3,2
32,12,19
18,15,25
30,23,30
17,8,0
26,15,26
13,23,18
14,21,29
33,15,23
35,16,24
19,10,9
22,14,24
42,13,22
13,16,3
14,19,28
56,13,10
15,21,32
50,16,24
51,13,12
27,22,31
54,12,9
16,21,36
14,23,40
57,14,11
34,6,16
23,22,36
24,15,28
46,12,20
19,14,19
56,4,3
46,10,15
21,2,5
62,10,7
50,0,1
49,22,31
37,16,25
19,10,8
48,12,14
20,6,10
20,4,8
41,5,14
34,6,17
42,8,17
62,23,19
35,11,19
43,4,11
14,19,29
41,21,28
27,10,20
16,23,39
25,17,31
45,20,30
28,7,19
49,16,24
12,18,6
60,3,1
28,4,17
21,4,10
15,19,27
30,17,27
55,17,17
28,20,30
35,6,16
23,12,22
21,10,11
32,23,30
17,7,1
21,23,38
11,22,5
24,16,28
41,16,26
28,22,31
30,23,31
63,5,1
26,19,33
16,19,14
62,20,16
14,22,17
53,17,19
21,18,36
18,17,30
12,21,6
60,15,11
40,2,10
62,4,2
30,7,17
28,8,20
59,21,20
36,23,30
34,5,16
58,14,11
21,11,18
34,17,26
22,8,17
26,4,14
34,18,28
26,15,25
43,10,20
34,15,24
18,16,25
50,12,10
33,13,21
46,4,5
27,20,32
17,15,16
45,9,17
20,16,29
29,10,19
63,4,0
17,14,10
53,10,8
13,20,26
29,19,29
28,1,12
22,3,6
11,21,24
30,15,25
11,18,2
13,21,29
53,0,1
60,5,4
43,1,5
57,8,8
54,15,13
22,10,17
52,11,8
45,6,14
39,14,22
51,14,17
49,15,23
28,21,31
17,15,21
61,18,14
52,13,12
63,18,15
51,23,32
17,11,3
44,2,5
61,14,9
51,20,29
39,4,15
42,2,7
12,20,8
26,9,20
61,6,6
32,1,12
41,12,20
60,22,20
44,4,9
56,23,26
36,16,25
13,18,23
53,17,22
22,1,0
52,14,11
26,13,23
20,13,20
51,0,1
62,20,17
47,4,4
13,20,28
14,17,22
44,0,2
54,5,5
11,20,23
60,18,15
30,13,21
51,8,7
58,16,12
59,15,11
56,18,16
18,23,40
24,11,22
60,7,7
22,7,12
38,6,15
13,20,22
20,7,9
57,14,10
19,23,39
21,2,2
34,7,17
34,16,24
44,10,19
53,14,14
55,16,13
17,22,40
10,23,22
50,15,22
14,23,16
27,13,23
15,17,12
35,7,16
25,5,17
10,22,1
45,23,33
28,15,24
22,5,13
40,12,20
21,20,34
62,9,6
15,21,34
46,7,11
23,0,1
18,17,37
61,3,1
48,10,11
13,19,21
51,21,28
10,22,28
32,21,29
10,23,6
12,17,4
24,6,17
21,7,12
56,9,8
11,21,23
26,16,28
20,14,22
56,11,8
46,11,15
11,23,19
23,15,28
34,3,14
28,11,20
57,16,14
45,13,23
48,2,2
28,9,20
50,16,25
30,15,24
24,6,16
35,14,21
61,19,16
11,17,1
24,20,35
33,14,22
62,22,18
12,17,1
45,11,16
35,15,23
16,17,32
37,3,13
19,22,39
63,7,4
24,5,15
42,7,16
21,11,20
63,13,8
51,15,18
17,18,30
46,9,15
45,6,13
46,22,32
50,16,23
53,20,25
60,9,7
43,2,8
56,19,19
12,23,17
54,13,9
62,14,10
22,8,18
41,3,10
45,9,16
51,20,28
46,13,20
21,23,39
61,15,11
20,22,38
16,13,3
34,16,25
14,20,21
15,19,19
17,9,0
15,19,15
51,16,21
46,15,24
26,17,30
55,19,21
40,18,28
23,17,32
15,22,14
23,15,27
14,23,17
40,21,28
41,8,18
44,21,30
57,4,3
16,10,0
15,13,3
34,14,22
37,7,16
51,16,24
58,18,16
17,12,8
45,6,12
48,3,2
19,16,30
17,22,39
55,15,12
54,18,20
34,4,16
21,10,14
17,16,35
18,17,28
46,5,11
52,2,3
50,18,28
18,17,26
56,5,6
36,0,10
44,3,9
28,23,31
22,5,12
59,16,12
20,13,17
52,14,14
21,23,36
14,23,13
19,13,13
21,10,13
19,17,36
18,11,9
62,7,4
34,1,13
47,7,9
43,1,7
25,9,20
20,16,35
43,6,13
19,8,6
11,20,1
47,5,7
36,3,14
14,23,14
12,22,20
20,4,7
33,18,27
18,5,4
18,13,9
18,20,37
19,4,8
53,4,4
25,19,33
17,16,31
16,16,24
29,23,32
58,20,20
15,16,14
24,17,31
32,17,27
21,2,6
57,2,0
26,5,16
35,4,16
31,5,16
35,16,25
28,10,20
32,9,18
17,17,29
29,20,31
61,22,20
15,16,17
50,17,26
51,14,15
32,8,18
23,12,21
59,18,15
32,17,25
15,17,19
22,13,23
31,15,24
11,21,21
57,23,24
15,16,19
21,17,33
21,22,37
23,3,9
61,3,0
59,2,0
48,14,20
36,21,29
42,3,9
37,17,25
18,4,3
19,5,7
25,18,31
19,13,12
56,22,25
13,15,1
20,13,18
48,13,20
22,8,16
61,23,20
59,3,1
24,20,34
45,7,15
36,16,24
55,4,4
34,23,30
18,7,5
57,10,8
22,7,18
38,5,15
47,20,31
46,2,2
44,16,27
27,22,34
47,8,13
18,14,22
14,22,20
63,12,6
14,23,18
41,1,9
20,8,10
30,11,19
59,22,20
18,11,5
46,12,16
27,23,36
18,5,2
25,4,15
49,8,9
55,19,22
27,19,31
36,5,15
16,17,31
14,14,1
19,11,10
30,9,19
31,2,13
38,19,28
53,18,25
18,11,4
19,14,24
18,5,1
50,14,15
49,11,13
27,21,32
43,23,31
43,23,30
22,12,22
17,12,6
50,16,22
18,9,5
63,15,10
57,5,5
26,1,11
53,0,0
28,3,14
16,18,30
61,4,2
41,3,12
43,3,11
32,6,16
52,13,9
28,16,26
47,14,23
53,14,11
48,19,30
20,23,39
26,20,33
43,5,15
16,17,16
27,13,22
45,21,30
47,4,7
31,3,15
29,23,35
50,14,18
23,17,31
46,20,30
46,7,13
23,7,15
16,21,38
27,12,21
10,22,0
50,10,9
27,16,28
21,8,16
44,9,17
34,2,13
37,5,16
12,21,25
63,12,8
21,8,15
40,9,18
54,1,2
13,16,8
11,20,2
13,22,19
52,15,15
43,15,25
48,3,4
33,11,19
55,19,24
48,15,24
24,1,10
45,1,2
16,20,33
23,21,36
36,0,12
28,10,19
49,19,30
16,17,13
53,14,13
15,21,31
59,7,6
15,22,31
50,15,17
10,23,28
39,11,19
20,12,13
56,16,13
63,4,1
49,10,9
26,16,29
60,11,8
11,21,27
24,6,19
49,12,13
56,4,5
52,18,27
34,12,20
52,9,7
31,3,14
42,5,14
57,23,25
15,17,13
53,19,24
15,17,31
19,23,40
45,8,14
19,16,27
9,23,26
50,23,33
60,22,21
24,23,36
20,13,15
62,4,0
35,12,18
53,18,26
60,3,2
40,13,22
16,15,15
48,10,14
11,22,28
26,13,22
33,19,29
19,14,22
22,5,14
52,22,28
62,19,16
53,4,5
40,4,15
9,23,4
22,4,11
44,23,31
62,5,4
45,16,27
18,23,39
60,2,0
47,7,10
13,23,16
15,23,17
14,22,33
16,20,14
23,20,34
39,12,21
45,11,18
57,19,19
48,11,15
19,7,9
46,7,12
62,12,7
48,21,30
24,17,29
53,16,17
21,15,28
47,4,6
48,17,29
60,18,16
17,20,38
44,5,11
43,2,9
60,21,20
43,0,6
55,13,9
39,9,19
36,20,29
23,0,4
20,4,10
10,23,26
33,17,25
33,8,17
15,17,25
15,21,19
56,18,17
48,18,30
43,1,6
61,8,6
12,22,30
17,16,17
55,16,15
18,21,37
11,22,20
50,12,9
22,3,10
42,3,10
11,21,22
32,7,16
15,23,12
23,3,10
18,14,18
12,19,8
50,9,7
33,12,20
45,3,5
58,16,13
16,16,23
19,5,6
54,20,26
13,16,5
19,7,5
57,17,15
47,14,21
14,21,25
15,17,24
20,23,37
12,23,18
16,13,7
27,19,30
54,16,17
40,17,28
43,6,16
50,12,12
53,20,27
44,3,7
16,18,29
54,18,24
31,17,26
44,9,18
45,19,29
46,6,8
32,3,15
53,6,6
13,23,9
28,5,18
52,4,4
27,3,14
44,23,29
42,6,16
12,23,8
44,22,29
49,16,27
43,14,24
52,15,17
19,21,36
57,20,19
9,23,3
46,3,6
23,23,36
54,3,4
24,18,32
36,3,13
46,3,5
12,18,2
29,6,18
59,10,8
53,20,28
26,3,13
48,13,15
52,16,18
19,19,37
27,1,12
60,6,5
26,18,31
21,12,21
21,2,1
55,7,7
49,17,27
61,17,13
24,1,9
15,23,37
53,15,12
53,19,27
32,9,17
41,3,13
31,20,30
54,1,1
22,5,11
30,16,26
14,21,30
46,22,31
21,8,14
15,19,28
54,19,21
61,16,13
25,2,11
39,17,26
16,21,12
40,20,28
10,23,3
61,12,7
41,14,23
38,12,19
46,15,25
33,2,14
28,22,35
45,1,4
34,8,17
62,15,10
18,12,7
52,18,24
47,9,13
46,18,29
56,5,5
60,18,14
59,19,18
30,18,29
24,3,10
19,16,32
59,23,21
51,19,28
40,0,8
44,13,21
14,18,30
61,10,8
13,18,7
48,8,11
23,1,3
16,17,17
44,12,22
16,20,15
37,23,31
23,16,28
52,21,28
16,17,15
25,12,22
41,7,17
26,0,8
31,17,25
19,13,21
25,1,11
32,15,24
22,15,28
44,18,28
56,20,22
10,22,22
50,14,16
19,16,33
45,3,6
60,4,2
17,18,29
42,8,18
32,16,25
23,5,14
35,20,28
11,21,4
23,2,5
57,15,11
47,11,15
22,0,1
38,23,29
48,21,31
13,14,6
58,21,20
20,13,16
23,11,20
20,12,15
22,18,32
48,22,31
59,4,4
53,16,19
57,5,6
32,19,28
36,10,18
37,7,17
15,13,1
27,2,14
17,21,37
18,23,41
37,20,28
23,0,8
11,22,27
24,0,5
63,19,16
16,16,34
51,23,33
46,8,14
39,2,11
10,23,4
19,4,7
18,3,1
16,19,35
10,21,22
38,5,16
36,22,29
38,8,17
27,22,35
58,3,1
42,12,21
43,5,13
32,23,31
37,13,20
44,15,25
19,3,0
48,10,13
15,17,17
42,18,29
17,16,21
59,4,2
26,22,35
39,14,23
16,13,0
49,2,2
51,16,20
15,22,37
11,21,28
17,23,42
63,5,2
60,16,12
40,18,27
49,12,14
34,0,12
54,22,26
28,5,17
58,17,14
52,17,22
52,12,9
51,16,19
14,14,6
44,7,15
36,4,16
45,10,17
27,14,24
58,17,15
49,10,11
37,2,12
15,14,8
56,19,20
39,15,24
21,16,31
15,22,18
46,7,14
26,21,35
29,3,13
15,19,33
39,5,16
21,3,6
33,14,23
50,17,25
40,3,12
42,14,23
59,23,20
27,15,24
46,0,1
59,8,7
40,0,7
15,14,5
51,17,22
16,13,4
38,3,13
18,11,3
25,13,23
21,17,35
13,15,8
45,6,11
40,14,24
18,15,21
49,15,21
15,20,19
57,22,21
46,21,31
21,4,9
24,2,9
37,1,11
11,21,5
48,12,17
14,20,19
14,22,25
27,4,16
37,12,18
18,15,24
9,22,24
18,10,8
21,13,24
44,3,6
48,20,30
46,6,9
25,3,12
49,12,12
36,4,14
50,22,31
23,18,34
42,19,29
32,10,18
25,11,20
12,22,25
21,13,21
46,11,16
39,5,15
25,1,10
15,15,8
52,2,2
18,14,16
51,3,4
16,16,25
51,15,20
42,5,16
28,2,13
18,10,6
26,5,17
56,17,15
47,8,14
18,8,7
51,7,6
29,18,29
46,17,28
11,23,31
47,4,5
16,16,13
26,16,26
44,13,23
39,20,29
61,21,17
18,15,15
50,22,32
46,9,16
40,6,16
48,13,21
55,23,28
59,20,17
