13,3,48
2,18,2
7,15,1
46,1,34
4,17,46
5,15,32
4,5,23
43,1,34
8,5,11
7,6,5
0,21,52
63,7,24
56,4,32
13,7,50
34,19,43
22,2,42
1,20,5
9,18,56
41,5,35
63,19,32
61,17,32
9,8,16
7,2,26
7,16,0
5,17,60
13,18,61
58,1,29
60,0,22
58,19,34
17,21,60
9,8,47
4,20,43
17,2,45
20,16,53
9,0,22
38,10,38
37,19,43
9,12,50
24,17,46
8,10,47
8,12,6
8,16,34
7,2,9
6,13,20
58,2,24
61,15,27
34,10,38
28,15,41
12,19,63
36,0,31
7,15,58
6,20,39
54,18,40
59,17,31
6,20,60
7,1,26
6,17,54
4,16,32
20,15,48
37,19,42
3,18,58
27,17,44
19,22,60
3,18,25
1,20,22
37,17,41
5,15,47
36,6,35
17,13,53
49,12,38
48,19,41
18,3,45
26,14,42
61,0,21
6,19,5
2,20,61
12,12,41
38,3,33
12,8,50
15,6,50
4,16,33
1,21,14
5,16,18
10,10,14
5,17,1
2,19,21
3,21,40
22,19,54
35,20,44
57,23,47
59,23,41
36,17,41
9,12,4
8,16,14
46,19,42
1,20,21
7,15,19
9,0,4
0,20,13
14,16,56
5,17,33
38,16,38
1,22,14
23,23,61
16,22,61
18,22,61
7,19,15
55,20,42
29,20,45
16,17,54
4,20,57
42,20,44
3,23,41
5,15,23
62,20,33
24,21,55
23,19,52
37,1,32
0,20,7
6,14,9
6,13,9
27,22,56
3,19,35
5,3,22
31,4,37
32,6,37
7,6,10
59,4,28
34,20,46
48,14,39
1,19,25
7,16,5
2,18,5
9,13,33
17,1,44
29,12,40
60,7,25
26,17,45
7,4,4
54,1,31
0,20,11
32,18,43
29,22,51
13,7,54
4,20,54
41,2,32
10,14,45
44,5,37
8,10,16
6,17,59
14,1,33
10,12,34
52,3,37
33,1,33
63,12,24
7,10,9
45,23,46
59,22,42
8,17,53
21,20,57
2,20,43
39,4,33
22,0,39
5,13,27
29,2,37
0,21,39
8,13,6
43,3,35
29,1,37
12,11,54
5,5,23
3,17,11
14,16,54
38,22,47
8,1,25
45,3,37
11,12,52
12,17,59
0,23,44
18,17,51
33,19,41
40,10,38
20,0,40
13,17,58
8,7,17
25,17,47
13,5,51
21,6,45
58,13,29
12,14,37
26,7,41
9,9,15
40,19,41
60,0,21
4,17,8
27,20,50
1,20,60
6,2,28
47,21,45
6,17,56
3,17,7
34,17,39
16,12,52
5,19,14
15,19,59
9,17,51
0,18,4
0,21,9
12,6,44
33,7,36
35,2,33
3,18,21
63,23,39
41,15,38
45,19,42
8,0,30
33,6,35
34,18,41
35,6,36
1,18,3
9,4,13
37,9,38
35,21,46
3,22,62
56,6,31
13,3,38
10,0,32
18,16,51
6,18,51
63,20,31
49,20,44
58,17,31
8,18,61
7,12,8
1,20,44
6,15,8
12,2,13
19,11,46
54,12,35
4,14,25
38,6,35
1,19,9
12,15,56
13,19,60
17,16,50
11,17,59
60,7,26
30,1,35
40,5,34
18,15,52
3,23,43
28,11,41
58,22,42
21,19,55
7,9,47
51,0,33
4,17,5
11,16,38
7,11,47
43,2,33
61,23,39
7,16,18
19,22,62
41,16,39
5,18,36
4,4,24
6,15,46
13,12,41
7,10,17
8,3,18
59,17,32
28,6,39
11,1,16
14,0,16
30,3,37
4,7,22
22,18,53
40,3,31
5,15,21
12,1,33
8,18,41
8,1,31
21,4,44
19,22,59
11,1,18
39,7,36
9,6,14
12,10,44
23,14,44
30,21,46
41,19,41
2,20,63
24,16,43
9,10,47
58,16,31
48,17,40
3,19,62
29,4,37
8,8,47
24,6,42
11,6,50
3,14,30
7,13,11
57,0,26
10,13,34
4,18,57
6,17,62
11,11,54
4,14,27
12,0,16
11,11,35
43,0,31
29,3,38
22,4,40
5,14,26
8,2,9
17,4,47
11,16,59
2,17,45
19,12,46
4,13,27
7,6,8
20,0,39
19,4,47
7,16,46
20,14,48
52,18,41
2,19,9
31,21,48
23,17,48
10,4,13
6,2,29
15,11,53
7,2,6
0,21,47
44,2,34
54,18,39
59,0,23
31,3,35
7,17,61
55,13,31
48,12,38
4,18,46
15,14,53
50,18,41
12,12,40
56,21,46
6,17,34
47,2,36
4,21,57
14,18,55
27,18,46
52,14,37
62,19,34
25,9,41
61,15,25
1,21,16
2,23,10
7,12,18
6,18,37
11,1,12
0,22,52
44,1,34
2,19,58
20,20,57
58,8,28
59,12,25
1,21,5
25,4,41
59,6,25
8,1,21
8,17,44
61,14,27
9,15,34
42,4,37
8,10,3
53,1,31
22,17,48
48,13,37
3,17,6
2,15,31
9,0,21
43,13,38
36,5,34
4,21,43
11,14,44
39,17,39
31,16,40
1,18,46
2,21,17
16,22,57
15,0,43
29,19,44
10,0,19
30,21,50
31,18,42
19,21,61
63,1,23
5,13,47
40,8,38
13,14,54
12,15,58
5,17,5
12,6,42
0,21,12
18,5,49
16,0,43
59,6,26
0,20,31
45,18,41
8,13,17
43,6,37
12,1,11
33,22,47
8,2,8
9,12,46
8,10,49
40,0,30
24,0,37
40,7,37
9,16,15
57,0,27
22,14,42
0,21,11
21,20,58
7,14,7
36,9,38
55,20,40
4,17,33
4,18,50
22,0,37
15,5,49
54,6,34
5,17,45
4,20,6
1,20,9
29,21,48
4,19,1
9,16,51
16,21,57
12,15,42
16,19,56
24,7,42
61,7,25
59,2,27
10,13,16
6,16,56
53,13,36
19,11,45
46,3,37
6,3,25
58,14,29
11,15,43
12,15,38
27,1,37
13,3,46
47,20,43
10,16,35
5,4,23
57,1,29
58,1,26
10,17,38
24,19,54
7,15,50
46,1,36
6,17,3
57,19,38
13,9,54
4,17,47
4,20,49
55,20,44
19,17,55
29,2,35
63,4,23
54,20,44
9,5,15
1,18,33
20,4,46
33,20,45
4,18,6
4,18,49
7,16,35
3,19,16
5,19,58
1,21,54
29,1,36
13,0,17
3,15,28
8,4,2
37,13,38
22,1,40
3,19,2
0,23,13
52,0,33
10,9,15
25,20,50
44,17,41
13,14,56
25,20,54
20,14,47
20,17,55
7,12,46
57,5,30
3,23,54
7,7,7
52,1,35
7,2,22
24,7,41
5,5,22
20,22,60
7,1,22
11,10,52
5,17,61
14,18,58
38,20,43
11,2,13
45,17,40
31,23,50
34,0,31
26,20,52
1,20,14
6,17,55
5,5,24
36,14,39
21,18,53
54,16,36
3,18,19
10,4,15
59,3,24
9,14,45
13,5,36
15,18,56
2,20,48
8,1,5
53,6,36
6,17,15
63,10,24
11,1,10
12,0,18
25,20,55
2,23,56
54,2,34
16,4,48
12,18,60
7,1,24
23,3,40
5,15,7
27,3,39
4,17,4
9,11,46
8,12,1
7,18,37
18,23,62
9,15,15
61,17,31
43,3,36
0,21,56
48,0,34
15,18,58
42,3,36
0,21,13
49,1,37
8,1,7
31,17,42
59,15,30
26,4,40
2,19,13
0,18,31
9,17,60
17,0,38
1,19,3
31,4,34
2,19,18
2,19,19
8,16,50
7,18,44
6,19,42
7,12,9
16,21,62
63,20,34
10,8,15
35,9,38
25,7,41
11,12,55
21,12,43
1,21,8
9,13,46
21,0,38
21,21,57
2,21,59
62,17,25
30,22,46
26,17,42
8,1,23
13,1,12
56,20,38
16,14,53
8,7,4
25,17,49
13,12,39
54,3,35
33,18,43
6,13,31
9,17,50
51,1,37
3,19,49
10,5,35
46,17,40
57,18,34
58,1,28
24,2,39
10,11,51
32,3,33
62,9,25
8,18,50
26,18,50
2,21,49
8,5,16
12,6,38
2,21,61
17,14,49
40,4,35
3,18,6
11,7,51
44,13,39
13,6,52
1,20,7
28,21,47
2,19,62
60,23,42
6,17,51
11,19,63
3,20,9
7,8,17
42,3,37
21,22,57
25,19,47
2,21,9
17,13,51
5,16,23
8,3,17
38,1,31
0,22,56
43,19,43
51,1,34
28,10,40
20,18,55
56,20,40
50,2,38
5,19,38
10,13,54
7,18,51
15,8,53
18,12,47
30,0,33
25,8,41
1,19,36
52,21,45
7,3,19
60,15,28
53,18,40
53,22,45
25,0,38
11,9,44
1,19,0
14,0,38
6,12,29
6,15,7
16,3,46
11,6,44
56,1,29
5,19,46
61,16,28
5,17,35
10,16,37
7,2,27
59,17,33
63,20,33
12,4,37
19,18,50
12,4,39
56,6,33
8,11,11
6,11,30
4,17,3
6,17,6
2,19,12
9,11,1
49,13,38
43,17,40
12,0,10
9,0,19
49,2,37
0,17,29
22,2,39
26,18,47
36,2,32
10,13,15
3,22,42
59,4,27
5,17,11
23,16,46
30,19,45
5,12,28
42,2,33
20,17,49
57,21,40
6,16,18
6,20,40
8,12,3
7,2,8
53,2,35
3,14,28
15,12,52
51,7,37
0,22,43
56,19,36
3,19,37
57,2,29
38,9,38
3,16,26
38,23,48
9,2,12
38,11,38
42,14,39
14,6,53
6,15,10
9,2,18
7,15,32
3,21,8
12,5,40
14,6,54
10,17,42
41,0,30
63,16,24
3,22,58
22,19,57
41,7,37
10,16,43
26,21,53
60,15,27
30,23,46
7,19,42
50,13,38
47,2,38
21,13,45
8,16,17
5,18,13
10,7,45
6,15,5
30,5,38
10,15,43
33,16,41
54,3,36
8,13,10
5,19,37
8,1,26
15,2,46
6,17,49
10,10,51
57,1,27
58,22,44
6,5,18
8,17,55
1,22,10
42,21,43
7,4,2
24,20,55
16,5,49
60,23,40
34,23,50
10,2,14
35,1,32
49,17,39
8,16,35
15,20,61
20,19,57
54,2,36
10,8,45
56,18,36
7,18,42
5,4,22
3,20,6
9,16,52
11,13,43
6,16,13
9,11,3
4,15,28
3,19,36
41,2,31
12,13,43
1,20,20
8,14,17
8,2,7
5,21,40
6,17,61
21,23,61
1,18,32
8,3,3
59,18,32
0,23,59
9,7,12
55,4,34
17,11,49
53,4,36
13,3,43
32,23,51
19,2,45
24,17,48
8,16,58
49,21,45
16,19,55
10,13,56
9,15,53
0,21,62
47,22,46
47,3,38
3,19,10
22,20,54
60,15,30
22,12,43
46,21,44
7,19,63
17,0,41
11,12,44
16,0,41
8,3,0
5,12,19
6,21,52
11,12,56
7,14,48
38,0,31
7,16,13
40,20,42
44,22,45
7,16,51
5,17,50
0,22,16
13,3,36
1,22,45
2,20,38
3,19,48
57,1,28
58,22,43
3,18,18
54,1,30
5,18,63
53,19,41
0,21,22
5,16,7
60,22,38
8,0,2
54,17,34
9,13,11
47,7,38
30,2,34
8,15,33
18,23,63
37,20,44
56,13,31
60,3,24
5,21,42
58,12,27
41,3,34
2,15,29
18,16,53
2,19,44
15,16,55
10,14,54
7,5,6
39,5,35
49,19,43
32,17,42
29,21,51
2,22,54
34,4,34
14,1,44
38,4,33
13,16,58
41,6,37
9,4,15
5,16,5
24,21,59
13,3,49
10,15,57
9,15,45
0,17,27
25,0,37
21,3,45
36,18,41
8,17,52
6,17,58
31,22,47
24,22,58
7,14,11
47,13,37
23,2,39
41,12,38
58,12,28
3,18,0
48,4,38
54,1,32
8,2,18
30,1,33
12,1,15
9,15,55
58,0,24
21,23,57
10,10,52
25,19,49
7,18,60
12,12,56
10,9,46
7,16,56
4,13,29
9,1,5
11,13,57
0,21,7
10,11,46
6,18,15
4,21,55
4,19,61
27,22,46
12,4,46
3,21,3
2,17,34
17,10,51
42,21,44
36,21,46
0,23,16
18,2,45
31,4,36
6,19,45
18,20,60
18,14,48
7,19,38
59,3,25
2,19,23
27,2,38
10,12,13
5,13,30
15,19,61
36,12,38
7,19,52
44,14,39
5,18,15
15,15,53
15,18,59
7,15,11
4,21,53
46,4,38
9,13,34
19,20,58
58,23,44
28,12,41
8,16,45
60,4,24
12,2,12
54,16,35
8,1,19
8,17,42
7,10,47
31,20,45
61,18,31
4,16,23
11,4,48
60,1,23
12,18,62
41,14,38
19,18,57
9,17,58
63,21,34
62,10,24
7,3,8
6,18,50
1,22,6
10,14,15
11,14,58
4,20,7
53,12,35
16,7,51
19,18,55
51,16,39
58,22,41
10,16,44
29,1,35
27,23,57
16,17,57
4,16,10
34,8,37
7,15,57
12,12,44
9,5,13
25,21,56
34,17,41
12,14,42
24,1,39
14,17,58
23,20,55
1,21,63
61,17,29
23,12,42
40,19,42
27,0,36
56,20,42
8,1,29
25,17,44
10,13,13
49,0,33
2,20,36
6,17,46
14,1,17
7,2,3
23,19,51
18,20,59
4,17,9
4,22,40
1,21,39
59,3,27
17,5,48
45,4,38
13,1,39
42,8,38
8,16,54
7,13,18
6,13,19
49,1,36
17,2,44
25,3,40
22,20,55
21,22,58
63,0,21
53,6,37
63,15,25
50,17,41
9,6,16
63,6,24
9,6,49
26,18,44
3,18,2
20,1,41
47,2,37
40,20,43
55,14,33
9,10,49
3,17,21
38,13,38
50,16,38
59,14,29
61,5,24
11,6,49
51,22,46
36,16,39
18,18,55
59,22,41
48,2,37
32,19,41
6,16,12
21,23,58
34,21,47
0,18,28
17,13,50
42,2,35
3,19,14
0,21,51
4,20,59
4,20,15
23,15,47
2,20,14
58,1,27
10,13,55
6,18,5
58,13,28
7,13,8
46,0,34
3,19,54
7,8,10
19,22,58
54,18,38
14,5,49
8,1,0
8,9,47
34,18,42
5,16,11
9,15,57
58,2,26
26,19,49
11,12,53
8,13,49
33,23,50
5,23,41
9,11,12
2,22,43
35,12,39
62,18,32
60,22,39
35,13,38
25,9,42
7,7,9
1,23,62
3,21,43
9,17,39
13,21,60
0,23,17
28,22,53
4,16,9
61,20,35
51,7,38
10,13,14
39,14,39
6,17,13
59,20,35
18,21,62
47,21,44
18,16,50
7,1,29
47,0,35
23,22,59
58,19,36
12,4,49
13,2,39
4,17,19
22,5,42
9,16,16
50,1,37
20,13,45
1,23,59
2,21,56
59,16,30
14,7,52
29,13,41
0,19,26
14,20,61
14,1,45
56,21,41
1,17,31
62,19,33
29,20,47
29,0,36
10,10,15
4,21,44
28,1,37
9,0,25
2,19,10
57,23,46
6,18,63
56,15,31
8,5,1
14,14,53
53,0,29
21,21,60
12,19,60
11,19,60
2,22,56
9,17,16
13,0,10
7,19,45
37,15,39
1,21,17
9,17,36
31,22,48
2,20,47
53,15,35
43,19,42
7,18,39
12,6,52
38,19,42
11,0,17
9,20,63
17,1,43
9,7,50
11,6,45
46,14,39
57,2,30
18,22,62
10,16,39
7,20,40
42,1,30
11,15,39
5,16,25
56,14,32
33,3,34
24,8,42
55,3,33
10,17,59
8,17,51
9,17,40
43,2,35
29,0,35
25,19,51
5,15,20
54,18,41
45,7,38
6,19,47
14,19,54
9,5,16
0,18,3
8,16,12
62,0,21
21,17,51
9,5,14
36,13,39
7,17,57
1,21,19
3,22,57
51,3,38
26,11,41
59,14,28
61,9,24
4,19,3
12,15,39
11,14,40
61,1,23
61,7,24
2,20,59
5,17,3
16,13,53
1,16,28
62,17,29
12,5,45
8,17,57
37,22,46
0,20,45
6,2,26
9,0,28
29,10,40
8,0,20
42,5,37
2,22,60
10,0,8
21,18,56
32,0,31
5,16,59
63,5,24
0,21,8
14,0,17
2,20,37
18,22,60
13,1,38
27,11,41
5,18,56
19,16,49
54,20,43
5,15,25
50,7,38
32,21,45
9,15,46
5,5,25
15,15,54
1,17,32
32,8,38
13,2,42
13,8,50
3,21,62
18,14,49
3,23,55
58,13,27
42,0,30
24,3,40
28,19,46
0,21,38
44,17,40
0,23,51
39,21,45
50,22,46
17,12,48
0,23,42
12,4,41
33,11,38
7,7,5
6,19,37
7,16,52
5,15,8
38,23,46
12,6,53
4,18,12
50,0,34
3,20,53
10,12,45
7,12,47
34,5,35
63,9,24
5,17,17
23,0,38
7,2,30
14,5,51
0,22,38
6,18,43
51,23,46
7,14,46
60,8,25
48,16,39
17,10,52
52,2,36
62,17,30
30,2,35
53,4,37
32,16,41
0,20,36
2,21,46
57,16,31
29,0,33
32,22,49
50,21,44
9,12,2
3,21,54
8,4,4
11,14,43
40,18,41
7,18,50
18,13,48
54,22,44
38,5,35
20,3,44
13,11,53
21,20,55
4,5,25
41,21,45
43,23,47
51,19,41
6,17,12
7,4,17
6,3,28
10,19,63
4,18,61
46,2,37
2,23,43
12,5,39
31,23,52
18,0,43
9,0,8
10,17,41
21,1,41
10,6,50
24,16,47
2,20,18
5,19,36
11,15,37
10,4,34
61,8,25
17,0,44
0,18,30
17,21,63
32,20,43
14,20,63
22,0,38
48,13,38
4,18,20
10,1,18
14,0,42
4,20,56
17,20,57
58,0,22
31,7,38
36,19,42
16,18,56
26,2,38
18,12,48
5,19,16
0,21,36
9,19,39
6,21,40
6,13,18
8,1,27
52,14,36
13,5,49
46,5,38
23,15,42
6,3,29
4,5,26
8,11,17
18,4,48
14,4,50
5,16,47
51,20,43
2,18,0
59,22,39
62,17,27
37,4,33
12,5,44
25,23,56
31,21,45
4,19,6
59,23,42
27,23,56
2,22,39
53,2,34
0,22,57
3,15,30
57,12,28
34,20,44
23,20,57
16,21,61
0,21,19
56,7,32
2,20,46
13,0,37
23,22,55
5,14,27
9,9,47
25,13,42
61,3,23
32,14,40
7,3,20
24,18,49
20,15,52
10,7,14
28,22,46
43,18,42
6,17,16
38,5,34
0,22,19
45,20,43
1,19,8
2,19,49
13,2,45
10,15,55
13,12,40
23,5,41
24,17,44
60,20,35
3,22,40
57,16,32
7,17,52
18,20,58
3,19,55
21,13,44
8,11,6
2,22,10
3,18,24
62,14,25
11,5,35
21,14,47
3,21,38
4,19,52
61,22,38
52,15,36
22,6,43
4,16,46
7,3,18
9,0,5
5,18,2
40,21,44
44,0,32
4,20,38
5,17,18
13,4,48
10,5,14
58,23,45
9,15,52
9,7,16
43,7,38
2,19,36
5,3,28
13,1,40
52,5,37
59,23,43
55,20,43
8,0,25
25,1,39
11,0,32
6,16,1
11,6,54
10,11,13
13,2,37
21,4,45
15,0,41
29,15,41
6,18,61
39,19,42
59,23,44
2,19,61
28,23,55
55,17,37
7,2,1
56,18,33
58,8,29
41,17,39
8,10,48
23,5,42
2,21,18
53,21,43
5,14,22
25,19,52
2,19,5
60,16,27
2,21,62
1,20,13
24,16,46
36,3,33
37,23,47
52,1,33
0,19,5
4,18,13
7,8,7
14,19,59
6,17,5
45,16,40
42,23,44
12,5,43
29,14,40
23,17,43
50,1,35
13,6,51
8,3,6
18,11,52
4,18,51
52,9,37
31,13,40
14,4,48
22,14,46
1,20,46
12,5,51
8,7,1
62,1,22
25,18,49
35,21,43
8,18,39
38,18,40
8,2,5
63,22,36
7,13,31
54,2,33
32,21,48
41,4,33
44,23,44
35,20,45
52,13,37
25,22,49
14,0,39
4,17,34
12,19,59
6,19,7
31,1,32
23,17,51
14,16,57
7,19,62
11,0,31
0,20,8
62,6,23
34,6,36
7,14,3
45,6,38
1,21,50
13,2,44
7,7,6
0,19,8
0,19,3
62,18,29
1,21,48
33,8,38
4,22,41
6,14,46
12,6,45
19,13,48
5,19,1
28,21,51
18,3,46
26,0,37
1,19,45
30,21,48
22,21,58
0,20,10
61,21,36
35,7,36
3,16,33
0,18,33
14,0,40
6,18,62
3,20,43
19,2,43
4,18,14
11,21,61
63,2,23
2,17,0
13,5,52
62,2,23
36,3,32
8,2,20
3,16,28
23,14,46
21,21,59
5,20,43
1,21,57
0,21,21
8,1,9
36,1,31
28,22,55
6,19,43
9,16,36
5,17,51
25,17,46
53,16,37
63,18,29
39,13,38
8,16,55
30,20,46
41,6,36
35,21,44
0,21,61
54,16,33
7,12,31
59,22,40
3,19,11
19,23,63
2,18,25
23,17,49
45,22,47
4,15,30
45,13,38
38,17,39
16,11,51
7,15,49
18,13,49
16,12,50
3,17,26
6,13,48
13,13,56
16,3,48
24,17,49
35,5,34
8,16,46
8,17,58
6,15,9
17,20,59
55,21,44
9,1,18
12,3,37
6,3,22
8,0,22
45,2,37
50,14,38
3,18,8
27,0,37
7,19,41
44,18,42
28,6,40
52,23,47
2,18,7
11,17,37
39,12,38
9,17,45
26,22,58
6,16,2
23,21,58
22,1,39
51,17,38
16,2,46
7,17,51
63,18,28
7,18,56
6,15,20
54,1,33
7,9,7
33,13,39
25,21,51
46,9,38
26,16,41
25,19,53
6,14,7
43,22,44
5,4,28
47,0,34
34,7,37
12,1,13
28,3,38
3,20,58
28,14,41
12,0,11
14,15,54
27,23,53
39,6,35
31,5,35
25,16,43
9,12,51
36,23,46
46,21,46
15,17,54
12,19,61
11,6,46
53,21,44
2,20,54
12,7,37
13,13,55
46,0,33
13,0,16
6,19,46
38,19,43
6,11,29
44,21,43
28,8,39
4,21,7
56,3,33
29,5,38
13,0,41
40,23,47
53,17,38
38,21,44
16,16,54
57,0,23
5,5,19
34,17,40
59,13,26
55,14,32
30,21,47
32,6,34
29,0,34
0,20,49
7,20,41
19,5,47
11,14,45
8,14,7
9,10,16
30,18,41
22,4,44
27,23,54
7,8,9
26,1,38
53,17,36
39,2,32
54,6,35
22,3,41
9,8,49
31,12,39
17,16,54
7,2,21
40,17,39
47,14,39
12,15,41
40,17,41
17,14,50
4,19,18
11,6,51
27,23,55
2,18,35
18,18,56
7,15,4
60,5,24
7,11,18
4,17,11
23,14,45
7,4,3
40,12,38
1,18,1
11,12,54
17,15,50
5,17,62
5,22,40
4,23,41
58,0,26
33,17,40
6,14,19
49,15,39
11,12,35
59,4,26
6,4,18
5,4,20
6,16,0
7,3,17
12,1,14
4,17,23
16,19,59
2,19,7
12,8,36
42,11,38
0,22,50
5,15,27
4,18,5
4,16,20
1,23,56
5,6,18
12,12,38
63,20,35
21,2,44
1,21,18
22,4,41
2,18,8
10,3,15
28,0,36
31,5,37
14,20,62
0,22,62
10,14,56
15,12,53
2,21,16
45,12,38
62,1,23
30,10,40
23,18,50
28,0,35
8,3,4
43,6,38
4,20,44
58,2,25
2,19,4
61,17,28
14,3,47
8,12,46
14,1,16
13,20,63
1,20,63
13,3,42
39,20,42
39,8,38
0,21,44
11,16,42
42,22,46
1,22,40
23,20,53
26,18,49
57,15,30
54,4,35
30,23,47
48,14,38
1,19,34
42,20,42
9,12,1
8,2,6
16,4,49
29,20,48
52,22,45
35,17,41
25,12,42
57,21,44
8,0,0
2,21,52
7,16,3
23,23,59
5,5,18
5,21,17
5,18,17
6,18,35
11,2,34
46,23,46
34,22,47
27,20,46
11,7,36
28,16,41
13,0,12
13,4,47
8,12,47
12,4,45
9,1,31
36,22,46
57,4,30
41,22,46
55,15,33
4,18,58
12,4,38
59,15,29
31,23,49
0,19,25
9,16,56
32,20,42
61,8,24
61,16,29
7,18,54
55,22,45
9,0,23
27,21,54
9,14,55
1,20,50
33,1,32
9,3,34
30,23,53
6,16,32
29,8,39
56,21,45
7,17,13
25,18,50
4,15,27
0,23,18
3,20,57
56,22,45
52,17,38
3,19,19
14,17,54
9,13,45
17,11,51
39,22,45
21,18,52
8,12,7
39,6,37
7,16,33
26,5,40
1,20,58
5,16,33
40,3,33
4,17,48
6,17,60
23,21,59
39,18,40
44,20,42
4,22,44
10,17,15
35,6,35
8,12,32
23,6,41
43,17,41
2,17,27
13,4,39
6,19,52
13,19,59
8,14,33
5,19,56
9,15,35
9,2,33
57,23,44
30,20,42
8,16,15
12,7,38
11,18,60
25,17,43
7,16,49
31,2,33
14,0,13
22,15,48
4,14,29
2,18,10
20,20,59
11,1,33
4,16,47
27,18,44
5,20,41
2,20,13
44,12,38
15,3,48
30,4,34
63,22,38
4,18,63
5,21,52
37,14,39
35,13,39
39,18,41
15,5,50
18,0,39
20,15,49
41,20,43
47,23,46
5,18,52
4,18,35
36,7,37
44,1,35
61,14,25
31,6,37
34,6,35
56,14,31
40,17,40
10,18,62
12,3,44
8,14,50
9,3,12
29,16,42
5,7,18
0,19,31
0,23,41
15,13,53
57,17,31
42,19,41
9,16,60
11,21,60
0,18,29
21,16,49
61,15,26
13,1,14
20,22,61
29,14,41
6,2,31
6,3,18
54,5,36
2,21,42
7,6,6
21,3,42
44,22,47
56,17,32
4,18,3
7,10,48
19,13,52
11,15,42
56,0,26
41,23,44
0,21,15
27,23,49
57,13,29
7,14,8
31,23,53
12,2,33
0,21,20
23,15,45
5,17,46
29,17,42
26,18,48
25,21,57
5,16,32
26,21,48
4,20,55
38,12,38
53,18,39
12,7,51
4,20,37
39,10,38
8,2,31
5,13,25
27,21,46
55,8,34
28,20,48
18,0,42
13,4,36
48,22,46
4,19,58
32,22,47
17,14,51
5,18,6
26,18,46
31,0,32
40,3,32
8,12,48
46,7,38
9,4,12
10,14,58
8,2,1
5,18,3
17,22,62
52,0,32
6,16,33
22,16,49
59,18,34
54,14,33
38,17,40
12,16,59
2,19,48
62,13,24
5,21,39
8,5,10
14,1,35
7,14,31
47,4,38
10,15,12
48,6,38
48,2,38
25,19,50
62,14,24
28,22,54
24,20,54
34,23,49
30,18,43
10,19,61
57,20,38
31,18,41
41,5,37
55,4,33
32,10,39
3,22,55
13,3,45
9,14,16
11,13,44
34,2,33
56,21,44
7,2,20
12,12,55
23,18,52
55,19,41
7,17,17
58,17,33
20,23,62
22,14,44
30,12,39
8,16,56
45,0,33
61,2,23
4,19,7
10,5,13
58,6,30
9,11,50
39,20,44
31,23,47
7,3,3
7,13,47
9,1,10
5,5,20
51,22,45
27,22,57
4,5,20
11,11,44
12,18,61
12,14,40
44,7,38
20,20,58
58,18,34
16,8,52
53,1,32
25,23,59
28,21,49
17,17,55
48,22,45
6,13,8
34,11,39
13,20,61
61,16,26
20,12,44
50,20,44
26,22,56
36,20,44
12,5,38
10,1,17
0,18,27
55,19,38
60,19,33
8,17,59
8,11,47
2,20,22
61,6,25
46,16,39
43,4,37
27,9,41
14,0,43
6,3,30
45,0,32
11,16,60
53,20,41
29,20,46
6,3,21
4,21,56
27,19,44
40,6,36
47,5,38
6,19,53
3,21,58
8,17,15
8,2,33
60,15,29
7,17,14
59,7,28
8,8,5
3,20,47
13,13,54
48,21,45
7,16,45
62,16,26
22,2,40
50,17,40
36,20,45
7,5,4
6,19,6
30,3,34
7,3,0
37,23,46
1,22,56
4,18,56
21,11,44
9,8,50
21,16,53
7,14,1
7,3,1
55,2,34
57,20,40
58,20,39
52,20,42
2,21,60
10,1,32
13,0,36
21,3,43
30,7,39
29,17,43
8,18,43
23,21,57
13,10,53
26,9,41
8,17,40
23,16,47
13,4,50
24,15,42
5,16,22
16,18,57
63,16,25
42,4,35
2,21,51
58,5,28
8,10,0
13,3,40
26,23,56
32,4,34
7,13,1
11,2,14
8,16,53
1,19,60
3,18,35
34,20,45
10,0,9
1,20,23
4,17,62
53,18,41
42,2,34
41,5,36
21,6,46
31,14,40
49,14,38
54,17,37
40,4,34
57,19,36
44,4,37
6,14,31
28,18,43
63,21,36
22,19,52
17,9,51
25,5,41
20,21,59
35,3,32
5,8,19
6,16,58
40,23,46
55,17,35
33,0,31
8,17,16
13,1,37
7,14,5
1,19,2
14,21,63
58,16,30
3,19,20
59,16,31
9,0,30
3,22,56
23,19,53
4,17,26
48,0,33
9,1,33
45,13,39
14,19,62
17,20,56
27,5,39
1,22,50
55,13,30
9,12,3
9,16,14
41,17,40
51,15,38
4,17,49
15,1,16
47,12,38
5,17,56
11,14,42
8,2,19
4,18,36
2,19,14
1,19,24
6,18,2
30,1,34
7,16,58
29,21,50
35,19,44
55,1,31
4,14,28
27,20,47
38,16,39
8,13,3
50,22,45
9,0,9
34,12,39
0,22,51
9,11,0
8,18,40
28,4,39
27,21,52
15,6,52
13,19,62
13,4,41
56,3,32
7,10,7
1,21,53
17,19,57
11,5,45
22,15,47
1,18,0
16,5,50
1,21,38
59,1,23
36,7,38
6,19,39
23,22,56
32,2,33
1,21,22
12,7,36
62,7,24
7,7,8
6,5,19
56,0,27
2,16,28
36,22,48
7,8,16
16,12,53
15,17,58
51,15,37
41,9,38
46,17,39
44,3,36
45,20,42
5,11,27
17,12,52
16,20,57
59,2,26
54,18,37
10,15,15
13,15,56
19,1,42
8,1,30
57,20,39
3,18,45
37,17,40
59,15,27
44,6,38
54,14,32
6,3,31
6,13,29
7,15,6
3,19,18
12,6,39
7,13,32
3,22,45
22,5,43
2,20,45
9,16,44
0,21,14
16,20,59
42,19,42
16,1,45
12,4,48
48,16,40
12,10,41
15,3,47
5,21,16
9,16,58
3,20,3
0,21,58
1,22,54
1,22,42
30,18,42
2,20,16
57,0,24
11,6,35
60,1,22
40,2,31
37,6,35
0,17,31
5,22,41
32,19,42
14,1,42
9,9,46
39,5,34
51,1,35
51,21,45
58,21,41
9,19,63
5,13,23
3,21,57
29,20,44
9,15,54
19,16,51
33,19,44
24,4,41
5,4,21
6,14,4
1,17,26
9,7,46
8,17,13
30,21,49
12,11,43
6,16,46
20,2,43
31,3,34
23,21,56
17,22,57
6,16,11
10,16,42
16,17,56
42,9,38
4,20,53
7,1,25
3,20,54
33,10,38
0,21,60
1,22,57
5,16,9
54,20,41
0,20,5
3,22,53
26,19,50
60,22,40
33,16,40
58,11,28
10,10,45
17,17,56
59,14,27
7,13,9
10,1,10
56,21,42
24,2,40
26,4,39
33,17,42
39,23,46
42,15,39
44,23,45
1,22,58
7,1,30
3,21,16
25,20,49
50,3,38
39,17,40
3,15,27
2,21,7
5,13,26
62,18,28
7,1,27
8,12,0
43,15,39
18,13,52
57,0,25
11,16,43
38,21,45
0,20,48
12,4,42
8,13,48
26,3,40
28,10,41
17,12,49
33,22,49
63,20,32
15,19,60
2,20,9
25,18,47
32,18,42
3,20,17
55,16,33
55,0,27
6,11,28
9,17,42
6,17,2
5,16,46
3,20,4
40,21,45
22,17,50
17,6,49
6,3,26
1,23,45
5,20,37
8,12,17
15,17,57
8,15,56
7,17,36
0,21,10
44,1,33
12,6,36
18,21,60
13,2,36
8,13,9
4,6,23
24,10,42
62,4,23
14,6,50
15,1,43
55,21,46
33,6,34
27,23,59
3,19,6
3,18,59
27,20,51
11,0,10
4,18,7
8,18,60
0,22,60
24,19,51
5,19,63
1,23,57
12,5,49
5,16,8
3,19,61
12,11,40
43,1,31
8,18,14
6,9,18
31,17,41
8,13,2
17,13,49
60,21,36
50,0,33
9,17,38
62,21,36
63,18,27
23,19,55
57,22,44
21,12,45
3,21,56
10,1,11
18,19,59
9,17,44
42,14,38
11,0,16
11,10,51
30,6,39
25,20,48
18,22,58
8,2,0
60,9,25
3,18,48
22,17,51
49,23,47
28,9,41
7,17,50
54,0,31
9,3,13
7,15,48
58,2,27
7,18,40
1,23,43
12,13,36
19,18,51
48,19,42
20,13,46
56,16,31
0,22,20
15,6,51
59,13,27
59,21,38
55,6,34
42,2,32
12,4,44
36,23,49
30,20,44
9,12,12
10,15,58
4,5,21
2,20,3
2,21,54
24,23,59
6,22,43
14,11,53
23,18,43
1,23,10
1,21,47
51,14,38
3,16,31
45,22,46
7,1,21
2,18,45
27,16,41
12,5,50
10,4,14
1,21,37
44,19,43
41,8,38
45,1,35
42,23,45
55,13,32
14,15,55
37,23,49
8,11,7
21,18,51
36,21,44
9,18,57
27,14,41
41,1,30
0,19,46
4,19,60
22,4,42
2,21,15
1,21,62
37,18,42
42,16,39
27,19,46
55,23,46
0,20,12
52,1,36
35,18,42
37,1,31
34,4,33
10,18,60
12,6,54
5,17,58
51,2,37
5,20,15
32,19,45
48,3,38
47,3,37
8,7,10
3,23,40
25,2,40
45,17,41
4,16,31
60,17,29
23,18,51
57,4,31
16,6,51
8,0,21
12,5,35
12,12,43
3,20,15
8,16,59
59,20,37
55,7,35
61,1,22
39,21,44
4,18,60
58,2,28
7,17,34
10,16,13
11,0,9
2,20,62
13,6,53
8,11,49
62,13,25
44,2,37
54,21,45
7,9,16
8,9,49
26,12,41
7,2,0
1,20,49
5,8,18
6,16,6
0,20,23
4,19,16
56,23,47
8,9,16
39,8,37
20,21,60
14,2,47
9,12,16
32,19,44
62,0,22
11,16,37
17,16,53
6,21,43
63,18,30
5,19,51
38,8,38
43,1,33
8,18,38
18,1,44
10,13,52
44,2,36
34,8,38
47,15,39
51,6,38
3,20,5
4,19,63
57,21,42
28,19,48
32,20,46
24,18,43
27,17,43
8,11,16
4,17,10
26,20,53
42,20,43
5,17,2
35,4,33
2,17,25
12,14,56
30,20,41
18,22,63
7,13,17
60,6,25
55,18,35
56,5,31
63,21,35
17,20,61
7,14,49
0,19,7
5,15,31
28,17,43
0,19,34
32,20,45
55,1,32
7,8,8
26,1,37
47,17,41
4,20,39
37,21,46
1,22,38
61,17,27
55,16,32
54,0,30
2,20,4
46,22,46
7,17,59
10,7,13
6,18,59
4,19,45
55,19,39
13,14,55
17,22,58
11,10,36
1,18,25
6,17,50
19,23,60
12,5,41
37,3,33
28,23,54
30,11,40
13,4,38
7,14,0
6,13,30
57,14,30
41,3,32
6,14,47
49,5,38
4,20,52
33,20,44
7,3,7
27,19,45
2,23,9
6,17,35
37,10,38
15,7,52
13,3,47
15,21,63
45,4,37
4,18,34
49,15,38
29,23,56
48,5,38
4,17,6
10,17,58
5,14,21
52,0,31
1,22,18
7,13,0
60,9,26
23,16,48
8,16,51
23,16,49
22,20,56
12,0,15
59,19,34
7,15,5
47,19,42
8,15,6
12,3,36
2,20,12
39,19,41
50,15,38
18,12,51
8,15,57
2,21,14
8,18,53
24,13,42
2,18,47
4,21,59
11,13,55
43,11,38
3,17,22
23,8,43
27,19,47
5,15,9
22,6,44
37,17,39
22,15,42
1,20,38
34,22,45
11,6,36
11,4,47
53,1,33
4,18,59
25,21,55
28,20,51
28,20,46
12,0,17
10,2,33
43,9,38
24,21,58
30,23,51
11,6,48
61,13,25
23,16,43
24,22,59
6,18,14
12,11,53
44,3,37
2,20,60
3,20,36
12,10,38
9,17,14
5,14,31
6,19,41
59,2,25
3,19,21
3,17,8
4,4,28
57,6,31
47,20,44
16,0,44
1,21,49
2,21,47
20,22,58
19,17,54
7,16,2
22,21,59
26,23,59
1,21,13
21,14,46
31,21,47
37,21,45
19,1,41
48,23,46
59,21,36
50,19,41
8,3,5
46,17,41
19,19,57
0,21,57
32,3,34
26,2,39
28,16,42
5,7,19
21,17,52
39,20,43
8,16,49
7,18,14
11,9,54
30,2,33
13,20,60
3,19,24
2,22,41
60,12,25
10,2,16
21,2,42
37,7,36
14,3,46
9,3,16
38,2,31
22,11,43
5,12,47
7,6,17
7,17,46
8,2,11
14,18,60
16,2,47
7,15,33
50,23,47
4,16,25
8,13,4
8,15,58
2,18,46
25,2,38
47,19,43
30,3,36
17,12,50
51,16,37
10,2,34
30,13,39
7,2,19
42,2,31
48,2,36
33,3,33
5,16,34
39,0,31
8,14,16
18,0,41
3,18,5
25,22,59
2,19,6
9,16,53
31,20,42
0,21,37
10,14,35
6,21,42
1,21,61
5,3,26
48,1,36
61,18,32
5,19,6
3,20,16
57,0,28
1,20,10
55,2,31
19,0,40
0,17,32
1,20,34
41,19,42
3,17,48
4,17,63
26,8,41
21,20,59
6,4,19
10,16,14
5,14,48
53,22,44
45,15,39
7,4,6
2,19,56
53,19,40
8,5,0
8,15,32
8,14,11
61,14,26
1,19,5
2,16,26
5,17,0
5,20,38
13,0,13
6,18,47
3,18,49
24,1,38
21,19,56
29,7,39
27,21,55
41,17,41
29,2,38
4,17,25
31,20,46
5,14,20
53,13,34
54,19,39
61,13,26
23,11,42
37,12,38
40,8,37
6,20,43
50,18,40
45,22,45
41,4,35
0,18,32
29,16,41
22,18,55
2,18,34
14,8,54
53,16,35
37,13,39
8,13,5
5,19,54
25,18,48
4,19,53
9,15,56
19,18,56
26,19,48
40,15,39
0,22,55
15,21,62
3,19,9
36,23,48
45,0,34
45,1,34
11,5,47
10,2,11
7,2,23
63,3,23
54,3,34
44,11,38
12,20,60
22,17,54
5,18,35
6,18,60
9,17,59
6,17,52
19,23,62
62,19,32
27,2,39
20,2,42
25,21,48
23,8,42
12,0,33
2,21,40
20,16,52
7,17,60
54,6,36
3,18,47
4,7,21
7,1,23
55,14,31
4,19,43
53,3,37
7,18,59
12,6,37
28,23,57
60,16,30
57,21,39
58,20,38
12,3,45
53,17,37
48,18,41
8,20,38
4,14,47
3,19,59
11,11,55
35,2,32
28,2,37
10,16,41
27,22,49
35,7,37
52,20,43
11,5,48
0,18,1
31,19,42
6,21,60
0,19,47
63,17,26
43,22,45
46,12,38
10,17,14
10,16,38
21,3,44
19,19,58
50,5,38
59,16,28
6,13,10
3,22,60
41,16,40
1,20,45
5,14,47
37,4,34
12,7,50
62,23,40
57,5,31
56,23,45
17,7,51
59,6,28
6,7,8
31,15,40
31,10,39
10,7,51
10,2,12
40,5,35
40,4,33
24,18,50
58,19,35
37,23,48
5,16,26
13,2,46
39,9,38
6,2,25
10,16,59
7,2,7
10,12,51
5,16,12
39,11,38
7,13,3
10,16,58
4,19,19
58,2,29
33,21,46
17,0,42
42,3,34
12,15,37
5,16,3
53,23,45
8,1,4
53,1,35
4,18,2
7,16,55
22,3,40
44,23,46
39,6,36
5,18,57
28,2,38
1,22,41
44,16,39
59,19,35
3,20,37
5,18,58
10,16,45
6,21,53
28,5,39
57,2,31
52,16,38
16,3,47
6,17,18
63,23,38
63,14,25
57,1,30
62,1,21
8,3,11
11,13,37
8,11,46
8,5,17
19,12,47
22,15,46
8,17,38
6,16,4
26,21,55
58,23,42
5,16,0
6,2,21
9,13,17
18,12,52
44,21,45
22,17,49
1,20,11
8,4,10
5,16,58
6,9,17
5,21,59
17,21,57
21,18,55
27,21,50
4,18,4
3,20,7
12,12,54
10,13,53
4,19,62
5,3,25
20,5,47
9,0,7
56,1,28
9,0,31
57,23,45
5,5,21
19,21,58
8,0,28
0,20,47
28,17,42
14,6,51
13,3,37
57,7,31
19,6,48
33,18,41
23,22,60
52,17,39
7,15,0
11,18,62
34,21,46
11,1,14
0,21,63
51,5,38
7,2,18
45,2,36
4,19,44
4,20,16
0,23,14
8,19,39
5,18,16
12,5,42
2,20,51
50,17,39
11,14,57
1,18,8
6,16,48
46,23,47
42,22,45
26,22,57
6,18,36
5,18,1
22,18,51
10,1,33
6,20,52
12,5,46
43,5,37
2,21,50
0,20,6
11,11,45
12,4,47
57,20,36
24,16,42
18,17,55
21,23,62
5,13,20
39,1,31
16,20,61
18,13,51
3,18,11
5,12,21
35,19,41
1,21,42
56,2,30
23,13,42
40,15,38
19,2,44
49,12,37
12,20,61
16,21,63
10,15,59
4,20,9
22,21,60
17,22,63
36,17,40
33,21,47
18,5,48
48,20,44
29,6,38
9,0,32
30,23,49
17,21,62
4,20,61
58,3,28
7,17,56
9,6,15
5,18,55
13,5,50
56,19,39
61,3,24
34,5,34
57,18,33
8,17,45
2,20,53
25,18,46
10,14,44
61,12,25
7,2,32
0,23,60
12,3,38
1,16,27
3,19,3
10,10,50
27,13,41
4,6,22
8,1,28
47,18,41
26,13,41
11,2,33
12,16,58
8,20,63
9,14,34
1,21,52
60,5,25
0,22,15
31,23,54
7,9,6
1,21,58
8,8,4
4,19,13
53,7,37
10,0,18
6,18,56
10,7,49
2,17,47
24,16,48
4,17,21
30,23,52
19,3,46
60,16,28
28,19,47
51,16,38
18,2,44
5,16,4
50,21,45
61,17,30
30,22,49
10,11,14
7,11,8
59,12,26
4,18,62
6,16,7
1,20,47
4,14,31
13,3,44
28,1,36
3,21,7
5,3,20
26,20,48
8,2,3
1,19,10
42,13,38
16,1,44
9,16,17
13,4,43
11,13,35
2,20,52
42,3,35
2,20,58
57,3,31
7,16,6
5,16,6
8,0,1
22,3,42
12,18,59
23,23,55
27,20,48
4,19,57
8,14,4
25,22,51
13,17,59
14,0,32
0,22,58
25,4,40
15,0,17
34,1,32
52,23,46
43,1,32
4,18,19
20,1,43
2,21,39
7,19,14
32,21,47
0,19,33
8,16,52
4,14,30
55,0,29
6,12,28
63,19,29
23,15,46
24,12,42
26,20,49
7,16,34
3,20,60
56,16,30
8,15,12
3,17,20
58,6,29
31,18,43
17,23,63
58,4,28
62,3,23
61,23,41
4,17,61
4,18,48
57,6,30
33,23,51
27,12,41
27,22,47
51,13,38
31,23,46
4,18,45
3,17,0
45,23,47
13,1,41
10,9,45
2,21,57
9,10,0
22,6,45
4,17,22
19,18,54
46,18,42
6,16,49
4,5,24
8,14,46
5,12,20
12,14,57
60,23,43
1,22,61
6,18,52
2,19,35
0,23,54
60,21,38
54,13,32
23,21,55
49,21,44
45,21,46
10,0,5
20,1,42
56,17,33
4,18,17
51,2,38
13,13,39
13,11,41
18,21,59
33,19,42
15,20,60
19,1,44
35,16,40
48,23,47
9,7,47
35,20,43
5,12,24
3,20,44
8,19,42
35,0,31
12,14,41
6,19,44
13,13,37
26,14,41
6,16,17
21,5,44
50,19,43
4,17,58
10,5,34
10,11,45
9,15,16
5,13,28
14,0,14
3,18,23
11,7,45
7,13,48
1,19,23
13,0,14
37,22,47
29,11,40
49,1,35
37,0,31
3,19,22
2,21,38
4,19,5
26,20,51
13,1,33
18,15,48
27,4,39
24,19,53
10,2,13
41,1,31
4,22,43
22,16,50
38,14,39
39,0,30
11,8,36
3,16,27
12,14,38
19,15,49
24,4,40
1,23,41
18,14,52
60,19,34
32,23,49
5,22,58
39,7,37
6,14,10
9,17,37
32,23,50
62,15,25
16,16,53
2,19,50
11,13,36
26,17,43
11,6,52
15,17,55
8,19,40
19,17,51
47,17,40
5,13,21
8,1,6
56,20,43
13,4,34
29,19,43
54,2,32
57,13,28
6,20,38
63,23,37
34,3,34
34,16,39
43,22,46
11,13,54
55,23,45
34,1,31
7,18,53
57,12,29
28,19,45
7,17,43
14,1,34
5,4,24
49,4,38
10,16,60
46,22,47
2,20,21
8,2,2
9,0,29
18,21,61
59,21,37
8,1,10
41,3,33
9,16,35
10,5,47
8,18,37
28,4,38
1,22,52
38,13,39
27,9,40
4,16,7
16,20,62
2,22,38
7,5,17
14,7,53
52,13,36
29,8,40
2,22,42
1,18,34
8,16,57
14,0,12
60,23,41
6,17,57
6,15,19
9,0,6
21,21,58
33,14,40
63,14,24
36,22,47
42,16,40
7,17,16
48,19,43
33,18,42
11,5,46
24,17,45
5,18,44
25,21,58
4,16,24
19,13,47
0,19,9
27,23,58
9,10,50
20,23,63
36,6,36
29,13,40
22,23,60
4,20,18
61,4,24
24,9,42
14,12,53
10,15,44
17,3,47
32,11,39
1,19,12
6,14,32
14,4,49
2,19,2
26,19,51
50,0,35
62,21,35
40,22,45
19,1,43
0,21,23
6,14,20
7,18,45
5,23,40
20,2,45
0,19,2
61,10,25
7,3,2
8,14,49
24,17,50
29,20,49
49,17,41
3,20,8
23,23,60
36,15,39
24,11,42
56,20,44
9,3,17
1,22,62
58,18,33
12,11,44
8,20,41
5,18,61
4,18,55
27,15,41
8,17,41
3,22,43
8,1,3
13,12,42
21,19,57
9,10,15
2,20,7
3,14,29
23,5,40
32,22,48
5,16,2
61,6,23
5,13,22
27,22,54
61,21,37
14,0,33
4,6,21
5,19,17
6,14,30
3,18,13
10,15,53
0,21,46
20,23,61
9,19,61
16,22,63
10,13,35
9,13,51
1,21,43
27,16,42
8,6,16
12,3,34
9,19,62
1,20,37
0,22,39
2,18,24
5,13,24
5,20,59
3,17,46
2,18,9
3,20,51
29,23,53
60,17,31
2,22,40
6,19,62
7,2,2
12,12,39
13,1,43
37,19,41
60,17,30
8,7,16
30,14,41
22,5,40
23,17,47
5,15,48
7,11,7
12,8,38
25,10,42
7,5,10
60,2,23
51,23,47
59,21,39
35,23,48
21,17,54
52,18,40
7,16,17
10,6,48
3,17,47
9,2,17
59,3,26
24,20,53
1,19,11
0,22,40
8,13,46
0,17,1
0,21,45
37,5,34
14,8,53
8,17,56
1,23,51
36,8,37
2,21,58
8,5,5
5,17,6
0,21,59
11,17,60
39,14,38
1,21,7
50,16,39
20,16,49
58,14,30
55,18,37
6,3,19
25,22,58
43,2,36
37,5,35
57,21,41
59,8,27
0,19,6
6,2,23
9,0,27
9,15,12
20,11,44
33,2,32
9,19,38
5,12,25
35,21,45
9,14,57
7,3,6
6,15,47
14,9,53
30,18,44
13,2,35
5,18,18
20,15,53
6,12,30
56,2,31
8,14,1
28,21,48
22,17,52
34,23,48
11,13,53
56,5,32
0,22,63
27,22,55
13,8,54
8,17,60
8,0,23
32,18,41
11,1,32
43,20,44
59,2,24
12,0,32
29,23,55
46,13,38
28,20,47
8,15,11
18,19,58
58,20,37
2,16,30
4,17,0
35,23,49
1,21,51
59,2,23
12,6,40
27,21,48
54,20,42
1,22,55
54,19,41
56,21,43
26,20,50
22,13,45
8,5,2
9,2,32
56,19,37
17,6,50
8,19,63
26,18,45
60,19,35
4,19,56
60,20,36
46,20,44
6,16,47
8,4,11
7,4,1
0,20,60
13,3,41
32,0,32
5,17,4
42,1,31
3,20,39
9,6,47
11,20,60
40,6,35
41,4,36
6,17,45
5,17,63
0,23,40
13,0,15
4,16,27
23,20,56
5,21,43
36,5,35
0,20,24
19,15,52
54,17,35
4,16,8
31,23,51
17,14,53
45,20,44
7,17,55
5,12,29
20,18,56
1,22,44
24,18,51
30,23,55
6,15,4
58,21,39
35,22,47
52,0,34
54,17,38
16,19,57
11,4,46
35,0,30
2,19,57
2,22,58
2,21,53
6,14,8
21,1,39
27,1,38
22,3,43
57,19,35
14,1,43
20,0,41
4,18,1
52,15,35
2,22,45
8,0,3
22,16,48
1,21,55
13,12,53
2,16,31
30,17,42
55,17,36
3,21,60
61,18,30
24,17,43
55,18,39
5,18,51
12,5,34
15,0,16
5,6,19
18,15,51
59,4,25
22,5,41
60,3,25
37,2,32
19,16,50
58,22,40
15,2,45
32,16,40
51,20,42
13,15,55
20,17,51
35,22,48
43,20,43
48,21,44
47,13,38
10,0,20
1,22,39
23,6,44
7,16,19
1,23,63
12,16,56
54,5,35
60,22,37
4,20,42
2,18,11
6,3,27
5,15,22
19,17,50
4,4,26
59,19,33
28,20,49
62,23,38
1,21,59
49,16,39
29,1,33
17,18,56
6,3,24
52,19,41
2,23,42
21,5,45
48,15,39
3,21,41
11,20,63
50,23,46
6,11,47
2,20,19
1,22,59
39,23,47
11,1,17
5,21,41
51,18,40
43,21,45
8,19,38
17,0,43
24,16,45
9,13,16
11,2,15
1,21,6
13,4,40
3,20,56
55,23,47
5,16,19
3,18,22
4,16,48
59,15,31
20,12,46
10,15,45
31,13,39
6,6,18
46,20,43
63,5,23
3,21,50
55,7,34
62,5,23
5,18,53
21,22,61
10,17,36
3,18,50
33,11,39
12,4,36
9,18,62
49,2,38
7,5,8
10,7,46
1,22,17
31,16,41
14,2,45
62,20,35
2,20,6
6,8,8
20,13,47
26,0,38
17,13,52
1,17,33
2,17,33
27,6,40
2,20,57
4,17,18
8,12,5
17,18,55
8,14,32
17,7,50
17,14,52
40,11,38
58,0,25
5,3,27
48,17,41
2,19,8
11,15,36
26,15,42
38,22,46
7,17,58
44,22,46
38,7,36
50,19,42
12,2,44
5,16,24
53,16,34
41,21,44
2,20,49
10,14,55
23,0,37
57,17,32
35,8,38
55,4,35
14,19,60
1,17,1
9,1,8
56,22,44
5,14,23
5,16,49
11,8,44
34,13,39
17,4,48
63,1,21
6,20,41
27,18,47
4,19,59
27,21,47
60,16,29
6,15,48
50,12,37
8,15,34
57,17,33
38,6,36
2,19,37
1,19,61
10,3,34
13,0,11
3,19,52
17,8,52
17,18,57
4,20,8
55,16,34
2,15,28
3,16,47
18,20,57
2,19,47
32,19,43
28,7,40
1,22,15
30,22,52
5,17,13
53,2,36
60,2,24
2,21,43
4,15,32
18,6,49
25,22,57
4,17,60
13,3,35
51,18,41
11,16,40
60,6,24
8,4,5
45,18,42
20,16,51
16,7,52
5,14,25
37,16,39
5,16,27
6,17,7
7,12,30
0,20,30
63,19,30
17,21,58
36,10,38
5,14,30
9,16,34
10,13,51
61,20,36
10,0,7
20,5,46
17,5,49
58,20,36
14,13,54
7,19,50
9,7,15
5,18,50
14,0,41
1,22,60
35,16,39
51,0,32
29,21,49
53,23,46
20,2,44
2,19,22
47,23,47
55,17,33
54,13,33
56,18,37
22,20,57
11,9,53
9,2,16
62,8,24
4,6,19
5,3,29
29,22,49
31,11,39
1,20,51
31,9,39
40,14,38
5,20,58
2,22,16
11,2,16
6,14,48
3,18,1
34,18,43
9,18,60
30,22,51
7,17,54
56,21,40
19,19,56
59,20,36
49,23,46
62,18,31
16,18,55
10,14,14
17,11,52
6,16,60
3,21,9
3,19,45
10,13,57
17,9,52
17,20,60
28,21,50
49,18,41
3,15,29
11,0,18
15,0,42
3,18,9
41,23,47
10,14,57
2,16,32
3,20,14
10,5,48
63,17,27
22,13,44
19,14,48
40,16,39
9,11,16
6,17,14
14,7,54
7,2,29
5,18,14
3,20,52
8,2,32
7,16,53
12,21,61
37,8,37
9,9,16
59,5,25
3,18,10
14,2,44
8,12,49
5,17,12
3,18,20
21,21,55
43,14,39
3,17,25
38,7,37
61,6,24
5,21,58
62,16,24
20,17,53
59,5,26
59,22,38
25,21,52
20,4,47
2,15,30
35,5,35
7,2,31
3,19,46
52,2,37
22,5,44
57,16,30
26,5,41
7,13,46
7,17,2
11,1,15
62,10,25
58,3,30
7,11,9
35,8,37
13,4,42
47,18,42
46,13,39
1,18,2
6,17,47
40,1,30
52,19,42
22,14,47
37,21,44
9,11,2
12,13,56
17,2,46
26,22,55
41,13,38
13,2,40
55,17,34
44,23,47
9,14,56
1,17,30
18,1,43
62,17,26
7,15,7
11,16,39
12,5,36
10,12,15
12,2,36
0,21,5
6,19,60
42,6,37
9,18,39
1,19,48
42,17,40
47,1,35
1,23,50
31,22,50
31,4,35
43,16,40
51,19,42
21,16,50
45,16,39
29,6,39
8,4,17
38,0,30
30,6,38
19,14,52
1,20,61
50,18,42
14,17,56
4,7,19
17,22,61
62,18,33
45,2,35
53,0,30
18,15,53
12,2,37
55,18,38
31,22,51
20,3,45
3,21,39
52,16,36
5,17,10
26,16,42
32,17,41
25,5,40
10,20,63
55,7,33
5,19,53
1,21,56
23,1,39
34,19,44
4,19,17
28,18,44
18,13,47
27,10,41
27,6,41
11,15,38
11,7,43
34,16,40
25,23,57
13,1,13
7,20,53
1,21,45
54,22,45
7,19,40
29,22,52
1,16,30
7,19,39
12,13,40
0,18,26
17,21,61
16,15,53
8,15,17
7,19,13
6,2,22
41,2,30
2,21,6
10,15,13
17,12,51
20,17,50
33,19,43
12,10,54
60,18,33
9,0,20
26,10,41
3,21,4
39,1,30
62,12,24
29,21,52
8,14,6
10,17,61
13,1,36
3,21,55
5,20,52
56,12,29
0,19,45
7,16,12
5,21,60
9,16,43
24,22,57
9,16,12
59,7,26
30,19,42
22,18,52
22,14,45
62,20,34
12,14,39
33,20,42
30,4,35
30,14,40
9,10,46
43,0,33
25,18,51
41,22,45
7,16,57
0,20,9
28,19,44
6,2,27
44,13,38
60,13,25
26,17,44
5,15,26
33,9,38
7,14,10
8,1,32
38,4,34
23,15,43
45,21,43
4,18,18
45,3,38
18,15,50
7,18,13
3,20,55
1,17,28
24,5,41
24,23,60
4,22,55
62,9,24
27,17,42
30,7,38
11,8,35
13,1,15
7,18,43
41,15,39
1,20,62
53,0,32
6,18,54
8,13,33
52,1,34
1,22,53
3,18,7
44,20,43
6,16,19
4,19,54
5,17,57
7,17,53
12,4,34
15,2,47
9,16,57
62,18,27
58,14,28
56,6,32
28,21,46
30,4,36
9,16,13
23,1,38
27,21,49
30,17,43
18,15,49
11,7,44
4,19,50
8,0,4
10,8,14
4,18,22
10,9,51
28,5,38
9,12,5
15,8,52
11,5,49
38,22,45
20,17,54
12,5,52
25,21,49
22,19,55
11,18,61
0,20,37
29,17,41
28,21,53
41,7,38
30,15,40
56,7,33
38,19,41
31,22,46
5,3,23
58,3,29
40,22,46
1,20,59
5,20,39
2,23,41
14,2,46
29,19,45
33,22,48
8,12,33
8,16,16
20,4,45
0,21,43
28,21,52
18,14,51
28,20,50
60,17,32
15,18,54
43,2,34
21,12,44
1,23,42
57,19,37
6,3,23
5,16,1
5,20,60
44,9,38
11,3,34
23,18,48
14,16,55
56,15,32
18,6,48
7,2,28
36,1,32
9,13,12
38,18,41
7,17,45
9,16,55
56,0,28
17,17,54
2,20,56
20,3,46
35,4,34
32,9,38
58,1,25
21,15,48
4,21,42
2,21,55
54,23,45
48,0,35
31,0,33
35,22,43
0,18,34
6,20,63
8,11,4
11,19,61
17,16,51
9,1,7
46,14,38
4,22,54
6,8,17
7,12,32
41,23,45
4,20,58
8,13,1
60,16,31
45,21,44
54,0,29
3,19,4
57,22,43
38,20,44
14,17,57
26,6,41
15,16,54
54,17,39
25,16,42
56,22,46
9,0,24
10,3,14
1,20,35
56,3,31
12,4,43
39,16,38
2,18,33
42,3,32
8,8,3
32,12,39
46,1,35
5,19,60
18,4,47
24,21,57
26,16,43
3,19,63
4,17,59
55,21,45
16,6,50
30,16,40
34,7,36
51,0,35
13,17,57
53,2,37
9,7,11
15,11,52
22,17,53
12,13,41
36,13,38
8,0,29
27,8,40
3,19,15
36,8,38
3,20,38
0,22,14
3,17,9
6,12,47
51,12,37
3,18,61
31,8,38
10,17,40
3,16,46
13,20,62
55,2,32
40,20,44
23,15,44
34,21,45
58,6,28
35,22,46
9,2,34
1,19,35
6,18,45
19,21,59
12,19,62
44,0,33
6,15,3
10,13,45
20,12,45
7,18,36
15,4,49
4,17,24
5,19,15
44,2,35
43,23,45
35,9,39
11,2,12
23,20,58
30,2,37
18,3,47
8,11,48
0,22,44
35,11,39
8,9,48
12,6,35
34,22,48
0,17,28
22,18,50
55,6,35
18,16,54
7,8,5
1,19,7
2,20,23
35,19,42
44,6,37
51,1,36
51,3,37
63,19,33
4,17,2
32,8,37
3,15,31
23,16,44
9,4,16
0,22,13
60,21,37
21,17,53
30,12,40
21,14,48
8,12,2
3,18,34
7,2,25
35,3,33
27,4,40
19,0,41
56,18,38
7,20,52
8,11,0
53,0,31
30,22,53
7,17,15
53,5,37
58,4,29
4,18,21
44,0,34
52,4,37
30,20,47
5,18,45
62,16,25
8,7,3
13,1,11
22,18,54
0,20,46
13,19,61
21,1,42
4,15,47
10,11,52
3,20,61
4,20,60
1,20,3
21,0,40
11,13,56
4,17,1
4,17,20
3,17,24
15,20,59
30,0,32
41,18,41
31,21,46
7,14,32
60,14,27
62,17,31
0,21,50
61,19,34
42,12,38
28,13,41
1,21,9
37,20,43
61,22,37
10,6,49
2,19,46
13,0,38
28,22,49
6,17,36
13,12,43
1,22,7
56,13,29
19,17,52
9,8,15
5,4,19
11,15,58
7,5,3
6,18,3
34,2,32
62,18,30
8,15,5
38,23,47
8,17,50
53,16,38
2,22,53
9,1,9
19,15,48
33,17,41
47,16,39
7,13,10
3,22,54
52,21,44
51,13,37
12,17,58
35,10,39
14,0,15
47,1,36
7,6,7
10,15,54
14,14,54
17,15,53
8,2,17
23,14,42
1,23,44
13,2,41
7,2,24
24,6,41
1,19,46
41,4,34
9,16,45
7,3,9
51,21,44
56,19,38
31,19,45
61,20,34
27,19,48
28,9,40
3,19,34
9,17,43
58,21,40
11,16,58
7,4,18
10,7,47
12,2,14
46,6,38
41,23,46
30,23,54
1,19,6
17,16,49
9,11,4
4,13,30
18,21,58
9,14,51
8,12,11
7,19,37
28,11,40
12,21,63
8,3,10
54,19,40
28,23,56
30,3,35
29,2,36
37,6,36
1,17,27
9,14,15
52,8,38
10,0,30
4,6,20
4,7,20
31,2,34
5,4,26
5,18,54
3,19,58
44,16,40
30,20,45
57,19,34
9,13,15
20,17,52
53,16,36
3,21,42
52,21,43
21,2,43
8,15,50
25,23,58
40,9,38
9,15,58
51,14,37
19,5,48
16,13,52
27,20,52
5,4,25
30,19,44
24,16,44
1,20,48
11,10,54
11,12,36
0,23,63
63,0,20
32,5,35
37,7,37
30,13,40
35,21,47
9,18,38
3,17,23
9,14,35
60,8,26
32,23,52
62,21,37
13,16,56
0,19,30
7,15,46
5,18,46
0,22,18
16,19,58
8,1,24
39,17,41
48,17,39
52,7,37
2,20,55
58,4,30
9,9,50
51,0,34
55,20,41
1,23,9
19,16,53
0,18,25
15,16,53
13,12,54
45,14,39
6,13,47
8,13,32
7,12,48
12,1,12
15,18,55
6,20,53
11,20,61
5,19,45
2,20,44
63,19,31
1,16,31
6,8,18
53,11,36
31,22,49
0,20,22
26,3,39
7,14,4
26,21,49
36,16,40
0,17,0
6,16,5
0,23,43
5,18,37
30,5,37
47,0,33
8,15,1
2,17,46
49,20,43
11,4,34
55,0,30
10,2,17
53,5,36
4,19,38
3,20,45
13,0,32
6,16,20
15,4,48
54,21,43
63,19,28
39,3,33
55,15,32
13,6,54
8,19,61
0,23,55
13,2,38
13,18,60
11,0,19
27,8,41
6,17,53
33,17,39
1,21,15
56,18,35
31,5,36
29,3,37
23,20,54
6,18,16
27,21,53
50,13,37
12,15,57
5,3,24
32,6,35
56,18,34
41,22,44
25,19,48
55,19,40
5,17,19
1,23,40
6,20,42
10,6,46
0,21,18
41,11,38
0,19,4
30,8,39
13,1,34
63,13,24
6,15,11
42,6,38
32,13,39
22,22,60
8,1,8
2,19,20
37,3,32
5,19,52
33,23,49
39,22,46
7,15,18
39,2,31
10,17,60
14,19,61
15,1,44
57,18,35
30,17,41
9,1,20
23,4,40
7,5,18
9,16,50
15,7,53
61,22,39
55,6,33
5,20,17
25,20,51
11,5,34
15,20,63
8,8,16
11,19,62
12,6,51
10,16,40
14,6,52
60,13,26
2,19,11
46,2,36
3,22,41
42,1,32
10,3,13
5,19,43
43,14,38
24,0,38
53,17,40
49,16,38
20,19,56
4,16,21
23,6,42
55,1,29
34,11,38
9,2,11
23,22,57
27,20,53
26,20,54
9,1,11
13,6,50
7,19,53
13,18,59
60,18,32
7,16,11
5,18,62
3,19,17
6,7,18
1,22,43
7,2,10
3,18,36
12,6,43
9,16,54
11,1,11
54,23,46
13,5,35
36,11,38
5,17,34
34,9,38
12,2,38
58,15,30
29,21,47
3,19,60
12,10,53
1,17,0
19,4,46
42,22,44
27,18,43
56,2,32
49,3,38
11,6,53
30,9,39
7,6,9
10,19,62
7,20,63
4,19,36
6,18,55
42,18,41
25,20,52
27,19,49
12,3,46
8,10,11
32,5,36
31,6,38
50,2,37
22,13,42
13,0,40
11,15,40
5,12,23
9,12,45
25,11,42
2,19,45
7,13,49
23,6,43
3,18,3
10,12,52
4,19,2
5,16,20
3,19,50
49,17,40
3,19,44
8,17,36
9,17,57
6,19,38
2,17,26
8,18,62
11,14,39
9,17,53
58,23,43
11,10,53
47,22,45
46,3,38
17,19,56
10,6,35
8,8,11
50,20,42
8,19,41
52,16,37
10,17,39
49,0,34
51,20,44
56,16,32
4,19,51
49,22,46
16,20,60
52,17,40
25,20,53
62,22,36
4,18,11
9,16,42
54,14,34
57,22,41
55,3,35
9,12,33
32,6,36
2,20,15
2,20,17
53,20,43
5,20,40
62,6,24
32,7,37
55,0,28
12,13,55
8,6,17
6,19,15
6,2,30
13,11,40
29,4,38
9,13,50
25,1,38
25,2,39
8,17,43
59,1,24
7,12,7
40,1,31
8,4,3
0,23,56
4,21,41
25,12,41
58,17,32
53,20,42
20,21,58
7,17,35
35,1,31
17,15,51
21,22,60
12,6,41
6,18,6
15,22,63
3,21,49
13,3,39
4,15,46
3,16,32
0,21,55
8,19,62
62,17,28
44,21,44
61,19,33
11,16,41
52,15,37
2,16,27
3,21,44
5,17,59
8,0,26
20,6,47
3,20,46
22,14,43
37,20,42
18,1,42
27,22,53
1,17,25
47,16,40
42,7,37
24,19,52
11,6,43
56,20,41
33,6,36
24,20,56
8,13,50
4,17,7
49,22,45
5,20,42
11,15,41
57,20,37
53,13,35
12,13,39
22,2,41
8,17,37
7,16,59
18,18,57
10,0,10
57,14,31
9,17,41
23,14,43
18,17,54
7,19,43
4,18,0
56,14,30
36,23,47
25,21,54
0,22,59
16,22,62
4,4,27
29,9,40
3,17,32
5,3,21
12,20,62
58,9,28
33,4,34
33,12,39
8,18,52
5,12,26
8,15,7
10,14,52
15,16,56
13,4,35
3,18,46
15,18,57
22,13,43
19,13,46
57,3,30
43,8,38
0,20,35
10,7,50
28,8,40
59,15,28
42,3,33
34,3,33
3,21,46
17,19,58
53,1,34
10,0,6
7,18,55
0,21,49
3,19,23
44,15,39
7,5,9
40,13,38
1,16,29
6,18,44
1,19,4
37,8,38
18,22,59
23,2,40
31,1,33
19,0,42
62,19,31
10,15,14
25,23,60
59,7,27
0,21,48
10,14,53
6,15,32
56,23,46
4,16,26
8,17,35
6,18,53
57,21,43
38,2,32
7,5,5
61,0,22
16,16,55
51,5,37
59,2,28
7,15,2
44,22,44
34,20,43
62,22,38
11,8,45
8,2,4
52,23,45
21,18,54
42,23,46
52,6,37
12,5,37
17,3,46
7,17,47
58,1,24
17,1,45
14,0,34
3,19,7
21,13,43
26,13,42
3,20,49
7,17,3
7,18,15
4,21,39
18,0,38
19,21,60
24,20,57
54,17,40
12,5,48
43,23,46
36,19,43
2,19,60
35,18,41
21,0,39
7,16,7
9,0,26
8,5,9
7,13,30
22,23,61
14,3,48
52,12,37
5,17,20
36,7,36
23,19,54
8,15,46
54,21,44
1,20,36
0,18,0
16,17,55
57,22,42
12,12,36
7,16,50
3,21,45
29,1,34
2,18,6
10,17,37
13,1,42
2,19,63
21,15,49
35,17,40
10,6,45
20,6,46
8,1,2
23,0,39
2,20,50
3,17,34
15,1,45
3,18,4
9,8,46
59,6,27
36,20,43
50,20,43
24,17,47
9,15,51
54,16,34
43,21,44
57,22,45
51,4,38
29,22,53
4,6,24
33,0,32
4,16,22
10,15,35
21,11,43
61,9,25
9,1,6
5,16,48
19,3,45
32,7,38
6,13,7
6,16,34
40,6,37
54,17,36
8,16,13
3,19,5
33,7,37
44,18,41
61,23,40
29,22,54
38,3,32
22,4,43
58,20,35
6,18,46
12,13,37
54,13,34
7,15,3
58,21,38
11,17,58
26,21,54
5,18,60
58,5,29
6,16,3
22,20,58
13,12,38
12,16,38
5,12,27
31,19,43
11,12,45
4,5,22
10,16,15
59,8,26
11,11,53
33,20,46
0,23,19
7,5,7
47,19,41
47,17,39
30,4,37
14,18,59
23,16,42
0,22,21
59,16,29
1,21,20
5,16,60
7,13,7
23,17,50
56,20,39
46,19,43
8,8,49
61,2,24
60,17,28
8,7,11
44,20,44
10,18,61
8,0,24
3,20,62
7,9,17
3,19,12
35,17,39
26,21,56
17,20,58
32,1,33
0,22,53
5,14,24
3,20,50
1,20,12
8,18,42
30,16,41
21,20,56
9,6,48
7,18,38
63,17,25
20,21,57
7,18,62
6,19,63
29,23,54
11,7,35
10,1,12
18,2,46
30,22,50
2,21,44
1,17,29
7,14,2
15,17,56
42,4,36
3,21,53
7,11,17
6,3,20
4,19,37
56,17,34
55,18,36
1,18,45
48,1,35
47,14,38
45,19,43
8,17,14
27,5,40
23,19,56
7,16,1
12,13,54
62,22,37
12,11,55
31,3,36
1,20,18
5,20,44
40,5,36
32,5,34
50,6,38
1,22,16
61,16,27
16,2,45
19,16,52
43,18,41
8,13,0
9,16,59
13,2,43
52,22,46
4,21,54
12,1,16
4,19,14
43,0,32
57,14,29
2,19,3
21,2,41
51,17,39
13,1,35
6,2,20
7,13,4
4,17,45
42,7,38
24,18,52
41,20,44
6,17,17
13,0,33
12,13,44
16,18,58
8,13,11
46,18,41
3,18,60
9,7,48
56,0,29
7,8,6
3,18,12
18,16,49
2,23,40
14,0,11
53,17,39
24,21,56
42,17,41
59,1,22
9,14,52
7,17,12
47,6,38
63,22,37
13,4,49
10,1,16
8,12,4
15,20,62
1,21,60
8,13,7
43,16,39
7,1,28
56,13,30
12,20,63
26,23,57
3,20,59
5,16,21
11,8,54
7,16,54
19,15,53
8,14,5
13,0,39
25,6,41
45,8,38
31,5,34
22,22,59
33,16,39
10,15,36
38,20,42
0,23,62
11,14,36
30,19,41
25,17,48
63,8,24
7,4,7
10,8,46
5,4,27
10,8,51
5,19,59
54,4,36
31,5,38
27,7,40
6,15,49
1,19,47
26,23,58
12,6,50
18,19,57
39,3,32
37,18,41
29,18,44
4,17,12
28,7,39
1,18,26
13,16,57
7,7,17
12,12,42
55,3,34
1,22,51
58,0,23
2,21,45
31,19,44
36,18,42
25,15,42
3,17,33
43,12,38
4,13,28
21,1,40
9,7,49
21,5,46
61,13,24
31,9,38
11,0,11
33,6,37
19,22,61
49,0,35
6,17,4
1,20,56
32,13,40
10,1,19
3,19,8
0,23,53
12,17,60
54,2,35
19,20,59
6,16,10
4,17,35
10,6,47
1,20,57
3,19,13
36,4,33
5,17,49
22,19,56
1,20,6
60,20,34
50,1,36
21,13,46
1,21,21
44,19,42
7,18,61
3,19,57
20,11,45
42,0,31
55,2,33
2,17,31
2,19,59
62,23,39
20,16,50
8,7,48
51,17,40
4,18,23
7,17,44
26,17,46
60,12,26
29,5,39
0,22,17
27,19,50
12,8,37
3,19,56
36,21,45
3,21,59
6,2,24
52,12,36
12,4,40
10,16,36
22,19,53
59,9,26
47,1,34
8,16,18
11,11,52
8,2,10
26,12,42
42,23,47
12,13,42
23,16,45
8,1,20
0,17,30
23,4,41
30,2,36
39,16,39
29,18,43
4,19,15
60,14,26
3,19,51
9,1,32
8,20,40
6,16,59
3,17,10
46,21,45
7,13,2
10,2,15
2,20,20
27,18,45
63,1,22
28,22,56
11,9,52
8,15,18
53,23,44
0,23,50
13,16,55
0,21,6
12,16,57
2,18,1
3,21,52
48,20,43
12,9,53
5,13,29
59,18,33
33,5,34
55,5,33
17,8,51
25,3,39
33,13,40
32,1,32
41,20,42
28,22,52
27,20,49
45,21,45
5,19,44
0,18,2
63,18,26
11,16,36
55,1,30
0,19,35
1,20,19
59,5,27
35,10,38
53,15,34
36,4,34
58,12,26
14,5,50
0,19,24
9,17,15
5,17,7
39,13,39
38,8,37
20,19,58
9,17,56
7,18,41
20,16,54
8,1,1
1,21,10
17,19,59
8,8,48
20,22,57
43,3,37
56,1,30
14,17,59
34,0,30
33,8,37
42,21,45
1,22,9
19,16,54
14,13,53
59,0,22
32,21,46
6,16,50
4,19,55
1,21,44
16,19,60
4,15,31
54,0,28
2,16,29
8,0,27
12,2,34
12,13,38
49,19,42
9,18,61
16,0,42
5,20,16
8,1,22
0,22,54
9,1,19
2,17,32
35,19,43
2,19,24
61,18,33
4,21,40
25,17,45
13,2,34
5,16,10
10,0,31
39,4,34
33,2,33
21,17,50
45,11,38
8,18,15
32,15,40
10,9,50
