0,17,33
0,18,33
0,19,33
0,20,33
0,21,33
0,22,33
0,23,33
0,17,34
0,18,34
0,19,34
0,20,34
0,21,34
0,22,34
0,23,34
0,16,35
0,17,35
0,18,35
0,19,35
0,20,35
0,21,35
0,16,36
0,17,36
0,18,36
0,19,36
0,15,37
0,16,37
0,17,37
0,18,37
0,15,38
0,16,38
0,14,39
0,15,39
0,14,40
0,15,40
0,13,41
0,14,41
0,12,42
0,13,42
0,14,42
0,12,43
0,13,43
0,12,44
0,13,44
0,14,44
0,15,44
0,16,44
0,13,45
0,14,45
0,15,45
0,16,45
0,13,46
0,14,46
0,15,46
0,16,46
0,13,47
0,13,48
0,14,48
0,15,48
0,14,49
0,15,49
0,15,50
0,16,50
0,17,50
0,16,51
0,16,52
0,17,52
0,17,53
0,18,53
0,17,54
0,18,54
0,18,55
0,19,55
0,19,56
0,20,56
0,20,57
0,21,57
0,21,58
0,22,58
0,23,58
0,23,59
0,23,22
0,23,23
0,23,24
0,22,25
0,23,25
0,22,26
0,23,27
0,21,28
0,22,28
0,23,26
0,22,27
0,23,28
0,20,29
0,21,29
0,22,29
0,19,30
0,20,30
0,21,30
0,22,30
0,18,32
0,19,32
0,20,32
0,19,31
0,20,31
1,23,23
1,23,24
1,23,25
1,22,26
1,23,27
1,21,28
1,22,28
1,23,26
1,22,27
1,23,28
1,20,29
1,21,29
1,22,29
1,18,32
1,19,32
1,20,32
1,21,32
1,22,32
1,23,32
1,18,33
1,19,33
1,20,33
1,21,33
1,22,33
1,23,33
1,17,34
1,18,34
1,19,34
1,20,34
1,21,34
1,22,34
1,23,34
1,17,35
1,18,35
1,16,36
1,17,36
1,16,37
1,17,37
1,15,38
1,16,38
1,17,38
1,15,39
1,16,39
1,14,40
1,15,40
1,14,41
1,15,41
1,16,41
1,13,42
1,14,42
1,15,42
1,16,42
1,12,43
1,13,43
1,14,43
1,12,44
1,13,44
1,14,44
1,16,44
1,12,45
1,13,45
1,14,45
1,15,45
1,16,45
1,13,46
1,14,46
1,15,46
1,13,47
1,14,47
1,15,47
1,16,47
1,13,48
1,14,48
1,15,48
1,14,49
1,15,49
1,16,49
1,15,50
1,16,50
1,17,50
1,16,51
1,17,51
1,16,52
1,17,52
1,17,53
1,18,53
1,18,54
1,19,54
1,18,55
1,19,55
1,19,56
1,20,56
1,20,57
1,21,57
1,21,58
1,22,58
1,23,58
2,19,32
2,20,32
2,21,32
2,22,32
2,23,32
2,18,33
2,19,33
2,20,33
2,21,33
2,22,33
2,23,33
2,18,34
2,19,34
2,20,34
2,21,34
2,22,34
2,17,35
2,18,35
2,17,36
2,18,36
2,16,37
2,17,37
2,18,37
2,19,37
2,20,37
2,16,38
2,17,38
2,15,39
2,16,39
2,15,40
2,14,41
2,15,41
2,16,41
2,13,42
2,14,42
2,15,42
2,16,42
2,12,43
2,13,43
2,14,43
2,15,43
2,12,44
2,13,44
2,14,44
2,15,44
2,12,45
2,13,45
2,14,45
2,15,45
2,12,46
2,13,46
2,14,46
2,15,46
2,16,46
2,13,47
2,14,47
2,15,47
2,16,47
2,14,48
2,15,48
2,16,48
2,14,49
2,15,49
2,16,49
2,17,49
2,15,50
2,16,50
2,17,50
2,16,51
2,17,51
2,16,52
2,17,52
2,17,53
2,18,53
2,18,54
2,19,54
2,19,55
2,20,55
2,19,56
2,20,56
2,20,57
2,21,57
2,21,58
2,22,58
2,23,58
3,19,32
3,20,32
3,21,32
3,22,32
3,23,32
3,19,33
3,20,33
3,21,33
3,22,33
3,23,33
3,18,34
3,19,34
3,20,34
3,18,35
3,19,35
3,17,36
3,18,36
3,19,36
3,17,37
3,18,37
3,19,37
3,20,37
3,16,38
3,17,38
3,18,38
3,19,38
3,16,39
3,17,39
3,15,40
3,16,40
3,14,41
3,15,41
3,13,42
3,14,42
3,15,42
3,13,43
3,14,43
3,15,43
3,12,44
3,13,44
3,14,44
3,15,44
3,12,45
3,13,45
3,14,45
3,13,46
3,14,46
3,15,46
3,16,46
3,13,47
3,14,47
3,15,47
3,16,47
3,14,48
3,15,48
3,16,48
3,15,49
3,16,49
3,16,50
3,16,51
3,17,51
3,17,52
3,18,52
3,19,52
3,17,53
3,18,53
3,19,53
3,18,54
3,19,54
3,19,55
3,20,55
3,20,56
3,21,56
3,20,57
3,21,57
3,23,57
3,21,58
3,23,58
4,20,32
4,21,32
4,22,32
4,23,32
4,20,33
4,21,33
4,22,33
4,23,33
4,19,34
4,20,34
4,21,34
4,22,34
4,18,35
4,19,35
4,18,36
4,19,36
4,17,37
4,18,37
4,21,37
4,22,37
4,17,38
4,18,38
4,19,38
4,20,38
4,21,38
4,22,38
4,23,38
4,16,39
4,17,39
4,18,39
4,19,39
4,20,39
4,21,39
4,22,39
4,23,39
4,15,40
4,16,40
4,15,41
4,16,41
4,14,42
4,15,42
4,16,42
4,13,43
4,14,43
4,15,43
4,16,43
4,17,43
4,13,44
4,15,44
4,16,44
4,13,45
4,13,46
4,14,46
4,15,46
4,16,46
4,13,47
4,14,47
4,14,48
4,15,48
4,16,48
4,15,49
4,16,49
4,16,50
4,17,50
4,16,51
4,17,51
4,18,51
4,17,52
4,18,52
4,19,52
4,18,53
4,19,53
4,19,54
4,20,54
4,19,55
4,20,55
4,20,56
4,21,56
4,21,57
4,21,58
4,22,58
4,23,58
5,20,32
5,21,32
5,22,32
5,23,32
5,20,33
5,21,33
5,19,34
5,20,34
5,19,35
5,20,35
5,18,36
5,19,36
5,20,36
5,21,36
5,18,37
5,19,37
5,20,37
5,21,37
5,22,37
5,23,37
5,17,38
5,18,38
5,19,38
5,20,38
5,21,38
5,22,38
5,23,38
5,16,39
5,17,39
5,18,39
5,19,39
5,20,39
5,21,39
5,22,39
5,16,40
5,17,40
5,19,40
5,15,41
5,16,41
5,17,41
5,14,42
5,15,42
5,16,42
5,17,42
5,14,43
5,15,43
5,16,43
5,17,43
5,13,44
5,14,44
5,15,44
5,16,44
5,17,44
5,18,44
5,19,44
5,13,45
5,14,45
5,15,45
5,16,45
5,17,45
5,18,45
5,19,45
5,20,45
5,13,46
5,14,46
5,15,46
5,16,46
5,17,46
5,14,47
5,15,47
5,16,47
5,17,47
5,14,48
5,15,48
5,15,49
5,16,49
5,16,50
5,17,50
5,17,51
5,18,51
5,19,51
5,17,52
5,18,52
5,19,52
5,18,53
5,19,53
5,19,54
5,20,54
5,20,55
5,20,56
5,21,56
5,21,57
5,22,57
5,21,58
5,22,58
5,23,58
1,20,30
1,21,30
1,22,30
1,23,30
1,19,31
1,20,31
1,21,31
2,23,26
2,22,27
2,23,27
2,21,28
2,22,28
2,23,28
2,21,29
2,22,29
2,23,29
2,20,30
2,21,30
2,22,30
2,20,31
2,21,31
3,23,27
3,21,29
3,22,29
3,23,29
3,22,28
3,23,28
3,21,30
3,22,30
3,20,31
3,21,31
3,22,31
3,23,31
4,22,28
4,23,28
4,22,29
4,23,29
4,21,30
4,22,30
4,23,30
4,21,31
4,22,31
4,23,31
5,23,28
5,22,29
5,23,29
5,21,31
5,22,31
5,23,31
5,22,30
5,23,30
6,22,29
6,23,29
6,22,31
6,23,31
6,21,32
6,22,32
6,23,32
6,21,33
6,20,34
6,21,34
6,19,35
6,20,35
6,19,36
6,20,36
6,21,36
6,22,36
6,18,37
6,19,37
6,20,37
6,21,37
6,22,37
6,23,37
6,18,38
6,19,38
6,20,38
6,21,38
6,17,39
6,18,39
6,17,40
6,18,40
6,19,40
6,20,40
6,16,41
6,17,41
6,18,41
6,19,41
6,20,41
6,16,42
6,17,42
6,18,42
6,19,42
6,20,42
6,21,42
6,22,42
6,15,43
6,16,43
6,17,43
6,18,43
6,19,43
6,20,43
6,21,43
6,14,44
6,15,44
6,16,44
6,17,44
6,18,44
6,19,44
6,20,44
6,21,44
6,14,45
6,15,45
6,16,45
6,17,45
6,18,45
6,19,45
6,20,45
6,14,46
6,15,46
6,16,46
6,17,46
6,18,46
6,15,47
6,16,47
6,17,47
6,18,47
6,15,48
6,16,48
6,17,48
6,18,48
6,19,48
6,16,49
6,17,49
6,18,49
6,19,49
6,16,50
6,17,50
6,17,51
6,18,51
6,19,51
6,18,52
6,19,52
6,18,53
6,19,53
6,19,54
6,20,54
6,20,55
6,21,55
6,20,56
6,21,56
6,21,57
6,22,57
6,22,58
6,23,58
7,22,31
7,23,31
7,22,32
7,21,33
7,22,33
7,20,34
7,21,34
7,22,34
7,23,34
7,20,35
7,21,35
7,22,35
7,23,35
7,19,36
7,20,36
7,21,36
7,22,36
7,23,36
7,19,37
7,20,37
7,22,37
7,23,37
7,18,38
7,19,38
7,20,38
7,21,38
7,22,38
7,23,38
7,18,39
7,19,39
7,20,39
7,21,39
7,22,39
7,23,39
7,18,40
7,19,40
7,20,40
7,21,40
7,22,40
7,17,41
7,18,41
7,19,41
7,20,41
7,21,41
7,22,41
7,23,41
7,17,42
7,18,42
7,19,42
7,20,42
7,21,42
7,22,42
7,23,42
7,16,43
7,17,43
7,18,43
7,19,43
7,20,43
7,21,43
7,16,44
7,17,44
7,18,44
7,19,44
7,20,44
7,15,45
7,16,45
7,17,45
7,18,45
7,19,45
7,20,45
7,15,46
7,16,46
7,17,46
7,18,46
7,19,46
7,15,47
7,16,47
7,17,47
7,18,47
7,16,48
7,17,48
7,18,48
7,19,48
7,16,49
7,17,49
7,18,49
7,17,50
7,18,50
7,17,51
7,18,51
7,18,52
7,19,52
7,19,53
7,20,53
7,20,54
7,20,55
7,21,55
7,21,56
7,22,56
7,21,57
7,22,57
7,22,58
7,23,58
7,23,59
8,22,31
8,23,31
8,22,32
8,23,32
8,21,33
8,22,33
8,21,34
8,22,34
8,23,34
8,21,35
8,23,35
8,20,36
8,21,36
8,22,36
8,23,36
8,19,37
8,20,37
8,23,37
8,19,38
8,20,38
8,22,38
8,23,38
8,18,39
8,19,39
8,20,39
8,21,39
8,22,39
8,23,39
8,18,40
8,19,40
8,20,40
8,21,40
8,22,40
8,23,40
8,18,41
8,19,41
8,20,41
8,21,41
8,22,41
8,23,41
8,17,42
8,18,42
8,19,42
8,20,42
8,21,42
8,16,43
8,17,43
8,18,43
8,19,43
8,20,43
8,16,44
8,17,44
8,18,44
8,19,44
8,15,45
8,16,45
8,17,45
8,18,45
8,19,45
8,15,46
8,16,46
8,17,46
8,19,46
8,15,47
8,16,47
8,16,48
8,17,48
8,18,48
8,17,49
8,17,50
8,18,50
8,18,51
8,19,51
8,19,52
8,19,53
8,20,53
8,20,54
8,21,54
8,21,55
8,21,56
8,22,56
8,23,56
8,22,57
8,23,57
8,23,58
8,23,59
9,23,31
9,22,32
9,23,32
9,22,33
9,23,33
9,22,34
9,23,34
9,21,35
9,22,35
9,23,35
9,20,36
9,21,36
9,23,36
9,20,37
9,21,37
9,22,37
9,20,38
9,22,38
9,23,38
9,19,39
9,20,39
9,21,39
9,22,39
9,23,39
9,19,40
9,21,40
9,22,40
9,23,40
9,18,41
9,19,41
9,20,41
9,21,41
9,22,41
9,23,41
9,17,42
9,18,42
9,19,42
9,20,42
9,17,43
9,18,43
9,20,43
9,16,44
9,17,44
9,18,44
9,19,44
9,16,45
9,17,45
9,16,46
9,17,46
9,16,47
9,16,48
9,17,48
9,17,49
9,18,49
9,17,50
9,18,50
9,18,51
9,19,51
9,19,52
9,20,52
9,20,53
9,20,54
9,21,54
9,21,55
9,22,55
9,21,56
9,22,56
9,22,57
9,23,57
9,23,58
10,23,33
10,22,34
10,23,34
10,22,35
10,23,35
10,21,36
10,22,36
10,21,37
10,22,37
10,23,37
10,20,38
10,21,38
10,23,38
10,20,39
10,21,39
10,22,39
10,23,39
10,19,40
10,20,40
10,21,40
10,22,40
10,23,40
10,19,41
10,20,41
10,21,41
10,22,41
10,23,41
10,18,42
10,19,42
10,20,42
10,21,42
10,18,43
10,17,44
10,18,44
10,19,44
10,16,46
10,16,47
10,16,48
10,17,48
10,18,48
10,19,48
10,17,49
10,18,49
10,19,49
10,18,50
10,18,51
10,19,51
10,19,52
10,20,52
10,20,53
10,21,53
10,21,54
10,21,55
10,22,55
10,22,56
10,23,56
10,23,57
10,23,58
11,23,34
11,22,35
11,23,35
11,22,36
11,21,37
11,22,37
11,21,38
11,22,38
11,23,38
11,20,39
11,21,39
11,22,39
11,23,39
11,20,40
11,21,40
11,22,40
11,23,40
11,19,41
11,20,41
11,21,41
11,22,41
11,23,41
11,19,42
11,20,42
11,21,42
11,22,42
11,18,43
11,19,43
11,20,43
11,21,43
11,17,44
11,18,44
11,16,46
11,17,46
11,16,47
11,17,47
11,16,48
11,17,48
11,18,48
11,17,49
11,18,49
11,18,50
11,19,50
11,19,51
11,20,51
11,19,52
11,20,52
11,20,53
11,21,53
11,21,54
11,22,54
11,21,55
11,22,55
11,22,56
11,23,56
11,23,57
12,17,46
12,18,46
12,16,47
12,17,47
12,18,47
12,17,48
12,17,49
12,18,49
12,19,49
12,18,50
12,19,50
12,20,50
12,19,51
12,20,51
12,20,52
12,20,53
12,21,53
12,21,54
12,22,54
12,22,55
12,23,55
12,23,56
12,23,57
12,23,34
12,23,35
12,22,36
12,23,36
12,22,37
12,23,37
12,21,38
12,22,38
12,21,39
12,22,39
12,23,39
12,20,40
12,21,40
12,20,41
12,19,42
12,20,42
12,21,42
12,22,42
12,23,42
12,18,43
12,19,43
12,21,43
12,22,43
12,18,44
13,23,35
13,23,36
13,22,37
13,23,37
13,22,38
13,23,38
13,21,39
13,22,39
13,23,39
13,21,40
13,22,40
13,20,41
13,21,41
13,22,41
13,23,41
13,19,42
13,20,42
13,23,42
13,19,43
13,20,43
13,17,46
13,18,46
13,19,46
13,17,47
13,18,47
13,19,47
13,17,48
13,18,48
13,19,48
13,17,49
13,18,49
13,19,49
13,20,49
13,21,49
13,22,49
13,18,50
13,19,50
13,20,50
13,21,50
13,19,51
13,20,51
13,20,52
13,20,53
13,21,53
13,21,54
13,22,54
13,22,55
13,23,55
13,23,56
13,23,57
14,18,45
14,19,45
14,20,45
14,21,45
14,22,45
14,17,46
14,18,46
14,19,46
14,21,46
14,22,46
14,17,47
14,18,47
14,19,47
14,20,47
14,17,48
14,18,48
14,19,48
14,20,48
14,17,49
14,18,49
14,19,49
14,20,49
14,21,49
14,22,49
14,18,50
14,19,50
14,20,50
14,21,50
14,19,51
14,20,51
14,20,52
14,20,53
14,21,53
14,21,54
14,22,54
14,22,55
14,23,55
14,23,56
14,23,57
15,18,45
15,19,45
15,20,45
15,21,45
15,17,46
15,18,46
15,19,46
15,20,46
15,22,46
15,17,47
15,18,47
15,19,47
15,20,47
15,17,48
15,18,48
15,19,48
15,20,48
15,18,49
15,19,49
15,20,49
15,19,50
15,20,50
15,19,51
15,20,51
15,20,52
15,21,52
15,21,53
15,22,53
15,21,54
15,22,54
15,23,54
15,22,55
15,23,55
15,23,56
16,23,38
16,23,39
16,22,40
16,23,40
16,21,41
16,22,41
16,21,42
16,22,42
16,20,43
16,21,43
16,23,43
16,19,44
16,20,44
16,19,45
16,20,45
16,22,45
16,18,46
16,19,46
16,18,47
16,19,47
16,20,47
16,18,48
16,19,48
16,20,48
16,18,49
16,19,49
16,20,49
16,18,50
16,19,50
16,20,50
16,21,50
16,19,51
16,20,51
16,21,51
16,20,52
16,21,52
16,22,52
16,21,53
16,22,53
16,23,53
16,22,54
16,23,54
16,22,55
16,23,55
16,23,56
17,23,38
17,23,39
17,22,40
17,23,40
17,22,41
17,23,41
17,21,42
17,22,42
17,23,42
17,21,43
17,22,43
17,23,43
17,20,44
17,21,44
17,23,44
17,19,45
17,20,45
17,21,45
17,22,45
17,18,46
17,19,46
17,20,46
17,21,46
17,18,47
17,19,47
17,20,47
17,18,48
17,19,48
17,20,48
17,18,49
17,19,49
17,20,49
17,18,50
17,19,50
17,20,50
17,21,50
17,19,51
17,20,51
17,21,51
17,20,52
17,21,52
17,22,52
17,23,52
17,21,53
17,22,53
17,23,53
17,22,54
17,23,54
17,23,55
17,23,56
18,23,39
18,23,40
18,22,41
18,23,41
18,22,42
18,23,42
18,21,43
18,22,43
18,23,43
18,21,44
18,22,44
18,23,44
18,20,45
18,21,45
18,19,46
18,20,46
18,21,46
18,18,47
18,19,47
18,20,47
18,18,48
18,19,48
18,20,48
18,18,49
18,19,49
18,20,49
18,21,49
18,18,50
18,19,50
18,20,50
18,21,50
18,22,50
18,20,51
18,21,51
18,22,51
18,20,52
18,21,52
18,22,52
18,23,52
18,21,53
18,22,53
18,23,53
18,22,54
18,23,54
18,23,55
18,23,56
19,23,40
19,23,41
19,22,42
19,23,42
19,22,43
19,23,43
19,21,44
19,22,44
19,23,44
19,20,45
19,21,45
19,22,45
19,20,46
19,21,46
19,19,47
19,20,47
19,21,47
19,22,47
19,18,48
19,19,48
19,20,48
19,21,48
19,18,49
19,19,49
19,20,49
19,19,50
19,20,50
19,21,50
19,22,50
19,20,51
19,21,51
19,22,51
19,21,52
19,22,52
19,21,53
19,22,53
19,23,53
19,22,54
19,23,54
19,23,55
19,23,56
20,23,41
20,23,42
20,23,43
20,22,44
20,23,44
20,21,45
20,22,45
20,23,45
20,20,46
20,21,46
20,22,46
20,23,46
20,20,47
20,21,47
20,22,47
20,23,47
20,20,48
20,21,48
20,22,48
20,19,49
20,20,49
20,21,49
20,19,50
20,20,50
20,19,51
20,20,51
20,21,51
20,22,51
20,20,52
20,21,52
20,22,52
20,21,53
20,22,53
20,23,53
20,22,54
20,23,54
20,23,55
21,23,42
21,23,43
21,23,44
21,22,45
21,23,45
21,21,46
21,22,46
21,23,46
21,20,47
21,21,47
21,22,47
21,23,47
21,20,48
21,21,48
21,22,48
21,23,48
21,19,49
21,20,49
21,21,49
21,19,50
21,20,50
21,21,50
21,20,51
21,22,51
21,20,52
21,21,52
21,22,52
21,21,53
21,22,53
21,22,54
21,23,54
21,23,55
24,22,47
24,22,48
24,23,48
24,22,49
24,23,49
24,21,50
24,22,50
24,23,50
24,21,51
24,22,51
24,23,51
24,21,52
24,22,52
24,23,52
6,22,30
6,23,30
7,23,30
8,23,30
10,16,45
10,17,45
11,16,45
11,17,45
11,18,45
13,18,44
13,19,44
13,21,44
14,23,36
14,23,37
14,22,38
14,23,38
14,22,39
14,21,40
14,22,40
14,20,41
14,21,41
14,22,41
14,23,41
14,20,42
14,21,42
14,22,42
14,23,42
14,19,43
14,20,43
22,23,44
22,22,45
22,23,45
22,22,46
22,23,46
22,21,47
22,22,47
22,20,48
22,21,48
22,20,49
22,21,49
22,20,50
22,21,50
22,20,51
22,21,51
22,20,52
22,21,52
22,21,53
22,22,53
22,22,54
22,23,54
23,23,45
23,22,46
23,23,46
23,21,47
23,22,47
23,23,47
23,21,48
23,22,48
23,20,49
23,21,49
23,22,49
23,20,50
23,21,50
23,22,50
23,20,51
23,21,51
23,20,52
23,21,52
23,22,52
23,23,52
23,22,53
23,23,53
23,23,54
13,17,45
13,18,45
13,20,45
13,21,45
13,22,45
14,18,44
14,19,44
14,21,44
15,23,37
15,23,38
15,22,39
15,23,39
15,21,40
15,22,40
15,23,40
15,21,41
15,22,41
15,20,42
15,21,42
15,20,43
12,17,45
12,18,45
15,19,44
15,20,44
