35,23,54
40,14,27
10,8,35
55,2,15
45,17,34
20,2,12
2,3,41
47,18,37
6,5,36
33,7,10
28,19,49
34,22,54
30,6,7
9,10,41
8,12,61
13,14,48
55,17,42
55,11,31
6,4,39
53,22,55
54,3,15
47,23,49
62,11,38
36,12,23
54,8,24
37,22,41
63,15,51
15,11,37
33,16,29
50,11,27
25,18,55
23,5,15
4,2,33
32,21,52
55,21,48
28,3,2
15,12,47
39,6,13
55,8,28
7,12,62
6,12,61
4,7,48
61,1,21
6,5,43
35,8,12
4,4,31
33,16,27
60,15,48
46,2,14
56,14,39
56,16,41
27,1,2
10,8,44
31,21,47
53,9,28
33,22,45
39,5,10
42,16,31
62,12,41
12,11,43
29,4,4
62,9,34
59,8,32
0,13,61
47,9,23
46,3,14
61,18,57
54,11,33
22,4,14
63,9,36
3,10,57
36,7,9
49,14,34
27,16,34
46,20,42
33,12,18
39,16,30
35,0,0
54,7,25
12,9,43
57,13,37
19,15,35
18,11,29
13,13,62
2,6,45
6,11,61
52,11,27
24,16,41
22,2,11
34,23,53
8,3,30
11,13,55
3,10,56
38,22,40
27,8,18
48,1,14
30,4,5
27,8,16
56,6,23
58,17,47
58,4,24
60,5,27
27,18,50
22,14,33
52,9,27
40,4,7
34,3,4
0,11,53
52,12,31
41,14,29
7,2,28
7,5,38
17,13,51
54,12,34
58,20,59
42,14,28
47,9,22
13,7,27
57,1,16
50,4,16
5,1,28
31,19,36
54,20,48
54,22,55
13,12,41
30,11,20
47,18,38
18,12,38
61,7,30
23,6,17
20,15,50
14,7,25
57,5,22
57,0,15
14,13,61
51,19,43
33,3,4
40,15,28
22,16,51
8,2,26
22,0,6
25,17,50
7,9,61
10,10,60
13,12,50
19,15,56
50,15,34
21,9,26
55,21,52
21,10,27
34,22,52
24,17,51
33,22,62
28,5,9
31,10,14
53,14,36
22,4,15
27,13,27
41,10,22
56,18,46
46,14,30
13,7,31
15,13,47
31,20,38
52,18,43
45,4,14
20,3,17
26,19,56
15,12,42
52,1,13
7,13,62
8,5,36
52,8,25
32,21,39
36,1,2
60,14,45
49,23,53
1,12,58
41,20,37
10,8,34
47,2,14
52,9,24
28,20,61
63,4,28
7,5,36
20,14,42
3,8,50
29,15,28
46,16,35
46,22,44
41,2,8
22,14,29
54,17,41
7,7,50
33,21,43
16,12,38
13,10,46
42,6,17
34,8,12
38,8,17
21,7,23
26,18,62
8,10,41
8,9,53
28,19,50
25,14,31
41,17,33
23,17,51
7,12,63
21,13,29
24,16,50
50,3,16
18,5,21
1,1,35
28,11,19
59,4,22
15,12,44
61,1,20
14,11,38
26,2,5
14,8,30
41,13,26
35,5,6
61,16,50
18,14,55
26,18,51
1,0,31
8,3,29
51,19,44
25,18,63
14,10,42
39,23,44
60,3,20
38,3,3
1,14,63
17,14,39
25,18,51
14,12,41
18,4,20
42,20,37
38,23,48
56,12,37
13,5,23
26,10,21
38,11,20
26,18,47
54,11,32
14,9,30
14,14,51
27,14,30
28,14,29
33,13,23
24,9,22
6,8,51
59,18,53
24,17,49
20,14,32
13,12,42
30,18,35
24,8,20
15,6,25
27,12,24
4,10,55
55,21,59
54,6,22
26,5,11
57,14,39
2,0,35
55,3,17
36,7,12
13,13,52
29,20,43
8,8,54
23,6,15
61,2,18
10,2,25
4,3,32
29,16,32
1,10,51
4,4,30
43,23,45
5,4,38
7,4,31
13,12,53
5,8,50
26,19,62
25,7,17
42,3,11
19,16,47
26,18,33
46,19,41
36,22,44
40,0,2
25,18,58
32,22,63
14,14,55
14,14,50
58,17,43
40,22,39
35,17,31
11,6,28
18,15,44
62,17,56
3,12,62
48,19,43
40,13,27
24,6,18
27,15,33
33,21,38
4,3,36
9,10,54
11,6,31
10,9,46
60,7,31
4,10,57
39,15,27
39,3,3
10,10,52
8,4,30
47,6,19
17,1,19
19,16,53
10,12,63
16,8,25
38,5,9
17,15,54
40,8,19
22,16,42
58,17,48
15,7,26
24,7,20
37,23,44
16,3,21
43,11,25
54,14,36
63,17,55
19,14,34
16,13,46
61,0,19
54,18,43
28,7,11
33,1,2
24,15,34
37,10,19
48,21,44
51,0,13
43,7,18
0,13,63
7,9,51
27,19,48
19,15,48
57,20,57
44,12,27
27,5,8
7,11,51
61,3,25
18,0,12
40,15,29
14,8,29
1,2,36
22,16,56
62,18,57
44,15,30
12,1,22
2,2,39
41,19,36
50,14,34
4,10,58
18,13,50
11,10,55
13,13,44
19,15,44
24,17,46
55,4,19
46,4,17
59,20,55
52,23,55
17,16,42
33,23,54
50,22,47
26,1,1
52,18,41
16,14,59
60,16,51
61,13,42
27,7,12
8,10,55
60,17,50
7,11,58
31,15,25
0,12,61
13,14,53
22,17,62
55,21,55
7,9,58
48,23,49
17,12,46
16,8,28
13,8,28
49,19,41
15,2,22
23,10,26
37,9,18
16,0,20
6,4,36
15,10,35
10,10,47
12,11,53
39,1,0
13,6,24
15,11,35
43,19,38
13,13,59
41,13,27
18,3,20
58,7,29
55,21,58
51,23,55
27,18,51
14,12,58
8,12,63
20,7,23
56,21,63
42,12,25
44,4,14
1,13,62
23,18,63
45,23,45
27,7,14
10,7,30
27,16,33
11,9,39
58,20,58
41,6,14
4,12,56
52,20,47
7,8,54
11,11,39
28,17,33
38,21,38
17,13,37
22,14,36
26,18,53
25,15,35
44,2,11
15,3,22
6,1,27
13,8,30
20,15,59
20,15,57
10,0,24
32,21,44
38,14,27
5,3,39
11,9,48
49,8,23
63,21,61
19,16,63
26,17,33
18,0,13
11,11,48
36,22,46
23,16,37
3,1,38
29,9,15
34,4,4
43,3,12
60,17,52
37,13,23
51,22,53
31,22,61
36,16,25
27,18,47
36,11,20
45,23,46
23,9,23
45,4,15
21,11,25
6,0,26
30,2,3
15,12,49
45,21,43
13,7,30
58,6,27
57,6,27
62,8,34
8,8,53
60,3,25
44,19,37
29,19,50
32,4,4
13,13,42
1,12,61
31,14,25
39,23,41
51,23,57
7,10,63
37,1,1
61,15,50
9,10,63
6,9,52
11,0,22
52,13,33
59,17,50
55,19,47
5,4,40
13,10,42
19,15,46
24,0,3
30,17,34
60,3,19
23,17,61
40,9,19
13,12,61
20,2,11
60,16,49
51,16,37
56,13,36
32,17,30
30,21,54
50,8,22
60,18,55
25,18,60
61,0,22
22,16,53
34,0,0
36,23,42
34,19,32
63,15,48
21,1,10
42,19,35
11,1,24
11,13,60
54,4,15
32,7,8
39,22,41
0,11,55
8,3,27
52,12,32
10,5,27
45,7,19
3,2,40
25,17,39
51,18,42
44,19,39
60,5,28
2,11,57
59,13,39
32,15,25
48,15,35
46,1,11
44,7,17
29,22,63
40,11,24
15,9,28
17,15,62
60,19,55
28,18,34
39,7,11
27,16,31
36,13,24
21,9,25
7,8,52
8,7,41
14,11,46
12,10,43
52,16,39
39,0,0
56,2,16
16,11,36
34,6,8
28,19,44
17,13,40
33,19,32
1,6,45
28,19,55
23,13,30
5,9,54
6,4,37
25,17,46
3,0,27
26,9,19
37,0,0
60,13,42
24,17,52
9,11,52
52,11,29
23,15,39
2,12,55
50,22,50
11,11,45
34,20,36
53,11,31
45,22,44
33,4,5
19,9,26
41,5,11
24,3,9
18,12,32
46,20,43
52,22,57
20,16,57
26,20,58
15,13,61
62,17,55
4,10,54
30,21,63
45,16,32
23,17,36
33,22,48
2,9,51
19,14,47
5,10,56
32,7,10
19,14,40
31,8,11
5,3,38
23,16,56
22,16,39
22,18,54
51,21,47
56,14,40
15,11,48
62,19,57
3,1,35
12,10,48
51,12,32
40,1,4
19,13,34
27,5,10
4,3,42
40,17,30
10,11,60
53,16,40
50,4,17
23,13,29
18,13,33
28,1,1
62,1,20
54,9,27
59,8,31
23,6,16
46,6,19
55,22,60
58,9,33
13,7,28
50,10,27
26,12,25
4,3,31
14,3,23
55,8,27
11,0,23
22,10,26
51,12,30
61,8,32
11,8,32
20,3,15
20,13,36
19,13,40
48,22,48
23,3,11
1,9,50
30,20,40
20,16,59
28,18,42
22,18,63
14,10,35
19,12,28
45,6,19
12,11,62
55,5,21
22,16,52
49,12,28
2,12,57
49,17,39
7,6,46
14,12,51
63,12,41
27,16,32
28,19,47
30,14,27
28,21,46
22,11,25
54,8,22
35,3,2
15,15,50
42,9,20
34,22,51
37,23,51
34,16,29
47,6,20
12,12,48
47,23,51
12,10,44
52,4,17
59,10,35
57,10,32
4,10,59
28,19,57
61,13,43
35,22,51
29,14,27
17,15,60
13,7,26
12,11,59
27,19,59
30,8,13
51,8,22
48,6,19
50,15,37
30,2,2
31,11,19
15,14,60
22,16,63
7,10,55
51,13,31
47,14,32
26,16,33
8,6,42
21,15,48
45,12,26
43,11,23
34,1,1
4,11,61
18,7,25
55,21,56
56,9,30
5,7,49
63,6,32
51,17,39
49,18,39
23,16,46
41,3,9
57,21,58
17,1,16
26,19,61
9,6,37
57,21,59
38,2,1
16,13,54
58,14,42
2,1,38
59,12,38
30,15,28
44,14,30
53,9,26
29,9,16
8,0,26
41,8,19
30,14,28
34,5,6
49,21,45
0,11,56
41,2,6
17,3,19
38,16,29
61,10,35
5,9,55
23,0,3
19,12,36
39,11,20
33,4,6
25,14,33
33,10,13
20,13,28
18,15,49
56,17,45
18,15,41
62,3,27
35,17,30
23,17,40
9,13,62
6,8,54
48,17,37
38,15,27
35,16,29
57,21,60
50,9,24
34,22,44
51,20,46
22,15,36
11,13,51
14,11,40
5,11,62
0,0,29
9,9,59
24,5,14
23,19,55
59,16,48
20,13,35
2,1,36
3,1,28
55,21,54
14,10,37
52,23,61
23,17,62
57,9,30
38,22,38
36,15,26
45,5,16
27,7,13
24,18,54
17,11,35
4,4,42
39,13,24
30,4,4
56,17,46
31,22,58
8,11,52
33,0,1
58,18,49
21,15,41
47,21,42
49,23,49
62,9,37
44,19,33
14,14,48
45,17,33
43,15,29
6,6,49
0,13,56
38,4,7
10,12,61
3,2,35
1,11,55
49,19,42
17,10,31
34,16,28
61,18,55
19,10,27
52,5,17
53,22,58
31,14,24
37,23,45
19,14,53
14,13,53
63,7,31
20,6,21
7,4,34
33,13,20
25,8,15
2,11,54
23,3,13
9,9,54
50,23,51
61,11,36
26,17,47
44,2,10
14,13,47
10,9,55
20,17,38
32,22,56
13,11,43
12,12,51
49,3,16
45,0,11
31,20,53
7,8,50
14,10,41
54,18,47
60,16,46
39,3,5
62,9,35
43,7,19
26,19,57
30,15,27
4,5,46
15,14,51
0,6,45
31,6,8
11,11,50
9,10,50
58,5,20
30,7,11
23,1,6
34,14,24
31,21,59
37,6,5
22,5,17
14,14,47
40,18,34
59,18,52
42,12,26
22,7,20
12,9,34
35,23,53
27,9,16
9,3,27
19,15,59
14,12,46
52,11,30
63,21,63
39,2,3
55,20,54
32,8,12
45,5,17
57,17,47
8,6,46
18,12,33
25,3,5
13,13,49
23,15,38
0,12,57
38,4,3
52,8,24
31,12,20
37,15,28
6,9,61
18,13,34
19,14,35
21,16,43
19,15,58
27,6,12
48,8,21
20,1,12
44,15,32
9,14,63
3,11,58
8,8,42
21,12,25
25,16,38
6,9,57
22,2,10
29,19,53
9,8,43
14,9,32
23,7,21
1,7,47
53,6,18
49,1,14
1,13,55
61,3,20
23,1,5
34,13,22
49,12,27
13,9,36
8,8,50
37,22,39
30,20,39
8,13,52
35,12,17
9,10,46
22,13,33
13,10,43
42,10,22
2,14,57
39,12,23
16,6,24
56,19,51
55,7,22
4,9,51
4,12,62
31,22,57
19,16,41
5,4,33
36,3,4
41,6,13
11,13,56
16,14,39
21,5,17
45,6,18
40,22,40
27,9,18
28,6,8
49,8,20
59,2,17
11,12,39
1,0,34
0,4,40
59,0,16
24,11,26
35,17,29
10,9,52
61,1,19
35,21,40
17,14,35
44,12,25
13,14,55
46,23,49
21,3,16
54,13,35
13,7,29
37,18,31
32,6,7
60,17,54
32,21,50
42,11,25
56,9,29
12,11,60
24,17,53
23,16,54
43,5,15
60,2,18
7,12,51
19,7,23
20,13,33
36,8,13
22,15,43
31,22,63
33,17,30
26,3,6
34,15,24
41,19,37
0,13,59
32,19,33
61,15,51
45,12,27
2,4,41
25,17,43
22,11,26
61,2,20
20,8,25
22,13,32
42,4,12
30,19,38
63,13,42
6,6,40
55,7,25
33,5,7
15,9,33
25,14,30
8,6,44
23,7,19
28,5,8
6,4,46
17,10,28
63,3,26
26,7,15
22,16,60
17,0,18
39,5,12
9,7,33
38,6,12
2,8,49
4,13,56
22,13,30
12,4,24
25,6,16
40,11,21
24,15,36
33,13,21
63,5,28
29,21,55
14,6,26
54,7,21
24,18,61
28,20,63
12,14,56
1,7,44
48,18,37
2,11,62
31,0,1
11,1,23
30,20,45
11,10,59
13,13,53
13,12,55
53,21,50
58,17,42
28,14,27
62,1,18
55,20,49
8,9,52
19,1,10
35,23,59
6,9,51
23,0,6
63,8,35
54,21,51
30,20,46
1,13,58
34,23,56
29,21,60
37,21,37
59,1,16
48,21,45
2,10,54
62,19,59
10,8,41
31,16,27
26,8,16
40,3,7
30,21,44
14,12,54
10,1,24
20,16,60
34,17,28
23,16,39
3,7,46
54,23,62
36,18,32
41,15,30
5,3,43
50,7,19
30,6,8
62,7,32
27,17,37
54,13,37
45,1,11
37,17,32
10,8,33
4,12,61
8,8,58
20,14,46
8,8,45
37,5,8
33,21,42
22,2,9
17,13,53
58,2,17
35,7,10
29,17,32
42,4,11
19,5,21
3,0,28
9,5,32
15,11,36
11,10,54
22,17,54
33,22,54
46,8,22
45,14,30
57,1,14
59,17,52
19,1,14
18,13,38
17,12,41
28,15,30
12,9,35
57,6,26
8,11,51
35,16,28
55,17,44
8,9,55
33,10,15
5,10,59
19,15,43
31,11,18
62,15,48
45,21,41
23,12,30
4,3,34
36,17,30
58,18,52
61,8,31
51,21,49
25,18,54
1,7,45
4,9,52
13,8,29
10,7,35
58,5,21
10,9,51
14,12,56
53,20,50
27,13,28
34,13,23
51,21,48
20,16,51
48,17,38
52,21,48
58,4,23
25,1,1
58,19,52
26,8,19
47,21,45
50,12,31
56,6,22
37,3,1
12,3,24
12,10,53
1,12,55
63,9,35
42,18,35
23,6,18
24,1,5
31,21,49
28,19,59
52,21,49
18,15,45
39,19,36
6,10,62
34,3,3
2,15,56
7,9,56
29,8,11
55,1,14
41,3,5
44,18,34
18,17,41
30,22,62
59,16,50
56,10,31
54,3,16
12,12,50
58,20,57
8,7,45
13,12,59
13,10,41
49,13,30
13,12,62
62,12,40
29,10,18
3,7,48
17,12,45
21,2,10
60,10,35
58,2,18
36,3,3
16,16,55
1,5,44
33,21,50
59,12,37
3,2,37
37,9,14
40,6,14
31,13,23
47,22,47
20,6,22
58,1,17
29,19,55
21,17,55
58,21,57
41,11,24
46,19,38
21,16,48
35,20,35
25,13,30
58,17,49
18,14,62
33,10,16
40,13,26
6,4,44
56,20,54
15,13,59
35,23,52
43,1,10
26,16,34
26,11,23
16,13,53
37,12,20
40,3,5
48,5,18
24,1,6
37,6,8
7,5,42
53,5,18
27,19,51
20,6,20
11,2,24
38,18,32
46,18,37
47,20,41
13,11,59
40,22,38
53,0,13
32,18,31
12,11,50
57,2,18
7,5,43
30,3,4
19,15,41
43,4,13
13,9,37
30,17,31
6,1,28
45,2,11
16,13,40
49,22,48
41,3,7
16,12,45
32,21,42
63,2,25
12,11,56
18,6,23
48,3,15
24,11,27
27,6,9
19,13,33
5,11,63
35,10,14
10,1,25
38,6,7
55,3,15
13,3,22
20,14,37
52,20,49
11,11,40
14,15,50
20,13,31
17,13,46
9,9,55
31,6,6
53,10,28
33,20,37
29,17,35
12,12,55
12,0,22
22,17,48
3,4,41
14,12,45
5,4,31
43,0,8
23,16,34
39,8,18
21,17,61
10,7,38
9,10,42
60,20,57
40,23,44
2,0,28
24,17,60
39,8,16
45,14,29
55,16,42
48,0,13
4,2,32
60,20,62
15,12,45
11,9,45
6,4,32
43,4,14
39,5,6
52,13,34
1,1,29
41,10,20
47,4,16
3,1,32
42,9,22
3,11,60
45,20,40
19,1,12
23,8,20
20,4,17
32,20,42
30,21,45
12,14,46
53,21,54
28,19,52
7,9,60
1,14,59
16,13,49
6,5,45
18,15,62
42,11,22
56,15,40
34,6,7
40,22,42
51,12,33
53,6,21
20,16,58
56,8,30
16,14,60
33,2,2
37,8,14
30,20,59
28,18,39
63,13,44
33,21,48
13,11,40
37,6,11
43,19,33
57,16,42
48,16,36
23,15,35
51,2,14
35,9,13
32,21,43
51,23,52
18,13,41
61,1,23
23,16,53
32,20,37
54,9,28
37,7,12
27,10,19
35,4,4
50,13,33
54,20,51
52,23,52
46,5,16
32,22,54
30,19,36
25,17,48
35,11,18
31,17,30
45,19,39
13,9,31
57,4,19
36,4,3
59,3,19
10,10,45
58,8,32
31,20,49
39,8,13
61,3,24
33,16,26
40,17,33
15,13,51
25,2,6
15,12,43
9,5,31
24,17,63
44,5,15
62,2,23
11,14,50
5,7,51
25,12,29
48,14,30
15,5,24
31,17,33
44,16,31
25,10,25
20,11,28
8,6,39
1,11,59
40,2,1
29,19,49
63,4,29
10,10,50
6,6,42
28,11,20
21,15,38
27,19,62
18,13,35
50,11,28
17,13,44
47,7,20
34,23,55
42,23,43
33,21,44
61,14,43
59,16,46
15,13,58
42,0,5
8,9,54
19,1,15
36,22,42
7,7,43
32,21,40
34,23,52
13,12,49
20,15,52
27,19,44
7,0,26
56,21,56
56,3,17
18,14,58
45,18,37
25,9,18
30,0,0
0,8,46
30,20,55
5,4,43
31,21,43
59,20,60
21,10,28
2,2,32
32,12,18
31,21,61
5,7,48
25,15,32
27,19,61
42,13,28
20,15,58
8,11,63
32,11,17
7,6,42
58,7,30
32,21,48
32,21,49
40,5,13
13,9,38
9,7,44
10,12,58
5,8,55
14,13,44
55,19,49
62,14,44
22,9,25
20,16,62
5,4,41
5,3,31
62,16,53
3,11,56
17,15,57
14,11,49
48,9,23
22,4,16
54,8,27
52,22,56
29,12,22
20,9,25
27,19,57
15,12,53
3,12,63
54,21,56
28,18,38
38,20,36
37,18,32
1,0,28
12,10,37
18,13,51
12,9,44
16,11,32
39,2,2
16,2,20
61,9,36
23,17,52
49,23,51
8,6,48
19,13,44
4,5,47
8,7,48
29,19,45
43,0,9
52,17,39
40,9,18
29,7,11
41,15,28
30,21,55
22,3,13
17,11,34
58,17,45
34,22,41
14,15,54
8,6,45
55,18,46
23,16,44
41,19,35
62,15,52
1,9,51
33,18,33
48,22,49
56,19,48
4,8,52
20,15,43
51,13,35
19,13,39
21,15,39
40,4,10
24,1,3
0,11,52
19,15,57
58,17,46
33,14,24
38,21,36
29,21,44
47,2,13
16,4,22
14,7,26
51,23,53
45,16,33
54,18,44
34,15,27
37,15,26
16,12,41
38,10,20
36,16,29
40,2,3
27,19,58
47,15,33
23,11,27
36,22,43
38,9,16
26,18,60
8,7,40
46,16,33
31,21,62
19,15,34
4,4,32
47,1,13
61,19,57
32,8,11
16,13,57
37,21,39
30,20,47
23,7,20
7,11,61
35,21,38
54,4,17
23,14,31
11,9,50
18,14,61
63,19,59
6,11,57
30,10,18
3,2,28
54,23,63
16,13,58
37,23,53
20,14,40
38,12,24
59,20,58
8,1,26
59,19,55
35,22,54
22,18,58
46,2,13
33,20,38
5,3,30
18,1,16
31,21,55
15,2,20
39,22,40
54,1,11
46,10,25
12,12,63
33,18,32
30,10,16
54,6,21
61,2,21
23,14,33
56,11,35
19,0,10
19,15,51
7,1,26
40,11,23
45,17,36
48,2,14
48,12,28
14,6,25
22,17,53
21,3,13
28,10,17
60,8,33
53,3,14
7,2,26
25,18,53
60,4,27
62,15,51
33,22,52
9,5,28
17,13,39
24,20,55
60,3,23
35,13,23
44,4,16
16,15,40
9,12,51
12,8,36
63,20,62
21,18,42
27,13,26
5,5,41
48,19,41
28,16,33
20,14,35
36,23,59
29,20,51
56,7,25
50,17,39
47,23,50
38,9,19
31,19,34
61,18,54
57,12,38
49,15,34
8,5,35
17,15,50
25,19,60
22,11,29
14,8,27
4,0,27
57,2,16
41,22,39
29,20,61
14,12,50
32,20,43
16,13,41
31,18,35
29,10,17
18,0,14
36,19,34
18,2,19
3,1,39
26,15,31
12,10,45
33,21,45
54,8,25
11,11,52
6,2,28
31,4,4
6,7,49
59,20,59
3,2,34
22,1,6
61,17,52
47,7,19
35,4,5
6,5,44
8,6,37
45,7,20
25,17,38
12,8,33
34,22,47
1,4,42
55,20,52
35,18,32
39,22,39
13,4,23
31,17,29
22,15,39
46,10,23
13,11,39
55,23,63
10,8,38
53,4,15
35,9,15
18,1,15
33,22,50
35,22,49
4,4,36
6,4,38
8,5,30
44,7,20
57,11,35
13,3,23
62,10,38
28,12,22
56,20,51
1,1,28
50,16,39
11,9,36
25,8,21
17,11,36
20,17,46
34,18,30
20,15,56
1,3,37
53,19,48
58,20,56
13,14,44
12,13,45
32,21,54
54,0,12
57,20,55
24,16,42
53,15,39
19,3,20
62,0,19
36,13,23
10,8,39
28,8,15
32,17,29
22,17,63
30,11,16
18,14,40
38,8,13
33,6,7
1,7,46
38,23,46
61,8,33
26,9,20
12,10,49
7,6,35
51,10,28
62,20,59
62,0,23
47,19,39
5,4,37
8,10,45
41,2,5
62,1,19
44,7,18
29,19,44
63,13,48
5,11,61
26,7,17
62,21,62
39,4,6
30,14,26
10,3,24
46,18,35
40,21,37
28,18,41
25,7,18
24,18,58
57,17,44
1,12,60
52,6,19
33,22,61
28,20,58
37,10,17
50,6,19
10,10,49
27,11,23
49,2,15
26,18,41
31,15,29
23,3,8
43,16,31
32,9,14
5,6,48
39,8,17
58,6,26
4,11,59
42,22,43
49,23,52
54,15,40
58,19,55
26,5,10
14,11,36
29,5,6
21,16,58
52,10,25
34,4,5
38,5,5
51,20,44
29,21,47
23,5,14
37,13,24
37,16,27
24,9,23
53,13,35
8,10,52
23,4,11
44,20,39
4,3,30
36,8,12
22,19,56
1,10,52
10,8,47
57,6,25
28,18,40
20,16,39
23,4,14
48,19,42
63,3,25
22,6,17
41,5,13
8,10,63
33,15,24
28,4,6
40,5,10
19,9,27
63,7,34
34,22,48
35,7,9
36,23,57
25,17,47
55,12,35
36,4,2
52,18,44
6,5,32
41,20,38
46,8,20
36,5,4
19,16,49
4,4,40
31,12,18
11,13,50
1,2,37
63,5,31
25,3,6
12,10,34
20,15,51
20,1,8
34,11,19
3,3,42
47,14,29
29,19,42
7,6,45
31,7,9
36,16,26
31,4,5
2,11,60
39,17,32
42,11,23
33,21,37
34,21,40
31,20,42
37,3,3
24,16,36
0,9,50
33,5,6
59,13,40
43,21,40
22,10,27
6,9,62
53,23,62
15,13,63
33,12,21
27,17,33
31,17,26
33,20,35
39,19,35
29,6,6
27,11,21
53,2,13
33,12,17
57,21,63
0,11,54
19,12,34
26,12,27
20,14,43
27,2,2
25,18,45
2,12,62
22,16,49
55,10,32
52,21,50
42,13,27
14,13,50
34,22,42
38,23,45
3,11,62
42,15,30
33,10,14
61,14,46
27,18,46
32,21,59
12,2,23
17,9,27
9,8,38
54,22,62
29,18,35
56,10,32
23,17,44
13,10,40
43,18,36
27,21,58
15,11,47
28,18,48
27,3,6
8,6,43
36,6,8
12,11,46
59,4,24
48,21,47
21,2,12
42,22,42
61,5,29
13,11,56
15,11,41
50,17,40
18,8,26
5,8,52
9,6,36
38,5,7
22,17,55
54,8,26
23,16,43
56,5,23
26,17,38
39,4,7
62,9,36
55,15,39
3,13,56
57,20,51
43,22,42
33,14,22
14,14,41
57,17,46
28,2,1
18,2,18
40,17,32
47,3,16
20,15,62
11,11,61
18,15,58
21,5,18
9,3,28
53,8,25
59,8,30
50,13,32
21,4,16
53,10,31
60,16,52
45,6,17
28,19,41
10,11,62
60,12,38
35,23,57
13,12,63
36,14,23
39,8,15
47,3,14
47,13,28
20,10,28
8,13,63
8,6,34
30,21,46
15,10,31
56,7,28
54,19,45
19,17,46
24,10,23
3,1,36
58,20,62
37,19,33
38,13,25
56,10,33
16,12,50
21,7,22
57,20,56
42,18,34
8,10,56
11,9,47
24,18,60
14,12,61
50,13,30
6,10,58
5,3,42
32,17,32
14,13,51
21,15,44
59,4,23
10,9,41
25,16,39
8,8,49
14,12,44
44,20,41
34,10,13
15,14,61
14,12,59
52,15,36
4,6,48
61,0,17
25,18,44
1,3,39
25,5,12
26,13,27
31,20,50
20,3,16
7,5,31
38,17,32
55,17,45
54,22,58
63,19,58
48,23,48
32,13,22
31,11,17
25,3,7
28,14,28
15,9,29
19,11,29
62,13,42
28,4,5
18,13,39
50,6,20
20,13,34
0,8,48
22,16,61
38,19,34
28,20,56
24,18,63
21,15,40
44,16,30
28,19,38
60,18,53
56,5,22
42,3,10
29,0,0
47,15,34
47,14,31
14,6,24
4,12,57
34,11,15
54,3,17
49,11,25
10,12,60
42,2,8
60,18,56
19,4,18
26,16,37
20,14,33
21,16,56
39,5,11
36,10,16
57,17,49
25,16,37
11,9,37
2,1,30
17,12,37
39,15,28
2,2,30
35,1,1
34,2,3
50,22,49
37,23,47
34,22,55
20,1,11
23,9,24
25,14,32
36,23,46
11,10,40
16,12,35
12,13,49
7,9,62
21,16,50
2,11,63
10,10,53
0,9,48
40,6,12
19,10,26
0,12,56
23,12,28
57,9,32
21,1,8
15,11,46
24,5,12
22,15,44
28,12,23
11,5,25
24,8,18
53,2,14
19,13,41
10,10,62
48,6,18
9,10,55
7,5,47
40,19,35
25,2,5
44,11,24
18,14,47
26,3,7
32,16,29
58,11,37
17,13,58
11,10,42
17,14,43
22,17,38
10,9,50
14,7,28
26,12,28
17,13,43
42,19,37
57,12,37
31,12,21
0,0,32
62,1,23
51,12,29
21,13,33
4,2,38
25,17,40
28,17,36
42,21,39
16,13,52
56,10,34
18,11,33
32,14,23
35,12,21
26,18,45
30,20,56
15,1,21
63,16,52
55,20,48
63,11,40
38,23,44
43,4,15
12,10,33
6,11,56
34,20,37
11,11,51
51,20,45
13,9,35
60,6,28
2,4,42
11,13,45
22,15,40
63,19,56
5,4,34
62,7,30
35,20,34
22,15,34
40,1,1
33,21,51
50,18,42
25,17,55
49,18,42
52,23,63
56,18,48
2,13,56
59,9,34
63,2,24
24,16,46
4,1,27
20,17,49
58,21,56
57,3,19
53,8,24
24,18,37
37,11,18
55,18,45
0,7,43
56,11,33
13,12,57
33,22,49
1,14,56
41,17,32
9,10,59
20,15,33
44,9,21
10,7,33
52,8,22
48,20,44
30,20,57
41,22,40
35,3,3
19,13,43
55,4,18
35,23,48
34,11,17
20,15,60
45,22,43
25,10,23
28,19,39
13,9,34
32,21,55
29,6,5
18,1,18
4,3,37
56,4,19
7,11,62
29,5,8
29,20,47
6,5,35
10,10,48
52,18,42
14,13,63
48,13,31
41,11,22
6,4,30
10,14,63
58,2,16
55,9,29
21,16,54
28,13,25
37,8,12
26,17,44
7,1,27
16,5,23
36,7,10
32,13,23
62,14,48
24,18,43
34,21,37
23,15,34
17,13,48
7,2,27
46,4,16
0,14,59
30,13,22
6,6,47
35,15,26
9,9,51
53,15,38
34,22,53
56,12,36
5,3,33
43,1,9
45,5,18
63,12,43
2,7,47
53,21,53
26,15,34
56,17,44
46,23,47
63,20,61
30,15,26
51,3,14
13,10,45
29,15,29
11,5,30
27,20,57
22,15,37
30,16,32
31,22,55
9,11,51
18,2,16
20,16,38
35,12,19
9,9,56
25,9,20
33,19,34
7,5,41
9,11,56
1,14,58
37,4,3
40,4,5
13,12,56
57,7,27
10,7,36
30,16,31
57,17,48
4,11,62
0,1,35
55,7,27
2,6,44
1,10,54
50,19,42
62,18,58
46,17,35
1,10,50
33,6,8
22,8,24
35,3,4
12,7,32
33,22,58
13,11,49
60,6,30
26,10,22
48,18,39
15,8,29
14,10,39
34,8,11
8,7,42
12,10,42
19,11,30
56,4,17
57,15,42
47,9,21
11,11,47
43,18,34
59,17,49
29,20,55
62,10,37
28,0,0
38,23,43
26,1,2
9,3,29
24,18,57
24,18,39
53,11,33
27,19,46
29,6,10
29,21,63
51,22,49
37,18,30
42,23,42
10,9,57
0,13,62
11,11,56
42,14,29
30,5,7
35,22,52
25,7,15
15,13,53
19,4,19
26,17,34
19,14,41
43,18,35
9,10,62
20,14,51
26,18,56
21,6,22
7,6,44
40,5,12
23,8,21
58,16,44
10,11,58
53,12,34
33,3,3
50,17,38
42,23,44
2,8,47
24,18,53
29,14,29
30,21,48
26,10,24
1,9,48
12,1,24
8,13,51
16,5,22
26,5,8
56,20,57
1,12,62
52,22,54
34,11,16
31,15,28
35,22,45
60,16,48
58,5,24
61,13,40
13,8,31
39,5,8
32,14,25
13,12,45
17,13,36
17,15,58
22,16,37
12,12,59
15,15,51
4,6,46
41,1,8
22,16,40
41,21,38
61,8,34
39,0,1
37,14,24
21,15,49
28,11,23
33,22,57
27,18,37
27,20,58
12,12,62
24,4,12
5,4,35
31,12,22
8,8,44
5,3,34
5,5,47
1,2,38
51,8,21
33,11,17
39,6,11
46,1,13
9,8,46
24,12,29
62,5,28
39,7,16
10,7,31
16,12,42
43,13,26
26,17,42
17,14,50
27,19,43
39,6,14
56,22,58
8,10,60
12,9,41
31,2,3
55,5,19
24,14,33
30,12,20
57,19,50
33,4,4
16,14,55
12,11,41
26,12,26
20,3,18
34,14,25
35,11,17
23,6,20
56,15,41
7,6,50
35,21,37
9,7,46
39,10,21
21,16,57
60,20,61
53,4,16
42,8,20
22,12,29
17,12,34
63,9,37
2,0,29
29,20,58
24,5,13
61,15,48
51,18,43
29,2,2
51,23,56
34,23,57
46,12,28
41,16,31
15,1,20
44,3,13
59,12,39
56,3,18
29,18,38
58,19,56
34,19,35
43,15,31
54,20,53
18,14,53
49,12,29
32,22,58
39,17,31
25,11,25
23,4,13
20,14,36
49,10,25
42,1,7
25,13,28
29,21,57
19,15,53
42,4,13
30,16,30
11,11,57
23,16,48
45,19,37
41,20,36
25,16,34
36,21,36
17,12,40
25,16,40
42,16,32
11,13,61
29,11,22
44,4,15
57,17,42
43,12,27
18,1,14
8,9,50
32,21,51
29,20,44
39,18,33
42,0,7
40,6,13
12,11,44
63,16,53
37,20,35
26,17,43
52,10,30
26,17,45
14,8,31
23,17,38
23,18,60
61,11,39
11,4,27
11,8,37
22,7,23
22,16,50
13,10,33
4,8,50
30,20,49
35,9,14
33,11,16
11,8,40
35,22,53
52,7,20
27,3,4
19,17,51
27,17,38
6,7,53
38,6,8
29,20,42
56,19,52
7,7,42
14,11,39
16,7,24
2,1,32
41,3,8
20,2,14
63,6,30
39,14,26
32,4,5
45,23,47
59,4,26
21,10,26
46,21,44
29,21,53
29,3,2
63,15,50
44,11,25
50,19,43
22,11,28
48,15,34
15,14,54
35,22,47
52,21,47
11,12,56
41,4,8
12,12,56
28,5,7
22,16,54
44,17,35
17,12,35
15,11,45
63,12,42
46,15,31
21,14,39
50,9,25
56,23,60
52,10,29
22,9,24
44,8,21
47,4,15
11,9,41
31,12,19
6,5,39
10,6,31
53,21,51
56,4,20
54,13,36
30,4,6
10,0,25
6,5,31
21,14,43
59,14,41
49,14,33
29,19,41
26,14,31
24,17,39
49,16,35
37,20,34
20,16,50
14,11,51
52,6,20
9,9,41
60,19,58
10,11,54
29,17,34
60,14,42
61,10,36
40,14,28
25,0,0
10,9,54
42,5,13
2,2,33
13,10,47
24,12,27
44,20,40
6,4,31
14,1,21
53,21,49
12,9,37
27,18,39
24,4,9
6,8,41
56,18,49
7,6,43
21,16,47
39,4,2
22,15,42
22,17,58
9,4,27
27,19,45
51,6,20
61,0,18
35,23,58
3,5,43
19,16,46
29,20,63
9,3,26
24,17,54
53,23,61
61,15,46
58,16,46
18,3,19
17,12,39
3,2,31
0,8,47
21,14,37
38,4,5
60,3,24
47,23,48
24,2,5
57,8,29
55,2,16
57,22,61
50,4,15
40,7,17
40,23,43
6,5,33
60,9,35
48,17,39
12,11,47
19,17,52
16,8,26
7,9,59
63,13,43
20,16,46
11,10,51
63,15,52
18,14,33
44,21,42
58,19,51
9,8,47
11,10,47
11,9,40
52,8,23
54,5,17
26,18,48
9,9,40
30,16,29
5,3,40
44,14,29
59,10,36
57,4,22
12,10,51
20,16,53
53,0,12
24,13,28
7,4,35
27,10,22
53,5,16
54,5,19
7,6,39
52,2,14
27,11,24
16,9,31
37,23,42
24,8,17
11,8,33
33,17,31
55,2,13
7,5,33
53,23,59
21,15,35
62,1,24
45,21,44
0,10,50
54,5,18
48,1,13
30,20,51
7,5,48
12,13,51
17,13,42
5,3,36
20,15,61
9,8,44
13,10,37
48,9,22
63,5,29
16,14,42
57,16,45
9,0,24
43,5,14
18,13,40
21,9,24
38,16,30
26,18,42
29,1,1
4,7,47
46,19,40
8,7,46
34,21,42
23,18,61
18,15,55
52,11,32
8,12,52
57,21,62
9,7,38
11,11,55
28,20,57
52,14,35
5,8,51
0,2,37
50,16,38
42,1,5
11,12,46
21,12,32
58,13,40
10,7,39
60,17,53
44,2,12
0,0,28
27,19,55
25,11,24
20,15,36
10,7,37
62,15,47
6,9,59
59,13,41
33,13,22
9,4,29
33,21,36
61,20,63
8,6,47
62,14,45
3,11,63
29,20,53
37,8,15
17,13,52
35,4,3
62,8,32
18,14,41
43,14,27
9,10,56
28,7,14
31,20,36
21,8,23
5,9,56
52,9,26
17,7,23
17,15,55
2,1,28
9,10,45
24,13,29
34,10,16
11,10,56
54,19,46
5,11,56
59,4,21
9,4,28
6,2,29
53,10,29
14,12,60
57,12,36
27,17,39
51,11,28
54,8,28
39,19,33
26,5,12
30,8,12
51,10,26
7,7,40
3,1,33
40,2,5
8,13,62
47,11,24
59,11,35
59,15,46
11,10,45
19,5,22
22,12,31
51,6,19
30,3,3
47,9,24
47,23,47
63,5,30
23,1,7
2,2,40
57,9,31
12,8,35
2,3,39
31,19,38
2,0,32
39,14,25
19,14,42
33,9,13
0,12,54
57,2,17
39,11,21
49,6,20
49,21,46
21,14,34
51,11,27
47,21,44
9,6,38
55,10,33
11,9,34
19,15,47
14,12,43
23,17,48
50,2,15
9,11,45
63,11,41
36,21,38
27,18,38
4,6,47
24,8,21
10,10,54
41,6,15
1,11,58
44,9,22
30,17,30
11,10,39
17,15,42
36,17,29
9,9,45
43,22,41
7,4,30
8,2,27
31,20,46
58,16,42
24,14,32
60,4,26
5,10,62
45,9,23
13,12,48
14,11,52
45,11,26
16,14,40
17,12,38
18,14,57
37,10,18
28,19,53
5,9,53
46,14,29
4,4,46
51,15,35
60,19,56
44,10,22
21,15,56
61,12,39
63,11,39
3,9,50
52,23,58
4,12,58
16,14,63
15,11,34
56,21,59
56,16,42
4,10,62
19,15,42
59,20,63
9,10,58
29,20,50
7,1,28
37,23,55
59,14,43
55,6,24
29,19,48
19,16,42
58,11,34
58,9,34
31,21,40
14,11,43
19,8,26
7,13,63
1,8,49
56,11,34
49,10,24
28,19,46
61,16,53
46,9,23
63,0,22
43,6,16
29,9,14
23,16,38
6,8,55
16,13,45
25,4,9
47,21,43
57,19,54
33,18,31
52,22,55
36,12,20
35,23,55
15,6,24
32,20,38
16,13,59
60,21,63
53,1,12
52,3,14
61,20,61
23,6,19
31,20,41
23,15,36
20,2,15
39,4,8
25,5,13
18,1,13
29,6,8
15,11,42
37,4,4
13,13,43
29,22,60
15,0,21
22,2,12
18,14,49
20,1,13
32,12,21
36,16,28
51,18,41
49,23,54
34,21,36
50,14,33
30,21,43
3,5,46
29,21,46
45,0,13
35,7,11
20,14,52
21,10,25
24,1,4
6,11,58
27,4,6
45,18,36
49,11,27
22,5,16
26,4,6
39,12,25
19,11,27
8,9,60
48,4,17
12,6,27
6,9,58
58,21,62
23,5,16
28,17,34
14,8,26
7,3,29
15,11,38
25,16,35
33,22,51
24,17,37
58,5,23
21,6,20
20,9,26
42,5,16
43,23,44
24,16,51
8,11,60
53,13,36
7,8,38
43,23,43
39,1,1
50,20,43
19,16,44
1,5,42
31,10,15
43,14,29
34,4,6
28,9,17
8,7,43
33,16,28
19,15,52
56,1,13
56,21,58
63,13,46
54,20,49
18,2,17
10,9,48
42,5,12
61,16,52
41,4,9
32,22,52
43,23,46
52,23,62
55,13,37
62,14,46
19,4,20
11,11,58
22,16,57
11,9,46
58,9,31
7,8,53
42,1,8
11,10,52
11,12,60
30,21,50
29,13,23
58,16,47
32,16,26
43,11,24
10,13,57
11,11,46
33,8,9
58,17,51
57,14,40
11,12,63
53,8,23
12,12,46
27,12,23
31,19,35
35,22,40
45,9,21
59,6,27
22,1,8
17,9,29
55,18,48
37,14,25
11,10,41
31,21,51
1,12,52
19,4,21
15,12,46
44,23,47
58,9,32
16,13,50
5,4,36
8,14,63
29,11,16
56,2,15
38,19,35
63,16,54
47,22,48
2,4,43
40,20,38
62,15,46
61,4,26
26,7,16
10,4,29
40,7,16
36,12,22
28,5,6
14,9,34
54,23,58
7,7,49
6,9,40
22,16,55
60,15,47
6,5,46
25,1,5
47,10,24
6,6,48
23,15,41
7,5,44
19,14,39
16,13,48
34,17,31
43,13,27
26,2,4
56,0,13
28,1,0
11,12,61
55,11,35
12,12,41
36,5,3
36,23,56
45,15,32
1,3,38
60,10,37
42,20,39
17,4,20
16,14,41
9,9,52
50,7,21
58,20,61
31,9,13
6,5,41
14,13,55
8,8,51
40,3,6
45,19,40
15,12,56
21,17,54
54,19,49
56,4,18
36,22,40
7,8,57
33,2,3
23,14,32
37,13,25
25,15,33
12,11,45
53,20,48
18,9,27
35,13,21
26,8,14
58,14,39
51,7,21
22,18,37
56,21,60
51,15,36
54,14,38
7,6,36
38,1,1
8,6,38
30,17,29
5,12,58
21,3,10
18,16,52
50,1,14
34,10,14
25,11,27
15,13,60
46,15,32
4,13,57
37,20,36
31,17,32
49,18,40
37,7,13
19,16,61
30,1,2
56,19,50
60,16,50
51,14,36
14,13,59
49,16,37
26,19,55
9,7,36
28,9,18
62,6,29
8,10,50
15,13,50
0,0,30
42,5,15
2,3,40
47,15,31
22,17,42
36,23,63
31,18,33
10,6,32
51,9,26
60,10,36
51,22,52
21,4,14
52,10,27
57,19,52
7,7,37
39,23,43
4,11,58
9,12,57
19,6,23
21,16,63
29,8,13
6,8,53
34,22,46
58,4,25
8,8,52
26,17,48
14,12,49
56,23,61
8,7,44
51,22,50
60,8,31
50,12,30
20,5,18
35,14,25
20,4,16
4,3,38
39,12,24
20,0,7
31,18,32
33,15,25
4,7,49
5,3,35
48,20,41
18,13,43
36,12,19
39,5,7
28,20,54
26,19,58
31,13,24
1,11,54
49,0,13
33,19,36
26,9,18
12,8,30
63,14,45
51,21,46
59,17,47
57,8,31
12,8,31
21,12,30
44,18,33
26,9,21
35,23,44
13,11,57
59,18,54
58,11,36
10,4,27
48,11,26
20,14,44
42,2,11
41,23,42
0,3,40
18,0,18
54,9,30
56,21,61
22,6,21
14,12,53
30,22,55
4,9,48
42,15,31
9,7,43
22,4,11
2,12,60
13,13,57
19,0,12
43,5,16
52,13,35
5,10,60
46,23,48
0,2,38
34,12,20
13,13,55
28,2,2
62,3,25
54,23,61
34,23,59
48,10,25
50,12,29
24,7,16
58,15,43
62,15,50
8,6,35
32,11,19
33,8,11
5,4,39
38,5,8
29,19,38
17,17,54
17,14,34
36,7,11
31,20,48
0,3,37
34,23,62
28,21,57
24,13,30
35,11,19
1,0,36
21,15,43
27,18,42
0,12,58
63,6,31
1,10,53
63,7,32
11,6,30
17,13,56
62,11,40
38,23,47
35,23,56
55,9,30
18,14,50
58,7,28
9,8,39
46,12,26
25,18,50
40,16,31
19,13,37
20,16,55
24,18,44
7,9,50
57,8,30
18,2,15
24,16,33
48,7,19
56,6,25
17,14,44
28,20,62
16,9,28
62,20,61
25,18,36
24,16,34
17,15,43
29,3,4
56,0,14
45,1,12
51,5,17
26,18,52
2,9,49
22,3,14
29,3,1
54,2,14
19,15,63
42,0,6
11,11,41
11,12,59
14,2,21
62,13,45
38,15,29
33,23,62
4,10,63
19,16,45
49,15,33
38,6,11
17,16,54
54,10,32
60,5,26
2,5,45
27,18,54
13,12,47
54,22,56
27,18,35
56,19,49
30,21,59
45,3,14
34,9,13
26,20,57
57,18,50
7,6,49
18,14,54
40,12,24
52,23,57
55,6,23
57,22,63
12,10,32
2,10,53
18,15,61
44,18,36
20,15,47
7,10,60
36,6,7
37,19,35
34,22,58
16,11,38
37,12,22
61,16,49
38,14,26
57,18,51
22,8,22
47,20,43
19,10,29
39,20,36
22,16,43
0,12,55
1,13,63
35,23,45
3,8,48
41,1,7
58,15,41
28,10,18
19,16,51
38,1,0
21,13,32
30,20,48
17,4,23
57,21,57
62,20,60
28,18,35
32,1,1
53,18,45
37,23,50
7,5,35
0,12,60
56,5,19
62,14,43
59,7,31
31,20,52
26,2,2
11,9,35
34,21,43
23,10,27
53,22,57
38,7,15
26,14,32
48,11,25
56,21,62
23,8,22
10,7,32
55,16,41
39,10,19
35,23,49
15,10,32
62,6,31
20,14,39
35,8,11
29,19,37
41,4,11
2,11,58
53,18,42
12,12,58
25,12,28
32,22,62
61,19,59
40,21,38
39,19,34
15,13,46
57,19,51
19,12,33
9,14,62
1,0,30
18,15,35
9,8,45
53,23,63
21,6,21
30,9,14
36,23,53
7,6,47
10,6,33
32,12,20
38,9,18
3,12,55
30,16,28
37,20,33
10,10,61
53,14,35
23,1,4
13,12,40
49,17,40
33,8,10
2,1,39
26,8,18
38,12,22
53,22,59
28,19,60
15,13,52
50,23,55
37,22,40
33,14,25
2,0,34
3,5,44
34,23,58
35,18,30
19,14,43
12,12,60
54,7,23
51,9,25
42,11,24
32,14,24
23,16,49
51,4,15
15,13,55
28,10,19
12,10,38
49,4,16
63,14,48
53,8,22
63,20,60
24,13,31
30,21,61
15,11,39
5,4,30
54,22,53
39,7,14
43,2,10
25,18,62
13,13,58
19,13,45
17,12,33
11,13,49
22,17,57
13,11,53
22,13,28
63,3,27
53,11,30
40,10,21
61,6,29
61,14,44
32,20,41
62,12,42
7,5,45
16,13,44
57,16,43
23,0,4
17,7,25
4,4,45
41,18,34
11,9,49
56,13,39
47,12,28
44,14,28
35,23,50
54,17,44
54,6,19
30,18,33
17,3,20
36,23,51
11,3,24
34,22,50
4,4,29
23,17,55
28,4,4
28,19,35
30,20,53
53,20,47
57,7,28
15,13,56
52,23,54
46,15,30
8,7,38
5,10,61
2,12,59
61,9,35
20,10,27
43,7,17
52,14,36
63,15,49
19,3,18
26,11,24
31,1,1
36,22,39
13,6,28
23,10,24
12,12,49
23,10,25
59,3,21
49,7,19
27,6,11
52,10,28
32,19,37
20,10,25
39,22,38
12,10,52
51,15,37
4,14,57
54,5,20
46,17,34
23,5,17
16,11,41
56,18,50
35,1,2
35,2,3
44,18,35
31,9,14
31,21,45
26,4,9
33,22,47
53,19,45
60,13,41
12,7,27
6,10,60
16,1,20
34,19,33
26,13,29
54,21,52
36,11,18
19,3,15
46,8,21
61,16,51
34,14,23
27,19,52
55,19,48
19,15,45
46,17,36
39,10,20
62,16,54
19,2,15
8,6,32
18,3,18
39,21,39
30,19,42
30,6,9
3,2,30
46,19,39
14,11,45
12,13,50
29,21,54
7,6,37
21,15,54
55,22,59
20,16,49
6,4,35
21,16,61
18,13,47
38,10,19
20,4,20
8,8,57
20,12,29
53,21,55
41,1,4
2,1,29
50,12,28
30,0,1
11,6,29
17,11,33
29,10,16
18,14,42
60,19,57
38,8,15
20,0,10
44,19,34
51,1,13
27,18,41
61,2,25
31,8,13
49,18,41
12,9,39
48,13,30
12,11,39
15,13,42
3,12,56
55,17,43
32,14,26
58,4,19
58,19,53
24,11,25
61,5,27
14,12,57
31,22,62
24,16,48
21,16,59
3,2,38
19,15,62
53,22,52
22,17,60
47,16,33
37,23,41
27,4,5
59,6,29
19,13,46
4,4,38
16,4,21
57,14,41
28,19,58
12,13,58
26,18,54
34,8,10
27,9,20
30,3,2
24,18,36
8,8,40
13,12,43
42,2,9
63,14,46
17,16,55
52,16,38
42,1,9
56,3,16
56,22,60
1,11,53
8,9,57
4,9,55
24,16,43
34,23,61
21,16,37
54,15,38
51,16,38
18,10,30
61,2,24
55,7,23
17,14,60
56,1,14
6,0,27
30,13,23
31,21,58
47,7,21
16,6,23
30,20,44
44,5,16
39,15,29
23,8,19
16,9,29
28,20,60
58,15,44
57,11,36
25,7,14
30,11,19
46,5,17
30,20,43
51,22,54
24,19,55
5,10,58
28,15,31
5,6,49
17,2,20
17,13,35
19,11,32
53,23,60
14,13,58
2,10,51
35,23,61
55,14,37
14,0,22
30,21,49
9,9,43
14,13,43
23,3,9
11,9,44
38,12,21
21,11,29
44,1,9
9,6,34
4,10,61
50,23,50
16,14,56
26,4,10
49,12,30
33,21,40
30,7,8
10,5,26
7,11,63
51,9,24
38,20,37
40,10,22
56,5,24
4,3,29
18,14,43
37,11,21
11,0,24
12,2,24
20,12,31
4,8,49
3,1,29
26,1,0
49,5,18
33,21,47
20,12,30
19,1,13
3,13,61
44,23,45
5,6,47
56,17,47
58,17,44
33,22,44
27,6,13
47,11,25
19,17,42
52,15,37
28,6,9
55,21,53
12,11,40
12,9,40
16,12,48
17,12,44
40,20,37
28,16,32
6,10,61
27,18,52
9,7,35
25,13,29
22,7,21
26,18,57
18,11,32
52,22,50
23,16,52
50,10,26
57,20,54
35,11,20
30,17,33
29,21,58
7,5,40
28,14,30
16,16,41
26,18,58
17,11,32
12,5,27
17,13,41
12,7,29
14,12,47
44,6,18
59,21,59
12,9,36
42,7,18
19,12,31
8,9,40
20,11,31
7,10,51
34,12,19
32,10,15
31,16,26
42,6,16
49,7,21
59,16,43
28,5,5
9,11,63
41,16,32
44,9,23
28,21,47
41,8,11
19,13,35
55,19,50
51,13,33
50,8,23
24,9,24
47,19,41
7,14,62
33,20,36
51,15,38
49,2,14
4,1,28
3,2,39
16,12,40
63,14,50
11,8,38
40,8,18
59,19,58
59,7,29
15,11,43
4,8,51
44,18,37
40,1,2
17,2,19
28,13,27
59,7,30
35,6,8
45,13,28
22,5,18
17,13,49
60,7,29
30,11,21
49,5,19
16,12,53
63,18,55
6,7,39
30,5,6
59,2,18
38,3,1
20,1,9
39,17,30
0,1,34
38,4,4
37,17,31
59,17,48
20,15,45
7,10,58
36,18,30
31,9,12
21,16,60
9,11,57
23,9,22
41,16,30
23,15,33
1,2,39
48,16,34
35,22,39
13,11,34
18,15,56
17,0,16
16,14,62
48,12,27
32,22,57
11,10,43
35,19,34
25,17,56
34,1,0
23,14,34
57,6,24
26,6,13
48,13,28
20,5,20
30,10,17
56,21,57
55,10,30
51,17,40
18,7,23
56,14,38
50,21,49
31,5,7
24,18,59
24,18,62
1,6,44
7,6,41
47,19,40
63,13,47
30,15,29
42,9,19
19,14,57
3,8,49
48,3,14
44,8,20
13,10,44
8,12,51
52,5,16
62,8,33
52,20,46
38,6,5
56,18,47
30,15,25
22,13,29
20,16,33
7,7,44
17,11,31
27,0,0
2,6,46
21,2,13
12,10,36
31,21,46
52,20,48
8,8,39
17,15,61
22,17,59
59,16,49
29,19,39
33,22,59
22,16,46
7,5,39
8,7,39
38,12,23
16,10,33
8,10,61
62,17,54
25,4,10
24,12,28
55,14,39
57,9,33
36,23,52
31,16,31
38,23,41
15,9,30
21,5,20
30,18,34
22,16,44
20,16,61
45,1,10
33,19,35
31,8,12
34,22,43
42,23,45
27,2,1
40,23,41
30,20,58
22,5,15
7,5,46
5,5,46
41,23,45
25,18,41
33,21,49
28,15,29
50,23,52
22,2,8
46,18,38
59,11,36
6,6,39
30,21,57
23,0,5
48,7,20
58,17,50
7,7,52
43,2,9
5,9,57
11,12,55
11,10,48
52,10,26
50,13,31
56,22,63
11,13,46
27,18,53
37,14,26
61,10,38
11,10,38
3,10,55
61,2,23
28,19,56
52,5,18
36,10,17
18,9,26
59,15,43
59,0,17
30,11,17
15,8,28
27,18,48
25,4,8
30,17,32
33,15,26
26,8,17
25,0,2
20,5,21
35,10,16
11,10,53
58,20,60
29,3,3
30,21,62
60,11,37
11,5,29
2,11,59
6,3,29
57,3,18
31,21,63
11,8,34
25,17,44
32,2,2
27,15,30
18,8,25
55,4,17
61,14,45
37,4,6
29,18,36
37,1,0
0,6,44
42,18,36
16,14,58
55,23,62
9,12,62
23,17,54
34,17,29
53,22,54
16,11,34
12,10,39
61,15,47
0,13,58
53,6,20
48,13,29
28,11,22
20,1,14
48,16,37
58,20,50
62,15,45
34,6,9
55,0,12
40,14,26
51,11,26
39,11,23
43,20,39
28,12,26
23,4,10
43,20,40
21,17,46
25,9,21
55,2,14
13,11,48
52,14,37
32,5,6
27,1,0
22,15,48
12,14,48
20,15,46
28,9,16
35,14,23
16,13,55
8,3,28
59,3,22
10,8,42
0,5,42
50,21,47
29,16,31
58,5,27
45,19,38
52,19,45
41,1,5
20,14,38
13,12,46
24,17,59
9,8,48
42,19,36
7,6,34
35,16,26
55,0,11
2,4,40
22,11,27
44,6,19
9,6,31
10,9,45
63,17,54
22,15,49
7,8,51
22,16,38
12,12,61
59,20,62
17,15,34
8,4,31
59,19,53
10,5,29
45,20,41
2,0,27
0,0,34
36,5,7
60,14,41
17,15,40
42,20,38
14,14,54
18,10,29
24,17,50
40,3,9
39,8,12
26,15,30
12,13,56
41,4,7
30,18,37
11,12,52
49,20,42
10,13,59
23,16,55
41,13,25
29,20,54
31,7,10
24,3,7
41,5,12
12,11,57
2,9,52
62,18,56
20,14,49
30,1,1
53,9,27
63,19,57
50,15,35
56,15,39
5,3,29
63,7,33
59,6,28
26,17,36
55,18,47
57,17,45
5,2,28
0,10,52
29,17,33
21,15,46
56,9,32
28,19,62
48,5,19
26,6,14
7,12,60
63,12,44
39,23,46
42,1,4
28,4,7
31,22,60
45,16,34
18,13,36
31,21,50
54,15,39
22,7,19
17,15,63
29,8,12
9,7,37
24,17,42
38,9,17
24,18,56
27,18,55
23,11,29
63,8,34
3,1,37
35,8,13
54,9,26
9,9,60
39,3,4
22,1,7
48,21,46
13,6,25
34,22,49
32,10,14
32,19,34
56,22,61
54,17,42
50,2,14
11,7,33
17,1,20
16,10,32
53,22,56
53,7,22
4,2,37
7,11,57
33,7,9
60,2,20
7,9,57
9,9,57
44,13,28
30,21,60
19,2,14
26,19,63
3,3,40
22,17,43
24,8,19
60,6,29
44,22,44
19,12,32
34,16,27
52,9,23
53,9,25
37,7,11
54,22,61
18,16,41
47,8,21
32,6,9
53,19,44
40,7,12
15,12,41
13,11,58
54,1,13
61,16,47
14,11,41
40,21,39
10,9,42
55,7,26
36,1,0
0,3,38
62,19,56
45,22,45
32,22,55
29,7,12
28,17,35
47,16,34
12,4,23
20,16,52
55,1,12
37,17,29
24,2,8
25,6,15
16,12,37
24,17,47
4,11,63
6,5,47
47,6,18
33,20,39
59,15,42
50,1,13
26,19,60
14,4,24
4,4,44
63,10,38
58,12,36
23,16,57
11,5,24
60,20,58
21,17,42
28,16,30
61,19,58
26,14,29
11,12,48
33,19,33
59,5,25
25,17,53
9,9,53
50,5,17
8,8,55
0,7,44
31,1,2
25,2,3
53,16,41
9,6,32
49,7,20
50,11,26
0,0,33
37,11,20
36,16,27
41,7,15
30,20,52
51,9,23
57,16,44
54,8,23
54,22,59
27,19,60
42,5,14
10,9,34
22,17,61
35,1,0
60,7,30
50,20,44
10,10,56
58,19,50
37,9,15
42,10,23
55,11,33
35,6,9
47,10,23
45,3,15
35,18,31
54,12,33
36,14,25
51,22,55
63,8,33
27,14,31
18,12,36
3,11,59
39,4,3
19,15,60
34,23,63
1,0,35
19,5,19
23,16,42
28,8,14
61,14,42
10,9,40
21,15,33
28,13,26
22,18,43
45,0,10
55,22,63
26,16,36
9,7,34
17,10,30
18,5,22
30,13,24
2,10,55
29,17,30
22,15,52
13,0,22
29,10,20
23,13,31
8,8,41
48,18,38
17,16,40
43,22,43
44,22,42
22,16,62
21,16,49
12,14,55
57,21,61
39,18,32
2,11,61
35,21,36
15,10,36
62,19,58
26,6,11
12,8,32
38,7,11
52,22,53
51,19,45
25,16,33
53,8,26
56,20,52
39,14,27
51,8,23
12,11,55
48,8,22
20,8,24
24,8,22
32,18,33
39,14,28
38,17,31
16,8,27
17,9,26
12,10,41
29,11,19
43,6,17
30,14,24
59,19,59
14,13,52
35,15,27
4,2,29
34,11,18
58,16,45
39,23,45
33,21,41
59,3,23
24,4,11
45,11,24
58,0,15
36,2,1
34,12,17
47,12,27
29,12,23
10,10,57
62,13,41
1,4,40
11,5,28
43,4,12
10,11,63
29,7,10
46,9,21
28,20,46
57,5,23
59,16,47
28,19,61
29,19,51
18,13,49
11,7,34
11,13,52
23,17,37
58,21,50
17,13,34
13,8,33
25,12,26
33,9,12
61,5,28
8,9,56
40,3,2
27,1,1
58,3,19
63,11,38
5,3,41
39,5,5
40,23,45
53,5,17
28,20,59
33,1,1
24,17,56
31,21,53
20,5,22
59,16,45
41,10,21
56,16,44
5,10,51
50,21,46
44,7,19
44,15,31
52,11,31
40,18,33
17,14,61
48,23,51
37,3,2
21,2,11
17,14,41
18,7,22
30,19,39
54,9,29
19,3,17
48,10,24
56,13,37
22,15,41
28,9,15
6,5,37
9,10,60
34,15,26
43,10,23
26,14,30
15,9,32
31,6,7
23,16,51
10,6,29
26,18,40
10,10,43
41,21,40
15,3,21
18,15,60
15,13,57
23,4,12
57,10,34
29,19,46
50,16,37
7,8,56
21,15,53
51,11,31
39,4,9
13,11,55
62,16,52
45,20,39
17,14,62
47,22,45
18,16,42
45,23,48
10,11,53
47,10,25
39,21,37
46,11,26
24,15,37
4,3,39
38,13,23
13,2,23
7,8,44
10,12,53
20,4,19
32,5,7
27,17,34
25,8,18
31,20,51
43,9,21
39,13,25
18,13,37
28,21,63
42,4,14
54,19,48
21,13,34
5,9,51
26,15,32
52,4,16
18,14,56
28,19,48
32,3,3
32,15,27
62,4,27
60,20,60
14,5,24
17,15,41
11,5,26
9,12,52
28,10,15
5,8,49
45,18,38
21,2,8
47,22,46
6,5,48
0,12,59
4,3,40
27,12,25
30,20,42
35,15,25
52,17,42
2,14,56
23,17,58
16,4,23
24,16,45
53,4,17
36,8,11
16,12,44
32,21,47
0,2,36
20,15,38
0,5,43
63,17,56
33,15,27
39,9,17
55,6,21
56,20,55
29,20,49
23,2,6
46,18,36
9,8,37
16,12,51
60,9,33
30,20,60
9,6,35
2,5,44
20,4,18
6,6,41
31,18,34
26,1,3
47,20,42
7,11,60
32,21,45
63,20,59
25,18,56
10,8,49
42,1,6
44,21,43
39,18,34
21,16,52
51,21,50
9,6,30
58,13,39
60,19,60
14,10,36
44,12,26
18,11,30
3,11,57
58,21,61
42,8,19
3,3,38
62,21,63
63,18,57
12,14,50
58,12,37
29,11,21
59,2,19
30,20,54
16,12,43
34,21,41
54,17,43
11,11,54
36,9,13
5,12,57
43,3,10
43,9,20
44,13,29
32,18,34
58,18,53
37,23,54
10,10,59
38,20,35
25,8,19
45,3,13
51,18,44
61,15,43
50,3,15
59,17,51
15,10,34
8,5,31
26,18,63
20,15,53
9,1,25
25,19,56
37,22,43
20,15,44
1,12,63
11,10,58
36,23,44
23,2,7
46,4,15
21,1,9
21,17,62
10,10,51
5,1,27
11,5,27
19,14,44
3,3,33
3,11,61
40,22,41
34,20,35
36,23,62
60,15,46
13,11,46
2,0,36
58,21,55
9,9,49
36,10,18
18,6,22
18,0,17
26,17,37
61,21,62
2,11,55
19,1,11
60,3,26
11,10,57
35,13,22
35,5,7
52,9,25
13,11,54
15,11,44
32,16,27
62,19,60
8,5,34
53,1,13
58,8,31
60,2,24
52,16,40
57,15,43
23,17,63
60,15,45
14,5,23
53,15,40
8,10,53
55,3,16
48,22,46
41,23,44
29,19,43
38,21,39
39,16,31
28,4,3
13,1,23
28,19,54
46,21,45
36,20,35
9,5,27
11,11,42
10,2,24
31,20,43
24,16,47
35,22,43
54,11,34
28,3,4
37,23,48
56,19,53
56,6,24
39,7,15
58,1,16
60,10,34
0,5,40
37,18,33
28,8,17
53,13,34
23,17,60
30,5,5
31,20,47
49,10,26
24,16,37
31,10,16
34,13,21
39,7,13
51,4,16
51,20,43
57,5,25
51,20,47
19,2,18
39,4,4
60,13,40
59,15,45
1,12,57
54,21,53
55,16,43
22,7,22
11,11,62
13,12,54
49,4,17
59,3,20
21,11,26
26,16,35
0,12,62
36,15,25
11,12,62
16,11,31
18,15,54
15,14,42
61,11,38
8,7,47
48,14,33
49,13,31
43,8,20
44,10,23
28,12,25
60,4,25
52,15,39
26,13,30
51,1,14
32,6,6
1,1,31
49,20,45
16,15,55
50,9,23
7,9,43
24,17,36
36,12,21
54,4,16
54,11,31
2,9,50
50,15,36
41,17,31
60,9,34
10,8,37
59,4,20
34,8,9
31,20,39
18,14,63
10,12,56
27,12,27
48,6,20
15,10,33
43,21,41
13,13,63
25,11,26
58,16,43
22,17,37
52,11,28
11,10,50
30,19,37
24,15,35
41,6,16
33,23,63
21,17,43
48,22,47
30,7,9
56,2,17
46,1,12
25,0,1
18,14,39
3,12,57
11,11,63
7,5,34
53,6,19
29,12,21
19,16,62
52,21,53
19,16,59
1,12,54
50,10,24
23,8,24
28,13,28
37,5,6
33,21,52
22,14,34
29,14,28
46,18,39
35,2,2
27,18,40
39,23,42
20,14,45
33,7,8
4,4,41
20,12,28
59,10,34
38,7,14
52,7,22
28,18,43
14,10,40
7,7,39
4,12,63
36,20,34
2,13,61
33,21,46
31,8,10
53,16,39
44,23,46
10,12,62
38,7,12
34,22,45
59,9,33
20,12,32
21,16,55
19,11,31
10,14,62
18,4,21
25,2,7
12,6,26
49,1,13
39,13,26
22,14,37
12,5,25
37,7,10
24,5,11
22,16,41
30,8,14
16,12,46
45,15,30
18,12,40
26,18,43
16,11,40
30,7,10
55,11,34
36,23,48
49,19,43
38,14,25
29,13,24
26,18,55
46,3,15
22,15,46
17,2,18
26,3,4
42,17,33
16,15,54
57,23,60
43,1,8
5,13,56
19,0,13
5,8,53
45,2,13
50,7,20
5,3,37
27,11,22
44,16,32
1,1,38
22,12,28
62,8,35
27,9,17
37,16,28
51,11,30
24,6,16
34,9,14
19,13,36
39,3,2
25,18,43
51,17,41
62,0,18
37,16,30
29,20,46
1,11,57
60,2,22
10,11,57
25,15,34
8,9,51
54,10,30
19,16,52
17,13,57
38,8,12
37,5,5
9,2,26
13,6,27
24,17,44
8,9,42
58,10,33
30,20,61
28,16,34
51,13,32
49,16,36
14,9,31
22,6,19
20,15,54
11,8,39
31,15,26
43,20,38
3,7,47
36,11,17
21,14,38
60,20,63
41,7,18
22,4,12
54,19,44
8,10,42
17,14,58
62,7,33
22,19,55
58,11,35
43,16,32
9,9,44
4,3,41
2,1,37
3,9,53
39,9,19
51,10,25
6,9,55
41,12,25
27,5,9
35,17,28
3,4,43
36,6,9
14,13,57
26,5,9
18,14,48
27,18,43
24,14,31
58,20,55
11,8,41
16,15,41
21,17,58
12,11,61
41,22,41
24,16,35
13,5,24
55,10,31
61,21,63
7,4,33
36,9,15
41,14,28
25,10,24
46,10,24
46,15,33
14,13,40
11,7,30
7,6,48
43,17,34
54,22,57
6,6,50
14,0,21
53,7,21
5,4,42
61,19,60
23,3,10
61,16,48
39,7,12
52,19,46
19,11,28
63,21,62
62,20,62
41,5,14
24,17,48
14,13,41
39,2,1
21,14,36
22,16,45
7,13,51
36,1,1
11,4,26
52,6,18
38,18,33
61,6,28
14,7,27
7,12,61
54,6,20
40,2,4
17,14,40
40,7,15
10,8,40
38,5,4
28,19,43
58,14,40
23,18,56
22,6,18
46,21,42
10,8,36
40,19,36
50,22,51
26,4,8
11,9,33
6,4,42
1,1,32
20,13,39
62,2,25
15,11,40
49,17,38
42,15,29
31,14,26
53,5,19
44,16,33
15,13,62
28,19,63
18,12,35
55,22,58
57,4,18
60,0,17
48,9,24
33,14,23
18,14,59
38,8,16
32,0,1
49,22,51
31,14,27
3,3,35
2,2,38
16,14,54
20,11,29
58,21,60
54,19,47
18,16,44
37,9,16
63,0,24
4,11,56
62,4,28
22,15,45
8,9,58
16,14,50
31,11,16
63,14,51
56,22,59
6,4,43
9,10,51
40,19,34
4,9,56
12,7,30
38,0,0
46,22,46
23,8,23
49,20,44
55,14,38
33,21,39
49,13,32
36,4,5
58,5,26
56,12,35
15,5,23
2,8,48
13,10,36
19,14,36
31,16,28
13,10,35
29,1,0
60,13,39
12,11,58
0,7,46
57,20,53
4,3,35
51,11,29
54,7,22
12,6,28
23,9,25
20,0,8
38,23,42
6,5,38
39,9,18
56,13,38
33,21,54
40,3,3
12,6,25
9,11,62
48,18,41
16,10,34
35,8,10
26,6,12
13,12,60
5,7,50
55,20,53
14,12,48
4,2,28
26,18,44
5,4,45
6,5,40
45,17,35
24,2,7
20,5,19
19,15,50
16,13,61
52,22,52
42,17,34
26,18,59
32,22,61
20,15,39
40,18,35
33,22,56
49,9,22
10,9,47
5,12,56
50,22,52
11,4,25
5,9,52
45,22,46
32,18,32
24,17,57
15,7,24
22,18,55
3,10,54
30,21,58
37,2,1
20,14,48
35,20,36
8,11,62
6,10,59
16,11,33
54,12,35
44,5,17
55,20,50
19,14,54
42,17,32
13,13,41
21,12,29
29,20,60
55,13,36
35,23,63
16,7,26
7,10,56
51,5,18
62,13,43
58,3,18
40,17,31
26,10,23
14,2,22
51,16,40
8,12,62
18,0,15
53,15,37
34,18,31
32,8,10
24,4,10
36,23,47
25,8,17
22,8,20
40,0,1
57,19,49
32,10,13
28,21,60
44,17,32
10,7,34
19,15,54
7,5,37
58,10,34
49,9,24
25,6,13
32,11,16
20,14,41
26,9,22
26,11,22
24,16,44
17,14,55
7,9,53
57,18,48
56,8,28
10,12,59
46,16,32
27,4,4
9,7,42
39,3,1
12,9,33
8,1,25
37,6,9
24,16,39
9,12,45
25,5,14
32,4,6
3,10,53
59,19,57
4,2,35
5,0,27
21,15,52
29,19,47
35,21,39
51,4,17
6,10,57
35,10,17
49,22,50
16,13,60
18,10,27
21,15,37
56,7,26
28,10,20
30,12,23
47,5,18
31,21,60
50,10,25
35,23,47
11,6,27
24,11,28
8,2,28
62,5,30
29,9,18
46,14,31
15,12,38
31,15,27
60,15,44
31,3,3
18,13,48
53,23,58
19,2,16
19,14,55
16,12,47
47,13,29
38,19,33
22,15,35
55,22,62
39,4,5
31,10,17
12,11,49
50,6,18
22,18,38
27,15,29
29,6,7
30,21,47
9,1,26
20,16,56
28,10,16
42,13,26
16,13,39
58,4,21
5,13,57
60,2,19
37,16,29
10,13,63
35,22,44
14,13,54
23,17,39
6,7,40
59,3,24
14,10,33
21,14,35
17,14,57
2,5,43
22,16,47
22,19,54
24,17,40
18,15,57
50,14,35
45,21,42
26,17,41
22,17,44
56,5,21
20,15,49
20,14,47
58,21,59
43,12,25
50,22,48
24,6,17
0,4,38
11,8,35
36,8,14
29,19,54
25,6,14
7,7,46
60,11,36
48,23,53
27,20,63
20,16,47
50,18,43
29,7,9
46,9,22
54,4,18
36,22,41
34,1,2
37,11,19
54,21,55
15,13,41
43,21,42
20,16,63
59,7,28
47,1,14
25,17,42
53,10,27
61,9,34
37,2,2
1,1,36
29,20,48
3,9,48
42,9,21
40,1,3
5,14,57
21,0,7
18,14,35
36,3,2
3,2,36
27,14,29
46,7,19
8,6,33
17,8,26
57,5,24
47,17,37
12,6,29
57,13,38
62,1,22
9,7,39
7,5,32
37,6,7
36,23,60
47,17,35
62,2,24
57,15,41
30,14,25
46,13,28
43,19,37
19,6,22
44,3,14
31,20,45
7,4,32
14,11,44
20,15,32
25,11,23
26,7,13
42,21,40
60,1,16
53,12,33
10,4,28
29,20,52
10,10,58
36,15,27
55,15,41
15,7,27
62,13,44
62,11,39
43,18,33
61,3,26
40,4,9
32,13,21
23,17,43
9,10,57
2,13,55
20,15,35
0,15,58
57,14,38
18,14,51
36,18,33
25,17,54
0,6,43
29,19,40
32,19,36
54,16,41
20,13,37
9,8,50
41,1,6
15,12,54
20,4,15
32,21,56
50,11,29
27,12,26
38,4,6
18,9,28
33,17,29
19,14,45
35,23,60
55,8,29
41,2,7
19,12,35
11,10,44
20,10,26
8,12,50
9,7,40
27,8,14
40,5,9
29,20,59
46,17,37
23,18,54
32,10,16
8,8,56
51,7,20
10,11,61
48,20,43
27,16,35
12,3,23
53,7,24
23,14,35
7,10,62
31,19,39
40,6,15
38,5,6
52,7,21
6,7,41
13,13,48
32,20,39
35,16,27
58,8,29
36,2,2
44,2,13
6,11,60
58,20,51
12,10,50
23,15,37
7,10,52
39,9,20
10,12,54
21,3,11
24,10,26
17,4,21
19,2,17
16,11,37
7,7,51
1,0,29
26,17,46
18,5,20
53,18,43
42,0,8
48,20,45
27,19,40
19,10,28
47,13,30
17,8,25
12,14,51
7,3,28
49,3,14
38,11,21
10,5,28
30,8,11
13,9,33
36,19,32
17,4,22
22,8,23
61,1,18
57,19,53
45,2,12
8,10,62
10,9,43
5,0,26
43,21,39
22,3,9
29,0,1
12,12,47
46,21,43
40,8,17
53,21,52
7,7,38
53,9,29
40,23,42
31,13,22
49,5,17
54,3,14
43,8,19
29,2,1
21,11,27
4,8,47
49,13,29
22,15,38
11,11,53
6,4,40
52,0,13
41,0,3
8,11,56
14,14,53
3,2,32
19,12,29
50,18,41
42,7,17
60,14,43
44,15,29
27,18,49
47,14,30
0,0,35
35,12,20
3,1,34
1,13,56
25,18,52
5,8,54
41,22,42
61,20,60
0,14,58
20,13,38
19,15,39
36,14,26
9,13,63
38,16,28
59,19,52
40,3,8
26,5,7
28,19,37
60,12,37
38,18,34
15,12,51
40,15,30
52,15,38
63,10,37
46,12,27
47,4,17
14,10,38
51,10,27
29,16,30
44,1,11
18,1,17
25,17,37
50,21,48
21,15,51
48,23,50
17,5,23
28,7,10
28,6,10
18,11,31
34,2,2
35,23,62
32,9,12
9,8,49
40,2,7
6,7,51
4,13,58
59,20,57
28,19,42
57,11,34
60,16,47
23,16,40
24,3,10
19,15,38
2,13,63
37,10,16
22,14,38
35,19,32
8,9,61
28,8,12
27,4,7
62,16,51
43,22,44
61,19,61
10,3,25
13,11,41
17,13,47
19,14,52
7,6,38
57,10,33
26,19,59
62,6,30
46,22,47
61,15,49
57,7,29
36,5,6
40,7,14
57,20,50
61,6,30
17,12,36
27,10,20
37,23,49
47,3,15
46,6,18
1,13,59
53,17,42
60,14,44
11,10,60
0,13,60
18,14,60
19,17,41
35,9,12
26,17,40
24,17,45
32,9,13
24,7,18
55,20,51
47,17,36
17,6,23
14,11,47
34,10,15
17,15,53
9,7,47
58,7,27
37,23,56
5,13,58
58,18,54
48,2,15
22,16,59
7,8,43
48,16,35
16,13,51
56,20,56
17,0,20
61,10,37
28,8,13
24,5,15
57,4,21
6,5,34
55,20,55
23,17,57
1,12,59
30,20,41
36,10,15
20,2,10
24,14,34
19,13,29
10,10,39
54,21,54
1,8,48
28,18,37
9,12,63
25,10,22
47,18,39
42,6,15
2,13,57
47,16,35
13,9,32
40,20,36
26,3,5
15,8,27
11,9,38
46,20,40
22,18,56
12,13,52
28,19,40
8,5,32
48,15,32
40,7,13
51,16,39
19,3,19
45,13,29
53,14,37
9,8,42
18,12,39
25,18,42
21,15,36
57,19,55
49,9,23
51,22,51
17,13,50
12,0,23
3,9,51
52,19,44
53,22,53
59,4,25
63,4,27
12,9,38
6,4,45
25,17,45
36,20,36
53,17,40
35,23,46
27,20,43
46,7,21
40,8,16
5,11,58
22,4,13
31,20,54
21,5,19
22,16,48
10,3,27
61,13,41
49,8,21
48,4,16
52,22,51
10,9,53
30,19,40
38,6,9
29,4,5
34,21,38
17,14,59
16,13,43
16,14,61
41,4,12
56,22,62
26,17,39
41,4,10
18,13,42
35,19,33
36,19,33
16,13,62
8,9,59
23,11,28
41,12,26
2,12,56
30,10,15
21,11,28
9,7,41
56,1,15
59,20,61
15,2,21
24,10,25
56,16,43
21,4,15
47,18,40
31,21,44
62,7,31
30,9,13
54,23,60
62,0,22
7,7,48
59,11,37
0,0,31
35,6,7
1,0,32
37,17,30
25,19,55
30,12,22
22,6,20
9,8,41
48,5,17
25,5,11
49,20,43
14,11,37
0,6,42
51,13,34
25,12,27
11,3,25
8,6,41
22,17,40
21,14,41
12,12,52
28,20,43
7,14,63
52,23,51
11,9,42
1,15,56
44,21,40
52,23,60
24,19,56
34,13,20
44,17,34
54,23,59
53,19,46
53,12,32
31,21,57
50,0,13
34,19,34
41,8,17
14,10,34
18,7,24
17,15,39
21,16,46
17,0,19
20,6,23
3,9,54
20,0,9
55,21,57
46,21,41
29,20,45
15,14,48
11,10,46
46,5,18
13,11,44
33,12,19
38,6,10
27,19,54
25,19,59
13,13,51
25,13,27
17,10,32
9,8,40
37,4,5
2,2,31
55,8,26
27,8,15
43,9,22
26,7,14
11,11,60
0,13,57
55,5,18
27,19,50
21,17,44
47,5,17
25,7,16
12,11,54
23,16,33
28,19,51
59,14,40
59,1,17
47,11,26
16,12,52
50,8,21
44,6,16
30,16,27
7,12,50
9,6,33
41,21,39
3,6,46
8,11,50
51,23,54
58,15,42
60,17,48
0,10,51
22,13,31
2,12,61
19,15,49
30,20,50
3,12,59
58,13,38
40,16,30
51,23,58
8,6,36
19,13,38
59,14,42
10,10,55
56,9,31
25,17,51
44,17,33
56,6,26
3,9,52
9,9,50
26,3,3
20,14,34
57,2,15
22,16,58
1,1,37
45,8,21
12,5,24
49,22,49
11,12,53
21,5,16
23,5,13
17,14,53
45,1,13
18,14,46
20,16,45
54,16,40
12,9,32
42,21,41
35,22,48
36,21,37
61,20,62
18,14,34
60,1,18
25,3,9
54,10,29
62,0,20
3,6,45
63,1,24
13,15,55
19,13,42
18,3,21
61,2,19
43,14,28
37,5,7
25,17,36
4,9,54
32,3,4
32,19,35
54,20,52
58,12,38
23,7,18
60,18,54
44,11,26
25,17,52
16,10,29
61,4,28
63,10,39
3,6,47
60,12,39
11,12,50
45,12,25
52,8,21
9,9,58
26,17,35
37,22,42
59,19,56
51,6,18
61,18,58
44,0,10
21,16,62
9,10,52
30,21,56
2,1,35
57,6,28
15,4,22
49,23,50
52,2,13
19,15,40
29,6,9
44,21,41
31,21,48
1,9,49
27,15,32
32,1,2
32,6,8
15,7,25
51,3,15
34,12,18
22,5,19
20,12,34
19,14,50
4,11,60
49,17,37
2,7,46
37,23,46
52,17,40
40,2,2
61,11,37
48,19,40
32,20,36
47,0,13
55,22,57
39,20,37
21,0,6
24,17,61
45,4,16
31,21,52
53,20,49
61,7,32
10,11,56
28,17,37
46,23,46
49,15,35
11,7,32
24,3,8
27,19,63
52,12,34
31,9,15
38,15,28
43,10,22
41,9,20
25,9,22
60,18,57
29,16,29
59,17,53
22,4,17
30,8,10
2,0,33
24,7,17
32,20,40
59,15,44
25,4,11
48,18,40
25,18,59
9,5,30
52,3,15
45,10,23
3,4,44
23,16,47
12,13,55
4,11,57
17,13,33
21,17,52
50,14,32
13,13,46
13,9,39
16,5,24
56,5,20
35,22,42
8,0,25
46,16,34
14,12,40
32,12,19
40,16,29
12,12,45
24,16,49
33,12,20
51,14,34
43,10,24
27,19,47
5,10,52
26,17,49
59,20,56
19,15,36
7,8,40
28,21,58
13,11,42
31,2,2
0,8,45
12,11,52
5,4,46
31,21,56
60,3,22
12,12,39
8,9,41
34,22,57
13,10,34
32,2,3
62,4,26
28,18,36
13,8,32
57,22,60
12,10,40
48,23,52
49,14,31
25,9,23
11,12,57
49,19,44
34,7,8
20,11,30
33,22,43
55,6,22
30,9,15
45,8,20
47,2,15
6,8,39
60,11,38
44,19,38
19,15,61
52,12,33
10,12,57
59,8,33
6,3,31
44,23,44
10,3,26
9,4,30
37,20,37
54,21,57
41,7,17
10,4,25
36,23,49
21,17,63
43,3,11
0,3,39
19,0,11
57,5,21
17,16,41
55,12,34
36,13,22
32,21,58
32,7,9
14,9,33
7,13,61
18,15,43
26,11,26
24,10,24
23,17,59
27,6,10
62,1,21
21,12,26
6,4,34
6,3,30
13,11,45
16,11,39
38,3,2
36,14,24
25,8,20
13,11,50
18,14,45
32,22,59
29,12,20
5,2,29
42,2,10
1,4,41
63,18,56
0,4,41
49,6,19
48,15,33
12,11,51
61,17,53
29,20,62
16,9,27
60,3,21
55,5,20
3,4,42
35,22,46
24,18,52
16,11,42
32,21,60
13,14,54
59,9,32
58,19,54
51,23,51
49,22,47
3,3,41
17,13,55
27,18,45
18,4,22
59,18,51
40,12,25
35,10,15
12,10,46
13,6,26
39,21,38
44,10,24
33,22,63
49,21,47
34,23,54
36,17,31
53,7,23
21,8,24
19,7,24
14,3,22
25,2,4
24,0,4
28,19,45
36,23,54
50,23,54
40,10,20
53,21,48
0,5,41
53,23,57
32,21,46
54,1,12
54,14,37
24,14,30
37,3,4
13,2,22
6,9,56
16,10,30
31,22,54
7,5,49
2,1,31
34,5,7
50,20,45
5,10,63
6,8,40
15,13,54
54,7,24
37,15,27
3,12,61
11,8,36
4,10,56
60,8,32
34,0,1
15,14,50
42,14,27
8,11,61
15,10,30
5,5,45
15,14,63
34,7,10
29,20,56
18,10,28
21,15,50
36,9,16
28,3,3
25,1,4
20,2,13
5,11,57
23,19,56
55,15,40
61,12,41
21,15,55
16,15,50
44,11,23
22,8,21
23,12,29
16,10,31
0,9,49
27,18,44
38,22,41
18,14,44
38,8,14
54,18,45
29,4,3
58,21,63
53,19,47
11,12,49
6,12,60
1,6,43
25,6,12
20,14,50
31,20,44
24,6,15
21,15,42
0,1,36
6,10,63
14,13,60
28,20,53
20,16,36
50,17,41
18,15,59
46,20,41
18,13,44
6,1,26
6,5,49
13,12,58
58,3,20
60,17,51
12,9,42
43,17,33
23,16,50
17,12,43
4,4,39
15,12,55
29,18,34
7,8,55
56,8,29
20,3,14
3,5,45
54,18,46
50,19,44
34,21,39
46,13,29
25,16,36
63,14,49
26,4,7
53,10,30
37,23,43
21,13,35
37,5,4
48,14,31
58,18,50
14,13,62
37,19,34
36,21,39
20,15,48
16,14,57
31,19,37
53,17,41
59,15,41
27,8,17
43,2,11
9,2,25
57,21,50
33,22,53
18,6,24
50,20,46
3,2,29
32,21,53
43,15,30
26,8,15
51,12,31
22,3,11
11,12,54
36,19,35
6,2,27
9,10,61
38,17,30
1,5,43
17,7,24
10,8,45
29,17,31
23,2,8
7,9,54
27,15,31
29,21,62
36,18,31
43,12,26
50,5,18
41,2,9
7,10,57
36,4,4
41,15,29
18,15,63
18,13,45
8,10,51
58,6,28
55,13,38
18,1,19
63,17,53
45,10,25
49,6,18
36,22,45
27,11,25
35,22,50
58,18,51
55,7,24
60,12,40
29,13,27
27,3,5
26,18,49
20,13,29
23,15,40
51,14,35
13,11,47
7,11,50
44,22,45
59,17,46
3,2,33
31,16,29
37,21,38
9,8,51
11,9,43
22,3,12
20,16,48
13,11,51
62,14,47
28,13,24
36,23,50
21,16,36
36,23,55
6,7,50
61,7,31
47,8,22
29,10,19
58,4,22
14,12,52
8,7,50
19,15,55
12,11,48
52,4,15
57,17,43
33,21,53
29,22,54
25,19,63
17,12,47
34,16,26
37,19,32
26,11,25
31,20,37
61,17,54
22,15,47
15,13,48
16,12,36
32,13,20
14,13,46
30,19,41
41,3,10
45,15,31
53,11,32
61,1,22
12,8,34
6,4,33
25,18,61
28,7,12
14,12,55
39,12,22
17,14,63
10,4,26
15,12,48
41,3,6
54,2,15
26,18,50
14,11,48
40,3,4
36,4,6
12,6,30
3,9,49
59,21,63
38,22,39
40,4,6
7,9,52
43,17,32
43,3,13
30,18,36
46,22,45
0,7,45
4,2,31
52,23,56
13,1,22
23,11,26
12,1,23
54,10,31
1,3,40
54,20,50
10,6,30
21,16,44
12,13,46
24,9,21
2,3,33
26,2,3
60,2,21
29,8,15
45,11,25
38,10,18
16,12,39
11,4,24
43,13,28
34,9,12
29,5,5
17,14,56
40,5,11
27,2,3
16,16,54
25,5,10
30,17,27
4,2,40
33,23,61
26,0,1
2,11,56
58,1,15
34,22,56
35,4,6
32,16,30
24,17,58
55,11,32
23,16,45
23,18,55
34,23,60
19,14,49
43,16,33
34,7,9
36,11,19
48,20,42
32,16,28
33,22,55
13,11,52
24,7,19
62,18,55
52,17,41
30,12,21
31,17,31
25,18,37
14,4,22
4,2,36
32,22,53
13,10,32
13,15,54
4,5,44
47,16,36
61,15,44
5,5,42
61,4,27
8,8,48
62,5,29
2,10,52
17,13,45
55,6,20
59,5,27
18,14,52
18,13,52
10,8,48
29,20,57
19,5,20
14,1,22
2,1,34
1,11,52
41,11,23
1,12,56
16,3,20
27,10,21
39,11,22
59,5,26
52,21,51
0,1,37
17,1,15
27,19,53
15,8,30
27,9,19
15,9,31
44,22,43
21,14,42
17,12,42
13,12,44
24,18,55
8,6,40
57,20,58
14,8,28
56,7,27
39,5,9
19,14,48
29,11,20
13,5,25
10,5,30
21,3,14
38,13,24
49,23,48
11,7,31
36,23,61
10,5,31
28,18,33
19,14,58
21,17,37
42,4,10
3,10,58
4,5,45
47,21,46
57,5,20
44,1,10
44,13,27
30,13,25
41,18,33
24,0,2
11,12,58
4,4,43
53,20,51
41,12,24
61,17,55
54,2,13
17,9,28
4,9,53
25,17,49
63,12,40
19,14,46
27,17,35
58,4,20
51,18,40
11,12,51
62,0,21
9,7,45
23,3,12
14,5,22
4,3,43
38,4,2
31,4,6
30,21,52
21,18,43
29,5,7
10,8,43
34,17,30
22,10,25
21,4,18
27,17,36
6,4,41
60,2,23
21,17,60
9,12,56
52,23,59
23,16,35
37,23,52
50,23,56
29,19,52
37,12,23
13,10,48
26,15,33
60,15,43
30,11,18
61,12,40
28,20,55
7,0,25
21,15,47
57,3,17
11,12,45
61,15,45
36,9,14
31,11,20
59,19,54
29,14,26
10,11,59
59,18,55
29,12,24
17,14,54
5,10,57
5,3,32
31,5,6
29,13,26
24,11,24
40,13,25
22,14,35
3,10,52
17,6,24
17,13,54
18,15,42
36,0,0
57,18,52
53,18,44
14,7,29
15,14,62
28,12,24
16,9,30
24,9,20
31,14,23
41,18,35
48,7,21
23,13,32
8,5,33
16,13,42
21,12,31
21,16,45
48,17,36
24,15,33
22,15,50
3,12,60
39,6,12
22,3,10
57,15,40
18,11,28
40,12,23
63,14,47
57,13,39
36,23,45
14,4,23
16,13,56
44,3,12
10,13,60
15,12,50
24,4,13
48,12,29
24,17,41
10,8,46
17,8,27
3,3,39
23,2,9
6,9,60
7,10,50
15,11,33
34,22,59
18,0,11
19,13,28
35,14,24
26,18,61
32,17,31
26,13,28
18,12,37
44,13,26
38,5,10
30,2,1
14,14,44
17,5,22
45,18,35
27,3,2
19,3,16
41,8,18
57,3,16
22,17,56
3,11,55
46,13,27
38,7,13
12,7,31
37,12,21
45,13,27
42,8,18
33,22,60
11,14,51
20,17,48
27,13,24
21,16,38
5,11,60
21,16,53
27,7,15
15,12,57
32,22,60
27,9,15
41,1,2
47,19,42
11,10,49
1,1,30
13,10,38
21,16,42
53,3,15
27,5,7
28,8,16
38,21,37
57,18,49
7,6,40
15,8,26
5,4,44
52,21,52
20,9,27
4,2,34
31,20,40
41,9,19
16,11,35
4,3,33
37,8,13
41,7,16
29,21,61
55,9,31
49,11,26
60,19,61
37,9,17
32,15,26
46,11,25
23,16,36
9,2,27
6,8,52
28,18,49
24,17,55
14,15,51
12,9,45
43,8,21
31,7,8
17,0,15
50,5,19
21,15,45
13,13,54
56,20,53
48,14,32
21,1,7
29,18,33
58,14,41
1,13,57
2,1,33
28,7,13
37,6,10
2,12,63
38,11,22
55,12,36
63,2,26
54,16,42
8,9,45
53,14,38
62,10,36
10,9,49
21,4,17
25,1,3
21,6,19
25,17,41
10,9,44
19,14,51
23,16,41
11,11,59
28,11,21
40,4,8
14,13,48
22,12,30
32,11,18
49,3,15
0,4,39
26,6,10
0,10,49
21,3,12
8,7,34
31,16,30
32,21,41
55,0,13
55,19,51
21,2,9
24,16,40
25,1,2
28,6,11
45,10,24
27,3,3
21,8,25
1,8,47
41,1,3
39,16,29
35,22,41
26,18,46
54,22,60
33,11,18
24,2,6
18,13,46
23,17,53
24,17,43
20,1,10
3,8,47
50,23,53
2,2,35
44,20,38
20,17,52
6,5,42
4,2,30
46,7,20
45,9,22
8,4,29
32,21,57
58,10,35
8,7,49
28,16,31
60,1,17
12,7,28
20,7,24
29,8,14
42,3,9
20,15,55
40,9,20
36,23,58
57,4,20
12,5,26
1,0,33
29,18,37
21,13,31
29,9,17
13,11,32
60,8,30
20,7,22
5,4,32
55,1,13
47,12,26
34,12,21
49,15,36
61,18,56
7,7,45
44,6,17
9,0,25
15,4,23
29,15,30
21,3,15
56,15,42
27,14,28
31,3,4
41,23,43
61,2,22
28,10,21
45,20,42
34,15,25
1,11,56
7,10,61
43,6,18
33,23,60
7,8,42
58,5,25
12,13,48
31,21,54
25,3,8
40,11,22
17,10,29
14,11,42
24,17,62
24,16,38
6,7,52
60,19,59
7,3,30
0,14,62
31,6,9
50,18,40
63,13,45
43,19,36
58,8,30
33,22,46
41,14,27
27,19,56
47,15,32
26,0,0
22,15,51
49,8,22
43,4,11
10,9,39
22,9,26
61,9,33
19,8,24
21,14,33
14,11,50
54,0,11
46,0,13
55,22,61
17,3,21
41,9,21
12,10,47
0,9,47
20,13,32
0,3,36
16,7,25
63,0,23
19,8,25
18,17,42
62,3,26
12,5,23
4,8,48
55,9,28
28,18,50
36,8,10
10,13,62
12,14,49
28,20,47
34,18,32
20,12,33
23,17,56
21,14,40
57,18,47
18,15,40
34,22,60
35,15,24
35,23,51
51,23,59
61,19,56
17,14,42
26,10,20
21,15,57
48,3,16
62,15,49
25,18,57
29,13,25
19,14,56
49,14,32
15,12,52
36,23,43
16,12,49
13,10,39
33,8,12
57,1,15
49,16,38
6,8,56
53,17,43
18,15,34
48,11,27
42,22,41
