1,10,36
3,3,26
1,4,38
3,5,17
0,6,37
2,4,21
3,1,26
1,7,18
0,5,20
2,6,17
10,0,24
0,4,19
8,1,25
2,1,33
1,10,37
6,0,24
5,2,17
0,1,33
3,0,30
6,0,22
1,5,18
10,0,23
2,4,25
1,1,39
0,2,33
1,1,41
1,1,29
2,2,37
3,0,35
0,1,40
2,2,36
2,0,31
2,3,26
8,0,24
1,2,28
9,1,21
8,1,17
0,2,34
7,1,21
5,0,25
1,1,31
2,7,18
1,2,34
0,9,32
5,2,20
1,11,34
5,1,23
1,9,34
7,0,19
7,0,28
7,0,23
7,0,25
9,2,21
0,10,35
0,10,37
7,0,17
6,0,23
14,1,17
3,4,26
4,0,27
2,3,25
3,0,31
1,3,24
3,1,24
5,0,22
3,0,34
4,1,25
0,2,32
4,0,37
2,4,27
5,2,24
4,4,17
3,0,41
0,6,24
7,0,27
1,6,24
1,4,20
0,2,29
9,2,23
0,2,36
3,3,23
3,0,39
3,5,26
3,0,26
15,2,17
2,0,36
2,4,22
0,3,35
4,3,18
1,5,17
0,5,38
2,5,26
0,3,25
1,10,33
2,2,23
1,0,32
3,0,27
2,5,27
5,3,18
1,1,27
2,1,29
4,0,24
0,3,34
3,4,19
0,5,21
7,0,30
0,1,32
1,4,23
0,5,37
5,0,27
4,3,20
7,0,22
1,2,29
0,11,36
0,1,39
3,2,21
9,1,26
3,0,32
8,1,18
3,2,27
1,4,21
5,0,26
1,1,32
2,4,18
0,5,33
7,1,27
0,5,23
0,5,18
8,2,30
1,10,35
5,2,23
2,0,29
2,1,40
1,2,35
1,5,37
2,1,36
6,1,17
3,1,23
9,0,20
1,5,24
8,0,25
0,7,33
1,9,37
0,8,37
3,2,23
1,8,36
3,4,18
2,1,34
0,6,33
3,4,17
10,0,17
0,4,37
2,2,24
3,0,38
1,7,23
12,0,25
9,1,17
4,3,24
0,11,37
3,0,37
6,2,19
2,3,20
6,1,18
4,0,39
1,4,24
4,0,26
0,1,29
0,11,33
3,1,25
0,9,33
6,0,25
1,1,30
7,0,20
2,3,21
0,6,23
5,1,24
2,3,22
1,3,22
0,4,36
2,5,17
4,2,19
2,3,24
7,1,30
1,2,27
6,0,28
7,2,18
0,11,35
4,4,26
3,0,36
9,3,23
1,0,46
6,2,18
3,0,29
3,1,38
8,0,22
2,1,28
0,7,37
9,0,26
0,2,28
0,5,39
0,10,38
1,9,35
0,4,24
3,1,37
1,2,38
10,1,17
3,3,20
1,10,38
9,1,23
0,4,20
2,3,23
3,3,27
2,2,38
0,3,39
1,6,23
7,0,21
1,3,21
2,2,22
0,3,33
1,7,24
0,4,39
7,1,22
3,2,20
2,0,40
0,6,17
6,1,23
4,1,26
1,0,45
5,1,21
8,1,30
5,2,19
1,3,20
7,1,17
7,2,19
2,1,30
1,2,25
1,6,17
0,8,32
1,4,22
0,2,39
9,0,18
0,5,34
6,1,28
8,0,23
1,2,37
3,1,27
8,0,19
2,1,37
3,0,28
2,2,35
1,1,40
1,6,18
0,2,35
0,5,36
5,3,19
2,4,19
1,6,38
3,1,33
1,1,33
4,1,24
1,2,26
0,5,17
1,4,18
4,0,25
7,1,18
0,5,24
0,7,38
1,2,36
0,10,36
0,1,30
9,0,24
0,11,34
8,2,24
2,2,27
4,1,22
3,2,26
0,2,38
9,0,23
6,1,22
0,8,38
3,0,33
4,3,19
5,2,18
1,4,37
4,0,28
3,4,27
3,3,25
2,5,19
8,2,23
0,5,19
3,4,20
6,1,19
3,3,18
4,1,23
8,1,20
4,4,18
3,1,39
0,4,21
3,3,19
1,5,23
0,6,34
1,4,19
2,2,25
5,0,21
2,4,17
1,2,33
4,1,21
0,10,33
0,4,33
3,1,35
0,4,23
1,9,36
8,0,26
7,1,28
2,7,17
4,3,17
0,1,31
4,3,26
2,3,27
7,0,18
1,3,38
2,0,32
0,2,31
8,0,30
0,3,27
0,3,28
0,6,18
0,2,37
4,2,26
2,2,34
3,3,22
11,0,17
1,9,38
4,0,38
3,2,24
0,4,22
9,0,25
0,2,27
0,2,26
9,0,17
0,2,30
2,1,25
0,6,35
1,2,24
4,2,20
5,1,25
0,9,38
2,0,33
5,3,17
0,10,34
2,2,21
3,5,27
5,0,23
0,3,24
0,4,38
6,2,17
4,4,19
2,0,28
0,11,38
1,8,34
1,3,25
8,0,20
1,10,34
1,1,28
3,2,22
1,2,39
2,0,41
4,0,29
2,1,35
9,1,20
1,7,37
1,2,40
5,1,22
1,8,35
14,0,17
0,3,36
1,0,30
1,7,17
3,6,26
0,4,25
2,3,19
8,0,21
1,0,41
1,3,26
6,1,27
3,2,25
6,1,20
6,2,20
7,1,19
4,2,21
8,0,31
1,9,33
0,4,34
5,3,24
8,0,29
6,0,21
9,1,25
8,0,17
1,0,31
1,11,33
1,0,40
8,0,27
8,0,18
2,1,39
6,1,21
4,2,24
8,1,29
2,2,39
9,1,24
9,2,24
1,3,23
1,6,37
0,0,45
8,1,24
0,3,26
9,0,21
4,2,23
2,4,26
0,0,40
0,3,38
8,1,19
8,1,23
2,6,19
4,2,22
7,0,26
2,6,18
2,1,27
6,0,27
7,1,20
3,1,34
5,2,21
2,5,18
3,0,40
2,0,30
0,5,22
5,0,24
5,1,20
5,3,20
0,6,38
2,2,26
2,1,38
6,2,21
1,5,19
2,4,20
