27,7,33
46,18,53
40,10,32
12,1,26
25,16,45
46,12,38
27,13,39
55,7,37
15,4,27
28,9,33
58,2,30
46,15,45
18,19,59
39,11,31
11,16,56
14,9,44
46,7,30
43,19,51
44,3,22
11,6,43
9,1,28
2,9,52
26,13,39
35,21,46
36,18,43
49,20,62
58,6,39
31,4,25
9,5,37
12,2,27
29,19,48
60,5,40
41,19,49
7,8,49
0,17,62
15,16,58
5,12,56
23,19,55
34,7,27
56,16,58
24,11,38
59,15,56
51,6,32
45,20,52
49,18,52
28,22,57
16,10,46
26,7,33
27,19,47
54,9,42
51,1,25
31,1,22
34,14,37
22,19,55
33,3,22
16,18,61
41,23,61
3,1,32
13,14,56
13,10,45
9,10,52
24,1,26
45,20,53
15,11,47
12,0,25
31,19,45
29,6,27
62,11,50
39,22,61
53,14,49
14,18,58
57,4,35
11,3,31
42,19,50
22,6,32
48,18,50
52,1,25
11,1,25
63,8,46
33,3,24
5,2,34
50,1,22
16,2,23
41,0,18
12,6,41
55,11,46
34,9,28
18,8,36
16,8,37
39,20,49
1,1,34
0,17,63
14,13,54
26,6,28
27,20,55
39,22,50
7,3,39
31,13,38
46,20,62
0,9,52
25,1,26
8,4,37
27,1,21
16,10,39
32,23,56
45,0,20
39,12,34
15,6,31
14,0,22
31,23,55
42,16,39
24,0,21
30,20,47
26,20,55
45,19,52
20,4,31
9,11,53
3,5,47
22,20,57
22,12,38
2,17,63
9,9,52
7,15,60
37,16,39
41,20,48
17,6,30
40,7,28
41,12,36
4,5,46
32,10,29
38,15,39
46,19,52
53,16,53
24,22,61
61,8,45
53,0,23
5,4,45
27,15,40
29,15,39
15,11,38
5,0,41
15,9,38
11,12,51
18,21,62
59,2,31
43,3,22
42,21,59
44,21,58
2,13,56
56,5,34
5,13,57
41,22,58
14,2,25
4,2,39
5,3,33
18,16,54
47,20,63
17,11,48
51,16,51
33,2,21
19,2,26
22,21,59
11,12,53
17,3,26
13,11,47
9,2,31
9,4,40
54,10,43
1,17,62
7,11,55
37,20,46
39,23,59
21,10,36
18,20,59
1,11,55
57,0,27
49,18,50
31,18,45
23,20,55
10,5,44
58,15,57
58,8,42
10,6,46
38,4,22
14,17,58
17,3,28
4,9,48
57,12,48
3,5,44
21,15,48
52,14,48
31,15,41
9,13,55
6,2,41
49,16,50
0,2,44
37,7,28
47,7,31
45,20,58
16,8,35
41,16,42
5,4,37
41,18,44
11,1,27
12,17,61
48,15,45
54,4,31
14,13,45
5,4,42
42,4,23
59,6,40
27,1,20
15,18,62
5,4,47
11,6,41
41,8,29
18,8,35
26,15,42
18,11,43
8,18,62
58,3,34
16,5,30
48,7,32
4,4,44
31,16,42
12,15,56
6,3,45
55,17,60
37,10,30
48,14,45
52,16,51
25,12,36
61,2,34
19,0,22
46,5,28
16,4,29
58,16,57
13,18,59
9,17,61
12,7,36
40,6,24
38,20,49
8,17,61
33,7,29
5,10,55
55,17,58
5,2,33
16,16,56
37,4,22
53,17,55
48,1,22
15,10,48
16,16,57
37,22,49
42,21,52
33,22,49
4,2,36
14,10,46
54,17,56
47,20,58
11,8,40
58,14,55
14,8,43
26,20,54
11,7,47
36,17,43
61,11,51
3,9,52
3,4,36
57,17,63
37,22,52
17,18,53
39,6,26
50,15,48
15,10,45
9,7,42
4,9,53
32,20,48
40,21,54
7,15,61
24,17,46
11,12,52
21,11,39
49,14,46
10,1,28
44,17,46
49,18,56
21,8,35
35,5,24
20,10,37
51,13,46
13,9,48
25,21,56
9,6,41
56,8,40
20,8,36
24,22,57
58,13,52
9,7,38
1,8,52
10,9,38
45,14,41
56,12,48
17,15,49
17,12,41
11,8,44
6,15,60
43,13,36
53,0,26
53,18,59
17,18,54
51,9,39
30,12,38
22,0,25
27,8,32
36,14,36
13,2,27
24,22,60
14,15,56
18,15,53
42,16,43
28,21,57
52,16,52
25,19,51
39,23,63
57,2,30
30,7,29
56,5,33
61,6,41
19,19,54
38,22,54
7,1,29
59,14,57
51,12,44
56,11,46
13,4,32
45,4,25
4,5,48
19,12,42
21,21,57
26,22,56
15,13,49
2,1,35
63,9,49
58,15,62
3,10,55
3,2,32
10,1,25
52,18,60
42,11,32
15,10,38
17,4,27
37,14,36
50,14,48
43,21,52
9,9,50
33,1,21
51,2,25
24,12,40
22,16,51
55,10,43
9,7,37
44,21,57
52,9,39
11,9,39
5,3,39
7,5,42
43,21,60
29,13,37
25,10,36
30,9,31
17,11,44
9,9,39
48,8,35
20,7,32
13,7,41
32,18,45
22,16,46
11,12,44
34,11,29
21,17,55
23,10,38
42,20,48
49,3,28
50,1,25
54,11,43
12,10,43
21,22,58
40,7,26
28,15,38
11,2,28
4,1,30
41,17,43
29,7,27
46,18,49
8,8,50
13,10,47
52,2,28
23,16,45
11,10,42
11,3,30
5,14,60
25,11,37
59,13,51
10,0,25
9,4,34
58,15,56
7,5,47
5,10,51
60,13,54
21,21,58
15,8,34
13,10,43
23,12,39
23,3,29
49,14,44
35,12,35
55,6,35
22,19,53
18,12,44
24,7,34
11,7,46
51,18,61
52,3,30
29,14,38
11,1,28
1,10,55
45,11,35
17,2,23
54,8,39
52,12,46
22,22,62
52,15,48
35,23,57
21,16,47
60,6,42
32,22,49
55,18,61
30,10,33
22,10,38
25,6,32
50,4,30
42,8,29
23,17,50
39,14,38
21,14,47
46,19,58
14,0,21
2,2,35
51,16,53
11,10,38
30,17,43
58,9,45
39,20,48
45,20,59
41,19,48
60,15,63
50,19,61
10,9,50
26,3,26
61,13,58
14,8,32
12,3,30
63,14,59
32,14,39
22,11,39
31,22,50
38,22,52
45,2,23
40,11,33
56,17,63
32,15,40
11,11,53
46,14,42
32,6,28
57,11,48
12,11,52
62,1,31
35,23,55
0,13,58
45,7,29
53,3,29
30,16,42
11,14,58
38,20,47
36,16,39
31,18,46
56,13,50
60,3,33
51,8,37
55,9,41
13,11,50
12,18,62
26,17,43
58,1,28
3,7,51
7,5,41
31,22,54
35,11,29
18,20,61
45,2,21
60,12,51
15,7,32
20,2,28
13,15,54
41,18,46
37,23,62
14,7,35
18,17,54
20,6,32
31,8,30
12,5,33
14,14,54
45,17,46
61,13,54
18,14,48
52,12,45
24,16,46
30,18,45
21,12,41
19,1,23
10,9,43
52,6,33
44,15,41
36,21,49
22,20,56
49,11,40
51,18,59
35,9,29
38,23,57
26,12,37
56,8,39
35,4,24
37,4,23
45,20,55
55,17,59
34,4,25
8,13,58
23,14,43
4,1,41
49,1,23
44,14,42
6,16,62
22,14,43
29,22,50
6,4,41
20,21,58
16,18,60
52,18,59
17,11,42
12,12,52
32,7,28
33,15,39
51,15,50
53,7,37
54,13,50
26,4,27
12,7,45
46,2,23
59,14,58
30,0,20
16,10,43
19,6,32
5,0,40
46,17,46
12,0,24
23,6,31
10,6,42
24,16,44
6,2,32
60,1,30
50,2,26
51,2,28
24,20,56
3,10,53
50,14,46
57,1,27
22,2,29
56,7,37
20,18,58
29,16,43
35,9,28
2,0,28
8,11,54
29,15,41
49,19,55
10,15,57
36,13,36
40,9,29
24,17,49
31,23,60
28,8,30
43,11,36
16,15,49
11,7,45
22,16,50
30,23,62
8,3,42
28,14,40
11,9,48
59,4,35
30,20,49
0,10,55
8,16,62
11,8,37
11,2,29
55,9,43
23,19,56
35,13,35
9,5,46
15,15,56
7,5,38
8,3,39
55,13,51
24,18,48
6,7,42
5,8,52
50,10,39
25,5,30
23,13,40
59,3,34
13,4,30
55,8,39
59,14,59
14,1,22
30,23,59
32,22,51
15,11,45
22,22,59
16,14,51
60,3,36
32,22,50
54,12,48
2,8,51
3,4,46
0,9,51
32,23,55
24,19,55
0,5,47
29,21,51
45,15,42
10,8,44
29,21,53
38,18,44
34,23,53
21,21,61
48,19,57
58,4,34
18,13,50
15,9,42
21,18,55
26,11,38
13,12,51
16,5,31
28,11,37
4,4,38
15,18,60
21,20,59
43,8,28
25,12,40
47,11,39
44,12,37
44,18,48
52,17,57
50,11,40
55,13,50
30,8,29
23,9,35
32,2,22
33,23,51
38,21,51
41,17,44
29,10,33
3,9,53
53,1,27
30,1,20
16,11,45
36,23,54
43,12,37
31,7,28
25,4,29
37,0,21
32,7,27
35,20,47
44,16,45
23,3,30
47,13,41
42,12,36
27,19,48
8,12,55
14,14,56
34,12,32
40,11,32
45,6,26
47,4,25
13,11,51
25,19,49
44,18,47
3,3,46
14,8,42
28,21,52
51,15,48
60,10,48
57,4,34
25,14,42
5,1,42
13,17,59
18,14,43
1,2,45
45,5,25
57,15,54
37,7,26
51,15,49
29,22,57
41,12,35
34,21,47
0,1,40
28,10,34
23,21,54
30,22,50
20,2,29
16,12,51
53,15,50
19,10,37
62,12,57
47,3,23
62,14,58
50,11,39
17,2,26
31,3,24
48,3,26
19,17,53
23,16,46
53,4,32
18,5,32
20,12,38
6,6,41
33,4,24
20,16,47
37,11,33
34,14,38
22,15,47
17,18,60
57,13,50
37,23,59
29,23,56
61,3,35
32,13,37
1,1,31
24,18,47
15,13,48
63,4,39
24,19,52
54,2,29
15,13,53
12,9,43
47,18,49
24,21,53
62,13,63
12,6,35
60,7,43
57,3,31
19,14,41
46,8,32
42,20,53
46,17,48
7,6,47
16,14,43
58,2,33
0,1,32
19,18,55
11,9,50
5,1,38
19,3,29
47,9,34
15,2,25
30,23,56
18,12,48
62,12,51
63,6,42
33,20,46
43,20,55
0,0,34
49,12,40
8,13,57
19,9,35
19,0,24
11,4,34
52,16,53
4,3,39
31,9,32
62,12,55
4,9,49
63,4,40
9,4,33
17,16,52
50,14,47
63,13,60
34,18,44
47,19,59
62,14,63
14,10,44
39,19,44
9,11,54
13,1,26
15,16,53
46,11,38
41,21,52
4,0,30
6,1,31
38,22,56
0,4,47
7,5,45
19,3,28
57,6,38
47,15,46
39,18,42
18,12,49
49,19,61
35,3,22
2,0,33
46,6,28
29,17,43
36,15,39
63,12,59
7,3,34
14,18,59
1,1,32
29,22,59
15,5,29
6,9,52
3,9,49
37,23,61
62,0,32
22,8,34
23,18,51
41,2,19
33,4,23
40,23,61
5,8,51
49,17,49
28,3,24
5,2,38
3,17,63
15,2,24
26,23,61
14,18,62
3,9,48
13,10,48
45,7,30
7,3,40
27,15,42
51,3,30
54,18,63
9,4,41
47,18,54
19,0,21
24,3,26
1,4,47
37,13,35
22,22,61
7,3,41
44,14,41
20,15,52
42,22,61
15,4,26
12,5,34
3,12,56
16,1,23
58,0,29
58,13,51
8,5,42
6,2,42
25,12,39
38,23,62
48,17,48
30,15,41
26,3,24
39,4,21
44,10,34
10,11,53
18,12,38
23,22,61
31,21,49
51,18,56
36,8,29
17,13,50
54,16,57
56,6,35
37,8,29
34,9,31
14,19,59
3,2,43
17,21,63
34,21,49
26,21,54
21,10,37
53,14,48
62,9,47
50,20,63
7,6,37
39,19,45
5,3,40
47,14,44
10,4,31
0,14,60
43,3,21
34,11,34
23,22,60
21,7,33
8,3,40
35,23,54
1,1,43
16,9,40
14,11,45
15,15,50
45,20,56
29,23,60
30,22,56
17,3,25
2,0,32
62,5,41
46,6,27
14,9,45
20,12,41
18,16,52
16,12,43
15,16,56
11,8,39
35,22,52
21,18,56
38,0,20
26,9,35
40,23,63
26,2,23
37,18,40
45,6,29
15,9,43
47,14,43
22,4,30
21,8,36
62,6,41
8,3,37
23,4,30
27,9,35
23,16,49
24,20,53
58,1,31
14,17,61
27,22,59
50,16,49
57,10,45
21,17,54
51,7,34
21,16,52
17,4,28
9,6,36
21,9,37
41,22,59
33,11,34
7,2,37
48,18,53
21,5,31
40,20,50
8,15,59
10,4,32
60,3,37
11,6,36
43,17,45
53,17,61
26,16,45
10,6,45
27,22,54
61,14,56
13,12,47
57,8,40
27,2,21
38,17,40
32,17,43
29,22,49
14,6,33
28,9,34
59,2,33
27,15,41
51,18,57
18,8,34
41,21,58
14,4,27
14,5,29
46,6,29
2,0,34
14,8,44
50,2,25
55,15,53
18,9,36
23,17,47
42,10,33
40,22,57
31,19,46
31,16,41
16,19,62
56,9,44
30,10,34
36,21,50
20,23,61
34,11,33
14,6,34
46,14,41
12,10,49
53,11,43
15,3,26
34,23,52
46,20,59
44,6,28
3,1,34
54,8,40
48,5,27
57,6,37
27,20,49
28,1,20
44,18,46
16,10,35
8,4,40
38,12,34
6,6,42
50,3,27
10,6,40
48,10,36
25,0,20
12,16,60
47,1,21
36,5,24
1,5,46
27,4,27
50,12,41
34,18,42
23,11,38
9,9,42
46,3,22
54,7,37
0,2,32
15,12,43
19,15,53
10,0,26
37,5,25
55,0,26
0,12,58
20,1,26
6,5,42
32,11,34
39,23,62
36,20,48
60,6,40
56,10,43
42,21,55
20,22,58
53,17,56
9,5,35
46,15,44
38,6,24
63,9,48
27,21,53
43,15,40
50,16,51
42,7,26
13,15,58
17,11,46
28,16,42
52,18,62
31,20,49
40,8,27
1,17,61
61,12,51
60,4,37
59,13,54
13,9,40
43,17,44
43,11,33
12,10,38
18,11,44
8,6,43
1,4,45
18,19,60
11,18,62
24,1,25
16,2,25
61,10,49
26,21,53
52,1,26
46,12,40
13,8,47
42,6,24
39,22,54
12,10,45
29,10,34
52,6,32
23,16,48
28,11,36
59,16,60
49,6,33
28,1,22
57,4,33
31,23,54
17,6,32
48,11,39
43,15,41
59,4,36
39,4,23
32,23,50
20,11,38
13,19,63
60,14,59
17,16,49
41,21,59
15,17,54
21,14,46
37,13,34
18,3,27
5,16,61
46,19,51
4,4,46
3,16,62
39,13,33
25,23,59
42,5,25
5,5,48
9,6,48
18,17,53
38,12,31
5,15,59
18,1,21
60,15,60
33,22,50
11,6,46
12,9,48
14,19,61
8,3,38
57,15,57
35,21,47
4,8,48
37,19,44
43,20,58
16,7,34
26,5,29
38,1,21
46,21,62
44,11,36
7,16,61
25,1,20
44,0,18
23,21,59
10,7,47
3,1,42
14,13,50
23,16,47
33,17,43
17,13,47
40,0,19
50,16,52
6,6,40
59,15,61
29,13,38
54,10,39
18,18,60
48,5,28
21,20,57
8,10,52
58,6,40
12,8,46
17,19,61
11,5,35
19,1,26
36,22,50
13,17,58
22,0,26
3,8,52
0,8,50
60,8,45
2,4,45
44,5,26
49,11,39
19,9,36
25,20,52
5,7,47
2,2,44
44,16,43
0,16,61
49,19,60
25,19,53
10,2,28
25,17,47
58,14,52
2,14,61
41,12,34
45,18,50
49,12,42
1,15,60
24,23,63
28,21,56
9,15,58
26,1,23
32,17,44
24,17,47
22,3,30
26,5,30
26,14,41
48,8,33
28,4,25
9,7,49
11,7,48
25,2,23
5,0,29
56,7,39
22,16,49
32,6,26
4,17,63
17,19,59
37,18,44
11,8,43
15,14,49
14,6,31
37,6,26
16,16,49
57,8,43
35,9,30
15,20,62
28,6,30
56,15,55
10,18,62
35,11,30
39,21,51
44,9,33
3,1,37
57,6,36
7,18,63
13,7,36
33,8,27
37,11,30
46,10,33
55,12,49
23,17,46
37,9,30
13,8,43
6,11,55
48,17,51
7,5,40
21,0,24
9,7,48
42,18,44
30,22,52
43,19,50
13,13,55
57,10,47
26,20,49
18,14,47
55,11,47
12,9,42
50,0,20
43,6,24
58,11,48
23,3,27
40,2,20
61,1,31
5,0,42
59,7,42
18,18,54
39,19,47
61,4,37
49,19,53
28,12,37
16,3,24
59,15,59
52,5,32
2,11,55
13,10,46
14,12,50
39,17,41
3,1,36
39,11,30
57,15,58
34,6,27
29,20,49
16,10,45
24,16,45
5,5,38
18,12,46
21,17,47
50,17,53
36,9,31
57,5,35
1,3,44
57,9,45
39,9,30
30,14,38
11,14,55
57,16,61
12,12,53
19,16,53
0,15,60
13,7,42
49,18,58
20,4,29
29,4,24
59,12,50
31,23,58
37,11,31
53,15,52
44,8,29
62,1,33
18,1,23
7,7,43
51,3,29
7,12,56
34,11,32
27,18,46
51,10,37
58,13,50
26,19,54
35,1,21
62,4,37
25,22,56
51,0,21
42,3,21
10,14,58
33,13,37
25,19,50
37,18,41
11,11,45
35,21,49
48,16,47
39,18,44
35,2,21
41,5,24
8,0,27
1,16,63
31,14,39
30,23,53
20,3,28
52,15,51
45,18,48
53,3,30
7,3,37
41,21,55
46,19,56
16,11,41
18,20,63
36,11,32
14,19,60
22,12,39
19,4,30
2,13,58
6,3,36
39,9,29
42,22,62
37,19,45
62,3,36
15,14,48
20,19,58
10,6,39
47,12,39
19,16,55
0,1,30
30,2,22
57,3,32
40,4,21
44,1,20
3,4,45
3,2,37
36,23,58
24,0,25
29,21,52
11,15,55
22,3,29
14,13,53
45,5,27
26,7,31
16,14,49
39,10,32
17,10,41
48,17,54
20,11,40
16,11,48
62,8,45
2,14,59
42,7,28
30,15,39
31,9,31
25,19,54
31,21,48
12,8,43
47,16,45
46,3,23
6,3,32
44,20,56
14,17,59
18,14,46
0,12,57
61,15,55
9,8,38
35,6,25
11,3,29
56,16,57
45,0,18
9,1,30
28,21,51
9,12,55
46,2,22
19,16,54
40,6,26
40,22,59
49,1,22
51,19,59
9,16,62
61,15,56
12,7,47
48,18,54
41,1,19
22,20,54
41,9,31
6,13,57
57,9,44
50,19,56
52,18,61
7,9,52
56,15,57
9,16,59
46,15,42
11,5,32
46,20,61
42,0,18
57,17,61
11,15,59
49,5,29
35,23,53
55,16,57
35,4,23
18,19,61
14,2,26
22,14,44
7,0,30
37,14,37
59,14,54
63,5,42
59,8,43
54,16,55
43,16,42
10,5,35
2,5,48
14,20,61
63,10,51
26,5,28
33,11,33
45,15,44
39,22,60
59,10,46
58,14,56
21,1,27
28,22,54
25,21,53
51,17,57
63,3,39
12,8,48
6,5,45
6,2,39
7,4,37
25,18,53
16,16,52
26,17,46
6,1,42
2,1,31
13,9,49
23,18,53
30,5,27
43,19,49
59,12,49
53,18,61
42,22,60
6,4,32
14,12,46
28,7,30
10,6,37
52,0,23
59,11,48
51,13,45
18,12,39
6,1,39
40,23,56
23,16,44
27,20,51
42,15,42
24,20,55
5,3,45
32,9,29
14,15,50
47,7,29
21,20,58
35,10,29
49,19,56
45,16,46
12,14,54
24,15,43
60,9,47
22,9,36
3,10,54
14,8,38
34,12,35
4,7,46
28,17,46
37,23,56
20,15,42
51,16,54
45,5,26
40,22,54
25,3,25
45,16,45
27,5,26
17,6,33
15,10,46
16,14,52
33,12,34
3,11,55
47,3,25
15,19,61
19,19,59
12,7,39
62,4,40
29,9,32
48,20,59
41,7,26
57,14,54
32,7,26
54,9,38
10,5,39
35,9,31
53,7,35
42,6,26
47,18,55
40,6,25
34,23,51
61,10,48
45,21,63
11,4,32
33,14,37
28,21,50
21,15,51
62,12,52
57,16,57
40,11,34
60,1,32
6,1,40
4,6,49
39,19,48
29,9,31
41,21,60
25,20,51
14,16,54
26,4,26
56,3,31
49,17,55
11,16,59
33,10,31
26,12,36
0,4,43
5,1,39
16,11,39
26,7,32
6,15,59
40,7,27
52,14,50
7,4,44
6,4,46
36,8,27
2,1,32
14,16,55
49,8,35
47,4,27
13,2,28
9,9,51
18,5,31
14,11,52
40,5,22
48,9,35
9,6,42
29,12,37
12,13,46
43,6,27
34,18,43
12,15,59
36,22,52
58,9,43
38,8,28
49,20,61
1,15,62
16,9,39
21,14,44
16,12,41
54,7,38
62,13,60
24,0,26
56,18,62
51,11,40
26,22,54
7,3,31
63,1,35
20,14,44
44,11,35
36,19,46
34,4,23
9,14,57
43,9,30
54,15,53
34,10,28
42,14,40
14,14,52
3,0,36
1,0,29
21,23,63
62,13,54
49,1,21
49,5,30
13,0,24
20,14,50
17,12,45
63,5,39
40,13,37
6,8,49
26,13,41
25,12,38
52,18,58
48,5,30
31,12,35
16,20,63
46,4,24
7,13,57
20,20,56
42,17,44
16,19,61
15,9,44
29,14,39
40,0,20
29,7,30
43,13,37
54,6,34
28,4,24
4,5,47
62,9,46
9,6,37
41,11,33
7,3,35
15,8,38
12,13,51
63,1,36
35,10,28
2,2,34
45,10,33
59,15,60
27,8,33
22,12,40
26,14,42
20,22,60
29,23,61
25,1,22
58,11,47
41,0,19
9,4,38
25,18,49
8,5,41
5,13,58
46,11,36
2,16,62
14,9,39
62,5,39
3,15,60
21,5,32
45,4,24
50,19,60
6,16,61
10,9,42
40,10,31
53,12,45
48,19,56
18,7,34
62,13,55
15,14,52
60,8,42
15,9,41
8,6,48
16,20,62
31,23,52
4,5,33
14,6,32
45,20,54
5,7,50
43,6,25
12,4,31
54,14,50
32,16,40
20,2,26
23,19,53
54,7,34
29,23,54
12,12,46
29,2,22
35,14,37
28,13,39
40,22,61
28,17,44
26,22,57
63,11,52
39,6,24
18,16,53
14,19,62
22,4,31
4,1,40
25,4,27
38,11,33
44,20,55
49,14,45
55,9,42
62,11,51
40,17,44
50,19,62
32,20,47
31,4,24
36,23,56
8,0,28
33,0,21
44,17,45
8,15,61
10,10,45
13,15,53
42,11,35
4,1,37
49,3,27
5,5,41
35,17,41
45,18,47
50,19,59
38,21,49
11,8,48
15,9,39
61,11,50
55,11,45
20,16,52
2,9,51
19,14,48
13,5,31
16,13,41
38,17,41
12,3,29
16,16,53
30,12,37
18,3,26
21,23,62
4,4,35
61,14,60
12,11,45
44,13,38
22,3,28
38,19,47
43,19,47
1,3,32
47,12,37
62,13,58
16,14,41
19,13,39
62,8,44
57,10,44
16,15,52
24,13,41
40,23,62
43,9,32
15,19,60
12,10,48
46,20,55
50,15,46
5,9,50
42,0,19
24,9,35
35,11,32
40,5,24
9,8,50
20,19,60
5,7,46
56,11,47
58,8,44
24,21,52
38,9,30
11,8,49
59,1,29
43,16,43
7,3,42
1,10,53
20,3,29
54,13,48
31,14,38
6,4,44
54,13,49
17,14,48
12,10,46
45,9,34
46,18,51
34,20,46
59,0,30
18,11,39
27,22,58
6,5,37
29,22,53
48,16,49
35,13,37
35,7,27
19,13,47
11,7,38
19,11,38
31,0,19
0,6,44
48,9,34
31,10,34
63,8,44
6,4,40
29,1,22
46,21,61
46,12,37
21,11,38
19,14,42
10,0,28
54,6,36
41,8,27
51,0,22
61,14,57
49,3,25
23,18,50
8,4,44
27,18,47
28,23,62
0,11,55
36,10,30
59,3,35
13,18,62
32,3,23
27,14,40
26,18,47
16,7,33
21,3,30
45,19,54
29,11,35
42,14,39
46,7,28
4,10,54
14,15,58
15,12,52
21,10,38
43,9,31
10,0,27
21,17,52
60,2,35
58,7,39
33,9,29
5,3,34
39,17,44
37,5,23
58,11,49
56,7,38
46,19,53
51,11,41
38,22,50
29,22,51
9,4,35
40,22,56
54,17,63
10,7,46
18,11,40
40,12,34
25,18,48
36,9,29
20,1,25
35,6,27
30,19,47
38,14,35
33,2,22
4,2,37
19,15,47
19,20,60
62,6,42
0,18,63
25,0,23
19,19,57
33,8,26
17,19,58
45,9,33
38,13,36
21,22,61
58,3,31
1,5,48
43,7,27
46,4,26
39,22,59
15,19,59
47,12,40
25,6,31
39,8,27
45,8,32
48,6,32
25,13,36
45,17,48
15,8,37
5,2,43
14,11,46
14,8,40
19,5,30
5,1,40
4,0,38
24,22,59
62,6,40
2,10,52
47,16,42
39,13,36
50,14,44
26,1,20
43,10,32
37,0,20
7,5,43
56,11,48
37,21,47
28,21,49
17,11,41
27,9,33
17,12,49
20,0,22
23,14,42
13,3,28
9,8,42
29,2,23
10,8,38
29,17,45
15,17,57
55,15,52
23,20,53
51,12,43
12,6,36
14,9,46
36,7,26
21,13,41
10,9,39
49,15,46
0,14,61
14,17,57
38,21,52
36,21,46
18,14,49
39,15,39
36,23,53
15,17,60
5,12,57
20,12,39
10,10,51
62,4,39
32,9,31
16,13,52
15,11,48
26,4,25
17,16,57
45,19,50
50,17,51
32,22,52
36,5,25
27,16,43
9,12,54
19,19,58
24,4,29
25,22,58
15,8,36
5,2,32
9,5,41
56,8,41
10,13,55
0,5,44
12,2,28
13,12,46
15,16,54
30,14,40
62,0,31
55,16,56
47,19,58
34,16,41
47,2,22
38,16,41
6,6,46
42,22,56
16,13,44
19,14,50
20,13,42
36,8,28
4,1,32
43,20,56
31,23,53
46,18,54
61,0,30
49,9,36
15,5,31
6,2,43
62,13,59
6,10,53
49,17,51
50,10,40
24,22,58
35,18,44
21,23,60
42,13,37
11,11,51
50,12,42
7,3,32
51,10,38
48,8,34
4,5,39
10,18,63
49,11,38
42,4,24
16,8,34
29,7,28
14,11,48
42,12,37
47,17,46
6,2,31
25,13,41
44,21,61
39,9,28
42,18,47
19,16,51
3,16,63
10,9,51
32,10,31
27,20,50
19,15,42
11,9,51
25,21,57
27,16,44
28,19,46
8,11,53
52,8,37
11,17,61
56,13,48
22,13,38
58,15,58
10,7,38
44,15,44
26,14,40
20,14,49
48,20,62
36,12,35
62,10,49
28,4,26
7,2,43
17,7,33
54,0,26
55,17,63
3,8,49
17,13,51
50,16,53
29,22,56
23,8,34
61,7,44
57,1,28
13,7,43
47,15,45
56,12,50
49,8,33
43,14,40
63,2,36
61,3,34
57,16,56
16,17,59
8,10,54
34,12,34
63,13,59
5,0,30
14,7,32
61,12,53
23,18,52
30,20,48
21,15,46
47,13,42
63,12,56
48,13,42
32,14,38
9,4,43
44,14,39
26,12,39
42,2,19
37,19,46
17,16,56
42,20,50
16,4,26
27,10,33
10,2,25
24,11,37
39,19,46
11,10,39
7,12,55
25,11,36
21,17,53
3,0,29
2,15,60
45,20,57
48,10,37
25,9,36
15,13,54
8,4,43
8,12,56
38,4,21
56,7,40
41,21,53
38,23,59
46,20,63
44,22,57
17,17,58
57,10,46
35,3,23
54,15,51
14,14,53
12,9,50
30,22,53
47,18,53
10,6,44
12,11,50
53,18,60
34,3,22
33,17,42
1,6,50
42,9,31
10,5,31
34,22,49
38,21,50
4,2,32
59,4,37
29,15,38
12,1,25
13,9,44
23,12,40
55,12,47
50,0,23
14,14,55
41,10,32
15,15,49
5,1,35
9,13,57
17,14,51
22,17,51
16,1,22
14,9,42
37,20,48
28,23,61
29,16,39
13,6,34
25,3,28
10,8,50
14,10,43
55,16,58
49,19,59
62,10,48
32,7,29
59,15,57
55,14,53
46,10,37
19,18,57
62,14,59
61,2,33
2,6,49
10,8,42
51,17,53
27,19,50
45,0,19
47,15,44
7,2,41
32,19,45
45,20,61
22,7,33
14,15,57
33,17,41
11,16,55
14,13,51
62,14,62
43,5,24
45,12,39
27,12,39
24,10,36
32,10,33
12,14,57
19,15,52
0,0,32
48,9,36
30,21,49
38,14,37
22,19,54
4,6,45
25,14,41
11,4,31
5,1,41
36,17,41
24,0,24
18,14,50
11,14,56
43,22,62
9,8,40
45,16,43
60,11,49
45,3,23
50,5,32
45,12,36
40,18,44
27,2,22
8,3,43
16,0,20
45,17,47
7,13,56
16,10,40
9,10,53
49,12,41
62,7,43
21,16,50
27,21,49
47,15,43
4,1,34
16,14,48
26,6,32
5,5,37
27,18,48
7,10,53
15,6,32
19,7,33
17,3,24
18,2,26
47,11,38
7,8,42
61,7,42
10,7,39
16,15,54
27,8,34
8,6,47
13,8,39
45,21,59
4,0,39
28,15,43
35,16,41
61,14,63
50,7,35
9,8,39
40,19,48
21,15,43
22,2,27
19,15,51
51,19,61
4,0,37
11,11,44
8,0,29
53,8,38
31,23,56
15,14,54
5,2,37
56,17,61
49,17,52
45,19,55
10,15,60
44,19,51
60,11,50
7,7,41
13,16,59
33,12,35
34,15,39
61,3,33
8,4,42
43,14,39
24,5,30
43,5,26
46,13,39
63,2,37
17,11,43
28,11,34
46,4,25
40,21,50
17,1,21
61,4,35
31,10,31
17,2,24
24,18,50
18,14,51
9,4,36
39,13,35
7,17,63
19,13,44
44,1,19
10,5,36
10,8,48
10,0,24
10,10,52
7,3,38
35,5,25
13,7,40
63,1,34
11,16,58
38,9,29
39,4,20
29,8,31
52,10,39
50,5,30
19,4,29
1,5,47
22,18,55
26,2,22
0,16,62
11,8,41
59,11,47
35,15,40
55,5,33
22,9,37
25,8,35
19,2,27
39,21,52
33,23,56
23,23,63
39,17,43
36,1,21
41,19,47
26,19,48
28,14,39
12,18,63
16,12,42
16,16,58
42,18,48
59,3,36
16,17,52
31,10,32
28,7,31
20,21,57
28,23,57
27,22,49
61,13,59
9,5,40
18,6,32
26,7,30
10,7,37
18,2,24
8,9,51
47,12,38
36,10,32
0,0,39
33,7,27
11,8,47
2,7,50
3,2,34
24,17,50
6,15,61
16,8,36
22,17,46
11,5,34
25,7,34
15,17,58
44,17,44
42,7,27
46,9,35
7,15,59
20,19,56
16,14,42
9,9,37
30,2,23
17,8,36
7,7,42
55,10,42
56,12,47
61,0,31
4,8,50
35,15,38
6,4,42
48,7,31
15,10,39
26,23,59
63,12,54
41,22,61
30,12,36
20,15,48
54,10,42
19,17,54
43,20,51
23,7,33
44,16,44
48,4,27
63,14,58
6,9,51
60,14,56
55,3,30
45,14,40
15,10,41
43,17,46
5,8,50
51,1,24
36,14,38
13,8,42
51,6,33
4,6,44
39,4,22
54,1,28
1,0,32
20,18,57
16,14,50
36,23,52
13,11,46
10,7,43
49,16,48
1,7,49
11,9,43
52,5,33
7,8,43
39,22,58
35,3,21
28,2,23
46,14,40
19,12,39
17,12,47
14,18,60
54,17,59
5,3,43
54,3,30
30,22,54
50,6,31
49,15,48
62,2,36
41,4,23
38,6,26
48,4,28
4,9,52
13,18,61
30,13,37
27,5,28
27,13,38
63,7,45
35,12,34
40,10,30
28,15,42
38,8,29
10,10,53
25,2,22
26,19,52
57,0,28
38,1,20
63,0,29
54,17,55
15,6,34
61,9,48
27,5,27
18,3,25
40,9,28
17,17,54
10,2,30
25,1,25
46,12,39
3,2,38
39,22,57
14,8,37
3,12,55
23,5,32
13,1,25
17,20,62
33,14,38
49,20,63
22,23,63
43,18,49
62,11,49
63,10,48
31,7,29
15,11,44
49,2,24
37,17,40
58,5,35
43,20,57
0,0,29
61,2,35
55,18,63
44,1,21
5,4,35
51,5,30
56,10,46
36,18,40
51,14,47
39,5,22
38,11,30
25,2,21
17,17,52
13,9,42
53,6,34
58,7,40
47,19,55
55,7,38
4,3,43
20,7,35
15,1,23
24,0,20
17,14,53
58,14,53
49,19,62
25,20,53
44,17,47
40,23,55
4,4,45
60,7,41
7,16,62
19,18,59
43,11,35
16,12,39
2,0,35
48,3,24
48,14,43
56,14,51
39,20,47
17,9,38
42,9,32
13,11,42
42,22,58
15,18,61
39,3,20
41,5,23
61,14,62
43,16,39
49,10,39
32,11,30
32,9,30
54,12,45
7,8,51
0,3,43
24,1,21
10,13,56
23,22,58
12,4,32
7,7,50
57,9,43
37,22,53
46,10,35
53,7,36
46,19,54
49,19,57
26,11,36
5,6,42
28,19,49
53,9,40
37,22,50
18,18,57
44,13,39
50,10,37
17,9,36
53,13,46
48,12,40
26,9,36
52,15,52
51,17,54
53,16,51
14,7,33
19,20,62
58,9,44
41,20,50
25,21,58
8,4,38
34,17,42
41,18,45
9,4,37
43,12,38
44,13,40
17,13,42
19,12,45
1,4,46
23,21,60
58,6,37
0,1,39
49,17,54
14,13,55
61,14,55
17,13,49
20,20,60
27,21,52
56,10,45
25,8,33
29,8,30
13,8,38
37,8,27
10,13,54
13,0,23
48,15,44
33,21,50
43,12,36
3,0,42
3,9,50
22,15,48
58,12,50
25,22,59
17,10,35
49,17,50
38,16,40
29,20,50
2,7,51
47,2,23
20,8,35
29,1,21
4,1,38
26,21,57
9,1,29
44,4,24
56,13,49
21,12,40
26,16,44
54,6,35
18,10,36
53,8,36
45,14,42
6,4,33
1,14,57
59,16,63
56,9,41
27,10,34
28,22,49
15,13,51
53,13,49
44,15,43
4,3,37
5,6,47
59,9,44
25,19,52
11,9,37
16,12,48
38,23,61
3,0,37
0,4,44
29,10,32
14,5,30
52,7,36
48,17,50
41,4,22
56,6,37
8,4,45
10,7,41
58,16,58
14,7,34
7,10,54
27,7,30
47,8,33
13,8,41
13,10,42
13,16,60
2,0,30
56,2,30
8,7,43
37,15,39
60,14,55
30,1,22
58,16,59
27,7,31
2,1,42
26,19,51
7,5,36
62,8,43
54,5,33
42,10,31
39,21,53
12,7,46
58,2,32
11,13,56
38,10,32
20,14,42
44,4,25
5,8,47
28,21,55
30,9,32
2,8,52
12,14,52
16,6,32
42,21,61
25,15,42
27,21,57
29,22,54
32,2,21
3,3,35
20,21,63
55,3,29
63,6,44
27,20,52
9,7,46
40,21,55
8,7,42
5,2,41
25,5,31
53,16,52
21,4,31
36,23,57
34,22,52
48,15,46
0,4,46
52,15,50
56,16,60
10,3,32
3,8,50
20,20,57
21,22,63
23,17,49
21,21,59
4,11,56
58,16,60
4,8,49
53,5,33
36,22,53
1,14,61
19,11,41
0,4,42
55,14,52
44,18,49
55,5,35
16,10,41
43,16,44
21,15,49
29,4,23
55,8,40
41,14,38
46,7,31
24,3,27
5,12,55
39,18,43
12,10,51
33,10,30
36,20,47
42,20,52
12,7,41
35,17,42
17,11,45
51,12,42
50,17,52
1,0,39
32,19,46
55,8,37
37,22,54
13,10,50
41,21,57
24,23,62
57,14,55
56,12,49
37,23,60
12,8,38
4,14,58
30,23,60
0,9,53
19,12,40
7,4,39
44,7,30
33,4,25
17,11,40
49,0,20
53,9,38
38,7,26
43,21,51
5,16,62
22,5,32
37,21,48
51,19,60
52,12,42
0,7,49
18,2,27
22,17,54
61,4,39
36,3,22
59,14,56
38,11,31
22,20,60
46,9,33
38,14,36
20,10,38
7,6,40
37,13,37
8,4,35
61,11,49
39,6,25
33,18,43
10,9,37
55,5,34
51,9,37
31,17,42
48,2,23
8,5,46
41,22,60
44,0,19
56,2,29
36,21,48
27,14,41
40,14,37
3,13,58
15,15,55
59,8,42
7,2,32
16,16,55
2,1,29
11,6,45
35,16,39
5,15,60
14,5,31
31,1,20
40,21,52
50,13,45
14,12,52
19,15,49
27,14,39
13,17,61
2,13,59
54,17,61
36,14,37
3,8,48
0,5,48
21,13,42
63,11,50
40,21,51
22,21,58
31,23,57
12,15,57
15,18,58
56,10,44
27,3,24
15,10,44
14,5,33
41,20,51
42,16,41
42,21,58
46,14,43
58,2,29
48,13,43
32,23,53
28,9,31
24,19,53
28,20,49
54,1,27
31,2,22
60,4,36
25,1,21
58,12,49
22,14,41
24,12,39
25,13,39
0,13,59
42,5,23
40,22,63
23,21,58
63,0,32
25,20,55
46,7,29
13,1,23
12,2,26
42,14,41
25,15,40
15,13,43
4,8,51
24,14,41
0,0,40
41,14,37
23,17,51
32,23,54
55,13,47
21,18,54
14,10,50
46,8,33
3,7,49
39,14,34
47,18,56
32,10,30
53,0,24
24,2,26
56,9,43
12,6,37
10,6,43
4,0,41
2,6,48
3,12,57
44,22,63
18,12,43
2,0,37
29,23,63
50,18,57
19,7,34
25,9,35
8,3,31
38,21,48
63,0,34
61,8,44
20,17,48
38,19,45
10,8,37
62,5,40
48,17,52
14,7,36
16,9,35
5,2,39
17,17,53
22,6,33
57,7,40
29,22,55
38,22,55
56,4,34
8,11,55
63,6,43
49,7,32
54,12,47
52,17,55
44,9,32
44,21,62
15,12,39
60,3,34
7,11,53
41,6,25
49,4,28
62,1,34
5,4,33
13,8,37
38,17,42
22,20,59
5,17,63
49,8,36
13,0,22
3,3,32
43,21,55
28,8,32
38,19,46
38,22,51
30,3,24
10,3,30
26,8,35
40,4,22
30,6,28
4,3,33
43,18,48
14,9,40
24,12,38
1,12,57
36,17,40
46,17,49
45,15,43
9,6,47
36,22,49
44,10,32
54,3,31
2,3,44
63,12,53
51,8,36
24,4,28
1,13,57
24,19,54
26,18,48
15,0,22
34,15,40
28,21,53
61,2,36
15,21,62
49,18,55
40,13,36
43,8,31
16,12,44
18,20,62
20,22,61
56,13,52
25,0,24
9,4,39
10,7,48
22,13,41
24,6,32
44,22,56
54,18,62
36,18,42
7,4,41
50,13,44
45,2,22
18,15,52
22,1,26
48,0,20
40,23,59
30,11,35
12,16,61
5,4,34
47,19,56
12,7,37
12,9,45
12,15,58
20,9,36
15,14,53
6,3,35
17,14,49
14,14,50
6,17,62
45,3,24
1,9,52
36,4,23
37,16,40
61,6,42
57,15,56
40,15,41
60,9,44
50,18,58
34,10,29
29,3,24
6,2,36
28,0,19
27,12,38
2,0,42
56,0,27
15,9,37
6,12,56
58,15,61
44,20,53
53,15,53
13,4,31
28,8,31
51,19,62
17,7,34
21,15,45
11,7,42
62,0,33
15,8,33
9,6,38
61,9,45
14,12,49
4,2,44
51,15,51
25,22,57
3,10,49
13,4,29
57,17,62
29,9,30
62,12,56
48,11,38
48,2,22
42,13,36
15,8,32
3,0,41
62,14,60
13,12,42
58,7,41
62,3,38
8,14,58
50,18,59
43,19,48
11,4,33
45,13,41
11,9,45
17,1,23
40,15,40
41,17,45
57,7,38
2,11,56
18,19,55
49,0,22
17,12,48
60,13,52
39,18,45
6,3,34
4,7,44
10,8,39
18,11,41
54,17,58
4,0,36
9,16,61
23,5,31
60,12,53
61,5,41
54,17,60
8,6,46
62,12,53
39,22,55
39,5,24
52,19,62
15,12,47
28,20,52
4,3,44
48,0,21
46,16,47
3,0,35
45,7,27
4,4,34
30,6,27
56,13,51
49,7,33
40,22,60
42,1,19
13,5,34
27,19,49
32,13,36
24,20,54
49,10,37
63,8,45
16,15,56
0,0,31
12,10,42
59,13,55
21,19,56
11,16,61
4,7,49
61,5,39
10,9,41
4,4,33
51,17,56
26,18,46
13,8,40
4,5,43
23,14,41
12,5,32
32,5,25
32,23,58
63,13,61
1,2,33
3,3,33
6,2,35
56,2,28
20,12,40
36,6,25
49,13,42
12,7,42
21,21,60
15,17,59
32,3,24
34,23,56
44,10,33
16,13,49
27,22,53
22,19,56
42,3,22
47,11,36
10,6,47
27,23,60
53,17,58
45,11,37
38,15,40
15,14,55
58,5,38
38,7,27
2,15,61
31,10,33
60,15,58
25,17,45
37,10,31
54,9,40
33,22,52
50,3,28
39,10,30
20,14,47
30,8,30
41,6,24
9,18,62
13,6,33
41,13,37
19,20,61
8,18,63
57,13,51
45,10,36
13,12,50
7,5,37
17,10,40
5,17,62
45,5,24
18,18,55
58,8,41
20,5,31
21,2,29
37,13,36
17,17,57
60,13,56
13,9,46
12,16,58
0,0,33
57,4,32
27,20,48
2,1,30
11,8,45
26,18,49
6,3,44
45,21,57
34,2,22
45,11,36
51,14,48
13,9,47
23,20,58
8,2,30
11,10,52
60,8,43
43,5,25
24,20,57
31,5,27
46,20,58
51,3,27
19,13,48
23,18,54
13,7,39
54,2,28
62,12,54
0,1,42
17,10,39
55,10,45
10,17,62
3,15,61
19,1,24
8,4,36
9,5,36
30,13,39
10,14,56
47,0,20
27,1,22
52,15,49
23,2,28
58,12,51
28,16,43
54,10,44
60,6,39
18,18,59
39,13,34
27,4,25
37,23,55
41,21,56
19,16,48
22,15,46
24,20,52
1,2,44
55,13,48
18,0,20
59,13,53
16,12,50
58,16,61
13,8,44
34,4,24
14,14,51
12,6,34
25,3,27
42,18,46
63,9,47
51,11,42
45,21,60
10,5,45
16,11,42
49,18,54
47,10,35
46,0,18
10,6,38
9,13,56
7,13,58
27,21,48
14,16,58
15,18,57
63,13,63
10,1,29
8,11,51
26,22,53
35,15,37
51,0,23
25,11,38
43,13,39
16,9,38
47,14,41
61,5,40
23,3,28
26,4,28
5,5,47
42,4,22
23,18,49
8,4,39
43,14,41
9,7,41
22,15,43
25,19,55
4,1,35
34,20,47
49,3,26
30,11,36
17,1,24
13,7,37
57,2,31
54,7,36
56,8,42
63,5,40
17,13,48
5,15,61
53,1,28
53,11,44
8,3,34
35,0,21
39,10,31
45,13,40
15,19,63
15,5,30
45,21,62
14,11,50
11,10,41
6,6,47
26,21,55
28,23,56
22,21,55
28,16,44
11,5,33
53,14,47
27,11,38
45,13,39
23,20,56
13,5,33
58,3,35
6,1,41
50,4,29
48,18,56
18,10,39
62,8,46
16,17,57
1,1,42
53,14,51
28,18,47
39,12,35
57,9,42
42,15,40
17,16,53
24,19,51
45,9,32
14,9,47
32,20,46
49,6,31
11,2,30
40,23,60
50,15,44
52,3,28
41,16,41
22,18,53
36,19,45
10,16,60
18,7,33
18,3,24
40,22,55
17,9,35
53,18,63
43,20,52
47,5,28
28,9,32
5,4,39
9,9,43
56,7,36
19,21,61
24,22,56
19,10,36
36,19,44
18,19,58
61,10,47
4,13,58
47,8,32
21,14,45
9,4,42
10,7,49
63,12,58
60,1,31
58,11,50
6,9,53
31,19,47
5,6,41
54,10,41
36,18,41
18,9,35
17,4,29
35,10,32
20,16,51
36,4,22
29,19,46
21,0,25
44,11,37
13,15,56
40,14,38
18,21,63
44,19,50
62,15,59
10,1,24
21,16,49
0,3,44
18,14,42
60,0,31
20,4,30
5,10,53
27,11,37
60,7,42
56,15,54
5,6,48
50,10,38
17,16,55
20,16,48
40,14,34
57,15,55
18,11,38
18,6,31
1,2,31
6,6,49
47,9,36
3,6,48
1,11,56
44,15,42
20,17,53
32,0,20
44,6,27
29,11,37
40,21,49
17,10,38
15,11,50
28,6,28
21,3,29
47,7,30
61,6,40
59,0,29
43,11,34
42,20,51
48,7,33
9,8,43
14,9,41
15,11,39
52,17,58
38,18,43
1,2,34
25,10,37
4,15,61
25,23,62
7,2,42
53,11,45
25,10,35
40,20,51
34,8,30
44,4,23
56,4,33
25,2,26
4,16,63
59,15,62
35,23,52
59,10,47
57,13,49
50,15,50
28,6,27
59,16,58
30,7,30
58,14,54
10,6,41
2,5,46
41,3,20
12,10,50
20,0,26
50,17,55
59,1,30
15,12,46
30,14,39
28,15,39
62,2,35
63,2,35
13,7,35
53,17,59
19,6,33
19,1,25
29,23,57
3,4,47
48,14,42
40,18,43
48,19,58
43,20,50
62,9,48
12,13,52
40,21,53
21,16,51
11,18,63
11,7,39
19,17,55
52,11,42
4,14,60
35,22,50
28,3,23
3,6,44
29,6,28
60,13,57
4,5,37
34,0,21
6,0,29
45,1,20
30,23,63
21,19,59
23,21,57
18,13,46
43,20,54
17,5,30
34,17,43
19,8,35
13,11,43
4,8,52
12,8,47
60,11,48
42,19,48
48,20,63
4,3,38
48,20,61
17,15,50
13,9,43
47,5,27
23,17,52
39,8,29
58,10,45
2,7,49
21,0,26
53,2,28
29,9,33
0,17,61
49,15,44
17,8,34
13,14,55
5,1,36
32,10,32
27,4,26
24,15,42
4,14,59
8,3,32
42,12,35
59,6,41
58,15,63
13,12,52
47,7,28
13,6,35
39,1,20
55,6,34
44,2,22
17,20,61
18,2,25
59,2,30
35,14,38
31,22,52
5,9,51
20,13,46
14,15,55
50,2,24
46,1,20
12,14,53
39,20,50
21,19,55
36,17,42
61,15,63
10,4,33
19,19,60
58,16,63
24,0,23
7,3,33
33,5,25
14,12,51
23,15,43
1,0,42
20,13,45
21,19,54
44,19,53
41,13,35
55,9,40
36,20,46
45,8,30
24,3,28
0,1,43
17,4,26
5,1,43
24,9,36
14,16,59
45,16,44
52,2,29
25,16,43
30,22,55
18,3,29
30,18,46
24,6,31
18,10,37
16,13,51
39,22,53
31,20,48
42,14,38
50,4,28
30,21,51
59,15,58
40,22,58
10,12,54
18,0,21
15,12,48
15,6,33
26,23,53
52,10,41
23,18,47
41,22,63
12,12,51
34,3,23
55,1,27
17,16,50
42,21,62
60,9,46
1,11,54
28,10,36
19,15,50
60,12,52
3,14,59
27,20,54
52,13,45
13,1,24
6,2,33
25,1,23
0,2,43
8,12,54
32,12,35
16,18,59
48,12,41
8,15,60
20,0,23
52,12,44
52,12,43
56,16,55
38,22,49
41,21,54
4,3,35
30,8,31
48,18,51
11,0,23
8,16,60
34,21,48
40,9,30
1,0,34
31,6,27
22,7,35
16,11,43
40,18,45
55,12,48
61,9,46
56,14,50
62,2,34
53,18,58
17,17,59
12,7,44
56,15,53
48,11,40
51,16,50
60,6,41
57,5,34
35,10,31
49,7,34
34,17,41
28,7,29
26,17,45
14,12,45
50,8,35
47,10,37
3,1,35
8,13,56
39,23,58
1,13,56
11,6,39
42,11,33
15,12,44
14,15,53
12,12,54
33,19,45
1,3,45
6,13,56
58,0,28
41,2,20
12,6,39
22,17,50
48,15,47
61,14,58
19,8,36
2,10,55
1,6,48
41,11,32
47,1,22
36,2,21
16,6,31
30,17,44
30,12,35
42,21,54
60,14,61
42,13,38
14,0,23
7,2,40
26,1,21
24,5,32
27,6,28
11,7,40
0,11,56
42,3,20
32,8,29
20,15,49
9,15,60
14,11,49
25,2,25
44,7,28
60,2,34
45,21,61
55,12,46
43,21,62
29,14,40
9,6,40
4,7,50
32,6,27
23,22,62
32,1,20
38,19,44
20,20,59
39,21,48
3,2,36
23,15,45
10,11,52
37,21,50
11,6,40
57,12,47
4,1,42
23,4,28
58,13,54
25,20,54
22,17,53
14,4,30
29,8,32
15,16,57
30,11,34
29,5,25
14,10,48
58,5,36
4,2,38
63,11,51
24,8,35
17,19,60
59,10,48
20,15,50
62,13,57
59,1,31
18,19,54
46,0,19
18,13,49
52,8,35
8,7,49
7,2,39
4,13,57
32,16,41
47,18,50
25,7,33
12,7,40
22,5,31
32,21,49
5,5,46
43,21,63
21,15,42
18,13,48
22,16,52
26,22,59
20,5,32
18,17,57
48,6,30
57,16,59
22,20,53
49,2,25
34,19,44
0,15,62
39,8,28
24,18,52
8,1,29
37,5,24
42,19,49
18,13,45
9,14,58
11,6,38
25,17,46
23,8,35
59,2,29
5,4,41
47,19,53
4,5,35
53,7,34
44,20,60
25,7,32
4,1,39
13,10,49
9,6,46
21,7,35
18,3,28
20,18,55
20,22,63
2,14,60
44,20,52
6,7,50
5,0,39
11,15,56
45,1,21
20,0,24
33,7,28
37,12,33
13,12,43
59,5,36
53,16,54
21,1,26
57,3,33
47,20,60
15,5,32
29,3,23
14,3,26
53,10,42
56,14,54
43,18,46
19,19,55
51,4,31
22,20,58
63,13,56
40,8,29
39,5,23
51,7,33
38,23,60
61,0,32
23,13,42
57,12,49
29,12,38
42,17,43
35,7,28
19,14,43
33,22,51
11,10,44
23,17,48
11,15,58
6,2,37
33,21,47
15,10,42
14,17,60
29,1,20
28,10,35
40,18,46
37,12,34
39,21,49
9,8,37
27,21,56
7,10,52
8,6,42
48,4,25
20,12,42
34,9,30
33,8,30
55,4,31
0,15,61
61,2,32
33,19,46
46,0,20
34,23,50
17,3,23
18,10,38
46,19,55
7,14,59
53,1,26
17,7,32
14,5,32
25,15,44
37,17,41
9,5,38
58,15,55
34,5,24
46,8,31
3,1,43
10,12,55
18,11,42
43,2,20
24,17,48
36,13,35
16,18,57
38,17,43
15,9,40
59,13,52
7,12,57
19,18,58
5,2,35
19,0,25
5,9,46
5,4,38
25,21,54
12,3,28
32,15,39
4,5,45
60,0,29
0,3,45
62,13,62
47,17,48
26,9,34
48,5,29
22,7,34
42,18,45
9,3,31
60,15,62
51,5,32
6,12,55
25,18,47
29,21,49
61,13,57
37,17,43
63,6,41
44,21,60
55,14,50
15,12,45
47,13,40
13,15,57
7,4,45
14,3,25
1,14,59
42,6,27
54,14,51
25,4,26
13,3,27
46,18,52
25,14,40
33,19,44
11,13,55
19,13,46
35,19,45
41,7,27
36,3,21
5,6,49
57,17,60
37,2,21
17,0,20
47,18,52
28,20,51
44,21,63
43,8,30
19,11,39
16,5,26
36,16,40
7,1,30
58,10,46
52,4,31
33,6,27
22,15,45
16,17,54
19,4,31
36,4,24
9,5,39
8,8,51
23,19,54
8,4,33
3,3,34
1,16,61
57,11,49
12,11,47
41,22,57
26,19,53
7,14,58
0,0,41
44,12,39
43,18,47
47,6,28
3,2,33
50,10,36
52,0,24
54,7,35
11,10,47
15,2,26
42,22,63
26,5,27
50,9,38
4,12,57
46,11,37
45,6,27
51,18,60
7,9,53
32,13,38
10,17,61
61,4,38
22,13,42
20,14,48
7,3,45
9,16,60
2,0,41
61,13,56
41,6,26
49,13,41
6,5,41
17,12,46
60,10,49
3,13,57
5,14,58
63,8,47
12,0,22
48,18,49
45,22,57
16,7,32
21,22,59
53,15,51
28,22,59
19,8,34
52,19,63
19,14,51
22,19,57
10,5,41
15,0,21
47,16,47
23,20,54
27,17,46
51,16,52
38,3,21
41,10,31
41,13,36
32,19,47
27,15,43
48,19,61
59,12,51
26,15,43
51,13,44
14,9,37
26,22,58
22,2,28
38,10,29
20,13,43
15,15,54
12,13,56
45,12,37
59,7,40
52,13,44
21,11,36
42,19,47
11,12,55
15,21,63
54,11,45
59,8,44
11,0,25
6,3,39
34,5,26
16,14,53
55,2,28
26,14,39
50,0,22
56,16,59
55,7,39
21,22,60
52,13,46
43,8,29
19,14,47
24,13,40
4,0,29
12,9,49
0,0,30
7,8,50
31,12,36
39,14,36
22,10,37
30,18,44
55,17,61
17,15,54
18,15,51
16,17,58
44,21,59
34,2,21
21,9,36
44,12,38
49,14,43
33,16,41
46,18,50
38,23,58
17,12,42
10,9,45
28,5,27
19,13,42
26,3,23
52,17,54
5,4,46
55,16,55
18,1,22
33,15,40
3,0,30
20,19,57
50,1,23
12,8,37
53,12,43
31,3,23
63,4,38
18,17,52
43,1,20
59,9,46
25,18,51
11,2,25
20,19,55
28,5,28
39,7,26
31,17,43
29,19,47
0,16,63
55,8,38
19,15,48
8,3,35
27,12,37
49,16,49
20,2,27
15,11,49
4,1,33
62,5,42
63,3,37
27,6,30
19,13,38
24,20,51
46,9,34
20,0,25
46,16,46
5,7,51
13,4,26
28,6,29
59,3,33
18,4,30
43,21,58
29,0,20
16,3,26
33,6,28
22,17,47
18,17,56
61,14,61
20,11,39
13,8,46
6,3,38
6,1,30
2,12,57
28,2,22
17,20,63
20,13,44
14,2,27
10,3,31
6,5,47
5,3,37
23,2,26
45,17,45
29,23,62
40,19,46
51,17,55
43,21,54
15,7,35
5,2,44
57,1,29
32,23,52
41,11,34
55,5,32
63,11,54
50,5,31
51,19,63
18,12,41
27,23,56
0,8,52
21,16,48
4,9,50
27,3,23
42,21,51
40,15,39
56,9,42
16,0,22
4,3,45
37,3,22
20,17,54
47,14,42
4,10,53
43,7,29
3,7,50
11,9,40
6,2,40
44,8,30
53,2,29
0,1,41
16,17,53
57,7,39
32,21,50
43,15,43
41,18,47
36,6,26
29,9,34
32,5,26
41,3,21
35,22,51
15,12,49
14,9,43
38,5,24
6,11,56
35,6,26
53,10,39
15,4,30
29,22,52
34,19,46
42,16,44
20,16,53
32,14,37
10,2,31
54,14,49
53,9,41
15,15,53
40,22,53
44,11,34
20,9,37
26,16,42
3,16,61
27,22,56
47,6,29
53,11,41
7,0,28
48,19,59
15,7,34
8,12,52
37,22,51
46,1,21
7,4,35
45,21,56
10,5,32
54,8,37
22,18,54
51,10,39
5,7,49
31,22,53
22,21,61
44,20,54
3,3,36
18,14,52
42,10,32
37,8,26
30,13,38
31,22,51
25,22,60
45,19,53
11,10,43
18,0,23
25,18,50
9,5,44
5,3,44
13,2,25
63,10,49
40,16,41
9,0,28
54,3,29
11,7,43
6,2,38
19,12,44
18,13,47
50,15,49
63,8,43
27,23,61
35,23,56
8,8,42
21,16,53
54,15,52
16,21,62
61,5,38
15,11,43
12,8,44
37,14,38
42,6,25
42,15,38
30,17,45
36,5,23
39,22,49
20,15,47
29,13,39
61,12,55
29,5,26
41,20,49
4,4,43
57,12,50
19,2,25
39,17,42
19,13,41
26,12,38
0,4,45
25,4,28
25,23,60
59,7,41
42,11,34
7,4,40
6,3,40
33,11,32
54,4,32
27,17,45
50,13,43
17,5,28
17,2,22
40,5,23
8,3,44
53,4,30
56,14,53
15,2,23
43,7,28
27,3,25
38,2,20
16,15,55
23,15,46
6,5,39
29,20,48
26,2,21
31,15,40
24,14,42
7,9,51
52,1,24
34,7,29
6,13,58
24,21,57
3,0,34
22,6,31
44,10,35
34,22,51
40,22,62
9,5,45
52,18,57
5,6,46
50,3,29
40,16,40
45,18,49
16,14,54
28,18,45
3,7,48
7,6,41
63,7,44
47,17,51
51,10,40
13,16,54
56,6,36
11,0,24
21,21,62
50,0,21
16,11,46
62,10,50
15,8,35
39,0,20
28,4,23
42,8,28
27,6,29
25,12,37
56,16,61
23,9,36
35,16,40
12,9,47
49,15,47
19,12,41
29,10,35
48,18,52
18,12,45
50,19,63
43,0,19
8,9,50
48,18,57
62,6,43
11,1,24
6,12,57
14,3,27
4,2,40
24,15,40
52,10,38
24,19,56
19,13,49
56,16,56
30,19,46
20,20,61
17,15,52
55,16,54
62,8,47
31,1,21
45,19,57
30,23,55
16,14,44
14,10,42
14,11,51
19,21,63
22,13,39
21,13,43
34,10,32
32,17,42
13,11,52
58,0,27
8,3,33
59,12,52
3,1,30
5,1,30
63,3,38
41,9,30
26,19,50
28,22,56
31,2,23
21,14,43
23,15,44
25,5,29
37,21,49
23,21,55
53,11,42
59,14,55
41,22,62
14,2,24
38,12,33
35,19,46
13,12,53
31,11,35
19,14,49
19,22,63
48,14,44
52,3,29
22,10,36
60,14,63
2,1,34
54,0,25
19,0,23
20,22,62
9,17,63
23,6,32
23,10,36
10,11,54
31,2,21
10,15,58
36,9,30
60,10,47
0,3,42
14,10,45
48,20,60
19,13,45
24,18,53
47,5,26
41,1,20
30,5,25
34,13,36
20,6,33
46,2,21
50,11,41
24,21,58
29,17,44
6,14,59
63,11,53
47,16,46
62,3,37
30,10,32
7,6,48
4,2,35
12,9,37
31,11,34
48,9,37
38,23,63
36,18,44
28,22,58
7,1,31
11,13,52
46,19,57
49,13,44
32,5,27
35,8,29
60,3,35
14,16,53
62,7,44
63,13,57
8,5,37
36,8,26
41,13,34
14,7,37
15,9,46
12,9,44
18,4,28
40,3,21
54,5,34
15,3,28
40,20,48
18,17,55
49,1,24
38,10,30
10,8,43
25,21,55
39,11,32
27,23,59
11,10,51
21,6,32
8,10,53
13,10,51
43,15,39
21,7,34
36,16,41
0,13,57
37,12,35
43,21,56
56,15,56
41,15,39
51,9,36
22,15,44
28,5,26
15,11,46
22,15,42
39,12,33
33,23,53
38,5,25
10,5,38
14,8,39
29,0,19
13,11,49
41,22,55
4,1,36
47,10,38
31,21,50
57,2,29
29,18,45
20,7,34
54,5,32
15,1,22
47,7,32
18,9,37
12,6,38
57,8,41
48,2,24
40,8,28
34,5,25
6,10,54
26,20,56
39,23,60
47,0,19
31,21,51
11,1,26
50,12,40
17,13,41
52,0,25
27,23,58
10,2,29
39,7,27
6,8,50
21,2,27
11,8,42
7,7,40
26,21,58
38,13,34
11,7,44
55,6,36
20,21,61
30,16,43
7,4,42
18,2,23
10,8,40
28,8,33
53,17,57
61,3,36
6,2,34
1,0,41
15,10,47
11,12,54
12,13,55
35,13,36
1,9,53
58,5,37
12,9,46
50,19,58
9,2,30
11,9,44
16,13,42
53,5,31
4,16,61
29,4,25
22,22,58
25,23,57
39,2,20
63,7,43
9,18,63
21,14,42
59,16,61
11,8,38
44,5,24
42,1,20
54,18,61
0,7,51
45,10,34
33,10,33
20,14,45
28,13,38
15,20,63
42,2,20
47,4,26
47,19,57
29,22,58
9,14,59
27,20,53
61,9,47
1,13,58
53,10,41
17,5,31
43,10,33
3,4,44
12,1,27
10,7,45
62,10,47
10,19,63
16,12,40
28,23,58
16,11,38
34,13,35
21,12,39
27,11,36
10,7,40
34,19,45
53,17,54
58,15,60
57,5,37
1,15,61
15,12,50
41,8,28
6,14,58
52,16,54
49,0,21
12,14,55
61,12,52
59,2,32
1,0,40
15,4,29
31,13,36
52,18,63
49,5,28
39,14,37
37,1,21
10,6,36
12,1,24
29,21,50
60,14,58
56,11,45
38,13,35
33,21,48
24,15,41
40,15,38
25,3,26
10,5,37
15,16,55
60,13,55
18,1,25
12,8,41
14,9,38
19,13,43
47,3,24
45,7,28
44,20,57
16,16,54
57,11,47
4,5,44
37,6,25
10,9,40
41,15,41
41,22,56
37,17,42
17,14,50
57,3,30
41,21,50
36,15,38
32,16,42
45,1,19
9,15,59
39,15,38
54,17,57
17,15,53
63,3,36
60,15,61
45,6,28
5,10,54
57,14,52
41,4,21
58,1,30
61,3,37
33,18,45
35,12,32
53,9,39
0,12,56
15,13,50
63,13,58
43,22,63
13,13,53
23,13,41
4,1,43
4,7,48
25,20,56
51,3,28
44,12,36
22,20,55
47,16,48
26,20,53
44,3,23
35,15,39
5,9,53
37,15,38
58,7,42
2,9,53
25,0,22
61,12,50
6,17,63
60,14,57
10,5,40
50,9,36
8,4,46
59,5,38
13,16,58
54,13,47
27,0,21
13,14,53
22,14,42
14,4,31
8,5,36
8,5,47
4,3,40
21,14,41
62,4,38
24,5,31
5,2,36
49,15,45
7,6,39
1,2,32
14,3,28
39,23,56
5,1,31
3,5,48
12,2,29
19,16,52
28,19,48
35,8,28
46,19,50
22,8,36
38,3,22
62,11,52
63,12,55
0,14,59
2,16,61
54,6,33
43,21,57
18,13,42
44,2,20
47,10,36
50,8,36
38,8,27
63,13,55
38,14,38
53,13,47
8,17,62
53,5,32
39,16,42
43,14,38
7,3,44
31,20,47
11,9,47
26,10,37
49,17,53
49,5,31
47,6,30
58,8,43
29,15,40
47,11,37
6,8,51
12,7,43
11,10,48
48,0,19
46,5,27
36,3,23
23,0,26
23,23,62
5,9,52
19,21,62
43,12,35
30,22,51
52,11,41
58,13,53
3,5,46
24,23,61
22,16,47
31,11,33
21,20,60
18,4,29
45,19,51
10,14,57
19,12,38
30,3,23
0,6,49
54,15,54
38,12,35
32,12,34
12,13,54
58,4,35
2,3,46
36,11,33
16,10,36
40,17,42
40,1,20
35,11,33
21,4,30
7,5,39
12,9,41
40,13,35
17,0,21
15,14,44
19,5,32
11,6,35
30,5,26
4,5,38
20,20,58
50,14,43
6,6,43
10,13,57
16,13,53
31,9,30
34,7,28
30,1,21
1,8,51
24,15,44
23,8,36
18,15,54
21,6,33
11,2,27
34,9,29
62,11,53
38,18,45
31,23,59
4,3,32
4,12,56
3,4,43
52,9,37
33,8,29
51,1,23
8,2,31
51,2,26
32,18,43
56,4,32
11,6,42
12,3,31
16,4,27
7,2,31
1,9,51
11,15,57
29,21,54
18,17,58
4,2,43
40,14,39
32,1,21
29,18,47
55,17,56
40,19,47
3,1,38
16,15,50
40,12,35
6,4,39
6,8,52
4,11,55
47,1,20
2,1,33
20,3,27
50,12,43
5,1,32
16,11,40
5,2,40
39,13,37
34,16,40
13,17,60
52,0,26
17,2,25
2,5,47
33,10,32
51,14,46
54,9,41
43,2,21
53,13,48
48,18,55
45,8,31
25,16,44
33,1,20
21,12,38
14,8,36
55,15,54
38,16,39
18,16,56
45,10,35
57,16,63
1,1,41
53,12,47
19,16,47
62,1,35
24,18,54
5,11,56
17,6,31
56,3,32
19,18,53
11,10,45
14,4,28
61,14,59
19,17,57
12,8,40
52,16,50
46,16,45
44,5,25
4,7,51
52,8,36
6,6,48
10,8,41
3,3,43
13,5,32
28,12,39
11,6,37
25,1,24
10,8,49
31,15,39
26,2,24
38,20,46
57,16,60
12,11,46
28,14,38
58,15,59
0,10,53
19,4,27
51,1,26
63,10,50
2,16,63
59,1,32
30,7,28
55,4,32
30,7,27
11,10,50
26,20,52
10,4,34
46,10,34
58,6,38
33,12,36
49,9,37
48,6,29
26,6,31
7,7,39
47,15,42
54,11,46
6,4,38
57,5,36
26,10,36
21,2,28
28,13,40
14,12,53
43,3,23
55,3,31
20,19,59
32,11,35
46,11,39
0,7,50
9,5,43
12,11,51
50,17,54
41,7,28
19,18,54
24,12,37
31,12,37
61,1,32
23,12,38
39,23,55
34,22,50
11,7,41
1,16,62
52,17,56
45,11,38
55,7,36
42,8,30
10,16,61
30,4,25
42,5,24
24,21,56
48,13,41
2,10,54
13,3,29
33,20,47
15,14,50
57,0,26
9,4,44
24,18,49
27,4,24
22,22,63
7,17,62
27,13,40
13,9,45
61,1,34
31,13,37
46,13,41
55,11,44
42,21,53
54,11,44
26,23,60
28,22,55
34,10,31
18,5,30
13,11,45
43,0,18
3,6,49
50,8,34
53,6,35
29,5,27
40,17,43
61,13,60
46,10,36
21,22,62
6,3,43
14,8,41
58,16,62
44,21,55
13,2,26
28,17,45
17,16,54
18,12,47
20,20,55
16,6,30
59,0,28
10,15,59
17,18,58
5,3,35
4,16,62
50,7,34
15,1,24
6,4,45
41,5,25
11,14,57
42,21,57
51,4,30
25,2,24
24,11,39
9,8,49
49,19,58
7,4,46
57,15,59
12,8,45
44,7,29
16,13,43
21,15,47
27,21,55
53,8,37
19,17,56
22,16,48
16,6,33
16,21,63
17,19,62
24,10,37
60,0,30
36,12,34
42,20,49
8,3,36
53,10,43
1,0,30
47,9,35
16,5,29
5,14,59
43,13,38
29,7,29
1,7,51
8,8,49
1,1,33
44,8,31
28,14,41
15,13,52
22,8,35
48,1,21
27,9,34
20,13,41
36,21,47
49,2,23
26,3,25
17,18,59
11,12,45
40,13,34
24,0,22
16,3,25
16,10,42
63,15,59
18,1,24
16,4,24
51,18,62
49,16,51
42,17,46
31,5,25
56,17,59
2,3,45
16,12,49
60,14,60
3,14,60
15,16,49
13,3,26
57,7,41
47,18,51
1,2,43
43,21,61
11,9,41
22,17,52
49,13,43
55,17,62
59,11,50
17,17,56
16,10,38
55,1,28
33,16,40
41,9,29
3,8,51
33,0,20
11,9,38
5,11,55
52,9,38
1,12,56
43,2,19
29,6,29
31,6,28
58,1,29
41,21,51
62,14,61
13,18,63
12,11,48
19,18,56
15,13,44
41,17,42
37,8,28
29,18,46
41,0,20
7,6,45
56,17,60
37,16,41
44,18,50
20,17,55
2,12,56
58,2,31
23,1,26
17,11,47
11,3,32
3,7,44
1,1,40
46,13,40
48,3,25
4,1,31
18,18,58
52,13,47
36,0,21
16,19,60
59,15,63
20,3,30
9,3,32
4,3,34
4,10,49
5,16,63
47,17,50
13,7,44
61,1,33
50,14,45
41,16,43
4,4,39
10,9,49
2,0,29
59,5,37
4,6,48
53,16,55
4,0,40
16,7,35
60,8,44
20,15,51
12,9,38
43,4,24
35,22,49
37,18,43
37,23,63
35,17,43
45,20,51
27,22,57
9,6,45
26,21,56
51,13,43
34,11,30
52,7,35
6,7,48
31,22,49
9,0,25
33,23,55
46,3,24
20,14,46
20,18,56
8,14,57
32,18,44
27,5,29
6,7,49
14,1,23
50,18,56
18,16,55
53,0,25
37,11,32
11,11,52
6,3,41
20,1,27
47,20,59
48,17,53
16,10,47
32,4,24
46,15,43
49,0,19
1,14,60
5,5,42
48,16,46
14,10,49
16,0,21
15,7,33
9,2,29
60,2,32
34,23,55
24,7,33
42,17,45
9,0,26
3,4,33
49,9,35
51,5,31
16,3,27
44,19,52
8,9,52
7,5,46
52,4,30
17,8,35
35,20,46
4,2,33
19,11,40
28,15,41
54,9,39
40,3,20
28,18,46
46,5,26
32,8,30
8,17,63
24,6,33
12,17,62
47,20,62
58,10,47
24,4,30
1,0,33
10,5,42
5,1,37
49,18,53
33,23,52
17,10,37
27,21,51
17,11,39
13,13,46
6,3,37
53,18,62
49,18,57
11,0,26
49,4,27
16,18,58
33,3,23
23,6,33
13,8,45
12,7,38
50,1,24
36,7,28
40,16,42
35,21,48
9,3,33
6,2,44
52,5,31
9,0,29
4,13,59
2,10,53
3,0,38
60,9,45
29,4,26
33,20,48
11,13,54
61,8,46
2,2,43
44,2,21
33,5,26
22,21,54
51,7,35
2,4,46
23,17,53
14,19,63
54,16,53
7,0,29
23,10,37
6,11,54
2,15,62
53,12,46
11,16,60
25,17,48
42,21,60
35,10,30
52,7,34
38,0,21
21,16,42
11,9,49
8,10,51
36,23,59
14,18,61
2,14,57
61,12,54
17,14,52
8,5,45
38,20,48
42,21,56
57,6,39
12,0,23
43,18,45
57,16,58
21,19,58
19,5,31
50,16,50
54,16,54
12,14,56
7,3,43
17,9,37
38,23,56
30,23,61
16,10,44
16,5,28
12,8,42
44,6,26
25,0,25
2,11,54
34,8,29
11,7,37
42,20,54
1,10,54
39,14,35
17,10,36
39,22,56
2,13,57
20,21,60
25,15,43
38,3,20
7,2,38
26,6,30
37,23,54
49,4,29
60,1,33
29,16,44
50,3,26
2,1,43
28,23,60
29,23,59
34,0,20
49,10,38
30,4,24
3,2,44
3,1,33
54,8,38
7,7,49
53,6,33
50,2,27
52,14,49
39,22,52
47,20,61
31,8,31
51,9,38
26,19,49
2,4,47
29,23,58
58,12,48
17,1,22
24,14,40
13,3,25
15,18,59
38,6,25
17,17,55
19,10,38
3,3,45
56,1,29
22,21,60
58,4,36
33,23,54
11,11,54
7,6,42
17,4,30
23,7,34
10,4,35
37,7,27
13,13,54
10,7,42
55,15,55
34,6,26
48,1,23
6,5,40
56,6,38
45,20,60
8,5,44
59,5,39
55,16,59
45,19,56
26,20,51
62,13,56
9,7,47
31,8,29
56,0,26
53,12,44
36,10,31
51,8,35
63,6,40
57,13,52
38,2,21
3,13,59
26,16,43
27,2,23
60,2,33
21,19,57
42,15,41
12,8,39
63,5,41
11,5,36
18,7,32
31,17,44
54,14,52
46,20,60
37,20,47
56,1,27
59,11,49
48,10,38
48,16,48
34,14,39
16,2,24
22,13,40
0,8,51
41,14,39
4,4,36
23,2,27
43,20,53
19,9,37
60,12,50
60,12,54
13,9,41
56,14,52
58,11,46
56,12,46
35,11,34
49,18,51
11,6,44
10,1,27
40,16,43
37,3,21
0,1,31
33,18,44
18,12,42
28,20,50
23,4,31
38,15,38
44,20,59
38,22,53
16,11,47
30,19,48
12,13,53
59,9,45
23,22,59
41,15,40
43,6,26
24,8,34
44,20,58
12,11,53
58,9,46
26,13,40
34,15,38
8,11,52
42,9,30
40,20,49
33,9,31
27,21,54
3,4,34
19,2,28
60,5,39
61,7,43
6,3,33
28,20,48
38,22,57
33,9,30
14,10,47
53,17,60
2,1,38
56,5,36
49,19,63
44,9,31
12,16,59
15,10,43
53,4,31
26,10,35
32,21,48
8,4,41
39,16,41
27,10,35
14,16,57
60,11,51
28,7,28
23,18,48
18,18,53
42,16,42
55,17,57
57,11,46
7,7,48
9,5,42
38,10,31
23,4,29
0,2,40
28,1,21
35,18,43
14,13,52
48,17,49
0,2,31
59,14,52
36,22,51
5,7,48
4,4,37
47,8,34
0,10,54
0,6,48
52,1,27
57,16,62
30,23,52
5,3,38
60,10,46
49,6,32
30,23,58
37,23,58
27,10,36
39,15,40
24,21,59
17,5,29
27,8,31
38,23,54
13,16,53
34,10,30
20,7,33
47,7,33
7,2,33
44,19,48
46,13,42
51,6,34
9,17,62
28,19,47
37,1,20
3,5,43
27,0,20
5,11,54
25,23,61
26,19,55
4,3,36
50,6,32
43,15,42
13,14,54
19,12,43
59,6,39
8,3,41
13,3,30
50,7,33
42,15,39
41,20,52
26,0,20
36,11,34
3,3,44
17,15,55
32,3,22
55,0,27
31,0,20
3,1,31
3,4,35
47,5,29
28,23,59
28,10,33
7,11,54
61,8,43
63,0,33
14,15,54
49,8,34
28,0,20
39,23,57
15,12,51
30,21,50
41,14,40
29,14,41
24,18,51
52,2,27
16,4,28
39,16,40
11,9,46
33,7,26
11,17,62
8,2,32
28,12,38
15,19,62
23,11,39
47,17,47
12,6,40
39,23,61
25,21,52
50,5,29
20,23,60
57,14,53
33,14,39
33,21,49
4,2,34
43,4,23
32,11,33
19,3,27
54,12,46
55,13,49
37,23,57
60,4,38
27,17,44
4,4,47
12,19,63
52,6,34
21,17,48
37,23,53
60,14,62
34,13,37
59,14,53
15,3,27
46,21,63
38,4,23
12,15,55
49,16,47
19,19,56
3,11,56
7,6,43
27,6,27
35,0,20
9,7,43
8,16,61
43,21,59
16,9,36
11,17,60
17,20,59
15,4,28
9,0,27
55,2,29
56,1,28
50,9,37
21,15,50
16,9,37
39,11,33
14,1,24
18,6,33
26,6,29
33,13,36
34,8,28
17,3,27
55,14,51
16,11,36
35,19,44
60,13,53
45,3,22
61,13,55
63,12,57
39,21,50
53,10,40
1,13,59
22,1,27
52,14,47
26,11,37
3,2,35
48,19,60
12,17,60
55,10,44
52,11,43
48,4,26
6,5,46
1,1,30
8,1,30
6,7,41
60,4,35
14,4,29
51,2,27
36,7,27
16,15,53
22,17,49
10,5,43
25,13,40
11,9,42
22,11,38
51,18,58
56,3,30
21,23,61
31,5,26
47,12,41
44,14,40
58,3,32
44,21,56
25,8,34
31,18,44
56,17,62
54,17,62
39,6,23
16,13,50
37,9,29
29,16,42
46,17,47
4,10,55
35,5,26
63,13,62
58,3,33
51,4,29
27,7,32
41,13,38
32,23,57
16,11,44
39,18,46
11,14,54
18,0,22
43,10,34
43,15,38
34,12,36
29,11,36
50,6,33
10,5,34
43,13,40
30,16,41
28,21,54
1,0,31
8,14,59
48,6,31
25,6,30
4,15,60
1,7,50
15,15,57
1,6,49
42,9,29
50,15,47
38,5,23
12,10,47
20,21,62
34,1,21
7,3,36
56,5,35
50,16,48
54,16,56
26,8,33
45,12,38
23,18,46
38,23,55
29,15,42
5,3,36
13,7,38
37,10,32
8,7,48
14,6,35
22,14,38
14,20,62
53,14,50
33,6,26
36,23,55
57,8,42
24,2,27
30,15,40
13,0,21
44,19,49
6,0,30
12,4,30
60,5,38
22,14,45
34,23,54
22,23,62
50,17,56
50,18,55
30,23,57
47,17,49
8,4,34
52,10,40
39,3,21
43,1,19
26,8,34
54,0,27
32,4,25
38,11,32
5,8,46
33,16,42
16,13,48
23,20,57
9,12,56
62,13,61
19,23,63
14,1,25
57,13,53
32,12,36
