61,7,5
21,21,21
23,5,56
30,15,23
18,22,18
53,15,4
42,13,19
20,3,62
7,11,48
30,23,7
31,10,30
50,3,23
15,8,55
40,18,10
63,1,13
47,10,17
6,18,35
50,8,17
22,13,32
20,3,63
36,17,16
32,22,11
1,1,56
19,22,18
54,6,24
0,12,46
40,21,6
48,0,31
32,16,15
5,0,63
56,9,10
62,2,12
42,10,21
33,12,29
60,7,12
45,6,32
16,7,57
33,5,37
31,0,53
11,20,37
5,16,37
62,8,8
63,0,23
57,2,27
26,11,32
17,7,56
61,9,1
14,12,48
4,6,51
10,18,40
21,22,16
42,4,32
3,0,57
59,11,0
1,16,39
52,12,7
46,6,23
27,20,14
17,8,48
45,5,23
3,4,51
14,23,23
36,18,18
12,7,55
24,13,29
30,16,17
26,1,54
31,23,6
43,15,15
32,8,32
30,14,21
38,8,29
43,1,34
3,23,27
25,5,45
62,4,16
30,18,14
21,4,56
34,18,16
57,8,9
12,19,33
42,19,8
46,1,34
31,17,15
40,2,34
48,5,23
61,5,8
29,2,54
17,13,38
2,9,45
48,8,25
49,3,26
31,6,35
50,18,3
16,23,25
47,12,14
7,10,49
40,7,29
17,21,21
60,2,13
60,3,17
2,11,45
20,6,52
18,14,37
52,7,17
61,4,8
33,14,24
56,11,7
39,7,28
57,7,21
38,18,11
53,8,19
25,14,35
18,13,37
12,19,31
19,8,46
38,5,32
37,9,24
16,10,53
23,14,32
59,2,24
28,18,16
63,6,4
46,2,30
54,8,9
56,9,7
15,14,39
43,9,22
35,16,16
36,19,9
13,22,23
13,5,61
29,23,12
41,0,37
45,13,12
43,6,28
62,7,7
38,21,11
31,16,23
28,21,16
16,8,59
48,11,11
38,22,8
43,5,32
46,18,1
32,18,12
8,9,52
3,2,54
12,20,29
10,3,59
33,4,37
28,15,22
37,4,35
38,21,8
53,5,19
16,16,35
57,6,21
4,15,40
29,19,18
62,4,6
26,16,23
56,7,8
58,10,3
45,10,16
19,17,34
41,13,19
26,7,41
38,18,8
60,4,8
45,11,17
60,5,9
29,7,35
30,6,37
8,22,31
38,7,30
3,11,44
11,17,39
33,22,7
42,18,4
7,20,32
31,8,33
61,3,14
17,4,62
52,3,24
53,0,27
38,4,33
60,3,14
29,17,26
40,3,35
50,11,16
50,10,18
40,12,20
1,19,34
44,21,3
5,7,50
43,6,25
36,2,38
48,3,30
37,15,17
22,14,32
48,18,8
21,7,45
34,16,18
48,8,17
11,22,29
31,3,43
26,5,46
8,18,35
19,12,44
23,3,51
44,8,21
63,0,16
12,18,34
11,11,48
39,1,43
49,19,0
24,8,41
17,9,50
22,12,36
47,15,10
26,4,45
30,14,22
35,19,14
46,7,24
16,9,51
39,17,9
46,6,21
48,4,26
59,10,3
14,12,49
17,22,24
26,1,59
23,3,54
42,22,6
58,2,28
43,19,1
38,21,6
46,19,0
39,1,42
32,18,11
61,3,11
1,23,28
7,14,42
27,10,33
58,4,20
24,17,22
2,6,51
24,15,33
15,9,55
0,4,55
34,20,13
57,7,12
2,4,54
58,5,14
29,0,62
45,15,15
2,12,43
18,10,44
28,14,25
39,19,10
28,5,41
27,16,23
6,16,41
45,7,24
28,1,59
25,21,16
41,9,27
44,5,29
31,1,50
52,15,3
49,13,12
42,19,3
26,3,51
48,7,24
39,16,14
6,15,40
46,14,7
4,22,29
0,10,46
61,2,23
49,4,30
35,17,13
33,7,33
53,13,8
17,15,35
7,10,47
17,14,37
14,17,37
17,22,20
37,5,34
38,14,14
3,11,45
26,3,48
28,1,55
38,22,1
14,13,44
26,21,18
14,10,50
41,15,12
35,19,11
5,14,42
43,18,11
31,13,25
38,22,9
1,18,39
25,14,28
61,2,21
37,18,8
3,12,41
15,10,51
17,10,49
50,6,23
24,11,34
61,6,14
34,21,11
57,3,24
53,11,10
6,23,27
5,19,34
61,4,10
22,12,33
7,15,41
49,8,19
37,21,8
14,16,39
23,6,55
31,18,18
44,14,15
12,17,36
53,9,10
2,4,51
43,6,29
43,17,10
9,21,32
40,8,26
56,3,26
4,9,48
5,5,54
22,13,36
18,4,60
25,17,21
13,8,55
11,3,62
0,4,53
59,4,16
32,1,45
12,10,50
21,12,38
53,9,15
11,3,59
45,16,8
51,11,8
9,3,62
11,17,43
44,5,27
44,18,5
23,12,33
23,23,15
62,2,13
25,1,52
10,20,33
0,14,40
52,4,27
9,3,59
48,15,6
4,23,33
2,7,48
12,5,59
23,15,28
16,9,49
13,3,61
29,22,14
25,17,24
63,3,7
51,10,9
56,11,0
38,18,9
36,3,38
15,17,34
14,6,59
19,10,45
36,16,13
23,0,61
45,22,0
62,6,5
22,9,46
63,1,27
38,11,18
17,7,52
2,7,49
52,5,20
6,21,30
16,11,49
47,16,3
18,13,41
36,22,6
46,4,26
36,22,10
51,14,5
45,18,3
32,1,51
21,17,25
15,8,56
43,22,1
22,21,16
27,2,51
7,4,55
32,17,15
11,15,45
27,11,31
27,12,29
19,4,59
4,7,49
15,14,45
21,21,18
55,9,5
62,0,15
9,13,48
40,18,13
41,14,12
43,9,19
26,12,29
18,15,35
41,16,12
23,11,36
43,11,19
44,5,32
25,3,49
26,18,20
34,23,10
19,4,62
10,6,55
34,17,11
32,21,9
27,3,45
21,7,50
61,5,16
27,0,55
46,10,22
30,6,36
42,0,39
45,14,10
24,8,38
1,20,33
19,19,29
29,16,27
61,5,10
54,12,4
13,17,37
48,5,25
63,4,8
19,22,24
42,0,41
37,17,13
41,22,3
49,0,32
41,15,17
0,5,51
42,21,1
43,22,0
44,17,3
59,2,18
37,14,16
17,10,46
16,22,21
62,5,5
58,3,22
5,6,52
22,1,60
31,22,7
14,23,27
39,19,11
30,4,43
28,23,6
16,5,63
5,18,38
22,15,29
36,12,18
48,12,10
25,10,35
27,5,42
53,14,7
12,21,29
21,9,47
25,9,41
48,4,25
9,10,47
51,8,18
58,5,21
23,14,36
27,5,41
31,19,14
26,19,17
29,9,32
1,6,50
27,19,17
29,13,24
24,22,13
44,18,7
14,17,36
53,5,21
47,5,23
0,16,37
59,1,27
15,12,46
41,7,25
57,11,0
48,18,4
0,11,46
0,16,40
5,17,36
35,2,39
57,1,28
35,11,24
41,18,11
7,0,59
31,23,5
18,8,57
28,22,12
4,6,49
28,6,38
48,14,5
44,15,8
38,19,7
31,23,10
5,6,53
31,6,36
45,1,38
46,16,7
5,15,39
22,17,25
34,7,33
37,7,28
59,9,2
39,18,7
43,12,20
20,16,29
1,21,31
32,19,11
45,0,38
26,5,45
11,16,40
14,5,62
19,5,57
0,15,42
52,12,11
37,1,42
31,10,31
59,11,2
47,17,5
46,5,27
53,7,20
29,22,10
42,22,5
29,0,59
45,11,19
38,1,40
24,4,47
31,5,39
26,1,51
56,0,28
20,12,35
5,23,28
11,9,53
57,5,11
35,15,18
31,15,19
45,5,32
11,2,61
5,22,33
4,13,40
48,7,19
24,17,32
21,15,33
56,7,21
41,15,11
49,7,20
26,2,48
23,7,42
26,4,59
52,7,19
60,5,5
48,14,9
20,5,50
55,7,19
58,3,25
40,15,16
42,4,33
9,20,35
21,22,22
18,6,53
8,22,30
50,10,13
33,9,30
60,11,0
9,6,56
18,21,24
26,11,33
31,15,24
53,11,12
13,16,38
39,21,7
25,20,18
8,14,42
12,15,44
60,9,0
27,13,28
9,16,40
52,18,1
8,7,53
2,2,56
4,22,27
59,5,16
34,22,7
4,20,30
17,12,43
48,16,3
11,20,35
53,6,24
34,23,11
29,4,43
15,21,28
4,13,47
30,6,40
31,23,8
8,18,39
42,1,36
13,18,35
37,18,13
20,13,36
21,18,27
43,20,0
38,3,36
9,1,61
23,16,32
22,8,44
42,21,9
35,18,16
28,10,33
27,23,10
9,7,51
30,12,26
7,19,34
20,11,39
59,4,11
35,12,20
55,7,18
45,14,11
11,1,61
4,12,42
25,1,58
34,2,42
42,18,9
59,13,0
37,13,16
41,8,21
48,13,7
28,23,8
42,11,17
32,14,19
2,8,46
45,12,17
34,6,36
49,10,13
37,21,13
48,13,13
30,2,46
19,23,19
33,22,6
33,19,13
53,11,3
61,9,5
47,10,14
50,3,27
41,10,20
10,22,30
29,2,55
41,21,3
38,14,16
2,16,38
26,12,35
32,19,10
20,18,24
14,12,47
46,14,10
63,4,5
58,4,17
35,21,9
60,4,25
45,14,12
45,18,6
1,6,54
46,10,18
57,5,10
6,16,37
48,10,17
51,6,22
33,1,42
40,8,22
32,20,12
20,20,29
25,10,36
26,3,58
19,21,24
59,8,11
34,19,9
21,5,56
21,6,53
20,8,48
54,2,29
48,18,5
19,14,32
5,2,56
59,5,17
40,7,30
31,2,43
22,8,42
57,8,5
20,10,42
50,8,22
10,7,53
43,8,20
49,6,23
22,2,60
16,10,52
45,19,5
49,6,19
5,15,38
9,20,34
41,18,12
47,17,8
60,2,16
50,17,4
49,4,25
1,6,53
45,3,33
6,4,55
31,0,49
50,2,25
22,12,34
34,23,8
5,9,47
23,3,56
11,3,60
28,0,52
25,7,46
28,17,22
26,5,44
5,12,43
21,15,30
31,15,21
10,3,62
61,2,22
46,15,13
59,4,9
55,5,20
57,3,21
0,22,28
2,15,41
42,20,2
38,20,11
61,3,17
37,17,9
60,3,22
5,11,44
36,14,21
24,15,29
15,5,63
24,19,21
61,8,8
12,22,24
16,22,23
24,2,56
9,12,49
18,6,62
21,1,62
13,14,44
4,21,35
11,23,24
29,0,55
4,23,31
56,11,1
60,5,18
26,10,38
1,22,29
42,1,37
18,18,27
13,20,30
40,16,16
29,15,27
52,3,26
46,11,15
19,16,34
9,17,42
47,0,37
50,14,7
12,5,56
35,19,17
4,18,35
32,2,48
4,16,38
27,21,13
27,10,38
51,13,5
39,20,7
23,2,54
26,13,29
40,17,13
47,19,0
18,14,36
43,14,16
23,14,30
62,0,27
23,22,15
28,12,28
38,4,34
54,7,10
25,17,23
63,0,25
61,8,6
36,6,32
19,12,39
54,1,29
3,13,47
51,3,29
0,7,49
30,17,14
63,0,24
59,7,6
49,0,29
26,16,21
40,5,29
52,13,1
10,8,50
45,10,15
40,0,39
43,15,14
58,6,11
56,8,20
5,16,38
49,6,20
36,1,41
51,12,10
29,20,11
20,14,33
24,1,53
42,13,17
51,16,1
22,18,24
61,5,9
29,10,32
32,23,8
63,4,14
0,22,33
15,14,41
23,20,18
61,5,14
24,9,36
25,6,46
13,15,41
21,11,47
61,0,16
57,8,18
46,13,14
18,12,44
29,16,26
32,15,22
53,15,0
53,7,18
51,12,12
57,4,12
40,1,36
5,14,39
37,17,16
49,5,27
31,12,27
10,0,62
49,2,29
55,1,28
22,10,37
37,22,5
42,13,14
18,23,26
47,0,32
11,22,31
13,23,23
31,2,42
42,7,26
38,7,29
2,8,47
22,9,50
39,21,8
17,14,36
44,12,13
59,4,17
39,17,13
8,1,63
48,1,29
41,2,34
0,3,55
22,5,48
27,7,39
32,7,32
53,14,4
16,16,31
59,5,23
6,2,56
0,15,37
13,5,58
36,4,41
12,6,58
20,16,28
35,19,13
41,16,10
27,20,13
48,18,0
49,3,27
57,4,15
60,7,3
6,10,46
51,5,24
8,8,53
38,23,3
26,10,37
11,21,28
9,1,63
55,5,24
41,19,7
15,23,20
0,6,49
53,0,31
16,15,39
53,14,1
46,6,24
40,6,27
29,17,16
51,14,2
8,5,56
37,19,11
29,14,22
60,4,13
53,7,15
46,14,6
42,3,31
24,3,51
1,19,33
46,6,26
4,0,61
40,13,15
59,3,24
58,4,12
61,5,11
9,11,49
8,1,59
12,8,51
30,17,17
21,19,23
27,18,16
15,16,36
39,15,19
37,4,38
28,17,19
23,2,57
13,12,49
8,21,37
30,1,46
12,22,27
36,11,22
54,8,18
63,7,5
1,17,39
43,9,28
31,16,18
37,18,9
5,1,58
61,2,15
34,14,20
43,0,38
37,3,39
7,22,34
58,5,23
43,9,27
40,0,43
56,7,10
45,9,21
63,5,9
12,22,28
19,18,29
63,6,2
45,11,21
15,20,25
51,8,20
21,3,58
50,9,15
24,13,33
50,16,6
47,3,26
16,14,40
46,14,8
59,6,17
29,22,12
46,19,3
51,17,0
57,9,6
12,12,46
53,5,22
43,21,0
23,15,33
53,11,6
1,8,48
40,8,29
20,9,42
55,5,22
50,18,2
50,11,15
42,12,17
29,12,26
7,3,57
38,15,12
14,15,47
25,18,24
2,2,54
12,17,38
41,19,2
47,15,5
48,8,18
50,2,26
37,2,43
16,8,57
34,7,35
57,9,11
2,17,35
13,22,24
15,10,53
21,5,50
49,19,1
2,19,33
17,21,27
24,11,36
43,3,33
26,23,11
9,13,47
7,8,50
27,23,14
44,19,1
28,21,15
59,5,9
39,14,16
42,19,6
9,19,36
39,0,45
51,11,16
14,11,51
18,19,24
36,1,43
1,3,54
53,3,25
49,18,2
37,5,32
40,16,13
51,13,4
0,9,44
5,22,32
54,5,21
11,8,52
49,9,16
51,7,19
5,18,36
24,14,29
17,11,49
60,4,10
38,6,29
38,15,19
18,17,27
11,20,34
4,18,33
49,11,16
44,6,25
53,3,24
21,10,45
51,2,27
4,5,51
12,1,63
26,20,19
57,5,17
15,17,33
52,8,15
45,3,28
48,10,19
21,14,30
45,15,12
52,3,23
14,15,40
53,8,16
30,10,31
5,22,31
60,5,6
36,0,47
23,0,62
26,7,39
11,18,38
56,9,11
46,18,4
17,8,54
40,13,14
32,23,5
52,2,24
49,2,27
24,13,35
5,4,58
39,14,19
51,9,19
62,9,1
32,19,15
35,3,40
1,23,29
42,2,33
23,13,31
17,23,23
41,8,22
35,17,15
32,12,29
45,12,14
1,12,42
0,1,56
28,11,31
61,5,13
20,17,27
52,13,11
9,23,31
62,8,1
28,3,50
31,0,52
48,19,0
24,3,50
59,5,14
40,18,11
7,14,45
45,19,4
36,10,26
34,23,5
33,19,12
55,7,8
60,1,26
15,22,28
33,3,43
60,5,7
25,0,57
44,12,16
16,20,26
25,14,33
36,20,8
32,7,33
40,21,1
25,6,42
37,15,15
24,10,35
51,11,7
28,19,13
14,12,46
44,1,33
45,6,24
23,14,33
32,3,47
51,8,17
29,11,28
51,10,13
44,4,33
62,6,7
38,4,35
7,17,36
17,12,42
22,23,12
0,6,51
58,0,28
19,21,22
30,4,49
55,0,28
54,11,6
46,13,13
48,7,18
33,14,23
31,1,47
32,18,15
9,8,51
40,14,18
44,18,3
29,0,51
16,19,31
18,19,28
61,1,20
17,5,61
21,21,19
3,22,32
56,8,10
22,1,59
21,19,22
16,13,42
55,8,10
47,10,15
4,12,47
26,4,47
28,2,50
35,8,29
20,22,18
13,21,25
36,20,9
21,7,48
28,1,57
8,9,51
17,19,31
51,7,23
46,15,14
37,13,18
9,21,30
18,20,25
5,0,62
28,1,58
7,22,31
44,9,24
38,9,26
52,8,23
1,17,37
37,19,10
15,18,30
60,6,10
47,14,9
29,0,49
10,6,53
11,14,46
16,21,23
57,8,12
29,9,33
43,13,17
57,7,14
1,4,53
29,4,40
56,10,6
26,10,33
21,6,49
0,18,37
50,10,15
14,5,61
47,5,27
51,3,24
50,2,29
13,18,33
45,13,11
38,9,23
63,1,10
34,13,22
11,19,38
32,14,20
6,16,39
17,11,44
49,12,8
42,5,32
34,8,32
40,19,11
53,10,6
38,22,0
51,5,25
33,21,6
48,19,3
6,3,57
42,8,23
33,8,31
9,0,62
15,15,38
17,17,29
12,16,43
62,6,10
0,13,39
21,4,53
23,13,34
52,16,5
7,23,28
21,17,32
21,14,34
56,8,9
48,3,29
62,5,3
40,15,12
0,17,38
44,4,27
44,14,17
56,0,26
34,18,15
0,22,34
42,15,13
28,13,27
40,12,15
33,6,36
33,17,14
14,22,22
11,18,35
6,17,41
46,11,21
61,2,17
39,15,13
36,5,35
24,18,20
36,0,42
33,18,11
46,5,28
24,19,19
43,11,17
54,4,20
63,6,7
35,16,13
47,1,30
20,18,25
6,18,34
30,1,54
0,22,30
45,11,20
3,3,54
32,3,39
22,8,50
16,15,35
36,15,16
18,7,50
3,15,41
14,6,63
30,2,47
58,1,28
50,8,19
56,0,32
36,18,14
54,2,26
19,16,28
55,10,9
39,23,0
39,17,14
29,20,19
49,5,29
28,0,59
36,23,1
7,13,42
26,23,14
11,16,46
4,7,54
58,0,27
11,0,62
23,3,52
62,0,25
50,10,12
15,6,60
32,21,14
29,17,27
12,12,50
21,14,31
8,20,37
1,18,37
30,22,15
37,20,6
40,5,30
43,8,22
6,17,37
58,6,8
60,4,14
50,12,7
42,13,18
53,13,7
54,8,12
23,5,55
6,17,35
61,6,5
42,1,35
18,9,49
53,12,8
33,23,9
51,9,12
2,13,39
45,12,15
51,11,12
47,17,1
62,0,21
59,6,5
41,1,37
38,1,39
11,23,26
6,11,47
17,22,19
21,18,29
44,0,38
11,13,46
41,2,36
36,6,38
6,9,47
37,14,19
1,16,35
9,7,52
24,11,35
4,2,54
30,1,45
30,15,24
34,13,20
44,21,0
30,21,14
35,14,17
58,7,13
24,14,33
54,11,3
26,0,56
47,1,32
2,23,33
18,5,63
31,22,6
31,16,15
44,13,16
38,13,20
56,10,1
62,4,15
3,17,39
37,0,44
36,17,11
23,9,39
16,19,26
37,1,40
28,16,27
41,20,7
19,19,26
27,21,14
34,17,14
25,11,32
48,2,29
39,12,16
8,1,58
26,21,11
32,20,10
3,22,29
40,9,23
39,15,14
32,15,21
23,6,44
48,14,8
31,3,50
22,4,50
58,8,6
24,0,60
47,15,7
36,23,7
19,10,44
2,22,30
49,3,24
14,21,25
48,6,26
28,1,49
14,20,26
21,2,61
46,10,19
55,2,27
23,23,13
24,6,47
42,15,17
50,11,8
24,2,59
9,4,58
59,6,6
32,16,14
44,15,13
41,20,4
41,17,13
30,17,18
58,9,12
19,18,32
34,16,16
31,22,11
39,18,8
57,5,23
17,10,56
34,20,14
52,13,5
11,7,58
50,12,13
23,14,34
28,11,30
22,16,31
7,16,39
30,5,38
45,21,3
31,19,17
1,8,46
62,2,10
37,16,12
38,22,3
31,5,43
18,5,59
30,9,31
37,0,41
49,18,1
16,17,29
25,1,55
30,11,31
8,17,39
24,1,58
39,3,35
22,23,13
25,4,59
33,16,22
16,23,21
54,7,16
24,17,23
55,9,13
6,9,48
17,14,45
44,1,35
57,1,25
50,18,0
43,14,14
37,17,15
55,7,16
40,11,17
40,1,40
10,16,42
23,1,57
42,4,29
8,9,50
41,0,39
27,19,15
23,16,31
40,19,6
10,6,56
12,10,51
18,11,45
56,9,4
9,19,38
38,3,35
32,5,38
61,6,9
30,16,24
38,12,20
8,19,38
35,11,25
16,13,44
7,9,48
28,13,26
1,9,47
38,6,30
12,19,32
11,12,47
54,1,25
45,17,12
39,5,31
42,23,1
58,5,18
27,1,50
28,21,10
41,12,22
13,21,27
19,11,41
32,15,18
15,23,21
8,11,50
57,7,11
50,8,21
21,7,47
45,10,19
45,5,31
33,22,8
1,5,55
47,18,2
45,18,4
12,15,45
13,4,62
47,13,12
37,21,7
29,22,18
38,13,21
37,11,23
19,13,39
43,19,5
12,16,39
50,7,18
63,0,28
2,10,43
4,21,30
46,16,5
0,11,42
48,16,4
30,15,21
55,0,27
22,9,38
1,7,47
59,6,7
10,21,35
20,6,51
31,6,37
33,2,44
6,6,52
28,18,20
36,12,22
48,7,26
56,2,26
8,22,29
52,8,18
14,9,52
42,14,13
51,13,11
0,10,43
52,10,12
28,13,28
32,18,18
34,6,35
36,8,30
32,23,13
9,19,40
8,2,62
32,3,42
21,2,60
46,10,20
59,9,1
52,11,9
0,13,44
57,8,11
40,17,12
9,23,26
9,9,50
23,10,35
53,10,11
11,9,50
3,16,36
20,1,63
39,20,11
55,4,26
36,21,7
47,8,17
0,19,37
0,21,32
24,12,32
38,8,31
35,0,45
20,22,19
5,19,35
52,9,12
50,6,24
33,21,14
26,13,35
33,17,12
61,4,7
39,20,8
3,14,40
29,11,30
40,21,7
58,8,12
59,11,1
32,12,25
22,14,36
29,20,15
1,11,43
0,22,32
37,9,27
41,13,15
57,4,20
57,10,3
29,4,41
17,3,62
42,9,26
55,0,30
4,19,38
36,8,29
46,19,1
41,5,28
28,22,10
3,1,56
39,1,38
14,13,45
61,3,10
46,11,18
40,22,6
33,16,21
10,20,32
49,16,2
22,21,18
23,14,31
51,14,10
21,8,50
43,12,15
13,12,50
42,15,14
51,10,19
52,0,28
20,8,46
11,21,30
45,13,16
44,7,21
40,15,15
47,4,25
37,20,5
57,6,16
9,16,45
8,20,33
14,20,27
39,20,9
46,9,18
17,20,28
38,19,11
48,17,2
45,6,26
28,19,16
21,21,20
54,12,5
49,20,0
52,6,22
31,11,27
8,4,58
25,8,38
12,12,51
27,0,54
60,1,15
3,8,47
36,15,19
20,23,16
32,19,13
53,1,27
38,11,19
16,12,47
15,23,24
8,21,32
46,3,33
46,6,25
33,15,15
25,0,54
16,4,63
34,6,34
21,10,39
54,8,10
5,6,50
35,18,14
48,0,32
2,21,30
42,5,28
22,7,44
32,23,7
46,1,31
17,21,25
54,0,28
41,3,33
39,17,12
24,0,63
58,9,3
43,8,21
5,20,31
12,19,34
23,22,13
48,17,8
24,5,45
40,12,17
40,12,21
56,10,7
9,8,54
36,14,16
56,1,25
34,15,17
52,8,12
17,16,30
33,11,29
32,17,16
25,19,19
22,11,34
37,22,7
24,7,40
17,19,32
22,20,17
18,5,60
28,21,11
35,7,31
60,2,14
35,3,41
20,17,26
57,0,31
5,22,29
13,14,47
30,16,19
45,8,23
4,21,34
58,3,15
10,7,51
54,6,23
31,7,35
16,11,46
43,10,22
45,6,31
39,2,37
51,17,1
26,16,28
43,7,28
38,7,28
16,19,28
62,7,9
16,9,53
50,3,24
49,17,8
49,18,0
19,15,30
14,22,25
31,19,18
55,14,0
47,15,6
52,17,0
58,11,3
46,17,2
26,19,18
19,8,49
54,6,22
4,4,53
60,8,5
53,7,16
53,4,27
11,4,62
13,8,53
52,9,13
24,1,59
14,15,41
6,17,36
59,5,19
43,9,20
58,5,10
31,21,11
5,11,48
62,5,11
19,18,25
27,16,20
56,2,27
44,15,12
56,2,28
10,2,59
36,4,38
10,1,60
0,15,38
46,22,1
3,6,49
41,18,5
38,20,7
9,4,62
10,9,53
56,11,2
0,1,58
63,6,3
15,11,49
13,8,57
17,18,28
22,5,49
44,7,22
35,6,32
21,14,37
6,22,30
54,7,13
4,9,49
53,4,24
19,7,48
27,15,23
16,17,30
25,1,53
48,10,15
51,12,6
56,9,9
26,2,51
43,11,20
3,21,29
49,16,5
23,18,23
58,5,12
14,14,42
40,10,24
25,1,57
5,9,48
31,21,7
56,9,2
23,10,38
38,23,8
59,8,1
25,3,60
28,0,61
31,1,43
47,13,15
43,18,4
56,2,29
37,14,20
20,14,36
12,8,52
31,14,21
7,19,37
52,4,26
21,20,22
30,18,13
1,8,47
45,16,5
37,20,10
18,17,28
41,17,14
31,20,9
28,11,29
55,3,22
38,3,37
28,8,35
5,12,44
59,1,26
51,3,23
33,14,19
57,1,24
46,6,22
24,12,33
38,22,6
39,17,11
43,15,11
10,4,62
40,13,20
13,17,34
7,20,34
26,16,25
27,9,36
10,13,47
26,1,57
45,16,11
14,4,61
42,21,2
43,6,23
6,13,43
45,8,22
41,0,38
1,21,35
25,8,39
55,8,7
28,4,41
0,12,42
36,10,23
52,11,12
6,21,33
7,22,33
12,17,37
49,13,7
45,14,14
4,22,28
35,7,34
22,10,47
56,1,27
55,10,6
8,5,53
32,23,12
63,1,14
54,9,15
29,22,9
21,2,63
48,10,21
46,12,15
21,5,49
26,2,57
32,2,44
26,20,15
1,20,31
35,22,6
36,20,12
25,0,58
61,6,3
11,16,43
26,2,55
9,20,33
39,6,29
0,17,35
7,22,30
20,6,50
16,23,22
20,6,49
32,15,16
19,5,56
45,9,18
48,17,6
18,7,55
60,5,11
52,14,5
54,8,19
6,2,60
59,4,24
48,16,9
4,8,47
10,10,48
33,21,8
28,20,14
4,14,43
30,19,15
47,9,21
48,14,10
57,10,2
52,18,0
22,11,36
34,0,47
39,18,11
25,12,36
41,1,41
34,0,43
29,8,34
57,4,14
9,1,62
26,2,56
32,6,36
42,10,22
26,17,24
39,1,44
29,0,52
9,1,59
17,6,60
41,11,18
41,13,17
31,4,43
37,23,0
42,12,19
11,1,62
49,16,6
18,8,48
37,11,21
49,17,1
10,21,31
61,5,7
32,11,27
49,16,8
55,7,22
6,1,60
6,11,48
45,1,32
22,5,55
49,15,6
46,5,23
60,10,3
53,9,13
58,2,22
28,8,39
17,12,49
22,22,17
57,0,25
38,9,25
5,4,57
28,23,9
49,11,14
41,15,13
27,9,35
54,1,30
17,22,23
39,21,3
17,16,31
18,2,63
25,23,11
44,9,19
52,5,22
16,10,54
16,17,31
37,15,16
38,19,10
36,20,11
62,8,6
50,17,3
31,21,9
40,11,19
58,7,9
25,2,50
48,5,29
50,7,17
33,19,15
60,2,18
15,18,31
17,18,30
27,21,12
44,11,19
28,0,51
22,21,21
38,0,43
19,7,49
3,12,42
31,14,22
34,20,12
62,1,12
24,15,28
14,13,47
23,21,16
5,8,48
32,22,12
53,7,19
15,17,35
54,8,15
60,5,8
31,8,34
2,19,35
13,18,36
57,6,7
18,23,18
37,22,9
29,16,21
13,18,32
39,13,18
32,22,10
9,14,42
1,3,53
48,13,12
15,23,23
25,2,59
17,12,44
52,4,21
29,21,18
50,17,0
50,0,29
21,15,31
58,6,7
19,5,60
34,0,44
60,3,10
21,5,54
46,21,2
21,8,46
27,0,56
13,11,48
47,16,5
22,13,34
25,2,60
38,14,19
21,23,13
56,2,23
32,14,22
10,16,40
7,18,38
39,5,30
24,14,30
53,6,20
33,20,14
34,14,18
30,16,18
2,5,53
41,19,11
13,16,37
3,17,36
18,13,42
8,18,40
12,15,43
12,10,53
0,6,48
44,8,19
42,17,12
1,19,32
41,21,1
26,4,46
32,1,44
16,13,43
26,23,12
49,11,11
54,0,26
58,3,17
36,7,31
37,8,29
27,8,35
36,6,33
57,6,17
14,15,46
40,13,16
15,15,44
28,2,57
39,2,42
37,15,13
25,3,53
46,13,9
10,5,56
62,0,16
25,13,30
16,23,24
37,17,14
7,11,46
21,8,43
33,14,18
21,2,59
6,0,60
27,1,55
9,18,38
52,13,4
58,5,9
50,4,22
42,20,3
0,18,34
30,13,24
46,8,20
14,21,27
19,6,56
40,19,5
14,21,28
3,5,50
0,21,34
9,23,29
34,5,35
13,15,47
43,17,8
49,3,30
14,22,27
58,5,11
4,1,63
7,9,53
7,1,60
32,17,18
44,7,24
45,16,6
8,23,31
10,19,36
11,23,29
61,7,13
24,21,16
58,13,1
26,18,25
60,7,6
37,4,37
6,19,38
8,16,38
0,4,54
22,8,51
57,1,30
51,12,11
43,20,4
35,17,16
52,9,16
33,21,13
8,9,53
8,11,46
8,17,38
22,16,27
26,16,27
57,9,2
2,9,47
21,11,39
30,8,35
41,12,20
8,11,51
8,12,49
15,21,27
18,7,57
57,7,6
15,16,38
24,15,32
13,11,49
57,5,21
30,20,14
43,4,31
40,22,3
42,10,17
43,18,8
36,15,21
3,23,30
34,21,8
62,5,7
36,13,22
28,5,39
46,3,29
40,10,27
13,10,52
30,0,54
11,22,28
48,20,0
35,5,35
48,15,8
25,7,39
35,13,20
40,13,22
5,15,41
37,3,41
13,2,63
54,3,26
30,3,46
53,0,28
23,12,36
51,8,22
29,0,58
33,16,18
57,7,10
26,11,35
27,22,11
36,3,39
36,23,5
53,12,1
48,22,0
9,15,41
43,9,29
21,22,18
46,0,38
59,5,12
28,2,54
25,20,19
19,23,25
21,19,26
17,15,34
22,8,46
63,4,10
19,11,40
44,8,23
36,4,36
56,7,11
25,23,14
56,6,16
30,0,50
14,16,40
22,3,53
44,11,17
26,20,16
59,5,13
15,15,36
52,15,5
26,3,53
2,4,52
43,7,29
49,11,9
27,17,22
40,23,1
46,17,6
33,19,10
54,10,12
20,22,17
39,16,11
26,17,25
22,21,15
34,21,7
42,4,31
2,13,41
38,19,13
44,11,16
30,7,34
27,4,46
9,18,35
39,22,8
23,1,63
6,23,29
40,18,8
53,9,18
62,7,6
25,2,53
9,18,39
24,23,15
19,6,53
63,4,6
0,1,55
56,9,8
42,19,5
22,12,37
63,1,12
27,12,28
51,16,2
40,17,9
45,20,2
27,10,34
28,17,20
44,5,26
37,20,8
63,5,8
9,16,43
52,9,19
48,10,16
25,13,28
28,23,12
3,22,30
15,10,56
23,1,60
55,6,12
0,15,41
17,4,63
44,16,6
49,14,6
29,6,40
15,9,51
38,21,7
2,3,54
19,20,21
20,10,41
25,12,33
41,5,29
23,13,36
14,17,34
10,23,29
1,0,56
4,17,38
59,6,18
56,10,0
47,3,28
35,10,25
25,14,31
22,14,34
43,22,5
38,2,41
42,12,18
49,18,4
58,5,16
11,2,59
24,3,53
52,12,4
33,10,27
22,15,28
16,18,30
33,12,23
5,14,41
15,12,47
55,2,28
48,8,24
38,1,44
29,11,29
40,9,27
59,3,15
8,20,34
17,20,26
63,0,13
55,8,19
61,0,17
52,16,0
43,8,23
12,14,47
16,15,44
59,12,0
17,22,26
18,21,25
55,3,25
51,3,25
26,21,13
17,8,50
7,21,34
34,14,17
59,0,30
1,23,30
27,21,11
49,12,12
49,13,9
7,21,31
9,12,46
46,20,0
5,20,30
26,20,18
27,2,50
9,19,34
19,4,60
24,0,57
12,9,53
32,0,50
19,6,57
45,7,25
16,22,22
47,11,15
63,0,19
33,17,16
30,16,23
40,23,0
30,4,45
47,1,34
35,16,22
47,1,31
22,2,55
46,4,27
41,23,2
46,13,10
41,18,9
28,0,62
8,3,59
1,4,55
16,10,55
27,16,27
22,8,43
2,6,50
39,0,44
29,3,43
22,15,32
1,6,52
54,7,19
10,1,63
25,15,32
35,0,47
54,10,11
14,6,58
50,5,24
39,12,21
17,7,58
35,8,28
45,20,1
54,10,6
19,16,29
15,22,23
32,4,39
31,16,24
15,12,48
28,8,36
46,5,26
39,21,4
50,15,4
5,21,31
29,1,47
60,6,3
39,21,9
49,17,0
5,1,56
1,21,29
55,12,0
51,11,9
57,1,26
54,10,18
25,11,34
36,4,37
61,1,15
14,7,58
4,4,57
55,11,3
49,14,5
35,1,42
49,4,27
33,14,21
7,20,33
53,9,9
59,7,4
3,10,44
22,14,30
38,11,20
10,15,44
50,13,5
31,3,49
42,6,25
42,8,21
52,8,17
49,9,15
51,4,22
34,15,24
14,2,63
55,6,17
34,22,6
17,9,56
25,20,15
20,14,32
44,16,11
4,3,56
24,11,33
22,4,52
37,21,9
58,6,10
35,19,8
13,19,31
54,9,10
59,1,25
55,4,25
5,17,37
43,19,6
63,4,7
37,23,2
43,16,13
61,3,8
28,21,9
47,8,22
53,11,2
52,15,4
11,8,54
45,15,13
19,18,27
62,5,13
24,20,17
19,6,55
47,6,20
7,10,50
20,17,32
61,7,4
50,16,2
36,16,14
40,7,26
10,21,29
56,10,2
19,6,54
16,19,27
41,6,27
17,14,35
7,15,43
49,8,18
54,11,11
58,4,19
11,20,33
29,23,7
36,13,19
45,4,28
58,4,14
21,21,22
51,13,10
19,21,26
43,15,9
5,13,44
50,6,20
12,14,45
57,4,24
21,6,52
12,7,54
19,13,35
17,17,30
42,7,24
3,19,38
7,19,35
32,3,41
35,23,6
30,2,44
28,4,50
9,2,58
50,8,16
50,4,29
50,15,8
54,9,11
60,4,20
17,15,32
43,11,22
26,13,36
34,9,29
29,20,14
24,2,51
8,21,30
33,15,21
24,13,31
3,10,49
34,1,41
39,3,37
55,7,21
18,7,52
29,16,22
49,10,19
0,12,41
61,4,11
25,4,46
17,16,35
41,4,31
36,15,18
16,22,24
44,12,15
61,4,13
28,16,26
37,0,47
42,7,27
54,1,28
15,12,44
23,8,39
13,20,27
6,1,58
30,12,34
61,3,16
40,20,3
62,5,14
14,17,35
2,5,50
35,20,11
51,5,20
48,5,22
0,7,50
26,8,37
49,17,4
38,7,27
4,18,37
11,5,59
37,20,7
44,2,33
27,0,52
53,2,23
55,12,1
48,3,27
29,19,19
16,20,27
2,17,38
39,8,23
56,0,27
20,11,40
27,2,48
21,12,36
24,15,27
18,14,33
57,11,6
18,16,32
10,3,61
53,8,18
4,15,38
58,9,6
59,6,9
6,20,31
30,19,12
22,6,48
41,12,19
34,12,23
45,9,17
5,2,55
45,5,27
37,1,44
2,19,34
2,0,57
13,11,51
52,15,8
29,21,12
46,14,11
41,10,22
27,14,28
57,8,13
39,17,10
26,5,53
28,10,34
60,7,2
58,1,25
14,22,23
42,20,5
18,7,51
5,22,28
52,13,3
20,19,22
6,18,37
29,23,10
25,18,19
25,12,34
55,7,15
17,15,33
19,19,28
21,10,46
38,13,15
43,18,7
55,4,24
44,10,23
23,6,48
6,0,59
42,9,20
44,20,0
1,5,51
44,17,7
43,9,26
46,16,4
49,17,7
13,1,63
46,21,1
47,7,24
37,20,9
1,5,52
37,10,21
44,13,14
30,23,8
45,18,5
55,10,17
18,9,56
44,3,34
38,19,6
44,16,13
48,7,27
52,13,10
0,15,40
15,16,34
53,1,25
52,6,21
31,1,45
9,16,41
32,2,41
25,12,31
23,7,45
58,4,22
15,10,52
20,15,33
40,12,16
25,14,26
1,9,46
42,17,8
63,2,15
46,11,14
53,6,22
3,12,44
24,15,25
27,20,12
43,14,17
53,9,12
24,3,52
42,14,17
51,12,9
56,6,22
39,6,28
47,5,26
58,7,4
29,23,6
4,19,34
63,2,10
36,14,19
1,19,35
19,20,24
36,20,10
38,12,18
24,9,39
55,0,26
45,8,20
57,8,7
0,1,57
29,12,29
7,16,41
31,12,24
8,20,36
44,6,32
27,6,50
54,11,9
8,10,47
45,8,19
63,3,14
62,1,23
59,8,2
30,2,49
15,19,28
29,21,15
30,1,48
31,5,42
33,13,22
61,0,24
2,8,50
29,14,27
22,15,30
16,19,30
11,7,53
12,15,46
34,21,6
36,4,35
61,2,20
8,22,34
29,13,27
26,17,21
19,11,42
26,2,52
51,2,26
60,1,18
20,4,58
6,0,63
47,17,2
29,15,21
9,2,60
37,17,12
28,1,52
30,1,49
29,22,7
58,2,24
29,18,15
48,15,7
47,2,31
14,19,29
11,5,56
7,5,54
49,2,28
34,17,13
10,15,41
32,1,43
29,1,54
46,14,13
4,22,32
18,23,17
1,22,34
21,10,38
10,22,28
32,2,43
0,2,57
48,15,11
20,16,30
59,12,1
0,16,41
40,23,2
29,1,50
19,8,54
36,19,13
36,10,25
59,1,28
55,7,12
59,3,14
42,6,27
32,11,26
41,19,8
33,6,34
1,18,36
46,7,21
32,0,51
26,7,40
34,22,4
48,14,12
44,14,13
23,3,55
25,18,21
2,6,52
37,2,38
48,16,8
22,8,45
31,20,15
9,16,42
43,18,5
58,0,30
45,13,13
43,10,20
38,16,10
12,18,38
29,4,42
6,14,42
9,11,48
60,3,12
32,21,12
9,9,48
2,5,51
4,15,37
57,2,22
5,23,29
12,9,52
31,22,9
2,0,59
53,12,7
31,7,34
42,15,12
30,0,61
13,4,61
54,10,16
54,9,17
39,13,19
17,20,27
1,10,48
1,14,38
43,18,9
31,11,31
31,9,31
6,6,51
14,19,30
53,1,30
60,3,24
4,9,47
45,8,24
2,11,44
30,2,53
40,2,38
6,12,45
38,10,30
20,19,23
31,2,51
25,6,45
32,15,20
5,22,34
54,13,0
51,18,1
52,1,27
55,9,17
33,23,11
13,3,63
52,4,23
54,9,19
28,16,22
23,3,58
61,0,15
21,17,27
48,11,13
23,6,46
18,9,48
10,23,26
0,22,31
55,2,26
22,16,30
28,16,21
20,9,45
28,3,45
43,3,30
15,18,29
39,22,5
37,21,4
44,12,18
61,3,12
35,18,10
13,9,54
38,4,40
31,17,14
31,21,10
62,3,19
49,5,26
0,13,42
35,21,10
36,13,21
26,1,55
43,20,2
31,10,33
36,19,7
40,22,4
8,16,39
7,10,48
56,8,7
30,7,36
16,21,25
18,7,53
30,14,23
50,0,31
37,23,4
11,15,46
8,16,41
62,4,5
51,10,14
58,6,18
4,6,52
25,16,22
21,20,19
14,15,43
43,7,23
28,20,13
3,14,41
53,9,11
36,5,33
37,14,18
0,14,43
19,7,55
53,13,2
27,15,25
8,13,43
6,13,44
20,16,33
28,17,26
37,16,15
12,3,62
12,21,30
42,7,28
58,12,0
13,7,58
7,17,41
57,6,15
18,19,27
26,14,27
14,11,49
41,10,21
39,7,29
23,15,26
43,17,7
28,3,46
24,5,49
57,6,9
10,13,46
25,0,55
60,4,16
32,11,28
7,18,37
56,8,11
35,13,18
19,15,31
29,5,39
9,11,46
3,15,38
35,23,5
4,0,62
35,16,18
21,6,48
47,10,18
63,0,21
28,12,30
12,23,25
5,6,51
27,14,27
26,1,56
24,12,34
13,15,46
10,12,47
30,11,30
62,10,0
0,5,49
28,15,21
33,20,10
35,22,9
34,2,39
61,6,11
16,21,28
1,6,48
48,5,27
23,16,26
7,21,30
27,6,40
12,11,50
28,15,23
36,12,20
47,7,19
12,15,42
27,18,18
0,19,35
22,19,21
48,14,7
15,12,45
45,10,22
26,18,18
36,16,18
20,4,57
27,14,25
18,12,43
28,19,15
16,18,28
37,15,19
27,15,22
63,1,11
41,19,3
35,18,12
29,5,40
24,0,56
48,5,24
26,6,45
33,17,18
10,16,43
57,8,8
27,21,18
0,3,58
60,4,9
15,15,41
21,9,45
2,20,35
40,13,21
24,5,47
14,22,24
30,17,16
14,7,56
44,12,14
33,14,17
46,13,11
25,22,14
48,14,11
3,17,38
39,0,43
30,2,51
28,3,43
56,7,20
17,18,32
39,8,29
42,0,37
12,14,44
42,16,8
36,22,9
59,2,22
1,20,37
48,8,21
47,7,28
43,17,6
59,3,21
48,11,12
38,18,10
49,5,22
25,2,52
43,16,10
17,8,52
31,5,41
26,1,53
60,6,7
28,18,19
30,9,34
57,6,22
19,4,57
30,13,31
1,12,45
61,7,6
44,9,22
35,13,22
49,5,24
45,4,25
27,17,18
50,20,1
4,11,48
50,5,28
43,16,8
29,8,38
16,14,38
47,16,6
10,14,46
47,0,34
20,15,30
24,8,40
14,20,28
1,5,54
25,16,23
39,15,20
35,13,21
50,14,3
42,21,8
21,8,52
39,17,15
41,15,14
6,4,54
26,10,34
44,19,4
25,12,35
16,21,26
39,7,26
49,11,12
22,1,62
5,20,32
11,13,47
29,3,45
1,23,31
50,0,30
5,8,49
12,23,23
1,15,40
2,9,48
14,6,62
37,21,12
62,4,9
14,3,63
19,12,36
22,2,62
49,1,30
49,16,9
23,8,44
47,7,27
41,16,15
25,5,46
42,16,9
3,17,35
46,7,20
4,16,36
4,9,46
26,4,44
15,22,25
22,9,47
15,15,39
11,17,38
10,9,49
40,14,16
25,21,18
21,16,33
40,9,22
57,9,8
40,11,22
55,6,20
22,7,49
26,10,36
24,3,59
60,7,14
15,6,58
27,22,14
42,5,33
16,7,55
14,6,57
41,13,16
46,11,17
42,8,26
33,12,22
36,1,40
35,21,8
46,9,17
18,12,40
54,8,16
44,5,28
4,17,37
21,17,26
41,19,6
53,6,21
55,6,14
2,0,56
47,4,27
1,15,42
53,12,3
16,13,40
37,19,8
45,0,35
15,11,47
36,22,7
1,12,46
30,22,16
18,6,52
11,8,50
41,5,31
24,7,43
57,10,7
19,11,43
61,5,6
20,9,47
37,11,19
6,23,30
44,8,22
36,6,31
16,7,59
14,11,48
29,12,28
55,3,26
4,7,48
4,6,50
30,5,42
47,2,34
42,14,14
17,12,41
58,8,4
10,23,25
37,12,21
14,19,28
52,1,28
41,17,10
21,16,27
58,6,6
1,13,39
33,16,14
47,3,33
20,11,47
4,6,54
26,3,50
31,20,17
38,20,10
38,14,20
20,15,29
55,6,13
19,7,50
49,11,15
34,12,22
50,11,17
33,16,16
10,18,36
62,0,28
50,9,17
13,5,59
4,14,41
6,19,35
1,11,44
45,15,14
1,9,44
47,19,1
29,0,54
62,3,12
18,7,49
1,4,54
0,8,50
30,11,27
33,23,4
31,18,12
47,13,11
32,23,6
17,5,62
58,3,13
40,20,4
8,3,56
34,14,19
13,12,48
52,10,15
31,21,12
45,16,9
27,5,40
49,7,24
25,13,31
43,18,6
40,19,4
12,1,62
44,3,30
41,6,26
7,16,40
60,2,19
12,3,59
2,22,34
19,5,53
35,23,8
33,17,19
44,1,32
13,15,42
20,20,23
17,10,50
38,0,41
14,18,32
9,19,35
32,7,34
59,3,23
2,11,42
34,7,31
24,9,37
35,4,39
27,1,57
24,13,32
3,15,39
52,13,8
30,11,34
11,15,42
18,21,27
54,7,15
55,9,9
15,14,47
55,5,23
43,14,15
39,21,1
2,23,32
0,8,46
12,2,61
31,17,13
16,15,36
8,2,57
24,20,18
28,9,35
44,16,8
57,8,4
28,1,51
1,4,52
41,12,15
22,1,61
13,8,56
29,2,51
60,5,14
51,10,15
63,5,3
5,7,49
1,19,36
20,5,53
35,4,40
30,22,12
47,8,25
35,6,35
49,12,7
27,10,35
22,7,51
25,5,47
61,2,12
30,18,18
23,23,16
25,8,41
51,16,4
27,12,35
54,1,24
31,6,43
28,15,24
34,11,26
36,15,13
17,16,34
53,3,22
44,10,17
3,23,33
32,3,44
55,8,13
8,3,61
39,15,12
16,9,54
16,23,20
21,1,63
39,19,6
17,6,57
28,13,25
46,5,24
21,4,52
51,13,8
63,2,13
3,13,42
35,18,18
46,19,2
36,17,10
55,4,27
18,21,20
45,7,27
29,20,13
19,8,55
40,3,32
22,23,21
38,12,17
58,7,7
59,6,8
61,0,20
44,17,6
39,12,18
23,16,28
17,13,44
61,3,15
57,4,21
39,9,22
5,15,40
26,3,47
50,9,21
29,20,18
40,21,8
22,18,23
17,9,51
57,7,20
54,9,18
49,0,31
59,8,12
58,4,16
62,0,17
7,7,51
22,23,14
6,11,50
1,0,57
13,13,46
30,8,41
0,17,34
8,23,27
46,17,5
18,11,42
45,16,13
43,17,5
7,10,46
39,1,40
50,5,22
1,17,36
33,2,40
11,20,36
61,2,10
41,12,17
43,7,22
51,7,18
7,16,43
43,20,1
10,4,57
61,1,22
47,7,25
61,6,8
38,22,7
53,10,12
29,18,19
63,4,4
53,8,15
56,6,11
33,23,6
20,8,52
49,11,10
0,9,45
57,7,9
61,3,19
57,6,13
7,7,53
24,16,24
8,1,61
1,9,48
56,8,18
22,10,46
57,7,5
34,15,18
59,8,9
27,22,12
35,23,2
47,2,27
24,2,58
18,12,41
55,9,6
59,3,16
49,6,21
60,5,16
35,13,19
13,14,45
14,9,55
20,10,43
16,21,24
20,15,32
34,8,30
5,21,32
38,20,5
13,19,32
36,17,13
14,16,37
5,4,54
24,0,59
46,12,17
40,20,8
61,0,18
26,14,26
50,2,27
47,15,8
61,9,0
7,16,42
37,18,12
19,6,59
32,13,21
61,11,0
0,17,40
51,10,11
42,17,7
22,9,40
5,10,45
57,9,1
9,20,38
21,8,44
19,4,63
15,15,43
18,22,21
59,4,12
2,12,40
49,5,25
33,0,45
53,14,0
2,14,40
22,11,37
16,15,37
16,14,39
48,0,33
44,19,2
6,13,42
57,11,1
60,8,6
18,20,22
48,13,10
8,19,39
12,19,37
28,6,41
7,1,61
31,6,42
12,8,53
15,14,43
48,17,3
50,10,21
23,0,59
18,6,55
31,4,39
44,19,5
55,6,15
31,11,32
24,16,32
5,3,56
32,22,6
4,5,52
22,10,39
28,18,17
33,19,9
3,10,45
3,9,48
2,18,40
55,8,20
22,6,51
36,23,4
41,3,34
25,9,40
29,4,45
59,2,27
7,9,52
8,1,62
3,4,54
22,21,19
32,2,50
45,7,28
57,0,27
3,11,48
19,17,30
47,5,24
32,4,40
24,2,54
21,18,28
9,22,29
1,12,41
49,16,3
63,7,2
28,17,21
30,21,16
10,12,45
55,10,16
40,7,27
1,1,55
20,5,55
3,23,26
45,0,33
29,22,11
28,6,49
52,15,0
34,15,16
18,13,35
33,7,35
20,5,51
47,19,3
9,21,37
30,4,41
23,20,17
32,10,27
16,20,25
39,19,9
12,13,46
19,12,37
31,0,48
46,12,16
60,2,15
21,11,38
46,8,25
55,1,25
60,9,1
28,2,49
2,22,29
57,6,18
24,9,41
53,10,8
25,15,29
43,15,13
38,18,7
34,23,7
1,10,43
62,6,2
39,16,20
44,2,31
51,10,8
44,2,35
50,19,1
12,14,43
3,6,52
30,20,17
31,17,18
55,6,22
37,4,41
56,10,9
56,4,25
29,3,46
49,13,8
5,11,45
16,8,52
18,18,30
52,6,20
10,23,31
20,18,26
2,11,46
13,20,28
31,14,23
26,22,12
42,16,14
59,3,25
38,17,9
22,22,21
2,9,46
60,3,13
14,9,57
14,8,57
10,9,48
28,3,49
4,2,57
47,6,26
60,4,18
46,13,12
29,7,36
56,4,24
39,14,18
47,17,6
22,3,54
25,7,40
13,18,34
63,0,27
9,23,27
62,2,11
1,5,50
58,6,9
49,16,4
38,20,9
11,8,53
2,23,28
12,18,37
3,8,49
17,23,19
6,16,38
11,6,55
31,11,28
18,21,23
48,18,7
40,19,9
63,10,0
37,19,12
29,1,59
7,5,55
45,10,18
52,8,19
8,4,55
10,5,58
41,1,36
23,14,29
37,9,26
51,6,20
42,2,34
8,19,33
19,20,23
27,5,44
8,0,61
12,23,24
20,15,31
47,13,10
7,13,44
0,23,27
31,20,10
45,19,3
22,22,18
21,9,44
3,9,50
20,4,54
1,2,56
42,11,22
15,20,28
36,15,22
36,20,6
14,7,59
20,10,44
6,12,48
14,16,42
60,1,23
31,9,34
16,9,56
34,22,9
31,11,34
6,19,36
2,14,39
8,17,40
9,16,39
53,13,3
57,5,16
46,13,16
54,10,7
21,12,37
7,2,57
9,15,45
39,22,0
39,0,40
1,10,45
43,1,36
31,3,42
50,9,20
57,8,19
60,9,6
25,16,26
8,9,49
2,18,34
8,11,49
36,14,17
5,21,30
30,21,11
38,14,15
4,23,26
30,16,20
30,6,38
20,7,48
58,10,1
42,16,12
24,1,61
43,11,21
28,1,54
34,11,25
20,13,34
46,18,3
14,14,47
21,18,23
0,14,39
9,5,54
26,7,46
22,16,26
28,1,50
49,7,22
33,16,19
37,16,11
2,6,54
16,8,50
47,8,20
38,16,17
38,14,18
33,1,46
17,21,24
22,1,58
57,1,27
47,2,33
47,20,3
8,7,50
29,16,23
8,12,50
34,17,12
50,3,26
24,16,25
9,5,53
5,19,36
17,7,55
22,2,56
13,17,39
62,2,21
47,6,24
48,8,20
6,10,47
39,13,16
63,5,7
12,6,54
45,8,18
25,0,60
52,11,16
15,13,45
54,15,0
10,12,48
51,8,15
17,6,61
32,16,18
50,6,22
33,20,12
57,3,26
40,14,12
55,2,25
37,15,14
19,15,34
18,9,47
1,7,49
39,21,5
50,17,2
2,15,40
21,16,30
6,5,54
8,12,44
46,9,22
42,12,16
41,20,2
63,1,21
4,0,63
36,19,8
58,3,14
20,13,37
11,7,52
41,1,42
47,9,18
47,11,18
47,11,14
30,4,44
57,0,30
48,17,4
1,11,42
38,23,2
34,6,33
5,3,54
44,11,15
11,9,51
20,19,29
22,9,39
11,5,62
52,5,26
1,7,48
49,15,7
22,9,43
38,0,40
43,10,17
13,19,33
20,13,33
23,23,11
27,7,37
40,10,23
39,21,0
14,3,62
24,23,14
61,9,6
42,8,29
51,2,24
24,13,30
52,7,18
50,7,21
35,19,12
37,23,1
58,2,23
29,2,44
11,20,31
1,15,43
17,13,42
50,12,10
30,15,20
32,13,23
20,12,37
24,15,26
53,2,25
24,15,31
45,19,6
25,16,25
39,18,13
54,0,29
13,3,62
15,19,30
3,5,52
39,18,9
43,19,4
45,20,4
33,23,7
0,18,35
56,3,27
47,15,4
44,1,34
26,18,24
49,8,17
39,12,20
17,21,22
62,0,20
15,9,52
54,9,7
30,7,42
22,7,46
50,3,29
15,10,54
39,2,38
48,9,21
22,3,58
36,7,30
39,15,18
60,3,16
32,22,13
15,20,27
58,4,21
37,14,15
60,6,4
25,14,34
47,0,33
50,11,9
10,11,46
61,0,28
45,21,5
53,1,31
33,5,35
8,11,45
16,10,56
46,9,19
40,22,5
22,3,52
16,22,20
35,15,17
54,16,0
25,19,24
23,15,32
29,7,39
38,13,16
3,2,55
41,6,28
43,12,19
13,12,51
3,11,46
62,1,25
3,9,46
47,6,23
10,5,57
46,12,13
37,10,24
29,23,9
34,18,11
35,5,37
44,2,32
0,16,39
2,23,27
16,9,55
46,18,6
30,0,56
54,8,8
42,17,10
33,2,43
23,16,34
2,23,30
6,19,34
12,9,51
51,14,3
54,0,31
49,4,24
31,2,44
38,23,4
60,6,12
45,9,19
37,6,30
33,19,11
28,17,18
4,23,29
1,16,36
58,2,27
0,2,56
19,18,33
33,22,9
2,16,39
29,8,36
60,10,1
14,19,31
25,6,47
6,15,42
56,10,4
30,20,10
51,3,26
43,16,7
41,20,3
46,16,12
47,18,4
2,12,42
40,21,3
39,11,20
22,16,34
17,13,39
56,0,31
49,20,1
61,5,15
33,10,28
42,17,11
13,7,59
40,3,33
38,17,14
23,23,14
15,10,50
21,22,17
36,9,25
38,22,2
21,8,48
38,23,0
21,15,32
25,21,14
26,21,19
29,21,11
63,3,11
61,4,6
52,17,1
31,0,46
14,18,34
45,13,14
40,15,11
46,16,13
7,20,38
21,6,47
28,19,20
31,18,17
44,18,2
24,0,61
9,15,42
57,8,6
42,7,23
43,0,36
55,7,14
39,13,20
62,7,3
40,14,19
26,15,29
56,1,29
26,11,31
16,14,41
36,13,17
31,11,29
14,23,22
5,23,26
5,17,35
58,5,20
28,21,12
2,20,33
27,15,29
58,6,13
25,1,56
3,9,45
43,4,33
50,20,0
11,14,45
28,0,50
17,9,57
0,7,48
1,15,39
44,17,10
1,22,28
44,5,25
57,5,22
0,5,53
11,10,49
59,9,3
60,6,6
19,16,33
36,18,12
40,15,18
10,23,28
24,6,43
36,17,17
23,17,24
50,10,17
38,17,15
30,3,49
45,10,20
34,3,39
23,7,44
60,7,13
46,3,28
33,17,13
44,16,7
11,10,48
58,5,17
49,3,29
61,6,6
23,9,40
49,15,8
21,16,34
25,2,56
30,0,62
47,18,3
61,0,27
48,0,37
36,9,28
47,6,27
20,5,56
9,10,49
47,14,6
38,19,8
40,0,41
13,21,28
43,16,9
28,3,52
56,5,14
46,21,0
34,5,36
41,0,43
53,11,7
54,3,27
21,10,47
16,7,60
15,5,62
13,13,49
62,4,10
54,10,3
31,1,44
58,1,27
1,10,44
17,3,63
59,11,3
42,14,15
43,23,1
44,3,32
10,13,44
48,6,21
6,3,56
6,15,41
56,3,24
29,19,15
37,14,22
28,20,12
0,13,40
9,21,33
41,13,20
1,18,35
35,6,34
14,11,50
15,16,35
44,11,18
58,13,0
0,19,34
30,23,6
23,2,55
34,23,4
46,0,34
37,3,38
46,10,15
11,19,34
22,11,35
54,13,4
51,0,28
26,9,38
2,17,40
6,5,52
39,16,13
26,0,54
22,17,26
52,3,27
41,18,8
56,5,11
49,4,23
31,0,47
6,11,45
30,23,10
58,2,26
63,4,9
3,10,50
45,16,12
5,22,30
59,10,0
50,12,9
14,8,56
32,20,8
43,2,32
57,2,29
45,19,1
22,3,57
21,11,37
44,9,18
7,5,53
54,3,23
21,17,28
13,19,29
53,13,1
24,6,46
22,8,48
11,12,46
27,19,22
17,15,36
48,12,11
46,7,27
8,11,47
39,15,15
13,6,58
45,0,39
17,9,49
29,5,41
43,16,14
55,9,7
45,6,25
0,3,53
53,13,4
36,5,38
4,23,34
42,20,6
59,3,12
46,14,12
43,12,22
53,10,5
56,6,19
36,14,22
9,17,39
51,17,2
47,12,19
26,11,38
23,20,20
62,3,15
20,17,34
39,11,21
16,16,34
41,14,18
52,12,6
40,2,35
30,6,42
23,2,53
47,3,27
7,6,55
37,5,33
42,15,10
1,21,34
18,19,29
36,18,11
35,2,40
51,4,26
40,22,0
29,9,34
28,0,58
25,10,34
8,11,48
22,14,31
10,17,41
31,10,34
24,1,55
8,4,54
55,3,23
60,1,24
2,14,38
41,11,21
35,23,7
2,4,53
26,6,39
27,6,38
44,10,16
42,19,4
46,15,7
25,0,61
29,17,21
53,15,8
19,19,23
47,14,8
35,6,39
42,11,15
48,21,1
48,18,1
50,17,6
32,4,44
1,14,39
19,7,51
42,13,20
21,2,56
41,9,21
18,14,35
50,14,9
39,7,27
38,9,24
62,2,19
20,12,38
9,12,48
51,0,29
54,5,20
62,0,23
52,12,10
2,20,32
57,11,2
50,10,9
1,18,34
46,12,20
8,9,48
9,22,28
26,13,27
44,0,36
54,5,19
41,9,20
39,13,21
57,9,4
35,16,12
25,0,56
18,6,54
53,2,28
52,9,14
13,10,51
43,2,34
20,13,35
8,1,60
42,18,7
32,19,14
34,22,11
23,7,43
48,16,2
38,15,14
62,3,9
10,23,30
31,16,17
32,11,25
41,23,0
1,22,30
62,1,28
50,5,26
50,16,3
50,15,7
42,6,32
29,22,13
52,1,25
8,6,53
33,13,20
62,3,14
22,4,55
33,0,52
47,4,29
32,22,7
27,6,39
43,10,21
11,15,43
26,6,40
60,3,25
8,10,51
27,15,24
24,19,18
17,17,32
25,4,48
7,19,36
28,2,48
38,2,38
60,6,16
35,4,36
40,4,33
59,2,17
27,0,61
55,10,5
56,7,7
23,15,31
54,4,23
20,18,27
36,16,17
33,11,24
19,17,33
39,5,32
16,20,30
21,3,60
15,19,27
43,0,35
20,19,24
44,15,14
48,15,9
0,18,38
8,17,36
40,7,28
38,15,20
28,19,18
1,3,52
1,11,47
25,11,35
53,2,30
33,22,11
46,20,3
53,2,26
1,19,37
36,14,20
8,0,62
18,14,34
4,13,42
52,2,26
9,13,44
16,14,42
15,13,48
55,6,19
20,7,52
36,21,9
9,20,37
55,6,23
36,15,17
23,8,43
47,7,21
54,11,4
8,21,31
44,14,16
29,2,45
50,14,5
43,6,26
41,7,27
25,15,31
52,5,24
11,23,30
28,18,22
30,1,55
16,18,33
43,17,14
32,22,8
50,4,26
48,1,32
38,9,22
23,4,50
18,20,28
18,11,49
9,15,43
53,8,11
44,13,12
58,4,13
60,10,0
11,20,30
30,10,30
1,21,30
9,14,44
3,16,35
38,15,15
16,20,24
20,12,36
56,6,10
41,1,39
53,6,18
6,12,43
39,16,10
40,13,19
31,1,51
35,8,30
40,16,11
57,3,28
27,4,52
47,0,36
27,23,11
18,23,24
30,18,17
20,19,25
43,8,27
22,19,20
3,18,33
44,20,4
62,6,13
9,4,55
24,13,34
35,2,41
26,19,19
61,5,4
20,9,44
52,8,21
27,3,53
61,8,1
40,20,7
35,1,41
28,10,31
19,21,20
16,23,23
41,18,6
27,1,59
3,21,33
60,6,9
8,16,42
4,11,47
17,6,63
36,11,23
31,20,11
30,13,26
58,7,11
62,9,2
30,23,11
10,8,53
30,22,14
10,12,46
9,23,28
3,8,50
11,16,41
32,10,28
61,0,25
63,1,26
13,15,44
35,18,15
11,5,57
41,2,33
42,13,13
11,15,47
51,2,25
27,19,19
10,15,45
38,22,4
1,17,38
46,2,34
15,3,63
27,5,43
32,0,47
23,4,56
25,19,18
51,6,19
26,2,54
2,5,52
53,11,4
36,0,48
28,10,30
13,19,30
1,11,45
19,9,46
35,5,36
34,22,10
51,14,4
25,21,17
34,9,28
19,14,34
16,6,61
43,23,0
53,12,12
44,4,34
53,8,12
45,16,4
16,5,62
0,14,38
42,19,2
33,8,30
45,10,21
20,20,24
25,11,36
58,5,8
6,5,51
55,4,21
5,13,43
41,0,42
49,7,19
3,13,41
9,18,41
35,20,8
5,1,63
47,6,28
6,14,40
23,8,42
42,20,9
45,4,32
42,12,22
24,22,17
16,11,45
29,3,47
12,22,25
40,4,32
5,14,43
34,22,8
36,8,27
31,12,26
26,15,28
45,0,34
46,14,9
25,22,17
23,5,49
39,20,6
16,9,52
1,20,32
49,12,17
3,12,46
59,7,13
25,9,36
38,1,43
39,2,36
32,18,19
1,9,45
50,4,27
22,5,54
0,23,34
37,1,39
39,22,4
52,11,6
61,1,25
1,13,41
45,23,1
32,0,55
34,18,14
16,5,61
24,18,21
11,4,58
2,10,46
10,11,47
36,10,24
4,17,34
40,1,38
6,3,55
5,5,52
2,11,43
13,16,42
26,1,58
46,19,4
24,4,51
20,19,28
10,3,58
27,11,35
33,3,39
62,7,8
52,10,16
57,6,19
10,18,37
61,0,26
4,0,57
35,20,9
63,1,25
0,0,56
5,2,58
10,22,29
51,8,21
20,21,23
61,2,19
56,8,19
23,8,40
61,6,7
55,9,4
27,4,45
38,3,40
1,14,40
48,3,26
0,17,37
38,16,11
39,3,33
47,12,16
15,13,43
44,6,23
34,17,15
43,5,26
55,1,26
56,5,25
50,0,32
9,21,36
41,9,24
11,18,42
8,23,29
1,4,51
37,8,28
19,4,61
58,7,12
6,14,41
53,11,11
39,21,6
29,18,18
34,9,27
51,4,24
0,10,45
23,13,32
57,2,26
60,4,11
28,0,57
63,1,15
62,0,18
44,0,35
11,8,51
35,3,37
0,19,32
24,6,51
49,14,9
31,3,44
32,16,22
4,13,41
8,15,40
10,2,61
16,12,44
54,10,8
39,9,21
0,20,36
29,20,17
11,14,43
35,23,4
6,15,38
8,15,42
3,17,37
18,10,45
43,1,35
40,19,8
23,1,61
15,11,48
26,13,33
17,7,57
9,17,40
48,7,20
0,15,39
7,22,29
53,8,13
52,5,23
54,6,19
18,4,63
28,7,38
25,22,12
46,7,25
18,13,38
25,4,50
11,3,61
2,16,40
49,15,3
49,12,11
10,5,54
11,1,63
42,0,42
53,5,27
45,14,8
18,14,38
41,8,28
36,9,27
3,21,32
39,16,19
26,15,25
31,20,12
50,7,19
45,21,2
17,11,45
43,11,16
8,7,51
21,22,21
34,2,41
20,7,47
18,22,26
34,20,11
30,22,7
18,21,26
54,14,4
46,12,12
21,10,41
63,3,8
6,21,35
34,19,11
31,15,23
27,2,55
27,13,29
62,0,26
1,17,34
48,9,19
53,12,6
18,11,43
49,7,23
41,20,1
51,7,22
40,10,22
11,0,63
25,16,31
41,10,19
57,0,26
45,15,11
59,0,25
37,19,13
3,14,39
45,18,2
20,4,55
59,2,15
26,17,20
4,17,36
8,2,61
56,6,21
48,11,19
37,21,5
25,9,38
2,15,39
44,17,11
34,21,10
13,10,50
1,2,55
26,4,51
36,11,20
28,23,7
55,8,17
20,5,62
33,17,21
48,8,22
57,6,11
9,0,63
10,6,54
18,18,29
38,0,44
29,15,23
14,7,55
32,20,14
47,13,9
58,7,10
23,15,27
54,11,1
21,3,56
48,2,28
15,13,47
17,17,33
56,1,28
52,10,9
13,16,39
13,20,29
20,3,58
41,22,2
20,6,53
42,20,8
7,15,39
39,9,25
32,13,24
32,23,4
46,4,32
30,12,32
4,18,36
60,8,3
25,22,15
45,13,17
25,5,51
45,15,9
31,13,22
45,5,25
32,6,35
50,10,11
31,4,40
63,5,4
15,7,57
50,9,16
22,6,49
23,0,60
29,1,55
26,2,53
37,3,36
13,13,45
33,18,12
44,5,24
41,8,23
9,13,46
54,7,18
19,8,57
33,22,12
22,7,50
37,23,7
5,18,33
31,4,51
38,9,29
24,14,34
22,17,23
41,11,16
24,0,62
25,18,20
15,14,44
29,19,16
2,20,31
45,17,6
8,10,48
50,12,8
55,9,20
34,15,23
3,18,35
55,2,23
36,23,3
61,1,16
10,13,48
53,14,5
6,7,49
30,4,46
44,19,6
49,6,24
52,9,21
20,16,27
0,9,50
35,17,12
52,14,3
25,4,47
45,4,26
43,0,37
45,12,13
42,14,11
47,10,16
25,2,51
32,14,21
30,16,22
7,23,29
26,6,42
44,22,1
34,16,13
20,6,48
21,18,26
26,0,57
35,14,19
29,18,20
20,15,34
28,8,34
13,10,55
16,6,59
6,7,50
44,16,12
14,22,28
24,12,36
27,8,38
22,17,32
55,6,11
60,4,17
28,22,11
41,16,16
49,7,21
51,9,16
7,3,56
12,7,53
8,8,50
62,4,7
38,8,25
27,9,34
40,13,17
41,11,22
0,11,44
27,13,27
25,1,60
54,2,30
33,12,25
43,12,17
37,0,45
5,0,60
41,13,14
46,3,26
60,6,5
15,22,22
47,13,8
23,6,45
57,2,28
24,7,42
40,2,36
25,12,30
61,2,24
23,23,12
20,20,22
20,7,49
61,7,8
30,9,32
24,2,53
63,0,26
52,5,21
11,6,54
21,5,51
38,2,37
21,14,32
14,15,39
16,14,43
59,3,20
27,11,34
43,17,9
26,13,30
48,11,15
51,1,29
8,8,49
34,14,23
33,11,25
28,14,23
53,6,19
21,19,27
25,5,44
46,2,29
19,6,50
6,12,46
51,5,23
51,13,6
29,16,20
30,0,48
47,17,3
26,16,22
39,1,39
21,9,46
12,16,42
24,5,51
50,13,8
45,4,33
54,7,12
48,15,10
18,5,57
38,11,21
27,3,49
46,9,21
34,11,23
51,4,27
62,0,29
20,9,46
30,10,33
38,9,30
29,6,38
55,7,10
22,6,55
12,6,56
25,1,54
5,18,34
33,15,16
13,7,57
32,2,42
4,12,43
0,8,49
14,7,57
39,3,34
13,7,55
26,14,28
41,15,10
24,23,10
22,13,35
55,4,23
44,20,1
37,22,2
50,11,12
6,20,33
28,14,28
52,3,25
28,20,15
27,16,24
54,0,30
31,13,31
50,6,21
21,8,47
23,2,58
32,21,10
39,20,3
10,23,27
22,8,41
30,20,15
17,10,48
28,9,34
22,2,61
19,19,24
13,12,47
43,13,13
33,0,44
21,9,40
3,21,30
49,12,14
23,1,59
6,14,43
19,9,45
60,6,11
4,13,43
38,18,15
6,1,63
17,23,22
31,15,18
41,19,12
51,14,8
38,18,14
7,21,35
51,3,27
62,1,11
38,13,18
32,0,48
28,2,51
29,0,53
35,17,11
52,6,19
5,16,36
15,19,29
22,2,58
30,10,32
60,2,23
35,4,37
42,4,30
31,0,54
19,20,22
56,2,24
51,10,18
1,8,45
41,23,1
43,17,12
32,8,33
42,16,10
2,21,34
23,8,41
62,6,8
29,3,44
47,22,0
5,18,35
43,10,26
3,22,33
55,7,23
19,11,45
38,16,19
46,15,12
52,6,18
38,13,19
42,12,21
39,9,23
9,6,57
20,21,21
55,9,15
43,9,21
21,5,53
9,2,61
46,17,7
17,6,58
25,7,42
40,1,37
19,3,60
58,11,0
54,2,28
43,16,15
4,2,56
30,19,16
59,6,13
18,6,59
2,22,31
33,10,26
31,0,50
3,10,47
22,12,35
25,22,11
32,20,13
1,21,33
4,23,27
16,9,50
43,13,15
33,16,15
37,2,41
8,21,33
7,11,45
7,4,56
46,10,21
36,22,5
47,10,20
8,7,52
28,6,42
14,21,29
61,8,5
20,5,59
43,11,18
46,21,3
49,9,21
42,22,0
25,22,16
52,14,1
2,21,29
46,20,1
59,4,20
15,7,56
3,19,32
36,14,15
3,7,49
4,14,39
48,15,5
49,15,4
11,19,37
16,14,44
15,23,22
58,1,24
30,12,27
14,20,30
27,18,22
19,23,18
14,6,60
47,14,7
48,4,29
9,0,61
47,19,4
20,12,41
44,14,10
18,10,49
18,19,26
5,1,57
11,18,43
52,9,9
60,1,19
31,1,48
31,2,49
45,5,24
34,10,25
50,1,29
44,4,31
4,23,30
37,6,31
58,0,26
54,13,5
55,10,10
15,18,32
21,13,34
61,2,16
45,22,1
61,3,20
24,17,24
39,2,39
11,21,35
51,6,21
19,23,15
30,0,47
60,7,5
62,1,15
19,18,28
59,4,10
9,6,54
25,5,43
43,19,3
27,3,48
32,0,52
62,5,12
23,4,51
28,14,27
6,19,37
56,9,5
10,20,34
16,17,32
28,15,27
39,9,24
43,6,32
30,21,10
30,10,35
42,17,14
18,12,45
55,2,29
3,4,53
28,3,47
30,5,39
4,20,33
57,5,18
32,14,24
63,3,10
34,18,13
16,8,56
23,9,41
53,10,9
15,10,49
20,21,19
52,11,11
17,7,53
57,0,29
57,4,16
40,6,29
25,14,32
50,14,6
40,8,23
24,7,46
17,19,27
63,4,11
38,7,31
5,19,32
24,16,23
56,1,31
52,10,10
59,9,0
5,23,27
47,14,14
24,14,27
61,7,2
13,13,47
5,4,53
60,1,16
37,13,22
3,20,34
39,14,15
42,6,26
30,19,18
24,9,38
37,14,17
60,6,13
21,13,32
52,14,8
43,7,26
12,22,26
0,0,57
52,13,2
24,16,31
43,5,29
36,21,8
49,0,30
1,21,32
19,20,27
9,14,46
57,6,14
0,4,51
52,9,11
48,11,14
17,23,25
42,14,16
35,16,17
25,5,50
17,20,24
28,0,56
44,2,34
44,13,15
45,1,39
22,13,33
39,16,12
29,18,21
20,2,60
42,3,30
12,12,49
55,6,21
5,18,37
9,9,49
54,9,12
48,6,25
2,21,31
23,4,49
43,20,6
14,5,59
14,10,53
27,8,37
14,14,46
19,17,28
44,19,3
11,9,49
34,8,29
4,1,56
60,1,27
59,5,8
42,12,14
49,9,19
55,4,20
31,11,30
0,2,58
18,8,47
37,12,22
58,8,11
59,4,25
34,14,21
14,17,38
3,8,51
44,10,18
27,4,43
43,15,10
11,4,57
37,20,13
28,14,26
28,19,17
37,8,27
47,12,11
38,20,12
13,15,45
9,13,43
40,0,40
29,2,47
16,7,58
43,18,3
26,17,22
1,15,38
13,17,35
39,20,4
52,13,7
10,2,60
40,7,25
31,9,30
39,23,5
0,18,33
37,19,7
38,2,39
41,2,41
46,11,13
35,14,18
41,17,12
11,11,49
47,13,7
54,12,2
10,2,63
40,22,7
47,13,16
6,7,51
53,4,22
39,10,19
56,8,21
10,14,43
32,12,28
24,17,25
35,10,24
26,8,36
27,1,51
19,13,37
12,11,48
35,0,42
44,4,28
31,19,12
23,2,59
48,1,30
31,10,28
1,18,38
55,8,6
0,11,47
44,16,9
40,11,20
51,11,15
43,19,2
27,20,19
7,17,37
24,14,28
59,6,14
54,4,21
32,16,16
2,12,41
18,23,19
57,10,0
28,10,32
17,21,26
59,5,10
12,3,60
48,13,8
25,9,37
60,1,14
36,16,12
0,12,43
40,8,25
50,7,23
35,9,28
51,9,15
4,19,37
20,22,24
46,8,21
48,7,25
61,4,16
48,12,17
34,12,24
17,23,17
48,17,5
40,9,20
42,8,27
27,16,21
40,10,20
28,2,55
23,0,63
0,22,29
7,0,60
55,9,10
51,12,7
4,17,35
49,8,21
26,18,19
19,12,41
27,19,16
0,9,48
42,8,28
47,16,4
15,16,33
11,18,36
1,22,33
27,4,49
51,8,19
39,10,22
40,19,7
26,15,27
4,20,34
36,15,15
45,22,2
32,3,51
37,19,9
19,8,56
31,6,38
45,16,7
37,12,17
11,19,33
29,7,38
41,1,38
49,17,3
56,4,20
19,22,17
53,8,14
38,21,5
3,4,52
17,9,47
23,16,25
22,0,63
41,14,14
32,5,37
5,11,46
29,18,22
48,21,0
41,7,26
63,0,14
41,22,0
31,18,13
48,15,3
27,0,57
37,23,3
24,19,17
48,13,16
7,20,39
4,0,59
10,20,31
59,7,14
45,15,8
39,14,20
54,11,7
44,14,12
24,4,49
45,3,30
51,7,21
18,18,31
53,4,23
23,1,58
34,14,24
60,1,17
17,19,28
25,7,43
27,0,53
7,1,59
46,9,20
52,9,10
34,3,40
11,4,60
44,18,6
62,5,8
44,15,11
43,13,12
55,4,22
43,16,6
32,4,43
24,2,55
39,13,14
42,0,45
8,19,36
63,3,5
17,20,23
6,6,54
28,0,55
20,5,57
17,7,54
9,7,54
26,0,53
23,6,47
26,12,36
30,7,41
11,23,25
63,3,6
1,12,40
57,3,22
21,12,34
23,11,35
25,6,41
61,10,0
47,6,21
6,8,49
52,11,10
7,18,39
24,23,12
57,9,3
54,5,22
40,1,44
26,19,16
16,13,41
23,10,37
60,0,30
38,23,1
15,15,40
42,17,6
59,6,12
30,22,8
42,23,0
63,7,3
35,5,38
19,12,45
37,2,39
61,10,1
58,9,7
36,21,4
26,12,30
36,12,19
61,1,18
23,10,36
18,22,25
59,7,12
32,0,45
6,19,33
7,20,35
19,6,51
33,3,40
41,4,32
20,5,52
21,23,14
30,23,9
21,4,54
52,12,9
7,12,45
54,0,27
14,5,63
54,6,18
25,13,34
39,14,13
41,11,20
30,0,49
62,6,14
40,11,18
50,21,0
51,13,9
44,17,4
58,3,24
53,11,5
45,10,17
61,4,9
47,14,12
56,0,25
13,22,28
10,5,55
27,12,30
57,10,6
44,3,29
14,9,53
27,14,24
50,12,12
23,5,48
40,21,0
15,20,26
8,4,56
31,19,13
21,6,51
33,15,17
44,8,20
23,1,62
7,14,41
60,3,18
19,9,47
3,15,40
61,7,7
3,23,28
45,12,16
10,19,39
17,11,46
42,10,20
37,21,6
22,10,36
57,4,26
41,20,5
53,10,16
33,10,29
29,6,42
45,21,1
14,23,21
8,20,39
47,9,19
36,19,14
8,16,40
45,19,2
43,18,12
7,4,54
42,7,29
38,15,18
16,18,32
0,2,53
2,15,38
61,4,19
27,17,19
58,2,25
56,1,24
47,11,19
34,1,46
37,0,43
38,14,17
49,1,29
19,7,56
25,7,45
55,3,21
62,8,2
35,15,22
60,9,2
52,2,27
31,5,37
10,20,36
24,21,14
7,14,43
4,4,58
31,10,32
47,5,29
6,8,48
19,13,38
38,18,12
44,4,29
17,8,53
27,16,22
11,16,42
56,9,6
29,7,42
61,8,7
26,6,46
13,8,54
0,6,50
24,1,54
10,7,54
48,6,27
2,21,33
8,12,46
5,13,41
33,1,43
31,1,52
50,9,14
47,5,28
53,13,5
41,10,24
1,16,40
42,10,26
25,15,28
4,21,32
42,0,40
20,22,23
33,22,5
40,18,6
22,20,18
51,1,27
11,15,44
1,6,51
48,10,18
0,10,44
18,9,46
44,12,17
37,2,40
33,5,36
44,23,1
26,10,35
38,0,42
41,0,40
30,23,13
2,22,32
53,1,26
40,14,21
33,14,22
26,22,14
16,11,47
27,3,46
31,20,13
37,10,23
46,8,27
12,17,43
10,22,31
17,18,33
3,19,31
56,7,18
26,3,46
18,19,25
29,20,10
40,22,1
32,17,21
34,18,12
40,21,9
3,0,61
8,12,45
60,6,14
19,19,25
33,13,21
29,17,19
20,17,29
19,23,17
37,17,11
63,7,4
43,11,15
31,12,32
36,4,40
31,3,41
36,7,29
14,5,60
16,20,28
19,23,16
41,7,29
51,9,14
35,18,17
37,20,12
22,7,48
32,4,38
55,8,16
23,13,35
44,6,24
60,3,15
31,14,20
53,14,8
9,13,45
20,16,32
38,16,16
28,0,53
39,23,7
5,1,60
35,15,15
37,16,14
58,14,0
39,9,29
29,8,39
29,1,58
34,21,12
8,0,63
13,9,55
42,9,19
51,9,17
26,12,31
15,14,48
49,12,13
13,9,51
30,3,43
44,21,1
40,12,18
30,9,33
12,6,55
55,11,0
32,21,11
40,6,28
27,1,52
11,13,45
18,17,30
32,10,29
59,2,23
9,14,45
25,14,29
1,8,49
39,13,17
32,21,13
38,10,20
10,17,42
39,14,17
47,8,19
32,13,29
24,1,60
32,18,13
52,12,12
29,21,13
6,7,54
59,0,27
9,14,43
38,19,9
1,7,54
27,10,32
11,17,40
48,11,17
29,3,42
35,9,26
30,19,13
3,8,48
55,2,24
41,14,13
57,2,23
0,8,47
2,2,55
51,11,11
51,9,11
49,4,26
44,0,34
48,9,17
32,21,7
17,21,23
43,16,16
30,1,52
1,23,27
3,18,34
49,14,4
14,22,30
56,1,30
47,16,10
6,16,40
31,6,41
47,18,6
19,22,20
25,21,13
5,5,51
43,8,25
53,6,23
47,15,11
61,5,5
49,16,7
50,17,1
37,17,10
0,19,36
50,11,10
32,20,9
19,3,61
22,2,57
25,0,59
15,14,42
41,8,27
7,8,53
18,5,61
59,7,9
16,16,33
11,14,44
26,14,29
1,6,49
36,5,34
7,9,50
20,21,18
7,11,50
0,4,52
6,10,49
35,22,7
58,10,0
30,3,50
48,13,14
4,10,45
8,3,57
55,1,27
58,8,2
3,16,37
15,4,63
4,21,31
32,2,47
30,22,9
30,22,10
45,2,31
54,10,4
6,6,50
57,10,1
26,2,59
19,18,30
57,5,15
36,2,39
18,6,56
17,5,59
46,13,15
42,9,29
23,9,38
46,8,22
36,2,41
2,19,32
46,14,15
62,5,16
21,7,46
2,1,55
22,16,33
45,3,32
49,11,18
24,22,16
63,5,5
33,15,18
8,10,49
49,6,22
25,15,27
11,20,38
5,16,41
21,9,50
11,10,50
54,3,24
45,6,23
24,23,9
4,2,55
55,1,29
31,12,30
0,13,43
9,10,50
26,18,21
46,7,26
43,13,14
17,12,45
48,14,6
23,12,34
34,5,37
34,20,7
4,15,39
22,10,38
3,6,50
44,15,10
11,19,36
27,20,18
34,18,10
29,21,10
62,3,13
39,8,26
38,17,13
9,8,50
7,16,38
58,5,19
56,3,25
47,20,0
38,6,31
18,22,19
3,5,51
24,0,58
4,7,50
12,19,35
13,13,50
8,17,41
53,13,0
17,15,44
46,18,7
23,7,46
59,10,1
41,21,4
60,3,20
43,2,33
16,19,32
27,11,33
27,3,50
15,7,58
22,8,47
22,20,19
4,22,34
21,4,55
30,1,50
57,5,19
18,9,45
28,4,44
22,20,20
10,8,51
17,23,18
30,2,50
42,12,20
7,11,47
7,20,37
54,3,25
58,10,2
2,20,30
54,4,25
2,5,54
28,7,39
35,4,41
11,23,31
27,4,50
7,9,47
6,20,32
14,10,52
28,5,49
47,4,26
30,21,15
27,8,39
28,6,39
50,4,28
38,21,9
35,21,5
20,2,62
15,21,26
29,17,18
30,18,15
50,6,19
26,3,49
15,7,59
24,5,46
17,9,48
47,9,16
46,2,31
48,20,3
6,10,50
42,6,24
27,22,9
3,16,39
50,15,9
46,0,35
4,5,53
3,19,37
19,19,30
8,18,41
30,3,41
18,21,22
4,8,49
54,7,17
15,21,23
5,7,51
58,6,12
58,0,25
28,2,46
60,2,17
32,11,29
9,15,44
54,10,9
18,16,29
32,9,29
39,23,1
21,12,35
26,13,28
59,3,17
31,1,46
14,14,43
0,23,32
2,6,53
22,17,31
18,12,38
48,5,21
19,5,58
23,17,25
8,10,50
31,8,32
40,0,45
48,2,30
46,17,4
53,4,21
30,21,18
3,10,46
6,18,38
27,21,19
27,18,19
26,15,26
14,16,41
1,23,32
22,9,45
43,4,32
39,10,21
20,19,27
3,11,43
13,15,43
28,3,44
42,18,8
10,15,43
58,7,5
48,16,6
35,5,34
8,19,35
42,16,11
18,8,56
18,15,33
28,6,40
49,5,21
37,3,40
46,3,34
20,23,14
62,9,0
17,19,29
39,16,15
45,4,31
56,4,21
63,6,5
19,7,52
58,4,23
18,8,50
3,0,58
26,3,54
54,4,22
59,5,11
41,14,17
32,15,24
24,10,34
19,16,32
45,11,15
20,18,28
31,4,42
44,20,2
11,17,42
34,13,23
20,23,15
15,21,25
62,1,14
42,5,27
0,10,48
3,20,30
20,11,37
45,7,20
3,5,53
53,3,26
54,11,5
29,14,23
63,6,9
3,20,31
59,0,28
23,18,22
8,12,48
10,19,35
9,17,38
2,3,53
28,16,20
41,0,45
50,17,5
54,9,5
30,23,5
53,4,25
41,18,10
56,8,12
24,1,57
42,9,22
18,13,36
7,1,58
30,2,45
23,18,21
18,3,63
8,23,28
30,5,40
18,4,61
45,7,26
31,0,51
63,0,22
58,0,29
9,18,40
19,4,58
62,1,20
0,12,44
44,22,0
2,18,35
45,6,28
6,1,59
33,12,24
22,4,56
6,3,54
33,18,15
34,17,18
49,11,19
50,5,29
7,21,32
62,7,5
49,9,17
2,13,40
50,4,24
13,23,22
44,4,32
24,20,16
28,6,50
38,20,6
18,16,30
18,23,25
38,8,30
11,22,27
39,4,33
32,3,40
46,11,19
30,22,11
53,15,5
20,9,43
41,12,21
48,7,21
40,15,17
37,12,19
40,15,13
0,3,54
41,5,30
56,4,22
44,7,23
9,16,44
41,13,18
29,18,17
3,17,40
9,14,47
10,19,37
0,14,44
20,5,54
28,4,42
34,7,32
29,0,50
59,2,26
3,12,43
11,19,35
37,22,6
20,18,29
44,16,5
23,19,20
44,20,5
35,14,16
29,23,15
24,2,52
50,16,1
39,15,11
21,16,29
16,17,33
25,3,51
32,13,22
38,2,40
10,14,45
11,4,61
41,0,44
37,10,22
21,9,51
45,0,36
52,8,13
34,19,16
31,0,56
10,7,52
50,13,6
18,11,44
45,6,22
17,6,59
31,2,47
19,10,43
19,13,44
35,13,23
40,18,12
13,8,52
3,23,32
55,7,20
15,22,27
48,3,25
63,3,9
43,12,21
36,17,18
0,14,42
4,5,54
44,9,20
56,9,21
59,4,14
6,11,46
59,5,7
40,8,27
5,21,34
29,10,31
29,10,30
6,18,36
35,17,18
5,21,33
5,3,57
19,21,19
18,8,51
6,22,29
26,11,37
12,20,32
62,3,16
48,15,4
46,4,25
27,9,39
26,9,37
50,5,23
38,17,16
31,19,15
18,20,24
50,5,27
5,16,42
24,16,27
54,14,5
10,6,52
31,11,26
48,13,11
47,9,20
4,6,53
35,12,21
14,21,24
11,22,26
25,15,33
27,17,21
27,17,20
2,10,44
34,0,45
18,20,27
21,18,25
36,22,3
26,15,24
3,23,31
32,9,31
62,1,21
5,13,42
41,21,2
43,4,30
20,4,63
38,21,3
34,14,16
45,11,18
50,4,23
51,4,29
48,5,26
44,15,16
57,12,1
50,13,10
38,1,42
3,18,38
61,6,13
19,12,40
35,1,40
3,16,38
28,2,47
52,11,8
1,11,46
60,2,21
17,14,38
43,15,12
35,20,10
58,4,24
22,14,33
46,17,3
12,12,47
19,15,32
24,3,58
35,0,44
12,20,31
12,20,30
45,13,15
16,6,60
19,14,33
18,12,42
17,13,43
41,7,23
51,10,12
36,16,16
54,3,22
20,6,59
33,18,13
37,23,5
9,3,57
29,20,12
54,11,0
47,17,7
33,21,12
30,12,30
0,23,33
47,19,2
41,10,23
27,19,14
33,15,23
15,9,54
55,10,1
11,14,47
45,7,21
30,16,21
7,8,52
25,20,16
46,1,32
32,1,47
37,16,13
22,22,14
34,1,42
42,11,20
35,20,7
2,22,28
30,0,51
47,12,15
33,2,41
51,11,10
0,8,48
31,19,11
29,13,26
4,22,30
34,16,17
0,17,36
0,21,31
51,9,10
5,20,34
19,11,39
27,1,54
52,0,27
43,7,24
7,2,58
37,21,10
37,7,30
51,5,22
45,12,20
26,15,23
25,23,12
36,5,37
34,10,28
41,15,16
62,4,12
39,9,30
33,23,8
63,8,2
51,15,4
0,21,30
30,17,15
12,21,27
59,6,16
41,17,8
26,22,13
50,3,28
36,13,20
34,20,9
30,11,28
27,22,13
10,4,58
21,13,36
54,1,26
39,22,2
43,10,27
20,17,30
49,14,7
40,22,2
26,7,45
8,8,51
56,8,8
62,6,3
20,20,20
34,13,19
18,19,30
30,0,53
1,22,32
31,10,29
5,12,42
21,6,50
27,6,41
54,9,9
21,9,43
36,11,21
47,5,22
9,3,58
42,21,0
61,6,10
62,0,24
20,4,62
5,14,40
58,11,1
2,10,45
18,13,45
56,5,15
31,0,55
21,6,54
45,2,35
0,12,45
2,21,35
52,14,0
20,4,59
12,20,33
48,16,5
41,4,30
21,15,29
40,20,6
43,20,5
14,21,26
45,20,0
32,17,14
5,0,59
48,17,1
34,2,40
4,20,36
23,15,29
49,12,10
14,4,63
21,20,20
26,5,43
48,18,2
20,8,47
60,4,19
30,4,40
45,17,4
41,11,19
40,0,44
25,3,59
35,19,15
32,20,11
19,8,47
45,5,28
34,19,13
9,7,55
16,8,51
14,23,28
51,2,29
4,21,29
54,4,27
63,7,9
8,2,60
11,19,32
25,16,24
8,14,43
0,5,50
5,10,46
25,19,17
28,18,15
16,23,19
57,6,10
48,8,19
17,18,31
29,17,22
3,15,37
21,5,55
25,3,58
19,15,33
15,22,21
17,14,34
60,5,12
31,4,41
27,19,18
61,1,24
44,16,10
16,8,54
57,7,13
27,23,13
22,9,51
38,1,45
26,23,13
63,2,9
12,11,47
5,20,36
0,8,51
23,4,52
22,4,51
17,8,49
43,12,13
55,6,16
29,22,8
45,15,6
40,4,31
38,16,15
16,13,45
16,6,62
55,8,15
46,15,6
56,13,0
40,13,18
4,7,53
29,6,39
42,1,41
0,3,52
26,16,29
30,7,38
28,20,19
24,5,50
30,5,41
31,18,15
13,13,51
40,17,10
47,3,34
36,18,17
30,21,8
52,16,1
29,2,46
52,9,17
49,13,6
21,7,49
61,4,14
54,2,25
27,6,49
8,5,54
15,17,32
34,13,24
24,21,15
25,3,50
20,20,21
27,3,47
38,17,11
55,7,11
7,12,44
49,11,17
53,8,10
52,10,8
9,17,41
18,18,28
46,7,28
40,9,26
42,15,15
49,10,16
39,22,1
23,4,53
41,9,23
35,7,33
48,4,30
57,6,20
12,23,22
6,9,50
59,4,23
0,20,31
59,4,19
33,22,10
35,8,35
36,23,6
63,0,17
0,20,34
51,15,3
34,19,14
7,18,34
37,3,37
15,6,61
10,13,45
29,1,51
7,18,36
7,18,35
51,1,28
34,4,37
53,5,24
10,21,30
60,0,25
43,7,27
40,20,5
54,8,11
0,20,35
16,8,55
0,9,47
25,17,25
3,20,35
8,23,30
35,21,6
20,19,26
56,1,26
37,9,28
63,4,15
13,16,44
3,6,51
50,18,1
53,1,28
24,6,45
53,11,8
47,8,21
60,7,4
35,6,33
2,6,49
38,13,17
28,5,40
18,13,44
39,8,25
28,20,16
28,19,14
50,10,10
1,18,33
8,20,32
62,6,9
30,0,55
42,6,28
43,13,19
56,8,6
54,6,21
40,10,19
16,16,32
62,3,11
49,12,16
7,17,42
43,21,5
34,19,12
32,7,35
32,2,45
60,1,28
15,20,30
60,0,26
54,9,16
45,1,33
56,12,0
53,7,17
22,15,31
13,9,52
32,0,46
23,19,21
44,17,8
24,7,41
56,5,21
33,8,32
28,1,48
56,5,13
19,8,48
23,5,47
39,10,20
24,10,36
49,15,9
40,18,9
8,2,58
52,8,20
14,15,38
43,3,32
43,5,25
30,11,29
46,12,14
46,11,20
41,14,16
50,11,13
21,3,54
28,20,11
41,19,10
30,8,42
61,2,13
42,9,27
17,5,60
3,1,55
54,12,1
44,17,5
15,9,50
0,9,49
55,7,9
0,3,56
51,15,2
34,20,8
53,3,27
48,4,27
18,16,31
10,1,61
12,14,46
2,18,33
59,7,11
26,6,41
7,6,52
4,11,45
29,16,19
45,5,26
20,10,46
48,4,24
44,16,4
57,0,28
57,9,5
46,19,6
62,4,11
45,9,23
30,21,12
8,6,54
59,4,13
5,21,35
34,1,47
59,7,2
10,18,38
14,18,31
4,18,38
18,22,20
33,4,39
22,7,45
45,3,29
41,17,9
29,19,13
43,12,14
26,3,52
51,0,30
22,3,55
36,17,12
39,8,30
3,11,47
1,20,34
45,17,3
3,9,47
30,1,53
35,14,15
7,2,56
58,4,25
22,10,45
15,4,62
47,3,29
56,5,20
39,22,3
15,5,60
57,4,22
27,20,15
57,7,19
48,9,15
33,11,27
26,11,34
45,4,27
10,8,54
11,2,62
13,11,50
19,22,19
15,5,61
19,20,26
13,17,36
45,7,23
36,21,5
49,15,5
35,5,39
19,21,25
14,8,55
34,4,38
53,4,26
62,4,13
49,10,20
50,19,0
33,20,13
9,12,47
21,11,40
29,18,14
46,12,18
48,12,15
38,12,21
43,9,25
5,13,46
22,5,56
9,22,31
59,13,1
31,2,50
39,19,8
32,14,23
37,13,19
26,12,34
33,17,15
62,6,6
27,9,37
20,14,31
52,10,19
44,8,24
48,11,16
4,19,36
17,19,26
56,6,15
18,15,32
23,6,56
31,17,16
20,21,20
36,21,6
25,23,10
22,9,42
30,12,25
5,4,52
9,6,55
58,3,23
36,15,20
14,10,51
46,2,33
46,11,16
36,21,10
45,1,35
15,22,24
16,10,51
43,4,34
46,9,16
3,16,40
20,20,28
33,1,45
20,14,34
29,14,25
19,5,55
53,2,27
43,21,3
19,2,62
33,23,10
49,17,5
24,19,20
21,23,21
29,7,37
20,17,28
14,14,45
34,15,15
17,18,26
17,17,35
25,7,38
58,7,6
54,10,10
59,3,22
48,10,14
5,15,42
0,21,33
37,16,19
1,14,41
21,8,49
6,21,31
3,19,35
37,12,18
50,16,4
55,1,24
51,15,5
14,19,32
38,8,28
18,10,47
35,22,5
14,13,46
63,9,1
40,19,12
40,12,19
37,18,14
29,17,17
42,12,15
13,6,59
60,3,9
33,20,9
42,11,16
43,5,28
62,3,8
13,7,54
3,7,50
47,2,29
4,5,57
9,3,63
63,2,11
16,15,45
27,23,8
8,19,37
33,7,36
26,23,8
58,5,22
44,15,9
33,20,11
15,15,37
40,1,39
9,12,45
31,21,13
35,0,43
13,5,60
39,21,2
57,11,7
22,22,16
4,4,56
24,4,48
55,10,4
39,8,24
29,5,42
32,21,8
38,21,4
62,1,16
7,17,38
53,10,10
17,16,33
41,9,26
52,8,11
27,3,51
25,3,48
57,9,7
23,16,33
1,15,41
63,0,20
11,5,55
36,15,14
1,15,37
34,10,27
56,6,13
4,3,54
26,14,25
7,6,56
58,8,13
50,1,28
32,15,19
26,21,12
5,23,30
23,3,53
36,22,4
43,15,16
46,10,16
9,2,62
43,14,12
45,6,27
28,0,54
19,7,57
37,6,32
60,2,12
36,23,2
29,23,14
26,22,18
28,15,26
26,4,48
47,21,0
54,10,5
35,10,26
33,9,29
21,3,62
14,21,30
47,6,22
30,17,22
13,14,46
30,0,52
21,2,58
27,15,27
30,8,34
30,20,11
47,14,11
43,14,11
17,23,20
6,9,49
37,14,14
47,18,0
59,10,2
7,15,42
31,3,51
20,21,24
41,8,24
52,11,7
63,0,12
44,15,7
33,23,5
33,20,8
42,16,13
21,19,21
16,4,62
22,6,46
14,18,30
6,12,44
21,9,41
19,3,63
26,7,38
43,14,13
36,19,10
49,2,30
49,8,22
49,8,20
36,4,39
14,18,33
42,14,12
32,8,31
50,5,25
10,17,38
5,16,39
43,16,11
59,7,5
25,8,46
11,10,53
56,9,3
40,19,10
9,20,36
16,14,45
34,22,5
56,6,17
35,14,21
42,10,19
5,23,34
25,13,36
7,19,33
31,22,8
7,20,31
28,2,58
54,4,26
27,2,47
50,8,20
2,20,34
48,12,13
25,12,32
21,3,59
21,5,52
31,12,31
12,5,60
10,15,42
22,4,53
22,16,32
30,12,31
56,5,12
50,3,25
28,9,33
0,13,41
46,22,0
49,2,26
9,6,52
62,1,27
3,20,33
62,6,4
34,21,9
31,3,40
34,17,17
25,22,13
57,2,24
54,7,21
33,15,24
35,21,7
46,7,22
39,22,7
18,4,62
17,9,55
58,3,21
59,6,10
27,14,26
36,0,43
40,3,34
35,3,38
35,18,11
4,22,31
19,16,30
49,3,25
39,12,17
6,19,32
61,4,15
15,13,44
12,17,40
48,12,12
4,0,58
50,9,19
41,7,24
18,6,58
46,14,14
29,6,41
56,3,21
35,21,11
51,5,26
3,22,27
23,12,32
10,8,52
47,1,36
8,2,59
59,0,29
42,10,29
45,14,15
32,1,50
50,15,5
21,13,38
4,14,40
31,23,9
15,10,55
48,11,18
54,2,24
18,5,62
10,4,56
19,11,44
36,2,40
23,9,37
44,13,17
3,6,53
62,1,13
43,13,20
37,11,22
41,16,13
26,23,9
2,7,47
62,0,22
24,22,12
11,17,44
0,9,46
6,20,35
37,16,18
48,6,24
26,0,58
4,8,53
38,23,6
41,8,26
35,16,14
31,19,10
36,1,42
38,23,5
42,13,15
57,5,13
55,6,18
19,21,27
41,10,27
2,23,31
51,16,0
31,15,20
29,21,14
19,18,26
12,21,28
55,7,13
35,11,23
45,21,0
19,3,62
7,14,44
0,16,36
10,3,57
48,9,18
16,19,25
52,14,7
3,23,29
29,6,37
53,12,11
11,5,58
8,6,55
63,3,13
38,3,41
59,6,11
32,17,22
38,0,46
46,6,27
57,5,14
5,3,58
41,14,15
18,20,26
31,9,32
51,9,18
48,13,9
23,21,17
56,12,6
28,14,24
0,21,36
28,4,49
25,4,51
23,16,27
52,9,15
61,1,13
62,5,9
8,18,38
35,19,10
38,0,45
54,11,12
61,1,14
3,7,48
19,10,42
9,4,57
33,18,16
34,7,34
33,15,22
46,6,28
35,14,22
26,12,33
7,13,45
43,1,33
43,3,34
12,20,37
40,18,7
3,20,32
26,3,55
43,4,29
31,13,30
22,17,24
62,4,8
23,1,55
29,21,16
57,4,13
5,8,47
20,2,63
10,19,34
4,11,46
23,22,14
41,12,18
43,20,3
42,22,1
36,16,15
47,16,7
21,3,55
14,23,20
0,23,31
9,23,30
60,7,7
31,14,24
32,22,9
18,18,26
30,19,14
2,17,37
10,17,40
57,7,18
8,17,37
50,2,28
19,17,29
33,19,14
29,21,17
49,18,3
47,12,12
62,7,2
25,2,55
45,2,34
14,8,54
42,18,3
7,8,49
29,22,15
45,15,7
29,1,49
47,10,19
20,4,56
8,8,52
43,13,16
59,8,3
38,10,21
8,15,43
11,23,27
41,10,18
53,12,5
16,18,27
13,23,24
30,19,17
62,1,19
45,14,13
63,2,14
56,5,26
15,7,60
53,8,17
28,18,21
3,2,56
34,23,6
17,8,55
37,1,43
53,12,0
58,4,15
43,5,27
16,12,46
24,14,32
28,19,19
41,11,17
22,6,47
42,3,33
45,1,34
15,6,59
63,3,15
0,11,43
50,10,14
51,12,5
60,5,13
3,3,53
53,12,4
29,12,27
4,12,44
20,3,57
32,2,51
34,0,46
9,10,48
58,9,2
12,2,62
61,2,11
1,2,54
33,23,3
11,9,52
44,14,14
30,3,45
23,8,47
2,12,44
28,8,40
2,13,42
16,7,56
21,4,51
16,21,27
7,0,61
17,11,47
50,12,17
59,3,11
12,17,39
13,17,38
55,3,27
41,22,1
8,0,60
6,2,57
13,16,41
7,11,49
13,9,53
43,10,18
16,15,34
30,2,43
50,13,7
40,15,19
39,3,36
26,9,36
47,11,17
8,13,44
3,7,53
15,8,57
9,5,55
28,5,50
0,15,43
25,2,58
0,20,33
23,15,34
24,1,56
17,22,22
32,16,19
44,3,33
36,18,9
15,23,19
9,17,37
57,3,23
49,6,25
29,7,40
48,6,22
42,3,32
59,4,22
36,8,28
35,1,43
24,7,44
53,12,2
19,6,52
39,11,18
56,10,10
32,1,48
7,7,52
4,19,32
57,6,8
47,9,17
18,22,24
22,1,63
18,7,56
26,11,36
31,22,10
30,10,29
55,0,31
38,10,23
42,2,35
37,15,18
55,3,24
42,9,21
26,12,32
7,9,49
23,20,16
2,3,55
50,15,6
55,5,19
13,6,56
32,9,30
56,6,12
51,9,13
29,18,16
8,19,34
30,20,16
21,3,57
34,13,18
25,23,16
47,13,14
16,8,53
6,1,57
50,4,25
42,10,18
24,6,44
5,3,55
44,5,31
38,8,27
4,23,28
1,10,47
30,7,37
26,3,59
4,8,50
32,22,5
42,21,5
5,5,53
0,7,51
45,2,32
60,5,15
45,14,7
62,5,10
59,2,14
35,12,22
56,7,19
58,8,3
41,19,4
33,2,42
34,8,31
40,21,2
2,17,34
4,19,33
52,0,29
7,5,56
45,3,31
37,4,34
37,4,40
52,4,24
27,23,9
17,15,45
5,12,46
42,18,5
21,11,35
31,18,14
7,8,51
0,18,36
7,19,38
17,8,56
2,21,32
1,1,57
26,17,19
47,7,26
58,9,13
20,12,39
44,10,19
43,21,1
35,6,38
17,22,21
52,14,2
25,6,44
1,14,43
50,15,2
36,9,26
33,11,26
18,10,46
46,8,26
1,13,40
30,21,13
9,21,31
52,2,25
1,13,43
47,2,28
21,7,52
34,19,10
12,18,35
36,3,41
46,15,5
41,17,11
30,3,42
50,6,25
2,9,50
22,6,50
18,20,23
0,16,38
26,5,42
25,20,17
57,5,20
49,1,32
8,16,43
49,10,17
52,10,11
37,11,20
27,16,28
20,18,33
5,8,51
48,1,28
23,14,28
30,15,22
35,4,38
14,9,54
14,14,44
0,2,55
56,2,25
61,4,12
25,14,27
36,13,18
27,11,30
45,11,16
60,4,24
37,4,36
3,1,57
42,17,9
21,14,33
13,22,25
56,6,18
30,23,12
17,16,32
44,17,12
8,17,42
26,9,35
48,6,20
4,10,47
4,19,31
29,19,12
7,3,55
24,23,13
14,8,53
23,12,35
28,4,45
29,21,9
24,22,14
2,15,37
58,12,1
5,0,61
10,21,32
55,9,16
24,8,42
37,22,3
19,5,54
46,20,2
5,19,37
14,10,54
38,15,16
50,16,0
50,15,3
38,16,12
4,12,48
0,20,32
31,2,52
50,11,18
2,16,41
49,11,20
37,1,41
30,20,18
7,20,36
46,7,19
53,5,23
24,7,47
63,2,7
2,1,57
17,14,39
19,17,32
36,19,12
4,22,33
29,2,50
9,5,56
49,9,20
40,17,11
44,14,11
59,4,21
12,5,58
7,17,39
35,11,22
50,9,18
30,21,17
24,23,16
14,4,60
11,9,54
11,23,23
22,10,40
43,7,25
26,17,28
55,11,4
1,5,53
46,1,33
62,2,16
56,11,6
20,19,33
26,2,49
21,10,40
27,18,17
22,5,50
48,16,11
28,4,43
5,10,47
45,20,5
22,22,15
16,12,45
46,15,10
60,5,10
49,1,28
29,20,16
21,13,33
35,23,3
7,15,40
3,18,37
45,20,3
35,15,21
59,8,4
38,10,22
32,6,34
33,9,28
34,23,9
19,16,31
19,22,23
58,5,13
36,3,40
18,6,57
9,1,60
25,4,49
35,3,39
57,2,25
30,10,34
41,19,9
14,16,38
45,14,9
45,2,30
19,2,63
16,15,38
39,2,43
40,14,15
25,13,35
52,8,14
25,8,40
61,3,13
23,5,50
26,1,52
53,8,20
36,0,44
8,6,52
33,11,28
31,23,7
54,8,17
44,19,7
17,18,29
18,8,49
47,18,1
47,17,4
21,11,36
59,0,26
36,12,21
57,12,0
10,20,35
21,17,29
61,1,21
47,4,24
2,8,48
21,18,30
26,6,43
3,12,47
42,1,34
12,18,36
26,4,53
13,6,57
32,5,36
23,21,15
5,2,57
12,5,57
23,13,33
23,4,55
51,19,1
7,7,50
60,8,1
43,12,16
21,16,31
30,14,24
5,17,38
4,1,55
51,4,21
8,17,43
48,13,6
35,7,32
12,16,41
36,19,11
3,21,31
6,20,36
17,23,24
27,5,49
50,1,27
3,22,31
47,12,13
20,3,61
35,12,23
37,13,20
26,2,50
4,1,57
53,2,24
29,19,17
39,13,15
48,16,7
5,19,33
9,18,36
41,18,7
25,21,15
42,18,6
0,23,29
37,16,16
26,2,58
42,21,6
56,9,20
19,15,35
35,12,19
19,21,23
40,15,14
19,13,34
20,18,30
22,7,47
60,5,17
44,9,17
58,6,14
43,21,6
53,10,15
23,1,56
44,18,4
23,2,56
54,5,24
4,19,35
46,8,18
21,9,42
21,8,51
49,11,13
19,12,38
0,2,54
43,8,28
20,10,40
16,18,29
16,14,37
40,21,4
44,21,4
2,16,37
56,0,29
42,7,25
28,7,36
0,23,30
50,8,18
0,4,50
10,18,41
62,3,7
22,16,28
11,2,60
22,4,54
56,6,23
10,2,62
59,1,24
20,11,38
33,3,41
9,5,57
51,4,23
24,13,36
11,4,59
37,7,29
43,10,19
6,23,28
61,1,17
31,7,36
12,10,52
33,0,46
45,15,10
18,21,21
39,0,42
56,3,22
38,5,31
28,23,10
37,14,21
60,2,22
32,23,9
31,20,16
53,0,29
12,12,48
47,1,33
35,16,21
15,15,45
41,20,8
51,4,25
31,19,16
27,12,31
36,18,13
26,22,11
48,0,38
22,3,56
57,7,8
60,3,19
35,7,35
59,5,18
17,17,31
26,20,17
30,13,25
40,8,24
55,9,21
43,12,18
13,7,56
4,10,46
13,10,54
28,8,37
39,19,7
27,3,52
22,15,33
53,11,9
27,10,37
25,15,25
51,6,24
33,13,24
42,7,22
13,14,43
27,17,27
20,11,42
51,10,16
5,20,35
44,4,26
25,23,13
30,23,15
43,8,29
30,7,35
35,0,46
2,17,36
43,4,28
17,13,40
61,1,23
10,10,49
39,18,12
54,12,0
10,1,62
61,0,19
18,5,58
59,2,25
29,15,26
2,22,33
52,1,26
17,5,63
47,11,13
25,7,41
18,13,40
25,13,29
52,7,22
28,2,52
46,10,17
21,16,28
19,17,27
9,20,39
17,13,41
31,9,33
44,17,9
41,12,16
25,17,20
26,8,38
46,16,6
34,23,3
59,7,8
25,18,25
57,1,31
50,10,16
12,16,40
2,1,56
30,1,51
26,0,55
21,23,15
25,6,43
5,0,58
46,8,19
35,17,17
37,18,10
10,14,44
12,3,61
57,7,7
4,20,31
16,10,48
40,5,31
26,0,59
26,16,24
39,7,30
24,22,15
9,19,39
1,17,35
61,8,2
61,10,6
57,4,25
35,15,16
22,5,51
42,8,22
4,1,58
3,5,54
30,4,42
38,16,18
41,1,35
37,8,30
12,10,49
52,9,20
56,5,24
60,4,12
8,15,41
34,11,24
61,6,4
40,20,2
37,12,20
52,15,1
4,16,37
33,4,38
54,4,24
24,8,39
52,12,8
17,10,47
27,0,59
18,9,57
6,5,53
56,7,9
55,10,2
23,11,34
3,19,33
49,9,18
1,3,55
51,5,21
48,18,3
28,22,9
63,0,15
30,11,32
52,16,4
54,9,6
1,20,36
40,14,13
17,14,44
51,9,20
35,7,30
49,10,15
41,19,5
20,10,47
38,18,13
20,8,45
10,22,27
35,9,27
36,14,18
51,9,21
4,20,35
62,5,4
47,4,28
48,12,16
25,11,33
47,16,8
60,3,11
33,14,20
15,19,31
37,5,38
27,1,56
49,12,9
24,5,48
53,5,20
5,17,39
7,3,61
56,5,16
46,15,11
37,16,17
32,17,13
36,20,13
55,8,8
40,14,14
14,17,33
11,11,47
28,7,37
22,9,41
32,12,23
27,12,34
37,8,26
48,18,6
55,7,17
56,6,14
27,2,49
40,20,9
18,7,54
31,16,19
3,17,34
11,21,29
2,23,29
55,10,3
26,20,14
53,0,30
39,20,5
57,4,23
56,4,26
14,20,29
63,2,8
55,13,0
37,23,6
56,6,9
51,15,1
18,3,62
51,12,8
12,11,51
28,18,18
21,22,15
13,16,40
3,9,49
49,13,14
56,10,3
27,2,52
57,1,29
36,20,7
7,13,43
17,8,51
39,14,14
42,0,38
18,21,28
60,2,25
13,2,62
30,18,16
52,6,23
58,1,26
30,20,13
31,16,16
42,18,11
57,8,3
60,7,10
33,4,43
21,20,27
42,15,11
18,20,29
27,22,10
42,11,19
52,8,16
11,18,37
54,11,2
6,20,34
15,9,56
19,13,36
9,18,37
11,6,59
43,8,26
27,20,16
38,8,26
61,7,3
13,4,60
35,20,12
6,15,39
0,7,47
42,5,29
15,17,31
3,14,38
62,3,10
50,5,21
11,16,44
1,16,38
55,5,21
13,16,45
50,7,20
53,10,18
48,9,16
56,7,16
20,20,27
21,15,34
38,15,17
2,16,36
12,11,49
43,17,4
7,23,27
2,7,50
43,7,21
21,21,17
51,6,23
47,10,21
37,10,25
37,19,14
21,18,24
39,4,32
16,10,49
11,13,44
11,7,59
54,14,0
45,7,22
20,23,17
27,2,59
8,20,38
3,13,40
27,1,53
29,14,28
27,6,42
35,22,8
6,22,28
35,20,14
48,12,9
49,14,8
48,9,20
14,15,42
31,13,23
10,16,41
16,18,31
21,17,30
4,8,48
45,9,20
23,20,19
32,16,17
60,0,28
58,5,24
52,8,22
28,12,27
51,8,16
0,10,49
45,8,21
18,13,39
41,21,0
52,7,23
18,17,29
43,5,33
18,16,34
2,10,48
17,19,25
44,20,3
42,10,28
38,20,8
29,8,40
12,4,59
51,7,17
35,15,14
53,5,26
25,15,26
1,20,35
55,11,2
49,5,23
50,14,4
43,6,24
46,18,2
43,3,31
11,20,32
39,6,30
10,9,50
8,18,37
35,16,15
4,11,44
19,20,25
42,6,29
52,4,22
4,7,51
21,2,62
44,5,33
18,12,39
47,14,10
9,20,32
33,15,19
24,21,17
11,16,45
40,21,5
16,9,48
34,19,15
44,13,18
46,3,27
14,17,32
7,6,51
61,1,19
23,19,19
46,13,17
9,19,37
34,8,35
16,11,48
41,15,15
57,5,12
9,2,59
56,5,23
17,22,25
13,21,26
56,5,19
17,7,59
59,7,3
13,9,56
57,9,9
39,0,41
27,13,26
49,10,18
39,18,10
34,17,16
43,17,11
15,14,46
50,16,5
31,7,33
43,9,18
6,10,48
5,8,50
35,17,14
30,9,35
30,8,33
33,6,35
31,5,38
0,11,45
14,16,36
25,8,37
61,5,12
21,20,21
24,18,22
11,7,54
39,11,22
37,18,11
53,3,23
42,20,1
7,21,33
25,6,51
27,15,28
4,21,33
20,2,61
48,2,27
19,16,35
22,15,34
12,2,63
42,19,9
60,0,27
53,15,1
35,18,13
52,9,18
30,19,11
41,20,9
34,12,21
40,4,30
45,11,22
4,3,57
60,5,24
29,1,48
1,22,31
54,7,11
29,14,26
33,21,9
45,9,22
21,14,36
20,11,41
29,8,35
24,4,50
41,16,11
26,21,14
37,13,21
39,4,34
56,0,30
58,9,1
47,6,25
37,0,42
58,8,5
51,7,20
62,6,12
34,20,10
48,19,1
25,13,33
24,14,31
60,6,8
2,17,39
51,10,17
52,12,5
40,16,15
16,16,36
55,8,12
3,13,46
3,22,28
48,0,36
2,0,58
49,4,22
11,21,31
34,10,26
25,17,22
26,22,10
4,4,54
51,10,10
46,4,28
62,0,19
49,7,18
8,5,55
60,2,24
9,6,53
43,18,10
9,11,47
37,15,20
37,9,25
63,8,1
20,3,60
37,13,17
19,19,27
27,11,32
10,17,39
29,15,22
27,4,44
32,15,23
29,15,20
29,19,14
28,7,40
12,13,45
33,13,23
11,6,58
31,20,14
42,13,16
17,18,27
49,4,29
58,6,22
48,12,8
25,23,9
43,9,23
19,14,35
43,16,12
37,22,4
22,2,59
29,4,46
25,1,59
36,0,41
57,6,12
9,22,30
54,5,23
27,8,36
46,0,33
0,23,28
33,21,10
31,13,24
10,0,63
55,11,1
38,17,10
11,22,30
33,7,34
28,17,27
54,8,13
29,14,24
32,16,21
8,21,34
39,11,19
56,3,28
7,6,53
40,16,10
32,17,19
42,9,28
7,19,39
58,6,17
20,19,30
54,5,27
6,4,56
25,13,32
15,13,46
23,17,23
30,6,41
62,1,22
45,17,5
48,1,31
17,20,25
27,7,38
15,14,40
32,3,43
61,6,15
4,20,32
59,2,16
40,2,37
3,19,34
52,14,4
49,10,14
60,4,15
27,2,53
57,8,10
20,22,16
27,9,38
24,23,11
48,17,7
36,3,37
8,3,58
33,1,44
0,17,39
50,11,11
26,23,10
38,16,13
42,14,18
58,4,11
40,17,8
28,20,17
45,11,14
59,0,32
47,2,30
19,5,59
18,15,31
41,16,9
4,11,43
4,4,52
48,12,14
54,7,14
29,13,25
21,10,42
10,18,39
20,3,59
0,19,33
34,13,21
40,14,17
38,15,13
18,15,34
49,12,15
56,6,20
12,4,60
16,10,47
36,18,10
38,16,14
19,22,25
57,6,23
47,8,18
15,21,24
30,1,47
47,7,20
41,3,32
60,3,21
60,1,25
28,12,29
33,21,7
44,13,13
61,3,9
63,5,10
38,19,12
62,0,14
15,16,37
54,2,23
34,3,38
32,18,14
41,2,35
13,11,52
40,12,22
54,2,27
56,8,5
38,5,33
55,8,9
10,11,48
35,22,4
41,9,22
52,11,15
40,11,21
35,19,9
34,16,15
50,7,22
22,18,22
44,9,23
20,17,33
14,4,62
31,21,8
34,1,43
4,18,34
16,22,25
32,12,24
30,22,13
41,16,14
33,18,14
50,10,19
5,23,33
44,0,37
33,21,11
50,14,8
40,9,21
50,18,4
58,3,26
13,22,26
34,16,14
55,8,21
6,21,34
49,13,13
44,9,21
6,17,39
6,0,58
27,21,10
29,8,33
12,6,57
14,16,35
54,8,14
8,18,36
31,12,25
44,3,31
30,3,44
19,21,21
48,4,23
22,21,17
24,16,26
22,19,22
33,7,32
28,23,11
52,7,21
1,16,37
52,7,20
19,20,28
41,0,41
0,10,47
16,12,49
21,7,51
1,7,51
57,3,25
54,11,8
3,18,40
1,10,46
44,11,14
36,11,24
21,13,37
50,13,9
12,13,47
54,9,8
2,16,35
56,5,22
21,16,32
63,9,0
21,8,45
24,12,35
9,4,56
41,13,13
13,6,55
28,5,42
60,8,2
17,13,45
55,0,29
49,17,2
19,7,54
32,15,17
58,3,16
34,4,36
42,11,21
40,0,42
46,8,24
30,20,12
63,0,18
37,15,21
45,1,36
5,20,33
40,9,24
6,17,38
