32,21,2
35,18,2
41,17,0
0,9,5
36,17,1
7,17,8
6,23,14
0,9,4
3,17,12
2,13,6
2,19,15
43,18,0
13,17,0
42,18,2
10,18,5
1,15,10
43,22,1
10,22,9
42,21,2
3,18,13
4,16,10
3,11,1
39,20,3
1,20,16
2,19,16
3,23,17
40,22,3
6,22,13
33,23,3
8,20,10
2,15,9
47,21,1
43,19,1
8,16,2
46,18,0
4,12,3
2,11,0
3,17,10
5,13,3
1,8,2
2,13,0
0,10,3
2,19,14
6,15,3
7,19,12
41,19,2
48,22,1
31,23,2
8,17,6
9,16,3
13,19,3
11,20,7
30,16,0
4,17,9
0,9,2
9,16,1
0,6,0
34,18,2
5,15,5
13,19,5
43,23,2
47,20,1
15,21,6
42,17,0
15,22,6
37,21,3
3,13,3
34,21,2
13,19,4
36,18,2
38,17,1
46,20,2
6,18,10
1,23,19
15,20,2
36,19,3
14,22,6
1,10,3
12,21,7
15,21,4
5,13,2
38,18,2
8,16,3
1,9,1
39,17,0
16,21,2
8,14,0
11,23,9
51,20,1
11,18,4
9,23,11
9,21,9
14,23,8
0,12,4
16,23,3
8,22,9
2,9,2
9,19,9
0,22,18
3,19,13
1,17,14
2,11,2
35,21,2
8,16,1
5,23,16
13,21,8
6,19,10
8,18,7
6,14,1
14,17,0
5,21,13
9,17,5
10,18,6
7,19,11
16,21,3
0,5,1
52,22,0
43,23,1
13,17,1
17,19,1
0,10,4
11,19,7
2,13,5
11,18,2
6,22,14
2,16,9
45,20,1
10,23,10
4,12,2
14,20,3
3,15,7
36,16,0
7,23,14
0,5,2
3,23,18
3,20,14
51,22,0
0,22,17
6,15,5
7,22,12
3,14,7
8,20,9
32,18,3
11,23,10
11,19,5
42,22,3
3,12,0
3,12,3
5,23,15
6,17,9
5,16,7
13,18,2
0,17,13
2,17,13
51,23,0
9,18,8
1,14,8
4,16,7
7,15,0
48,20,1
8,23,10
14,18,0
43,22,2
48,19,1
1,7,0
3,12,1
3,16,8
0,18,15
44,22,1
11,19,4
29,23,0
12,19,6
8,23,9
5,15,6
5,16,8
39,16,0
5,19,11
13,18,1
13,19,2
1,15,9
18,23,0
53,22,0
12,17,1
17,18,0
4,18,12
19,20,0
6,23,15
0,6,1
10,23,9
2,16,10
6,14,5
49,20,1
4,15,8
7,21,11
0,23,18
2,15,8
4,16,9
51,21,1
5,14,1
2,10,2
1,18,15
41,21,2
46,19,1
5,13,4
30,18,1
13,21,5
37,16,1
3,21,15
43,20,2
5,19,13
41,22,2
3,22,15
2,14,8
15,22,7
15,23,7
8,21,9
3,13,4
53,21,0
7,18,10
14,19,2
41,16,0
5,23,17
44,21,2
8,21,10
51,21,0
0,23,19
8,18,9
46,20,1
8,20,11
5,17,8
7,15,2
14,21,7
0,12,6
5,22,15
19,19,0
35,21,3
7,15,4
3,17,13
5,18,12
38,19,3
39,17,1
17,22,1
0,6,2
1,7,1
49,19,1
35,18,3
45,18,1
8,23,13
2,23,19
2,21,17
9,15,0
19,21,0
38,21,3
8,17,5
18,20,0
53,20,0
35,16,1
48,23,1
11,18,6
7,23,12
16,21,4
3,13,5
45,21,1
38,18,3
33,20,2
1,11,3
10,17,1
50,21,1
0,6,3
35,17,2
5,15,7
3,22,16
6,19,12
5,22,16
33,16,0
46,21,1
0,20,16
5,20,13
10,18,3
36,17,2
17,20,0
40,19,3
14,22,7
45,23,1
17,23,0
16,22,6
42,19,2
8,15,3
1,6,1
1,15,11
15,19,2
7,20,10
1,16,11
9,17,6
9,17,1
15,21,2
14,20,4
8,22,10
16,22,1
8,17,7
2,12,3
10,20,8
8,15,4
46,23,1
48,18,0
19,23,0
7,23,13
44,18,1
44,21,1
14,23,7
48,21,1
11,18,3
10,19,7
4,22,16
4,14,4
7,20,12
50,20,1
4,18,11
18,19,0
14,21,6
0,20,15
5,14,0
1,6,2
0,14,10
11,17,2
12,20,7
33,17,0
42,18,1
0,8,4
16,20,2
15,18,0
47,23,1
50,23,1
10,18,7
46,22,1
33,22,2
33,17,1
1,8,0
0,19,15
34,17,1
2,17,11
45,22,1
35,16,0
14,19,1
11,21,7
6,17,7
31,17,1
4,23,17
6,20,13
12,18,1
12,18,4
3,21,14
44,19,2
7,16,4
37,19,3
6,23,13
4,17,10
9,17,2
16,18,0
6,16,6
40,18,1
9,18,7
1,17,13
14,21,4
3,19,14
42,18,0
7,23,15
14,21,5
16,23,4
40,20,2
40,22,2
14,18,1
7,17,7
10,18,8
13,19,6
16,22,5
12,18,5
50,22,1
0,8,2
6,19,11
16,21,1
32,23,2
12,22,8
6,18,9
12,18,3
7,15,6
4,19,13
2,10,1
34,18,3
2,21,15
2,16,12
17,23,5
1,18,13
47,18,0
8,19,10
6,14,0
42,20,2
0,14,8
4,13,0
41,23,2
12,22,7
3,23,16
50,21,0
11,21,8
10,17,0
8,15,1
16,22,3
1,18,14
6,16,7
0,21,17
50,18,0
5,18,11
8,15,2
29,18,0
9,17,7
12,19,5
48,19,0
2,21,16
0,11,5
11,19,6
4,16,8
13,22,8
52,23,0
8,23,12
1,22,18
11,19,8
30,17,1
39,17,2
1,12,4
3,12,4
5,18,10
0,13,8
32,22,2
51,23,1
37,16,0
15,18,1
1,22,17
8,18,8
4,21,14
42,22,2
7,16,5
1,6,0
45,18,0
33,18,3
3,15,8
9,23,10
40,17,0
9,17,4
1,13,6
43,18,2
1,19,16
31,22,2
3,15,9
4,20,13
7,18,9
51,20,0
34,17,2
36,16,1
1,16,12
6,17,8
12,19,4
1,23,18
3,13,0
40,18,2
2,20,15
15,22,8
51,22,1
9,16,4
43,18,1
3,15,6
50,19,1
0,21,16
39,19,3
3,11,2
33,21,2
33,18,2
3,18,12
6,14,3
3,22,17
1,14,9
1,11,4
13,18,0
3,21,16
17,19,0
1,21,16
6,21,13
4,19,12
40,19,2
1,8,1
7,22,11
8,21,11
32,17,2
2,9,1
5,19,12
8,16,5
34,22,3
40,20,3
7,16,6
10,19,8
4,18,13
11,22,9
0,7,2
2,11,1
8,16,4
10,22,8
7,16,7
34,22,2
4,23,18
8,15,0
0,13,6
38,16,0
2,23,17
35,19,2
0,8,3
9,16,2
2,22,16
7,15,5
47,19,0
2,23,18
44,20,2
10,16,1
15,22,5
1,10,2
13,20,3
40,23,3
1,20,15
44,17,0
13,21,7
41,18,2
5,14,5
4,20,14
40,16,0
39,18,2
37,17,1
32,17,0
5,13,1
48,22,2
2,22,18
0,16,13
29,17,0
34,23,3
4,14,5
2,12,4
5,14,4
38,22,3
0,12,5
16,19,1
34,16,0
2,22,17
0,16,12
2,10,0
12,18,2
49,21,1
36,15,0
4,17,11
49,22,1
4,13,4
12,16,0
0,11,4
16,21,5
6,23,16
7,17,6
10,17,4
44,23,1
13,20,5
46,19,0
13,20,4
4,23,16
15,21,5
13,20,6
47,19,1
3,18,14
45,19,1
6,14,4
3,14,6
7,15,3
0,15,11
37,17,2
4,13,2
10,21,9
0,10,5
4,22,15
31,18,2
4,13,3
6,15,6
44,20,1
38,23,3
16,22,4
16,23,5
17,23,1
37,18,2
49,23,1
13,21,6
3,16,11
0,16,11
7,22,13
1,21,17
0,18,14
12,23,9
8,22,11
2,17,12
35,19,3
1,12,0
35,17,1
11,18,1
0,9,3
31,17,0
12,17,0
5,17,9
4,13,1
52,20,0
5,14,2
32,18,2
9,23,9
34,16,1
50,19,0
39,21,3
3,11,3
11,22,8
3,16,9
3,16,10
49,23,2
14,22,8
44,19,1
17,22,0
7,19,9
31,18,1
15,21,3
6,15,2
16,23,2
35,22,3
4,21,15
32,16,0
2,20,16
3,14,5
49,19,0
39,18,3
9,16,0
9,19,8
1,7,2
38,16,1
43,19,2
5,13,0
11,16,0
0,5,0
2,12,0
1,13,7
38,17,2
9,17,3
41,20,2
37,23,3
10,16,0
13,23,8
49,18,0
15,23,6
12,19,3
14,21,8
36,18,3
9,20,9
8,19,9
16,22,2
11,23,8
15,17,0
51,19,0
1,8,3
40,17,1
50,22,0
7,21,12
40,23,2
4,21,13
51,19,1
7,14,0
8,22,12
4,15,6
52,19,0
33,22,3
10,17,2
3,17,11
2,18,14
1,9,0
0,7,3
1,19,15
0,14,9
0,17,14
2,15,10
18,21,0
33,16,1
15,23,8
9,16,5
41,18,1
8,16,6
18,22,0
32,23,3
9,18,6
0,15,10
16,20,1
7,19,10
5,22,14
1,14,7
52,21,0
44,18,0
5,21,14
10,17,5
1,9,3
2,20,14
6,15,1
3,13,1
42,23,2
10,18,4
2,16,11
15,20,4
1,12,3
11,17,0
1,10,4
10,17,3
15,20,1
2,11,3
1,9,2
1,12,5
16,23,6
16,18,1
14,19,3
1,11,0
7,15,1
11,17,1
7,20,11
30,17,0
42,17,1
5,17,10
16,23,1
10,17,6
37,18,3
3,12,2
2,18,13
4,14,6
40,18,3
16,19,0
12,20,6
33,17,2
13,22,7
12,20,5
6,18,11
2,13,4
6,15,0
6,15,4
40,21,3
12,23,8
17,23,4
10,21,8
15,19,1
14,20,5
10,20,9
47,22,1
1,17,12
7,18,8
0,13,7
2,14,7
15,20,3
41,17,1
3,23,19
17,20,1
1,13,5
11,18,5
9,22,9
6,20,12
4,15,7
31,16,0
39,23,3
43,17,0
1,16,10
2,14,6
12,21,6
32,17,1
8,23,11
5,14,3
11,20,8
6,14,2
0,12,7
