22,1,17
58,1,17
45,2,17
26,2,18
39,0,20
54,5,17
52,1,19
48,2,18
56,2,17
26,0,21
25,1,18
36,1,17
53,2,19
58,0,20
59,0,18
61,5,17
34,1,20
62,3,17
24,1,17
19,0,18
47,2,17
47,3,17
32,0,21
63,0,21
41,0,17
63,2,18
47,3,18
43,1,17
32,0,19
21,1,20
63,1,19
53,0,18
23,2,17
15,0,18
57,5,19
12,0,17
32,1,18
24,1,19
39,0,17
33,0,20
47,0,17
62,2,19
45,0,17
45,1,17
50,3,17
61,0,20
15,0,19
11,0,17
27,2,18
51,0,18
57,1,17
61,3,17
50,2,17
27,2,17
12,0,22
50,1,17
32,0,17
36,1,18
51,0,17
32,0,18
57,1,18
60,0,20
37,1,20
33,1,19
28,0,20
28,1,21
17,3,17
23,0,19
19,2,17
35,0,21
55,2,20
47,0,18
60,1,20
48,3,17
60,1,21
54,1,18
54,2,18
36,0,17
28,1,18
60,2,21
17,2,17
50,0,18
54,4,17
38,1,19
34,1,19
35,2,19
59,4,19
56,3,17
29,0,17
37,1,18
55,0,21
57,0,18
38,1,17
48,0,18
60,4,18
49,0,17
51,3,18
8,0,18
38,3,19
36,3,18
33,0,17
49,1,17
35,0,17
11,0,20
59,0,20
27,0,20
30,3,17
13,0,19
59,3,17
58,0,19
37,3,18
20,1,20
8,0,17
56,0,18
30,0,19
42,0,18
28,0,17
36,0,20
10,0,20
57,1,19
36,0,19
33,2,17
57,3,19
60,3,18
57,4,19
53,0,17
54,5,18
53,2,18
52,1,18
22,2,17
25,0,19
15,1,18
55,1,20
21,0,20
44,0,17
37,2,19
53,6,17
63,2,20
29,1,19
46,4,17
14,1,18
38,0,18
43,0,19
38,0,19
31,1,17
34,0,17
38,0,17
37,2,18
30,2,17
21,0,19
62,2,18
30,1,17
59,1,18
52,2,18
44,0,18
20,0,18
62,1,18
54,2,17
15,2,18
63,3,19
60,2,19
59,2,19
23,1,17
54,1,17
26,2,17
47,5,17
38,1,20
26,1,17
51,2,17
22,1,18
29,0,20
38,1,21
53,4,17
56,1,19
30,2,18
61,2,19
35,0,20
22,0,18
43,0,17
31,0,21
55,0,20
18,0,19
52,2,19
31,3,17
12,1,18
16,0,18
11,1,20
8,1,17
30,1,19
24,0,20
19,0,17
62,6,17
34,1,18
39,0,18
54,6,17
12,0,18
59,2,21
56,3,19
27,0,21
50,4,18
58,1,19
20,1,19
7,0,18
57,0,19
27,0,17
26,0,18
56,2,20
59,3,19
56,3,20
48,0,19
61,0,19
50,2,18
57,2,18
62,1,19
59,5,17
63,1,23
49,4,17
53,0,19
36,2,17
58,4,17
35,0,19
31,1,18
50,3,18
54,0,17
57,3,18
60,3,17
18,1,19
54,3,17
63,2,19
38,2,19
59,4,17
18,2,17
61,6,17
50,0,17
36,0,18
59,1,19
51,1,18
59,2,17
16,0,19
38,0,20
60,2,17
51,3,17
35,0,18
31,0,19
63,6,17
46,1,17
53,3,19
60,1,19
25,2,17
52,2,17
55,1,17
20,1,17
52,3,18
56,1,17
34,0,20
35,2,17
33,1,17
27,1,17
37,0,17
59,5,18
26,1,18
37,0,18
15,0,17
62,0,20
62,1,20
30,1,18
46,0,17
57,0,20
63,0,20
20,1,18
63,1,20
47,1,18
55,3,20
25,0,17
39,1,19
59,2,20
53,4,18
34,0,19
58,0,21
14,2,19
16,1,19
24,1,18
62,3,18
16,1,18
58,2,17
49,3,17
26,3,17
23,1,18
55,0,17
55,1,19
36,1,19
43,1,19
14,0,17
56,0,20
62,0,21
49,0,18
39,1,18
62,2,17
14,1,17
63,0,23
32,1,21
17,0,18
15,1,17
42,0,17
32,0,20
20,0,19
62,0,19
17,0,17
48,0,22
32,1,17
63,3,17
14,0,19
31,2,18
33,0,19
37,0,20
58,2,18
30,0,20
27,0,18
58,1,18
7,0,17
54,4,18
47,2,18
27,1,18
48,2,17
32,3,17
19,1,17
56,0,19
54,0,18
27,1,20
13,0,17
37,0,19
56,1,20
59,3,18
21,0,17
24,2,18
12,1,17
14,0,20
48,4,17
38,1,18
31,0,17
18,1,17
52,0,22
56,0,21
59,2,18
61,4,17
24,0,17
31,2,17
44,1,19
63,5,17
24,0,19
15,0,20
54,0,19
58,3,17
28,0,19
62,5,17
15,2,17
49,0,19
53,1,17
41,1,17
45,0,19
52,1,17
55,1,18
56,2,18
31,0,20
57,2,19
53,3,17
35,1,17
56,2,19
43,0,18
63,3,18
60,0,21
52,3,17
25,0,18
33,0,18
17,0,19
55,0,18
56,4,18
23,0,17
17,1,17
60,6,17
56,4,19
60,2,18
11,0,21
33,1,18
39,0,19
37,3,19
52,4,17
54,3,18
48,1,17
58,0,18
38,2,18
22,0,17
46,3,17
16,0,17
34,1,17
38,0,21
26,0,17
56,5,18
62,4,17
56,5,17
37,2,17
29,0,19
23,0,18
60,0,19
60,4,17
38,3,18
37,1,17
17,0,20
57,3,17
52,0,19
61,1,18
27,1,21
52,0,17
18,1,18
34,0,18
30,0,18
35,1,20
60,5,17
63,3,20
32,2,17
61,3,18
20,0,20
57,4,17
41,0,18
40,0,20
25,1,17
53,1,19
56,5,19
57,4,18
14,2,18
52,0,18
40,1,17
24,0,18
23,2,18
61,1,19
39,0,22
49,1,18
37,1,19
28,0,18
61,1,20
51,4,17
63,1,21
28,0,21
56,0,17
18,0,17
54,1,19
51,1,17
18,0,18
57,2,17
61,0,21
48,1,18
61,2,17
55,0,19
36,2,18
61,2,18
20,2,17
59,4,18
53,3,18
55,2,19
59,0,19
17,1,19
63,2,23
56,3,18
61,0,23
60,1,18
15,1,19
29,2,18
47,4,17
57,5,18
29,1,18
55,4,20
40,0,17
49,2,17
40,0,18
21,1,17
31,0,18
31,1,19
60,7,17
35,1,19
59,1,17
53,5,17
16,0,20
16,1,17
48,0,17
46,0,18
20,0,17
42,0,21
29,2,17
47,1,17
40,0,22
29,1,17
16,2,18
56,4,17
53,1,18
57,5,17
