53,2,18
49,4,19
51,7,9
60,6,12
59,2,17
63,3,17
48,3,9
57,6,11
50,4,19
52,5,16
62,3,13
49,3,11
47,0,9
57,11,1
52,7,5
52,7,7
47,2,9
60,6,13
63,7,10
58,8,9
51,1,20
52,7,11
48,3,6
60,12,2
52,5,4
63,0,21
56,9,10
61,5,15
50,0,2
60,4,16
47,1,6
59,9,8
49,0,2
59,6,12
55,9,0
49,4,14
44,1,16
59,0,23
55,5,15
44,0,14
56,8,10
55,5,16
57,8,11
62,0,20
55,7,14
51,7,7
59,0,19
54,1,19
54,8,11
50,4,16
57,6,12
56,10,6
54,5,16
43,0,22
48,2,8
58,10,7
48,1,6
60,4,14
56,8,9
54,9,6
53,8,7
54,10,11
57,8,9
48,2,9
56,3,17
56,3,18
55,9,6
63,2,17
47,4,15
44,2,16
56,1,17
60,11,5
58,0,18
62,6,12
59,3,18
55,4,17
56,1,18
63,15,2
54,9,8
53,10,12
48,2,6
60,11,4
63,14,3
54,1,21
46,5,17
49,0,21
55,1,20
57,7,11
57,10,8
61,5,16
58,12,3
49,2,3
53,9,7
56,9,2
63,6,10
58,0,21
56,9,9
54,8,9
55,10,0
63,12,6
53,8,13
47,2,23
51,7,10
58,12,2
62,13,5
63,13,4
49,3,10
61,2,16
48,3,10
56,2,19
61,4,13
57,4,15
62,14,1
62,14,3
54,8,3
63,11,4
59,3,17
47,4,18
61,14,4
63,12,3
51,5,14
60,2,17
45,0,15
62,7,12
60,12,0
63,2,16
56,10,5
52,4,2
54,0,19
44,1,15
60,3,14
51,4,6
61,2,15
61,5,17
51,2,19
50,3,7
57,2,20
62,3,16
50,6,15
56,6,13
60,10,7
51,4,8
51,3,1
45,1,20
46,2,21
55,4,18
59,6,16
55,7,12
59,13,0
54,6,13
61,3,14
49,4,12
44,2,15
58,11,3
49,3,7
63,14,4
59,1,18
51,4,4
63,0,22
48,4,12
50,7,10
52,4,6
47,1,21
62,2,16
63,8,11
55,7,10
60,0,19
57,4,17
58,6,14
63,2,19
62,14,0
54,4,17
59,7,12
57,0,19
58,3,16
60,3,17
56,10,1
49,5,13
47,2,10
46,4,16
57,2,16
54,8,12
51,3,19
60,5,11
60,13,2
53,0,23
62,4,17
63,1,19
61,8,12
55,3,15
57,11,6
44,2,19
54,8,14
57,2,18
52,4,5
52,6,13
61,0,19
62,7,11
47,1,22
57,1,18
56,2,18
57,11,5
57,1,17
63,0,18
60,10,6
57,6,14
55,8,12
55,3,17
50,5,15
54,2,21
49,4,18
56,2,17
53,7,2
60,8,10
59,4,17
59,5,15
57,9,9
60,4,13
58,11,6
50,4,10
58,9,9
56,7,12
52,8,12
60,3,18
50,6,19
48,5,14
46,2,20
46,0,22
60,6,14
59,1,20
61,10,7
59,12,0
51,3,20
59,4,14
62,3,17
58,11,2
53,2,19
54,0,20
51,6,15
50,1,21
46,0,11
59,14,4
62,6,14
55,11,9
61,0,18
62,10,9
49,0,0
58,11,8
62,5,11
50,3,3
45,0,14
50,5,16
55,9,9
63,15,0
62,0,23
60,1,18
54,5,13
56,1,19
58,9,8
50,5,18
63,12,5
56,10,7
47,1,20
50,5,19
48,5,12
60,7,9
49,3,18
60,1,17
51,4,17
62,5,12
57,7,12
53,8,8
59,5,13
50,4,5
61,6,16
49,3,9
61,8,8
46,3,20
60,8,9
49,0,3
49,3,6
59,11,4
60,14,4
62,11,5
47,5,16
55,11,8
57,6,13
46,4,15
52,1,22
55,4,16
55,6,17
52,3,19
52,0,24
52,3,17
52,0,21
45,2,19
59,10,8
62,8,11
48,1,20
55,0,20
51,4,5
63,7,9
46,1,21
60,15,3
63,9,10
50,2,3
53,7,5
63,11,5
56,10,10
56,6,12
50,2,4
56,7,10
54,7,13
58,7,12
50,3,0
62,0,21
58,8,10
63,8,12
55,6,12
43,0,21
61,10,8
59,13,3
54,5,15
48,4,11
54,9,3
53,4,18
46,5,18
51,7,15
63,9,11
53,7,11
57,7,14
61,13,2
49,0,23
54,8,10
54,2,19
56,0,21
56,8,11
47,0,23
57,3,15
47,0,5
63,2,18
53,9,8
45,0,19
60,9,10
62,2,17
58,3,15
62,1,17
50,3,4
63,14,0
61,6,11
62,9,10
59,2,16
50,3,1
56,3,15
45,0,13
52,5,5
61,7,11
58,4,16
59,15,2
56,8,12
45,3,20
59,2,15
52,5,3
50,6,11
52,5,0
63,12,4
56,5,14
61,3,15
45,2,17
54,8,5
62,6,13
55,5,17
57,4,16
56,10,0
60,5,18
62,9,7
63,6,13
51,8,8
49,5,18
53,7,13
55,3,16
56,11,1
60,4,15
51,4,15
49,0,1
58,2,17
63,15,3
53,6,1
59,14,2
52,5,1
61,5,14
58,0,22
51,5,19
58,0,20
63,6,11
63,10,7
53,5,14
60,3,19
60,12,3
51,4,9
63,9,8
49,6,12
54,6,12
50,1,22
55,6,13
46,3,14
58,4,13
61,4,16
46,2,14
50,4,8
45,1,14
62,12,6
46,3,15
57,2,17
58,10,8
58,4,17
51,7,8
60,15,4
52,0,22
49,6,11
51,4,19
63,5,12
60,8,8
50,5,14
46,2,12
51,5,16
57,10,6
48,3,17
61,1,17
50,2,0
61,1,18
50,6,18
47,3,12
53,2,17
59,0,18
46,0,12
54,9,2
50,5,12
48,4,17
53,7,1
49,5,14
53,8,12
44,0,21
55,3,18
61,13,0
51,7,6
45,3,15
52,8,7
63,10,10
53,8,3
60,2,19
48,0,6
59,15,4
53,7,9
53,6,3
60,7,14
47,2,12
63,8,8
53,8,4
47,5,15
63,8,10
56,5,17
48,2,7
53,6,12
45,1,21
53,6,14
53,3,18
50,6,10
43,0,23
51,4,7
63,7,12
54,5,17
50,6,13
51,4,1
56,3,16
48,1,9
51,7,12
45,3,17
50,2,21
52,5,15
63,16,0
49,6,15
57,10,4
48,4,13
63,4,12
50,3,5
50,0,22
53,7,10
49,6,19
62,7,15
63,4,15
46,3,19
50,3,6
62,14,2
48,3,18
46,2,10
54,0,21
55,8,13
59,9,11
53,8,6
62,3,15
63,4,13
49,2,6
45,1,17
50,3,17
49,2,4
52,7,12
53,2,20
52,8,5
57,0,24
53,6,17
48,0,3
48,0,21
60,7,10
60,2,18
50,4,6
53,6,13
50,4,9
62,8,13
63,12,8
52,6,0
62,12,4
50,3,2
50,5,13
59,10,9
47,2,20
57,3,16
53,5,1
51,7,16
61,3,19
54,3,18
57,10,2
54,8,4
52,1,24
60,5,13
55,6,15
52,8,8
49,2,8
62,0,17
54,9,0
59,12,3
56,4,18
59,1,21
60,2,20
52,7,16
62,4,14
50,1,2
53,1,19
58,12,0
56,9,8
55,9,11
59,8,9
60,13,0
61,6,14
55,7,11
56,11,8
63,0,17
63,10,5
58,3,14
63,14,1
48,4,18
47,0,7
63,5,15
63,3,16
63,12,7
60,9,7
57,5,14
58,6,11
59,10,7
55,1,18
59,1,19
61,0,21
62,2,19
50,3,9
53,7,12
54,7,12
55,10,8
47,1,12
62,1,19
58,4,15
63,10,8
61,6,15
55,9,4
47,4,13
51,7,11
57,10,1
47,3,11
48,4,15
55,5,13
59,7,13
57,0,22
51,6,11
49,4,10
57,11,3
59,7,9
62,8,10
53,1,24
63,3,15
63,9,7
49,1,0
57,5,15
57,11,9
52,7,1
47,0,11
56,1,21
48,0,4
58,13,6
54,8,8
51,6,14
61,11,4
54,8,1
56,10,2
57,9,10
50,1,20
60,1,20
45,3,19
51,3,0
59,5,12
55,2,20
47,3,19
61,7,13
61,11,5
49,6,18
51,5,10
54,3,19
61,12,7
56,9,7
48,1,4
53,6,0
62,1,18
56,10,8
48,1,8
62,6,11
55,8,11
50,2,20
44,3,15
55,0,19
63,10,6
53,3,16
48,0,5
61,2,18
57,7,10
44,3,16
56,11,10
62,11,4
52,7,9
52,6,14
54,9,9
45,5,16
49,0,4
42,0,21
57,10,5
56,4,16
54,3,16
51,4,18
45,3,14
59,3,15
52,6,17
58,5,13
60,5,12
45,5,17
58,2,16
53,5,17
52,4,4
54,7,11
53,6,2
53,5,15
63,4,18
61,13,5
59,6,10
61,13,1
62,12,3
51,8,7
62,9,9
58,6,15
59,3,14
54,3,17
62,9,6
48,1,7
48,1,22
63,6,14
52,2,18
61,13,4
52,7,6
60,15,2
63,1,17
53,0,21
62,11,6
55,5,14
58,7,14
45,0,21
48,3,19
49,2,5
62,3,14
61,9,8
48,2,22
61,5,12
58,9,7
52,1,21
61,1,20
53,5,3
60,14,2
62,10,5
55,4,19
52,0,20
49,5,16
61,3,16
44,3,19
52,1,20
50,4,11
48,4,16
57,3,17
48,4,14
58,8,8
58,7,9
48,1,21
51,3,18
57,9,7
60,4,18
47,4,17
58,11,1
51,4,2
63,15,1
52,6,12
61,13,3
54,2,17
60,0,21
48,5,13
60,7,12
46,1,22
51,3,3
61,11,7
57,0,20
52,1,19
51,5,6
59,4,13
49,1,20
52,0,23
63,16,1
61,9,7
63,13,6
45,3,18
63,9,9
63,0,19
52,5,14
61,8,13
49,2,1
60,6,16
57,9,12
52,7,8
62,15,0
59,9,7
58,3,18
45,4,15
51,0,22
53,8,5
63,3,13
57,10,10
62,9,12
51,6,8
59,6,13
62,8,8
46,5,16
58,1,19
53,0,24
58,3,17
49,3,17
62,10,10
54,9,7
61,10,5
50,3,8
54,8,0
49,5,11
59,3,16
63,4,14
49,4,13
52,5,2
49,6,14
58,2,18
46,4,17
55,9,3
57,11,4
57,8,14
59,8,12
58,5,12
60,13,3
57,2,19
62,13,2
51,2,21
50,3,18
61,6,10
52,4,15
45,2,13
52,7,4
47,1,23
62,8,9
63,5,17
56,9,4
62,7,14
44,0,15
49,1,21
46,3,13
57,5,13
51,4,3
57,11,0
58,7,11
59,8,11
62,7,13
52,8,6
47,4,14
56,5,15
59,8,8
54,9,10
49,5,19
59,2,19
51,3,2
53,5,2
54,8,13
61,4,17
57,10,9
63,10,9
47,0,8
61,4,15
55,9,5
56,0,20
56,5,16
58,0,19
62,7,9
49,3,5
63,3,18
60,5,15
60,5,17
61,14,1
55,1,21
60,6,10
63,5,11
46,4,18
61,3,17
57,9,8
53,7,3
55,9,2
62,13,3
53,0,20
57,11,8
47,1,11
60,0,20
52,4,17
47,0,22
48,2,20
44,0,16
60,10,9
54,8,2
63,1,20
55,10,10
56,5,13
55,4,15
62,5,13
52,4,3
59,5,14
60,14,1
53,1,22
49,3,19
56,0,24
56,11,0
48,0,8
55,8,10
59,15,3
45,2,15
63,4,17
48,2,19
57,4,14
53,8,0
52,7,10
61,6,12
48,5,15
59,0,20
55,4,14
58,1,20
53,3,17
53,8,11
59,9,9
60,0,18
61,0,20
58,2,20
61,1,21
59,8,10
62,4,15
60,13,4
62,1,16
54,10,0
54,9,4
60,13,1
58,4,14
52,6,16
56,10,3
53,9,12
46,0,21
54,9,5
53,8,2
49,1,1
62,0,18
56,10,4
62,14,4
47,2,11
50,4,18
54,8,6
63,13,3
59,2,18
60,8,11
54,1,20
63,2,15
60,3,15
49,1,4
62,13,4
49,4,11
61,9,10
50,4,17
55,2,19
56,1,20
59,5,16
55,6,14
45,0,20
52,2,20
49,4,6
61,12,3
63,5,13
53,9,10
51,2,20
61,14,2
63,0,20
50,4,20
53,1,20
61,13,6
54,7,14
60,9,9
47,2,19
47,3,13
57,5,16
57,8,12
58,5,15
54,6,14
49,5,15
58,11,7
48,1,23
61,8,9
53,4,16
45,4,17
51,4,0
63,3,19
58,12,6
58,3,19
63,7,11
54,4,19
61,7,10
58,1,21
63,13,2
61,12,5
56,2,16
60,6,15
56,4,15
52,8,11
57,0,21
59,7,10
61,0,17
63,0,23
50,0,21
57,1,19
50,3,20
51,3,4
59,4,15
58,9,10
53,8,1
53,7,4
60,2,15
63,11,7
61,8,10
47,2,8
48,4,19
55,10,5
52,9,6
63,14,2
56,3,19
59,6,11
48,1,5
45,2,14
49,1,3
49,2,0
48,3,11
48,0,7
60,14,3
62,10,6
55,1,19
63,1,21
51,0,21
47,0,6
63,11,8
51,6,16
47,3,18
58,11,0
55,10,7
51,2,18
45,1,18
50,3,19
62,7,10
60,1,19
57,3,18
51,6,13
54,4,15
60,12,4
55,2,17
50,6,12
54,5,18
45,2,18
46,3,12
45,4,16
56,7,11
51,1,22
55,9,10
45,4,18
47,3,14
44,1,20
63,6,12
56,9,3
59,12,2
46,1,12
54,9,12
59,12,4
56,0,22
59,12,1
57,10,7
60,6,11
50,2,19
54,4,18
60,9,8
62,9,11
63,3,14
51,4,20
62,4,16
43,0,24
51,5,18
60,12,5
62,0,22
53,7,0
59,1,17
60,0,22
49,4,17
50,5,10
57,11,2
56,4,14
55,3,19
53,8,10
57,8,10
46,0,13
62,12,5
58,6,12
62,9,8
58,1,17
55,7,13
55,9,8
58,11,5
51,4,16
59,7,11
53,0,22
55,8,9
55,10,9
58,2,19
45,3,16
59,13,2
49,2,19
57,0,18
58,1,18
55,10,6
54,10,10
45,1,15
44,0,20
47,2,22
60,7,11
53,5,18
61,14,0
62,11,9
52,2,19
62,6,15
55,9,7
61,12,4
60,5,14
51,1,21
49,2,20
49,2,7
53,4,15
52,4,16
57,6,15
60,12,1
47,4,16
56,6,14
59,10,6
58,7,10
50,4,7
49,1,5
49,4,16
56,4,17
61,2,20
56,1,22
53,1,21
62,10,7
59,14,3
47,4,12
56,0,19
58,10,6
63,8,9
45,0,22
63,2,14
57,0,23
61,4,14
59,9,10
46,2,19
51,3,17
52,4,1
63,4,16
48,2,23
60,4,17
59,0,21
59,11,6
48,0,22
55,2,18
52,4,0
59,13,1
49,0,22
63,2,20
53,4,17
61,2,19
61,6,13
60,1,16
59,11,5
46,2,13
51,6,9
60,2,16
62,2,15
62,11,7
55,10,3
47,1,9
49,5,12
53,9,11
51,5,15
45,2,20
47,3,10
61,1,19
55,10,2
54,1,18
50,2,1
61,5,13
50,2,2
49,3,8
52,7,0
63,11,6
61,9,9
52,6,4
51,5,20
60,3,16
61,7,12
60,11,6
57,5,12
54,4,16
54,2,18
55,10,1
49,2,9
61,11,6
52,3,20
49,1,2
54,9,11
63,5,14
44,0,22
51,7,5
51,6,10
56,2,20
58,5,14
59,4,16
61,7,9
62,4,13
51,6,12
61,5,11
52,5,17
61,3,20
62,5,14
61,2,17
53,8,9
60,5,16
48,3,12
51,5,9
54,9,1
58,12,1
57,10,3
54,5,14
46,3,18
62,6,10
56,6,11
62,3,19
52,1,23
54,2,20
61,10,6
61,14,3
55,9,1
48,0,23
61,10,9
51,3,5
53,9,6
63,1,16
57,1,20
62,5,15
59,13,4
62,1,20
52,3,18
62,2,20
62,4,12
58,11,4
