10,13,2
58,17,36
27,8,39
39,18,58
4,17,13
16,18,22
4,21,8
50,20,37
12,15,12
33,7,45
7,22,5
9,16,3
36,5,44
26,18,41
33,10,53
46,5,31
24,18,39
46,5,32
14,22,25
20,6,21
38,7,45
47,20,38
43,23,56
29,21,59
22,9,29
20,4,9
23,23,40
13,23,17
29,19,57
57,22,37
18,8,12
19,20,36
16,22,30
4,17,12
13,21,13
22,2,11
16,21,33
20,5,19
26,13,36
50,9,33
19,9,24
27,14,38
16,20,24
46,12,37
21,5,17
12,4,0
43,13,44
60,9,29
62,12,27
23,7,29
25,4,28
28,4,38
24,13,35
18,12,17
44,8,38
41,22,58
44,5,34
45,6,36
28,7,42
27,14,46
9,22,2
49,12,34
6,17,6
33,23,62
36,15,58
56,13,34
20,22,37
46,2,31
18,22,36
11,9,8
41,22,48
35,13,55
41,23,47
20,1,8
21,18,37
56,19,36
30,6,43
52,5,29
59,3,23
58,6,24
15,4,5
14,6,7
25,19,41
58,14,35
41,14,48
60,23,37
28,7,39
35,13,54
7,17,6
13,20,18
11,14,2
43,22,60
32,3,41
63,1,19
35,16,60
23,23,42
37,14,54
26,22,45
40,13,51
17,20,34
18,20,35
38,19,59
12,22,16
51,12,34
7,15,5
29,11,45
24,21,39
6,17,13
18,11,25
9,22,3
60,9,28
16,21,22
63,13,32
13,18,11
26,10,39
38,10,49
28,6,39
18,18,32
37,16,56
29,12,51
16,0,3
62,12,25
61,5,23
18,11,14
53,23,37
20,21,37
18,22,37
41,23,63
23,22,38
63,10,23
1,23,15
15,20,25
32,17,60
15,17,16
30,9,44
8,17,4
28,14,51
62,17,27
37,10,48
27,22,48
17,23,38
23,21,39
22,4,21
21,6,16
8,20,5
30,11,44
30,4,42
45,16,38
16,18,16
7,15,6
17,2,5
41,14,49
38,6,45
30,4,39
38,6,42
59,9,31
61,14,36
40,7,45
7,13,5
51,5,29
16,1,1
20,19,36
15,13,11
25,20,43
18,10,12
5,14,12
43,16,43
54,23,37
55,19,35
23,23,39
16,0,2
19,22,37
62,13,34
56,4,28
20,13,33
18,10,24
21,1,11
29,13,58
28,11,43
36,9,49
55,8,30
14,20,17
1,21,13
41,23,55
23,23,41
62,14,35
58,19,36
13,21,19
16,14,19
37,12,50
63,17,26
18,4,6
24,1,26
1,23,11
39,19,55
61,11,32
60,12,25
18,0,6
1,21,14
45,14,37
19,12,18
60,13,34
52,20,36
20,10,18
56,2,27
11,10,10
56,7,29
14,2,1
53,3,29
42,23,60
60,14,36
60,0,21
49,19,37
8,21,0
29,8,44
2,20,13
63,19,37
13,22,14
28,13,45
59,9,24
5,18,13
21,9,26
33,12,55
16,13,11
45,23,41
59,11,24
12,8,3
21,11,26
21,10,27
13,5,2
30,19,59
62,22,37
16,23,34
16,1,4
27,10,41
28,21,58
41,22,47
20,8,21
40,11,48
34,22,62
59,23,38
16,6,8
30,12,47
8,12,5
23,23,45
38,10,48
32,5,45
59,12,33
13,5,6
14,4,2
52,4,29
16,0,5
32,7,44
5,23,15
21,2,11
18,12,29
16,22,20
28,6,40
52,23,37
60,4,23
5,20,8
22,14,36
36,4,44
24,21,40
62,19,27
31,11,48
57,21,37
16,12,12
21,3,10
31,7,45
44,4,34
17,11,11
15,18,12
59,5,24
7,22,2
60,11,25
19,12,19
4,19,9
44,18,42
51,2,29
43,22,44
17,17,26
32,9,52
27,10,39
14,14,11
26,13,42
15,15,16
5,16,13
61,6,22
24,6,32
16,14,20
5,19,7
7,15,13
40,22,48
62,18,27
61,23,37
20,18,36
15,18,16
34,8,50
21,1,10
28,17,52
31,13,58
57,20,36
18,11,23
30,13,52
25,23,50
7,22,3
31,13,57
63,23,39
42,22,62
22,3,13
22,12,33
61,10,29
27,4,34
59,15,36
48,17,37
19,1,7
18,19,35
28,23,61
23,11,31
14,12,9
21,23,39
62,11,33
19,6,15
23,9,31
18,20,36
40,9,45
42,23,45
54,2,28
18,21,27
45,12,39
45,4,33
54,16,35
22,0,16
56,3,26
30,23,63
31,12,56
42,3,35
21,9,25
14,4,6
42,23,55
7,23,15
4,20,9
27,13,42
14,11,8
57,20,37
31,3,41
0,21,13
32,13,58
44,12,41
29,23,60
16,14,22
43,0,35
42,12,46
62,22,38
61,11,24
51,8,31
58,21,36
14,3,1
14,13,10
17,17,25
63,12,25
26,3,33
3,18,11
26,16,40
11,22,14
28,17,49
6,21,6
39,19,52
23,3,25
17,13,21
15,19,19
20,10,29
57,5,26
22,5,26
22,4,17
25,22,44
61,13,24
19,11,31
51,3,29
21,3,11
36,22,62
4,16,12
43,10,41
34,23,62
44,0,33
21,4,19
6,18,6
15,5,7
19,6,16
42,22,63
42,21,59
63,23,31
19,0,5
58,18,36
20,20,36
11,23,21
12,17,11
13,22,24
19,19,36
21,14,36
23,8,29
14,22,22
1,23,10
56,7,30
37,6,45
19,7,12
8,18,4
63,22,32
13,6,7
38,8,46
45,14,38
34,20,62
26,10,35
7,16,6
8,16,4
35,6,46
29,12,53
8,21,14
16,16,15
46,4,33
33,6,47
3,17,12
40,17,49
18,19,34
26,17,43
25,5,30
24,23,44
19,14,35
53,18,36
39,14,52
48,12,35
61,11,28
28,18,55
1,21,12
32,12,55
23,11,32
37,4,42
9,23,16
45,19,40
41,12,46
44,22,41
6,18,13
17,12,13
61,23,38
29,5,43
17,15,34
47,2,31
25,15,39
17,8,9
32,22,62
54,14,34
17,8,11
42,4,37
57,15,35
31,10,48
28,13,51
36,5,45
28,21,53
7,23,0
6,13,9
18,10,14
40,22,50
6,13,6
59,8,24
41,20,55
30,20,61
17,16,27
14,23,32
9,19,3
14,5,5
19,11,19
28,12,44
26,4,34
16,18,19
5,17,13
17,19,22
13,10,8
19,10,24
34,11,52
46,7,34
27,20,51
17,15,27
37,11,49
56,20,36
19,12,33
37,4,41
15,17,12
44,10,40
13,9,9
40,22,54
28,2,37
9,21,1
47,5,31
39,16,54
40,10,47
63,22,33
24,15,38
54,13,34
20,6,12
17,14,30
25,2,30
32,6,44
13,5,5
27,11,40
38,17,59
16,13,23
21,5,24
42,22,58
17,19,30
6,12,8
37,9,49
17,18,21
10,22,14
22,7,27
45,15,37
18,3,8
28,13,52
28,18,46
30,12,57
27,9,40
16,19,24
15,19,16
29,13,55
7,23,1
23,15,36
26,21,51
53,8,32
36,10,50
10,13,12
17,22,34
60,5,22
18,19,33
25,20,44
3,21,14
61,1,20
19,9,19
8,21,2
2,19,11
17,11,12
28,5,37
44,15,43
20,7,13
61,9,28
43,6,40
37,19,61
21,5,10
18,11,26
63,13,28
14,22,15
52,8,32
26,23,47
42,11,42
58,7,27
26,5,37
15,20,24
16,14,17
61,22,37
27,9,38
58,11,32
39,9,47
31,19,60
27,13,45
37,7,47
22,3,23
19,12,26
5,14,11
11,18,1
34,5,45
40,12,48
41,17,48
37,13,53
37,17,58
43,15,44
25,11,35
19,9,22
47,9,33
17,18,28
31,20,60
33,8,47
19,13,34
23,3,23
26,8,35
27,23,56
37,5,42
27,4,37
38,16,56
20,0,7
27,12,41
37,6,46
42,12,45
21,2,10
46,14,37
16,13,25
47,12,35
45,14,39
47,17,37
43,14,43
10,13,3
45,22,40
37,17,59
21,5,22
38,5,43
19,9,14
19,4,9
39,20,61
40,19,58
17,14,28
46,6,34
46,22,38
53,3,28
62,12,29
4,15,10
36,15,59
19,9,15
36,12,53
18,18,29
22,6,25
37,10,49
26,23,51
35,4,44
13,9,8
10,17,3
9,21,14
60,10,32
41,20,61
17,22,27
16,1,5
18,19,30
25,8,33
25,6,33
28,13,46
27,20,50
18,13,33
29,3,39
28,5,41
19,7,14
37,11,50
7,19,14
26,20,44
14,23,28
52,9,33
39,8,46
8,11,5
8,11,6
21,5,23
56,14,35
20,5,18
34,10,51
33,5,46
2,22,10
59,7,24
32,12,53
58,14,36
17,14,18
32,9,49
32,7,46
22,18,37
32,9,46
35,1,42
14,23,26
21,7,26
25,7,34
14,10,8
62,15,37
42,9,42
14,2,2
20,7,23
6,13,7
11,23,16
17,1,5
15,4,2
22,4,13
43,2,34
27,5,39
15,7,7
27,11,38
37,22,62
6,20,14
25,10,33
30,11,50
14,20,14
10,14,0
31,5,44
40,15,53
13,20,17
18,12,16
63,21,39
3,17,11
24,11,33
12,6,2
28,5,39
54,15,35
51,4,30
27,14,42
39,9,48
26,5,36
15,17,17
35,3,42
56,23,37
25,9,35
27,19,46
16,23,29
42,18,46
2,23,6
53,7,30
15,15,11
18,13,19
46,10,35
60,9,27
44,7,36
52,1,29
25,20,42
62,23,32
14,5,7
27,20,46
63,11,23
62,6,23
2,23,7
2,19,12
28,8,43
8,14,13
18,21,29
31,12,46
60,5,23
62,4,21
13,23,21
17,20,35
34,20,61
19,8,17
20,7,19
54,6,29
48,9,34
40,23,51
51,7,31
27,5,36
22,4,19
63,8,22
61,10,28
43,23,63
39,19,60
39,19,53
14,21,24
58,0,23
15,18,18
26,3,30
27,19,45
34,13,54
26,21,50
17,19,21
35,7,49
60,11,24
47,6,32
35,4,45
63,13,26
22,22,38
25,3,28
38,18,58
12,6,6
8,23,3
30,11,49
41,13,50
37,15,54
44,5,35
37,15,55
6,19,7
38,9,47
36,21,63
42,2,36
15,19,20
23,18,38
61,10,24
26,20,45
21,3,12
23,20,38
42,21,58
36,22,63
15,23,27
27,16,43
15,10,8
56,13,35
33,4,43
62,9,23
44,15,41
53,7,31
19,8,13
24,22,43
8,18,13
14,22,24
12,7,3
34,14,57
14,23,34
17,21,32
23,18,37
16,3,5
37,12,51
15,20,20
33,8,48
16,8,9
13,23,20
24,5,28
11,15,13
28,13,49
28,18,51
21,9,29
31,21,62
60,17,36
12,10,2
62,15,36
62,2,21
21,20,37
40,18,50
44,16,42
41,16,49
8,12,9
21,20,38
45,17,38
18,17,32
26,18,44
9,15,3
15,1,4
43,15,45
27,23,53
16,11,9
59,21,37
42,2,35
25,19,40
18,9,14
14,20,18
62,23,31
19,10,18
28,23,57
27,14,53
27,8,37
28,10,43
18,10,11
44,22,40
29,20,60
41,8,42
32,12,56
17,16,29
14,21,16
17,12,26
21,21,37
47,13,36
23,6,27
6,19,13
4,23,16
59,9,30
58,8,26
4,21,7
15,20,23
50,12,35
30,4,40
24,1,28
10,8,7
56,18,36
27,14,51
43,23,58
16,9,9
12,7,2
41,11,46
59,23,37
20,10,21
49,22,37
35,23,63
17,18,25
9,12,4
11,7,6
10,16,2
43,23,45
26,8,37
40,19,56
8,19,13
8,20,14
26,22,46
12,6,0
14,3,2
18,18,33
20,8,23
55,16,35
61,4,22
62,13,27
41,21,62
6,23,2
25,7,33
20,6,13
22,4,18
26,23,53
40,18,58
34,11,53
15,18,11
34,21,61
17,14,29
30,12,46
17,20,33
21,8,27
60,14,35
43,6,39
37,6,43
27,23,59
36,16,59
16,19,26
20,11,20
58,13,35
20,9,20
43,17,44
60,13,35
37,6,47
14,22,20
22,16,36
26,4,31
9,20,4
21,6,17
34,20,60
59,11,25
46,6,33
54,1,28
36,5,48
33,19,60
48,20,38
27,5,35
17,13,14
47,23,39
45,2,32
14,20,19
39,19,59
5,23,5
31,8,44
15,22,20
9,18,3
30,12,49
10,12,3
32,11,54
34,13,58
43,15,43
5,22,4
42,6,38
41,7,41
19,10,19
23,21,38
23,16,36
27,16,44
17,22,31
22,13,34
40,4,38
1,20,13
44,2,33
7,21,5
50,0,29
33,20,62
41,22,54
63,13,29
25,21,43
28,17,51
45,12,41
24,23,47
42,23,59
11,18,0
40,21,48
39,6,42
26,12,37
10,11,5
26,23,56
32,8,48
17,3,6
49,23,38
28,14,57
57,7,29
20,23,39
16,3,6
34,14,56
34,7,49
12,17,12
45,0,33
38,7,46
26,15,42
30,12,45
24,20,40
22,4,14
63,18,30
2,21,14
10,9,5
39,4,40
24,14,36
41,22,53
24,22,42
20,9,22
18,12,22
13,2,0
10,9,8
28,19,46
22,3,15
1,22,15
39,18,59
37,16,55
16,19,25
21,4,12
55,15,35
63,13,34
30,12,48
21,8,29
29,22,61
28,20,58
37,6,44
49,12,35
48,3,30
2,22,11
17,13,20
17,12,30
7,20,14
42,20,59
16,13,14
39,12,50
27,17,43
3,22,8
25,19,42
24,5,31
16,21,34
46,15,37
18,10,15
38,3,41
38,16,57
47,0,30
13,23,22
62,13,26
58,6,25
28,13,47
35,8,49
18,13,27
21,23,40
7,23,16
31,10,49
26,8,36
43,22,43
25,0,29
12,10,9
28,8,42
22,0,20
11,12,11
59,19,36
24,3,28
15,6,8
63,17,30
31,12,52
55,14,34
6,16,12
45,13,41
16,14,25
27,11,39
43,7,41
18,13,26
45,14,40
13,23,14
22,0,12
13,2,1
5,23,0
31,11,51
14,11,9
58,23,38
28,23,58
44,10,41
49,14,35
33,13,59
31,9,51
42,15,47
40,9,44
47,2,30
41,12,45
63,12,30
45,21,40
19,1,8
2,23,15
12,22,14
56,17,35
42,5,39
22,3,14
23,5,29
28,11,42
11,7,5
29,13,45
21,6,25
7,23,3
20,7,18
26,18,42
29,12,46
12,23,23
14,22,26
33,6,46
8,17,5
6,13,10
33,20,61
28,23,60
27,13,43
63,3,19
32,9,47
4,18,11
16,5,7
35,15,58
22,23,42
11,8,5
44,0,34
44,23,62
26,1,32
44,1,33
16,12,10
57,7,30
53,6,30
42,12,43
38,16,55
24,10,31
21,6,23
5,23,4
14,19,16
48,13,35
17,19,31
16,21,26
10,10,9
10,23,19
44,4,33
20,5,11
17,14,19
6,23,4
34,13,57
28,9,42
17,18,27
34,6,47
41,3,37
36,5,47
40,3,39
31,11,52
62,15,25
60,6,24
15,8,7
25,18,40
18,1,7
24,16,37
32,20,61
27,17,44
14,19,14
44,10,39
26,9,37
18,18,30
38,17,58
22,6,27
22,2,20
27,23,58
2,23,9
22,0,22
16,15,22
16,20,26
20,23,38
60,22,36
27,0,35
8,22,15
31,12,53
20,3,8
63,12,33
20,7,12
43,11,41
54,5,29
49,1,30
22,2,12
42,5,36
28,7,40
27,22,46
28,3,38
17,20,29
26,11,37
25,21,40
22,4,15
43,5,37
12,5,5
23,5,25
25,5,34
62,21,38
23,5,30
19,2,8
18,2,7
20,14,35
59,8,28
30,13,55
11,12,0
6,13,8
3,20,11
3,19,10
39,21,62
0,22,13
4,21,9
55,6,28
24,18,38
26,0,34
53,4,28
28,0,37
7,19,6
62,18,28
15,3,2
21,15,36
51,17,36
24,19,39
32,5,42
25,21,42
60,19,36
27,14,43
26,22,49
55,20,36
12,23,25
15,8,8
31,10,51
11,11,0
38,6,46
27,18,48
26,2,31
27,2,35
56,6,28
20,12,32
9,10,9
38,20,62
45,20,39
10,8,6
13,4,1
52,13,34
7,12,7
58,6,28
42,23,62
24,13,33
23,4,27
33,7,48
8,22,2
3,22,9
19,11,26
41,20,60
25,17,39
0,22,12
15,23,35
59,7,25
36,8,49
62,19,28
39,18,51
58,23,37
33,11,53
10,22,3
45,10,36
5,23,16
21,5,12
8,13,12
5,22,15
38,12,50
22,0,13
27,15,45
18,19,32
10,21,14
25,2,28
15,0,0
11,6,0
62,2,20
60,12,27
15,19,17
21,4,13
28,23,59
60,16,36
20,10,31
12,9,4
16,22,34
46,12,38
12,17,13
62,7,23
29,10,44
43,12,42
28,14,54
16,22,33
40,6,42
7,12,11
59,9,25
26,5,31
51,13,35
63,11,24
38,13,51
35,8,50
31,23,63
17,19,32
42,22,45
63,6,22
61,18,36
12,23,19
63,23,30
34,15,60
35,20,61
40,20,54
36,13,54
56,5,25
44,8,39
41,23,56
59,11,33
16,22,25
57,23,38
3,19,13
17,13,27
50,5,31
19,9,23
62,3,21
16,18,20
42,1,36
20,0,8
43,3,34
27,22,45
44,12,40
18,9,17
15,1,1
9,18,13
27,22,53
42,21,61
59,22,37
16,10,9
31,10,47
19,23,39
55,11,32
28,4,37
24,13,34
14,18,11
15,16,14
18,11,17
23,2,23
55,9,32
23,6,29
63,12,31
45,7,36
60,12,24
41,6,40
18,21,36
42,14,45
46,15,36
7,17,5
46,7,33
28,16,51
40,17,50
22,21,38
20,3,10
43,0,33
3,22,10
15,17,18
26,17,39
45,13,40
9,15,4
16,19,19
11,9,0
42,17,46
27,17,48
42,1,35
54,23,36
10,9,7
26,13,37
19,11,17
63,22,39
42,23,48
20,10,25
41,20,57
49,16,36
18,11,11
41,21,55
26,6,36
55,7,29
31,20,61
62,12,34
1,23,9
20,6,18
31,13,59
7,23,4
21,6,24
16,21,20
18,20,34
36,15,55
40,22,49
38,15,55
54,8,32
27,1,35
19,6,10
26,14,37
43,16,44
56,23,36
18,9,11
16,14,14
21,9,30
23,14,36
55,14,35
29,23,62
16,14,13
44,23,43
35,10,51
52,1,28
63,12,32
5,22,5
27,12,43
55,3,28
28,22,58
40,16,52
10,19,1
9,22,15
24,19,38
50,17,36
42,15,44
19,23,38
13,6,3
19,19,35
8,11,8
61,18,37
12,23,18
24,5,29
16,7,8
51,20,37
26,14,41
13,21,17
16,13,13
43,23,61
19,8,15
13,23,26
29,4,39
30,13,56
20,2,9
17,13,30
26,3,32
27,12,40
6,23,1
3,20,12
30,14,59
29,8,43
27,9,41
32,10,52
15,16,11
44,19,41
19,9,17
9,12,5
11,12,1
12,5,0
17,12,23
63,6,20
11,23,19
15,11,10
62,10,30
19,13,33
62,23,30
41,20,59
37,13,50
24,22,44
21,10,28
51,9,32
40,3,38
8,22,0
30,5,42
2,23,8
20,11,26
11,22,15
41,15,49
21,7,17
40,0,40
47,18,37
63,15,26
17,16,31
17,23,33
36,6,45
30,18,59
43,23,62
41,23,53
18,17,31
23,2,25
55,11,33
18,2,6
43,19,44
9,16,13
54,10,33
16,6,7
27,13,50
47,18,36
43,18,42
5,20,13
28,13,57
28,14,58
40,12,50
13,19,13
17,14,34
19,2,7
23,5,28
57,3,25
10,12,4
27,8,38
4,20,10
58,1,24
16,14,15
46,23,39
19,8,22
61,14,25
17,16,32
24,3,26
54,14,35
45,5,34
11,23,18
41,19,57
33,7,47
52,3,29
33,8,46
23,6,28
5,21,13
21,11,31
33,13,58
19,9,18
18,8,16
16,22,29
2,22,15
27,21,46
23,1,25
25,2,31
18,23,37
31,8,45
63,21,27
15,23,28
31,21,61
37,18,60
44,3,34
57,19,36
41,19,56
51,16,35
9,10,6
28,8,41
25,5,32
49,7,32
34,23,63
46,20,38
26,13,39
29,20,58
6,12,7
26,17,42
49,20,37
41,8,44
45,15,38
6,19,14
24,23,41
38,13,49
52,6,30
8,19,5
59,8,26
61,12,34
51,1,29
16,17,18
22,1,10
16,12,25
38,13,53
27,13,49
17,13,18
22,5,27
27,21,49
34,5,48
50,5,29
42,8,41
30,20,59
24,17,37
45,23,61
20,6,15
22,23,39
35,10,50
33,4,42
44,18,41
39,4,39
42,7,40
19,12,31
62,1,20
18,21,35
31,13,53
36,17,59
24,6,30
28,19,58
18,22,27
19,11,20
38,17,56
25,23,48
38,14,54
11,10,9
17,6,9
27,22,51
62,16,26
12,21,14
18,12,31
29,13,47
22,1,13
6,23,5
21,12,33
28,19,52
56,6,29
25,13,34
22,2,17
41,21,46
44,21,41
20,11,31
54,6,30
61,13,26
34,12,54
40,20,51
56,1,27
62,18,26
61,14,35
13,19,12
18,22,35
44,17,42
14,1,1
4,23,14
36,10,51
11,10,5
25,22,43
30,10,45
42,0,36
40,21,53
63,15,37
4,23,6
36,19,60
15,21,23
20,4,10
57,8,30
44,1,34
61,12,28
45,5,36
37,22,63
53,6,29
61,15,37
28,18,53
28,18,45
41,22,56
58,7,28
46,9,35
50,21,37
41,18,49
15,21,24
18,13,32
44,8,37
23,16,37
55,12,34
43,4,36
16,0,0
15,22,23
53,0,28
63,12,29
47,8,34
59,8,30
33,7,46
16,16,13
13,22,18
47,7,34
24,5,27
63,14,25
16,1,3
23,10,30
32,13,56
29,6,42
25,11,36
59,19,37
16,20,22
22,10,30
61,6,23
41,5,40
38,3,40
15,17,14
16,21,31
52,15,35
18,11,21
26,18,43
21,7,25
7,11,6
9,17,3
7,12,10
50,5,30
27,18,49
10,16,3
43,12,43
25,2,29
41,21,61
23,19,38
23,3,26
31,10,46
26,11,35
38,14,52
30,11,48
63,23,33
23,23,44
40,15,52
6,18,7
62,11,32
15,23,36
37,12,49
14,8,7
43,1,35
34,7,48
28,21,57
38,13,52
39,18,52
20,8,20
7,13,12
13,21,18
57,12,33
42,20,45
51,19,36
20,7,20
42,20,60
43,23,47
46,23,38
38,7,47
41,12,48
15,18,14
48,10,34
22,7,29
19,23,37
35,22,63
24,17,39
43,2,35
9,12,10
16,14,12
32,5,43
15,17,13
23,12,32
24,9,31
10,23,18
26,2,33
62,22,31
7,19,5
33,9,50
28,18,48
18,7,10
54,18,36
26,10,36
54,2,27
28,17,45
28,20,50
25,21,44
42,18,48
15,22,25
33,9,52
16,6,9
33,7,49
61,6,24
10,20,14
29,19,58
22,5,24
63,4,20
16,14,18
40,18,55
47,1,30
45,1,31
16,19,22
26,23,48
14,4,4
35,12,53
59,6,25
21,5,14
2,23,14
17,21,35
10,12,2
57,8,31
15,18,19
40,17,57
35,21,63
34,14,55
31,11,50
18,12,21
58,6,29
40,8,45
19,11,18
14,4,5
0,22,14
37,17,57
34,13,56
31,9,50
61,12,29
22,4,22
48,5,32
28,20,53
19,5,11
42,23,57
36,20,62
61,9,30
63,5,20
22,14,35
21,14,35
21,14,34
18,22,28
60,10,28
57,6,25
9,19,13
17,23,37
58,12,34
40,22,63
17,17,28
62,23,39
9,18,2
48,3,31
41,10,44
18,12,30
22,4,16
40,12,49
40,18,57
28,19,51
23,22,39
10,19,14
23,23,43
35,11,52
40,10,46
9,11,10
28,18,47
34,15,58
52,5,30
17,0,2
23,15,37
20,8,22
15,16,13
24,20,43
28,8,40
37,19,60
28,23,54
16,22,22
45,3,32
26,4,32
27,16,45
11,8,8
63,12,34
5,13,7
57,12,32
56,12,34
19,5,10
27,15,47
51,1,28
27,20,52
28,22,56
61,12,24
30,11,47
14,12,10
21,19,37
11,11,3
12,23,20
12,8,7
24,23,42
14,3,4
63,0,19
13,16,11
8,15,13
14,7,7
12,22,20
56,0,26
41,23,50
37,14,53
20,6,16
44,14,42
62,10,23
9,17,4
47,16,37
52,7,30
25,22,49
28,21,47
62,14,36
11,19,13
28,14,56
63,23,28
22,10,31
30,12,54
12,14,12
13,5,3
12,23,22
9,23,15
31,10,52
44,23,42
20,5,15
13,4,4
38,5,42
15,2,5
5,13,9
11,16,13
34,2,42
2,21,12
18,12,33
53,13,35
26,20,50
27,17,49
52,21,37
28,23,62
39,17,52
43,17,43
26,12,41
4,22,8
7,22,15
1,22,10
50,7,31
11,18,13
21,3,19
13,4,0
20,6,20
60,12,34
39,22,63
35,6,48
52,2,28
45,11,38
4,23,5
56,10,32
39,18,57
5,18,9
26,12,38
55,2,27
18,11,24
49,15,36
51,9,33
25,16,39
20,7,16
16,5,8
17,12,17
39,6,43
32,10,49
19,12,30
26,18,40
40,23,49
19,3,8
44,23,59
13,22,17
32,11,53
62,16,37
23,0,22
62,10,24
47,9,34
37,12,52
48,5,31
59,11,26
9,11,5
63,17,37
46,21,39
39,18,54
63,9,23
21,0,10
43,8,40
29,12,47
56,19,35
15,1,0
51,12,35
17,17,31
50,10,33
14,22,21
25,14,37
27,23,48
54,0,27
49,0,29
9,9,6
21,8,28
31,4,42
44,18,40
17,19,33
43,22,62
16,23,33
3,21,8
18,12,15
12,12,10
11,14,1
62,13,28
17,21,31
41,5,37
29,13,50
9,11,4
6,21,5
12,12,11
23,8,31
15,16,12
9,9,5
11,9,9
44,16,41
15,17,11
5,13,8
17,19,23
28,22,53
27,14,49
45,9,37
8,23,15
22,2,18
38,22,62
8,16,13
20,7,21
32,14,60
7,14,12
5,14,10
25,5,33
49,8,32
34,21,62
26,16,41
14,19,12
30,19,58
28,22,57
9,11,6
31,5,43
40,12,47
47,12,36
40,21,52
41,8,43
29,5,41
17,13,22
54,7,31
4,14,10
18,12,18
24,2,26
11,9,5
57,23,37
26,3,34
32,10,50
46,15,38
27,17,47
24,10,33
4,14,12
5,14,8
6,22,4
26,22,50
62,12,33
22,6,28
22,5,23
44,21,40
3,15,11
18,10,22
58,7,25
26,12,35
60,11,33
20,19,37
17,5,8
25,3,31
24,16,38
61,19,37
56,3,27
45,3,33
18,13,20
27,14,52
46,3,32
5,22,14
56,11,32
41,23,54
15,3,6
22,0,17
33,14,58
20,5,21
19,11,28
9,19,2
26,19,45
13,14,12
34,5,44
54,3,28
60,18,37
15,2,3
55,19,36
8,22,1
12,8,8
15,16,16
9,12,11
43,7,39
11,19,14
20,13,35
12,23,15
27,13,44
48,18,37
20,3,9
62,7,22
18,21,30
21,22,37
51,16,36
56,9,32
6,12,10
50,8,32
40,19,50
40,19,54
20,6,17
32,9,48
43,14,45
17,22,33
35,16,59
26,10,37
33,3,42
45,1,32
36,6,46
45,20,40
26,0,31
41,21,54
4,19,10
32,12,54
29,13,46
27,3,36
26,1,30
23,1,23
47,11,35
15,20,19
40,6,41
26,5,33
22,4,24
9,21,3
46,8,34
17,19,34
39,17,54
29,5,39
17,15,28
58,5,23
60,0,22
10,11,9
25,13,36
58,5,25
57,6,27
0,23,10
36,21,62
57,17,36
29,13,49
9,20,1
43,18,43
8,23,2
3,21,9
4,15,12
13,15,11
24,22,39
7,16,5
7,21,14
8,11,10
16,18,17
40,18,56
15,19,18
44,6,37
27,21,52
48,21,37
40,19,60
17,23,30
37,17,60
1,22,11
18,8,13
28,20,56
37,6,48
4,20,8
62,11,29
32,19,60
46,1,31
26,2,30
29,21,61
33,6,45
57,0,25
56,21,36
37,18,59
16,4,6
62,0,19
17,9,11
24,4,29
35,2,42
28,10,44
11,13,0
56,17,36
42,0,35
6,16,6
41,21,56
43,8,41
7,22,4
44,13,41
42,15,48
34,13,55
22,23,43
23,0,24
18,11,22
55,13,35
45,12,38
10,21,3
7,20,6
40,17,56
38,7,44
10,13,1
33,14,59
38,6,44
26,19,41
12,5,2
18,13,31
52,22,37
41,7,42
57,3,27
18,17,35
17,23,35
17,2,6
15,1,3
16,15,13
42,11,43
10,14,13
30,22,61
41,23,51
10,9,6
31,10,50
20,12,33
9,22,4
48,6,32
62,22,30
30,23,62
20,7,17
2,22,8
31,11,47
26,1,33
42,23,63
3,21,10
28,21,54
37,11,51
40,15,50
42,9,43
38,19,60
13,14,11
11,13,11
12,7,4
51,4,29
16,23,31
49,13,35
7,11,9
22,1,12
12,7,1
16,22,32
51,8,32
53,12,34
9,14,4
18,10,17
41,19,59
54,7,30
54,1,27
16,21,23
13,7,7
49,1,29
31,7,44
45,9,36
43,6,38
30,6,44
63,23,32
28,18,49
39,19,51
6,20,6
12,6,7
17,15,26
17,20,31
20,11,30
23,4,25
43,22,61
23,13,34
25,1,29
40,19,57
20,9,21
21,4,11
4,15,11
33,13,54
41,5,38
61,5,22
28,21,56
27,14,47
16,16,18
19,10,23
57,6,26
32,21,61
36,7,49
60,1,21
22,2,22
25,22,45
31,9,45
30,7,44
12,7,7
28,16,50
20,10,20
31,11,45
11,20,14
38,12,51
23,14,35
36,13,52
60,7,24
17,16,25
54,6,28
43,21,61
27,1,34
24,15,36
58,7,29
25,20,41
45,11,36
47,19,38
33,22,62
17,11,24
6,17,7
41,11,44
16,23,35
36,20,61
58,20,36
13,11,9
16,18,25
32,13,57
42,12,44
31,3,40
47,10,34
19,15,36
16,23,30
17,14,15
39,5,40
62,12,28
18,12,26
63,13,35
41,9,44
46,14,36
6,14,11
37,3,41
50,16,35
27,15,50
17,23,29
31,9,47
28,18,50
62,1,21
16,15,18
10,18,3
49,23,37
29,19,59
11,10,0
25,15,40
24,12,34
44,11,42
30,19,60
27,13,40
16,21,25
4,17,11
27,14,40
38,21,61
41,15,50
36,14,53
40,8,44
41,6,42
42,14,46
44,23,63
18,15,35
18,23,36
39,15,52
35,12,51
41,22,55
36,14,55
45,18,40
38,12,49
30,22,62
62,19,37
40,19,53
13,6,6
34,4,44
4,21,10
45,0,32
43,9,41
46,16,37
5,23,3
29,3,38
4,23,15
20,10,28
18,5,8
14,20,16
18,9,16
7,22,1
54,21,36
62,20,27
45,18,39
58,3,24
15,21,20
38,21,62
49,4,31
45,21,39
19,11,21
62,17,26
20,9,24
26,14,38
17,9,10
17,11,25
18,12,12
43,22,59
5,19,8
49,0,30
3,23,15
42,17,44
6,13,11
19,10,20
19,10,25
35,14,56
11,13,1
27,14,41
42,10,42
39,7,44
59,8,27
61,12,26
11,10,2
24,9,32
12,6,5
32,8,46
54,12,34
12,8,4
10,17,2
24,5,30
42,7,41
22,5,16
18,11,16
52,17,36
50,10,34
23,0,17
10,12,10
45,16,39
32,10,53
35,19,60
16,22,21
18,8,11
20,5,13
44,9,39
40,17,51
9,13,11
59,17,36
10,23,16
20,12,27
36,6,48
62,14,25
59,7,30
5,19,9
57,2,24
24,12,33
32,21,62
16,22,31
44,11,39
20,6,22
33,15,60
8,12,4
30,21,61
17,17,27
41,22,57
52,0,28
10,8,5
40,7,43
47,9,35
25,8,35
32,9,51
25,19,43
27,23,60
17,12,18
13,7,8
21,10,30
18,0,7
3,23,6
0,23,12
60,8,29
35,22,62
8,10,8
44,15,40
28,1,38
42,13,46
57,1,24
39,3,39
26,12,36
22,3,12
40,20,52
44,4,35
60,4,22
9,20,14
33,19,61
53,18,35
41,7,43
54,12,33
57,9,31
16,1,2
4,18,10
30,13,58
63,20,37
28,7,43
26,13,38
16,21,32
49,6,32
54,8,30
44,3,35
63,22,28
19,12,27
56,5,28
14,15,10
22,19,37
7,12,6
9,11,9
61,7,24
18,9,13
59,14,35
41,21,57
8,21,1
20,8,17
26,22,47
10,14,1
39,10,47
13,13,11
47,7,33
22,0,19
62,20,37
1,22,12
14,22,16
54,5,28
53,11,33
51,10,33
27,3,34
7,11,8
9,11,8
25,17,38
28,21,52
20,11,27
28,18,52
26,23,55
29,12,44
58,15,36
63,10,24
29,14,58
62,13,25
46,17,37
29,12,50
27,4,35
63,1,20
20,11,32
14,3,5
20,8,18
42,22,43
13,21,16
63,14,35
41,11,43
6,15,6
16,14,16
18,5,10
29,13,51
20,10,26
46,13,37
31,22,63
17,12,31
16,2,4
20,5,14
41,9,43
48,9,32
24,0,25
24,21,42
14,19,13
61,3,22
40,19,59
29,13,52
26,5,32
27,12,39
39,21,61
17,0,5
17,13,28
63,13,33
17,18,33
46,7,35
58,21,37
60,20,37
25,3,29
17,0,3
37,20,61
63,18,26
32,6,45
50,3,29
17,14,31
16,12,22
51,7,30
27,20,48
53,4,29
36,23,63
27,12,42
39,15,54
22,3,18
45,10,37
11,10,4
11,8,1
59,11,32
41,3,38
6,23,16
19,6,11
31,12,57
58,15,35
2,21,10
39,17,56
12,13,11
62,15,27
17,13,32
17,0,1
16,2,3
23,4,26
50,22,37
63,14,26
9,9,8
35,20,60
41,21,53
49,3,31
28,22,52
11,12,10
28,19,47
56,18,35
22,1,21
35,10,52
40,4,39
25,20,39
60,3,22
39,16,55
43,23,44
15,23,29
28,6,42
11,7,7
42,10,43
17,13,13
41,11,47
54,9,32
28,20,54
51,0,28
26,8,38
57,17,35
43,9,40
19,14,34
16,14,11
24,9,33
28,17,46
52,13,35
25,10,35
15,2,2
24,7,31
27,19,48
27,3,35
54,10,32
32,23,62
13,3,0
60,18,36
15,22,21
44,7,37
26,12,39
37,7,48
16,19,20
58,6,27
5,15,12
42,5,37
17,13,25
15,7,9
35,15,57
18,10,25
50,7,32
51,6,30
21,10,31
16,20,21
53,10,33
52,2,29
3,21,13
21,0,12
28,20,55
13,23,16
29,21,60
30,16,59
32,5,44
61,2,22
7,12,8
28,13,48
17,18,32
25,12,34
22,3,17
25,23,49
21,12,32
45,7,35
24,0,27
52,7,31
46,18,38
32,12,57
20,9,19
32,3,42
7,18,13
48,21,38
14,22,23
50,3,30
18,16,33
25,20,40
58,2,23
41,22,45
26,14,40
41,23,49
29,5,40
22,2,16
16,13,17
25,0,28
19,11,29
27,5,37
25,23,46
17,22,29
42,20,58
35,9,50
8,14,4
20,14,36
6,18,8
53,14,35
14,23,30
29,18,57
62,15,26
29,22,60
17,13,31
8,23,16
51,14,35
53,22,37
18,4,7
20,8,24
2,20,11
27,14,45
36,17,60
48,17,36
39,11,48
57,4,27
46,8,35
35,13,53
48,16,37
7,17,13
26,3,31
31,11,53
23,19,37
39,20,60
20,11,19
13,17,11
39,17,53
58,13,34
17,18,24
25,13,35
28,13,55
16,12,24
62,11,31
61,12,27
44,23,60
23,1,24
45,12,40
12,23,14
61,8,24
9,21,2
21,8,25
33,5,44
20,13,34
31,4,41
58,16,36
61,21,37
18,10,13
21,16,36
48,22,38
27,7,40
18,8,15
46,16,38
54,19,35
17,13,19
46,5,34
43,11,43
55,23,37
46,0,30
42,15,45
43,12,44
15,15,10
4,22,13
7,13,6
10,13,0
6,20,7
23,2,16
12,11,3
54,11,32
57,12,34
30,13,54
28,1,36
14,4,1
5,14,9
60,12,33
57,13,35
28,19,53
4,22,7
16,0,1
63,23,27
37,13,52
37,3,42
27,20,45
32,4,42
46,10,36
19,11,30
23,2,22
63,2,20
56,16,35
16,23,28
13,22,19
39,5,42
44,13,42
24,20,39
15,23,22
12,15,13
27,23,54
18,22,29
30,12,51
45,19,39
43,23,46
1,23,8
28,5,40
35,14,58
18,23,38
47,22,38
16,0,4
20,20,37
17,6,8
22,3,22
58,10,31
18,6,9
63,23,29
17,18,20
48,0,30
4,19,13
45,8,36
30,13,59
47,19,37
8,12,11
10,15,1
60,9,24
41,12,47
24,20,42
41,6,41
19,7,16
16,19,23
33,13,56
16,23,36
42,21,60
58,8,31
42,22,44
9,13,12
28,22,55
50,15,36
52,10,33
38,20,61
25,8,34
46,20,39
33,23,63
20,6,14
25,4,31
13,4,5
29,12,52
19,12,32
33,13,55
38,23,63
40,23,63
40,11,47
3,20,10
17,13,17
43,5,38
18,7,12
6,22,15
62,14,26
17,15,29
19,11,22
16,13,10
40,22,53
27,21,51
18,10,16
23,3,24
28,3,36
10,20,1
47,7,32
44,9,38
41,22,46
27,15,44
25,15,37
20,5,12
39,19,54
43,13,43
58,20,37
4,22,15
9,21,0
57,0,23
49,11,34
39,6,44
26,9,35
14,8,8
31,22,61
40,10,45
15,12,9
17,16,28
19,11,25
24,20,41
12,8,1
27,23,57
23,9,30
21,10,25
45,1,33
20,5,10
4,16,10
21,2,9
21,4,22
34,4,43
18,6,10
26,12,40
27,10,42
55,4,28
40,0,39
22,0,11
26,9,38
29,19,56
13,12,10
46,21,38
8,19,14
10,18,1
61,10,27
61,14,26
13,3,1
26,11,38
28,14,52
26,20,49
10,19,13
18,3,6
11,23,17
7,23,2
43,4,35
18,4,9
26,21,49
35,15,59
28,20,52
60,3,23
43,14,44
16,16,14
18,22,30
47,8,33
10,10,5
63,4,19
10,21,1
23,22,40
42,23,61
26,5,35
63,22,38
49,9,33
14,19,17
13,23,18
44,14,41
38,14,53
51,0,29
53,8,31
50,23,37
34,14,58
40,22,52
59,20,36
21,8,26
28,9,43
24,23,43
11,9,4
33,9,51
59,10,32
63,14,37
17,19,28
10,15,13
36,15,56
22,0,21
58,6,26
57,2,25
55,13,34
60,2,22
40,13,50
31,18,59
39,13,52
36,9,50
13,18,12
21,6,26
25,10,34
5,23,6
53,14,34
23,5,26
62,19,26
50,11,33
21,4,21
58,11,33
23,12,33
48,10,33
18,12,27
51,21,37
15,10,9
28,13,56
59,18,36
62,12,30
21,10,26
26,23,52
11,13,2
17,21,30
60,22,37
44,17,41
24,11,32
53,15,35
32,10,51
18,18,31
36,12,51
31,5,42
39,7,46
13,23,23
24,15,37
33,12,54
41,4,38
10,11,10
22,5,17
33,5,43
20,0,9
42,6,41
40,11,44
27,13,48
21,5,11
11,11,4
22,7,26
9,19,14
55,8,31
33,13,57
57,18,36
9,13,4
53,10,32
46,22,39
63,21,38
51,15,35
50,18,36
57,5,25
22,14,34
27,0,36
48,14,35
41,3,36
14,19,15
34,7,47
26,4,33
8,18,5
26,14,39
34,9,50
61,0,21
41,4,37
24,14,35
17,12,15
37,8,47
44,20,42
17,19,27
50,20,36
12,16,13
15,8,9
28,21,59
19,12,20
59,10,27
40,16,50
47,5,32
45,4,32
62,20,26
46,18,39
35,5,45
3,18,12
40,16,51
17,14,20
41,10,45
45,8,35
46,19,38
28,20,59
62,13,24
42,19,44
51,13,34
2,22,13
26,22,52
29,18,56
46,4,32
36,2,42
15,7,8
15,23,32
24,8,31
44,23,61
21,5,16
39,23,63
40,19,51
18,18,34
46,9,36
15,19,15
42,23,49
14,23,25
50,13,35
17,7,10
32,10,46
17,18,29
24,7,32
45,6,35
55,12,33
4,18,13
61,10,30
42,23,58
45,17,40
25,4,30
27,20,47
43,5,35
19,3,7
49,10,33
47,15,36
15,14,12
12,6,3
19,23,36
16,21,21
26,2,32
15,18,13
16,17,15
46,11,36
14,9,8
31,6,43
57,5,27
61,0,20
49,2,30
35,5,46
19,7,13
47,14,36
19,17,35
47,3,31
39,17,55
17,13,15
21,11,28
40,10,44
17,12,22
7,14,13
27,18,44
27,11,42
26,23,45
55,9,31
59,6,24
8,11,7
32,9,50
36,4,43
16,18,24
4,21,13
23,4,24
19,7,17
17,0,0
17,23,34
17,21,34
13,11,10
48,14,36
36,3,42
20,1,9
41,23,48
59,10,24
21,9,28
17,13,29
53,9,32
33,8,50
62,22,27
42,7,42
32,7,45
5,22,7
56,12,33
61,1,21
22,11,32
44,19,40
7,22,0
53,9,33
40,14,52
27,6,38
62,8,23
42,23,53
45,15,40
25,6,34
25,14,36
63,5,21
39,3,40
56,8,31
44,5,36
62,21,27
5,19,13
59,10,25
9,12,3
35,4,43
40,2,37
21,4,20
44,11,41
43,22,42
50,15,35
40,5,40
37,20,62
54,17,35
9,14,13
5,21,7
42,13,48
62,22,29
21,5,18
52,19,36
63,7,22
61,12,25
51,22,37
8,22,3
60,8,24
28,14,53
21,18,36
59,9,27
58,3,23
21,23,38
36,6,47
55,23,36
19,18,35
40,21,60
10,10,8
48,2,31
19,8,16
42,23,46
45,5,35
12,6,1
15,19,14
19,15,35
29,13,57
28,9,44
32,8,49
53,12,33
43,23,55
10,21,2
47,13,35
10,19,2
43,16,45
21,0,11
16,11,11
23,0,25
46,23,40
53,23,36
4,17,10
54,4,28
6,14,10
44,2,34
7,21,6
35,12,52
29,13,56
38,11,49
15,3,3
1,20,12
17,1,6
43,3,35
21,5,15
17,12,12
63,16,37
49,4,30
50,2,29
47,0,31
50,1,29
46,18,37
40,21,49
23,2,24
22,17,37
14,21,14
55,18,35
62,23,29
14,21,19
14,4,3
60,19,37
47,23,38
11,8,4
52,21,36
17,9,9
39,17,57
27,13,47
62,13,35
43,21,60
12,4,2
38,15,54
22,12,32
6,22,5
42,17,47
49,17,36
53,21,36
44,17,40
10,14,2
17,17,23
16,15,25
36,18,60
28,6,41
36,13,53
19,6,12
39,5,41
18,11,13
16,17,20
55,5,28
17,10,11
25,23,52
26,19,42
57,5,24
18,15,34
17,11,10
17,12,20
22,22,39
36,7,48
54,19,36
4,22,14
29,4,40
26,14,42
62,20,29
15,22,26
21,5,20
21,13,34
17,12,21
59,16,36
6,16,13
21,7,28
12,9,2
43,6,37
63,12,24
25,0,30
17,4,6
23,5,24
42,23,44
21,9,27
61,17,36
29,23,63
13,4,2
33,12,53
17,14,26
4,20,13
21,11,27
26,19,43
48,4,31
62,23,40
47,20,37
20,9,23
9,10,7
49,21,37
58,22,37
26,15,38
12,20,13
62,23,28
45,10,38
46,12,36
53,20,36
22,3,16
9,14,3
37,23,63
48,1,30
42,23,56
4,18,12
7,18,6
41,14,50
11,14,0
55,5,27
48,8,34
27,19,49
38,6,43
27,23,52
27,14,50
34,5,47
28,21,55
30,11,45
56,5,27
30,10,44
36,10,49
25,18,39
59,10,31
44,19,42
55,2,28
16,17,14
24,0,26
30,9,45
42,13,44
10,18,0
15,4,7
55,17,35
17,23,27
40,15,51
27,6,39
46,2,32
0,21,14
32,10,45
22,1,15
26,7,35
62,23,37
22,19,38
19,9,20
16,23,27
28,19,45
12,19,14
36,5,46
28,5,38
62,18,37
39,6,41
2,23,16
22,1,16
32,4,43
8,13,11
27,3,33
18,13,18
29,12,45
11,9,3
42,14,48
30,5,41
27,8,41
51,5,30
22,13,33
60,8,30
30,12,50
15,1,2
9,10,8
22,2,14
29,13,54
18,3,7
12,23,16
20,9,29
21,17,36
26,7,36
47,16,36
17,12,29
22,5,25
25,23,44
50,6,31
42,22,59
23,17,37
18,12,25
30,12,55
56,15,35
62,0,20
60,11,32
59,1,22
47,8,35
49,19,36
16,13,22
39,8,45
7,16,13
14,23,27
27,20,49
63,20,38
42,6,39
48,16,36
40,6,43
26,9,36
57,10,31
46,13,36
5,20,7
62,14,37
57,6,28
26,15,39
62,16,27
54,18,35
62,8,24
13,5,4
20,7,24
14,7,8
21,7,29
20,11,29
43,18,44
47,10,35
63,19,26
22,2,21
15,23,26
27,14,48
18,6,11
2,21,11
10,23,15
16,23,32
24,22,40
6,22,14
42,12,47
0,22,11
8,17,13
38,9,48
59,8,25
8,13,4
61,12,33
62,21,37
15,11,8
28,19,49
44,14,43
41,13,49
62,12,31
25,23,45
36,12,52
8,13,5
20,11,28
34,14,60
50,11,34
18,21,28
40,23,50
11,8,6
39,13,51
26,5,34
28,11,44
36,11,51
31,18,60
21,3,21
29,14,59
61,7,23
27,1,32
22,23,41
63,22,27
3,19,11
24,10,32
28,23,55
17,10,10
21,4,14
19,10,21
27,15,49
63,18,37
16,22,36
15,16,17
33,3,41
20,9,18
11,17,1
29,23,59
26,13,40
48,8,33
44,14,40
44,11,38
43,19,42
28,1,37
39,18,55
24,5,32
61,16,37
27,15,46
46,17,38
27,15,53
29,14,57
22,1,17
52,14,35
21,22,38
10,11,4
28,13,50
26,1,31
21,8,24
23,7,28
63,18,31
24,3,27
53,17,36
37,16,57
55,0,27
9,19,0
20,9,25
26,8,34
30,12,52
60,8,28
41,23,57
11,9,1
9,17,13
11,23,15
37,9,48
24,23,46
43,10,40
44,7,39
5,16,9
40,20,60
54,0,28
27,1,33
25,23,47
10,15,3
14,18,12
41,4,36
30,5,43
61,13,25
56,4,27
56,22,36
21,3,20
59,5,23
61,3,21
3,23,7
27,16,49
56,2,26
32,20,60
11,11,1
61,20,37
57,23,36
24,21,41
46,0,31
62,5,22
30,14,53
33,21,62
63,6,21
50,4,30
16,2,5
11,14,13
3,23,16
59,2,23
60,9,31
13,22,15
21,5,21
41,10,43
52,11,34
18,7,11
23,8,30
31,12,54
41,21,60
10,18,13
42,3,36
18,1,6
28,3,37
25,7,32
27,6,37
17,11,22
44,8,40
11,17,0
49,2,29
21,5,13
28,12,43
12,4,1
15,4,6
63,20,26
8,23,1
17,13,16
30,8,44
23,5,27
12,22,18
17,22,26
60,9,30
28,13,54
14,19,18
53,13,34
6,23,0
19,7,15
63,20,27
45,22,39
52,12,34
47,4,31
16,22,26
57,6,29
14,3,3
58,7,26
31,6,44
36,3,43
57,13,34
35,7,48
25,1,28
42,16,46
62,10,29
27,11,41
27,10,38
1,21,11
62,11,24
8,14,5
26,13,41
37,10,50
26,23,49
25,6,32
21,17,37
49,18,36
3,21,11
31,14,60
42,22,61
28,14,47
60,10,24
19,7,11
18,18,35
29,2,38
41,19,58
62,5,21
12,9,9
11,10,1
37,16,59
61,15,36
24,14,34
7,22,14
44,12,42
28,22,60
19,6,14
29,12,48
35,5,48
18,9,15
37,16,58
21,7,23
21,4,15
15,18,15
52,8,31
24,1,27
19,21,36
40,7,44
24,4,26
29,12,49
49,14,36
18,0,5
26,17,41
17,7,9
24,2,27
13,8,8
62,12,32
25,3,30
61,11,27
18,13,34
5,21,6
18,17,34
16,15,12
16,16,16
26,22,51
41,12,49
22,7,28
34,12,53
12,22,17
63,23,40
3,22,14
22,20,38
49,10,34
11,12,2
17,12,16
15,23,30
16,12,11
43,22,41
17,12,24
27,9,39
35,15,60
27,22,47
37,15,56
38,8,47
6,21,14
5,16,12
48,23,38
41,12,44
26,21,45
44,10,38
54,11,33
27,21,48
27,22,52
39,22,62
9,13,13
16,22,27
63,3,20
15,21,25
24,2,25
17,14,14
12,19,12
13,6,2
21,13,33
39,12,49
28,20,47
13,15,12
12,22,19
17,4,7
57,11,32
34,14,59
12,19,13
34,6,48
27,15,48
29,11,44
43,23,59
32,14,59
22,2,19
2,20,12
18,11,15
12,11,10
58,9,31
34,15,59
54,20,36
22,15,36
62,10,31
19,9,13
39,7,43
35,9,51
60,10,31
20,15,36
38,18,59
63,23,34
19,8,18
35,11,51
62,17,37
14,22,19
63,16,26
30,14,52
58,12,33
15,13,10
36,8,50
22,9,30
16,16,17
27,23,55
22,3,21
59,0,22
48,13,36
47,6,33
9,22,14
11,10,3
17,15,30
27,13,41
7,12,9
24,1,25
61,13,34
19,4,8
6,23,3
40,20,61
17,21,33
10,12,11
11,11,10
28,12,45
41,22,62
61,2,21
29,9,44
27,9,42
6,19,6
41,15,48
31,12,45
44,12,39
26,10,38
25,17,40
22,0,15
21,0,9
20,6,11
57,0,26
15,14,10
26,7,34
16,10,10
40,20,50
45,12,36
42,18,45
44,23,40
32,10,47
12,11,9
26,23,50
19,18,36
29,1,38
24,23,45
53,22,36
36,19,61
4,16,11
12,20,14
27,13,38
11,13,13
38,21,63
30,12,53
0,22,15
40,19,52
5,17,9
13,22,20
25,23,51
22,2,15
28,19,54
17,12,14
22,3,24
25,11,34
17,17,22
43,23,43
13,22,21
16,23,26
16,23,37
17,12,25
33,21,61
27,14,54
41,11,45
50,12,34
15,14,11
24,4,27
16,11,10
48,7,32
12,23,24
10,22,2
39,9,46
34,3,43
18,13,28
24,4,28
59,9,28
29,13,48
30,12,56
14,20,15
15,6,7
51,23,37
53,5,29
50,19,36
27,19,50
25,9,33
35,20,62
17,5,9
39,11,49
58,10,32
48,20,37
15,15,12
8,22,14
34,5,46
55,6,29
41,23,52
40,21,51
53,2,28
36,14,54
21,3,14
17,19,26
36,16,57
27,7,39
22,1,20
34,9,51
13,4,3
14,23,22
4,14,11
59,7,28
15,12,10
45,2,33
52,16,36
24,17,38
43,0,34
56,8,30
12,18,13
19,4,10
13,23,25
20,12,28
50,23,38
61,5,21
15,11,9
24,12,32
12,9,3
20,7,22
32,13,59
17,22,28
7,19,13
34,10,52
59,7,29
14,14,10
27,5,38
21,5,19
14,18,13
15,9,9
44,15,42
40,23,53
38,4,41
29,4,38
35,5,47
14,2,0
53,16,35
27,19,44
17,23,36
44,6,36
22,1,19
38,13,50
57,14,35
1,22,14
40,18,51
59,13,35
31,12,55
13,6,4
32,8,45
59,12,34
40,22,51
48,9,33
57,5,28
13,13,10
5,21,14
11,19,0
42,13,45
5,22,6
17,18,23
40,17,55
37,4,43
18,16,35
12,21,13
40,16,49
26,16,42
31,9,48
25,9,34
42,17,45
14,13,11
27,2,33
40,21,61
42,20,44
28,0,38
41,21,59
44,9,37
15,22,33
55,7,30
38,20,60
22,8,29
7,11,7
22,0,18
15,22,22
17,14,33
58,8,27
40,21,62
52,9,32
39,15,53
22,2,13
63,2,19
27,14,44
25,22,50
17,13,12
36,14,56
11,19,1
25,4,29
18,12,19
60,10,27
40,22,62
61,23,39
28,19,56
22,23,40
40,2,38
61,9,24
9,13,3
10,22,15
24,6,31
19,0,6
44,11,40
51,18,36
12,5,1
48,18,36
17,13,33
34,19,60
21,4,18
17,22,30
61,13,35
39,10,48
51,21,36
40,7,42
22,3,20
62,12,24
58,7,30
19,12,28
40,5,39
31,22,62
40,11,46
33,8,49
12,7,6
35,14,55
11,14,12
39,7,45
3,22,7
35,14,54
39,16,56
9,19,4
20,10,30
9,9,7
26,15,40
20,2,8
6,12,6
11,13,12
62,3,20
22,16,37
12,18,12
10,16,13
20,22,38
29,13,53
43,10,42
26,19,44
40,14,51
25,1,30
9,20,0
11,11,2
40,19,55
15,23,34
26,17,40
27,21,47
43,23,57
19,12,29
63,5,19
49,5,31
59,10,26
21,11,32
17,0,4
8,14,12
2,22,9
28,19,57
30,15,53
12,23,17
62,6,22
57,10,32
28,20,51
15,3,4
30,20,60
26,7,37
58,1,23
63,8,23
36,5,43
14,23,31
26,23,54
18,14,34
28,17,47
16,20,23
12,7,5
13,23,15
52,3,28
42,15,46
42,14,47
40,9,46
47,1,31
11,9,2
7,18,5
23,0,18
34,4,45
19,13,35
24,22,41
44,9,40
24,8,33
42,11,44
16,12,23
37,20,60
42,19,45
42,19,46
11,23,14
62,23,38
33,12,56
40,13,49
32,4,41
48,10,35
27,18,47
26,23,46
18,12,32
61,10,31
27,19,47
20,5,20
14,17,11
45,12,37
37,8,48
29,20,59
27,21,45
37,21,63
16,4,7
17,11,16
53,11,34
39,8,47
48,11,35
27,8,40
17,22,35
0,23,15
13,20,13
18,5,9
20,11,25
3,20,13
4,19,12
22,1,18
4,14,9
59,8,29
37,5,43
55,1,27
49,5,30
43,23,42
19,22,36
15,23,31
27,15,43
17,14,21
50,6,32
31,14,59
46,5,33
61,9,29
9,18,4
42,23,47
51,11,34
12,10,3
5,13,10
15,3,5
8,21,5
37,14,55
33,10,52
8,22,4
48,15,36
7,13,10
13,23,24
41,20,58
37,5,45
21,3,22
56,5,26
42,8,42
17,20,32
38,5,41
36,16,58
8,22,5
23,14,34
28,17,50
16,7,9
42,23,54
25,19,39
16,18,18
39,18,53
14,23,21
59,9,26
40,20,55
20,10,19
21,4,23
16,22,35
20,5,16
60,6,23
19,7,18
18,12,14
19,8,14
1,23,16
28,14,55
18,12,28
62,20,28
11,7,0
31,11,54
35,14,57
17,18,26
53,1,28
26,15,43
35,15,56
48,8,32
20,8,19
42,6,40
19,0,7
14,21,20
63,14,36
60,1,22
50,9,32
59,4,23
34,3,42
52,16,35
14,5,6
12,16,12
60,15,36
28,22,59
2,21,13
29,23,61
29,7,44
27,18,45
23,0,23
53,5,28
57,1,25
20,6,19
14,16,11
25,16,38
30,3,39
16,13,16
13,12,11
8,21,4
11,17,13
23,15,35
57,9,32
36,20,60
10,13,11
23,20,39
28,2,36
41,22,60
26,11,39
57,22,36
19,3,9
24,11,31
41,2,36
49,3,30
12,9,8
31,11,49
42,5,38
57,3,26
42,18,44
18,12,20
13,5,7
25,19,44
30,15,52
53,19,36
18,10,23
16,19,21
35,21,62
23,19,39
29,6,43
59,14,36
48,11,34
17,19,29
27,12,44
10,20,2
39,14,53
23,10,31
24,7,30
54,22,36
41,20,56
17,8,10
56,9,31
60,23,38
59,13,34
41,22,63
28,23,56
30,11,51
63,13,31
60,11,26
28,13,53
23,6,30
24,14,37
53,17,35
17,18,22
39,13,50
30,8,45
17,12,11
0,23,16
49,9,32
15,23,33
3,19,12
41,13,48
15,2,4
43,5,36
12,13,12
56,0,27
40,22,47
26,11,36
27,17,45
45,23,40
10,23,17
22,11,31
20,12,26
50,16,36
38,8,48
11,21,14
30,13,57
28,20,57
31,23,62
8,11,9
31,10,45
10,17,13
22,3,19
48,2,30
17,5,7
21,4,10
42,22,57
59,1,23
40,5,41
13,10,9
42,4,36
62,22,28
4,15,9
27,10,40
25,12,36
61,11,33
19,10,22
14,23,33
43,23,60
12,8,2
62,21,28
27,7,37
43,7,38
13,21,14
38,12,52
7,13,11
27,4,36
12,6,4
18,19,31
10,14,3
44,16,40
42,23,51
14,23,23
56,12,32
45,17,39
35,23,62
40,20,59
8,12,10
46,3,31
55,3,27
36,15,57
22,6,26
9,21,4
63,13,30
25,0,27
13,22,16
30,13,53
61,9,31
31,11,46
8,16,5
40,20,53
31,19,59
51,6,31
28,19,50
42,16,47
16,22,28
62,20,38
52,11,33
28,13,44
28,18,56
24,4,25
24,8,32
15,18,17
26,0,30
28,19,55
17,16,26
19,5,9
57,16,35
15,5,6
6,14,13
38,18,60
44,3,33
3,16,11
26,10,40
10,15,2
21,7,24
10,13,13
40,18,54
30,4,41
5,18,8
32,23,63
18,9,12
7,20,5
17,22,36
25,15,38
34,8,49
22,4,23
29,7,43
28,10,42
17,13,26
20,5,22
6,12,9
10,18,2
10,11,3
33,14,60
17,11,23
50,14,35
12,23,21
6,14,12
30,3,40
4,18,9
46,19,37
32,9,45
44,23,41
54,8,31
47,21,38
26,22,48
27,2,34
45,11,37
29,5,42
11,23,20
0,23,11
21,7,27
33,5,45
18,4,8
17,21,27
44,13,43
62,22,32
4,22,6
14,1,0
35,3,43
51,11,33
48,19,37
51,20,36
42,23,52
49,5,32
17,14,27
42,22,46
37,21,62
55,22,36
11,8,7
38,17,57
7,12,5
17,20,30
9,16,4
16,13,12
57,0,24
16,20,25
9,20,3
28,7,41
49,6,31
22,1,11
10,19,0
55,10,32
60,12,26
43,11,42
43,1,34
8,12,6
52,18,36
62,11,30
38,22,63
40,21,54
41,5,39
60,11,27
36,16,60
24,21,43
42,13,47
6,23,15
11,12,3
26,15,41
45,16,40
58,5,24
2,22,14
6,22,6
43,23,41
50,6,30
15,22,27
25,12,35
58,2,24
63,13,25
8,10,7
45,5,33
32,8,47
14,21,15
37,5,44
27,7,38
18,16,34
23,13,33
23,7,30
18,11,12
58,8,30
18,12,13
28,22,54
32,8,50
61,10,32
4,23,4
56,13,33
25,5,31
21,3,13
29,22,59
45,13,39
10,14,12
36,0,41
23,22,41
27,12,38
12,14,11
13,8,7
55,21,36
43,7,40
9,15,13
14,15,11
17,14,32
28,20,46
44,7,38
26,6,35
