53,20,23
16,0,15
32,18,3
50,21,7
36,10,14
38,14,7
4,16,43
7,11,38
48,14,19
4,14,43
49,18,24
34,7,15
36,6,31
5,2,1
54,16,51
57,20,30
16,22,54
24,13,44
12,15,44
21,6,11
8,4,31
47,8,38
37,12,15
26,12,3
14,2,4
52,16,51
13,16,47
56,12,38
45,10,31
8,2,25
17,6,0
2,1,20
42,20,56
25,5,17
28,16,49
12,3,11
26,21,55
27,11,5
38,15,49
47,15,24
52,22,13
1,5,27
53,14,29
43,10,32
41,16,50
27,5,13
37,12,10
45,5,35
63,19,36
50,13,26
58,21,24
11,3,1
58,18,24
20,8,1
43,15,13
4,3,23
5,20,51
53,10,37
9,1,23
33,2,24
54,18,54
36,16,4
21,16,46
19,15,46
7,7,35
2,21,51
27,5,32
29,1,25
45,7,33
53,16,20
18,10,39
30,10,5
22,9,4
58,20,21
34,3,28
34,4,28
38,11,13
31,5,21
42,18,6
0,10,37
38,7,19
48,21,7
13,20,52
34,6,26
54,17,17
40,14,10
27,11,8
12,3,24
60,15,37
16,2,25
9,19,49
39,9,23
32,10,10
21,1,24
27,11,0
55,14,48
13,19,51
30,3,19
45,19,5
54,12,40
18,5,9
45,9,34
15,4,2
21,11,41
5,22,52
32,4,33
50,13,47
7,0,2
62,13,46
39,17,4
35,14,6
7,1,0
28,16,48
63,22,21
42,6,37
54,19,18
31,12,12
10,2,2
21,6,4
60,22,26
20,4,5
39,20,2
35,12,10
45,7,34
37,11,22
61,15,46
39,18,11
59,21,20
60,13,43
27,11,2
13,1,23
57,14,48
53,19,50
26,6,35
4,3,25
51,12,36
30,9,39
20,8,0
40,9,18
50,17,24
33,9,38
51,13,24
13,11,40
63,18,32
13,4,29
38,8,18
36,16,5
43,12,20
21,23,56
22,4,8
25,11,42
54,12,35
60,16,35
23,0,19
39,19,1
63,13,44
6,21,53
46,13,18
25,6,10
18,4,8
11,13,42
63,15,49
32,10,41
30,12,1
62,22,20
53,14,24
41,13,14
25,9,37
15,2,3
35,11,11
43,5,36
46,19,14
62,23,22
63,20,32
28,19,52
29,14,2
17,3,28
12,23,55
42,12,15
31,12,3
33,20,54
17,21,54
45,13,47
34,14,46
33,8,19
30,3,29
54,21,11
30,15,2
34,6,36
16,7,35
19,6,33
41,10,20
40,23,1
61,20,56
19,6,0
29,1,24
15,5,30
37,4,27
9,15,44
18,6,3
37,9,22
16,23,57
4,8,33
52,18,15
50,14,19
59,11,45
27,4,14
57,20,24
19,8,4
39,22,57
45,6,38
43,20,2
43,7,31
20,9,4
56,21,27
39,15,6
8,7,35
31,16,48
60,22,20
30,4,23
61,15,51
60,17,52
51,17,14
24,7,36
5,3,28
6,3,25
53,11,36
20,7,3
31,5,31
38,18,3
44,20,54
8,13,43
40,16,11
35,14,7
37,12,12
45,6,37
49,20,10
36,11,15
51,19,54
23,2,17
17,6,6
42,9,21
47,12,21
5,13,42
7,18,48
24,6,32
20,5,30
60,17,36
32,18,2
56,21,15
39,3,31
36,13,7
50,18,15
5,2,24
48,23,59
7,3,24
15,21,54
7,10,39
2,4,27
12,7,31
34,13,8
57,16,37
27,16,48
27,0,23
46,18,53
46,8,35
27,3,28
34,11,10
56,18,54
52,17,27
5,3,27
46,8,39
31,15,47
20,17,48
14,22,54
12,7,32
34,6,18
40,5,31
18,5,30
18,22,56
22,4,21
15,19,51
19,3,16
32,6,34
28,2,26
43,22,58
62,18,30
37,13,10
20,6,9
60,15,40
33,11,41
52,12,31
21,9,37
21,2,12
50,10,30
41,7,31
9,0,4
57,17,31
32,7,17
57,16,33
25,11,2
9,1,2
51,18,16
4,6,32
53,16,30
21,3,10
43,9,32
29,0,24
55,15,25
3,12,38
52,15,49
33,4,32
37,11,42
36,11,13
50,15,37
40,10,40
16,2,5
35,5,32
56,16,29
33,11,11
22,1,24
9,11,40
45,7,39
21,2,26
62,20,33
63,23,22
22,3,22
9,10,39
62,21,30
48,9,36
36,8,37
48,6,38
17,7,5
28,6,10
42,13,13
19,3,28
22,3,17
33,6,20
51,13,48
18,11,40
19,4,12
23,3,28
14,4,29
9,1,25
28,12,43
30,5,32
0,13,41
57,17,32
24,12,2
41,8,39
60,21,20
48,7,34
26,2,23
63,14,48
41,6,36
45,10,23
39,7,33
37,16,49
15,8,34
61,22,30
43,22,57
19,1,12
11,0,4
42,6,27
54,15,49
45,15,13
29,2,28
27,9,6
12,12,40
59,14,48
19,12,40
4,18,48
17,3,16
13,4,2
42,13,44
38,7,33
22,1,22
51,10,32
32,14,47
35,7,20
30,8,11
56,10,39
27,3,19
38,3,31
50,22,13
42,15,9
33,4,24
25,5,31
27,2,28
35,22,56
17,5,5
39,11,43
52,10,44
6,20,50
37,14,10
47,10,29
6,3,27
41,20,0
33,7,16
34,13,7
61,21,58
13,20,51
23,3,17
29,11,1
31,4,31
14,5,0
53,10,44
12,2,24
49,13,25
51,11,39
59,12,46
48,16,14
56,21,14
10,1,25
61,20,29
44,13,19
23,12,43
15,0,24
34,2,26
56,15,29
56,14,33
11,8,35
29,12,11
10,0,3
23,5,31
42,7,30
51,14,48
0,1,19
63,17,34
51,8,42
56,18,31
43,10,41
17,12,40
9,2,24
31,18,52
63,18,36
61,12,43
7,17,47
14,3,28
57,21,12
42,5,32
9,0,0
45,9,24
30,4,31
38,22,4
59,19,56
42,8,25
19,0,15
14,19,51
46,7,39
30,21,56
28,23,55
48,7,35
46,23,61
16,0,23
53,13,47
55,16,52
45,13,31
43,6,33
0,12,38
58,11,44
16,4,6
50,11,31
31,13,0
45,16,49
59,19,23
17,17,48
47,8,39
36,10,22
57,15,50
50,17,26
23,6,12
54,13,34
16,19,51
6,1,21
60,12,41
26,17,51
54,15,32
16,3,28
20,20,52
47,10,28
6,16,46
51,22,58
28,3,26
9,3,27
58,23,13
47,6,37
54,13,33
6,20,51
23,5,23
38,4,31
36,12,10
22,2,26
46,13,25
12,8,31
48,14,20
16,16,47
44,21,58
21,7,7
4,12,41
33,14,1
32,9,40
46,14,30
61,13,42
51,9,39
60,14,45
15,23,55
50,17,52
8,2,26
3,4,25
44,14,20
28,20,53
30,4,32
47,8,35
41,12,17
39,9,22
63,13,45
55,14,38
58,13,39
52,12,37
21,0,24
44,14,12
24,6,11
0,8,28
29,20,54
30,14,0
34,7,16
62,21,22
30,4,22
3,10,37
9,3,23
42,6,35
17,6,32
16,4,1
49,21,17
30,7,14
35,6,31
17,22,54
32,13,2
23,20,53
33,12,10
60,18,30
50,16,52
17,0,17
24,17,50
9,20,52
27,10,41
13,17,48
4,1,16
19,0,24
50,7,39
44,18,53
9,7,33
30,8,21
63,13,48
58,14,48
20,5,4
15,16,47
29,0,26
28,8,9
59,18,27
36,16,6
17,14,44
32,4,30
2,9,36
27,0,24
17,12,42
20,0,17
45,9,27
36,7,34
11,2,1
54,10,39
16,0,22
60,21,30
59,11,43
41,14,47
26,6,34
38,19,54
53,13,48
58,21,57
8,0,22
19,23,56
24,16,47
12,0,4
30,2,26
7,11,40
55,12,38
4,0,14
1,0,16
9,8,36
5,17,46
21,7,2
24,4,15
9,13,43
26,0,22
60,13,38
55,13,34
61,21,29
46,12,46
11,9,37
36,3,27
26,2,20
26,1,26
1,12,38
6,22,53
50,14,23
26,6,33
37,13,8
49,15,24
28,8,34
4,2,16
49,20,18
9,14,43
49,18,17
13,12,40
23,1,17
28,5,32
22,3,23
43,8,25
21,5,11
40,12,12
3,14,42
22,7,3
46,10,22
51,11,30
63,17,39
22,2,22
48,23,60
27,2,20
28,8,8
16,4,3
13,5,27
58,16,34
38,6,21
30,19,52
13,2,23
26,3,26
19,12,42
14,15,44
21,18,50
20,9,37
53,15,30
29,3,19
16,4,30
33,2,28
57,16,52
57,10,44
46,18,15
17,4,29
37,5,30
9,9,37
27,23,56
51,11,33
42,9,23
11,13,43
22,4,24
45,5,36
40,11,42
42,7,27
47,9,33
17,11,39
19,9,0
63,19,33
30,5,22
51,10,41
63,17,35
4,7,32
39,7,37
37,10,40
47,7,37
57,18,25
52,10,34
44,13,46
48,13,46
31,7,16
22,8,2
24,6,6
1,8,34
53,19,24
23,0,22
49,22,57
25,8,4
50,17,17
23,2,20
41,12,43
29,9,39
62,20,28
42,9,40
44,13,17
12,18,49
19,0,17
22,8,35
25,3,16
41,6,25
54,10,40
56,20,27
62,15,50
40,10,16
46,19,7
28,7,8
37,14,13
33,10,8
20,9,0
22,0,25
29,15,2
58,12,47
28,4,17
31,17,50
18,5,3
36,13,9
16,4,2
26,3,20
13,13,43
50,14,22
33,4,25
42,11,18
20,11,40
16,3,13
23,1,26
23,9,1
16,20,53
19,4,29
49,19,54
54,14,48
1,15,42
11,21,54
17,1,21
61,19,55
29,18,51
54,13,39
45,17,10
29,15,0
17,11,40
13,3,2
53,12,46
16,17,48
15,1,7
34,8,38
27,12,44
25,1,23
44,9,25
43,11,17
37,7,36
17,23,56
43,7,37
59,11,40
13,3,23
50,16,51
58,16,31
31,14,1
6,1,24
21,4,17
4,7,33
13,15,45
34,14,3
47,18,14
48,19,18
51,9,35
21,7,0
44,14,16
12,10,38
49,19,8
3,5,28
27,12,8
53,18,54
16,5,4
11,12,40
48,16,15
27,3,20
36,7,37
60,19,30
44,23,59
32,23,57
17,5,7
46,20,6
50,22,9
8,5,30
31,12,9
28,14,45
41,6,27
23,6,34
24,11,1
41,7,37
31,2,24
44,20,3
58,20,58
46,10,42
44,23,61
59,20,20
13,2,10
50,15,49
5,11,38
32,6,35
62,17,38
47,16,51
49,16,24
8,1,26
27,11,6
19,6,6
60,12,45
48,8,32
47,15,23
9,12,40
8,2,2
4,10,38
61,18,54
18,0,15
38,23,58
28,2,24
51,12,46
8,2,4
21,9,36
9,2,23
39,5,31
16,5,30
63,19,30
3,20,49
11,2,2
47,15,49
49,8,36
22,0,19
12,4,3
19,17,47
22,10,1
47,11,21
2,5,24
51,19,15
50,23,61
45,9,36
16,3,7
18,2,13
37,11,20
5,7,34
62,23,20
57,18,28
43,10,21
32,4,31
40,8,21
49,18,54
14,0,15
36,5,33
2,19,48
34,23,58
51,12,29
23,2,16
47,11,24
26,16,49
2,0,17
25,2,16
53,13,29
15,1,25
27,1,21
25,6,16
26,11,3
19,14,43
46,17,12
60,18,33
7,2,4
15,1,13
38,16,50
49,22,58
26,11,41
36,16,49
7,6,33
27,2,21
12,6,31
34,14,5
59,12,42
10,21,52
56,17,27
55,10,45
13,4,0
4,6,28
52,10,35
34,13,5
41,8,38
42,7,37
25,8,37
58,11,45
27,23,55
38,9,18
17,2,15
27,14,45
29,10,41
41,8,20
47,17,13
17,2,6
4,14,42
26,19,53
39,19,4
54,19,55
53,19,14
25,6,8
58,13,43
37,8,38
57,13,48
29,6,12
63,20,29
51,12,31
32,2,25
15,23,56
25,12,2
42,14,46
0,13,39
12,17,47
58,15,50
48,11,28
50,15,24
61,15,36
12,1,25
62,17,37
57,20,15
6,8,36
47,8,33
44,15,49
32,10,11
38,6,22
10,0,2
48,18,14
40,14,47
15,10,37
31,21,56
4,1,18
30,11,42
7,23,54
2,11,37
42,17,6
33,17,49
9,6,33
26,9,3
32,13,6
32,3,29
32,3,26
6,0,3
12,2,25
44,16,18
51,12,35
62,15,35
42,20,2
35,4,27
41,10,41
24,23,56
35,4,29
24,1,18
43,10,22
29,7,9
39,8,22
16,5,6
33,4,28
46,15,21
42,7,36
41,21,56
54,15,25
17,15,44
39,8,38
27,4,25
14,1,11
46,17,50
62,21,29
19,1,21
40,23,4
58,19,22
27,7,9
63,21,30
52,23,59
42,13,15
50,17,16
27,6,9
26,9,5
39,22,2
33,4,27
39,13,12
53,21,57
60,19,33
20,23,58
60,21,23
2,9,34
34,21,1
36,7,31
31,13,2
57,15,49
22,12,41
45,21,58
36,17,0
48,20,7
33,22,57
38,5,29
49,8,40
31,5,22
12,3,25
32,2,26
27,4,26
57,14,38
56,21,11
40,19,0
45,18,7
11,18,50
54,22,10
49,17,18
6,7,34
50,17,18
14,23,56
53,9,43
3,19,47
24,6,9
46,14,26
42,7,33
5,14,42
27,12,42
29,10,11
45,8,39
30,10,7
33,7,19
56,15,33
39,18,51
52,12,33
29,2,25
36,15,48
12,1,11
24,16,49
36,2,27
62,17,54
39,18,5
62,18,39
8,11,39
17,3,6
63,14,42
30,17,50
53,18,14
41,21,57
8,0,20
48,19,14
33,7,14
41,20,2
0,13,40
21,1,25
13,9,37
42,23,59
24,22,56
51,23,10
17,3,8
53,15,49
25,9,39
35,17,51
45,6,32
41,10,17
20,5,15
24,16,48
44,8,34
33,10,17
7,16,45
60,15,46
38,5,26
42,15,47
38,12,43
45,19,55
45,10,22
50,14,49
24,4,22
44,18,52
12,2,26
42,6,33
46,12,29
38,9,37
6,17,46
57,20,57
11,11,39
7,1,7
17,9,36
39,11,42
26,5,32
46,15,16
60,14,49
60,20,31
26,11,5
10,9,36
35,4,24
53,16,19
32,4,20
50,9,35
50,7,40
2,2,21
47,9,26
37,16,3
26,8,9
23,6,32
41,18,53
29,19,52
47,12,20
3,1,20
30,4,19
12,8,33
45,14,15
24,15,46
52,15,24
13,10,37
56,23,12
37,8,21
32,15,46
0,9,34
11,12,42
28,20,55
10,2,4
38,23,57
27,5,15
20,4,6
8,0,21
56,21,57
51,14,21
17,0,24
14,0,9
59,19,28
51,17,30
30,19,53
60,16,32
51,17,17
35,9,14
15,0,15
11,0,20
32,4,21
40,18,12
62,18,36
60,14,37
42,5,31
47,16,50
11,8,36
59,20,58
15,5,32
30,15,47
0,7,30
37,10,20
9,0,20
4,5,27
42,16,10
26,4,24
10,21,53
52,11,45
21,2,17
10,1,24
40,15,9
4,16,45
1,7,26
42,22,57
35,15,47
63,15,44
5,0,18
24,6,15
10,12,40
44,19,53
61,17,53
57,18,55
34,5,20
12,17,48
31,14,45
8,23,56
54,17,20
48,19,19
4,19,49
31,7,11
55,11,47
46,17,16
37,8,16
56,19,56
2,22,51
56,16,25
56,13,40
48,14,21
46,9,28
44,7,29
35,11,9
37,10,14
33,4,29
21,0,25
59,18,54
33,19,1
37,6,32
54,20,13
39,16,6
54,11,39
33,6,17
13,4,30
50,10,33
36,19,52
54,17,53
35,7,17
39,14,8
27,5,16
38,4,30
58,17,52
32,7,15
47,14,24
4,0,18
36,7,36
12,3,0
58,13,36
59,19,27
17,3,12
49,10,30
42,17,51
22,1,14
32,15,1
42,18,4
15,4,9
18,7,33
63,21,26
35,2,27
37,3,27
55,10,44
47,8,40
28,7,10
52,14,28
51,14,35
37,10,41
37,15,12
14,0,7
27,7,36
5,16,45
33,18,50
21,2,15
38,19,0
24,1,20
34,6,19
58,12,42
56,13,34
33,12,44
57,11,42
50,14,21
37,12,13
15,1,15
52,19,55
23,3,12
19,10,0
48,17,16
26,6,13
24,14,46
18,5,31
10,2,5
58,20,23
23,4,30
47,7,35
57,10,40
51,11,36
16,0,14
55,15,33
1,11,38
20,14,44
59,11,41
57,9,42
32,4,22
16,3,6
39,7,30
52,22,60
18,7,7
38,5,33
53,18,23
63,18,33
17,23,55
48,19,13
56,11,43
6,6,33
40,15,49
2,7,32
55,9,42
28,5,33
20,3,12
59,20,19
29,12,2
35,4,23
36,7,35
20,0,16
26,3,16
35,10,41
58,15,32
57,11,43
14,11,40
33,21,56
34,7,36
24,7,4
41,13,41
12,0,6
31,8,38
54,18,16
24,2,23
12,2,1
4,6,33
20,7,35
50,11,35
26,13,44
59,20,23
56,22,58
29,7,37
61,21,23
63,23,23
52,17,16
8,0,2
47,13,26
20,8,35
50,9,43
63,19,34
53,18,29
25,3,14
48,20,57
38,9,38
27,10,7
47,16,20
29,4,18
24,1,21
45,12,18
44,17,50
24,1,23
62,20,35
57,16,29
9,18,48
20,15,45
12,0,9
53,19,12
5,15,44
11,1,3
50,10,32
49,11,35
30,12,43
62,17,39
1,20,49
23,8,5
39,9,37
57,9,43
53,21,58
21,1,21
41,17,8
10,2,28
53,20,14
45,11,42
39,22,56
17,0,21
29,9,8
39,21,56
12,16,46
13,10,38
45,15,16
45,9,41
63,21,33
55,19,15
27,0,25
51,12,37
41,15,11
41,10,40
37,18,51
57,18,27
12,2,0
26,0,25
4,1,22
43,5,32
8,2,24
19,5,12
31,22,56
16,0,19
49,19,17
42,22,58
42,9,19
2,5,25
25,7,34
40,7,31
41,20,54
47,17,17
45,10,26
46,8,34
44,13,15
31,3,23
19,4,11
15,4,30
18,5,2
3,6,27
47,13,47
36,9,16
22,8,11
16,1,8
43,10,27
40,8,20
31,5,18
35,6,27
34,3,25
27,5,12
27,12,0
33,13,5
21,9,10
15,1,17
46,13,21
62,22,23
26,13,5
21,12,41
51,19,14
17,4,3
12,2,10
39,7,20
60,19,24
63,18,37
50,11,30
27,17,51
39,15,8
63,15,50
17,4,5
59,20,30
54,9,38
54,13,30
5,0,13
58,18,35
1,1,18
8,15,43
28,3,30
37,19,0
53,17,52
37,20,54
50,18,18
22,4,12
24,18,51
4,9,36
30,1,26
43,5,34
42,17,50
4,8,35
44,10,21
19,5,30
34,14,8
16,1,9
34,4,27
33,6,35
46,15,17
24,3,14
46,16,21
2,5,27
57,12,43
41,14,41
40,12,44
27,11,42
6,8,35
42,18,5
31,3,21
0,10,28
61,21,26
42,16,7
47,11,23
53,15,22
62,21,26
19,5,31
50,22,12
26,4,16
26,16,48
46,10,24
7,15,45
35,3,28
20,2,17
62,13,43
35,5,23
13,0,23
52,16,29
14,1,6
48,19,10
33,8,17
30,6,13
28,23,56
37,5,22
15,16,46
19,9,36
26,10,6
31,7,15
53,15,33
21,5,32
41,16,6
26,0,26
33,10,41
62,21,28
21,19,52
36,17,51
15,4,3
25,10,2
34,22,57
21,9,2
42,4,32
28,12,7
55,19,17
50,8,41
63,17,36
15,1,18
10,11,40
1,11,37
55,18,21
35,12,44
17,19,50
10,22,55
28,10,9
59,13,48
38,12,20
63,23,31
57,16,35
22,3,10
63,16,52
31,10,11
13,1,25
23,1,21
8,21,52
51,10,43
30,11,3
30,18,51
34,16,1
43,6,30
0,4,25
3,17,47
57,11,44
35,10,16
30,12,4
46,15,15
46,13,27
30,13,0
42,12,19
63,23,27
4,21,51
32,7,16
60,13,47
27,1,20
14,18,48
33,14,3
7,21,53
40,4,30
62,19,31
25,4,31
14,1,9
4,5,31
44,7,37
7,1,2
3,2,20
6,13,42
13,2,3
32,2,24
23,9,37
16,2,14
58,19,56
63,16,50
31,23,56
10,11,39
16,4,8
31,12,4
9,4,30
55,20,14
49,16,50
33,10,11
25,5,11
36,10,23
28,8,6
22,2,20
20,3,14
29,1,21
24,9,6
40,17,7
34,5,19
20,9,36
17,4,30
24,9,2
60,13,46
18,4,7
57,20,56
45,10,40
47,8,41
9,1,5
55,19,56
29,3,18
29,9,10
16,5,5
43,17,13
34,6,35
54,16,21
37,4,25
2,11,38
44,17,10
17,18,48
51,12,39
4,20,51
34,11,7
28,6,35
21,23,57
47,8,32
15,2,14
21,2,27
16,2,6
36,11,11
40,6,25
44,12,45
33,16,48
15,0,11
52,14,49
58,13,45
12,4,27
30,11,43
24,1,19
24,23,57
48,22,59
57,19,27
49,8,39
27,8,38
22,8,6
49,12,46
63,12,42
10,3,28
34,5,33
42,16,14
10,1,26
42,8,35
44,18,12
44,17,8
42,13,45
20,8,4
57,19,21
51,11,37
18,6,0
21,13,44
24,11,2
54,16,30
14,15,45
12,5,31
4,1,19
7,14,43
41,10,23
60,15,36
14,4,1
24,6,7
28,10,6
44,7,34
0,2,20
32,12,10
31,6,14
19,6,4
60,21,22
52,10,43
37,17,51
54,11,38
56,20,13
10,22,54
9,4,23
26,7,15
16,20,52
8,17,47
62,17,33
50,12,29
61,20,34
52,21,14
46,20,4
34,6,23
63,17,50
35,7,18
23,0,25
19,3,8
7,8,36
40,23,59
34,2,25
34,8,17
43,7,33
51,15,29
48,11,26
43,4,33
51,9,37
51,18,14
44,8,37
36,8,22
24,12,41
29,6,22
10,1,5
55,15,31
36,11,43
57,22,58
18,3,14
29,5,33
59,22,14
61,17,39
16,0,21
29,10,4
25,16,49
32,3,27
10,14,44
41,23,58
10,0,7
24,14,45
50,12,46
15,6,3
63,22,28
26,18,50
28,7,9
29,16,48
9,19,51
63,21,58
50,13,21
56,13,35
62,23,27
29,12,42
41,16,49
50,16,17
28,10,7
2,13,39
13,20,53
31,12,11
49,13,47
13,8,35
56,9,42
33,17,50
1,0,18
29,4,23
57,18,29
22,9,10
63,20,30
60,20,23
8,9,37
24,10,0
52,16,49
3,17,45
46,13,20
60,13,37
53,16,49
33,11,17
17,2,26
51,12,30
34,7,18
22,10,39
5,4,29
35,6,23
17,2,8
24,15,47
53,10,39
61,14,37
47,19,9
26,7,36
38,7,35
23,4,31
34,6,22
49,18,12
23,3,22
47,6,38
26,2,27
46,11,29
31,1,24
53,17,24
12,0,21
9,1,0
16,0,13
44,10,42
41,5,33
22,19,51
21,1,15
53,14,48
31,18,50
32,17,3
25,3,28
15,2,5
39,8,36
59,20,21
49,16,51
13,11,39
57,16,28
50,16,25
16,3,5
12,8,30
50,7,37
51,8,41
60,22,19
5,2,22
48,15,18
26,21,54
48,13,20
60,12,44
49,18,53
1,0,12
11,7,33
49,9,43
17,2,11
48,18,10
47,13,24
19,1,15
12,6,32
1,9,35
48,7,38
18,1,20
49,17,19
18,0,22
34,5,25
30,6,21
15,5,0
24,2,25
56,15,32
24,4,12
35,7,36
58,21,23
17,6,5
18,21,53
10,7,35
4,2,22
13,22,54
19,19,52
36,14,47
48,17,51
50,14,25
32,6,18
37,21,56
59,21,18
14,6,33
57,21,15
23,8,15
57,14,47
48,16,20
1,0,19
3,4,22
43,18,4
37,9,23
11,5,3
33,19,0
58,18,54
45,11,44
61,12,45
0,8,27
59,20,27
20,4,10
17,1,14
59,21,21
43,8,28
55,23,11
39,15,7
46,11,27
41,14,12
30,23,56
30,11,4
15,1,9
62,12,45
5,0,19
22,3,18
23,1,22
60,15,35
1,5,28
11,8,32
56,14,35
37,11,15
28,10,40
60,16,36
46,14,27
11,0,0
36,21,55
47,20,57
45,8,38
23,6,33
48,15,17
51,18,54
51,14,25
12,10,37
51,16,30
42,5,30
20,1,21
27,2,19
15,13,42
30,11,10
21,8,0
60,11,44
57,17,35
46,6,34
57,12,41
34,19,52
19,11,39
59,13,38
32,21,54
53,18,18
56,14,31
46,16,20
38,21,4
25,1,27
49,15,49
35,12,9
26,15,48
62,23,33
58,18,26
41,22,57
53,20,56
16,15,44
43,18,6
3,8,34
32,1,27
58,18,23
15,2,15
48,22,57
50,12,28
32,3,25
12,11,39
17,3,15
32,2,28
28,8,7
34,15,1
48,11,44
35,14,45
48,11,22
40,10,17
19,1,25
36,15,7
26,7,7
54,16,20
31,10,14
33,13,45
34,15,4
1,0,13
47,10,27
46,19,8
59,14,35
27,1,25
38,5,25
54,14,29
26,6,11
17,6,3
42,7,25
27,22,54
6,15,44
59,18,35
5,23,55
56,23,58
18,2,11
46,20,15
20,0,20
53,13,30
49,9,34
46,9,27
13,2,25
55,18,20
34,4,23
41,16,9
36,6,33
53,18,28
41,19,3
53,15,32
43,8,33
34,5,34
56,16,26
38,10,19
45,10,41
53,9,38
19,0,23
59,18,55
36,5,30
12,7,29
32,10,16
59,21,59
14,0,24
4,6,27
48,18,9
24,0,18
52,13,36
31,3,24
36,18,0
13,9,38
24,22,57
57,20,19
46,14,19
57,15,30
39,7,32
34,4,24
9,3,0
36,22,56
63,14,49
26,10,41
31,5,19
54,20,57
15,4,28
34,9,14
21,0,16
38,18,0
48,21,5
42,11,19
8,0,1
45,20,57
36,14,7
29,19,53
56,14,32
46,18,52
50,19,55
21,4,12
27,4,30
24,3,23
0,11,36
32,11,17
32,14,2
62,11,44
43,9,24
56,21,25
14,2,26
21,7,35
31,9,13
11,8,30
45,19,15
55,11,36
20,4,29
21,10,39
48,15,49
15,4,8
46,15,49
56,19,19
48,17,17
32,4,25
26,10,1
2,14,41
37,17,4
58,11,43
37,13,45
14,1,25
34,8,16
16,12,41
28,1,21
11,0,3
29,4,16
56,18,25
32,9,17
36,14,45
23,4,23
19,6,3
12,5,2
35,15,5
39,11,13
18,5,32
4,23,52
44,12,21
7,4,30
2,10,36
34,18,52
40,13,46
7,1,1
2,14,42
43,6,36
63,16,39
42,12,41
40,8,39
47,17,10
24,6,8
42,17,52
63,15,42
41,19,53
42,10,20
37,7,20
31,5,17
44,17,51
23,2,15
9,19,50
38,13,44
28,3,24
14,10,38
0,6,30
26,10,39
8,17,48
31,8,39
32,3,28
56,22,14
0,7,31
28,10,39
62,13,41
20,16,47
26,7,8
40,5,33
56,22,13
50,16,15
55,19,29
7,0,22
49,17,15
14,1,7
58,19,23
16,8,0
11,19,50
52,13,48
36,18,52
46,7,31
35,15,4
39,12,14
40,19,12
22,15,47
6,1,14
53,16,32
5,21,50
33,12,42
55,17,31
34,18,51
11,14,43
47,10,42
29,14,45
4,13,41
55,11,37
22,14,45
41,15,8
58,22,25
2,4,23
22,4,11
13,0,21
34,6,17
47,16,24
37,8,19
56,19,57
48,20,55
34,12,10
39,9,19
2,13,40
15,3,1
32,18,51
25,1,18
55,12,34
34,3,23
53,17,19
23,9,38
37,18,0
27,6,11
26,4,14
31,2,26
54,21,12
20,3,18
51,9,36
19,2,27
16,0,17
45,12,44
14,23,55
20,6,4
49,17,53
44,12,16
6,12,40
5,22,53
36,4,27
56,12,46
10,19,50
16,6,5
17,18,50
15,22,54
32,2,27
26,12,43
20,9,38
25,7,6
30,2,24
11,1,25
52,22,59
58,16,50
15,2,27
29,23,56
60,13,44
32,6,19
9,17,48
41,11,16
34,6,33
20,18,50
22,9,37
60,16,37
61,15,39
37,4,24
23,18,50
32,3,22
11,1,19
45,10,35
25,7,35
50,15,17
41,5,29
36,9,15
39,7,22
9,12,41
58,12,41
22,17,50
18,23,56
63,17,33
53,15,23
45,9,38
62,13,40
26,3,15
24,3,22
47,22,57
42,5,33
46,15,13
19,1,16
60,21,18
12,1,3
60,17,32
33,5,33
47,12,22
40,4,32
25,20,55
24,2,27
62,21,23
45,15,48
48,14,18
31,12,43
35,2,29
51,8,37
38,6,34
29,9,40
41,11,17
20,3,16
1,16,45
12,6,28
26,8,37
52,9,41
20,21,54
35,4,22
26,10,40
42,11,41
33,5,19
12,8,35
63,15,37
29,3,26
21,1,22
37,9,15
47,19,8
37,23,59
24,19,51
39,11,14
57,11,40
30,13,45
59,10,41
18,3,13
13,6,32
15,3,4
35,12,8
37,13,9
36,22,57
49,17,51
23,6,9
60,21,17
63,22,31
26,2,21
33,14,2
40,8,34
20,5,7
36,17,49
54,15,50
37,13,13
57,19,19
28,7,35
25,7,10
36,8,36
46,10,23
38,4,26
3,18,46
46,12,31
4,21,52
23,5,12
26,17,50
20,13,42
26,6,8
46,22,59
50,19,12
12,14,43
20,3,8
39,19,53
55,18,23
55,16,25
25,0,21
61,16,52
48,17,12
62,21,31
39,18,3
34,14,45
43,7,28
9,5,22
30,9,38
46,18,14
48,9,42
45,6,35
32,22,52
60,14,35
32,5,19
42,5,28
44,12,43
33,13,6
55,18,17
41,13,45
13,1,4
62,17,52
45,14,25
5,5,30
33,7,18
24,11,40
17,1,8
19,0,22
21,4,30
21,12,42
60,20,58
24,19,52
44,5,35
32,21,52
25,7,8
46,20,7
62,18,31
21,15,45
22,8,0
25,23,56
62,14,38
23,8,36
40,13,10
48,11,25
49,21,6
39,21,3
39,5,24
58,23,24
52,13,32
22,8,36
15,8,36
63,13,46
37,22,57
10,13,41
54,19,16
19,8,5
46,13,17
1,18,46
43,8,38
56,16,52
11,0,8
60,22,15
46,14,18
40,16,49
4,15,43
46,9,25
63,17,52
40,21,2
51,11,44
43,17,52
49,11,30
12,11,40
50,9,33
10,16,46
31,21,53
32,17,2
32,18,52
35,5,31
45,7,32
56,17,22
53,12,47
61,12,44
58,19,21
26,7,35
30,3,23
61,14,38
7,2,20
34,6,32
14,8,36
33,16,1
51,19,12
38,11,41
56,17,24
38,4,27
45,14,13
53,13,32
27,7,10
23,6,6
46,11,25
41,17,4
35,9,40
62,23,32
63,14,47
62,16,50
25,0,20
35,6,21
61,16,41
5,5,29
7,0,6
52,15,29
48,10,31
20,0,19
55,18,30
46,15,14
34,5,21
15,3,15
7,1,22
5,2,27
5,12,41
35,18,50
15,3,27
38,5,23
21,3,12
47,8,31
58,22,18
60,23,18
20,6,11
49,9,31
5,3,25
16,10,39
18,0,20
0,19,48
29,17,49
34,10,9
15,17,47
16,7,33
3,7,28
13,21,52
39,4,28
28,6,11
39,15,47
20,9,1
47,20,5
52,11,44
7,2,1
57,19,20
23,1,20
57,13,35
28,12,5
21,1,19
58,18,55
26,2,16
29,7,12
35,8,17
20,1,13
51,21,57
43,18,53
63,16,51
20,5,9
8,7,34
63,15,38
40,11,43
53,18,16
22,5,12
31,19,52
47,20,6
46,18,8
18,1,13
51,19,56
49,21,18
53,21,24
60,22,25
28,6,13
36,14,10
8,22,55
47,8,30
5,23,54
42,13,12
50,21,12
0,7,28
35,9,38
58,16,35
6,2,22
52,23,9
54,18,19
57,19,30
63,15,45
46,7,36
46,8,33
2,7,33
26,6,10
43,20,56
30,5,15
42,11,17
45,12,26
43,8,27
48,9,34
1,8,25
7,0,9
36,17,50
14,1,4
63,16,37
53,18,24
40,10,18
28,7,34
57,15,32
59,16,33
0,5,27
17,5,3
56,21,17
14,0,12
4,23,53
33,7,35
33,11,42
49,17,13
0,17,46
46,17,17
11,21,52
43,9,20
45,21,7
20,2,25
62,12,46
1,9,34
45,13,27
48,20,6
45,18,14
32,5,22
6,14,42
63,21,57
15,7,0
1,19,46
42,11,42
37,14,7
31,6,36
62,15,37
39,18,52
23,16,47
34,20,0
35,17,0
48,17,11
37,14,46
50,18,12
54,15,30
25,1,22
46,16,11
38,21,54
42,10,18
25,8,10
45,10,24
53,12,38
62,19,56
31,11,14
21,2,23
33,11,43
32,11,7
58,19,28
12,14,44
41,20,55
57,17,33
19,7,5
6,19,50
16,2,7
47,9,41
7,1,3
28,12,44
28,2,25
20,4,15
63,15,36
46,9,41
59,21,17
2,2,22
27,13,45
46,11,22
57,14,33
32,12,44
16,3,9
58,16,52
46,7,32
9,2,0
20,2,26
29,11,3
17,18,49
25,2,24
19,7,4
29,11,42
26,10,0
43,16,8
20,1,25
0,19,47
50,19,14
16,14,43
30,14,2
27,13,5
46,8,36
43,11,20
58,11,41
45,14,48
10,4,29
30,10,41
30,11,6
10,21,54
48,19,54
49,11,27
22,5,7
58,14,36
54,12,47
57,19,56
26,23,55
25,1,24
0,3,24
28,16,0
43,13,21
45,15,17
47,17,16
29,6,13
51,18,12
41,9,19
24,6,10
13,4,10
39,12,43
36,12,7
17,1,16
63,14,43
48,9,32
1,20,50
21,4,16
7,3,29
52,22,14
27,6,34
19,5,6
43,10,42
15,5,2
11,17,48
51,16,18
17,0,22
25,4,24
4,19,50
30,2,23
52,14,48
46,8,40
2,9,35
51,10,35
58,12,44
26,0,23
42,10,23
4,2,25
28,10,2
28,11,5
27,10,6
31,4,25
39,19,11
49,16,52
24,2,22
63,16,38
21,18,49
52,8,39
54,12,38
57,10,45
58,12,43
43,17,7
22,7,11
7,13,41
45,9,23
28,6,34
38,19,53
56,13,38
46,21,58
0,20,49
55,19,30
29,4,29
54,9,42
40,11,23
47,18,52
36,11,41
63,20,57
29,5,16
42,14,47
12,5,0
57,17,27
26,8,7
38,22,55
6,1,23
51,18,18
43,7,29
36,15,5
51,13,27
23,1,15
48,19,55
32,13,5
32,12,17
35,6,32
36,9,39
11,4,1
30,13,10
27,8,9
29,15,46
40,8,38
3,0,14
12,0,2
38,10,40
7,2,19
42,10,31
35,5,26
20,5,31
51,18,17
18,1,12
22,11,41
42,9,22
42,11,22
48,13,47
48,17,19
6,2,26
1,4,25
63,23,30
57,22,12
43,13,15
22,1,18
6,2,25
48,9,43
0,0,16
29,3,30
48,19,8
27,3,24
53,14,25
50,12,25
51,14,49
52,13,25
17,2,27
8,20,51
31,12,13
13,3,10
1,1,20
41,22,59
26,14,46
25,11,41
38,15,6
46,19,55
63,23,21
33,22,56
62,15,48
30,7,35
27,10,9
25,0,23
46,19,54
1,2,21
53,19,15
52,15,50
14,20,51
5,2,25
8,1,1
43,7,27
52,16,17
55,16,26
19,1,23
11,5,0
3,21,51
33,4,26
36,13,45
35,11,41
56,20,18
57,12,47
55,17,54
53,11,34
61,18,32
38,10,21
21,8,36
59,11,39
16,7,4
58,13,44
16,1,23
40,4,28
36,4,24
11,1,2
45,10,21
21,7,3
32,10,14
47,17,12
48,21,58
40,14,9
22,5,6
58,21,26
43,12,19
30,6,33
28,4,29
29,8,11
0,0,15
26,1,25
37,18,2
30,4,20
25,1,25
55,8,40
41,6,31
52,13,34
50,12,31
47,11,30
8,16,44
47,16,17
53,15,21
11,1,24
35,15,2
18,2,12
26,10,5
52,12,32
18,8,36
43,21,56
32,8,14
36,5,27
26,20,55
9,6,32
24,20,53
38,12,44
12,2,27
24,4,31
31,11,13
46,23,60
50,14,37
27,11,3
37,3,28
10,9,37
27,6,15
59,19,25
54,14,33
56,18,29
46,9,33
24,5,11
17,7,4
47,13,21
17,4,28
40,12,43
24,0,19
42,19,54
56,9,44
25,5,12
46,11,33
6,7,33
42,17,5
17,4,2
51,18,13
55,10,38
22,6,32
20,1,15
46,11,26
36,10,41
8,10,39
57,21,14
23,3,11
49,8,37
55,8,42
44,8,27
23,4,9
56,12,42
18,22,55
52,19,49
12,22,54
28,12,1
56,19,18
53,19,55
23,12,42
27,2,23
47,12,46
21,8,1
29,11,10
33,10,40
5,3,26
30,15,48
43,9,22
38,8,36
34,12,44
48,18,53
0,6,31
53,16,24
52,13,31
49,16,19
2,0,18
55,15,51
47,9,30
42,10,27
7,2,2
22,5,8
51,13,26
18,6,9
40,8,22
34,6,34
58,18,27
49,18,11
50,22,59
44,16,49
52,11,34
31,9,39
10,2,3
49,12,36
42,8,36
16,6,4
54,19,56
19,7,33
51,14,22
7,0,4
29,1,26
49,11,25
60,15,50
35,21,55
46,11,23
41,6,34
36,13,10
37,20,53
23,1,25
59,13,39
63,23,29
53,13,34
47,21,6
48,10,28
37,12,11
57,18,32
52,18,29
49,17,17
42,16,49
43,6,28
27,1,24
21,8,35
45,21,56
32,13,13
1,4,22
22,3,16
53,19,23
33,15,46
8,23,54
55,15,30
31,21,54
31,12,6
21,2,11
59,15,37
32,3,24
42,4,31
34,6,27
32,15,0
9,10,38
10,4,30
62,13,39
55,20,57
15,12,40
37,4,26
19,7,6
40,18,2
63,23,20
54,19,24
28,14,47
46,9,32
7,0,8
47,9,29
17,2,25
61,19,28
35,15,9
38,10,14
46,7,37
40,20,1
18,15,45
54,18,17
45,19,14
18,8,0
54,23,10
44,13,26
11,20,51
39,10,20
47,9,28
48,20,8
37,5,24
58,17,54
14,17,47
42,19,3
24,1,26
30,14,45
60,18,31
43,6,27
19,6,1
26,3,22
31,6,17
22,15,46
41,18,8
22,13,44
33,3,22
30,16,2
25,8,6
12,7,27
5,13,41
0,5,26
43,7,34
62,22,24
43,10,19
36,5,23
22,6,12
39,13,11
46,14,20
50,17,53
7,3,19
21,10,0
52,13,27
32,8,17
60,21,31
12,4,11
40,18,4
61,17,34
49,12,22
23,13,43
23,4,10
21,5,5
14,14,44
46,11,32
61,13,47
52,14,22
29,17,50
51,10,39
35,6,20
18,3,27
24,20,54
38,18,1
28,4,14
38,6,32
29,4,30
2,3,24
48,12,22
60,20,27
41,5,30
59,16,50
30,6,35
51,13,25
3,6,29
21,8,3
45,19,7
20,5,6
15,5,31
21,15,46
38,18,53
36,10,12
44,6,35
46,18,54
20,20,53
36,4,30
56,16,28
6,22,54
40,22,57
15,20,52
60,20,28
39,6,22
44,17,12
21,6,3
28,4,27
53,21,59
56,14,48
16,1,16
43,5,33
47,10,24
30,3,25
33,18,52
46,20,55
38,6,23
55,11,46
3,15,44
60,20,57
47,11,29
37,6,30
61,11,44
50,10,31
58,16,51
61,12,42
54,14,49
21,20,53
43,17,8
12,1,10
27,12,9
35,3,25
37,17,6
52,22,57
35,12,6
33,12,11
53,17,51
52,17,51
0,21,48
4,20,49
58,19,27
48,9,29
27,4,24
39,15,11
61,13,43
5,1,23
22,17,48
36,11,16
8,6,32
16,2,16
5,19,50
22,7,1
22,1,16
31,7,37
3,1,17
37,22,56
24,12,43
15,12,41
61,16,51
44,19,5
53,15,24
21,7,11
56,19,16
41,8,24
44,17,17
37,8,36
47,17,11
16,6,33
25,4,23
39,6,32
63,22,58
3,18,47
30,11,41
6,0,13
50,11,46
1,10,37
47,23,58
0,9,35
18,12,40
26,1,22
7,1,23
37,20,55
53,14,26
11,10,39
48,8,38
39,6,34
27,12,5
54,13,48
10,8,35
25,12,42
49,7,39
39,11,15
18,13,42
47,18,13
21,5,17
33,15,48
19,5,3
42,11,31
28,0,25
51,16,17
18,3,12
36,12,15
51,22,9
29,12,43
7,21,52
40,7,36
48,17,52
29,7,36
56,9,43
25,7,5
22,3,13
58,22,13
60,13,41
61,14,48
47,14,18
39,8,20
51,15,23
6,0,14
43,16,50
33,4,22
42,15,11
19,0,18
60,14,39
18,3,5
13,3,29
16,1,20
31,4,20
5,2,26
40,8,19
59,19,24
54,14,32
6,4,29
24,4,10
48,8,36
52,18,49
20,2,12
52,21,11
62,22,58
41,22,58
53,17,17
35,16,2
45,13,17
37,4,30
59,13,46
27,12,4
44,5,34
51,13,33
15,22,55
19,7,2
10,15,46
3,0,20
25,12,1
3,4,27
59,21,16
56,15,50
55,21,58
29,18,52
27,9,39
30,9,7
33,12,7
49,19,11
50,17,25
57,19,31
48,12,24
48,6,36
29,4,19
16,8,2
55,17,29
56,13,47
28,9,40
19,0,19
26,8,8
3,3,17
49,19,24
18,1,21
62,20,31
12,20,51
25,0,24
50,22,60
2,17,46
56,17,54
26,2,22
6,0,15
23,6,10
40,6,33
38,17,51
45,13,46
46,11,31
8,22,54
16,0,11
34,12,43
32,11,43
30,13,2
53,18,53
20,4,9
60,14,40
54,19,14
61,15,35
52,17,49
61,18,40
55,20,15
16,15,45
48,7,37
0,9,28
62,19,33
10,0,4
24,10,2
12,9,32
13,0,10
43,17,51
45,15,12
23,23,58
7,13,42
40,7,21
8,14,42
37,5,27
22,23,58
56,16,51
3,0,17
45,10,29
42,7,35
53,19,56
10,0,1
21,11,40
31,3,26
6,18,48
50,19,16
22,4,23
56,18,34
62,23,24
31,11,42
27,12,1
46,20,14
33,11,8
47,14,21
38,11,19
37,15,6
53,16,51
45,13,16
18,17,49
47,15,15
18,0,16
47,12,26
53,23,58
26,12,5
63,14,44
8,3,25
22,14,44
58,10,43
6,2,2
56,13,43
8,4,29
51,15,20
16,0,16
26,11,42
15,7,35
29,12,0
40,15,11
48,11,45
38,13,8
12,2,23
52,8,38
19,22,54
8,0,23
10,0,5
22,8,4
5,18,47
2,16,44
50,7,38
48,8,35
42,18,52
25,1,20
47,14,20
22,2,21
44,14,18
60,18,54
7,2,27
24,9,37
24,7,6
54,15,51
55,11,41
62,14,37
34,7,23
22,2,13
43,12,45
1,1,19
38,16,48
42,11,23
9,10,37
7,2,24
33,23,57
45,12,19
49,14,19
7,9,36
55,9,39
46,9,40
14,2,0
55,11,39
31,5,16
36,13,12
23,8,4
62,17,53
0,6,27
61,20,30
32,5,20
40,17,12
29,15,1
8,1,8
27,9,7
28,21,56
57,12,38
63,12,43
59,17,33
53,17,28
8,0,19
6,5,32
34,4,30
22,6,33
32,19,52
41,9,18
45,10,27
40,9,38
37,15,47
57,14,35
54,9,39
37,17,49
27,13,0
51,22,10
33,8,39
40,7,32
37,5,28
34,15,7
46,16,16
13,4,26
14,7,0
40,10,42
19,2,10
38,7,21
21,4,9
18,0,24
41,20,56
27,4,16
51,22,57
21,1,26
26,7,9
28,9,39
46,14,16
30,6,14
50,11,32
45,9,26
28,14,46
58,12,39
31,1,26
39,6,26
43,7,38
44,18,8
46,12,18
27,2,24
46,13,46
48,18,13
22,6,3
49,18,19
54,15,33
29,2,20
60,14,46
27,0,26
39,23,1
22,1,20
28,2,19
39,19,12
19,0,13
39,5,30
61,11,43
57,10,43
6,0,19
23,4,11
39,16,5
48,8,40
15,5,1
39,13,44
16,1,24
38,3,28
26,20,53
55,22,11
33,8,12
18,6,33
17,9,3
15,4,0
26,5,16
21,2,19
56,17,23
15,1,14
45,11,26
37,10,22
27,8,8
46,9,34
15,0,10
20,13,44
45,8,37
26,11,1
33,21,55
56,17,30
26,1,23
22,0,24
25,0,22
1,10,36
52,10,39
21,5,15
46,17,21
46,15,26
60,16,34
23,1,27
55,17,27
42,20,1
20,11,39
33,13,3
24,5,10
39,7,35
0,4,23
59,11,46
27,19,53
14,18,50
52,17,28
46,12,19
53,12,36
42,18,53
40,18,8
49,8,42
33,1,27
29,10,12
11,15,45
19,4,4
50,22,17
47,11,44
13,10,39
33,20,1
50,21,13
25,13,43
58,13,38
28,8,38
61,15,40
47,17,14
57,18,26
30,10,9
42,10,19
15,14,43
62,22,27
16,3,8
35,19,53
0,16,44
57,11,38
21,10,1
19,5,2
15,0,8
31,14,0
24,0,20
28,12,8
36,23,57
8,2,28
26,7,6
42,11,43
31,19,53
17,2,7
34,9,38
54,16,28
37,10,39
12,1,5
19,8,34
3,0,16
35,8,36
20,6,32
54,17,22
27,9,4
48,8,34
8,1,25
23,5,9
30,10,10
63,21,31
34,15,46
19,5,8
49,20,55
3,1,22
36,20,53
26,8,38
4,0,13
58,19,55
52,23,60
20,1,20
17,4,7
46,6,37
25,3,30
25,9,1
44,15,47
36,12,9
57,12,44
29,20,53
55,15,27
19,22,56
37,23,57
18,2,9
28,10,4
27,11,41
17,4,11
32,17,1
45,23,59
20,6,33
5,8,34
1,7,25
23,1,19
50,20,55
13,7,35
1,21,49
15,6,32
14,8,35
43,19,53
60,17,53
40,20,55
16,10,38
46,8,37
53,15,27
55,21,57
3,1,21
57,15,33
63,19,32
12,15,46
38,5,24
57,18,31
33,17,0
43,14,13
13,3,24
6,0,17
46,15,20
16,5,7
39,5,32
24,3,28
35,12,42
50,14,20
47,13,17
35,4,28
56,15,51
49,17,52
17,0,19
59,12,44
4,15,42
5,5,31
20,2,16
37,17,50
23,8,0
54,15,29
21,10,2
17,22,55
62,18,54
61,19,56
9,0,22
50,18,16
14,9,37
29,13,11
30,7,13
32,20,54
60,19,56
59,21,58
22,8,3
58,18,29
39,6,35
45,14,19
50,8,38
61,21,57
43,6,29
16,7,34
31,16,49
4,20,50
28,10,41
26,10,4
14,9,36
36,4,22
16,3,3
33,11,7
48,17,14
39,21,55
53,10,36
27,10,2
55,16,51
31,6,34
14,3,0
22,1,15
59,13,41
44,6,32
61,22,26
14,12,41
57,20,17
13,0,16
43,15,10
39,21,57
48,17,53
27,11,4
53,18,17
23,9,2
12,20,52
57,18,30
10,7,34
34,2,27
55,19,16
3,3,27
46,22,57
25,3,20
60,21,28
7,14,44
35,14,10
19,2,16
53,11,37
54,16,25
26,4,19
6,18,49
15,3,14
35,6,18
22,9,6
52,16,52
8,18,48
47,7,34
34,16,0
11,5,1
8,0,5
14,19,50
2,15,44
32,10,9
63,22,23
61,14,46
11,1,8
18,16,46
55,15,50
8,5,31
26,8,4
50,20,56
40,21,1
52,15,19
31,3,28
44,10,41
35,3,26
9,2,28
17,1,25
43,12,43
53,11,41
37,9,40
57,15,35
41,7,24
26,5,12
27,13,8
56,17,32
22,1,25
12,3,3
55,14,30
12,5,1
38,10,16
13,1,24
56,19,30
24,6,33
39,18,12
28,12,0
0,18,47
8,1,5
41,11,40
40,11,17
46,17,51
51,21,11
46,20,56
36,3,29
35,6,30
57,17,53
53,20,12
53,16,29
25,9,4
47,15,48
47,23,60
21,8,4
12,0,8
58,12,38
49,12,35
28,1,22
17,1,10
53,9,41
42,10,40
28,10,3
17,8,35
48,12,45
5,4,30
3,12,40
18,20,53
61,20,27
12,5,32
58,19,30
40,22,1
22,3,20
33,7,17
20,1,22
39,8,23
50,17,15
50,21,9
35,4,25
10,20,51
19,13,42
54,17,23
5,1,14
26,8,6
60,18,28
31,9,8
15,6,4
3,2,22
51,10,37
60,15,34
43,8,29
34,5,32
51,23,61
9,0,3
27,8,6
18,4,9
45,19,53
11,4,2
47,9,31
52,16,20
21,8,5
44,10,22
56,15,30
55,21,12
28,7,36
29,9,7
26,6,15
28,2,22
32,5,33
60,13,45
35,16,48
36,19,0
20,11,41
61,16,36
24,7,34
61,20,33
21,4,14
29,17,51
11,8,29
53,14,32
7,21,51
21,0,22
42,12,31
40,23,3
42,12,40
42,14,14
39,8,21
42,14,18
28,13,0
16,6,6
36,7,33
22,4,13
33,8,15
61,21,59
48,10,29
6,0,2
2,21,49
59,23,15
33,20,0
23,15,46
55,13,32
46,20,5
0,6,29
43,11,19
39,10,39
52,15,21
54,14,30
9,16,46
45,15,18
37,7,34
34,8,14
51,17,53
26,4,13
23,10,6
31,4,22
44,18,7
15,5,3
50,11,45
50,13,31
62,22,29
6,9,36
7,17,45
10,1,4
15,0,16
10,17,47
14,7,33
53,8,41
38,8,37
55,12,47
47,15,50
53,17,27
40,20,0
44,7,36
44,18,11
45,9,29
12,23,56
24,2,15
43,19,3
16,21,53
11,14,44
0,3,21
56,19,21
6,5,31
11,2,3
10,15,45
45,11,29
22,3,28
16,13,43
7,8,35
3,8,33
32,12,13
32,5,21
48,18,17
8,2,5
33,9,13
8,0,3
62,13,47
31,10,8
26,13,45
5,19,48
4,12,40
61,13,41
36,12,11
2,15,43
10,0,22
16,10,37
27,4,31
42,9,39
5,0,17
14,6,32
44,14,13
62,19,55
54,16,29
38,9,17
42,22,59
50,22,10
24,9,39
26,10,3
48,16,16
2,8,34
44,11,20
54,19,15
32,12,6
40,6,30
33,21,54
42,8,34
8,5,24
38,16,4
30,6,34
2,6,32
51,11,31
30,10,11
34,14,4
20,7,1
30,12,9
51,15,49
1,6,29
59,20,31
26,3,28
18,3,9
23,4,12
44,10,26
7,4,29
23,4,21
63,14,41
55,21,14
2,2,23
13,3,3
56,17,26
18,1,9
16,3,15
4,9,37
35,20,55
49,7,38
23,21,54
4,4,29
51,11,45
50,21,17
18,14,44
33,7,36
51,21,10
22,20,52
44,8,39
35,15,48
20,7,5
54,10,37
1,18,47
26,9,4
20,1,23
18,7,3
25,4,30
4,0,19
61,21,22
31,13,45
27,10,1
34,5,31
59,19,22
41,5,31
46,6,36
11,3,28
31,2,23
50,15,51
48,18,12
7,4,24
28,20,54
23,4,29
23,12,41
16,2,9
10,23,55
43,9,21
32,6,17
36,15,4
62,23,26
26,3,25
49,19,10
9,13,41
32,9,11
22,16,48
59,18,25
52,11,35
4,12,39
6,21,51
10,5,31
38,23,4
55,16,32
38,7,20
17,7,33
47,12,19
19,12,41
46,9,37
40,5,27
11,10,37
29,3,27
42,13,18
44,16,17
4,7,28
37,11,12
50,20,16
13,2,26
61,21,24
51,13,35
22,9,1
36,9,38
11,8,34
31,2,28
34,8,15
54,9,44
11,9,35
15,23,57
29,5,31
10,1,6
37,3,30
50,10,43
59,21,25
14,2,2
40,19,1
12,7,30
24,7,8
14,23,57
41,7,25
54,16,52
63,20,58
37,14,45
37,15,13
21,7,10
58,10,40
21,19,51
7,19,50
15,1,24
20,3,20
25,11,40
26,9,38
40,5,34
30,7,12
36,5,31
32,15,48
20,7,4
57,16,51
50,11,38
57,13,40
62,14,42
60,17,34
18,19,52
24,0,22
2,0,16
57,17,25
59,17,29
4,0,17
11,16,46
26,14,45
50,9,38
50,18,17
31,16,2
50,12,34
3,16,46
41,17,5
52,17,53
31,3,25
25,4,13
29,8,9
13,1,3
52,13,26
26,3,19
45,8,36
29,7,35
4,3,26
40,6,35
47,7,33
36,11,42
18,1,24
10,3,27
13,0,7
24,3,29
43,12,16
44,8,26
20,1,16
11,3,2
23,4,15
8,0,8
59,23,25
37,16,5
25,10,3
12,7,35
51,20,56
31,4,27
45,20,7
51,14,30
43,7,32
45,12,21
39,23,2
47,12,30
43,15,12
0,16,43
16,23,55
41,12,40
1,14,41
48,11,23
31,17,2
46,12,25
11,15,44
19,4,3
61,20,28
16,2,26
43,15,48
27,16,49
41,6,26
62,14,49
15,3,7
52,21,10
20,1,24
30,8,9
22,13,42
49,10,28
41,4,31
12,18,50
18,4,4
11,20,52
52,17,17
60,13,39
58,19,19
63,20,28
33,13,44
18,20,52
57,18,35
30,18,52
8,0,24
59,13,44
24,5,31
38,5,32
47,15,20
0,4,24
26,6,9
17,9,37
25,15,46
11,18,49
51,19,11
54,12,34
8,4,23
5,0,2
24,11,42
33,6,36
2,4,24
38,11,20
33,6,16
57,23,12
17,5,2
27,18,52
16,8,3
24,7,35
57,20,18
16,1,15
30,5,18
26,8,36
51,20,11
43,9,41
63,22,30
46,9,39
12,0,22
31,9,9
28,12,42
20,7,33
6,18,47
54,17,27
52,15,23
53,17,21
50,20,57
13,21,53
20,0,24
26,11,4
45,12,43
36,9,22
14,1,8
31,8,36
20,2,23
0,9,26
31,11,9
24,3,15
53,12,37
17,0,13
27,8,34
3,5,29
36,12,44
56,23,11
27,1,23
48,20,54
31,17,49
40,17,6
18,4,6
22,6,5
40,19,4
51,12,28
11,9,31
23,23,57
30,6,12
2,0,19
62,20,32
3,5,31
34,11,43
32,12,5
37,21,54
9,2,5
52,16,18
12,6,33
30,10,6
56,13,37
20,5,12
19,6,2
30,13,44
10,15,44
45,17,51
13,3,1
17,2,16
31,11,41
5,0,21
53,16,21
48,23,58
29,9,38
61,14,36
58,10,44
40,11,22
26,4,26
28,19,53
42,8,23
47,13,18
18,13,43
29,10,7
21,3,9
20,9,6
39,7,29
40,9,22
11,18,48
59,20,18
22,4,28
59,19,31
15,4,4
9,0,19
45,11,22
12,3,10
19,3,10
25,6,9
48,20,56
54,17,19
52,14,24
53,10,43
33,8,14
47,13,25
49,20,7
55,11,40
51,21,13
45,7,38
16,1,19
4,2,21
52,11,38
48,15,16
59,12,43
61,20,58
50,21,10
32,9,9
16,4,5
23,20,54
31,1,25
47,10,26
23,0,21
6,0,22
42,11,16
46,11,30
62,16,38
43,17,14
48,13,18
34,4,26
25,10,39
44,14,47
32,16,49
15,18,49
33,9,17
20,1,26
36,13,6
58,21,18
16,2,15
47,12,32
30,20,53
26,4,31
61,23,18
57,16,31
58,14,50
47,18,53
55,17,21
0,8,33
56,14,49
61,16,37
35,11,42
62,13,45
53,17,49
21,4,8
55,9,40
18,10,37
52,12,47
13,14,43
5,21,51
25,17,49
40,19,8
32,17,49
28,8,37
8,3,28
48,14,47
32,22,56
5,0,1
30,5,21
47,10,31
9,1,26
8,0,0
41,4,32
62,22,21
53,16,27
50,13,22
57,17,29
17,12,41
21,23,58
47,11,45
1,2,20
35,6,33
24,8,3
4,8,34
17,3,11
52,9,38
7,0,7
30,4,27
36,14,5
35,10,17
5,21,52
55,22,10
19,18,49
18,4,5
44,17,9
61,22,19
48,12,46
24,21,56
35,5,20
55,19,14
1,12,40
26,20,54
52,11,32
57,14,49
37,15,5
12,1,23
44,7,27
12,0,23
9,22,54
32,4,19
41,13,13
54,15,27
42,7,29
63,17,38
29,11,5
22,0,17
18,15,44
51,13,36
0,7,29
61,16,35
51,16,16
0,10,35
39,17,51
20,16,48
20,2,21
25,4,14
38,13,45
23,5,32
11,6,31
59,16,52
44,6,34
8,7,33
61,19,34
41,6,35
62,20,34
49,20,17
13,0,9
13,13,42
51,11,32
19,19,51
31,13,9
63,22,26
40,17,5
33,10,16
6,13,41
20,3,9
13,2,11
54,17,28
58,18,31
40,6,32
50,17,14
47,17,51
58,20,17
8,13,41
22,3,12
44,13,14
19,7,3
18,7,2
51,10,40
48,20,13
44,15,19
38,3,30
47,12,45
22,0,18
5,0,20
46,22,58
50,11,39
39,12,11
14,1,10
4,2,23
47,8,34
37,16,4
11,17,47
15,20,51
9,9,36
35,5,30
61,15,37
60,20,25
27,5,33
41,12,14
28,2,21
25,2,27
45,18,15
50,20,8
26,2,17
57,17,52
14,2,10
19,16,46
39,14,47
29,3,23
58,20,18
17,2,14
15,2,8
11,1,6
32,10,40
34,4,22
34,21,54
48,18,11
62,23,19
7,2,25
60,14,48
56,17,29
57,17,36
11,15,46
23,10,40
13,1,11
26,5,33
42,20,4
42,6,31
13,1,1
35,23,58
21,5,12
40,9,39
42,23,60
58,15,33
9,17,47
22,9,0
42,6,36
44,7,26
1,15,43
18,2,15
33,13,4
40,15,47
55,14,33
36,15,10
33,7,37
11,7,29
59,13,37
42,15,48
59,14,37
52,18,53
25,3,13
9,13,42
58,17,27
36,7,22
20,4,12
23,3,14
47,10,33
50,14,26
15,8,2
49,19,25
43,9,27
38,8,38
42,13,14
8,12,40
57,9,44
17,6,7
34,16,2
36,10,16
51,16,24
42,20,54
31,7,35
22,23,56
29,16,0
40,16,48
56,12,47
5,6,33
39,20,4
48,16,17
57,19,55
48,7,40
55,13,38
21,8,6
26,4,23
30,3,28
50,8,37
24,7,7
8,4,30
45,13,45
18,0,23
51,13,37
56,11,39
22,20,54
42,17,7
46,9,30
25,0,25
17,1,19
19,8,6
41,7,22
39,4,32
5,1,22
47,9,36
47,7,38
51,8,40
55,10,42
59,16,32
51,10,34
39,15,9
30,7,36
13,22,55
2,13,41
30,1,24
26,14,6
35,8,15
5,0,14
11,5,32
49,22,59
48,8,39
41,9,40
25,13,44
45,10,42
29,13,2
46,16,18
55,21,13
57,11,39
15,10,39
13,0,6
41,19,4
55,17,30
36,14,9
31,6,18
38,12,10
18,5,6
47,14,47
12,9,31
55,12,39
34,14,7
25,6,34
60,22,28
60,15,49
20,3,10
33,8,16
27,8,37
54,18,15
24,7,5
3,3,23
23,2,18
44,22,58
62,23,21
36,8,38
11,9,34
50,19,13
56,16,32
60,12,40
16,6,2
48,16,18
13,21,54
45,15,15
26,12,42
54,10,42
55,18,18
9,5,23
46,6,33
0,8,25
15,7,33
42,11,32
19,3,6
8,15,45
9,1,3
58,19,25
18,10,38
47,18,10
42,6,29
38,3,29
4,4,30
57,14,39
53,18,49
1,16,43
49,21,8
6,0,6
19,6,12
9,3,22
58,20,56
59,23,14
39,6,31
61,17,41
23,14,44
46,9,24
26,5,11
19,23,57
12,0,3
8,4,24
18,6,2
46,9,29
16,1,25
13,23,56
21,7,34
63,14,39
33,23,58
47,9,32
22,3,11
11,4,3
62,21,32
19,13,43
52,14,27
41,16,7
59,17,30
20,6,1
28,11,2
23,1,16
51,9,43
1,6,25
45,20,15
30,7,37
38,4,25
15,3,8
43,5,31
52,12,35
63,22,22
2,4,26
39,5,26
5,9,36
33,4,21
18,3,29
18,0,21
61,20,25
61,14,44
24,5,8
10,13,43
13,6,27
7,1,5
33,10,10
38,14,47
27,3,26
36,10,15
50,23,60
42,8,24
41,8,31
7,20,52
59,22,17
8,5,32
43,7,25
33,4,31
54,12,39
19,18,51
40,10,23
44,11,21
14,0,16
22,0,20
14,7,35
43,8,34
24,5,15
40,8,23
49,14,18
38,6,24
28,1,23
47,11,32
34,17,50
14,3,10
27,9,38
36,4,25
59,12,40
40,23,60
40,4,29
18,2,25
34,4,25
44,18,9
32,9,13
7,1,4
13,3,0
47,20,55
63,19,56
20,10,38
31,15,48
60,17,31
38,10,15
17,4,12
61,20,23
39,20,55
43,23,59
25,16,48
10,16,47
27,3,17
63,21,27
40,9,40
27,3,30
62,16,39
59,13,42
0,20,48
10,18,49
8,1,23
24,17,49
44,10,19
53,14,28
32,13,3
15,0,14
57,18,24
23,0,20
39,11,41
63,17,53
54,10,38
36,14,6
5,6,31
11,3,0
15,3,28
55,18,33
26,3,17
37,5,32
24,8,36
35,9,16
31,4,29
32,21,53
41,11,15
34,7,19
52,16,24
38,22,58
8,1,19
44,8,28
52,10,41
57,13,47
15,6,33
8,10,38
6,2,27
47,23,61
19,16,47
17,0,20
17,1,20
33,6,26
34,9,17
47,14,16
3,4,24
35,13,5
51,7,38
25,16,47
21,15,47
45,9,32
43,18,52
3,20,48
51,11,38
61,12,40
10,1,2
19,1,17
29,10,10
61,22,59
41,6,32
55,19,18
29,6,15
52,18,16
30,6,22
30,3,21
52,9,43
17,0,14
40,12,14
9,0,24
61,15,34
52,21,59
55,17,22
3,5,27
16,6,3
63,17,51
23,0,18
35,6,34
19,2,12
44,23,60
63,23,59
11,0,7
62,16,51
8,2,23
40,8,31
40,8,30
16,7,0
21,22,56
20,6,5
59,20,22
39,7,23
9,15,45
54,17,29
42,6,26
50,12,24
14,0,8
28,9,6
62,18,32
34,4,31
46,15,18
51,23,60
56,11,42
26,18,51
32,11,11
15,7,34
61,13,48
39,20,54
44,15,48
49,11,24
24,8,2
55,16,28
42,8,39
46,12,26
26,12,4
16,5,31
32,5,32
61,20,31
53,17,18
36,15,46
19,7,1
5,12,39
17,6,33
49,20,8
16,0,24
28,2,23
27,1,26
40,6,36
50,12,39
24,11,41
52,16,50
47,9,27
45,14,14
3,1,19
2,18,46
22,8,10
5,10,38
60,23,16
1,17,45
50,18,26
40,21,3
17,13,42
23,1,24
47,16,49
24,5,33
49,23,60
60,13,48
26,11,40
36,3,30
23,5,11
51,10,33
25,3,15
25,4,16
20,2,10
52,8,41
20,16,46
58,18,30
56,9,40
35,13,45
6,16,45
34,9,13
47,10,44
3,14,41
21,14,45
3,2,23
41,12,42
36,4,31
62,15,38
41,19,54
56,15,34
57,13,43
45,17,50
13,16,46
8,17,46
59,18,33
33,12,16
63,12,45
2,21,50
25,18,50
48,23,61
40,18,3
5,1,19
41,6,28
36,3,26
1,6,31
23,9,0
37,4,28
11,7,31
20,5,3
29,12,1
20,19,51
57,18,54
39,13,10
56,12,45
51,21,8
48,9,41
45,17,9
15,1,8
19,0,21
3,20,51
37,14,9
47,14,23
16,8,4
32,21,55
44,13,20
43,14,47
39,14,10
22,5,13
42,14,17
54,8,39
3,1,16
23,4,13
46,19,16
23,4,24
24,13,45
40,7,27
5,3,29
49,9,36
45,17,11
51,20,13
28,12,9
62,17,32
61,19,32
53,11,40
47,23,59
13,1,10
45,7,31
53,16,22
33,18,51
44,8,29
26,10,2
37,9,39
38,8,35
24,5,9
3,17,46
52,21,13
33,12,43
3,4,29
56,19,36
56,18,32
23,9,6
51,14,24
16,3,14
54,13,35
17,13,43
45,13,20
46,14,17
45,8,29
28,9,7
35,2,28
45,6,34
51,19,18
11,0,1
51,15,21
4,18,47
61,21,20
34,21,55
13,18,48
50,10,39
47,8,36
24,8,6
44,13,21
0,16,45
44,14,19
63,13,42
32,9,39
14,0,23
39,13,46
54,11,41
3,4,28
49,23,61
57,12,37
27,4,13
51,8,38
52,9,42
40,5,29
23,16,48
55,14,32
10,5,32
56,21,13
61,16,33
8,10,37
38,22,57
46,8,30
24,9,3
55,17,23
46,14,48
45,7,30
54,9,41
21,0,17
62,17,34
5,1,2
6,7,35
51,19,17
21,14,44
16,1,7
25,19,53
12,4,1
48,21,6
2,1,19
38,5,31
2,12,38
39,19,54
2,4,25
43,8,37
34,12,8
21,0,18
12,12,42
6,17,47
50,15,23
15,10,38
16,9,37
34,12,6
52,12,46
28,22,55
52,18,13
25,6,33
51,13,29
53,9,42
7,17,48
43,5,35
56,11,45
53,16,50
55,9,43
28,11,1
21,2,13
18,0,13
22,7,7
40,15,12
39,21,2
45,10,43
5,1,21
53,18,15
31,12,2
0,1,17
26,15,47
3,11,39
44,14,21
44,5,36
8,1,22
5,8,36
3,16,44
30,12,5
46,20,57
60,22,17
40,19,3
8,2,3
51,16,29
24,4,11
60,15,38
41,6,29
27,12,6
33,8,37
19,17,49
31,6,16
39,4,31
47,16,21
63,21,28
1,8,33
56,19,29
4,7,34
28,1,20
29,1,23
50,10,35
61,13,46
40,5,32
44,15,11
33,5,21
54,11,36
58,16,33
63,20,56
53,12,31
16,5,2
7,15,43
30,14,4
36,15,9
52,20,13
57,23,23
37,3,29
59,18,30
23,4,22
33,10,39
24,2,17
52,10,38
52,13,29
47,14,17
36,8,17
62,22,22
38,5,30
12,3,27
51,19,13
23,8,1
27,11,1
28,3,19
4,10,37
24,2,28
29,2,27
63,22,24
45,7,35
45,9,33
47,20,7
30,21,55
39,9,39
37,5,31
26,7,11
43,16,11
39,14,9
0,5,28
41,17,52
62,12,43
33,15,47
60,17,54
62,21,27
61,16,40
52,16,27
34,6,20
29,9,11
29,13,44
30,2,22
42,8,38
44,13,18
24,12,42
22,3,29
28,11,7
12,21,53
55,16,23
29,21,56
15,5,4
45,7,29
38,8,17
10,18,48
47,12,23
17,14,43
19,3,11
51,9,42
53,18,55
27,8,35
16,0,20
11,2,19
29,23,57
62,15,51
7,10,38
56,19,22
1,6,26
42,8,21
31,10,12
25,2,15
59,19,55
11,12,41
12,9,37
40,18,52
35,17,50
16,0,12
57,13,45
41,18,3
45,23,60
3,2,16
0,7,25
21,7,1
22,7,2
53,10,38
42,20,55
33,5,30
35,11,10
30,6,17
3,7,32
53,21,13
41,14,46
4,0,15
53,21,11
35,13,8
54,10,44
60,19,26
44,20,56
46,8,29
0,14,41
39,22,58
37,12,44
57,17,54
36,12,12
53,22,59
57,21,24
0,9,25
23,5,24
57,14,40
46,10,33
49,12,27
50,12,35
16,9,0
20,3,7
11,1,1
41,5,28
1,3,23
29,4,22
40,7,33
3,4,23
60,12,42
58,21,17
38,9,19
36,8,16
13,9,36
46,11,21
14,3,1
59,15,38
38,6,33
43,14,21
43,13,17
7,2,3
25,19,52
56,16,30
18,11,39
27,8,7
19,9,37
36,17,3
37,18,52
38,13,9
52,19,14
44,11,18
48,13,19
39,5,28
56,18,36
58,11,38
17,23,57
27,12,43
44,8,25
58,16,32
1,5,30
26,6,16
6,2,24
43,9,23
12,8,36
25,2,23
45,8,26
54,18,24
23,7,3
20,8,5
36,6,32
29,14,0
31,12,5
29,11,4
1,4,23
43,13,46
49,19,12
33,5,29
56,15,49
55,17,28
50,12,26
53,12,35
48,12,47
54,14,39
47,7,36
42,17,14
28,11,9
61,13,39
30,2,25
7,5,30
38,8,20
30,16,49
23,6,5
21,3,13
23,6,8
17,5,0
40,7,22
59,15,50
62,19,35
19,2,11
35,14,9
37,9,21
40,19,2
13,17,47
54,17,30
31,12,10
52,11,36
47,13,23
28,4,25
54,9,40
34,4,29
20,5,5
38,13,10
31,8,12
19,10,38
58,15,51
39,10,40
57,17,26
36,12,43
31,21,55
44,8,35
13,5,30
32,8,38
21,3,11
61,19,30
27,6,12
54,17,21
36,4,28
40,10,22
35,13,6
44,12,44
8,16,45
22,6,13
47,16,14
51,14,29
63,19,55
0,8,34
28,0,24
55,12,37
30,12,44
38,10,41
49,20,13
27,3,25
49,13,19
33,18,0
33,16,0
37,9,20
31,11,43
39,16,11
63,19,37
9,0,1
14,1,3
18,0,17
35,8,14
63,20,31
55,18,29
16,6,32
35,14,8
54,19,17
11,9,30
38,9,16
45,20,5
19,5,4
20,7,2
36,3,25
3,6,31
47,19,7
17,4,1
19,5,7
21,3,28
46,16,15
54,20,11
35,5,21
45,11,21
38,12,12
34,15,2
49,10,29
29,8,38
58,17,53
21,1,16
40,17,50
62,14,39
27,8,36
31,12,44
62,17,36
16,3,4
35,11,16
33,21,0
20,12,41
35,22,57
20,6,15
31,4,32
58,14,37
35,12,7
23,3,18
27,17,50
52,19,12
33,15,0
61,16,39
7,9,37
31,13,1
15,2,7
13,6,33
63,23,26
14,4,30
47,6,35
3,21,50
61,17,33
46,16,51
56,16,27
43,13,13
59,19,30
15,11,39
48,16,19
0,17,45
20,4,11
55,17,20
24,0,23
33,5,20
39,22,1
0,18,46
27,10,3
15,7,2
36,5,28
25,20,54
51,20,14
54,12,36
45,8,30
8,1,0
32,11,8
38,21,56
37,23,58
22,4,30
52,17,18
14,3,29
47,11,22
52,19,13
7,0,1
25,5,32
59,22,15
24,0,21
18,22,54
46,21,56
12,0,11
43,15,11
33,14,4
21,6,32
5,18,48
12,3,1
32,8,12
52,11,46
44,8,31
30,22,57
54,17,18
45,20,55
51,17,16
8,3,24
42,16,50
18,4,29
57,17,30
34,12,9
60,20,26
46,14,21
37,19,54
21,5,9
23,2,14
6,5,30
29,5,22
23,15,47
53,19,13
40,7,37
19,11,40
13,4,25
62,19,29
25,0,26
63,13,43
33,4,30
41,12,15
31,3,29
4,6,31
15,2,4
32,18,50
61,22,20
48,20,14
41,5,34
31,11,11
31,9,38
28,0,23
49,21,13
39,3,29
40,9,20
51,16,50
6,18,46
60,20,22
17,16,46
40,17,8
49,7,36
44,7,38
22,6,10
33,6,19
21,13,42
30,1,23
32,12,7
40,6,23
21,22,55
34,10,41
28,5,14
58,17,30
3,9,36
3,2,24
44,16,12
36,11,12
35,6,35
9,0,21
13,4,28
7,23,55
38,17,5
58,10,42
6,1,22
43,14,18
23,5,13
18,6,6
33,3,24
54,15,26
49,18,18
41,23,0
48,15,50
23,0,24
42,16,9
35,10,40
11,23,56
42,22,2
3,0,19
62,21,57
37,6,20
53,17,53
44,7,31
17,4,8
33,9,12
37,10,21
27,6,35
51,13,23
20,6,7
18,5,8
11,6,32
31,9,11
62,21,24
59,23,26
31,12,14
59,13,47
32,10,13
26,15,46
24,10,40
25,2,25
58,19,24
19,2,9
16,2,13
51,21,9
31,11,7
22,3,27
23,7,35
9,23,56
28,3,17
46,6,35
47,17,20
49,11,31
58,22,26
20,1,12
39,15,12
40,13,13
3,19,49
35,22,55
56,17,33
27,15,46
62,14,48
28,9,38
31,6,21
57,13,42
25,18,52
60,11,40
44,18,6
56,12,36
35,5,22
43,13,18
32,12,16
38,11,12
61,20,26
22,12,42
43,10,23
48,15,15
39,4,27
50,9,36
29,8,37
8,11,40
18,3,7
36,13,8
35,18,51
21,9,38
20,1,18
57,19,22
43,22,59
59,19,29
28,15,48
9,21,52
41,9,39
18,19,50
62,22,32
46,9,36
22,7,35
55,20,12
23,8,6
49,15,50
21,4,7
43,21,57
14,21,53
57,23,24
24,2,18
48,19,16
21,4,29
63,20,33
36,14,12
29,5,13
40,21,55
16,2,11
8,2,19
39,21,1
51,16,23
49,15,19
35,15,10
16,12,40
12,8,32
12,3,2
31,5,32
56,20,14
4,15,44
41,8,37
11,5,30
54,13,32
54,17,52
37,16,2
7,1,19
40,18,51
44,13,16
39,5,25
17,17,47
34,10,12
28,2,28
7,2,26
57,22,18
36,16,3
56,18,19
22,1,27
30,14,46
39,23,58
17,5,31
38,15,7
51,18,53
63,22,59
38,17,3
53,21,10
31,10,40
40,7,34
21,5,4
9,3,4
56,18,23
41,4,33
18,18,49
52,13,47
52,14,23
7,0,3
41,5,35
53,13,33
48,11,27
31,11,5
51,12,32
6,23,55
26,12,6
45,12,17
40,15,48
33,3,28
19,20,53
28,9,5
53,15,29
14,13,43
15,4,7
39,6,33
39,18,1
17,0,16
26,22,55
58,17,29
52,11,33
61,21,27
3,0,18
20,2,13
20,0,21
45,13,18
19,1,26
62,22,28
46,10,31
53,16,23
32,8,13
46,19,6
29,2,22
34,10,10
4,3,17
36,15,6
56,20,16
29,4,31
49,12,26
43,14,12
17,3,27
14,14,43
55,12,35
47,17,52
20,3,29
34,4,21
2,12,40
11,1,0
24,10,39
33,12,5
46,19,15
30,17,49
15,2,6
14,1,24
12,21,52
45,8,34
49,18,13
19,3,9
58,11,39
50,12,27
41,12,13
50,10,40
5,4,28
18,2,14
39,10,19
50,13,37
22,2,17
38,23,3
27,9,9
37,7,23
60,16,50
58,16,37
62,22,19
45,8,32
25,22,55
54,18,27
49,19,18
51,11,34
45,22,59
49,19,55
48,16,50
13,0,22
27,3,29
19,6,5
49,20,56
62,22,26
44,12,19
12,2,11
27,13,4
47,21,57
53,12,32
49,8,34
60,22,27
9,1,4
1,19,47
61,20,57
29,11,11
27,11,9
19,10,37
38,4,32
39,23,59
0,0,18
22,10,0
52,14,31
32,16,1
51,15,50
0,14,42
12,1,24
39,10,17
46,18,9
60,21,27
16,4,7
59,17,34
42,15,18
61,11,45
28,4,30
5,3,22
16,22,55
7,1,25
30,4,18
14,0,10
53,19,49
9,4,29
15,3,3
61,15,50
26,3,29
22,18,51
27,9,5
50,19,18
46,18,16
38,7,24
5,16,46
35,20,54
11,22,54
57,13,37
8,0,7
16,7,5
4,5,28
40,6,34
51,10,36
54,16,23
16,3,12
23,8,3
35,3,24
42,14,13
34,9,16
16,1,17
31,21,52
53,16,33
28,1,25
59,18,29
30,6,15
13,1,2
62,20,29
56,20,57
56,17,52
21,2,25
19,2,26
44,19,6
38,9,40
26,5,23
38,13,11
46,12,30
52,16,30
8,2,1
40,15,8
47,11,26
44,15,13
37,7,33
11,0,19
50,20,17
32,11,41
43,15,47
16,5,32
54,19,23
25,20,53
39,4,29
5,2,23
18,9,36
53,15,50
44,16,9
50,8,42
24,1,16
42,10,21
40,5,26
51,20,10
44,21,56
48,18,16
62,23,23
18,18,50
15,6,2
40,7,24
36,15,47
60,16,39
48,8,41
41,6,30
6,11,39
53,15,28
36,6,20
57,14,36
53,20,57
22,0,21
51,14,36
11,5,28
52,11,40
23,3,20
43,9,26
34,5,28
56,11,37
29,5,17
51,14,37
16,1,12
33,9,11
29,10,40
25,7,7
42,7,38
9,1,1
10,19,51
45,11,31
49,10,32
38,9,39
55,18,19
35,7,35
24,2,16
40,16,50
57,18,22
38,17,2
44,9,23
22,5,9
36,20,55
45,8,28
12,22,55
8,21,53
43,7,26
23,7,10
40,13,44
55,16,30
57,19,25
41,9,22
40,17,4
3,13,42
11,10,31
25,1,21
0,0,17
31,18,2
47,19,16
58,15,36
14,5,30
46,9,35
43,9,39
48,13,21
13,0,8
14,12,42
56,17,34
53,11,46
13,2,2
29,22,56
19,1,22
17,4,9
32,7,19
20,3,13
29,7,10
22,7,10
46,10,26
13,18,50
20,19,52
8,14,43
9,2,4
17,1,23
20,18,51
9,7,34
18,10,0
21,5,31
29,5,15
11,8,31
33,14,46
41,11,41
3,22,51
21,6,12
49,9,33
32,16,48
40,5,30
59,19,33
56,15,31
25,10,40
30,9,40
60,17,35
8,22,53
29,20,55
18,8,35
20,21,53
40,16,6
61,17,40
0,12,39
61,14,49
41,4,29
46,17,10
1,5,29
24,21,55
11,7,34
28,6,12
59,20,25
41,11,22
41,5,32
21,3,27
43,20,54
62,22,25
45,5,34
46,14,47
46,7,38
56,13,39
19,4,30
10,6,32
46,12,21
50,10,44
57,18,21
31,7,21
50,13,23
5,17,47
17,19,51
43,14,14
21,17,48
58,22,15
41,13,11
31,3,27
10,0,20
11,1,4
60,20,24
6,14,44
15,15,45
22,10,40
42,13,41
30,21,54
58,20,30
51,13,22
11,10,30
33,21,1
41,18,5
60,12,38
1,18,45
26,4,25
8,3,2
4,19,47
60,23,58
60,23,14
50,13,27
54,21,58
23,6,13
32,11,10
63,18,55
22,5,32
32,12,4
15,18,48
33,11,16
20,2,11
50,8,40
58,21,14
60,18,34
19,14,44
42,21,56
23,14,45
35,4,26
39,17,12
37,6,34
35,21,56
18,3,6
43,20,55
5,10,37
40,11,14
33,2,26
7,6,32
23,14,46
31,7,17
18,20,51
29,8,8
8,14,44
15,5,8
37,16,6
36,3,31
38,18,4
30,3,20
54,22,58
35,13,44
26,2,18
37,5,29
23,5,7
45,12,31
60,13,42
47,18,9
23,2,22
21,6,15
25,11,0
56,12,44
12,12,41
63,12,44
57,12,39
34,5,22
12,1,0
19,3,29
61,17,35
0,6,26
27,10,5
49,11,44
16,9,36
29,4,27
13,5,31
10,1,3
39,9,40
55,11,45
32,11,5
45,12,20
23,22,56
24,4,29
56,12,39
27,4,15
43,13,45
30,9,8
39,16,12
28,17,51
20,15,46
6,21,52
32,9,10
48,14,17
52,20,57
27,13,6
16,19,50
33,3,25
56,18,30
33,9,16
62,20,27
11,21,53
1,3,22
50,16,50
47,8,37
19,15,45
7,16,44
45,22,58
33,14,5
29,6,11
40,16,5
50,15,25
29,13,45
51,14,20
26,5,15
49,8,38
48,22,58
35,9,12
57,22,13
63,13,41
6,23,54
40,19,54
52,12,36
49,18,25
21,9,6
27,14,47
16,4,12
57,22,24
55,16,29
11,4,0
23,7,4
35,13,7
42,15,13
63,12,46
24,4,13
56,22,27
35,9,17
46,7,34
0,15,42
9,5,31
46,10,30
40,15,7
32,7,36
13,3,28
48,18,19
32,2,23
13,19,50
43,16,13
16,8,34
7,14,42
30,2,27
2,8,33
50,9,37
59,13,43
38,13,12
51,13,47
43,13,20
50,8,36
45,11,25
63,14,46
31,4,19
49,13,35
28,14,0
36,5,21
45,21,15
51,23,9
3,3,26
53,23,10
1,5,25
53,10,41
60,23,17
12,19,51
49,14,49
16,18,50
31,8,11
49,16,18
33,6,18
34,3,24
54,11,45
59,21,26
12,9,34
60,20,56
37,3,31
60,19,25
35,14,5
51,10,38
42,19,53
8,5,23
45,14,47
50,18,53
2,5,29
30,3,22
20,14,45
28,11,0
35,10,13
11,2,26
44,11,43
36,5,22
26,4,15
25,8,9
47,9,37
36,6,19
40,15,10
7,20,51
16,7,2
43,7,30
18,15,46
33,6,34
62,20,56
35,9,18
31,2,25
34,7,37
45,9,25
0,20,47
45,20,56
34,9,12
50,18,13
51,22,59
5,1,15
48,7,39
3,6,30
25,7,9
44,9,24
39,6,24
9,14,42
37,18,1
43,17,50
28,3,29
2,19,47
42,10,32
21,3,29
49,7,40
2,15,42
57,17,28
54,11,40
40,16,12
43,16,10
39,10,16
16,12,42
46,11,45
53,17,50
20,3,27
35,8,16
23,8,37
40,5,28
42,4,33
16,21,54
16,17,47
32,14,45
57,9,41
56,18,22
20,17,49
30,7,21
35,3,29
44,9,40
11,7,32
47,22,58
52,9,40
2,12,39
39,6,23
31,4,28
8,0,6
51,13,31
56,19,15
2,5,26
30,11,9
29,3,21
44,10,31
55,23,58
58,16,36
41,17,7
44,15,18
31,11,6
27,1,27
61,21,30
34,9,39
21,21,55
37,4,29
40,6,29
25,3,17
3,14,43
58,10,41
23,18,51
6,9,37
13,12,41
6,17,45
56,12,37
58,13,37
17,7,35
44,11,19
44,14,15
20,13,43
41,19,2
44,13,45
57,12,46
48,12,23
17,3,4
42,10,42
50,15,26
56,18,21
39,14,46
12,4,25
41,9,20
59,12,38
59,14,38
45,8,33
37,9,38
57,21,58
0,2,21
17,4,15
35,4,30
47,11,43
36,13,13
29,14,46
45,16,12
21,1,23
21,9,0
22,2,16
1,6,30
44,7,30
53,13,31
57,11,41
12,5,28
7,2,28
49,14,20
6,0,20
24,2,21
44,17,18
20,7,0
43,15,20
63,23,25
30,13,1
33,2,27
52,20,56
10,13,42
35,19,52
9,3,25
5,6,32
4,3,27
29,3,20
7,15,44
38,17,50
8,8,36
7,3,25
26,3,24
44,7,33
60,12,43
34,5,30
59,20,57
24,2,24
32,15,47
30,7,22
51,12,27
39,7,36
9,0,5
11,5,31
26,1,19
51,19,16
48,22,60
22,9,38
52,14,35
0,2,22
20,5,10
13,5,32
46,17,15
16,3,1
6,2,1
32,9,14
26,17,49
27,3,18
0,9,27
20,4,30
54,20,12
32,11,14
54,13,38
23,7,15
19,3,17
31,8,10
35,4,31
48,8,37
58,11,46
31,10,41
29,5,23
42,5,29
13,1,7
45,18,18
31,10,13
61,23,31
13,5,1
25,2,20
19,2,13
23,17,49
20,1,17
50,18,54
33,5,18
35,14,47
12,9,36
53,17,16
32,6,16
36,4,26
16,1,14
24,14,44
13,9,35
34,21,56
1,19,48
14,5,32
10,20,52
11,3,29
46,10,43
47,9,42
19,1,24
42,19,2
30,17,51
58,17,31
22,4,18
14,9,38
9,3,29
36,16,2
46,8,32
52,20,12
12,1,4
25,3,29
50,8,39
43,8,32
13,2,0
45,7,37
55,17,52
31,20,54
14,12,40
8,3,29
57,10,41
42,9,20
31,7,13
41,12,16
61,21,25
16,8,36
53,13,35
44,8,40
59,18,28
31,5,33
18,17,47
18,4,3
19,5,5
18,1,25
12,9,30
36,19,53
39,7,21
13,0,15
21,7,6
17,4,6
50,22,58
37,16,50
12,7,34
51,15,19
12,6,27
41,15,10
32,3,23
37,14,8
23,7,5
11,6,30
58,15,37
43,17,9
50,21,58
15,13,43
31,5,34
54,12,33
59,17,35
59,16,31
46,13,47
14,4,0
24,1,24
59,12,47
36,21,54
11,0,21
30,2,28
22,5,31
6,1,1
54,14,31
8,12,41
6,4,30
4,16,46
9,3,28
16,23,56
17,5,30
62,15,49
47,11,25
33,5,32
60,14,38
24,13,43
29,16,49
29,12,3
48,12,20
17,10,39
31,8,17
44,12,20
19,8,35
55,15,26
44,6,30
13,12,42
28,3,18
56,18,33
57,16,36
32,22,57
34,3,27
12,4,30
12,1,1
7,7,34
37,6,21
17,20,53
11,0,24
60,15,39
54,13,31
36,8,18
59,10,43
41,15,9
31,10,10
32,12,43
20,10,39
56,14,39
49,19,9
1,0,17
20,5,32
14,0,11
55,22,58
39,16,50
18,6,7
18,7,0
27,2,25
32,4,28
18,14,43
22,22,57
33,10,9
54,18,29
57,15,34
37,10,13
63,15,51
45,19,16
5,23,52
39,22,4
21,8,7
28,9,8
3,4,26
22,22,55
46,13,19
52,19,29
49,11,26
47,10,23
7,3,1
14,22,55
59,20,26
41,9,21
26,11,6
62,14,40
6,8,34
1,6,28
33,14,45
44,6,37
50,20,10
34,12,7
24,8,4
12,6,30
37,7,35
3,6,28
23,5,15
22,20,53
63,22,25
41,13,40
22,7,5
60,11,42
41,15,49
62,17,35
19,2,25
60,19,31
23,7,34
36,9,14
29,21,54
35,15,3
53,9,37
10,2,26
60,20,21
43,14,20
58,14,34
26,7,10
40,14,46
29,15,48
36,21,56
39,6,30
23,22,55
7,0,21
42,12,44
45,15,14
15,6,1
18,21,54
9,0,2
55,12,36
21,20,54
57,20,27
39,20,1
44,8,38
10,1,19
33,12,6
35,8,37
48,12,25
21,8,2
22,7,6
43,12,15
36,6,34
34,13,45
41,19,1
16,4,29
45,7,36
7,10,37
18,12,41
37,12,43
45,9,31
61,19,29
40,6,24
47,17,53
21,5,8
9,2,27
9,22,55
58,13,48
21,7,33
49,14,24
60,20,30
52,20,11
15,9,37
12,0,5
17,0,15
44,16,11
25,2,28
1,13,41
15,3,0
16,11,40
37,9,17
20,0,22
35,5,33
1,4,26
17,5,1
2,3,23
47,20,56
26,0,21
46,7,33
48,13,48
23,7,6
11,22,55
15,2,26
20,18,49
40,20,54
51,11,46
48,10,26
12,3,28
33,11,9
26,5,17
45,18,9
6,6,32
25,11,1
62,21,25
43,15,18
17,7,34
31,13,4
2,14,40
6,12,39
19,2,18
23,0,26
34,9,11
60,15,51
25,12,43
29,4,32
37,4,32
47,14,26
36,6,21
3,5,30
14,17,48
6,1,3
60,12,39
3,11,38
0,3,23
17,3,13
21,2,24
62,16,35
13,2,1
36,15,8
5,15,43
49,11,29
22,7,4
53,10,40
45,14,17
58,18,28
52,22,10
41,11,42
26,5,31
35,5,34
29,3,22
42,5,34
14,6,0
30,9,9
31,13,44
22,8,37
27,14,5
45,12,45
26,1,27
63,14,40
38,9,20
47,14,48
45,13,25
62,18,34
40,7,29
63,23,24
38,17,4
6,3,29
45,8,31
3,13,40
21,17,49
60,21,25
58,16,30
8,3,27
48,10,27
6,10,38
24,4,30
31,20,52
49,13,20
31,13,5
61,22,18
15,0,9
63,21,32
41,18,4
60,16,40
42,8,37
42,7,26
0,7,26
16,4,9
25,21,56
17,3,5
26,23,56
12,4,24
18,3,8
63,13,40
19,22,55
1,13,39
31,9,40
10,12,41
58,17,35
36,5,32
44,15,20
49,20,12
50,19,10
37,12,14
38,18,2
59,19,26
58,20,19
58,14,49
28,3,27
45,16,17
50,21,8
56,16,33
51,12,40
17,5,32
0,7,27
60,18,55
56,10,40
12,2,3
56,13,36
19,6,32
13,0,5
35,12,43
37,13,7
10,1,7
20,7,6
40,23,2
34,7,17
62,21,34
25,8,3
19,1,14
29,7,11
61,17,32
32,22,53
57,21,13
21,2,22
25,21,55
51,15,51
50,9,42
37,8,37
51,16,51
29,6,35
19,20,52
55,13,35
56,10,45
27,7,8
39,15,49
19,3,12
38,21,3
44,9,41
45,6,36
41,7,23
29,2,24
43,13,16
52,21,9
14,3,2
53,13,38
28,4,26
28,1,27
45,13,26
49,13,21
53,14,30
22,18,49
7,7,33
17,2,9
31,4,18
19,8,36
28,4,16
41,10,19
14,18,49
62,19,34
4,1,17
14,7,34
41,10,42
15,17,48
37,19,53
11,1,7
36,14,8
24,1,25
9,23,55
38,16,5
23,11,40
56,13,48
30,10,40
25,4,17
17,2,13
6,14,43
59,17,52
38,21,55
28,2,27
44,22,59
38,6,30
53,14,31
60,19,27
59,11,44
55,19,57
25,10,0
17,16,47
43,23,60
10,0,23
35,11,13
15,0,22
21,8,11
12,10,39
40,17,11
16,9,3
40,8,36
8,2,27
51,20,57
49,10,33
28,8,35
43,8,30
31,4,26
58,20,24
10,0,19
54,10,45
20,6,0
8,4,25
27,5,11
11,0,5
59,21,28
9,22,53
30,6,18
23,17,48
20,5,2
43,12,44
41,23,1
34,19,53
21,11,39
62,19,32
4,17,47
28,13,44
12,7,33
16,8,6
55,14,31
51,12,47
34,11,8
16,1,10
58,21,16
46,6,38
63,18,54
11,16,47
44,9,22
33,1,26
31,1,27
9,20,51
18,7,34
22,6,6
55,9,41
34,15,0
47,6,36
11,0,6
4,4,27
48,17,13
48,18,18
60,19,55
54,11,46
46,8,31
47,15,16
12,9,35
44,12,18
17,3,14
7,5,31
31,2,27
61,23,17
23,8,2
28,11,8
16,8,35
53,11,38
32,12,12
35,20,53
37,11,11
31,9,21
45,14,26
32,17,50
53,17,23
24,8,1
32,7,13
35,3,31
57,18,36
15,12,42
9,2,2
18,6,1
37,8,35
58,23,14
35,15,46
57,12,40
12,4,29
62,21,58
13,7,34
44,19,54
2,6,31
14,1,13
38,18,52
52,16,19
43,19,5
42,16,13
41,13,44
3,16,45
43,6,31
22,4,29
26,7,16
20,3,28
17,7,3
21,1,20
42,12,17
24,21,54
54,8,42
31,11,10
60,11,41
4,2,17
58,14,35
57,11,46
36,16,48
53,14,49
50,18,14
35,6,22
59,20,56
31,8,22
12,4,0
61,20,24
54,15,28
41,7,27
51,18,15
49,10,31
44,9,27
39,16,49
40,12,15
55,21,11
37,11,43
47,10,30
52,19,50
29,3,29
37,14,6
53,8,39
59,17,32
35,16,49
49,23,59
48,10,25
3,10,38
53,11,35
38,23,59
61,19,33
54,17,24
54,18,55
42,13,40
14,20,52
4,13,42
41,14,10
23,2,13
35,3,30
21,6,6
57,14,37
41,12,23
41,16,8
19,3,7
9,1,24
35,10,11
53,16,18
52,18,54
60,11,43
16,20,51
57,20,16
36,11,10
7,2,5
42,8,22
63,15,48
7,1,24
22,4,17
40,7,35
56,10,44
25,9,3
22,5,11
36,16,7
45,15,49
52,15,30
9,15,43
31,2,22
41,23,60
14,1,5
47,13,46
21,8,10
42,11,40
36,17,2
40,14,11
7,16,46
25,1,26
15,9,36
41,8,35
28,11,4
2,19,49
56,17,53
32,7,35
15,5,7
57,15,51
29,5,18
30,8,10
50,21,57
33,9,40
23,8,35
8,20,50
45,16,11
25,1,19
58,12,37
30,2,21
27,14,46
19,7,0
31,13,13
37,7,19
52,15,22
54,16,27
11,6,33
38,11,15
58,20,25
18,5,7
37,10,15
53,19,28
36,3,28
21,7,5
25,6,7
55,13,37
53,18,50
15,0,17
55,13,33
31,9,10
57,16,32
3,12,39
43,6,35
38,9,21
29,13,1
50,13,25
59,22,16
37,17,3
48,15,20
15,19,50
43,13,14
11,1,20
0,5,25
61,23,59
50,15,19
18,9,37
59,18,34
19,6,31
29,14,1
32,9,16
45,10,25
54,14,34
21,2,14
52,18,50
40,4,31
41,17,50
35,7,19
38,14,46
23,10,39
26,4,30
41,7,33
17,20,52
22,16,47
19,8,3
22,8,5
37,6,33
43,8,23
50,16,16
32,6,36
17,1,12
49,21,57
19,5,11
28,3,28
17,2,12
32,7,14
31,8,37
47,9,38
50,14,31
21,3,15
2,20,49
20,22,55
43,16,49
55,15,49
37,7,22
23,17,50
32,21,56
20,4,7
58,20,22
33,3,29
23,3,13
27,15,47
50,20,12
59,15,34
54,16,22
21,21,54
28,11,42
43,16,9
39,19,3
20,0,15
59,14,36
34,8,18
44,15,17
17,4,4
27,6,33
59,16,34
47,16,13
12,5,27
43,6,34
63,23,28
34,10,16
54,18,18
27,10,39
48,9,30
62,16,33
59,13,45
54,14,28
41,15,47
42,19,4
15,18,50
44,8,24
37,8,17
39,10,41
60,21,21
12,1,2
28,1,26
50,23,10
46,16,49
57,15,31
26,3,14
22,4,10
16,5,0
51,13,28
10,4,31
45,23,61
62,23,25
21,0,21
21,6,2
39,9,20
30,12,3
46,16,13
42,15,10
35,3,27
34,5,29
52,8,40
28,13,45
56,10,43
7,23,56
42,17,13
56,18,18
41,20,1
35,7,23
18,2,26
53,17,30
43,8,24
0,10,36
18,1,22
16,4,28
52,11,39
24,7,3
2,3,25
42,21,57
52,9,39
13,1,9
22,2,28
38,13,46
15,11,40
15,0,21
47,11,33
1,3,24
10,2,27
29,10,5
38,5,27
17,3,7
38,7,36
19,8,2
46,16,17
3,5,25
27,12,2
20,12,40
58,21,25
6,11,38
25,9,38
36,2,28
21,3,20
60,16,52
8,19,50
35,15,1
52,13,33
19,2,8
40,11,18
59,23,58
52,9,37
29,3,28
44,14,14
11,7,35
61,17,52
15,20,53
10,8,36
44,7,35
25,7,36
40,7,30
14,21,54
24,12,1
55,18,16
24,8,37
30,12,2
23,2,26
45,16,15
32,8,37
18,0,14
47,7,40
46,21,15
49,11,46
43,19,54
9,14,44
20,12,42
36,7,18
39,7,34
48,7,36
59,15,51
50,16,26
32,14,3
17,4,10
54,11,37
25,2,19
30,7,11
50,11,33
42,12,14
46,23,59
21,6,33
52,12,38
10,14,43
41,10,18
35,9,13
40,13,45
39,23,3
33,4,20
26,0,24
41,23,59
40,9,19
11,2,27
13,7,33
43,6,32
59,13,36
28,15,47
20,23,57
16,4,0
55,11,38
33,11,10
26,1,20
33,9,10
44,19,55
27,22,55
49,15,18
55,20,13
10,7,33
9,21,53
33,16,2
58,20,57
49,14,17
33,22,0
53,15,26
27,11,7
44,21,57
38,16,49
3,20,50
60,12,46
32,13,44
49,15,16
37,14,12
48,14,24
18,17,48
26,8,5
44,20,4
26,6,17
9,8,35
46,20,16
57,13,39
2,4,28
34,5,26
49,12,45
29,1,22
55,18,54
14,2,5
24,4,23
8,13,42
34,19,0
52,15,20
18,4,28
48,13,24
49,9,42
6,0,0
39,6,25
13,5,28
54,8,40
17,15,46
57,11,45
13,2,9
28,6,33
33,8,18
60,22,16
9,3,5
40,21,56
49,13,48
49,15,17
57,16,34
59,14,50
52,11,37
9,5,32
25,8,36
35,16,0
28,10,8
58,18,25
28,2,20
59,21,27
61,15,38
21,2,20
55,16,31
47,14,49
30,1,25
55,10,39
41,14,11
13,6,28
28,11,41
40,6,31
20,4,17
11,3,27
29,21,55
49,13,24
30,5,16
57,13,44
40,8,37
58,11,42
52,19,28
20,1,14
40,22,58
16,4,4
22,21,54
34,15,3
53,14,27
20,8,36
14,0,18
37,11,41
41,13,12
53,15,25
52,12,45
21,0,19
44,20,5
12,2,2
48,15,19
48,9,31
30,9,10
14,2,3
13,13,41
46,16,14
14,10,37
21,4,15
15,4,1
30,5,33
45,6,33
43,7,36
11,3,3
29,1,27
37,4,31
28,4,28
37,15,48
60,16,38
21,9,4
60,16,33
14,13,42
53,9,39
21,0,23
59,17,54
45,19,54
25,4,12
7,12,40
35,6,26
35,7,37
48,10,34
14,2,25
56,17,25
43,14,46
46,8,28
59,12,41
37,11,13
39,12,13
31,23,57
19,21,54
24,9,0
8,1,4
37,6,22
3,13,41
52,13,35
18,6,4
26,5,13
1,5,26
53,11,39
34,20,54
52,19,56
44,16,10
46,11,43
32,16,2
15,21,52
61,14,45
20,4,8
16,5,1
16,0,9
28,4,15
39,4,30
51,14,23
41,12,41
43,12,21
42,10,17
46,10,29
33,9,39
32,19,53
34,11,41
53,20,11
22,21,55
50,12,47
1,20,48
2,5,28
24,9,1
17,1,24
17,8,36
53,22,10
43,8,35
10,0,0
48,16,51
4,5,29
23,5,10
59,17,31
30,5,17
38,11,43
34,17,49
2,6,30
3,13,39
31,3,20
50,11,27
25,10,1
47,7,39
5,20,50
22,18,50
20,23,56
46,17,52
24,19,53
39,17,50
13,0,18
28,3,20
49,20,9
39,19,2
57,23,13
55,17,53
51,12,33
21,6,5
31,7,12
21,9,1
56,20,25
46,17,20
19,4,7
26,1,24
50,17,13
3,23,51
19,5,1
37,7,18
28,3,16
58,23,26
34,13,4
50,10,38
46,20,8
58,13,47
10,3,29
38,11,14
19,1,11
47,21,5
21,6,7
13,2,24
62,19,30
14,15,46
29,6,14
46,11,44
51,16,19
48,17,15
55,14,49
58,20,16
11,4,29
0,1,18
30,5,23
40,17,51
52,14,30
52,16,28
5,5,32
50,10,34
42,13,46
40,19,53
43,12,17
19,21,53
10,0,21
62,12,42
46,11,20
0,6,28
59,22,28
5,19,49
35,17,1
23,10,38
8,3,1
40,10,41
1,14,42
24,3,13
45,9,35
42,10,26
20,3,11
21,2,21
59,10,42
32,1,25
63,14,38
55,13,47
34,10,40
45,18,8
13,23,55
33,19,53
40,9,23
44,16,50
49,17,14
20,2,15
16,2,8
10,6,33
30,4,30
59,21,15
35,21,54
30,12,10
36,15,3
60,18,35
19,13,41
42,12,18
18,16,47
7,22,53
42,7,24
37,17,1
30,9,11
33,15,1
23,11,41
58,19,20
48,6,37
16,2,27
36,17,1
50,19,11
44,6,36
49,21,58
52,12,34
48,19,9
33,8,13
59,16,35
30,13,5
13,3,27
22,1,17
29,6,18
22,6,11
55,19,55
34,20,53
9,4,28
58,15,49
54,20,56
10,0,24
52,12,30
38,8,19
56,22,11
18,3,4
48,10,43
10,23,56
42,13,17
51,8,39
41,7,34
39,11,16
49,12,23
51,16,25
63,20,35
49,22,60
32,10,12
17,1,9
44,9,26
27,18,51
30,11,11
20,22,56
4,10,36
7,12,41
18,0,12
6,3,26
26,22,56
53,20,13
13,1,8
57,20,25
60,17,40
19,16,48
50,21,18
13,2,27
38,20,54
15,15,46
59,15,35
34,16,49
1,2,22
22,5,30
22,7,34
41,7,36
27,3,16
62,20,57
2,1,21
10,10,38
55,18,55
40,14,12
14,3,5
47,12,24
55,18,22
55,14,29
51,20,16
41,11,43
62,18,33
12,1,26
28,5,13
22,1,23
41,15,48
29,12,44
22,22,56
34,8,13
47,18,16
27,9,34
1,17,46
42,17,8
4,1,20
40,21,57
3,8,35
41,7,35
6,3,28
49,13,22
32,11,42
34,3,30
55,10,40
22,8,1
32,14,0
49,16,16
17,5,4
16,3,27
45,9,40
37,13,44
52,21,57
31,6,35
49,9,35
20,14,43
46,9,26
57,10,39
29,8,10
32,13,11
40,7,23
35,9,15
29,9,6
1,12,39
48,8,33
29,11,2
55,17,19
45,15,47
37,21,55
17,7,0
31,10,9
45,8,27
30,5,34
40,18,53
24,10,1
61,23,19
30,8,38
24,6,34
38,12,13
36,13,44
17,10,37
54,21,10
56,20,15
11,11,40
46,17,11
50,9,39
34,7,34
18,4,2
11,23,55
30,14,1
16,5,3
45,8,40
48,10,44
52,22,9
23,1,18
51,15,24
13,0,11
34,16,48
41,12,44
16,2,12
28,5,12
40,20,2
59,16,51
29,9,9
0,7,32
27,9,8
32,13,45
17,3,9
47,15,21
31,14,46
55,13,39
46,10,27
17,1,11
25,4,20
39,6,29
7,1,26
23,2,27
62,13,48
30,20,54
39,18,2
17,20,51
33,19,52
6,19,49
35,14,4
38,4,29
0,6,25
23,13,44
30,12,11
62,17,40
32,5,31
33,7,15
36,6,35
1,7,31
42,12,43
20,0,18
32,1,26
5,0,16
13,14,44
41,13,46
52,12,29
34,11,42
50,9,34
48,21,57
63,16,35
22,0,23
54,19,13
9,4,31
40,20,3
57,20,23
23,7,7
31,10,6
11,0,23
17,1,15
43,8,36
46,8,38
33,12,17
36,4,29
57,17,24
39,19,0
41,11,23
49,23,58
28,17,49
22,2,14
19,0,20
52,13,30
2,20,48
55,10,43
33,5,34
48,10,32
2,16,45
56,16,34
36,20,54
18,23,57
42,12,16
54,15,31
30,3,27
56,16,31
34,15,48
61,13,45
60,16,51
6,0,21
44,15,12
22,3,21
34,11,9
29,0,25
38,12,11
13,5,0
35,9,39
58,17,28
17,4,0
39,8,19
52,18,28
25,9,2
57,20,14
0,8,26
32,14,46
3,7,33
45,16,10
62,16,52
34,2,28
23,21,55
59,10,44
12,0,24
44,20,55
34,9,40
47,13,19
40,6,27
22,2,27
50,14,24
4,11,39
39,9,17
15,0,23
57,13,36
50,15,50
47,18,11
23,2,28
12,8,34
50,11,28
50,20,18
32,14,1
23,3,29
28,5,15
7,0,0
1,20,47
5,11,39
46,17,14
58,21,58
59,15,33
31,4,30
18,1,10
47,10,25
45,14,18
62,15,39
35,18,52
43,16,14
25,2,17
28,17,50
3,3,24
60,19,29
57,18,23
35,2,26
40,4,33
61,12,46
50,11,34
62,18,35
32,6,15
38,6,31
41,9,23
46,21,57
27,20,54
19,19,50
62,12,44
41,17,51
13,15,46
16,7,6
25,5,9
54,11,35
37,17,5
15,8,35
17,8,3
39,21,4
63,14,45
62,18,55
53,11,45
9,0,23
39,9,38
20,5,8
26,9,2
51,17,29
44,8,30
12,15,45
18,5,0
12,13,42
50,19,15
27,19,54
45,20,16
34,6,21
6,10,37
1,7,33
22,10,38
35,10,10
39,13,45
34,20,1
22,14,46
61,14,40
0,5,24
10,5,30
60,13,40
53,8,40
36,10,40
39,18,4
41,8,30
28,0,26
33,9,18
52,15,28
27,10,8
37,16,48
7,4,31
9,4,27
8,3,23
22,4,22
23,3,24
53,8,42
52,18,17
27,17,49
31,9,12
31,4,21
24,0,24
58,17,34
22,6,4
24,9,38
39,22,3
18,5,5
32,4,27
39,3,30
39,17,11
54,9,43
16,3,11
41,8,36
49,8,41
51,17,52
31,13,3
14,0,21
7,18,49
50,16,24
45,20,4
61,18,33
45,11,20
5,1,20
45,8,35
21,20,52
25,22,56
45,12,29
61,18,55
21,16,47
25,5,10
61,12,41
23,6,7
56,14,40
29,6,34
59,14,49
5,15,45
40,11,15
31,11,12
32,4,26
24,3,12
20,7,7
1,16,44
54,20,16
47,20,16
55,20,16
52,18,55
8,1,20
46,12,20
3,9,35
0,11,38
23,6,15
18,1,23
15,3,29
18,2,10
58,21,15
52,10,36
49,13,23
31,3,22
6,0,1
52,20,10
56,14,34
39,5,27
27,1,22
28,18,51
26,9,39
59,12,45
47,22,59
34,22,56
9,16,45
35,11,8
23,2,19
49,11,45
38,22,56
60,22,18
45,11,43
48,10,30
25,14,45
21,13,43
15,3,2
19,0,14
2,10,37
0,19,46
23,6,4
21,5,7
20,2,14
25,13,45
33,5,26
38,15,48
4,19,48
49,16,15
8,23,55
45,10,32
62,21,59
35,3,23
41,7,26
44,11,31
40,20,56
63,18,35
23,2,23
13,4,1
63,15,39
13,1,5
40,6,26
17,21,53
37,17,0
62,23,29
19,18,50
53,17,29
62,13,42
46,18,18
28,13,5
2,2,20
55,17,32
51,12,26
18,1,11
32,9,12
12,19,50
33,3,23
35,23,57
18,19,51
20,2,18
56,17,28
45,17,52
38,17,6
21,1,17
51,10,44
27,2,22
7,22,54
52,17,52
11,19,51
49,12,24
54,20,24
55,16,27
42,10,41
26,3,23
57,19,23
15,21,53
43,5,30
43,8,26
4,3,28
41,4,30
63,17,54
40,16,8
1,13,40
9,11,39
54,20,14
12,3,29
30,11,5
23,22,57
37,6,31
37,10,16
51,19,55
59,21,19
21,1,14
22,6,8
61,18,31
62,16,34
13,1,26
8,19,49
61,21,31
59,22,26
49,8,35
60,18,29
39,13,9
42,7,28
59,11,42
17,15,45
32,12,11
29,10,6
34,22,0
15,3,9
32,11,13
63,18,34
51,15,30
3,18,48
52,13,28
13,4,27
44,9,35
52,22,58
4,2,24
32,10,8
27,19,52
56,10,41
15,4,29
61,21,21
0,8,32
35,7,34
13,8,36
60,14,36
43,11,43
38,20,55
63,18,31
10,17,48
38,14,8
52,17,15
55,17,24
0,11,37
30,23,57
59,18,26
20,3,21
9,7,35
49,14,21
61,18,34
26,11,0
9,2,3
14,11,39
34,8,37
43,11,18
35,7,31
20,10,0
28,5,31
34,8,39
30,1,27
8,6,31
51,21,58
43,15,14
24,13,2
32,11,12
56,19,20
43,18,8
14,8,34
5,8,35
59,22,27
45,14,46
51,11,35
8,1,2
39,12,12
38,7,23
45,13,19
51,7,39
18,14,45
1,21,50
31,13,11
27,20,53
2,0,12
11,7,30
40,18,11
55,8,41
51,16,52
50,11,29
32,8,11
57,16,30
49,14,48
27,7,35
44,6,31
29,15,47
8,16,46
7,5,32
18,4,30
16,16,46
63,13,47
17,10,38
51,9,40
2,6,25
34,5,27
60,21,19
48,9,35
52,18,14
51,22,60
14,2,27
50,13,20
19,0,16
33,2,25
46,17,18
15,2,9
37,17,2
20,6,2
16,11,39
7,19,49
18,5,4
24,8,5
58,22,14
37,14,47
32,16,3
62,15,36
0,9,33
37,11,14
56,21,12
43,20,3
4,22,52
21,3,21
44,9,36
14,2,1
13,4,24
32,4,32
38,4,28
57,19,18
4,5,30
50,14,48
52,16,23
2,20,50
56,11,44
20,5,11
17,6,2
25,3,23
22,6,34
3,2,17
2,6,29
15,0,18
61,14,39
41,20,4
34,21,0
19,4,5
42,14,10
10,4,28
32,5,17
10,1,0
15,2,25
63,22,27
54,10,41
47,13,20
36,16,1
45,16,50
42,16,8
61,22,21
24,2,14
3,10,36
34,13,6
41,5,27
34,18,0
8,1,24
43,15,49
21,10,38
1,3,21
39,15,48
54,12,46
53,13,28
24,0,26
20,7,34
37,19,52
42,6,34
51,11,40
25,23,57
4,3,24
43,15,21
46,16,50
47,16,12
39,5,33
48,11,24
53,14,34
8,0,4
12,1,6
43,17,6
16,18,49
32,5,18
3,6,32
16,13,42
17,3,29
1,4,24
28,1,24
21,16,48
19,8,0
11,9,36
59,22,25
57,13,38
13,15,44
21,5,10
31,20,53
40,8,35
27,10,4
57,19,17
45,11,19
15,1,6
56,12,43
50,19,17
2,5,30
19,4,6
47,19,54
30,18,50
22,2,12
24,18,52
43,11,21
30,15,1
57,22,15
16,18,48
51,15,25
37,8,22
20,21,55
48,17,18
9,4,4
29,2,26
53,8,38
12,5,30
55,13,48
10,18,50
28,21,55
36,4,23
7,20,50
50,20,13
62,22,59
26,4,20
40,13,12
33,3,26
23,19,52
42,14,12
26,2,28
48,14,48
43,8,39
47,21,58
48,14,49
15,0,12
48,12,21
47,12,25
12,13,43
60,23,15
4,16,44
6,12,41
28,10,5
56,19,17
21,7,4
49,7,37
32,20,52
9,2,26
18,6,32
37,22,55
24,8,7
19,7,34
53,14,33
39,10,15
50,20,9
4,1,21
4,0,20
47,19,55
23,2,24
15,7,3
3,19,48
32,5,34
52,10,40
41,18,52
39,8,37
29,11,41
39,20,3
58,12,45
47,10,43
38,15,47
39,17,5
53,12,33
61,19,31
31,10,7
54,16,24
19,1,20
47,10,32
36,14,46
34,18,50
10,10,39
42,15,49
42,6,30
0,1,20
9,18,49
26,4,12
35,16,1
19,14,45
23,2,25
27,3,27
11,0,2
63,16,36
41,8,22
19,3,27
56,18,20
12,3,23
57,12,42
33,8,38
34,15,47
55,15,28
6,15,45
26,18,52
29,4,17
54,16,33
36,12,8
30,9,21
52,17,50
53,9,44
58,15,34
18,3,28
11,0,22
29,2,23
49,12,25
17,1,13
30,7,10
61,22,22
40,12,13
38,13,13
23,3,23
43,6,37
22,11,40
18,3,15
12,4,2
62,19,36
26,3,30
29,14,47
2,17,45
49,20,57
29,4,28
41,8,21
30,22,56
27,7,34
12,0,10
40,6,28
60,11,45
52,14,26
22,23,57
47,18,54
5,12,40
8,6,33
27,6,10
28,4,31
11,1,26
38,8,21
57,14,34
36,6,22
26,5,14
2,11,39
53,16,52
52,17,29
18,3,26
21,4,10
16,2,4
56,12,41
50,19,26
5,3,23
54,21,59
41,13,42
15,22,53
41,10,22
50,13,24
25,11,3
54,15,24
54,18,23
20,8,6
38,10,20
13,18,49
37,5,23
56,22,12
38,7,34
22,1,26
39,12,44
17,0,11
60,19,28
43,7,35
25,18,51
24,1,22
3,3,25
45,16,18
27,3,15
4,4,28
49,12,47
34,3,29
52,9,36
22,4,9
40,13,11
24,0,25
55,16,24
58,22,24
30,16,48
61,22,29
23,7,2
17,0,23
18,9,0
28,18,52
29,5,14
42,5,35
39,23,4
33,15,2
62,16,37
5,23,53
5,14,43
14,10,39
40,16,7
54,8,41
28,3,25
56,17,31
52,10,37
20,8,2
20,0,23
4,9,35
11,4,30
47,16,15
27,10,40
44,6,33
57,21,18
27,5,31
16,7,3
35,17,49
32,10,17
29,13,0
46,12,44
52,14,25
33,20,53
36,2,29
44,8,36
3,15,43
53,15,31
43,18,7
49,10,35
21,5,30
44,10,23
17,7,2
14,16,47
17,6,4
8,9,36
42,6,28
41,17,6
54,13,47
20,6,6
57,12,45
7,0,20
45,17,8
61,23,58
17,8,2
43,12,18
61,17,54
43,10,26
62,13,44
45,21,57
44,17,11
39,18,53
46,15,48
47,15,19
16,0,10
8,8,35
1,9,36
25,2,18
50,11,44
35,14,46
38,16,6
15,0,13
46,7,35
58,11,40
8,15,44
29,18,50
53,9,40
49,9,32
46,9,38
55,15,29
61,16,34
46,13,30
7,1,20
5,7,33
51,17,18
38,10,39
4,17,46
62,16,40
25,4,11
44,7,28
51,15,18
7,17,46
61,15,49
20,2,27
2,18,47
43,19,4
62,14,44
49,10,43
23,3,21
45,18,53
43,10,20
35,8,38
34,5,23
13,3,25
14,20,53
26,3,21
46,7,30
30,16,1
32,12,14
20,2,20
57,18,33
13,3,26
13,7,31
37,10,23
56,12,40
8,19,51
28,7,11
6,11,40
14,0,22
63,20,34
18,7,6
22,6,7
58,12,46
52,19,54
27,20,55
22,3,24
0,2,19
18,6,5
32,20,53
57,15,36
56,11,46
3,2,21
56,22,15
18,5,1
40,22,2
44,7,32
52,8,42
16,15,46
46,21,5
40,18,5
18,2,8
42,6,32
46,13,26
46,18,10
50,18,24
60,17,33
29,5,32
43,18,51
19,4,9
12,0,7
56,21,58
7,0,19
13,6,31
5,0,15
45,18,52
30,4,29
18,12,42
36,7,19
56,19,25
35,6,19
6,1,2
62,23,59
17,5,6
34,23,57
36,9,21
34,7,35
22,17,49
52,15,25
36,18,51
51,9,38
17,8,0
21,5,6
50,13,48
15,15,44
47,15,26
20,8,7
56,11,38
55,10,41
19,10,39
7,0,23
28,15,0
30,13,4
13,0,24
47,16,16
18,2,27
31,6,15
59,17,53
48,9,33
24,1,27
52,14,29
54,23,58
25,14,46
15,2,2
44,12,17
24,18,50
25,5,16
19,17,48
21,4,11
10,10,37
33,6,33
55,9,44
20,6,3
43,11,23
21,18,51
25,15,47
49,11,28
31,11,8
41,8,23
44,14,46
37,15,7
38,14,9
31,7,36
11,10,38
53,20,24
44,11,42
47,11,31
8,20,52
14,16,46
22,2,15
44,12,31
23,2,21
26,2,19
25,1,17
5,1,1
54,17,54
38,18,51
31,18,51
50,19,54
34,2,29
53,16,28
41,7,30
37,12,9
34,13,44
22,1,19
25,5,33
18,1,15
61,18,30
49,10,34
61,13,40
16,5,8
59,12,39
56,19,55
25,3,24
30,8,37
53,12,34
31,8,21
61,22,31
18,1,14
62,20,30
43,9,33
4,0,16
25,17,50
19,7,35
15,6,0
5,9,35
19,2,17
3,15,42
45,12,25
50,12,23
43,9,40
57,10,42
33,5,31
43,11,42
46,9,42
56,18,55
31,7,14
43,12,23
33,16,49
34,14,2
27,2,18
19,6,11
62,15,40
26,13,43
24,5,32
14,3,27
29,2,21
39,7,24
42,14,11
34,10,11
16,6,0
39,14,7
33,3,27
27,15,48
46,16,12
22,4,31
56,9,41
58,15,35
37,13,12
37,8,18
49,10,44
60,21,58
32,11,6
45,14,16
50,15,18
13,1,6
37,8,23
8,1,3
32,7,37
43,18,5
22,5,10
23,19,53
31,22,57
17,0,12
48,18,54
44,19,4
19,1,13
42,10,22
58,20,20
7,3,28
40,23,58
36,23,58
44,5,33
8,18,49
37,9,16
15,14,44
57,23,58
1,7,32
51,17,15
51,13,32
40,7,25
41,6,33
26,13,6
19,5,9
48,15,21
24,1,17
53,10,45
30,4,17
45,19,6
61,13,44
58,13,42
38,11,42
35,8,18
46,10,25
20,3,17
52,20,14
19,4,8
0,15,43
16,3,2
28,11,3
30,10,8
57,15,37
22,13,43
36,10,13
50,20,11
26,2,24
19,9,6
32,4,29
5,9,37
62,16,36
37,11,16
46,10,32
32,13,4
19,5,32
23,19,51
50,9,40
40,11,16
63,19,31
4,11,38
52,21,58
7,11,39
12,21,54
26,19,52
34,17,0
44,10,20
22,19,52
12,16,47
16,14,44
39,9,18
36,9,40
61,13,38
22,2,19
14,5,31
49,21,7
27,13,44
9,16,47
0,3,22
49,17,24
25,8,5
29,6,33
22,15,45
63,19,35
23,5,8
26,1,21
12,4,28
27,2,27
4,1,15
46,12,45
35,10,12
