52,0,49
53,5,39
43,13,36
39,23,33
19,12,42
53,6,36
46,8,40
13,13,35
42,9,44
47,7,37
44,10,41
47,22,25
6,18,36
43,7,42
17,15,36
17,3,52
62,1,43
56,2,43
42,13,39
24,11,42
35,18,39
26,18,33
2,10,45
32,7,44
39,23,35
31,17,35
63,2,45
43,22,27
52,11,31
8,7,46
11,3,47
47,17,28
28,3,50
60,3,43
51,20,27
20,1,55
34,1,49
9,7,44
7,20,33
13,22,25
19,10,42
19,9,44
19,11,44
12,12,36
4,21,29
6,14,39
23,21,32
45,23,24
47,4,42
11,19,32
56,20,28
21,7,49
3,14,39
40,7,45
35,14,41
34,2,49
42,11,44
33,2,50
37,20,37
40,20,31
11,19,29
61,2,42
24,11,43
23,19,34
3,21,29
2,22,29
10,14,36
14,21,27
63,16,33
14,4,46
36,16,39
25,14,39
5,11,40
5,5,49
55,14,33
18,16,34
43,20,31
16,0,54
56,13,33
29,5,49
17,5,47
45,5,42
15,12,38
37,23,29
3,8,47
4,4,50
0,16,32
63,23,23
20,8,46
15,16,33
28,11,40
63,18,32
14,18,30
27,19,37
8,22,29
58,14,32
19,14,39
59,21,30
53,5,36
38,19,38
10,23,30
2,13,38
32,15,37
43,3,47
44,17,31
1,18,30
30,11,42
13,1,49
9,23,28
32,18,35
49,15,29
4,16,38
13,23,27
26,21,31
58,13,32
12,23,27
24,18,34
46,16,29
62,23,26
58,10,34
10,3,47
62,5,38
45,3,48
59,5,44
36,22,33
18,20,32
9,18,32
9,0,51
2,1,53
20,8,48
4,5,50
63,0,48
52,12,32
34,21,35
23,2,51
26,4,48
17,3,51
5,18,34
21,22,29
8,4,50
58,22,30
28,22,29
8,3,51
7,19,33
34,18,35
8,7,47
42,3,48
2,13,42
3,23,30
11,8,43
52,4,39
47,11,36
22,14,41
50,7,35
43,13,35
38,14,41
34,21,34
61,0,45
39,4,46
10,18,31
44,0,49
28,5,49
56,2,40
58,5,38
62,21,29
17,3,49
18,10,41
40,19,36
31,10,42
1,9,45
7,22,28
47,6,40
3,22,26
4,8,46
58,12,34
31,5,49
22,6,48
48,3,42
39,23,31
56,6,44
20,23,30
28,12,41
0,15,33
20,14,40
57,7,40
4,22,27
9,16,36
12,20,28
2,10,44
15,19,33
7,2,49
44,15,38
59,15,34
32,3,51
9,2,48
56,1,45
46,22,26
47,14,30
55,3,43
15,14,37
39,21,30
54,19,29
53,6,38
31,7,45
13,11,36
11,2,48
42,10,45
59,23,27
39,21,33
54,2,41
30,10,43
63,6,37
56,0,45
9,9,40
8,14,39
41,19,34
38,22,31
11,11,40
44,23,29
7,22,27
40,17,39
0,16,35
49,22,24
63,3,40
53,20,28
43,14,34
39,14,42
8,16,33
50,2,40
44,22,29
11,9,40
0,7,46
49,17,28
7,9,42
32,7,47
48,6,42
37,15,41
2,19,28
27,9,44
5,19,33
26,17,37
30,0,52
45,23,22
29,4,49
52,6,35
1,13,39
44,22,25
0,22,26
31,15,42
46,1,45
17,5,46
33,14,42
31,20,33
11,12,36
24,19,36
11,23,27
25,21,35
21,19,33
15,15,33
47,3,44
40,21,31
17,21,28
8,3,49
38,1,48
31,8,46
52,8,33
19,7,48
3,23,29
42,5,46
59,8,36
29,10,42
9,22,28
27,16,36
9,14,35
40,23,30
47,0,49
44,14,38
16,13,38
19,3,52
17,6,45
4,5,49
23,8,47
21,20,30
44,10,40
6,7,48
23,10,45
17,12,41
60,4,42
25,16,36
8,23,29
16,14,35
33,0,50
51,21,26
14,9,40
50,3,42
3,6,49
43,9,42
2,11,43
5,4,50
46,14,34
29,3,50
16,13,35
5,5,48
33,20,34
37,21,36
8,18,31
49,3,45
51,6,35
41,12,43
23,10,43
61,2,40
50,20,27
31,16,38
21,17,38
28,17,38
60,4,41
32,4,49
44,2,46
3,18,35
49,4,39
47,6,41
33,13,42
60,13,34
45,5,43
51,8,33
32,10,45
63,1,46
5,8,45
32,15,39
50,14,29
26,1,51
43,1,48
44,11,38
52,2,45
6,19,32
24,8,49
53,22,23
43,1,49
15,23,26
1,11,41
0,21,28
24,22,29
52,23,22
3,18,36
31,17,39
44,14,36
1,17,32
9,18,33
40,2,47
52,7,34
43,18,31
61,1,46
44,6,41
48,5,42
27,21,33
14,2,50
27,18,33
61,15,34
63,15,34
19,13,39
15,2,51
58,5,39
26,16,38
50,4,39
58,11,33
12,23,28
47,13,35
46,3,44
35,8,46
34,0,50
59,7,39
36,14,40
13,14,33
14,3,51
51,14,31
42,15,34
58,1,45
7,17,36
56,4,45
30,17,39
54,11,32
9,13,39
56,23,24
36,3,47
16,9,42
32,10,43
1,5,50
13,10,39
10,9,40
52,21,27
0,16,33
47,0,45
4,19,36
11,21,27
5,4,49
31,22,30
61,2,45
29,2,50
15,4,46
18,22,29
6,1,51
29,20,36
40,20,36
27,16,35
63,2,44
23,21,30
14,1,50
0,8,44
50,0,50
14,6,43
4,12,44
14,5,45
55,0,45
51,23,22
30,15,39
32,22,32
17,7,45
37,17,37
61,13,36
16,19,31
29,8,47
10,11,40
23,15,40
44,12,40
20,9,45
62,8,37
7,20,29
29,19,35
32,6,47
55,11,32
4,22,28
59,8,34
21,8,47
6,4,47
35,22,33
57,8,34
2,18,34
21,13,43
28,9,46
3,20,32
29,22,31
60,8,36
39,8,45
28,16,36
36,11,42
62,15,35
7,18,33
52,14,29
61,1,45
9,2,50
50,22,23
51,5,40
4,17,33
63,17,32
46,7,41
56,8,34
16,19,33
42,3,46
5,5,50
53,4,39
25,9,48
32,15,40
41,23,31
4,18,34
38,21,37
29,14,37
10,10,40
41,16,38
35,18,37
8,5,46
49,22,26
0,18,33
9,18,34
3,22,27
10,4,46
10,3,49
38,22,36
31,10,46
50,18,28
5,15,37
48,23,22
35,9,46
32,6,45
20,21,31
7,6,47
24,17,36
10,13,35
24,7,48
15,14,34
35,22,31
13,2,49
49,10,34
50,7,33
32,9,43
54,21,27
11,10,45
45,3,43
57,5,37
35,22,35
0,13,41
54,1,43
20,21,28
2,9,47
40,12,43
55,12,34
59,3,40
10,17,31
58,0,48
36,14,41
45,14,31
44,9,42
54,15,29
54,14,29
31,13,39
1,14,36
12,9,39
7,7,43
34,22,31
21,0,55
40,5,45
2,16,35
8,10,39
39,21,36
52,6,37
48,4,43
39,21,32
12,2,48
31,11,45
35,14,39
5,7,48
63,23,29
50,22,22
18,2,52
38,20,38
59,7,40
10,6,45
16,15,38
18,22,27
49,2,42
21,2,53
48,3,44
4,10,44
43,14,36
31,9,45
7,13,38
30,12,41
18,8,43
39,1,49
42,19,33
5,15,39
44,8,40
26,20,31
52,0,50
5,11,43
29,17,36
51,4,39
7,19,32
45,19,30
52,20,28
10,8,44
24,7,46
47,7,36
36,11,43
21,22,31
19,3,54
5,20,30
13,19,29
20,23,28
46,1,46
52,15,28
23,7,50
8,13,37
57,22,27
3,15,36
23,9,45
34,8,44
55,4,44
51,23,24
58,21,29
16,17,32
56,23,25
61,22,29
24,6,46
58,1,43
53,13,31
53,9,34
58,20,31
43,23,26
42,15,37
0,12,40
2,12,39
23,12,41
10,2,49
4,6,46
35,19,37
22,17,39
40,21,29
47,0,47
30,13,42
27,18,37
50,20,25
0,11,40
4,23,26
6,12,39
10,17,34
0,23,27
10,23,25
25,6,46
49,3,42
3,4,50
46,14,33
14,14,33
56,0,44
41,3,46
21,16,36
33,17,35
23,23,29
42,18,32
36,1,49
62,4,43
18,8,45
53,21,26
10,14,37
39,15,41
4,14,41
13,3,47
41,15,39
38,0,49
44,16,32
33,22,31
3,4,49
27,21,35
56,7,35
60,7,37
22,22,30
1,11,43
42,22,30
23,7,48
1,21,27
52,7,37
15,18,29
46,22,28
48,0,49
6,22,27
0,7,49
17,23,25
2,4,50
31,18,39
11,18,33
63,1,42
61,5,39
27,21,32
3,20,31
57,23,29
54,7,34
0,22,25
32,14,39
53,1,42
45,15,32
50,23,24
6,6,48
25,8,45
58,4,45
12,11,38
29,23,30
41,1,48
5,6,47
15,11,39
16,4,51
18,14,38
25,4,50
51,13,32
33,16,38
12,12,41
3,16,33
58,20,30
17,20,28
1,12,40
3,7,47
24,15,38
50,10,32
50,8,36
29,12,41
53,23,26
5,17,37
25,19,34
19,17,38
5,3,49
57,4,44
49,10,32
61,7,38
62,1,41
4,22,30
12,4,45
50,9,37
48,12,30
38,2,46
56,1,47
50,1,43
62,4,38
59,2,47
46,5,42
7,17,37
1,10,44
59,10,34
11,19,31
61,22,28
30,12,43
16,0,55
38,20,39
50,11,37
55,13,30
5,10,41
31,17,36
3,3,52
18,17,35
47,23,22
2,9,45
10,4,49
42,0,48
29,11,40
45,1,46
25,15,39
47,15,29
20,13,39
59,1,43
35,12,43
4,20,28
3,21,30
30,16,37
40,1,48
59,5,41
30,20,33
25,20,36
35,16,38
16,21,26
5,18,35
9,19,30
33,3,48
41,21,32
5,16,36
58,4,39
26,21,30
12,17,32
0,4,51
40,20,32
55,2,42
24,18,38
24,16,37
31,21,31
35,17,40
14,4,45
36,15,41
2,0,53
39,22,34
22,1,53
15,19,29
31,4,50
26,15,39
21,16,40
22,15,41
46,3,43
5,17,34
49,15,28
42,14,39
42,19,31
36,18,37
57,16,30
9,5,47
48,14,29
24,18,36
11,10,44
17,19,30
53,14,31
47,2,42
32,23,30
47,19,29
41,18,34
35,19,39
7,11,38
20,12,43
35,12,41
20,19,32
30,21,30
61,23,29
23,0,53
31,9,43
52,7,36
40,18,39
27,8,46
44,14,34
55,20,28
29,16,35
22,2,51
18,22,26
62,0,44
25,21,32
44,12,35
34,10,45
52,19,27
51,22,25
1,3,52
15,8,41
34,16,36
13,13,38
33,5,46
30,23,31
29,9,43
44,12,36
15,23,27
41,23,28
8,22,30
35,21,35
49,9,34
33,11,42
58,12,32
23,11,42
25,5,49
53,12,30
19,4,51
46,0,47
45,12,35
38,5,46
33,7,46
21,5,49
15,13,38
43,13,40
45,6,41
50,11,32
36,19,38
27,7,46
13,0,52
46,22,25
42,16,35
0,6,47
49,11,34
3,13,39
17,15,35
54,0,43
29,20,32
51,2,41
28,5,46
27,7,45
6,9,44
19,14,37
1,21,31
28,9,45
6,11,44
50,7,34
1,2,53
9,8,45
41,21,29
50,13,30
48,5,40
43,4,45
10,17,33
5,11,42
8,10,40
17,7,47
0,5,48
49,23,26
46,19,27
15,20,31
21,21,30
17,8,46
2,21,29
18,17,36
45,22,25
59,12,34
8,13,36
27,15,37
55,1,42
61,2,43
1,0,55
1,5,49
3,20,29
61,3,41
5,10,40
34,19,35
5,9,42
50,4,40
27,14,39
45,13,36
37,17,39
10,19,30
33,13,41
0,20,30
33,23,32
30,15,41
44,14,35
0,19,32
46,13,33
29,5,47
26,18,36
58,23,27
22,20,33
48,4,42
11,15,37
14,19,28
48,15,29
24,12,41
4,16,39
6,23,27
10,12,39
15,4,48
27,5,47
15,18,32
25,13,41
51,14,28
45,11,38
35,7,45
23,13,41
58,3,44
29,12,39
62,21,30
14,2,48
44,20,30
6,15,38
9,4,46
34,22,33
17,17,32
28,8,47
45,1,48
22,10,44
17,22,25
23,6,50
41,20,34
57,12,33
63,21,29
50,21,24
2,18,30
46,8,41
41,19,39
26,18,37
30,15,40
59,2,43
5,16,35
47,13,33
16,21,29
30,23,32
61,1,47
25,8,46
9,17,31
39,18,40
40,21,33
31,13,42
48,5,39
0,16,34
45,22,24
52,1,41
10,5,45
55,1,44
48,2,42
37,17,38
32,11,45
2,12,42
53,0,43
2,6,49
26,13,42
18,15,35
55,23,26
9,21,28
27,17,34
5,19,31
24,15,40
46,10,37
28,11,43
3,16,34
21,23,30
34,2,48
30,7,44
4,23,27
1,1,54
52,9,35
37,1,49
13,21,27
10,7,44
49,5,42
55,5,38
18,13,37
45,15,30
60,22,30
51,12,31
43,8,43
41,15,38
15,16,34
29,15,38
16,16,32
46,23,22
48,6,40
7,3,48
34,6,45
35,23,33
48,6,37
50,2,43
43,15,34
44,8,41
17,22,29
51,0,44
31,23,33
4,12,42
15,6,43
16,16,33
63,2,40
56,6,36
13,7,41
3,15,38
17,13,36
27,0,51
63,0,47
34,12,41
54,3,42
7,2,51
49,4,43
21,22,28
37,1,48
26,7,47
39,22,35
5,17,36
58,7,36
49,11,32
53,15,28
56,20,30
42,19,32
43,16,36
46,15,34
53,8,37
39,21,37
12,11,36
60,6,39
16,19,29
4,20,34
52,14,30
10,18,34
17,18,32
51,23,26
13,6,42
15,11,38
4,17,34
63,3,39
48,2,45
60,19,33
0,18,30
39,9,45
14,12,37
12,14,34
47,2,47
20,15,40
22,7,48
17,2,53
21,23,29
24,15,39
35,11,42
16,21,28
28,12,39
55,15,30
6,7,47
13,16,32
63,1,44
53,0,44
30,14,38
7,21,30
0,21,30
31,6,47
60,1,43
59,1,48
38,7,45
55,3,42
26,12,41
57,23,26
29,3,48
27,6,48
25,20,33
25,6,49
42,21,28
49,9,35
56,10,33
10,11,38
45,12,36
6,11,42
63,2,42
0,17,36
27,6,45
27,15,39
21,7,48
36,10,45
40,14,43
18,4,51
32,14,40
62,3,43
10,17,35
44,13,37
54,7,35
31,15,39
42,4,46
48,11,33
25,10,42
37,20,38
52,2,41
2,23,28
40,16,41
21,20,32
19,22,29
7,6,48
47,5,41
62,14,35
53,23,22
9,17,32
2,5,49
39,22,30
63,22,27
39,13,43
38,6,45
4,5,48
32,11,42
28,18,33
30,17,36
42,9,45
59,0,44
39,2,46
21,18,33
24,5,48
30,17,35
44,15,30
25,18,36
52,1,43
14,17,33
19,8,46
7,8,46
30,4,49
44,21,29
33,23,28
61,4,42
25,20,32
14,2,49
52,0,47
45,19,29
50,6,37
10,5,49
47,12,33
61,9,35
5,1,52
4,21,31
22,21,31
53,13,29
51,23,25
5,23,30
44,12,39
51,15,28
41,23,26
29,10,43
47,16,28
2,7,49
12,20,29
27,16,41
16,7,44
37,16,39
20,20,33
11,10,42
38,21,33
9,20,31
15,19,28
60,0,44
63,17,33
36,1,48
23,22,33
20,14,41
12,21,26
53,1,49
24,7,45
4,18,31
28,16,37
3,5,47
6,2,51
15,18,30
47,10,35
21,16,37
33,13,40
20,22,27
32,13,38
26,5,47
45,11,35
46,0,46
56,3,40
1,12,43
58,8,35
57,16,31
21,17,36
17,3,50
0,1,56
59,15,33
56,18,30
42,17,35
58,12,33
59,2,48
42,12,40
29,20,35
27,8,45
31,0,51
24,21,32
61,16,33
10,8,42
7,17,34
36,9,45
44,16,30
18,23,29
40,0,48
50,3,40
50,23,25
54,11,33
13,3,49
63,1,41
54,9,33
62,3,44
8,22,31
60,22,31
4,10,43
28,10,41
29,19,34
54,15,31
51,0,47
56,23,28
14,1,49
63,5,43
25,0,51
50,9,34
58,1,42
46,19,29
55,1,43
43,6,42
59,14,34
6,2,52
61,4,40
48,5,41
26,0,51
8,17,36
15,21,30
4,2,52
11,23,29
44,7,43
49,12,29
34,21,32
43,23,27
57,1,46
7,0,53
8,21,30
16,5,47
3,3,50
47,1,44
31,20,34
38,15,40
23,19,33
12,18,30
9,11,39
29,13,39
2,3,52
19,11,43
48,4,39
17,23,24
25,15,40
10,4,45
36,12,43
25,12,42
36,22,32
49,21,26
30,12,39
42,15,38
22,4,50
38,12,43
24,16,38
46,7,40
11,2,50
54,23,23
43,3,48
33,22,32
34,20,33
42,8,44
2,11,44
14,19,30
30,19,32
22,9,48
19,9,45
39,20,36
17,4,52
42,18,34
47,7,40
4,23,30
33,15,38
29,6,45
62,23,29
55,4,38
47,8,37
5,10,42
18,2,54
7,6,46
16,21,27
63,4,43
50,4,38
46,9,39
18,23,28
16,15,37
27,13,42
10,3,48
57,3,44
37,4,46
5,20,33
17,10,42
5,7,47
24,19,37
35,16,39
34,19,36
22,20,31
21,11,44
36,22,34
9,10,40
36,16,40
3,20,34
15,15,38
11,14,35
4,20,32
58,5,37
24,20,32
3,22,28
55,2,41
15,12,37
46,22,27
0,13,36
45,14,32
30,12,40
22,8,50
50,10,37
15,1,50
23,20,36
4,17,35
36,16,38
0,12,37
7,6,45
30,6,47
14,13,34
4,20,33
43,21,29
60,9,35
18,1,55
44,6,42
6,5,46
61,23,30
45,9,39
34,23,32
39,3,47
36,21,34
10,8,45
36,23,31
18,12,39
20,21,29
47,7,38
3,17,33
35,10,45
1,15,35
35,21,32
3,19,30
10,16,36
27,22,34
43,12,38
34,17,39
43,16,35
51,5,39
19,10,43
40,19,37
16,13,39
22,18,38
44,19,30
2,2,53
49,11,31
40,3,48
45,8,40
11,23,26
19,4,52
7,10,43
22,3,52
35,15,39
45,11,37
30,5,48
42,23,26
19,7,47
63,3,44
40,14,42
26,11,42
25,12,43
7,5,48
15,5,45
29,0,52
20,21,30
28,3,49
59,4,40
42,23,29
36,21,37
9,7,45
8,8,46
50,20,26
8,18,34
22,23,30
54,5,39
42,12,42
43,21,30
39,10,44
28,21,32
3,12,40
11,1,49
61,20,31
48,21,24
58,21,31
39,22,36
51,19,27
42,2,46
14,5,44
6,22,30
1,23,27
45,2,45
41,18,37
11,13,35
28,18,36
50,13,28
20,18,34
58,6,41
42,16,36
33,15,39
2,10,42
0,21,26
50,13,29
54,0,44
29,7,49
56,4,44
45,15,37
9,23,26
62,1,44
26,11,44
62,4,40
21,16,39
30,9,43
48,10,33
40,19,39
28,8,45
10,1,49
16,12,36
51,7,33
15,17,31
56,15,31
18,16,33
41,22,28
43,18,33
9,13,35
62,17,33
61,2,44
4,19,34
11,10,40
57,4,39
31,4,49
47,14,31
49,14,30
20,20,30
10,22,29
34,0,49
50,19,26
46,12,32
51,0,43
6,23,26
20,17,36
58,4,40
51,20,26
30,18,36
59,13,34
12,5,43
57,23,25
60,14,34
31,13,40
26,16,37
20,6,48
12,15,35
38,22,35
22,6,51
53,0,48
41,14,40
13,3,46
57,1,43
30,10,42
36,23,30
59,3,42
33,17,36
49,16,28
10,7,42
41,21,31
30,22,29
23,11,43
6,23,29
26,14,42
10,10,42
18,16,38
61,16,34
7,3,50
62,0,45
29,14,40
24,6,48
2,18,33
38,20,36
51,3,41
20,22,31
19,1,54
55,5,44
52,2,40
49,20,26
42,22,27
17,17,33
8,9,41
56,23,26
4,21,32
13,2,48
62,4,39
25,1,51
37,9,45
53,23,23
37,23,33
35,1,49
3,1,52
52,6,36
24,10,43
58,23,28
47,19,27
54,4,39
54,4,42
8,11,41
38,16,41
42,20,32
53,1,44
61,3,39
34,14,38
49,8,34
13,17,32
47,15,28
34,17,36
58,22,29
30,6,45
63,3,38
51,20,25
17,2,51
14,6,46
10,4,47
8,16,36
46,20,26
31,12,41
39,16,41
55,21,27
21,11,45
15,23,24
31,15,37
52,4,41
2,4,51
11,17,35
46,20,29
27,13,40
40,19,35
4,5,47
26,13,39
12,7,41
25,18,37
28,7,47
30,4,47
62,23,27
31,14,39
30,15,35
31,2,51
45,6,39
19,18,33
45,21,28
28,22,30
43,9,43
20,7,51
10,15,35
52,1,45
14,19,31
24,5,47
22,16,37
29,21,31
24,17,38
19,11,41
37,23,32
29,4,48
52,3,40
26,12,40
31,15,38
12,14,35
41,15,41
54,3,39
8,23,27
29,14,38
19,21,28
11,9,42
42,1,48
45,20,29
7,21,28
0,10,42
45,21,26
14,9,39
5,20,31
60,23,27
1,14,35
20,23,26
52,12,29
40,22,34
20,17,34
44,20,28
31,2,50
25,11,42
52,0,43
42,10,42
5,5,46
45,13,35
27,11,41
39,14,43
35,8,45
57,4,40
15,12,41
0,8,46
51,18,28
41,23,29
32,20,35
43,15,38
51,1,45
33,5,48
1,8,47
1,22,25
37,22,33
50,0,44
1,17,31
38,15,41
20,10,46
1,23,26
62,12,37
3,10,45
25,6,47
59,6,40
28,10,45
17,2,52
44,7,44
47,8,36
15,15,37
0,11,42
7,16,36
5,21,31
39,23,32
23,23,28
24,20,35
16,22,26
28,4,48
0,9,42
61,13,35
21,17,37
26,13,40
28,17,37
10,1,52
40,1,47
48,5,37
52,0,44
9,6,43
51,22,23
6,19,34
9,10,39
10,2,48
56,5,44
29,8,48
14,12,38
1,10,40
4,8,47
15,12,36
48,1,44
42,15,36
13,18,30
0,3,52
43,15,36
40,20,34
26,19,34
25,17,37
58,0,44
25,18,34
7,19,34
15,3,49
39,6,45
4,0,53
24,22,30
32,18,34
40,0,49
46,16,30
49,1,44
47,13,36
11,21,29
2,18,31
6,7,45
46,23,26
6,0,53
21,15,39
55,2,47
16,4,47
36,21,36
50,10,33
18,4,52
63,10,37
47,14,35
50,17,28
42,17,36
44,22,24
57,20,31
60,0,47
11,11,37
23,10,44
3,11,43
49,7,35
26,22,32
54,10,33
59,4,42
53,19,28
41,0,48
58,2,45
33,16,37
61,21,31
12,17,35
10,16,34
58,0,46
62,2,43
45,12,34
56,11,32
56,0,46
10,13,39
4,19,35
61,21,30
36,22,36
35,10,43
17,8,45
61,7,37
58,4,43
40,23,29
21,23,27
45,23,26
59,3,41
53,0,42
50,22,25
47,0,46
52,3,38
34,22,30
43,10,41
2,22,31
63,17,31
19,22,31
20,3,53
54,2,42
45,10,39
17,23,26
7,23,29
59,8,40
28,10,44
42,21,30
31,5,48
43,23,25
2,22,26
48,3,45
59,22,30
55,22,28
1,20,30
12,1,49
26,17,36
9,5,45
39,23,27
28,13,39
26,22,31
4,11,41
10,14,38
40,8,45
29,9,45
20,16,39
27,14,38
16,4,52
29,22,29
15,22,25
31,11,42
48,15,28
4,16,36
22,9,47
46,5,41
30,16,36
50,6,34
3,0,54
20,6,50
53,5,37
21,13,41
23,9,46
32,22,31
43,19,32
49,0,50
55,3,40
52,2,42
34,12,43
14,22,25
32,14,38
0,0,56
53,2,40
48,2,44
48,13,29
39,20,39
43,13,38
1,10,43
8,2,50
29,15,36
32,19,35
0,17,35
31,17,37
53,0,45
32,11,43
44,23,27
58,3,40
38,17,39
5,2,53
14,2,52
47,16,29
2,10,46
13,22,27
55,23,28
5,4,47
49,0,45
24,8,48
22,10,45
17,14,36
33,10,43
8,9,43
52,15,29
5,22,31
19,16,34
7,14,37
46,6,39
44,9,41
26,14,40
41,9,45
37,10,44
60,3,41
32,23,29
12,23,24
44,11,41
3,18,31
0,9,45
44,23,25
38,18,39
15,13,37
15,23,25
8,19,33
1,4,51
18,4,49
32,12,42
29,7,46
7,6,44
52,23,23
27,21,30
20,10,44
24,21,34
33,22,30
28,16,39
9,12,40
11,12,40
27,7,44
13,23,28
16,15,39
10,7,46
21,22,30
46,11,37
42,3,47
15,6,45
27,20,34
51,23,23
29,19,36
8,5,50
50,8,33
51,10,31
55,2,43
52,10,33
50,6,38
9,3,48
13,4,44
15,9,41
33,1,50
54,22,25
9,16,34
32,7,48
36,20,36
30,23,29
7,18,36
12,3,46
46,13,34
25,6,50
28,21,34
55,15,29
12,16,32
55,4,42
27,9,46
49,22,25
37,15,40
6,18,35
1,2,54
48,9,34
28,21,31
52,4,40
10,16,33
19,15,35
31,13,38
46,1,47
26,22,33
54,3,41
26,14,39
57,6,36
33,19,34
54,19,28
44,22,28
48,11,32
0,3,51
51,7,38
63,3,43
15,3,51
35,11,44
21,4,51
13,20,29
3,9,47
21,14,41
39,3,48
40,4,46
19,22,27
58,21,30
10,12,38
39,18,38
1,15,33
48,16,28
35,17,38
2,1,52
44,11,39
33,18,36
0,8,49
19,23,28
48,21,25
26,5,48
33,10,42
46,14,30
20,15,38
30,13,39
47,1,43
51,19,28
40,5,46
16,18,30
59,9,34
1,4,50
34,14,41
8,17,35
8,4,48
18,15,39
24,23,30
27,20,31
37,23,35
12,10,38
20,4,51
49,10,33
22,11,43
19,3,53
56,5,38
7,2,50
9,15,35
49,4,40
16,6,44
29,20,33
13,1,51
37,17,40
18,5,47
39,6,46
16,7,43
3,19,34
40,18,38
24,21,31
23,1,52
5,17,35
52,0,45
11,20,30
49,5,37
14,3,49
40,16,42
7,7,45
13,8,40
50,5,36
53,22,24
61,7,39
44,21,27
38,13,43
49,6,38
19,13,40
35,20,36
8,13,40
6,3,51
0,20,27
13,2,51
24,22,31
6,8,47
31,16,42
46,14,35
29,1,51
36,18,38
26,1,52
14,14,34
14,1,51
46,1,44
59,1,46
28,15,36
46,9,40
5,15,38
9,2,49
8,19,30
38,2,47
2,14,38
53,3,42
1,1,53
57,14,32
13,17,30
60,16,33
7,12,40
45,6,42
56,10,34
18,6,46
29,2,51
4,20,30
13,17,31
50,6,35
55,7,34
51,12,30
49,23,22
37,12,42
43,14,41
55,21,26
46,20,27
56,3,39
49,1,43
59,7,41
44,12,41
9,21,32
51,2,40
52,12,30
57,22,26
30,19,33
30,6,46
35,1,48
26,19,36
35,18,36
1,21,30
46,18,29
0,18,32
57,1,44
14,7,41
25,19,36
60,0,45
41,19,31
37,13,41
52,5,38
61,8,37
42,20,31
37,5,47
2,22,28
30,16,38
26,10,42
35,2,48
53,11,31
16,2,52
30,16,39
40,19,40
23,19,38
56,2,44
60,6,38
27,13,41
56,13,30
19,13,41
47,10,34
56,13,31
0,6,50
39,2,47
59,6,38
38,8,45
37,2,49
38,16,40
9,0,52
14,10,38
2,4,49
13,20,28
51,4,40
2,21,26
17,8,43
28,20,36
19,2,53
11,5,43
31,7,44
41,10,44
1,9,46
34,22,32
0,20,28
5,23,28
30,17,37
7,21,31
36,13,42
7,18,31
50,23,26
56,7,36
61,0,43
31,23,30
14,14,36
63,13,35
4,15,36
2,19,31
59,5,42
62,13,36
40,9,45
9,7,46
49,12,31
36,12,41
24,14,40
42,12,41
19,7,46
31,14,37
28,15,37
54,23,25
26,15,38
34,4,48
16,17,31
61,12,35
47,21,25
29,8,43
51,4,37
33,21,32
8,16,35
32,0,52
12,4,44
20,4,52
53,7,35
40,17,38
41,19,36
38,4,46
23,7,46
15,0,56
7,1,51
10,16,32
32,20,32
27,8,47
2,20,28
47,20,26
25,5,50
4,9,45
38,23,31
12,22,26
54,14,31
14,15,32
13,6,44
6,17,35
35,15,38
59,3,43
1,17,33
3,10,46
24,21,33
48,3,41
62,0,47
14,7,45
4,19,33
47,10,37
9,4,47
56,12,33
11,8,44
46,15,32
45,21,25
41,12,41
41,23,32
32,17,35
41,17,39
48,1,46
3,6,48
42,0,49
5,9,45
17,7,46
55,6,37
19,18,31
3,15,39
18,3,54
33,23,30
8,13,39
2,12,41
52,5,40
23,23,30
25,20,35
56,3,44
27,17,36
31,14,42
49,0,44
27,16,38
62,20,31
10,8,43
55,21,28
6,9,42
39,22,32
14,0,55
36,2,48
48,1,45
24,1,52
2,11,40
15,22,27
33,0,49
28,23,29
19,21,31
9,12,38
34,18,36
32,4,48
47,1,47
63,22,26
53,3,40
13,0,50
62,22,31
23,8,45
51,22,24
60,7,41
37,18,38
30,11,40
47,13,29
44,3,46
1,20,29
48,0,45
31,18,36
42,16,37
61,4,41
37,13,42
32,6,46
8,3,50
31,19,36
42,23,25
7,10,42
26,8,45
5,23,27
35,6,47
27,4,48
13,8,41
24,11,45
46,22,24
16,8,43
40,15,42
54,5,37
9,18,31
10,22,31
25,4,48
58,14,33
41,13,42
38,22,30
6,20,33
8,20,32
16,13,36
47,21,26
32,13,39
35,21,33
31,19,33
50,16,28
9,21,31
11,17,31
42,5,47
62,2,41
1,6,49
25,14,41
23,16,37
16,12,41
18,1,53
25,9,45
55,2,45
7,15,35
28,18,38
23,20,32
6,9,41
37,21,34
0,10,43
41,3,47
51,6,34
9,0,53
62,3,42
2,19,32
59,4,44
21,21,29
12,19,31
4,11,44
5,22,29
20,19,35
56,8,35
58,23,29
52,13,31
27,17,38
59,0,45
56,0,47
40,2,48
12,13,35
15,14,38
0,2,53
18,22,28
33,10,45
8,15,36
22,5,49
21,16,38
5,21,29
16,19,32
6,2,50
47,12,30
44,2,48
25,15,38
4,21,30
60,2,43
11,18,32
41,20,31
29,2,49
58,6,40
20,11,44
55,11,33
3,2,51
14,15,37
52,22,24
0,21,27
43,20,29
59,1,47
24,8,46
43,5,45
18,21,28
40,21,35
55,9,33
56,22,28
11,21,32
3,14,38
37,12,43
50,5,37
38,9,45
47,12,31
6,16,35
18,12,40
39,3,49
11,3,49
0,2,54
12,22,29
24,0,52
22,18,34
63,19,31
8,23,26
27,23,28
34,13,41
32,13,41
16,22,25
28,16,35
39,19,40
23,8,46
22,11,45
57,3,45
25,22,33
5,19,35
61,5,38
54,12,31
0,22,27
49,12,30
22,9,45
38,20,37
1,9,44
58,2,42
5,23,29
63,4,37
18,21,32
45,5,44
26,23,28
5,20,34
29,15,37
0,19,29
42,7,43
30,22,32
59,23,26
51,12,32
42,7,44
52,6,38
17,23,27
50,2,41
52,11,32
45,15,33
12,10,39
17,12,39
25,22,31
10,14,34
54,11,31
15,10,39
60,6,41
29,8,45
8,12,40
60,0,43
30,13,41
38,6,46
38,23,28
24,11,44
36,4,47
52,4,37
14,21,26
48,13,30
30,3,49
29,17,34
25,3,51
39,20,35
26,12,44
14,3,50
33,2,49
32,20,33
20,16,35
46,14,36
51,2,42
15,3,47
14,6,42
22,12,44
43,16,34
9,22,30
49,11,30
13,2,47
36,20,38
16,12,40
29,5,48
19,16,35
25,10,44
53,6,39
33,14,39
19,13,37
39,7,45
2,7,47
49,6,37
10,0,52
50,1,42
62,2,42
10,20,31
46,14,32
15,15,34
56,23,27
22,12,42
16,11,40
34,21,33
29,18,33
15,0,55
48,11,34
16,2,50
47,1,45
56,5,40
10,2,50
47,11,35
51,9,32
53,7,34
27,21,31
28,13,38
5,13,40
57,2,45
59,5,38
38,22,33
22,19,34
24,20,36
16,23,25
26,9,44
51,11,32
8,12,37
3,5,49
38,18,40
2,20,32
51,6,38
61,0,48
57,23,27
26,2,50
0,17,32
24,2,51
11,14,36
39,12,43
48,22,25
6,3,49
36,8,46
59,1,44
24,8,45
53,21,28
41,17,38
51,9,33
38,23,34
60,4,40
41,22,31
17,1,52
40,20,33
36,20,35
12,13,36
63,1,43
22,11,44
20,12,44
45,16,30
18,23,27
31,16,39
31,10,43
0,22,29
16,3,49
2,8,48
4,15,38
44,19,31
60,23,28
49,18,28
6,10,43
4,15,37
22,8,46
17,4,50
6,15,37
16,13,41
51,18,27
27,11,42
52,5,37
61,3,44
56,2,45
55,18,30
24,11,41
61,19,33
19,12,43
53,4,38
25,23,30
47,22,27
8,15,35
58,3,41
42,4,45
1,7,46
13,11,37
11,5,45
16,20,30
19,17,33
4,13,39
33,1,49
10,5,44
52,9,36
2,7,48
29,3,49
27,3,50
24,9,48
50,18,27
18,9,43
44,15,32
9,22,27
35,4,47
22,17,37
23,22,30
31,23,28
1,15,36
45,0,48
48,23,25
56,21,27
57,19,30
22,0,54
43,12,40
15,22,26
11,22,27
14,0,52
51,7,36
16,6,47
38,3,47
11,11,42
40,2,49
60,10,34
26,15,37
3,8,48
17,1,54
45,4,43
34,12,42
48,20,26
16,18,33
21,4,50
30,1,51
57,0,47
61,0,47
43,11,40
4,19,31
34,23,29
11,20,28
58,1,47
34,9,43
56,14,31
58,3,43
26,20,33
57,7,36
2,20,30
63,14,35
7,3,49
22,13,41
23,19,37
13,21,26
4,20,29
38,14,42
57,6,37
47,12,36
25,13,39
54,21,28
35,20,35
5,8,44
56,4,38
36,17,40
46,0,45
11,23,24
20,6,47
7,21,32
43,19,31
27,2,50
8,1,51
19,6,47
4,3,49
8,3,47
1,2,52
47,6,36
5,6,45
60,5,42
41,15,42
34,20,35
28,22,34
3,12,44
6,8,46
46,15,30
29,18,34
46,10,36
20,18,33
22,6,50
14,8,41
26,3,49
8,8,43
3,19,33
26,20,34
18,17,32
27,18,36
9,11,40
21,6,48
62,12,36
61,18,33
1,21,26
48,23,27
27,6,47
42,13,41
11,4,46
45,23,25
4,20,31
25,16,37
62,22,29
37,22,36
47,13,32
54,20,29
42,15,33
32,14,42
25,12,40
7,16,37
27,22,31
51,1,42
7,10,41
34,16,38
2,1,55
15,9,42
9,5,44
28,15,40
6,17,33
3,11,41
21,9,47
62,3,40
46,15,36
9,10,41
53,0,49
21,12,45
28,19,35
16,1,52
46,13,35
31,12,42
50,8,34
50,15,28
45,12,33
24,23,28
47,12,32
6,22,28
25,9,43
56,6,35
30,7,45
8,7,42
38,21,36
62,0,46
51,23,21
11,1,48
10,8,41
19,1,55
12,22,25
37,21,37
14,20,28
25,11,43
42,14,38
13,22,26
58,0,47
44,6,44
31,7,46
18,13,38
45,3,44
19,16,36
42,15,39
62,23,25
29,19,32
8,0,52
27,23,29
3,20,33
51,6,36
31,10,44
7,22,30
40,3,47
15,18,33
33,21,33
23,15,39
31,14,40
31,9,46
58,2,43
9,15,34
60,20,31
22,15,39
42,18,33
18,20,29
61,2,41
17,14,35
11,11,38
10,0,50
36,21,33
34,13,40
4,17,36
62,7,37
35,21,34
23,21,33
10,19,32
61,5,40
8,4,47
33,21,31
59,6,37
6,17,34
25,17,35
16,17,33
18,12,38
18,5,52
45,22,27
3,21,27
26,22,30
47,23,24
37,23,34
33,16,40
11,16,35
31,11,46
28,0,52
7,9,41
23,21,31
23,21,35
28,16,38
28,14,38
50,23,23
22,0,53
42,23,28
38,13,42
7,19,30
5,9,44
41,0,49
42,23,27
20,19,33
31,22,33
20,13,41
17,6,47
61,4,43
14,3,48
17,20,30
61,23,27
0,6,48
59,2,44
31,11,41
16,23,24
12,7,42
41,18,36
44,16,31
39,11,44
2,11,42
40,6,45
23,2,52
39,9,44
49,23,21
10,1,53
31,17,38
22,23,27
14,22,27
26,19,32
15,19,32
10,18,32
51,14,30
30,1,50
3,13,40
45,1,47
54,9,34
45,20,28
50,0,49
14,23,24
1,12,38
27,1,52
0,21,29
7,17,33
38,17,41
55,6,36
12,14,36
0,7,47
11,17,32
38,22,32
32,8,44
1,10,42
63,23,24
61,17,32
10,10,44
28,15,41
52,8,36
12,8,40
24,1,51
18,4,48
39,2,48
39,19,38
26,19,33
13,15,32
33,23,29
57,19,31
48,19,28
38,22,37
21,15,40
9,7,42
12,11,40
61,9,37
44,4,47
4,4,48
31,11,43
40,15,41
41,19,32
12,4,46
42,11,43
12,9,40
60,7,39
8,12,39
30,21,33
34,23,31
8,4,51
25,21,36
23,22,31
51,1,43
20,6,49
28,12,40
27,8,44
6,5,47
45,17,31
43,6,43
32,14,37
24,9,45
29,16,36
46,14,31
37,21,35
39,15,42
43,15,41
48,7,37
17,8,42
19,13,38
11,13,36
31,1,52
41,13,40
42,9,43
6,13,38
15,1,53
42,12,44
5,3,50
63,4,38
3,17,36
16,18,32
3,22,30
48,7,40
57,20,29
48,6,36
57,22,28
47,15,30
57,6,40
42,20,30
52,23,26
51,7,37
28,8,46
57,8,35
14,13,36
48,10,35
28,2,50
1,13,38
31,4,47
44,5,44
11,15,35
40,18,37
24,4,49
14,7,42
28,17,34
0,23,26
22,23,29
39,21,31
12,11,37
49,3,40
36,21,35
36,6,46
19,4,50
10,12,36
13,4,47
8,13,38
62,5,42
61,14,34
28,23,30
51,21,25
50,11,30
11,23,25
47,16,30
49,23,23
48,12,32
46,2,43
17,10,44
34,15,40
24,19,34
16,3,51
55,12,33
41,20,35
53,8,36
0,19,33
5,19,34
14,13,35
46,6,40
9,19,32
44,1,48
19,17,35
26,9,43
27,0,52
12,3,47
29,23,29
36,17,37
43,23,29
8,6,47
8,8,42
50,4,42
38,23,29
23,3,51
30,22,30
18,8,44
52,23,25
30,13,38
32,20,34
3,19,31
12,0,50
17,21,29
51,16,28
15,19,31
62,3,45
18,0,56
46,20,28
28,21,33
63,20,30
2,17,31
27,15,40
52,7,33
41,19,37
51,7,34
61,11,36
29,7,48
62,18,31
4,19,30
9,12,37
20,17,35
40,4,48
19,10,44
19,23,27
44,17,32
48,12,36
40,2,46
55,20,29
11,12,37
61,0,44
5,2,52
10,19,33
2,0,55
6,19,31
50,0,45
46,17,30
30,18,33
20,5,49
18,16,36
58,8,34
21,0,53
2,22,25
61,9,36
25,7,46
56,12,31
4,12,40
47,11,32
11,5,46
60,8,37
35,23,29
23,18,38
43,21,27
16,9,44
4,2,51
8,6,45
35,12,42
21,10,45
59,22,29
34,15,37
8,0,53
26,16,36
38,11,44
44,9,40
55,12,31
56,9,34
11,12,41
44,15,36
22,18,35
35,7,46
26,0,52
44,11,40
58,5,40
61,1,42
57,4,38
17,5,48
5,10,43
38,9,44
24,4,50
5,6,48
5,3,52
6,6,46
61,5,43
14,10,39
9,9,41
62,19,31
41,14,41
43,16,32
0,23,28
17,21,27
54,5,36
6,20,34
23,6,51
31,17,34
19,20,31
18,23,26
63,3,42
15,19,30
24,6,47
52,20,27
27,19,33
44,4,45
30,15,38
47,20,28
21,18,35
46,6,41
52,7,39
4,14,38
20,16,36
41,23,27
17,10,41
62,1,42
55,13,33
9,12,39
46,5,40
20,9,46
14,13,38
59,6,41
18,15,38
58,5,41
61,4,39
40,5,48
19,9,46
40,18,36
33,17,37
49,4,41
12,16,35
8,10,41
16,4,48
62,17,32
36,20,37
31,18,37
22,12,41
31,3,49
22,23,28
6,18,34
5,6,46
61,19,32
8,14,36
44,5,43
0,17,30
18,4,50
45,2,47
10,21,29
7,20,30
11,4,49
1,11,42
32,23,32
43,15,35
48,22,24
23,6,47
20,10,45
44,21,28
2,21,28
47,18,28
53,5,38
49,15,30
32,12,41
16,3,50
22,14,40
47,21,28
52,13,30
44,3,45
16,20,27
46,8,38
29,8,44
63,0,46
43,13,39
39,23,34
59,20,32
33,9,45
48,22,26
9,11,38
0,9,43
21,18,38
57,15,31
58,4,41
41,14,39
50,22,24
37,16,40
19,12,41
29,13,37
47,9,38
1,10,45
34,16,37
62,9,37
6,10,41
16,1,53
21,6,51
0,11,43
43,8,42
33,12,42
12,23,26
43,5,44
11,20,31
2,2,52
16,9,41
63,20,31
18,7,45
6,15,36
25,10,45
11,20,32
47,11,38
24,3,52
58,5,44
25,8,48
60,12,34
9,19,31
7,9,44
59,3,45
20,4,50
3,9,46
45,1,45
47,8,40
13,22,28
15,14,36
7,18,35
27,1,51
41,15,40
28,6,45
58,23,30
29,23,28
9,8,41
14,1,52
39,17,39
51,0,50
28,11,41
20,2,54
44,4,46
33,12,40
1,19,29
3,17,32
35,14,40
43,14,35
62,1,45
4,11,43
23,20,34
16,5,45
10,18,33
53,4,37
6,6,45
53,3,39
37,8,45
28,5,47
55,10,34
10,23,28
5,16,37
34,4,47
8,20,30
44,23,28
8,19,32
19,4,49
34,22,34
41,4,47
12,23,25
29,6,49
7,23,28
5,7,45
0,10,44
49,13,28
32,0,50
13,23,25
8,1,50
7,8,42
41,17,36
2,13,39
44,3,47
47,4,41
16,10,41
11,3,46
46,0,48
28,7,44
32,21,34
62,16,32
31,15,36
51,5,36
9,11,41
27,17,35
3,19,36
29,22,32
20,1,54
6,0,52
8,17,33
22,4,51
50,3,41
5,22,28
11,10,38
0,23,25
53,6,37
22,18,36
5,23,26
42,6,44
22,17,38
51,3,39
20,13,40
44,1,46
10,21,27
11,12,39
18,22,30
25,7,47
10,14,39
50,14,28
23,4,49
16,20,28
53,20,26
63,14,34
18,0,55
55,5,36
19,15,38
12,8,42
49,5,38
61,3,45
31,15,40
63,2,39
13,5,45
9,5,48
4,8,45
46,21,28
44,23,24
62,10,37
44,3,48
14,12,35
28,15,38
5,13,39
13,7,42
63,3,45
20,15,39
63,23,25
38,13,44
59,20,31
11,0,50
33,8,45
22,12,43
57,10,34
4,16,34
15,7,44
3,22,29
62,6,38
7,0,52
0,13,38
60,1,44
33,18,35
14,20,30
15,17,34
31,3,50
60,5,41
40,17,37
31,0,52
60,7,36
62,14,34
30,14,37
27,18,35
18,18,32
46,23,25
10,15,33
7,19,31
4,12,43
4,13,41
27,6,46
18,14,36
35,16,37
31,22,29
41,19,33
16,0,53
35,17,39
2,15,35
34,16,39
9,20,29
10,13,37
60,20,32
10,9,44
56,3,45
4,1,51
21,9,46
0,1,55
23,17,37
58,2,41
57,21,29
29,20,31
32,14,41
2,1,54
20,15,37
15,13,36
24,12,43
12,19,30
55,19,29
57,1,45
48,0,46
35,16,40
31,18,35
3,7,48
45,2,44
6,17,36
17,6,44
60,10,35
0,14,34
45,13,34
53,0,47
43,21,28
0,15,35
0,11,39
6,16,37
12,21,27
28,7,46
43,4,47
11,16,32
51,17,28
11,16,33
3,19,32
39,2,49
9,16,33
63,11,37
14,22,26
17,20,29
19,23,26
37,8,46
5,7,46
8,9,44
43,7,44
35,13,40
35,19,38
24,13,41
61,22,31
1,11,39
47,9,36
40,17,42
26,23,29
19,8,47
40,16,39
7,18,34
59,16,32
31,19,35
60,22,28
16,15,34
53,15,29
26,5,49
50,19,27
28,5,48
1,23,24
15,0,52
8,15,34
27,22,30
45,6,43
28,6,47
51,8,36
1,23,25
26,19,35
59,4,41
62,0,43
53,21,27
16,14,34
3,5,48
28,22,32
2,11,41
0,1,54
8,20,31
24,21,36
14,8,45
27,10,43
31,23,29
10,11,39
62,22,28
50,9,36
41,18,33
61,6,39
2,12,40
25,8,44
8,2,49
32,21,33
21,23,31
18,19,32
12,10,41
21,6,50
19,17,36
10,9,43
55,18,29
55,14,31
43,7,43
1,14,37
18,6,47
63,12,37
35,18,38
38,21,34
28,18,34
26,10,43
15,7,42
2,23,26
36,15,39
7,21,29
48,23,23
17,18,31
43,14,38
11,15,34
8,9,40
39,23,29
9,3,47
3,0,55
0,10,41
21,13,42
60,13,35
5,18,36
43,12,39
16,12,37
22,14,42
8,11,40
39,1,47
29,21,33
9,16,35
20,22,33
40,16,40
19,19,31
12,21,28
21,5,51
13,16,33
22,19,33
19,20,29
49,7,36
20,5,50
18,10,44
29,6,48
52,20,26
33,6,45
1,16,32
19,19,32
45,13,37
53,8,33
39,21,34
28,19,32
9,6,46
20,22,32
58,4,44
55,23,24
45,3,46
62,23,28
22,2,52
1,19,28
34,20,34
27,14,42
20,23,29
21,19,32
26,7,46
41,17,37
62,13,35
15,5,46
42,17,33
43,23,28
53,7,38
31,14,38
14,23,26
6,7,46
42,5,45
49,6,36
45,16,32
20,7,48
4,4,49
7,10,40
4,13,40
21,1,54
44,13,36
29,12,40
32,1,50
59,5,39
56,7,38
58,3,45
32,5,46
34,6,47
56,22,26
7,15,37
44,22,27
16,14,38
18,0,54
26,3,50
20,2,53
50,22,26
10,21,31
0,14,37
23,5,50
62,19,32
49,19,28
52,21,25
47,14,34
46,13,32
27,19,34
6,23,30
27,23,30
49,0,47
48,4,41
59,7,37
56,6,37
18,16,35
30,21,31
5,11,41
14,11,36
24,5,50
1,6,48
20,19,31
7,9,45
56,19,30
59,23,28
6,4,48
9,13,40
33,11,43
40,20,38
33,9,43
29,21,34
14,4,47
6,8,44
14,2,51
44,5,45
40,23,28
34,8,45
49,0,48
24,17,37
20,0,55
7,8,45
28,9,43
55,10,33
45,0,49
5,9,41
46,17,29
21,18,34
15,10,41
60,15,33
41,10,45
27,15,36
35,4,48
54,8,34
35,6,46
58,11,34
58,2,47
54,12,30
42,16,34
45,20,27
7,7,44
30,14,40
55,8,34
8,21,31
40,23,26
55,5,37
57,2,42
49,22,27
47,21,27
18,7,44
32,13,40
12,6,43
27,20,32
1,22,30
46,12,34
31,1,51
16,10,39
34,1,48
11,14,34
49,19,26
19,16,39
50,8,32
32,22,33
54,22,28
6,19,36
59,7,35
5,23,31
20,17,38
7,20,34
5,14,39
33,15,37
43,16,33
3,2,52
24,21,35
55,22,25
10,6,43
61,3,40
37,11,43
46,15,29
52,4,38
6,9,43
37,23,30
53,13,30
58,9,34
33,3,49
6,11,43
15,20,27
42,10,44
54,22,24
46,3,42
37,6,46
62,18,32
11,4,45
6,10,40
46,23,23
47,14,36
23,12,42
17,7,44
11,16,34
6,20,32
0,16,31
47,13,34
15,0,54
24,16,39
18,11,40
12,0,49
7,18,32
43,15,32
15,13,35
59,22,28
60,4,43
21,3,51
22,17,35
2,12,38
44,2,47
34,13,43
23,6,49
9,4,48
32,13,42
53,8,34
8,8,44
24,6,49
59,0,48
49,3,43
6,22,29
21,4,52
48,19,27
19,3,51
15,7,45
51,21,24
47,2,44
24,2,50
60,18,33
56,3,41
56,21,29
22,16,39
31,21,33
7,17,35
59,2,46
4,16,35
44,20,29
29,6,46
60,5,40
34,15,38
53,16,28
11,11,41
48,23,26
6,11,40
51,10,33
11,0,51
23,16,39
51,1,41
46,8,39
35,15,40
1,3,51
35,19,36
35,20,34
11,2,47
16,4,49
48,9,36
12,0,51
37,7,46
19,8,48
17,13,37
28,14,39
19,12,40
43,22,30
34,9,44
4,6,50
54,14,30
33,20,33
5,22,32
42,2,47
45,7,39
27,12,40
2,16,34
30,15,36
51,6,37
27,16,37
7,22,29
6,19,35
35,22,32
34,23,30
18,17,34
46,4,42
47,23,23
16,13,37
2,21,30
0,14,35
7,10,39
37,22,37
14,15,33
12,15,34
15,14,39
42,4,48
41,7,45
62,23,30
57,4,41
10,6,46
54,3,44
55,22,26
63,2,41
30,3,50
6,22,31
28,6,49
53,7,36
19,17,34
49,4,42
30,6,48
15,20,28
37,22,34
24,3,51
51,5,37
55,1,46
29,20,34
24,3,50
35,23,31
0,15,36
49,2,43
61,12,36
20,11,42
50,23,21
23,18,35
45,12,38
57,13,32
32,16,38
32,17,36
39,18,39
47,11,33
35,17,37
53,2,41
9,17,33
5,4,48
19,14,38
10,1,51
37,4,47
8,17,32
18,11,42
9,13,38
8,21,29
31,16,36
57,2,44
24,10,44
57,0,44
32,0,51
57,7,37
56,22,25
0,18,29
43,0,48
21,0,54
28,19,33
10,7,45
0,20,29
31,10,45
47,6,37
32,8,47
8,20,33
51,5,38
4,12,41
62,15,34
43,17,33
1,12,39
41,20,30
9,23,29
52,8,37
61,5,42
7,9,46
54,1,42
56,5,37
60,21,31
15,2,50
59,6,36
50,10,31
46,7,39
22,13,42
2,19,29
43,22,28
42,20,29
28,20,33
15,15,39
42,13,42
24,14,39
51,1,44
0,15,38
11,7,43
59,19,32
17,9,46
49,14,29
52,3,41
59,4,39
21,3,52
46,4,43
59,11,34
34,14,39
0,12,38
43,22,29
39,3,46
10,14,35
20,22,29
14,18,29
45,8,39
22,21,32
11,11,39
55,6,35
30,3,48
63,23,27
47,5,39
52,21,24
32,21,32
49,20,28
51,11,31
58,7,35
56,2,47
30,23,28
26,11,41
21,2,54
48,13,36
6,10,42
56,1,43
2,18,32
45,4,44
5,19,32
48,10,34
29,13,38
50,1,45
5,21,28
48,13,35
6,8,45
7,20,31
25,18,35
3,23,31
33,0,51
59,16,33
31,4,48
11,10,41
8,5,45
34,12,40
8,9,45
33,12,41
10,17,32
56,11,33
44,22,26
54,6,36
26,21,33
39,21,38
19,16,38
57,0,45
41,2,47
12,12,40
34,11,41
7,7,47
0,8,45
0,13,39
16,10,40
41,11,44
5,20,35
14,11,37
52,19,28
19,23,25
50,3,43
1,16,33
17,6,48
10,3,46
44,13,35
17,22,27
26,10,44
57,21,28
28,15,39
30,19,34
16,23,23
20,12,41
47,13,31
58,23,26
62,1,47
38,23,33
34,8,46
47,13,30
28,8,44
2,0,54
3,20,30
5,20,29
45,11,36
44,7,40
15,3,52
19,15,36
62,11,37
56,1,46
4,14,39
51,12,29
62,22,30
47,22,26
5,19,30
37,5,46
39,23,30
37,23,31
18,3,50
32,23,28
54,4,38
12,18,31
8,11,39
25,17,38
4,11,42
0,13,40
10,0,51
53,2,42
28,10,42
44,14,33
36,2,47
54,21,26
52,22,26
41,16,41
6,21,31
0,3,53
5,2,50
26,17,35
1,20,27
7,5,46
29,13,41
26,18,34
45,11,39
39,17,41
63,21,30
17,0,55
5,22,30
8,21,28
48,12,34
21,8,50
47,5,40
36,13,43
9,21,27
10,20,32
37,19,37
53,3,38
19,0,55
35,17,36
17,8,44
19,5,49
45,17,30
16,20,29
30,5,47
62,2,45
19,5,48
28,20,31
44,15,31
18,19,31
62,1,46
21,14,40
13,11,38
61,0,46
21,20,31
20,5,51
61,8,36
0,19,30
51,22,26
12,16,33
47,6,39
26,12,42
12,12,37
49,22,23
24,0,53
27,5,49
29,18,37
36,0,49
13,4,45
47,3,47
7,8,44
14,9,41
44,19,29
41,16,37
35,2,47
19,15,37
8,21,32
9,8,44
22,18,37
48,22,27
44,0,48
5,8,43
32,11,41
40,11,44
54,3,43
47,2,45
18,19,30
46,10,38
63,4,42
9,7,43
36,18,39
22,22,28
6,18,33
10,21,30
49,20,27
50,12,29
3,23,28
21,5,50
0,7,50
50,2,42
21,12,44
23,3,52
4,19,32
1,11,40
21,11,43
16,8,42
47,4,40
40,13,43
33,8,46
33,14,38
17,22,28
49,5,39
59,8,39
43,12,41
6,21,33
26,6,47
48,23,24
10,13,38
46,16,31
42,2,48
61,11,37
8,5,47
56,8,37
57,22,29
41,16,39
47,19,28
44,23,23
35,19,35
7,21,33
0,9,44
22,15,40
56,19,29
21,1,53
47,0,48
31,9,44
40,22,29
45,10,38
25,12,41
49,21,25
31,11,44
56,4,39
7,10,44
15,17,33
25,21,31
8,19,34
2,19,33
40,12,44
9,13,37
34,22,35
47,5,42
12,13,34
8,8,41
57,2,46
31,2,49
52,13,29
5,21,30
57,3,41
32,7,45
53,12,31
56,2,41
50,6,36
54,20,27
45,2,48
61,6,37
1,13,37
63,0,45
30,9,44
7,11,41
31,21,32
53,4,40
20,16,37
19,20,32
39,20,38
39,23,28
14,23,25
50,21,25
60,5,39
21,17,34
56,15,30
22,1,52
15,8,42
17,8,47
8,7,44
12,12,35
44,14,37
27,12,39
17,16,33
28,4,49
11,8,45
43,2,47
27,12,41
9,3,49
27,10,42
11,9,41
52,12,31
59,8,35
30,11,44
52,8,35
42,6,43
53,7,37
51,13,29
55,1,47
57,9,34
52,18,28
32,3,49
58,2,44
24,18,37
14,6,45
23,18,36
61,23,28
49,6,42
53,1,41
15,10,40
46,15,31
14,7,46
28,20,32
27,20,33
2,15,36
1,7,48
58,13,33
44,6,43
29,8,49
45,18,30
2,5,50
15,20,30
18,17,33
59,7,38
34,15,39
40,22,30
0,21,31
0,18,31
4,6,47
57,21,27
49,7,34
28,19,36
27,9,43
40,22,28
39,5,48
60,21,30
28,7,45
45,3,45
22,22,29
19,7,45
12,11,41
36,23,34
49,5,36
42,19,30
28,21,30
18,20,30
34,10,44
11,22,29
27,22,32
36,10,44
32,3,50
18,18,31
7,23,26
1,23,28
43,0,49
5,19,36
15,15,36
48,0,44
48,5,38
29,7,47
42,22,29
12,9,41
1,7,49
17,11,39
58,2,46
25,19,35
20,19,34
14,20,31
36,5,47
3,11,42
51,19,26
44,7,42
35,23,32
58,1,46
48,11,35
43,4,48
7,9,43
9,5,46
8,18,32
57,7,35
48,7,36
26,8,44
55,2,44
58,22,27
23,5,48
8,7,45
13,1,50
9,6,45
26,14,41
43,15,33
11,6,45
43,11,41
36,17,38
25,16,38
20,22,28
19,18,32
1,21,28
39,5,46
29,7,44
3,3,53
48,9,35
6,13,39
27,20,35
25,23,31
19,21,32
8,8,45
45,0,47
46,12,36
3,19,29
47,1,49
44,3,44
61,6,40
6,10,44
20,12,40
26,20,35
4,18,32
41,12,42
34,6,46
25,2,51
28,13,40
10,15,34
10,22,28
8,18,33
38,3,46
47,14,29
21,3,53
6,8,43
47,7,41
18,3,52
31,16,37
39,12,44
30,16,35
39,13,42
11,23,28
19,12,39
53,9,33
46,16,28
0,7,45
33,4,48
26,4,49
57,5,40
53,10,32
35,23,35
24,7,49
45,6,40
43,17,32
22,11,42
8,3,48
62,5,39
10,10,41
53,11,33
36,22,37
30,2,49
10,16,35
10,13,36
27,3,49
43,14,37
14,0,56
23,18,37
53,1,43
24,23,29
37,3,46
38,10,44
31,8,44
1,18,29
54,22,27
44,13,34
23,20,33
26,13,41
24,22,33
14,8,46
1,22,29
55,23,25
7,14,39
37,3,47
51,8,37
30,19,37
5,9,43
60,3,42
19,13,43
3,21,28
21,19,34
24,13,40
16,6,45
25,5,48
53,1,47
29,19,33
55,4,39
38,17,40
27,18,38
32,6,48
5,18,32
42,17,37
59,21,29
16,11,41
6,20,31
42,15,35
21,19,31
12,10,40
45,5,41
18,21,30
22,5,48
49,14,28
57,12,32
0,23,24
40,17,41
20,7,47
36,19,37
56,1,42
32,5,47
55,4,43
11,21,28
0,11,38
60,22,29
2,20,27
25,17,36
43,22,26
56,0,43
8,1,52
55,23,27
14,20,27
6,19,33
57,5,39
45,14,33
41,2,46
2,23,25
6,14,37
44,21,30
4,17,37
25,9,49
38,21,35
55,3,44
63,1,47
21,21,32
46,19,30
58,2,48
9,20,32
59,0,47
3,17,34
28,1,51
60,2,42
48,6,38
7,4,49
4,7,46
31,20,32
16,23,27
44,12,37
26,17,38
11,15,33
31,12,39
42,22,26
59,7,36
46,19,28
49,9,36
33,19,36
25,20,37
20,22,30
25,13,40
57,6,38
11,20,29
29,7,45
51,4,38
38,22,34
15,10,42
45,15,31
32,12,40
34,11,43
52,5,36
25,3,50
11,17,34
21,0,56
28,8,43
61,1,41
17,7,43
34,11,42
2,21,31
46,21,25
43,20,32
32,2,49
61,18,32
22,4,52
31,5,46
0,19,28
37,2,48
23,6,48
54,13,31
42,14,41
40,1,49
61,2,47
58,20,32
25,19,33
3,15,37
13,20,27
63,22,29
35,9,45
50,1,49
38,23,32
0,5,50
60,6,40
50,14,30
20,16,38
10,20,30
28,14,40
59,9,35
3,7,49
3,17,35
36,18,36
3,18,32
44,21,26
48,11,36
20,0,54
49,12,34
13,16,31
23,22,32
55,8,35
51,13,28
40,21,34
11,4,47
14,15,36
4,18,35
27,19,36
15,7,43
18,10,43
2,19,30
60,12,35
53,20,27
34,5,47
19,6,46
59,5,40
36,23,32
46,13,36
25,21,33
32,9,44
49,6,35
49,1,42
0,11,41
7,16,35
28,0,51
10,15,36
13,13,34
11,16,36
48,3,43
63,2,43
27,14,41
63,13,36
3,2,53
4,21,28
30,5,46
24,18,35
0,9,41
53,2,43
26,23,30
39,4,48
42,6,45
0,22,28
11,2,49
9,21,29
3,18,33
52,0,42
62,3,38
28,6,46
14,0,53
26,18,35
46,15,33
18,11,41
61,6,38
54,3,40
33,7,45
5,2,51
44,17,30
22,3,51
34,3,48
21,12,42
18,9,42
12,19,29
44,23,26
40,15,40
40,21,32
55,12,30
19,6,48
44,18,31
30,20,32
38,1,49
39,16,42
50,9,32
50,4,37
30,15,37
49,13,29
19,15,39
0,16,36
6,15,39
18,18,33
62,21,31
27,22,29
3,3,51
62,2,40
30,8,45
3,23,27
50,9,33
19,19,30
1,19,31
61,5,41
4,14,37
11,14,37
5,0,53
34,13,42
8,6,46
28,18,35
24,8,47
19,21,29
27,5,48
31,19,34
32,16,36
15,21,27
11,22,28
6,23,28
33,14,40
0,12,43
17,1,53
14,17,31
11,9,44
2,14,37
48,2,43
15,11,37
25,22,30
24,19,35
3,10,44
2,13,40
2,8,46
41,8,45
28,7,49
22,20,32
11,6,46
0,17,33
52,1,42
21,17,35
52,7,38
56,6,40
49,4,38
14,10,40
2,17,33
46,21,26
2,23,24
4,9,46
58,19,32
3,12,42
42,1,47
7,5,49
58,0,50
15,13,39
6,7,44
11,19,30
34,9,45
25,14,40
28,2,51
20,23,27
23,5,49
48,21,27
24,22,34
44,13,38
3,21,31
25,10,43
51,0,48
36,11,44
49,8,36
55,22,27
61,3,43
35,13,41
7,12,39
54,1,41
42,11,42
29,19,37
13,12,36
10,22,30
1,3,53
7,4,47
41,19,35
55,14,30
53,10,33
48,1,49
60,15,34
57,15,32
36,9,46
24,2,52
28,22,31
3,16,39
36,20,34
11,7,41
6,20,30
5,22,27
11,5,49
62,16,34
13,9,40
11,1,50
4,22,31
12,6,42
8,20,29
60,8,35
13,0,51
19,11,42
10,9,41
14,7,44
29,22,30
57,20,30
23,4,51
43,5,47
4,10,46
1,22,27
61,10,36
15,18,31
29,11,41
55,0,47
41,20,32
23,4,50
51,5,35
59,3,44
1,20,31
45,12,37
55,9,34
52,22,25
53,14,29
11,22,25
11,21,31
6,7,43
19,20,30
8,12,38
33,6,46
62,6,37
63,0,42
14,14,37
2,16,36
23,21,34
56,5,39
59,21,32
47,1,48
40,3,49
47,22,28
14,17,34
53,7,39
4,16,37
58,10,33
10,23,26
20,3,52
5,21,33
49,19,27
31,14,41
46,1,48
9,17,35
1,22,26
8,6,44
43,10,42
25,0,52
47,3,43
1,19,30
25,2,50
42,17,34
18,9,44
53,22,27
5,8,48
36,6,47
7,20,32
5,18,33
40,23,27
43,15,37
58,0,45
30,18,34
24,12,42
7,8,43
22,21,30
11,5,44
26,21,32
7,14,38
11,8,41
32,21,31
15,1,52
17,12,37
56,21,28
43,4,46
22,7,50
30,18,37
54,15,30
29,23,31
8,9,42
7,4,50
52,9,33
31,21,30
13,14,34
8,19,31
9,14,36
18,21,29
16,19,30
27,19,32
56,5,43
57,4,45
20,15,36
41,4,45
40,21,30
56,20,29
46,16,34
59,0,46
41,22,32
9,20,30
18,8,46
39,22,33
3,19,35
23,20,35
53,23,24
61,3,42
15,4,47
28,6,48
0,10,40
14,19,29
14,0,51
44,15,33
31,5,47
3,12,41
47,22,24
13,9,39
18,7,46
28,17,35
6,6,47
57,21,30
39,14,41
21,2,52
14,17,30
62,4,42
29,10,41
11,7,42
36,13,40
16,6,46
55,2,46
43,1,47
24,22,32
28,7,48
11,11,44
9,1,50
12,1,48
42,8,45
15,6,44
4,23,29
15,16,32
19,22,28
51,10,32
7,1,52
55,12,32
54,23,26
18,18,35
4,22,29
50,3,39
13,6,43
6,21,32
6,18,32
36,12,42
57,6,39
41,12,44
60,7,38
50,12,30
28,17,39
20,11,43
29,17,37
59,5,43
46,11,35
34,7,46
17,16,34
31,18,34
20,18,32
49,0,46
45,7,40
9,13,36
0,5,49
24,5,49
4,9,47
4,1,52
41,17,35
51,3,40
49,3,39
8,23,28
20,20,32
31,21,34
45,9,40
49,2,45
27,15,38
24,10,42
53,11,32
4,20,35
21,17,39
63,18,31
38,23,36
16,16,38
51,7,35
5,0,52
16,15,33
35,3,48
4,7,47
23,14,41
13,3,48
7,17,32
56,3,43
44,4,44
6,14,38
26,6,46
60,22,32
59,2,42
43,5,46
18,10,42
2,16,33
20,12,42
42,22,28
20,21,32
29,1,50
54,2,40
14,3,47
17,0,54
22,8,47
39,0,49
6,21,30
4,10,45
2,15,37
11,6,42
19,2,54
36,7,46
11,12,38
48,12,35
41,22,27
10,1,50
49,1,45
0,8,50
30,8,46
29,13,40
1,18,31
1,16,34
54,2,43
11,17,33
52,6,39
57,5,38
2,3,51
17,9,42
15,1,51
17,15,34
30,17,34
30,2,51
27,15,41
58,6,36
2,21,27
24,20,33
52,7,35
46,11,34
32,1,51
15,8,43
35,23,30
2,20,31
60,21,32
34,7,45
17,19,31
10,9,45
55,2,40
16,12,38
55,1,45
63,12,36
16,3,48
8,16,34
3,22,31
31,6,45
4,15,39
38,19,40
2,22,27
4,21,33
12,15,36
14,23,27
22,5,51
38,19,39
24,9,46
45,0,46
57,2,41
57,19,32
33,16,36
3,6,47
47,12,35
46,23,24
41,18,35
26,2,51
46,7,38
30,14,39
4,18,33
24,10,45
51,13,30
0,14,40
3,11,44
51,0,45
29,18,35
54,0,47
56,12,32
12,9,42
22,9,46
61,20,32
49,9,33
0,12,41
56,7,37
30,4,48
8,7,43
38,23,30
35,5,47
10,4,48
26,8,43
59,19,33
55,3,39
49,11,33
21,10,46
34,5,46
42,13,40
61,14,35
34,10,43
22,19,32
55,7,35
31,8,45
40,17,40
32,2,50
36,23,33
23,14,40
30,14,41
1,7,47
52,21,26
20,6,51
63,23,26
48,12,31
22,0,55
37,20,35
19,5,50
63,5,37
56,6,38
45,21,27
5,5,47
0,0,55
7,13,37
12,8,41
14,11,38
23,13,40
32,22,30
52,11,30
3,14,37
59,21,31
48,8,37
30,8,44
21,6,49
31,22,31
55,0,46
14,16,31
0,0,57
28,20,35
31,6,46
57,1,42
22,13,40
61,17,33
46,20,30
9,1,49
56,13,34
41,11,43
8,14,37
37,14,41
25,13,42
2,15,34
18,20,31
27,4,49
45,14,37
6,4,49
26,20,32
47,9,37
0,19,31
13,15,33
30,11,41
24,7,47
10,21,28
47,11,37
46,12,33
49,8,35
4,10,42
58,6,37
30,22,31
19,8,45
16,14,39
33,22,33
44,7,41
42,10,43
37,2,47
43,11,42
10,12,37
40,20,37
39,22,29
28,14,37
13,10,38
1,14,38
56,4,40
19,22,30
48,8,36
26,14,38
3,16,36
50,10,36
10,20,29
52,3,39
5,7,44
2,20,33
28,20,34
7,12,38
48,11,31
50,0,48
21,23,28
41,1,47
51,11,30
4,3,50
12,15,33
47,23,25
48,12,29
13,5,44
49,2,46
5,20,32
3,1,53
47,20,27
46,2,44
25,23,29
41,13,41
58,22,28
33,8,44
7,11,42
50,0,46
47,3,42
58,15,32
58,1,48
17,9,44
25,18,38
7,11,40
44,13,33
14,12,36
56,22,27
34,13,39
24,9,49
46,13,31
55,3,45
58,7,40
44,12,38
10,7,43
30,0,51
40,13,42
48,22,23
23,22,29
18,5,51
9,17,34
35,0,49
51,8,32
36,15,40
23,17,39
32,19,36
47,10,36
41,20,33
8,14,35
41,4,48
32,15,38
49,23,24
22,6,49
59,6,39
30,11,43
43,12,42
57,0,46
4,18,36
33,20,35
49,20,25
43,6,44
58,18,32
27,17,37
27,21,34
27,18,34
16,11,39
50,23,22
59,4,43
25,9,44
53,6,34
21,8,48
19,9,47
40,3,46
17,6,46
43,13,41
34,17,38
44,10,39
7,23,27
17,4,49
9,8,43
16,18,31
14,6,44
52,6,34
3,13,38
0,8,43
11,22,30
27,3,51
18,5,48
7,8,47
39,22,31
8,4,46
28,10,43
42,21,29
17,4,48
9,6,44
29,16,37
9,14,37
47,10,38
13,18,31
35,11,43
10,9,42
40,23,34
63,1,45
54,6,35
47,11,34
32,10,42
63,0,43
3,0,53
29,11,42
48,4,40
15,3,48
22,5,50
46,11,38
37,20,36
46,11,36
54,0,42
41,21,30
7,3,51
40,4,45
0,12,39
23,0,52
30,7,46
16,14,37
18,1,54
1,10,41
49,5,41
45,13,32
46,9,38
38,12,42
31,16,35
15,0,53
45,9,38
14,7,43
56,8,36
16,5,46
44,18,30
0,14,38
45,7,41
0,17,31
12,14,33
45,16,31
0,15,37
28,19,34
42,14,40
1,22,28
37,0,49
22,10,46
54,13,30
2,8,47
29,0,51
63,15,33
6,12,40
62,5,37
59,14,33
23,9,44
2,17,32
49,3,41
2,10,43
18,2,53
17,22,26
24,9,43
21,12,43
1,15,34
56,2,42
6,21,29
10,23,29
7,13,39
31,13,41
6,11,39
49,21,27
33,9,44
27,19,35
54,22,26
5,21,32
8,22,28
29,8,46
47,15,34
36,8,45
46,12,35
16,12,39
43,19,33
45,15,38
23,5,51
53,21,25
33,7,44
7,5,47
38,23,35
46,11,33
32,19,34
57,16,32
10,11,37
41,3,48
37,22,32
51,13,31
13,19,31
45,13,33
0,20,31
27,13,39
13,19,30
13,12,35
35,10,44
7,16,34
54,23,27
2,20,29
43,13,37
44,8,42
50,0,43
51,3,38
4,2,50
27,2,51
0,15,34
36,13,41
1,21,29
17,11,40
8,22,27
63,22,28
6,16,36
28,4,47
18,3,51
7,4,48
15,2,49
1,8,46
38,12,44
23,17,38
11,6,43
61,1,44
5,17,33
1,9,43
13,23,24
45,13,38
25,11,41
11,9,45
18,5,49
20,21,33
33,11,41
40,19,38
20,8,47
47,6,38
5,10,44
61,22,30
52,22,23
7,11,39
9,15,36
26,7,45
29,5,46
47,5,38
37,9,44
33,19,35
25,4,49
11,15,36
48,20,27
20,0,56
37,11,44
13,5,43
62,3,39
10,6,44
25,7,45
11,13,34
5,6,49
56,7,40
51,2,43
48,1,43
6,17,37
5,14,38
29,23,32
11,10,39
63,23,28
31,1,50
9,22,29
43,20,30
20,18,35
40,23,33
7,15,36
9,1,51
45,22,26
52,23,24
15,14,35
21,7,50
48,21,26
37,22,35
15,9,40
33,13,39
52,10,32
62,16,33
10,19,31
1,20,28
11,22,26
43,17,34
29,18,36
27,14,40
47,2,43
18,23,25
54,23,24
12,20,30
45,18,29
8,21,27
3,20,28
36,19,36
18,6,45
20,7,46
53,6,35
3,4,51
19,21,30
30,10,44
50,11,31
29,17,35
28,9,44
53,23,25
13,4,46
31,12,40
54,14,32
35,23,34
9,3,50
1,18,33
14,14,38
32,15,36
19,0,56
62,2,44
45,14,38
24,9,44
57,3,40
62,20,32
16,3,52
29,4,47
29,21,30
51,14,29
43,18,32
20,20,31
3,21,32
36,17,39
7,7,46
3,21,33
52,8,34
40,20,35
49,2,41
32,18,36
6,3,50
6,8,42
39,20,37
3,23,25
15,21,26
14,8,40
40,10,44
5,15,36
18,15,36
16,16,34
46,12,31
49,23,25
35,22,34
14,13,37
33,5,47
17,12,38
53,22,25
52,13,32
24,19,33
1,0,54
15,17,32
5,1,51
55,0,44
60,6,37
9,21,30
28,23,28
13,13,37
50,5,38
6,1,52
59,10,35
23,19,35
35,3,47
12,5,44
43,19,30
3,23,26
54,4,37
49,13,30
3,16,35
39,19,39
33,15,40
39,17,40
56,4,43
9,4,50
29,21,32
50,7,36
54,20,28
0,4,50
62,5,43
30,2,50
42,4,47
63,16,32
2,12,43
55,0,43
25,5,47
4,23,28
48,18,28
14,16,32
58,21,28
6,20,29
12,17,31
0,6,49
8,11,38
43,23,24
5,12,40
60,19,32
57,10,33
58,1,44
61,10,37
6,21,28
0,13,37
12,2,47
26,2,52
52,2,43
11,18,31
42,16,38
55,13,34
41,3,45
59,15,32
5,8,47
32,4,47
59,13,33
55,13,31
10,10,39
58,19,31
4,0,52
55,23,23
30,13,40
31,20,35
45,3,47
0,14,36
38,1,47
52,5,39
17,9,41
40,23,32
22,16,38
49,21,24
57,11,33
39,21,35
22,17,36
11,8,42
2,9,46
15,6,46
46,21,27
23,17,36
9,8,42
16,2,51
37,19,38
23,16,38
39,1,48
2,17,34
38,13,41
45,23,23
23,7,47
15,4,51
17,11,41
39,22,28
47,12,34
55,4,45
32,16,37
12,1,50
30,9,45
