43,1,60
43,2,53
11,6,51
35,3,35
0,2,56
26,3,43
11,6,55
35,4,53
0,4,61
13,9,63
7,5,53
16,2,36
13,7,55
37,2,60
12,4,47
37,2,42
10,4,46
11,3,41
12,1,38
33,4,45
35,5,48
9,8,63
27,3,42
20,7,50
17,1,34
7,4,50
30,6,49
28,2,33
4,2,46
30,0,25
39,3,49
42,1,46
6,3,47
40,0,26
38,3,54
41,2,52
14,7,52
29,6,60
34,4,61
13,8,59
42,1,53
28,6,54
14,5,45
19,5,44
36,4,59
20,8,53
42,1,39
38,0,23
35,3,59
23,5,46
12,4,43
11,6,54
5,1,43
7,6,57
30,6,51
22,7,52
14,5,46
19,9,63
45,0,59
32,6,59
40,2,47
22,2,39
14,2,39
33,5,63
45,0,58
31,5,51
7,5,54
41,2,58
5,6,59
29,2,39
39,2,38
15,5,48
20,7,54
42,1,57
34,5,52
45,1,50
32,6,50
34,4,45
13,1,36
35,2,25
28,7,54
9,1,39
20,3,41
3,1,45
39,0,24
42,1,51
23,2,39
24,0,27
3,1,49
8,6,54
17,7,53
15,8,58
46,0,59
2,3,56
23,8,58
34,0,21
34,4,44
17,6,46
39,1,60
30,2,34
37,0,27
13,9,62
31,1,24
41,1,48
10,6,53
24,8,62
10,7,60
16,8,56
42,2,54
36,1,25
5,3,50
39,2,39
38,0,31
35,5,56
41,1,60
38,1,62
6,7,62
0,3,56
32,0,20
18,0,33
34,1,25
29,7,60
34,3,43
25,8,56
15,1,35
43,2,52
42,1,38
44,0,44
13,3,43
23,3,41
31,2,34
1,1,48
26,7,56
21,8,54
30,4,46
39,1,62
36,2,61
10,2,42
12,5,50
16,1,36
29,6,63
9,5,54
41,1,61
28,0,28
40,1,58
20,7,51
38,2,61
22,3,41
11,5,50
10,3,44
22,8,59
41,1,47
22,1,38
17,9,63
3,4,58
33,2,31
8,4,49
33,1,31
15,3,39
12,7,57
17,6,48
16,4,43
32,6,54
34,4,48
44,1,58
17,6,50
28,0,18
36,3,48
12,4,44
5,2,48
1,3,55
10,1,36
33,0,17
24,0,29
13,5,45
33,2,33
21,1,37
45,0,52
29,4,46
26,8,60
32,2,30
30,2,31
8,1,39
6,5,55
36,2,36
38,1,28
15,2,36
13,1,35
27,4,44
42,0,45
31,2,35
14,9,62
18,6,48
24,4,43
39,1,35
30,7,56
13,8,57
6,5,54
21,1,35
4,4,57
39,2,58
34,0,19
0,4,63
7,4,53
8,3,49
19,6,49
16,2,39
19,9,58
29,5,49
17,7,54
33,1,28
30,7,57
35,1,27
28,0,27
24,1,39
9,1,36
17,0,35
44,0,37
30,1,27
19,4,43
44,0,47
31,2,31
6,6,62
9,4,47
46,0,52
42,0,35
3,0,44
37,4,56
40,1,45
34,1,26
33,2,34
14,7,53
15,7,55
0,3,59
24,1,37
2,2,51
25,2,38
43,1,56
29,6,49
17,3,39
34,4,43
19,2,39
25,7,56
31,4,43
5,2,45
37,2,33
21,2,40
26,7,53
14,5,44
35,1,28
29,1,31
37,1,27
18,8,53
25,4,44
27,8,63
32,2,36
33,1,23
5,4,56
22,1,36
21,3,41
15,8,57
32,0,23
17,4,44
42,1,59
12,7,54
33,5,50
14,8,57
18,10,63
10,2,40
11,1,37
33,3,33
1,4,59
44,0,38
17,8,56
37,3,54
38,2,60
37,1,32
30,1,28
29,6,62
40,2,48
16,3,39
8,0,35
41,1,49
45,0,46
28,7,62
35,2,26
43,0,48
39,2,47
9,3,43
31,6,62
17,5,45
40,0,25
5,3,49
29,4,45
32,2,34
10,5,53
11,1,36
3,2,50
33,6,56
17,1,35
6,1,44
35,4,55
42,0,59
9,4,49
36,3,44
32,5,61
21,6,49
38,2,39
22,8,57
27,8,61
12,3,41
40,0,34
19,0,35
36,3,61
24,0,33
38,2,58
36,4,55
27,6,52
37,2,34
15,0,33
30,0,19
16,6,50
27,4,43
10,8,60
34,4,63
22,8,58
41,0,36
24,1,35
30,2,37
27,6,49
41,2,50
12,5,51
30,4,45
6,5,56
1,2,54
48,0,54
8,5,54
30,3,42
4,2,50
2,1,44
44,0,57
31,6,53
41,2,51
3,3,54
15,0,34
14,4,44
22,0,34
31,6,61
34,3,38
32,3,36
10,6,57
4,4,54
32,6,55
30,2,36
11,4,49
8,6,60
0,0,49
19,4,44
10,4,45
40,0,61
43,1,50
18,8,58
8,7,60
30,5,48
37,3,40
38,3,58
23,7,54
30,6,60
13,7,54
12,2,41
2,5,61
44,0,60
12,7,58
27,3,40
4,1,43
25,0,32
40,2,60
27,1,33
28,6,53
10,1,40
38,3,53
35,2,36
33,4,62
29,0,22
36,3,37
32,1,25
43,0,43
33,5,59
32,0,18
41,0,62
36,3,40
37,3,48
9,6,55
15,6,51
12,0,33
25,6,52
25,3,43
28,2,35
37,2,61
22,7,54
40,3,58
27,2,38
32,1,30
8,4,52
11,6,52
18,3,39
19,7,50
44,0,53
35,4,57
26,7,54
34,4,42
31,4,44
2,5,59
9,2,44
36,4,51
2,5,62
31,0,20
31,3,40
45,1,55
38,0,21
46,0,50
30,5,50
41,1,45
24,4,45
29,4,42
23,8,55
8,2,46
16,4,44
38,1,27
22,6,51
34,1,22
44,1,51
27,7,62
32,5,52
21,4,43
34,1,29
7,1,43
28,3,42
7,6,59
19,5,45
27,6,53
15,7,54
2,4,56
40,0,31
26,1,36
7,1,37
42,1,61
38,0,28
29,0,28
37,1,31
13,8,60
35,4,45
38,1,29
23,9,60
14,5,47
35,1,23
37,1,28
14,0,33
24,7,54
26,8,62
9,6,59
3,4,54
27,7,59
4,0,44
15,8,60
15,9,59
15,9,62
32,4,61
14,2,40
35,4,62
22,0,31
25,7,51
10,5,51
43,0,47
16,4,41
40,1,42
33,5,48
29,3,39
31,6,60
9,3,44
28,1,34
25,1,36
24,2,39
27,2,35
41,1,34
24,9,62
40,2,58
12,0,35
5,1,45
6,6,58
14,5,48
13,6,52
20,8,54
28,3,41
8,2,41
32,3,33
34,2,28
37,4,54
29,0,19
37,3,57
35,1,24
41,1,40
43,0,63
16,8,55
8,6,55
23,4,46
33,3,35
31,6,52
30,1,30
8,5,56
40,0,30
18,3,40
32,6,60
45,0,45
6,0,39
10,4,47
40,0,32
36,3,49
2,4,60
3,0,43
5,4,52
2,1,48
10,0,34
17,2,39
35,5,50
24,8,55
10,7,56
39,1,39
29,7,54
14,0,32
38,2,46
5,0,40
19,3,41
34,5,53
22,5,48
29,0,25
20,5,45
28,2,34
35,5,52
29,5,48
23,4,44
27,5,46
20,2,39
45,1,56
30,2,30
22,0,30
37,3,43
26,0,32
33,0,21
31,0,18
13,5,50
4,5,62
8,0,37
31,3,36
41,3,53
23,0,32
32,6,56
44,0,54
37,1,35
32,1,26
29,2,38
35,0,21
2,3,53
20,3,40
45,0,56
3,4,59
42,0,32
5,6,58
11,8,59
42,1,52
2,4,62
1,1,47
38,1,37
40,1,60
32,2,32
6,2,44
39,2,43
10,1,37
25,1,34
21,7,53
28,7,63
19,9,59
4,2,49
26,0,33
41,0,34
41,0,40
40,1,63
31,5,50
11,7,56
42,1,49
41,3,54
24,6,50
24,1,38
23,2,41
5,5,55
39,2,36
20,9,60
26,4,44
35,5,54
26,1,35
10,7,59
10,3,43
8,2,43
14,5,49
38,2,63
43,1,54
30,2,35
25,5,46
35,2,30
39,0,32
29,7,59
41,1,59
27,1,35
27,7,60
46,0,58
46,0,56
38,2,37
31,1,25
25,3,42
18,6,47
34,4,46
6,7,63
7,3,46
18,2,37
32,4,44
4,0,42
14,8,61
33,1,26
15,9,63
27,5,48
7,0,40
37,3,37
13,0,34
21,7,54
28,1,31
41,2,56
36,4,53
23,4,45
41,2,46
37,4,53
46,0,49
11,4,46
32,2,28
38,2,41
4,2,48
39,1,27
33,3,38
30,0,24
21,9,60
37,0,29
25,5,48
29,3,43
40,1,38
19,2,38
31,7,56
41,1,41
29,4,43
8,0,36
31,1,32
19,6,47
24,0,34
21,1,36
27,4,45
2,1,46
29,5,46
2,1,50
31,5,63
0,0,46
38,1,32
25,8,58
25,0,31
2,4,61
29,1,26
37,3,63
38,3,61
14,9,63
30,3,39
9,3,48
25,1,33
44,0,43
4,0,40
22,7,51
23,0,36
1,2,52
37,3,58
35,4,43
22,9,63
3,0,41
29,1,30
10,1,39
26,2,40
24,8,60
29,6,48
33,1,25
10,3,42
34,5,60
20,6,47
23,5,47
3,0,39
41,2,55
26,2,38
7,3,49
33,4,59
3,0,45
12,8,63
36,4,45
28,7,57
11,7,60
6,2,45
21,0,35
5,4,51
2,2,50
43,1,59
10,3,41
37,2,59
36,1,30
18,8,56
39,1,33
41,1,33
10,4,50
30,0,21
43,0,62
12,1,39
9,7,57
41,0,30
28,4,43
17,5,44
41,2,57
36,4,60
11,8,62
1,4,61
28,1,32
42,0,43
35,3,39
32,0,21
4,3,52
47,0,51
45,0,48
22,4,44
31,0,24
31,5,61
12,5,49
31,3,39
2,1,47
6,0,38
35,0,22
34,4,50
18,0,35
16,7,55
46,0,57
45,0,60
33,5,62
11,3,42
19,9,62
2,4,59
20,5,44
39,2,60
14,8,59
22,6,48
13,7,53
46,0,60
37,2,44
15,4,43
28,4,46
18,7,51
3,1,48
36,0,22
2,3,52
39,2,55
8,1,41
23,8,59
44,0,49
40,1,32
4,3,51
20,9,59
2,0,45
11,5,51
46,0,48
3,2,49
38,3,49
17,7,50
25,7,53
29,7,62
7,6,56
24,8,61
39,0,33
40,1,39
2,2,52
35,4,60
12,2,38
39,3,51
4,1,47
42,1,55
34,1,28
19,1,35
37,2,35
24,0,32
12,7,56
37,2,40
32,5,50
6,4,50
37,3,53
15,8,56
2,4,58
33,2,28
30,6,55
41,1,37
12,0,32
14,6,49
39,0,27
39,1,29
35,4,42
39,3,60
15,7,53
26,7,57
13,3,41
39,2,46
42,2,53
5,4,55
35,1,31
32,3,35
40,2,50
19,6,46
20,0,34
34,1,23
31,0,16
39,2,52
8,0,38
27,0,21
38,3,51
40,2,56
13,5,47
20,1,38
37,2,45
31,0,23
18,8,55
21,8,57
33,5,51
31,3,41
9,2,41
16,9,63
42,1,54
30,0,20
36,0,23
25,2,39
26,5,47
32,6,57
37,2,43
35,5,53
31,5,47
6,5,57
39,2,59
37,3,44
23,7,52
38,0,27
30,7,55
11,8,60
10,5,50
18,2,38
29,1,28
7,2,40
39,3,55
38,3,47
43,2,51
6,3,46
45,0,51
40,1,36
6,1,45
37,3,55
1,0,44
39,1,37
31,6,51
31,4,42
34,3,40
18,7,50
26,1,38
27,5,47
21,4,42
21,8,59
23,6,49
12,8,61
5,0,41
38,1,61
36,3,45
14,1,35
33,4,48
26,6,50
29,6,53
41,0,60
3,1,46
14,0,31
20,8,55
34,5,57
31,6,54
35,1,29
29,4,44
3,4,56
44,0,46
27,6,50
27,1,34
39,1,30
5,1,44
6,3,48
29,0,29
17,3,40
34,3,37
38,2,35
34,2,35
27,0,28
28,0,23
16,7,54
20,0,33
30,7,58
24,7,53
41,0,35
43,1,58
23,6,48
24,4,44
38,3,46
37,3,47
23,1,38
42,0,46
25,8,59
38,2,62
19,2,40
39,0,31
15,6,48
25,7,55
9,5,50
5,6,62
33,3,39
27,2,40
13,8,61
38,2,40
41,1,43
35,4,52
21,4,45
40,2,52
5,0,39
35,2,27
36,3,46
26,0,28
31,1,27
12,8,59
3,0,42
40,0,63
12,7,53
29,1,34
35,1,25
0,1,52
40,2,53
42,2,49
34,2,29
19,3,42
20,9,63
9,4,45
30,7,60
33,1,27
29,2,34
29,7,61
33,1,24
40,1,41
27,7,57
12,2,40
4,6,62
12,1,36
18,1,37
40,1,47
23,8,60
23,1,39
16,2,37
47,0,52
5,4,57
4,1,44
31,1,30
31,6,63
34,0,18
42,0,41
24,8,63
4,5,57
31,6,50
40,1,43
30,6,50
13,2,38
30,4,42
28,7,61
30,2,38
19,3,40
15,4,41
39,2,41
42,2,52
38,2,59
0,2,52
8,7,61
42,0,39
32,5,57
33,4,46
44,0,42
24,6,51
34,3,61
31,5,48
40,2,55
31,6,58
34,4,58
31,5,60
7,1,42
29,2,33
13,1,37
33,5,55
31,5,62
39,0,26
14,3,41
31,6,59
7,3,50
1,1,49
36,3,63
21,8,55
13,6,51
42,1,43
9,6,56
7,2,42
6,6,60
19,9,61
9,6,58
0,2,54
7,7,62
6,0,40
43,1,52
10,2,43
0,0,47
23,7,53
21,8,58
3,5,58
7,0,38
45,0,47
10,3,45
18,6,49
12,8,60
32,6,58
41,1,56
34,4,57
13,0,33
15,0,32
10,1,38
39,2,50
9,0,35
9,2,43
12,5,47
9,7,63
13,2,37
9,0,38
8,6,56
38,3,59
43,0,40
44,0,59
26,4,43
27,1,36
35,2,37
15,9,60
7,0,39
30,3,38
19,7,52
4,5,61
43,1,53
30,4,44
7,6,61
32,1,22
30,6,61
5,4,53
23,8,57
40,2,46
40,2,59
30,2,32
1,2,55
27,7,61
4,1,46
31,4,45
12,7,59
38,4,53
32,4,62
29,3,38
19,0,34
21,6,50
32,1,20
23,6,50
30,4,43
38,0,30
26,8,57
3,2,52
33,5,54
37,3,51
16,0,33
22,6,50
33,3,36
15,6,50
11,4,48
11,6,56
21,9,62
34,5,51
33,5,47
38,4,50
33,2,35
35,3,60
22,8,56
21,1,38
4,3,49
38,0,29
12,4,46
37,4,49
30,1,32
21,2,38
12,8,62
1,4,56
27,2,34
44,0,50
10,6,55
36,3,59
2,1,45
14,1,36
42,0,38
29,6,50
36,2,62
14,4,42
14,6,48
18,1,36
25,6,48
7,2,46
13,6,49
41,1,35
20,3,42
20,9,58
30,6,62
25,0,29
18,9,59
44,0,58
9,0,36
16,8,59
38,1,36
32,1,27
28,6,52
16,6,48
9,4,50
8,2,44
3,3,56
38,3,60
35,3,36
38,2,57
2,0,44
3,2,47
36,2,40
31,3,38
12,7,55
15,8,55
24,7,51
4,5,59
5,5,59
25,1,38
46,0,47
20,4,44
1,3,58
1,3,56
14,2,37
22,4,45
20,6,49
37,3,49
5,2,47
45,0,61
11,3,44
29,7,56
8,6,57
41,0,63
13,3,40
23,3,43
17,3,41
25,7,52
43,0,46
32,5,58
8,2,42
21,5,47
40,2,39
36,0,26
44,0,62
28,3,39
4,0,43
29,0,23
26,5,48
20,2,38
5,0,43
36,4,50
31,3,37
46,1,56
44,1,55
12,4,45
41,0,37
37,2,62
10,4,44
27,8,58
3,5,62
0,3,55
34,3,35
1,0,46
10,4,49
3,1,43
35,3,41
42,1,47
2,3,57
31,0,22
20,9,61
34,3,39
40,2,57
19,7,51
33,1,29
30,3,41
33,6,52
41,1,39
20,7,52
24,0,35
0,2,53
13,2,40
15,1,36
33,0,20
32,1,29
4,2,47
30,0,27
37,0,24
35,3,63
36,3,58
43,1,47
29,1,25
40,2,45
30,0,28
33,5,60
30,0,18
36,3,38
16,9,60
29,0,21
24,2,41
11,4,45
37,3,41
18,9,63
17,9,59
43,0,35
22,6,49
20,1,34
15,4,42
29,6,54
21,0,33
31,2,37
24,6,49
42,0,61
7,4,52
17,0,32
11,4,44
28,3,43
14,6,51
1,4,58
29,1,29
39,0,30
15,8,59
17,7,51
27,6,51
22,0,36
35,0,19
28,2,39
16,6,51
40,2,49
9,3,45
33,4,43
14,8,60
32,1,31
22,3,40
23,4,43
40,1,34
38,2,43
20,5,46
44,0,36
10,6,54
25,7,54
0,2,55
8,5,53
41,2,54
0,3,57
11,0,33
3,2,48
3,4,60
30,6,63
5,5,60
33,5,52
11,1,38
20,1,35
35,1,26
39,2,45
18,8,57
25,1,32
43,0,60
1,0,47
36,2,34
22,8,60
6,4,52
35,3,62
10,5,52
9,6,54
41,1,58
16,0,32
43,2,56
18,2,39
26,0,31
17,6,49
30,0,23
2,4,57
27,0,27
6,6,63
28,0,24
14,6,50
8,8,63
4,6,63
18,6,46
14,9,60
10,4,48
8,1,38
10,0,36
9,8,62
24,4,46
27,0,29
36,4,48
16,5,47
20,4,42
41,0,33
21,9,61
28,7,56
15,7,51
4,5,60
5,0,38
36,2,31
6,4,54
39,1,44
30,3,37
26,3,40
10,2,39
22,8,55
31,6,57
23,9,61
26,7,52
36,2,32
9,7,60
17,8,54
0,0,45
31,5,49
25,4,45
22,2,38
12,6,50
26,7,58
28,7,53
2,2,53
2,0,46
17,4,42
30,1,29
18,0,34
13,3,42
4,4,58
21,4,44
43,0,39
13,0,31
30,1,25
27,7,63
28,7,60
23,0,30
36,3,42
38,2,38
32,2,33
38,2,36
35,3,40
39,3,53
34,2,32
11,2,42
29,0,26
44,1,54
35,3,38
12,5,46
25,4,43
25,6,49
20,5,47
43,1,48
41,0,38
20,8,56
27,1,31
38,1,34
27,7,56
7,6,60
34,3,36
5,6,60
42,0,37
13,6,53
26,8,56
25,8,57
37,1,33
23,9,63
5,0,42
1,5,63
32,2,35
44,0,45
37,4,51
24,5,47
42,1,60
29,1,33
19,7,53
14,2,38
32,5,47
39,1,41
44,1,56
39,3,59
3,5,63
43,1,57
38,2,47
36,1,24
32,2,31
39,2,63
18,7,53
36,3,62
40,0,28
17,8,57
34,5,55
19,8,56
36,1,27
18,9,60
2,5,60
42,0,63
44,0,51
1,4,63
16,4,42
34,0,22
21,6,48
26,0,29
5,7,63
19,1,38
16,8,54
42,1,41
40,0,29
25,8,62
5,2,49
29,2,36
0,4,62
27,0,26
9,7,58
28,4,45
29,7,57
37,0,28
41,1,50
22,0,35
16,7,51
13,4,45
12,8,58
47,0,56
35,4,56
42,0,44
17,4,43
31,1,29
32,5,49
32,0,22
6,0,42
29,3,42
40,3,51
35,4,50
45,0,53
16,5,45
34,2,36
31,1,28
27,5,49
32,3,37
3,2,51
13,5,46
1,1,51
34,5,58
36,4,49
23,0,33
16,10,63
45,0,39
22,4,43
16,8,58
28,5,46
11,6,53
11,5,52
33,5,53
37,2,36
37,1,26
29,2,37
22,8,54
32,4,42
3,5,61
35,2,33
33,5,57
36,2,35
9,4,51
36,4,61
31,5,59
35,5,51
36,3,47
20,6,48
7,2,47
8,5,55
16,9,61
21,9,59
30,5,63
30,5,47
27,7,53
5,6,63
9,1,38
7,6,58
10,0,37
25,0,34
6,1,41
28,0,31
35,3,45
33,4,63
37,4,55
37,3,46
9,6,53
25,3,44
38,1,38
34,3,41
26,0,30
28,5,47
27,3,43
45,1,58
0,5,62
8,4,51
26,5,49
0,3,60
41,0,32
3,5,60
39,1,40
18,7,52
1,3,59
39,0,29
9,7,62
27,4,46
47,0,53
23,8,54
38,0,24
6,1,42
17,5,46
28,0,21
33,5,49
17,9,62
26,8,61
34,3,42
39,1,32
36,3,43
32,4,41
41,1,57
2,3,54
16,7,52
12,6,54
25,4,46
28,2,40
26,0,26
14,4,41
7,7,63
14,10,63
25,3,40
8,7,62
38,0,25
32,5,60
19,9,60
7,1,40
40,0,36
35,3,46
38,2,48
30,5,62
47,0,54
19,8,53
40,1,46
9,5,52
42,2,55
39,2,57
16,7,53
14,8,58
42,0,34
23,0,31
12,3,43
35,4,46
28,2,37
4,1,45
5,5,56
32,3,41
29,7,63
19,6,50
41,1,44
38,1,35
19,4,42
23,0,34
45,0,55
43,0,42
35,2,34
5,7,62
44,0,61
20,9,62
26,6,51
42,0,40
18,9,58
32,4,47
44,0,41
35,2,29
27,7,52
28,0,29
37,2,63
37,3,50
32,5,62
36,0,24
18,1,35
16,6,49
33,0,22
12,3,42
37,0,26
30,6,56
14,3,39
14,7,55
5,6,61
19,8,54
17,8,58
30,3,40
18,0,32
22,7,50
1,3,54
17,9,60
21,2,39
11,7,57
30,6,52
7,0,37
11,8,61
19,1,36
26,8,58
23,6,51
19,1,37
4,6,60
44,0,48
43,1,40
27,2,36
21,8,56
16,8,57
26,2,37
26,1,37
17,9,58
32,0,24
26,5,46
42,0,31
45,1,52
41,3,51
39,2,54
22,9,59
33,5,61
22,9,62
31,5,46
39,3,57
7,5,52
5,3,52
41,0,39
32,5,48
38,0,26
44,2,51
35,4,59
17,0,33
32,3,39
39,3,56
12,3,44
27,0,32
24,3,42
16,5,44
1,1,50
36,1,29
10,5,49
13,1,38
34,0,20
24,0,31
13,4,43
30,0,17
30,1,26
33,4,42
40,1,61
32,3,42
32,2,29
9,4,48
35,0,18
0,1,49
35,4,58
16,1,37
34,5,48
29,0,30
44,0,40
33,3,34
34,3,63
32,5,46
25,8,60
22,0,33
6,5,59
33,3,40
42,1,58
13,5,49
4,0,39
33,4,60
40,2,51
14,1,37
28,1,30
37,0,22
11,5,48
21,3,40
18,6,50
31,6,55
32,3,38
22,1,35
44,0,55
26,8,63
22,9,61
13,4,44
22,5,45
1,2,50
12,6,53
11,7,58
37,4,50
42,2,58
14,7,54
23,5,48
23,9,62
9,6,57
38,1,63
12,9,63
32,1,23
43,0,44
36,1,28
11,4,47
30,6,54
3,3,52
27,0,31
18,5,45
39,2,56
43,0,58
11,2,40
13,4,42
40,0,33
13,8,58
29,0,27
35,1,30
25,6,51
41,0,27
39,1,61
27,2,37
36,4,58
13,5,48
26,1,33
1,2,51
9,7,61
36,2,63
31,0,25
0,4,60
15,4,44
46,1,55
42,1,44
35,4,51
12,1,35
27,0,23
3,1,47
43,2,55
43,1,46
23,8,61
5,5,54
29,7,58
23,7,51
34,5,61
26,6,52
36,0,21
42,0,60
25,8,61
18,4,43
27,0,30
22,5,46
18,5,44
28,6,51
19,6,48
30,1,31
35,3,37
39,2,61
32,5,59
11,3,43
11,0,36
29,6,52
23,8,56
0,1,50
4,5,55
5,4,54
3,4,55
8,2,45
7,5,57
25,0,33
25,1,37
20,0,32
28,6,63
29,0,18
10,7,58
6,2,48
8,5,51
24,6,48
15,6,49
36,4,57
43,1,55
38,3,56
32,5,51
12,1,37
10,6,52
45,0,49
35,4,47
40,3,54
17,7,52
24,1,36
37,0,21
30,5,45
28,1,36
24,2,40
10,8,63
37,2,38
38,2,44
36,4,46
21,7,51
9,5,51
41,2,49
40,0,35
34,4,47
25,2,37
25,6,50
35,2,35
24,8,57
28,0,26
7,2,41
31,7,55
23,3,42
10,8,62
3,3,55
32,4,63
13,0,35
37,3,62
25,3,41
7,1,41
20,1,36
15,5,44
24,0,30
35,2,31
37,3,59
9,1,37
39,2,49
26,1,34
10,2,41
32,0,17
9,1,41
35,3,42
10,6,56
40,1,37
46,0,53
26,7,55
25,2,40
29,2,35
42,1,40
41,1,36
27,2,39
36,1,31
32,6,53
31,3,42
40,1,40
27,7,55
36,4,52
8,3,45
13,9,61
35,5,57
10,0,35
11,2,39
35,3,61
42,0,33
36,2,37
6,3,49
8,3,48
39,0,28
26,3,42
12,2,39
33,1,30
40,1,48
28,2,36
25,1,35
14,4,45
11,5,49
11,9,63
32,4,43
15,6,47
25,8,63
39,0,25
30,1,33
4,3,50
25,2,41
36,1,33
7,4,49
40,1,44
38,1,31
11,1,35
14,8,56
37,3,61
12,9,62
3,6,63
27,3,39
10,8,61
0,3,61
11,1,34
37,3,52
24,5,46
41,2,60
44,0,56
33,5,58
4,6,61
38,3,48
6,4,51
36,1,32
21,0,34
43,0,38
5,1,42
27,3,41
9,1,40
37,1,34
4,3,54
23,0,35
9,2,40
25,0,30
29,1,32
32,1,28
17,10,63
2,5,63
33,2,32
5,5,57
41,1,38
44,1,50
17,6,47
39,1,38
1,5,62
6,7,61
23,7,55
41,3,52
9,3,46
33,6,53
28,2,38
6,1,43
39,3,48
37,3,42
44,1,57
7,2,43
33,3,37
41,0,31
14,3,42
12,0,34
9,0,37
22,5,47
11,2,41
16,6,47
17,2,37
37,1,29
6,2,46
15,9,61
15,1,34
36,3,57
31,2,32
24,9,63
16,5,46
42,0,36
33,0,23
21,7,52
12,5,48
22,3,42
6,3,50
24,9,61
30,5,46
20,8,57
43,0,59
11,5,47
45,1,51
25,0,28
37,2,41
37,0,30
26,2,39
38,3,55
35,4,44
6,4,55
8,7,63
35,0,24
5,3,51
26,6,48
30,0,26
15,5,46
22,2,40
28,1,35
45,0,57
19,0,33
34,5,49
41,0,26
16,1,35
27,8,62
35,4,61
11,0,34
11,7,55
35,5,55
16,3,40
34,1,24
31,0,17
23,2,40
38,3,40
28,1,33
0,4,59
34,5,56
21,7,50
4,4,55
28,3,40
24,3,43
44,1,52
42,1,42
24,7,52
30,6,59
4,4,53
20,1,37
43,0,34
6,6,61
27,8,59
24,8,58
1,4,60
30,6,53
33,3,41
7,2,44
33,1,22
33,2,30
25,5,47
38,3,57
20,0,35
28,7,55
7,5,55
34,3,62
16,9,59
15,3,40
11,1,39
6,0,41
19,8,55
46,0,54
39,2,48
39,1,42
8,3,46
1,2,53
26,4,46
19,2,37
20,6,50
33,0,19
25,8,55
17,9,61
32,0,19
8,6,59
33,4,61
21,3,42
7,2,45
37,3,60
26,8,59
31,4,46
18,3,41
28,0,30
17,1,37
34,0,23
25,9,63
34,4,49
41,2,48
16,1,34
44,0,39
18,4,42
15,1,37
3,3,51
36,3,60
10,7,57
26,3,41
15,2,39
8,6,58
39,1,28
23,1,37
39,2,42
15,3,42
37,1,30
22,1,37
39,2,44
31,2,36
42,1,45
42,0,42
20,4,43
15,6,52
2,0,47
1,3,53
39,1,63
47,0,55
28,5,49
28,4,44
6,6,57
39,3,54
13,4,46
43,0,45
11,7,59
29,6,61
36,0,25
21,5,46
45,0,50
20,8,58
34,2,33
1,4,62
22,3,43
18,5,46
22,7,53
32,4,46
37,1,25
34,4,59
45,0,54
7,7,61
37,0,23
9,7,59
37,2,37
34,5,50
39,2,53
41,3,55
42,2,51
37,4,57
11,8,63
28,7,59
42,2,56
48,0,55
38,1,33
18,4,44
29,5,47
9,2,42
41,1,46
35,4,48
0,2,51
34,1,27
24,8,59
28,6,49
14,3,40
5,5,58
42,0,62
28,0,22
15,2,38
2,3,55
8,0,39
40,2,54
34,2,25
32,1,24
5,3,48
17,1,36
1,0,48
43,0,57
21,9,63
44,1,48
8,3,47
32,4,45
32,3,34
41,1,42
36,0,20
33,4,47
41,0,61
37,3,45
23,1,36
7,3,48
34,4,62
16,0,31
8,7,59
33,2,29
39,3,52
36,4,54
21,5,45
0,5,63
5,2,46
19,5,46
38,3,50
34,2,31
30,2,33
20,7,53
6,5,58
3,3,50
34,1,30
3,5,59
37,3,56
46,0,51
9,5,53
38,0,22
31,5,45
27,7,54
5,1,46
6,2,47
22,9,60
29,0,24
39,2,51
4,3,53
18,7,54
0,0,48
30,6,57
27,0,15
41,2,53
36,4,56
31,0,19
42,1,48
40,1,33
36,3,39
24,5,48
26,6,49
31,2,33
11,3,45
39,1,34
40,0,62
37,0,25
4,5,56
33,6,54
36,3,41
13,7,56
14,7,56
14,0,34
4,0,41
34,2,27
19,8,58
31,1,31
38,2,42
43,0,61
6,6,59
46,0,55
18,8,54
37,4,52
31,6,56
0,3,58
17,5,43
6,3,51
39,2,40
37,0,20
24,3,44
31,4,41
13,8,62
12,6,52
7,4,51
12,1,34
32,6,52
4,4,56
27,8,60
43,0,36
33,2,36
30,5,49
44,1,53
16,2,38
30,7,59
35,0,23
42,1,56
13,2,39
8,1,40
13,7,57
34,2,30
27,0,25
37,2,39
16,0,34
35,3,34
21,6,47
35,4,49
27,1,32
40,1,35
8,1,37
39,2,62
0,3,54
46,0,61
12,6,51
35,2,32
41,2,59
40,1,59
38,1,30
9,3,47
34,4,60
14,1,34
35,3,43
35,4,54
17,0,34
22,2,41
15,5,45
23,2,38
2,1,49
32,5,63
29,3,41
0,1,48
6,4,53
33,0,18
32,1,21
40,1,62
32,6,51
2,4,55
8,5,52
10,3,46
14,6,52
24,8,56
44,1,49
18,9,62
28,6,50
32,3,40
38,2,45
34,3,34
34,5,54
7,3,47
16,9,62
11,0,35
13,6,50
25,0,35
7,5,56
10,7,61
18,3,42
36,2,33
44,2,52
39,1,43
8,3,44
43,1,51
43,0,41
28,7,58
36,2,38
36,4,47
38,3,52
18,9,61
19,8,57
1,0,45
33,1,20
39,3,50
2,2,49
28,5,48
3,4,57
26,4,45
33,5,56
42,1,50
24,7,55
44,0,52
28,0,25
15,5,47
2,0,43
33,4,44
24,0,36
13,0,32
35,0,20
4,5,58
33,6,55
13,1,34
33,4,41
7,1,38
33,3,42
17,4,41
29,0,20
15,2,37
15,3,41
39,1,36
24,3,41
36,2,39
3,3,53
29,7,55
27,7,58
8,4,48
30,0,22
8,4,50
43,1,49
42,2,50
30,6,58
31,1,26
20,2,40
17,2,38
24,1,34
36,1,26
15,7,52
17,8,55
35,3,44
29,3,40
14,9,61
16,3,41
31,0,21
15,0,31
14,4,43
29,6,55
43,0,37
0,1,51
29,6,51
1,3,57
34,2,34
