46,20,31
5,19,39
24,19,38
0,18,18
34,18,34
54,18,26
9,4,17
21,0,22
19,2,24
52,13,13
8,9,32
0,15,2
4,19,38
37,7,24
45,18,31
5,6,15
55,12,14
37,15,30
15,18,40
28,17,34
52,1,0
2,16,15
31,9,30
44,20,34
39,3,16
32,12,32
40,9,24
38,1,12
19,22,42
1,18,36
2,17,35
30,22,38
8,17,36
53,0,3
18,21,41
29,3,23
14,22,48
34,9,27
27,8,29
54,13,17
23,8,32
52,9,10
40,19,33
59,11,19
37,9,27
60,15,22
63,22,32
2,16,6
3,13,14
0,18,32
52,13,14
48,1,3
17,18,38
52,11,12
4,15,22
9,17,36
3,14,29
48,8,12
54,21,29
49,4,4
55,17,21
44,4,11
35,2,18
10,4,23
59,8,19
25,20,40
2,16,10
56,7,12
50,13,12
42,16,29
5,14,1
26,12,34
2,16,5
14,2,22
42,21,36
4,14,0
55,0,5
60,23,33
21,17,37
4,13,11
26,7,28
27,0,19
58,13,19
38,7,23
7,3,9
45,20,33
49,15,15
59,19,27
44,8,18
1,17,32
42,17,32
0,19,34
7,14,34
15,5,30
5,14,33
39,12,29
31,8,27
27,17,35
55,17,24
4,13,7
22,6,28
6,6,14
2,16,9
10,6,29
13,6,31
3,8,14
37,21,38
13,8,36
4,15,8
21,22,42
14,2,21
26,6,28
22,3,25
37,0,13
13,6,30
62,3,15
33,11,30
44,18,27
23,8,31
55,18,26
38,4,19
55,17,22
51,13,14
41,21,35
44,18,29
7,10,0
14,16,38
23,21,41
18,16,37
6,8,31
1,7,3
11,8,34
7,7,21
63,15,22
7,8,30
4,13,6
34,19,34
58,0,10
13,9,35
8,7,27
4,14,2
21,15,35
28,12,33
21,9,32
57,13,19
3,16,34
32,14,31
38,23,38
43,4,15
40,18,33
15,1,21
18,11,34
14,23,48
3,16,24
16,10,34
7,7,22
56,19,28
5,7,13
45,20,35
26,3,25
3,10,14
4,16,34
45,3,11
16,8,32
0,16,6
15,21,45
30,4,23
8,21,43
3,11,29
24,0,22
45,19,31
15,18,39
43,9,21
15,3,27
17,4,28
39,10,26
57,12,17
21,1,23
16,1,22
44,4,13
4,10,11
63,5,16
4,9,23
1,3,0
11,20,45
43,17,30
18,16,36
32,15,31
47,13,18
5,7,10
0,16,12
26,14,33
47,12,19
0,11,3
57,15,20
3,18,36
12,1,17
4,7,12
62,21,30
43,11,25
30,11,31
6,7,26
43,7,18
45,3,10
19,17,37
43,13,23
16,22,44
11,9,36
47,23,37
56,5,10
35,13,31
6,6,6
0,22,40
40,5,17
21,11,33
45,16,23
56,22,31
41,12,26
49,2,2
57,19,28
3,15,14
63,13,20
42,10,24
10,3,15
40,22,37
13,3,23
13,7,33
8,5,20
48,12,13
19,4,28
62,23,32
32,8,26
4,7,13
55,21,31
26,20,38
1,11,2
41,10,25
12,4,27
9,4,18
50,20,27
29,1,21
41,11,27
44,1,7
58,22,31
35,1,15
8,4,2
30,9,29
21,9,33
52,7,9
54,0,6
15,11,36
30,22,39
25,20,38
20,9,33
5,5,10
5,7,7
28,20,37
35,8,24
57,6,14
38,3,15
29,3,22
57,22,31
9,8,33
0,18,29
25,5,27
33,9,29
13,2,23
34,7,24
3,15,31
20,22,41
62,6,17
8,0,2
48,7,13
3,11,11
20,20,39
39,22,38
30,1,19
54,18,24
23,22,41
34,20,37
11,16,37
13,2,19
42,21,35
55,20,29
17,21,42
11,5,29
4,15,23
9,5,0
17,22,46
47,6,12
16,9,33
48,9,17
31,18,34
4,15,3
53,18,23
33,16,31
39,4,17
7,4,2
48,20,31
59,13,21
35,11,29
52,8,7
52,19,26
29,18,36
62,14,21
46,20,32
45,0,4
60,1,12
22,8,32
3,10,18
58,7,17
2,11,0
53,7,9
8,4,14
21,0,23
37,2,15
46,20,34
32,8,28
1,17,27
16,2,26
63,13,19
31,1,19
7,6,20
42,4,14
48,11,17
34,12,31
19,0,21
17,4,29
58,23,34
11,3,23
3,9,11
11,19,42
49,20,27
13,19,43
62,13,20
15,5,29
19,2,26
42,8,19
6,20,41
3,10,24
54,19,26
12,3,24
17,6,30
9,9,33
24,18,38
57,8,12
58,2,12
48,20,28
34,19,36
38,19,36
47,3,9
3,13,15
7,5,18
16,2,24
46,19,26
8,6,24
16,1,24
37,19,35
7,7,26
3,9,19
15,8,33
22,19,38
31,5,24
48,18,21
24,0,20
47,19,25
41,23,37
47,23,38
21,13,34
43,20,34
57,14,20
37,7,23
7,4,4
13,3,22
47,15,20
17,3,26
40,20,34
47,7,12
63,8,18
62,20,29
43,12,24
5,15,33
57,21,30
10,3,17
48,22,36
0,2,0
13,3,24
43,14,25
40,1,12
39,3,15
14,9,36
13,4,26
50,21,30
46,0,3
37,4,19
37,10,27
38,7,21
11,1,11
0,17,8
4,12,32
61,1,14
13,0,16
48,18,25
3,8,11
41,10,26
7,4,15
5,17,34
56,7,16
1,16,4
17,22,43
38,10,26
10,2,14
13,8,35
3,16,7
24,12,35
7,5,3
0,19,27
60,19,29
38,3,16
46,9,19
60,7,18
47,14,19
37,0,12
5,8,20
44,5,13
9,5,24
7,3,5
6,6,11
10,1,9
41,17,30
11,4,22
22,14,35
51,14,14
17,23,46
6,7,19
63,14,21
48,13,14
44,2,10
44,1,6
38,21,37
20,6,29
39,9,24
23,2,25
44,1,9
53,14,16
18,4,28
51,14,15
13,8,34
8,2,10
34,7,25
48,15,17
9,3,18
53,13,16
57,17,25
48,16,17
4,9,22
33,19,36
48,11,10
33,21,38
60,21,30
28,0,19
62,19,28
0,18,22
1,19,38
21,6,30
4,7,18
5,15,34
56,15,20
10,16,36
16,17,38
17,6,29
11,21,46
49,16,17
61,18,27
0,5,2
63,19,27
57,15,23
42,15,29
7,8,31
1,21,40
3,14,26
10,1,13
59,22,33
36,2,19
4,7,2
47,1,6
51,18,21
42,12,26
6,6,15
2,14,1
3,16,5
58,7,13
8,6,27
13,8,33
2,10,16
63,6,16
5,18,37
33,0,17
10,15,36
14,1,22
45,4,12
42,19,34
54,21,31
3,15,3
46,0,5
46,21,33
6,9,31
28,10,32
3,10,19
5,6,16
29,22,38
38,12,30
49,20,25
34,9,26
55,2,9
4,15,25
56,12,16
12,21,45
48,1,0
16,9,34
59,19,28
59,4,15
19,18,38
0,17,12
46,18,26
24,10,32
10,18,41
18,23,45
39,9,26
0,6,3
6,7,1
47,13,19
43,16,26
6,6,7
36,7,22
12,8,31
42,3,12
25,16,36
52,7,5
52,4,4
5,21,42
61,5,17
26,15,33
55,17,25
39,18,33
1,16,15
28,15,33
48,15,16
53,9,12
11,4,27
50,15,17
0,18,27
5,7,20
7,4,3
2,9,0
45,9,19
0,9,4
10,3,14
24,10,33
22,20,40
17,0,20
42,0,7
63,21,31
14,0,18
44,3,10
57,7,16
28,8,30
51,12,11
5,11,32
23,1,24
53,3,1
41,17,32
56,21,30
4,7,10
36,4,18
20,20,40
46,16,23
50,4,6
15,19,41
39,22,37
16,23,47
63,16,23
7,6,22
52,3,2
2,16,11
30,17,33
46,2,8
27,5,27
1,12,0
39,14,29
19,22,43
62,8,18
53,4,6
50,22,32
28,5,26
54,15,20
33,12,31
6,6,16
5,7,14
58,7,14
16,21,44
23,12,34
57,11,17
33,4,21
53,19,24
1,15,3
49,10,9
57,14,22
20,0,23
60,14,21
53,15,18
36,3,19
52,16,18
27,23,39
2,17,32
59,23,32
45,1,5
33,9,28
47,3,8
18,9,32
49,23,37
26,23,40
25,12,34
13,10,37
2,11,17
20,2,24
54,1,3
5,9,32
16,14,36
52,3,1
58,12,18
49,7,10
37,6,22
36,10,27
2,17,23
60,13,21
14,10,37
49,4,7
54,11,14
55,10,13
6,22,43
56,12,17
52,21,27
15,22,47
12,0,12
61,21,31
7,7,25
8,23,44
62,16,23
3,13,12
3,9,12
0,19,24
49,14,14
20,19,39
7,4,10
5,14,2
27,2,22
36,0,14
28,4,24
3,18,37
27,1,22
42,6,15
23,21,40
53,16,21
31,3,22
4,20,39
7,11,34
32,15,32
54,2,7
23,12,35
19,8,32
40,20,36
52,8,9
19,0,23
60,8,19
36,11,29
3,8,10
0,21,40
47,0,3
9,3,13
28,7,28
55,15,20
55,19,27
56,11,14
2,13,1
41,16,30
3,11,12
47,5,11
19,19,38
2,18,34
6,7,11
60,1,11
36,0,15
50,14,16
2,15,10
20,1,25
33,1,19
63,8,19
7,6,19
53,1,2
1,4,0
57,23,33
15,7,31
56,14,20
36,8,25
28,14,33
28,18,36
24,15,35
27,8,31
2,16,27
21,16,36
3,14,13
48,11,15
44,14,22
51,19,24
36,8,24
28,3,24
8,3,2
54,22,31
4,15,26
19,8,31
45,15,23
46,20,33
44,18,32
19,21,41
5,13,0
3,16,28
8,2,1
7,5,11
31,15,32
29,12,33
51,21,27
9,6,25
21,18,37
4,14,5
37,4,20
8,4,15
4,14,10
41,3,14
8,6,0
3,9,10
42,6,16
4,15,5
52,18,24
38,8,25
3,14,1
40,9,25
34,20,36
13,8,32
4,20,38
27,1,21
8,5,12
20,20,41
43,18,33
16,14,37
3,9,5
6,9,29
34,17,31
3,8,20
47,6,11
6,8,24
8,5,18
6,6,4
61,2,15
44,18,30
17,21,43
3,14,18
3,16,30
10,6,30
43,3,11
16,20,43
55,18,27
51,5,2
9,6,28
35,6,21
19,20,41
49,1,0
27,7,28
51,22,32
57,11,18
56,3,10
3,10,20
30,8,27
13,3,27
45,2,7
12,2,19
17,23,47
51,13,12
15,21,46
54,8,11
5,20,39
43,0,6
55,6,9
13,19,42
35,7,24
0,20,38
2,17,9
30,21,38
61,15,22
60,5,17
10,17,37
62,12,19
0,17,28
17,10,34
3,14,17
25,14,34
51,8,8
10,4,18
59,6,18
52,14,17
2,15,13
47,3,7
4,23,41
17,20,40
52,0,0
3,12,30
19,1,25
40,13,28
62,23,33
34,9,28
2,16,29
55,6,10
44,17,26
6,5,3
42,3,13
55,13,16
58,0,8
54,1,4
15,10,36
36,16,32
7,23,43
59,23,34
7,11,35
1,10,2
4,11,9
9,10,36
59,6,16
48,12,14
22,13,35
45,12,20
44,18,28
12,21,46
19,13,34
23,20,39
5,13,1
52,23,32
44,16,23
57,14,21
41,18,32
50,15,15
11,8,32
15,17,39
30,8,29
53,10,12
46,0,2
55,8,11
54,19,28
16,0,19
44,19,32
37,2,17
28,7,27
29,16,33
44,16,28
0,19,21
22,19,39
58,18,27
30,7,26
12,6,29
27,3,24
54,3,7
57,22,33
17,7,31
41,20,35
28,19,36
25,15,34
41,4,16
54,18,25
7,7,29
8,4,13
33,15,31
48,12,16
26,0,19
58,5,16
19,23,43
45,18,28
59,3,15
28,16,34
57,22,32
40,12,28
18,17,36
12,3,21
3,14,12
43,16,25
6,4,3
51,20,25
52,20,28
25,6,28
30,19,36
8,4,12
55,16,21
30,12,32
11,1,14
20,8,32
9,7,29
31,7,27
47,23,36
35,9,27
50,3,5
40,12,29
58,15,24
13,2,25
4,12,30
4,10,3
5,13,4
22,14,34
46,1,4
20,12,35
10,17,38
22,11,34
52,7,8
20,21,41
2,10,18
0,20,36
35,22,38
58,23,33
48,16,20
54,9,12
53,23,32
61,17,24
25,19,37
8,6,1
20,8,31
11,4,21
3,16,21
36,2,17
43,13,25
8,20,41
42,1,10
51,23,33
29,6,26
21,21,40
62,18,25
14,22,47
13,5,29
18,18,39
0,17,32
29,13,33
22,0,23
46,13,20
55,18,24
63,20,30
10,3,20
31,12,32
45,19,33
5,7,4
5,7,1
42,2,10
6,8,29
53,21,30
2,15,31
22,17,36
23,2,24
55,7,11
20,7,31
2,17,27
29,0,19
7,5,16
7,4,5
24,1,22
60,6,18
38,14,30
14,19,43
61,6,18
55,5,10
60,19,28
35,10,28
11,3,19
27,19,38
54,1,8
36,6,23
52,19,23
12,22,48
5,8,19
32,13,31
63,2,15
28,3,22
31,0,19
19,8,33
49,17,20
3,15,18
5,14,32
32,18,33
13,5,30
46,17,22
19,19,39
5,6,11
6,4,6
48,4,8
1,10,1
8,15,35
30,14,32
6,19,39
25,19,38
5,6,5
58,4,15
16,3,26
10,9,35
3,16,20
1,22,40
6,13,1
7,17,36
12,16,37
63,13,21
17,10,33
6,7,22
5,9,24
39,20,35
3,10,16
14,8,33
16,6,31
12,20,43
37,22,38
12,1,16
48,4,10
13,16,37
57,13,20
6,8,25
29,19,36
3,15,17
37,4,18
4,8,13
49,11,9
49,20,26
46,22,35
0,17,17
57,1,10
38,7,22
55,1,7
50,4,4
8,6,22
44,19,34
19,17,36
1,6,2
0,8,4
0,17,15
4,19,37
2,18,37
9,5,21
54,17,22
12,8,32
6,11,34
19,15,35
36,17,33
6,10,0
44,10,20
46,12,19
40,12,27
31,9,28
63,7,16
15,23,47
21,23,42
14,3,23
49,15,17
7,7,27
49,4,6
45,12,21
33,19,34
41,13,28
6,4,9
1,23,40
34,0,14
38,1,14
27,2,23
40,21,37
14,3,25
4,7,14
3,11,0
45,16,20
31,4,23
37,13,29
58,11,18
12,18,41
7,7,23
12,21,48
18,6,29
50,4,7
1,16,11
9,6,0
4,17,35
35,8,25
42,6,17
41,20,34
15,0,20
6,7,20
52,6,3
11,3,21
22,5,28
7,15,35
11,18,42
43,9,19
50,3,2
62,21,31
54,1,5
42,1,8
14,21,44
13,1,17
5,14,4
44,8,17
41,17,31
5,9,23
3,10,27
1,17,31
41,8,21
25,7,29
35,13,30
51,12,13
45,11,21
7,17,35
46,19,27
6,17,35
4,11,8
43,22,36
33,8,27
37,18,35
47,14,20
52,21,30
26,10,31
41,6,17
49,4,5
55,18,25
2,8,0
46,19,31
48,9,15
45,15,20
13,22,48
45,18,29
16,23,48
34,1,16
43,6,16
56,17,26
18,12,34
34,15,31
39,6,21
14,5,28
39,20,36
39,6,18
5,7,16
16,4,29
51,17,19
24,22,40
43,14,23
58,16,25
3,15,30
48,4,9
30,2,20
6,8,23
5,19,38
42,9,22
53,4,4
50,5,6
7,9,31
21,17,36
27,4,24
50,23,35
38,0,12
51,18,22
5,11,30
1,13,1
15,11,37
11,18,40
47,8,15
21,8,32
10,5,21
31,16,33
59,0,9
2,5,0
0,22,41
4,13,12
42,16,30
4,15,2
41,1,12
55,9,13
33,20,37
28,0,20
56,8,12
63,23,32
26,4,26
48,2,3
7,7,28
8,5,0
32,0,17
47,18,24
7,16,35
37,20,36
9,4,12
32,20,38
16,11,35
14,2,25
9,7,31
43,19,33
53,3,4
31,0,17
56,0,7
58,6,14
30,1,20
16,5,30
4,14,3
45,21,35
55,22,31
42,17,30
40,0,9
46,19,30
16,7,32
4,7,6
2,16,4
5,21,41
26,1,22
32,5,22
6,14,33
50,18,21
12,19,41
48,14,13
4,14,11
28,1,21
4,17,36
54,13,16
43,13,24
48,12,11
56,1,6
46,14,20
42,11,26
39,11,27
45,18,30
49,4,8
4,9,21
56,2,9
43,0,5
48,8,11
32,6,25
47,16,21
37,11,29
39,23,38
0,12,2
58,15,23
18,1,24
6,11,33
40,3,15
1,14,1
6,19,38
44,7,17
50,5,4
33,8,25
61,4,17
38,8,23
9,3,12
3,8,8
57,16,25
1,17,22
37,12,30
6,7,0
6,2,6
22,3,26
46,16,20
51,11,11
41,19,34
25,3,25
53,4,8
13,0,13
3,14,30
5,18,38
47,2,5
18,5,28
8,4,19
6,7,23
36,2,16
23,1,22
6,21,42
24,20,39
24,11,34
43,23,37
0,6,2
47,7,15
54,5,7
5,16,34
51,4,1
2,17,24
57,7,14
6,22,42
25,8,30
6,3,5
57,21,31
45,3,9
3,16,32
50,10,9
61,12,19
3,8,13
32,23,39
29,20,38
34,5,22
16,15,36
3,9,17
2,12,1
38,4,16
16,18,38
3,7,6
21,14,35
48,21,30
52,12,13
5,9,29
50,5,7
3,13,0
25,0,20
1,11,1
4,14,8
44,0,6
27,15,34
14,20,43
18,7,30
31,10,31
9,5,19
52,6,4
20,2,26
17,0,22
52,13,15
48,22,33
0,6,4
9,6,27
54,15,19
3,15,23
38,15,29
51,16,18
21,3,26
62,6,18
61,3,16
14,7,31
55,10,14
10,17,39
48,19,24
28,20,39
3,15,6
53,16,19
37,8,25
15,15,36
4,13,13
21,16,35
34,8,27
31,20,37
16,3,27
3,10,21
41,6,16
20,17,36
38,9,26
6,3,8
54,4,6
63,6,17
4,10,10
1,10,0
45,10,20
31,22,39
8,5,22
28,20,38
22,17,37
1,18,24
2,16,32
0,13,2
53,22,31
44,14,23
28,6,25
36,23,38
54,0,4
61,22,31
9,19,41
17,2,25
8,6,25
53,6,9
63,22,31
58,17,26
46,6,12
43,12,25
33,6,24
51,22,29
1,16,12
46,5,11
3,15,1
9,1,10
51,6,4
12,21,47
5,9,31
55,21,30
30,3,23
38,15,30
40,11,26
30,10,30
53,6,6
56,8,11
38,1,13
11,16,36
48,18,22
14,4,28
11,0,8
7,15,34
6,7,25
14,16,37
5,11,31
4,18,36
33,7,26
50,3,4
10,6,28
10,21,46
60,13,20
62,7,18
30,19,37
20,16,35
50,14,15
25,0,21
18,4,27
9,4,14
4,11,28
17,23,45
4,12,13
51,13,15
15,1,24
41,9,24
54,23,33
53,21,29
1,8,3
6,7,13
10,2,12
39,5,18
33,10,29
6,8,0
50,11,10
12,4,24
39,0,11
30,6,24
3,8,6
5,11,1
2,16,30
50,1,0
9,4,13
22,5,27
61,13,21
29,11,32
9,3,11
4,7,7
25,4,25
45,18,32
44,13,22
19,0,22
42,20,34
16,2,25
38,8,24
12,2,20
47,1,2
43,9,22
11,6,30
42,18,33
11,4,25
30,23,38
44,17,28
22,16,36
31,4,22
3,14,19
5,14,0
10,4,20
15,20,43
36,19,34
8,10,35
45,7,16
7,5,15
51,4,3
59,17,26
5,11,33
14,17,39
20,22,42
31,18,35
4,13,9
30,15,33
50,3,1
34,2,20
11,6,31
10,0,10
25,18,38
3,14,14
10,8,33
58,2,13
23,6,29
49,21,31
3,20,38
7,10,33
8,4,11
52,1,1
35,23,38
47,4,9
0,15,3
41,12,27
59,16,23
0,18,25
53,2,2
32,9,28
8,18,38
5,6,14
53,10,11
28,9,30
1,19,35
62,5,17
49,6,10
53,1,6
6,20,39
44,17,31
45,14,22
42,11,23
26,8,30
54,12,14
57,7,18
36,4,20
32,11,30
51,17,21
45,17,27
0,17,7
8,21,44
4,10,8
1,16,17
42,7,19
21,20,40
13,1,19
35,0,16
47,20,30
30,6,26
36,1,15
43,0,8
4,10,28
60,14,22
40,1,11
37,5,19
23,18,37
5,6,3
37,1,15
18,19,40
47,8,17
49,16,19
57,8,13
54,6,9
0,21,39
62,14,22
3,9,22
39,18,34
53,12,14
46,3,10
10,18,39
8,0,3
35,2,17
2,16,33
52,12,12
23,20,40
40,3,14
56,11,16
24,7,29
0,19,37
19,6,30
6,5,9
4,9,29
3,16,8
7,18,39
56,7,15
11,7,31
55,9,12
10,8,34
44,4,14
43,9,20
48,14,12
50,4,5
37,14,30
22,8,31
10,3,19
33,0,15
36,6,21
48,23,36
56,16,24
22,7,31
59,21,30
51,8,7
49,17,21
2,19,38
49,9,9
6,23,43
62,22,33
37,22,37
57,17,24
23,22,40
12,7,30
2,11,15
17,9,32
22,0,21
3,16,18
25,4,27
59,18,27
53,14,17
18,15,35
6,6,17
15,21,44
63,20,29
34,4,21
53,0,2
8,2,11
51,15,16
1,15,2
49,13,11
47,20,33
21,19,38
25,15,35
57,18,26
58,14,21
55,19,28
54,21,30
19,10,33
8,1,8
49,19,24
38,22,37
24,6,28
1,19,37
38,2,16
8,4,0
41,10,24
6,6,12
2,16,8
57,7,17
32,18,34
39,8,22
51,23,34
14,0,15
11,16,38
44,12,22
60,8,20
41,11,26
8,8,31
49,15,16
30,5,23
52,22,30
58,4,14
0,17,11
40,10,26
58,19,29
45,21,34
40,6,20
13,19,41
6,11,0
41,13,27
59,2,11
27,19,36
7,6,13
10,18,38
35,5,22
60,17,24
27,6,28
29,18,35
26,13,34
13,2,21
25,17,35
61,23,33
40,10,27
26,14,34
58,5,13
13,20,43
28,4,25
55,11,13
37,12,29
0,23,41
23,5,28
51,22,30
31,5,23
35,7,25
12,8,33
30,23,39
62,0,12
8,8,32
2,18,35
48,13,13
44,4,12
40,4,17
26,16,34
52,20,27
7,6,2
41,0,10
48,13,17
22,20,39
28,6,26
56,1,8
0,18,17
22,4,27
13,18,41
5,6,10
40,17,31
52,12,14
0,17,10
25,17,36
48,17,22
62,18,26
10,0,8
59,2,13
43,17,31
3,9,18
39,19,34
2,13,0
28,22,39
46,9,17
16,10,35
3,16,22
18,23,44
56,18,26
5,7,12
31,22,38
25,13,34
26,20,39
57,6,16
49,18,22
47,2,7
3,11,25
14,11,37
3,12,29
4,10,24
50,9,8
17,1,25
17,3,28
18,22,42
59,5,15
40,8,24
19,14,34
48,6,12
62,15,23
3,12,31
14,9,37
17,2,24
35,0,13
4,23,42
7,2,5
4,16,33
2,17,19
4,10,30
45,13,20
40,16,30
0,14,2
27,3,23
63,14,22
10,7,30
10,4,21
10,0,5
24,4,27
0,21,38
58,18,26
63,2,13
57,20,29
50,14,13
55,1,8
58,22,33
0,23,40
7,2,9
1,16,31
49,22,33
36,1,16
62,0,11
42,12,25
49,2,5
62,17,24
36,11,30
9,4,19
7,1,6
10,0,4
61,14,22
16,0,20
33,6,23
39,17,32
11,5,26
6,5,5
7,2,4
54,4,5
20,4,27
21,8,33
17,20,42
0,18,21
51,6,3
12,8,35
8,5,2
7,2,10
0,17,14
26,9,31
39,5,19
24,8,31
54,2,8
3,15,5
56,22,32
15,9,35
7,4,14
15,18,41
22,3,27
6,6,10
48,12,15
9,20,43
5,10,3
46,2,6
2,8,1
2,15,1
15,20,44
25,1,22
22,2,24
44,1,8
16,16,36
3,15,11
35,3,20
49,16,18
48,20,26
45,20,34
5,8,24
39,15,29
8,5,1
48,1,5
6,5,14
57,0,7
2,15,14
13,23,48
46,12,20
3,14,16
30,6,25
37,17,33
0,19,26
45,4,11
50,7,6
2,17,20
32,6,24
48,3,7
10,16,37
6,7,12
56,0,8
23,10,32
2,20,38
37,23,38
3,21,40
4,7,11
2,17,26
35,8,26
31,2,20
57,7,11
1,16,30
24,14,35
4,7,9
8,20,40
58,6,16
45,15,21
5,10,30
52,2,2
44,2,8
39,15,28
44,7,16
38,11,29
53,21,28
29,22,39
45,11,19
43,14,26
48,16,16
52,9,9
11,9,37
25,21,40
29,7,27
32,23,38
13,0,14
16,20,41
61,14,21
22,23,42
15,15,37
53,15,19
43,17,26
1,6,0
31,2,21
1,20,37
59,5,16
43,1,7
52,17,22
1,18,26
23,14,34
47,15,19
17,0,23
63,0,11
10,20,44
17,8,32
52,4,2
5,9,28
1,18,25
42,22,37
3,16,26
11,4,26
25,1,23
0,14,3
43,11,22
25,8,31
49,6,4
3,19,37
53,14,18
0,17,30
44,17,29
38,12,28
11,3,22
5,8,2
2,15,15
5,17,35
16,22,45
51,16,19
49,12,11
36,10,28
55,8,12
6,16,34
33,18,35
53,1,1
62,20,28
11,2,15
12,0,10
2,12,0
25,19,39
11,19,41
50,4,1
49,21,32
9,4,1
5,7,6
58,3,14
39,19,33
53,5,4
48,8,14
57,19,27
17,11,35
39,4,18
37,16,32
54,7,7
36,0,13
8,2,2
4,7,16
60,2,13
63,16,24
19,6,29
1,18,22
32,4,22
7,5,10
3,10,17
53,1,5
10,3,18
61,1,13
16,21,45
59,17,25
3,15,26
6,12,0
40,19,34
1,16,8
13,22,47
51,5,3
29,7,28
18,15,36
63,15,23
16,19,40
61,19,27
62,1,13
42,8,20
13,2,22
47,9,17
45,16,21
47,19,29
3,8,7
50,21,27
50,17,21
3,16,23
8,1,6
3,11,28
13,18,40
7,20,40
1,18,21
9,16,36
30,8,28
44,17,30
55,14,20
7,9,32
25,17,37
48,13,12
44,10,21
56,17,25
52,6,5
48,2,7
39,6,20
2,14,12
46,18,24
44,20,33
1,9,3
41,14,28
8,1,3
51,9,8
53,5,8
50,22,31
4,20,40
1,17,13
31,15,31
48,1,1
14,21,45
14,19,42
12,1,13
3,15,27
31,0,18
42,1,11
1,17,9
61,21,30
0,17,13
20,13,35
3,12,14
10,1,12
48,19,25
60,1,13
42,9,23
57,18,27
34,0,16
9,8,32
63,20,28
8,6,28
50,12,11
36,5,21
11,0,10
46,16,21
6,16,35
6,5,7
1,18,19
6,12,1
33,14,31
39,7,20
7,2,6
8,5,21
42,16,27
3,15,12
43,22,37
19,16,35
1,20,39
51,7,6
33,23,39
53,20,28
32,10,29
49,3,7
59,22,31
48,22,32
5,7,5
34,12,30
6,9,0
7,19,38
19,23,45
45,17,26
42,12,27
48,14,17
47,9,18
59,14,22
53,5,5
33,16,32
38,16,31
4,21,40
0,17,29
38,6,21
24,13,35
40,19,35
48,23,37
33,4,22
28,1,20
47,11,18
55,17,23
56,7,10
28,3,23
34,8,26
41,3,15
5,21,40
27,4,25
11,7,30
47,0,1
33,18,33
6,6,9
23,7,29
13,3,26
10,5,23
4,11,10
30,2,22
35,21,38
53,7,7
49,6,8
16,3,25
3,8,18
20,7,30
34,8,25
2,7,1
57,2,12
29,7,26
54,6,8
7,2,8
48,14,15
3,14,28
9,6,21
61,8,19
54,22,32
48,1,2
61,2,14
53,9,11
44,17,27
53,3,3
13,17,39
15,0,18
20,18,37
46,5,13
51,3,0
4,9,10
40,14,28
54,0,1
18,21,43
38,6,22
8,3,1
38,13,30
23,14,35
28,6,28
17,14,35
8,18,37
9,9,36
11,3,17
1,15,1
0,18,35
50,13,11
58,1,10
9,4,15
61,8,20
36,19,35
16,23,46
46,7,16
58,21,30
40,7,20
25,6,27
6,6,19
2,17,34
41,7,19
13,17,38
3,13,16
21,13,35
18,12,35
4,10,26
42,14,27
13,4,27
5,9,1
62,20,30
40,8,23
8,6,21
26,22,39
14,0,14
46,19,32
7,6,0
13,9,34
50,2,1
41,19,33
57,8,15
23,0,20
21,20,39
26,19,38
37,16,31
44,11,21
19,14,35
57,10,17
47,18,25
57,6,12
49,21,30
13,7,32
51,2,0
32,22,39
45,1,8
57,1,9
56,8,15
48,2,4
54,6,7
30,3,21
48,11,14
4,18,37
35,3,19
1,16,13
18,17,37
35,17,31
4,10,12
8,16,35
44,9,21
36,4,21
56,0,5
47,21,35
22,6,29
23,0,21
44,22,37
12,1,15
6,8,22
50,18,22
25,22,40
43,20,35
8,7,29
11,6,29
42,3,14
36,6,22
24,8,30
14,8,34
61,1,12
8,19,40
20,14,35
50,4,3
56,8,16
34,1,17
53,13,15
54,17,21
40,6,18
29,17,34
53,19,26
38,5,18
57,7,12
47,19,27
39,0,12
18,0,21
45,14,21
2,16,24
49,3,6
53,1,3
41,3,13
2,16,7
19,7,30
58,15,22
5,20,40
1,17,23
23,18,38
2,16,16
16,1,25
1,17,8
9,6,29
6,7,21
15,3,28
37,1,14
49,22,32
7,8,28
15,19,43
32,6,23
42,10,22
25,18,36
4,8,22
60,11,20
45,7,15
56,1,7
44,11,23
0,5,1
0,11,4
2,6,1
1,23,41
27,6,26
20,5,28
46,8,16
6,15,34
6,5,15
41,1,10
34,1,19
24,1,23
16,1,23
54,5,6
52,21,28
2,15,17
50,10,8
45,11,20
3,17,34
27,14,33
59,16,25
36,7,23
0,18,23
9,1,0
4,7,4
4,9,25
48,5,11
1,16,5
4,15,33
33,20,36
7,3,4
28,9,31
62,6,16
3,11,30
54,16,20
56,23,33
2,15,11
22,23,41
29,4,23
46,6,13
28,19,37
8,7,24
4,8,20
40,6,19
57,15,22
4,14,31
46,19,28
53,13,14
0,16,8
59,15,23
1,17,10
62,9,19
5,9,22
40,6,17
21,1,24
4,14,30
6,15,33
47,21,32
38,11,28
5,7,2
53,8,9
34,2,19
1,17,34
21,2,24
46,6,14
60,20,29
3,16,9
19,18,37
12,18,40
4,13,0
17,0,21
13,16,38
45,4,10
3,16,6
20,5,29
14,9,33
57,3,10
40,2,12
2,8,17
35,6,23
51,21,28
56,16,22
35,11,28
3,8,15
0,17,9
41,15,29
4,11,30
58,17,25
8,0,4
3,14,20
38,0,11
1,16,32
13,21,46
4,15,7
23,17,37
56,12,15
12,5,29
0,9,3
18,13,35
53,4,2
51,4,2
4,14,6
46,18,25
1,5,0
19,5,29
12,8,34
47,14,18
28,23,39
58,11,19
17,21,44
16,0,22
0,20,37
4,15,1
49,17,19
12,17,38
12,20,45
31,10,29
8,0,1
49,13,12
48,9,16
2,10,19
42,18,32
33,18,34
32,17,32
49,12,10
43,1,8
4,7,8
59,1,11
10,19,41
34,6,22
35,0,14
57,0,8
49,1,3
8,7,30
9,9,34
1,17,17
49,2,3
36,13,30
35,19,36
27,18,35
5,5,3
3,9,15
1,13,2
13,9,33
0,4,1
1,17,26
11,22,47
54,12,16
40,8,22
52,16,20
28,11,33
5,10,32
0,18,34
39,16,30
0,8,3
8,1,7
5,14,5
5,7,3
61,18,26
31,7,25
10,1,10
11,18,39
38,3,17
2,10,0
40,21,36
4,8,11
23,4,27
58,16,24
52,15,19
45,0,6
9,19,40
1,17,19
25,20,39
45,13,21
61,20,29
63,0,12
16,11,37
10,4,24
7,8,29
16,5,29
36,16,31
59,21,31
62,2,15
50,11,9
24,3,26
25,16,34
19,5,28
31,1,20
1,17,7
15,0,19
10,5,28
26,1,21
41,20,36
9,1,5
51,20,26
36,9,27
39,7,21
63,18,26
43,3,13
5,7,18
48,8,15
8,9,35
57,12,19
50,15,18
57,4,12
30,13,33
34,23,39
26,19,37
4,8,12
3,9,23
44,9,20
57,2,11
39,9,25
62,18,27
48,13,16
30,2,21
48,13,11
31,17,34
33,11,31
60,19,27
9,5,20
38,17,31
7,21,43
4,12,10
4,8,18
41,7,18
15,0,17
40,0,10
27,16,34
55,16,23
49,21,29
44,11,20
21,5,28
24,4,26
21,8,31
46,17,24
38,20,36
38,19,35
35,6,22
35,17,32
34,17,33
3,15,21
48,6,9
45,5,13
56,22,33
38,20,37
13,16,39
45,22,37
55,14,19
26,5,27
45,23,38
54,6,10
7,20,41
23,3,25
51,7,7
47,20,31
46,4,12
39,8,24
9,6,23
2,23,41
28,11,32
48,19,26
23,11,34
47,6,14
46,22,36
59,2,12
41,1,9
12,1,14
45,2,8
1,9,2
6,4,7
17,23,44
8,2,3
31,8,29
48,6,10
31,19,36
4,14,26
3,10,13
30,5,24
38,10,28
18,8,32
47,20,28
47,2,8
59,19,29
0,18,31
1,7,1
0,18,16
4,15,9
28,18,35
2,23,40
7,21,42
24,5,27
56,14,18
6,5,11
20,1,23
20,16,36
53,22,32
39,21,36
38,18,34
13,1,18
25,4,26
57,1,11
48,17,20
34,17,32
60,0,12
3,10,25
0,12,3
2,16,22
9,15,35
35,20,37
54,19,27
2,9,17
7,19,39
56,0,6
42,20,35
15,23,48
55,16,22
40,2,14
29,8,28
9,18,40
4,12,0
49,2,4
33,10,28
9,17,37
38,12,29
56,14,19
10,19,42
46,21,35
34,21,37
17,3,27
10,1,11
53,3,2
50,6,3
48,17,21
25,11,33
34,19,35
0,16,7
27,18,37
31,6,23
39,15,30
57,14,19
39,1,13
35,14,31
23,9,33
5,10,29
46,17,21
8,8,33
54,0,3
31,8,26
26,23,39
44,16,26
14,18,40
16,0,21
49,14,13
54,7,11
50,2,0
57,8,16
27,11,33
41,9,22
59,22,32
51,14,16
51,8,9
36,12,30
62,4,17
2,16,14
26,18,37
32,5,23
49,22,34
6,4,8
36,21,38
44,0,5
7,5,7
12,16,36
9,17,38
49,1,1
6,18,38
54,10,12
10,8,32
55,16,20
25,23,40
17,1,23
7,12,0
14,1,21
11,8,31
33,0,16
63,17,24
26,15,34
50,20,25
48,15,15
11,0,12
48,18,24
43,4,12
46,17,23
38,10,27
13,20,44
52,20,26
58,0,9
44,16,24
51,6,5
11,1,12
37,13,30
18,8,31
28,7,29
62,16,24
3,10,12
8,10,33
48,1,4
11,5,28
25,1,21
9,21,43
7,11,33
37,5,20
42,7,17
9,2,12
43,18,31
53,7,8
57,7,13
41,4,15
55,20,28
11,17,40
54,8,12
3,15,22
45,5,14
47,1,3
17,19,39
53,22,30
8,1,9
18,10,32
5,6,13
8,2,5
16,4,27
60,1,14
49,13,13
62,7,19
54,14,19
42,17,31
30,15,32
19,13,35
26,13,33
44,15,23
7,5,12
2,6,0
38,19,34
10,21,45
9,18,39
28,5,25
29,17,35
50,6,5
10,6,24
31,23,38
9,1,4
54,14,18
46,21,34
50,14,14
63,1,12
6,14,34
43,21,35
4,10,29
6,6,2
54,23,32
60,22,32
18,20,41
48,0,2
42,0,8
46,6,15
59,7,18
54,0,5
13,0,15
56,6,11
14,1,19
53,23,33
12,0,14
41,5,16
4,9,27
14,1,23
44,6,14
4,7,19
63,17,25
3,10,28
50,13,14
55,1,6
17,8,33
16,11,36
60,18,27
49,11,10
7,3,11
47,19,30
54,1,7
47,10,19
47,18,22
62,9,20
31,17,32
53,12,15
8,8,29
6,17,37
9,0,9
26,17,34
57,10,16
6,5,6
12,7,31
55,14,18
35,7,23
32,17,33
29,2,22
55,13,18
9,15,36
45,21,36
62,12,20
0,3,1
15,4,29
57,5,11
56,19,27
43,4,13
44,21,35
6,5,4
36,18,33
48,23,35
19,21,42
14,2,23
23,23,41
12,19,42
52,10,10
47,7,13
30,11,32
58,7,15
52,8,8
2,17,25
4,13,31
2,16,18
44,15,24
10,4,22
7,5,2
1,16,16
39,5,17
8,7,26
0,18,19
11,19,43
45,9,18
2,17,33
0,10,3
60,6,17
36,14,31
8,4,17
47,15,18
48,0,0
5,7,17
4,15,32
33,3,21
31,6,24
52,19,24
16,6,30
39,6,19
14,9,35
46,18,30
22,10,33
43,7,16
6,11,1
2,11,20
7,10,34
50,7,5
11,15,36
49,6,7
4,12,5
3,22,40
60,16,22
45,19,30
38,18,32
16,3,28
48,18,23
50,19,24
43,16,28
50,22,33
63,9,19
19,7,31
53,18,24
3,13,13
12,20,44
40,10,25
26,21,39
7,19,40
32,10,30
55,11,15
31,11,31
51,3,1
39,2,15
42,10,23
26,17,35
49,2,1
12,3,20
57,6,15
15,3,26
33,8,26
60,15,23
4,15,6
4,8,4
46,19,29
0,17,16
56,10,15
1,18,33
63,11,19
26,2,24
60,17,25
19,12,34
10,0,9
13,17,37
54,6,6
40,15,28
32,21,39
8,1,4
14,3,26
9,5,25
1,18,23
46,18,28
43,7,17
14,22,46
46,7,15
10,0,6
60,0,10
22,2,25
15,6,30
1,18,27
19,4,27
38,9,25
61,0,11
20,11,34
24,17,37
13,0,17
8,16,36
38,4,18
3,12,12
53,20,26
47,0,0
45,18,26
36,9,26
52,10,11
21,11,34
48,7,11
17,15,36
6,2,7
4,12,9
23,10,33
34,5,21
53,11,12
12,2,18
7,7,24
37,6,21
7,7,1
19,1,24
3,15,28
59,12,20
39,16,31
3,16,29
2,16,26
14,6,30
60,7,19
8,2,4
11,2,13
15,9,33
14,18,39
50,15,16
50,10,10
59,4,14
3,15,7
50,16,17
14,3,27
48,11,11
42,13,26
32,7,25
1,15,4
10,0,7
63,3,14
8,2,9
40,17,32
12,2,17
27,9,31
50,16,19
32,1,20
51,15,18
3,8,17
28,17,35
42,19,33
5,8,23
50,23,34
6,9,30
56,18,27
11,2,17
11,1,13
45,6,13
3,15,4
7,18,37
50,13,13
61,16,24
48,8,13
21,22,41
24,17,36
4,8,14
20,12,34
33,5,23
11,8,35
34,23,38
61,7,19
9,0,0
18,19,39
8,1,5
30,0,18
17,16,37
30,7,27
50,21,28
39,1,12
56,15,21
60,3,15
36,4,19
7,9,0
25,3,24
34,10,28
11,1,15
13,7,31
24,5,28
15,8,34
29,1,20
57,13,18
48,5,9
59,15,22
61,16,22
7,2,7
56,9,12
5,6,17
12,0,13
16,16,37
3,16,19
7,6,23
28,13,33
29,2,21
49,7,11
62,2,13
9,7,28
12,18,42
25,11,34
29,10,32
43,12,23
6,5,17
3,15,29
45,8,17
40,11,27
51,9,9
8,17,37
60,0,11
3,10,15
17,7,32
27,0,21
3,11,26
43,15,26
35,15,31
2,16,25
47,6,13
9,5,22
46,18,29
29,5,24
9,1,6
2,17,21
11,2,16
25,9,32
29,1,19
35,9,26
42,15,28
29,15,33
48,7,12
61,17,25
29,8,30
35,2,20
27,5,26
53,4,5
3,10,26
26,5,26
46,9,18
15,7,32
47,11,19
8,5,19
7,5,13
6,8,1
60,16,23
9,1,9
4,9,24
0,18,26
29,10,31
27,10,32
59,12,19
54,12,13
35,10,27
6,10,1
34,0,15
9,5,1
12,6,30
55,1,9
49,19,23
59,4,17
9,4,20
14,4,29
27,20,39
26,10,32
37,9,26
57,12,18
2,16,13
5,18,36
10,5,24
10,9,34
40,4,15
26,0,21
1,8,1
58,14,22
19,2,25
15,17,38
4,13,5
46,0,1
31,14,32
40,5,18
5,22,41
9,2,9
61,3,15
56,19,29
25,16,35
22,1,24
60,16,24
35,1,18
9,10,35
48,20,30
63,4,16
48,5,10
60,22,31
33,11,29
53,20,29
58,19,28
50,4,2
47,19,26
21,6,29
18,7,31
6,8,30
10,19,40
7,5,17
51,7,5
19,1,23
7,8,0
5,6,6
25,2,24
4,8,21
62,13,21
11,1,16
8,2,8
5,6,9
42,13,25
48,21,31
4,11,7
55,14,17
44,2,9
63,3,15
60,4,17
55,13,17
60,20,30
39,21,37
20,15,35
62,5,16
11,18,41
20,17,37
25,3,26
17,1,24
17,18,39
15,3,25
17,5,29
48,12,12
40,6,16
11,17,39
41,21,37
32,9,29
43,4,14
7,10,32
9,2,0
20,2,25
8,4,18
4,7,5
43,2,9
28,8,29
62,8,19
42,14,25
42,9,21
32,19,36
50,2,4
8,19,41
7,22,43
3,14,11
1,17,11
29,7,29
49,6,11
61,19,29
7,1,3
10,3,12
3,12,11
12,17,39
63,2,14
39,13,28
15,9,34
5,22,42
35,20,36
53,6,5
36,5,20
46,16,22
3,8,19
5,9,25
10,18,40
9,6,26
32,1,18
54,16,21
62,22,32
33,2,21
20,6,30
15,8,32
34,6,23
56,4,10
53,2,3
12,0,11
60,18,26
37,19,36
24,8,32
45,19,32
37,2,16
18,23,46
9,2,11
16,18,40
6,11,32
52,14,16
21,0,21
46,3,8
13,15,37
38,9,27
41,18,33
21,7,31
55,9,14
14,3,28
2,14,15
9,3,14
51,11,10
38,11,27
5,8,26
41,12,28
56,13,18
53,2,1
4,12,31
29,16,34
27,5,25
47,5,12
9,1,11
45,22,36
0,7,4
59,1,12
25,2,23
6,9,32
41,6,19
37,11,28
32,1,19
44,5,14
50,3,0
39,12,28
3,22,41
55,23,34
42,0,6
4,13,8
43,10,23
34,3,20
14,15,37
17,5,28
24,13,34
48,12,17
19,3,26
62,7,17
32,19,35
8,5,11
16,4,28
49,8,8
33,9,27
35,4,21
11,3,20
59,3,14
58,6,15
41,2,12
56,9,14
46,1,5
44,13,21
55,12,16
4,8,5
39,16,29
36,22,38
22,15,35
10,4,19
20,23,42
7,7,12
56,13,17
48,16,19
35,16,31
2,17,22
38,20,35
42,16,28
54,11,13
15,2,25
18,1,23
12,3,25
22,18,38
2,14,11
49,21,28
7,8,27
7,7,0
12,1,18
3,15,24
63,7,17
32,7,26
1,5,1
4,10,4
31,10,30
43,15,25
27,13,33
24,9,32
40,1,13
54,15,18
38,0,13
52,7,6
4,14,1
4,14,4
54,9,13
7,5,1
38,21,38
34,7,23
5,19,37
57,16,22
4,10,5
43,16,23
53,18,22
5,5,9
47,16,19
46,3,9
47,22,35
8,10,34
56,1,9
11,3,18
57,18,28
15,1,22
25,2,22
59,13,20
36,3,18
19,11,34
13,1,16
16,21,43
27,3,25
5,8,1
49,16,16
1,6,1
49,18,23
31,16,32
59,1,13
49,6,5
53,20,27
29,0,18
23,3,26
14,0,17
18,5,29
16,22,46
41,14,27
50,12,12
16,0,23
8,7,28
14,18,41
3,14,32
58,12,19
51,20,27
38,5,20
44,6,16
40,4,16
44,8,19
10,5,22
14,6,31
18,11,33
48,22,35
3,20,39
48,19,27
56,21,31
38,18,33
43,10,21
31,3,21
49,19,26
56,2,10
40,8,21
48,13,15
32,18,35
14,20,44
7,5,19
47,17,22
36,8,26
54,11,12
50,9,9
41,0,7
6,7,27
13,18,42
4,9,11
14,10,36
47,12,18
15,2,22
48,15,18
53,2,7
4,8,3
47,16,18
54,1,6
46,2,9
16,19,41
30,10,31
15,16,37
0,17,31
24,3,25
11,2,18
14,1,20
33,17,32
38,14,29
13,20,45
11,20,44
47,1,4
2,15,3
13,0,12
10,20,43
37,6,20
40,9,23
31,6,25
31,17,33
62,8,20
36,21,37
42,11,24
34,21,38
6,18,37
17,14,36
8,5,14
47,20,32
4,10,6
35,11,30
15,20,42
48,21,33
32,3,22
46,8,17
2,16,31
10,2,17
12,17,40
40,7,21
62,22,31
17,2,26
5,6,8
7,3,6
63,19,28
24,6,29
50,19,25
54,12,15
36,15,31
39,13,29
49,15,14
56,20,30
46,22,37
34,22,38
0,3,0
3,15,32
2,17,29
27,20,38
18,22,43
10,2,13
54,10,13
26,11,33
36,11,28
16,17,37
2,15,18
63,1,13
4,13,10
28,2,22
46,18,27
42,2,13
53,12,12
21,10,33
47,7,14
5,7,11
13,2,24
52,17,20
29,6,27
43,21,36
46,1,7
47,18,26
44,0,7
21,3,27
1,15,11
10,6,27
12,0,15
45,0,3
41,4,14
59,7,19
49,3,5
7,1,7
39,8,23
55,22,32
27,12,33
33,5,22
14,7,32
46,11,19
21,2,25
45,15,22
61,16,23
9,4,0
39,4,16
4,11,32
34,16,31
26,6,27
58,7,18
19,10,32
16,21,42
7,5,8
11,21,47
50,21,29
56,8,13
43,1,10
53,17,21
37,21,37
21,18,38
63,21,30
45,0,5
22,13,34
2,11,1
2,16,21
62,1,12
14,1,18
15,2,23
0,18,28
43,2,12
48,21,29
38,16,30
45,1,6
3,16,4
52,23,33
32,3,21
45,8,18
17,11,36
4,17,34
15,1,23
43,2,10
39,1,14
39,0,10
6,10,32
21,21,41
13,2,20
24,20,40
54,17,23
51,22,31
34,0,17
39,2,14
12,15,37
29,19,37
34,11,29
45,1,7
50,2,3
62,4,16
31,21,38
15,4,28
23,9,32
44,21,36
1,16,10
5,9,26
44,10,22
7,2,3
4,10,9
40,11,28
7,17,37
14,2,26
12,3,19
53,4,7
37,0,14
8,1,0
48,11,12
16,8,33
6,17,36
42,1,9
6,8,26
11,5,25
18,20,40
45,18,27
45,14,20
42,0,9
21,7,30
37,18,34
41,22,37
12,16,39
8,9,34
28,6,27
5,7,9
51,2,1
43,18,32
58,13,20
27,15,33
17,9,33
43,15,24
45,16,24
36,0,12
50,6,4
59,23,33
1,17,16
9,3,15
54,7,10
24,18,37
49,2,6
40,16,31
27,11,32
4,11,29
17,22,44
10,21,44
3,15,8
49,7,9
61,22,32
48,12,10
42,11,25
37,10,28
5,17,36
33,1,18
53,19,25
3,14,15
50,17,20
46,4,10
35,19,34
44,3,12
52,21,29
45,23,37
5,7,15
1,17,21
28,2,21
43,5,15
9,7,30
4,14,7
24,0,21
12,3,22
29,14,33
4,7,15
28,21,39
24,7,30
41,2,13
54,20,28
58,5,15
10,5,0
45,17,28
48,7,14
48,7,15
41,2,14
2,15,12
48,9,13
1,18,35
54,7,9
52,19,25
36,14,30
0,10,4
14,8,32
34,2,21
43,8,18
3,14,31
47,19,28
50,7,7
23,4,26
13,9,37
60,4,16
48,11,13
52,4,3
44,16,25
4,8,10
3,16,25
63,18,27
20,23,43
55,7,10
38,4,17
29,5,25
38,22,38
4,12,11
45,17,24
60,2,14
12,4,28
58,2,11
42,23,37
30,4,24
3,11,27
4,22,41
11,17,38
23,6,28
28,2,23
1,12,2
9,20,41
9,21,45
2,10,17
10,9,36
47,22,36
31,19,37
3,7,7
30,18,35
27,1,20
39,7,22
3,17,35
9,0,7
35,4,20
47,18,23
54,18,23
59,20,29
44,20,35
12,16,38
56,13,19
53,4,3
3,15,2
10,20,42
23,7,31
4,11,3
54,2,6
3,8,12
48,17,19
7,3,8
33,15,32
54,7,8
4,8,9
2,20,39
57,17,26
42,8,21
55,2,10
9,6,24
28,16,33
43,2,11
44,6,15
49,10,8
27,21,39
1,17,28
33,19,35
18,21,42
11,19,44
56,8,14
63,23,34
5,6,18
59,16,24
40,23,38
24,16,35
35,0,15
51,12,12
26,18,36
22,21,40
24,14,34
47,21,33
54,2,9
52,15,17
46,4,11
9,5,23
38,6,20
1,11,0
41,15,28
11,2,19
29,11,33
8,1,1
17,11,34
50,16,18
44,15,22
2,16,20
1,17,18
58,1,11
44,22,36
56,10,14
51,21,29
46,1,6
62,3,16
41,8,20
59,20,30
17,4,27
51,19,25
3,9,20
52,5,4
57,0,9
57,16,24
2,22,40
18,2,25
12,8,36
53,17,20
5,13,3
50,23,32
5,7,21
13,9,36
58,13,21
55,11,14
19,22,44
12,2,22
30,0,17
13,6,29
37,8,23
12,9,37
1,21,39
7,21,41
49,8,14
37,19,34
8,2,0
15,10,37
7,3,2
47,14,17
4,9,4
35,12,31
3,23,41
49,23,36
3,16,27
56,11,15
24,22,41
11,0,9
33,6,22
9,3,17
48,16,18
52,11,11
48,21,32
27,17,34
49,19,25
5,14,6
46,0,4
63,18,25
30,18,34
34,4,22
47,20,29
6,5,8
57,6,11
9,0,6
18,2,24
53,18,25
35,1,16
44,3,11
20,11,33
3,8,16
47,22,34
14,0,19
46,23,37
9,4,16
34,18,33
1,8,2
51,17,20
52,7,7
6,6,5
1,18,34
49,6,9
6,6,1
12,4,25
5,9,30
26,7,30
18,0,23
49,5,8
26,22,40
43,14,24
6,5,10
22,9,32
52,9,11
57,2,10
55,0,6
63,23,33
37,15,31
61,13,20
53,2,8
1,17,24
32,22,38
50,8,7
40,3,16
60,3,14
11,0,11
46,23,38
50,6,7
38,2,14
22,7,29
8,3,11
50,12,10
4,15,24
5,6,7
2,16,19
0,17,27
53,8,10
17,7,30
52,2,1
22,16,35
26,8,31
29,6,25
3,7,8
6,13,0
42,2,11
33,22,39
0,18,24
17,19,40
41,11,25
7,16,36
48,14,14
3,15,13
36,7,24
55,0,7
23,19,38
15,6,31
56,20,29
63,8,17
37,8,24
5,7,8
7,6,11
41,9,23
49,20,28
10,2,15
36,20,36
4,11,11
2,17,18
58,21,31
23,16,35
5,8,21
0,19,35
17,12,36
48,23,38
29,23,39
38,2,15
41,0,9
14,5,29
8,7,23
14,2,24
16,22,47
43,5,14
13,1,20
27,10,31
4,8,19
50,20,26
6,6,20
45,4,13
53,6,8
41,7,20
48,14,16
15,9,36
50,18,23
52,22,32
21,4,28
52,10,12
60,3,16
18,11,35
5,14,7
6,5,16
50,5,5
33,13,31
48,10,11
27,17,36
2,7,0
37,3,17
8,21,42
6,21,41
5,9,27
0,17,18
3,15,9
49,8,10
16,10,33
16,18,39
22,2,26
16,7,31
9,2,10
57,11,16
32,8,27
38,5,19
60,17,26
6,7,2
2,17,8
9,8,31
7,6,1
3,16,33
2,16,17
17,17,38
58,22,32
0,18,33
20,18,38
13,21,47
42,15,27
51,19,23
50,23,33
58,6,17
6,3,6
1,17,29
45,7,17
18,10,33
7,6,18
53,8,11
47,1,5
31,11,32
32,16,32
56,7,11
35,10,29
49,23,35
13,4,29
37,3,18
56,16,21
6,3,9
2,15,2
14,21,46
26,4,25
50,22,30
25,5,26
32,7,24
32,2,21
22,22,41
11,20,43
35,2,19
50,3,3
34,11,30
11,4,24
5,13,2
36,17,32
9,3,0
13,3,25
18,22,44
12,2,21
45,6,15
27,0,20
1,15,12
14,17,38
4,9,26
3,19,38
58,12,20
3,17,36
5,10,1
38,17,32
4,10,27
30,18,36
36,15,30
49,21,27
8,18,39
9,4,21
8,7,0
18,1,22
27,9,32
33,23,38
40,7,22
28,15,34
56,1,10
49,23,34
43,15,28
46,13,19
32,21,38
17,11,33
37,20,37
49,7,8
52,6,6
7,4,16
52,18,23
8,20,42
13,8,31
0,19,20
29,20,37
0,15,4
7,18,38
11,2,14
4,14,32
33,7,25
8,5,13
58,3,12
10,7,31
29,4,24
6,4,4
14,9,34
59,18,26
20,3,27
45,5,12
61,11,20
48,3,6
47,16,20
53,0,1
35,21,37
53,5,6
27,6,27
43,16,29
56,16,23
5,8,28
49,8,9
1,7,2
49,18,21
26,0,20
59,0,10
60,2,15
34,1,18
26,2,22
54,14,17
42,15,26
29,9,30
23,1,23
9,2,13
3,14,27
24,19,39
7,5,9
13,21,45
9,4,11
33,21,37
24,2,23
38,13,29
5,8,22
3,8,4
10,4,25
4,14,33
61,9,20
57,6,17
60,23,32
46,7,14
9,1,8
43,11,23
7,6,12
39,11,28
61,7,18
32,2,20
53,6,7
63,12,19
8,6,20
15,19,42
39,17,31
3,13,11
22,12,34
10,5,25
53,17,22
50,2,2
30,16,32
0,19,25
43,1,9
11,21,45
15,22,46
4,10,25
25,18,37
11,21,44
53,7,10
19,20,40
14,20,45
5,6,2
10,6,23
2,16,28
7,0,3
49,5,7
50,17,19
61,20,30
0,18,30
36,19,36
3,15,33
7,5,14
51,9,10
21,19,39
1,17,25
52,16,19
20,1,24
8,17,38
41,6,18
39,18,32
51,13,13
36,18,34
22,21,41
19,19,40
5,9,2
43,8,19
6,20,40
24,21,40
6,6,3
3,15,19
4,8,15
57,16,23
49,1,2
2,8,16
5,15,4
39,10,27
2,15,16
9,6,22
28,10,31
35,17,33
2,11,19
40,18,32
52,20,25
9,19,39
1,10,3
8,5,17
56,6,10
9,8,34
29,2,20
54,17,24
49,8,15
61,19,28
19,23,44
28,0,18
58,6,13
9,5,26
61,20,28
46,10,19
10,2,16
37,7,22
6,6,8
5,14,3
15,1,20
4,7,3
48,2,6
45,3,8
45,2,9
48,2,5
57,12,16
40,23,37
61,0,12
45,2,10
61,18,25
12,5,28
19,11,33
44,19,33
57,15,21
1,18,20
55,15,19
48,20,29
5,8,27
42,7,18
9,3,16
24,2,24
12,7,32
3,10,23
60,12,20
19,3,27
6,8,27
4,21,41
0,20,39
12,3,23
21,12,34
15,0,21
1,19,36
48,10,17
48,20,27
15,19,40
42,2,12
55,12,15
8,6,23
18,2,26
29,21,38
59,0,11
33,2,20
52,14,15
0,19,23
62,19,27
1,17,30
30,17,35
0,19,19
35,5,21
12,9,36
6,8,28
31,9,29
53,0,0
17,17,37
12,4,26
35,18,34
3,8,9
12,5,27
47,22,37
58,8,19
19,18,39
25,10,32
26,3,24
18,0,22
12,6,31
22,18,37
2,16,23
51,10,9
34,13,31
24,2,25
47,8,16
47,4,11
46,2,7
30,20,37
3,9,13
7,3,10
33,7,24
32,4,23
54,4,8
53,2,4
4,7,17
29,9,31
52,18,22
46,5,12
26,9,32
58,4,13
11,9,35
36,20,37
4,15,10
51,15,17
44,17,25
9,1,7
59,14,21
42,21,37
15,10,35
23,15,35
4,11,31
25,10,33
44,9,19
54,13,15
46,17,25
11,7,33
27,19,37
47,21,34
52,22,31
22,11,33
61,6,17
40,0,11
21,6,28
41,0,8
46,8,18
7,0,2
30,3,22
32,0,18
26,11,32
35,19,35
44,0,4
27,8,30
9,21,44
10,7,32
8,6,26
43,6,15
57,20,30
53,1,4
6,7,24
11,7,32
49,3,4
24,11,33
12,23,47
56,15,22
56,2,11
2,10,20
63,12,20
29,8,29
0,7,3
59,3,16
15,17,37
21,4,27
7,6,21
6,9,1
23,19,39
0,19,36
41,16,29
1,17,33
42,14,26
35,18,33
15,2,24
39,2,13
59,5,17
1,20,38
4,14,9
2,18,36
12,19,43
59,1,10
48,6,11
26,16,35
52,17,21
52,5,3
0,16,5
41,8,22
47,4,10
23,17,36
53,16,20
2,17,28
8,9,33
1,16,18
18,6,30
8,4,16
51,10,10
16,17,39
40,16,29
3,9,14
42,4,15
32,11,31
63,4,15
62,11,19
9,20,42
22,9,33
33,17,33
50,8,8
50,19,23
30,16,33
25,7,30
18,18,38
53,12,13
34,10,29
26,21,40
10,3,16
49,22,31
14,0,16
27,7,29
26,7,29
22,0,22
50,6,6
43,8,20
18,3,26
55,23,33
23,0,22
30,0,19
18,16,35
18,17,38
45,18,25
28,8,31
46,15,20
8,22,44
10,23,46
48,6,13
0,12,4
11,5,27
48,3,8
7,3,3
57,8,14
18,3,27
3,10,22
1,12,1
47,17,21
20,8,33
55,2,8
17,22,45
13,4,28
55,20,30
4,8,17
30,12,33
38,17,33
3,20,40
61,12,20
62,15,22
51,18,23
39,19,35
20,4,28
53,11,13
58,20,29
1,17,14
33,0,18
43,16,27
5,7,19
6,4,5
6,6,18
2,21,40
30,20,38
47,12,11
40,15,29
35,1,17
37,1,13
9,5,27
43,3,12
43,19,34
12,22,47
20,19,38
11,4,23
3,9,21
1,17,20
63,7,18
58,3,13
19,16,36
18,1,25
40,2,13
44,11,22
3,15,25
45,9,20
47,7,11
31,8,28
8,19,39
12,7,33
32,12,31
8,7,31
7,23,44
31,13,32
9,0,8
47,10,18
60,21,31
6,3,10
3,12,0
20,10,33
29,12,32
27,22,39
3,14,0
6,6,13
2,19,37
58,20,30
34,3,21
24,16,36
1,17,15
1,16,6
31,20,38
14,5,30
35,9,28
5,10,31
41,21,36
10,5,26
47,17,23
0,15,5
37,9,25
59,4,16
13,17,40
52,2,0
0,18,20
7,4,17
3,15,10
50,7,8
2,9,16
14,17,40
2,14,0
59,2,14
49,0,0
2,15,4
8,7,25
25,8,32
3,8,5
41,2,11
36,1,14
55,0,4
40,7,19
11,8,33
17,20,41
3,15,20
0,17,19
8,8,30
16,20,42
58,5,14
26,17,36
56,9,13
30,9,30
22,7,30
32,20,36
5,6,4
16,10,36
30,4,22
53,19,27
57,19,29
36,2,18
23,7,30
5,8,25
23,11,33
51,23,32
10,5,27
33,2,19
31,23,39
45,6,14
40,5,16
34,14,31
43,0,7
61,4,16
9,18,38
22,1,23
61,17,23
37,18,33
45,16,22
2,11,16
35,16,32
58,18,28
41,16,31
12,2,16
62,17,25
14,21,47
48,0,1
47,2,6
44,23,37
37,17,32
27,18,36
52,15,18
62,2,14
30,17,34
45,17,25
15,2,26
18,14,35
43,16,30
3,15,16
56,16,20
9,9,35
56,17,24
4,15,4
50,5,3
12,23,48
48,22,34
47,3,10
31,7,26
23,16,36
47,0,4
57,7,15
21,2,26
40,20,35
2,15,30
4,9,28
14,4,27
43,11,24
59,6,17
24,12,34
44,18,31
23,5,27
31,19,35
48,8,16
41,1,11
14,19,41
43,17,29
43,10,22
20,0,22
54,20,29
1,16,14
26,2,23
9,0,4
47,0,2
20,3,26
0,19,22
9,0,5
32,20,37
35,12,30
8,9,31
17,16,36
26,12,33
1,16,7
11,4,20
25,6,29
52,8,10
33,22,38
1,14,2
23,13,34
53,7,6
6,3,7
57,5,12
2,20,40
30,14,33
39,1,11
4,9,2
1,15,13
