33,17,2
30,21,8
26,21,2
37,20,3
24,23,2
31,18,2
32,17,0
49,23,1
38,21,3
43,21,1
24,22,5
44,22,2
39,22,8
25,20,0
36,18,2
31,16,0
37,20,8
43,20,1
39,20,1
27,22,12
39,19,2
45,22,1
26,22,6
24,23,8
33,18,2
38,18,0
35,16,0
31,17,1
40,19,1
38,21,5
24,21,0
38,22,11
22,23,1
36,18,1
28,19,1
37,20,7
50,23,1
33,21,10
51,23,0
32,16,2
23,23,4
32,17,1
26,22,10
34,18,2
25,22,2
37,23,11
40,21,3
46,23,1
29,18,2
37,23,10
53,23,0
30,21,10
29,23,12
37,19,1
34,16,1
23,22,2
51,22,0
27,21,5
30,19,7
30,20,9
54,23,0
34,17,3
41,22,5
24,22,2
36,21,7
30,18,4
28,21,7
44,23,3
25,21,10
33,16,0
43,23,3
36,19,4
24,22,10
29,18,4
35,22,10
26,21,6
26,21,4
25,21,2
37,19,3
31,21,11
25,21,1
26,23,9
31,21,9
24,23,9
25,21,0
42,23,4
41,23,6
27,22,7
32,18,5
43,22,3
32,18,1
32,19,1
37,20,2
39,21,7
44,21,1
48,23,1
33,18,5
36,21,9
30,22,10
38,21,9
37,22,9
38,20,6
41,18,0
40,23,10
38,17,0
37,17,0
37,21,9
36,20,6
40,21,4
38,18,1
28,22,9
41,23,7
38,21,4
23,22,0
33,17,4
37,21,7
29,22,10
40,20,2
32,20,7
32,18,4
32,19,5
38,21,7
28,21,9
29,19,2
33,22,12
39,21,8
32,16,1
35,19,3
34,23,12
36,19,5
44,22,1
34,21,7
28,23,12
26,21,8
25,22,9
29,22,11
31,19,5
27,19,1
27,22,8
23,21,0
36,20,8
27,20,0
26,22,8
28,19,6
23,22,1
24,22,0
33,18,4
25,21,9
27,21,6
42,23,5
28,21,8
36,19,3
26,20,0
29,20,8
34,19,5
49,22,1
48,21,0
28,20,4
24,22,3
26,23,8
28,22,11
40,18,0
32,18,2
35,23,9
29,19,6
32,22,13
26,21,9
33,22,9
33,19,6
27,20,5
29,20,7
33,21,9
26,23,10
40,23,6
31,17,3
34,18,5
43,22,4
43,23,5
29,19,3
25,21,6
29,21,8
25,21,8
24,22,9
31,17,2
25,22,5
40,20,1
33,20,6
33,19,2
33,16,1
25,22,7
44,21,0
27,21,7
34,20,6
42,22,3
35,23,11
41,20,2
40,20,3
38,20,3
34,23,10
35,19,2
24,23,6
32,21,9
29,19,0
41,20,0
31,20,9
27,21,9
27,20,6
28,22,10
40,22,6
34,19,6
30,18,1
42,21,3
36,22,9
26,20,2
34,22,9
45,23,1
28,20,2
33,17,1
35,17,0
42,21,1
24,22,8
34,22,10
40,19,0
28,22,12
35,21,8
41,21,3
38,20,2
29,18,3
45,22,0
30,20,8
40,22,9
32,16,0
42,20,0
29,18,0
35,18,5
36,18,0
43,22,2
23,23,2
39,18,1
33,17,3
31,17,0
23,23,1
27,22,9
31,19,6
47,23,1
36,20,7
31,21,12
31,18,3
31,19,7
33,21,8
28,20,1
41,22,3
25,22,8
37,19,2
39,23,11
34,18,3
37,22,10
35,20,7
39,22,10
32,18,3
30,21,9
31,18,4
36,19,2
25,21,7
41,21,2
27,22,11
30,18,3
36,17,0
50,23,0
43,20,0
28,20,5
30,21,11
29,21,5
24,23,3
33,15,0
34,17,2
42,22,2
32,21,10
29,19,5
43,21,0
28,20,7
26,21,0
38,20,5
27,21,4
34,17,0
26,21,5
27,23,7
26,21,1
29,22,12
25,21,3
31,22,13
55,23,0
27,21,8
47,22,0
37,20,4
28,19,4
35,20,6
35,18,3
39,20,3
34,21,8
37,18,1
39,21,9
48,22,0
35,17,1
47,22,1
36,23,10
25,22,6
36,22,10
33,22,10
39,21,4
24,23,4
37,20,6
31,20,8
33,19,7
27,21,3
44,23,2
37,21,8
31,22,11
33,23,13
43,21,2
34,19,4
26,22,7
29,21,10
30,19,5
31,23,13
26,21,7
38,22,10
29,20,6
25,23,11
40,22,10
32,17,3
28,23,11
30,20,4
35,23,10
25,23,10
24,21,1
24,22,7
39,22,11
33,18,3
30,22,13
26,21,3
25,22,3
42,20,1
30,17,1
52,23,0
35,19,4
33,18,1
22,23,0
27,22,10
33,23,12
30,20,7
39,21,5
41,22,4
40,22,7
28,20,8
34,17,1
28,22,13
25,22,10
32,23,13
32,20,8
30,17,0
28,19,5
33,23,11
36,19,6
46,22,0
35,21,7
39,22,7
47,21,0
24,23,7
40,22,8
27,20,7
35,19,6
34,21,9
33,20,8
34,23,11
29,23,13
27,20,4
32,19,2
32,22,11
45,23,2
31,20,7
46,21,0
26,22,9
24,22,6
39,20,2
30,20,5
29,19,7
26,20,1
28,20,6
45,21,0
30,19,4
41,19,0
35,18,1
40,23,9
28,21,6
40,23,8
41,23,5
35,22,9
38,20,4
38,21,8
29,19,4
32,22,12
42,19,0
32,19,6
34,20,7
38,19,1
28,19,3
34,15,0
49,22,0
36,21,8
30,18,0
29,19,1
36,20,5
46,22,1
22,22,0
31,23,12
40,22,4
29,22,9
32,23,12
31,21,10
26,21,10
37,20,5
25,22,11
24,22,1
32,20,9
32,21,11
29,22,13
39,19,0
40,21,2
40,22,5
38,22,9
42,21,2
38,23,11
27,20,3
29,21,9
28,19,0
27,20,8
38,21,6
25,22,1
31,22,12
39,18,0
35,17,2
48,22,1
37,18,0
33,19,5
32,19,7
25,22,4
27,20,2
32,17,2
27,19,0
29,18,1
30,22,12
40,23,5
39,21,3
41,19,1
39,22,5
26,22,11
40,23,7
34,16,0
29,20,4
30,18,5
39,22,4
33,16,2
23,23,3
29,20,5
33,20,7
41,20,1
35,21,9
50,22,0
43,23,4
42,22,4
34,18,4
34,22,11
35,19,5
33,22,11
31,18,5
30,23,13
37,19,4
39,19,1
25,21,4
35,18,4
28,19,2
39,22,6
39,22,9
35,18,2
51,23,1
30,19,6
27,20,1
28,20,3
24,22,4
36,17,1
30,18,2
36,18,3
32,22,10
39,21,6
38,19,2
24,23,5
30,22,11
