62,11,51
60,8,43
63,3,38
56,0,36
56,11,55
54,7,51
63,2,37
49,3,50
52,9,50
54,7,47
53,1,35
52,3,40
53,5,43
51,5,46
61,4,39
62,13,57
57,3,39
62,3,39
61,0,36
62,14,55
60,10,51
51,5,41
58,3,40
55,8,58
61,13,56
50,4,52
54,9,54
63,4,38
53,8,60
59,11,59
58,7,44
50,10,62
55,9,51
59,8,47
56,9,49
50,4,50
59,4,41
55,3,40
52,2,40
57,8,46
54,12,63
61,9,44
51,6,48
51,6,57
52,6,55
53,10,63
56,12,63
57,7,46
61,16,60
57,10,53
62,12,49
58,10,59
56,8,48
59,11,62
60,12,56
56,11,63
61,12,61
63,12,50
56,5,40
62,13,55
59,8,45
51,11,61
59,9,48
55,10,59
56,10,55
53,6,57
57,4,39
58,6,43
61,10,50
61,1,37
49,5,55
63,13,49
55,10,53
51,1,38
56,10,61
59,13,59
53,1,37
56,8,51
55,8,59
59,11,58
62,14,59
58,11,55
60,6,41
52,11,62
59,5,40
54,10,52
57,9,62
52,6,48
51,6,50
56,8,56
59,2,39
62,7,43
51,6,55
63,14,56
62,10,44
55,4,39
55,5,44
61,16,63
61,13,59
61,11,49
57,9,59
57,11,62
57,11,59
55,0,35
54,9,58
58,10,48
60,2,37
54,8,52
51,8,58
62,8,44
55,5,43
49,9,61
58,10,50
62,12,55
52,9,60
58,10,61
52,7,51
61,15,62
63,12,52
51,4,54
61,13,54
63,14,55
49,3,44
50,11,61
52,11,63
50,5,49
54,8,60
58,10,55
58,8,47
50,6,51
62,13,61
50,7,50
62,1,36
51,6,47
62,16,59
55,5,41
62,12,51
50,5,44
62,16,62
53,7,51
57,9,57
61,12,55
63,16,60
49,9,59
60,2,38
59,11,57
63,15,56
63,15,57
55,9,58
56,8,55
50,4,48
50,6,56
53,5,48
61,11,52
61,4,40
63,13,55
49,2,44
52,8,58
53,9,60
53,7,53
63,14,63
56,9,59
50,9,58
52,2,38
63,14,59
49,6,56
49,6,57
57,10,58
60,12,60
60,11,56
61,12,63
53,6,52
57,9,56
52,7,59
52,5,49
49,4,46
57,7,45
55,9,57
51,0,34
60,12,51
53,8,59
54,3,40
53,6,48
51,6,54
60,4,39
49,1,41
56,13,62
61,10,48
54,7,59
50,3,42
59,4,40
50,12,63
58,10,52
57,10,62
59,5,41
61,14,60
51,4,40
60,12,55
53,11,62
55,9,55
57,2,37
54,13,63
53,5,45
58,10,58
63,7,41
50,11,60
58,10,57
62,10,45
52,10,62
56,7,44
51,12,63
59,10,49
53,5,46
51,0,35
63,12,49
56,10,59
49,9,60
49,4,48
61,6,42
57,11,60
61,10,47
60,10,50
54,2,38
54,1,38
63,8,43
58,12,61
62,14,61
52,10,61
55,8,60
59,9,50
51,7,57
49,6,50
53,6,45
61,12,53
53,11,52
63,0,35
59,11,50
50,11,63
58,5,42
51,7,51
59,9,44
52,6,58
61,12,51
50,6,57
50,6,55
55,2,37
51,1,40
51,11,63
50,4,54
54,4,40
52,7,53
57,10,59
59,8,44
50,11,62
51,1,36
63,11,46
51,5,54
56,2,37
53,6,54
59,6,42
53,8,49
61,12,62
57,9,61
56,10,62
62,0,36
62,15,62
59,2,37
62,7,42
63,10,47
55,8,52
52,9,51
52,4,42
57,4,40
61,16,59
55,10,63
52,3,41
54,1,35
50,4,44
56,9,52
50,5,53
52,1,36
50,3,43
60,11,57
61,13,55
62,14,60
56,8,54
63,15,58
49,2,41
52,2,36
51,2,41
58,11,58
51,2,37
53,2,37
60,12,62
56,10,56
49,3,52
49,11,63
56,9,53
54,8,49
61,12,50
59,10,52
54,4,42
53,5,44
50,4,51
58,1,38
53,7,50
51,9,59
61,10,49
54,5,46
58,11,62
50,5,55
51,3,41
61,7,41
58,1,36
50,2,43
63,11,47
63,10,44
59,11,56
51,9,60
51,11,60
55,9,52
51,12,61
52,10,51
58,4,41
50,2,39
52,4,43
50,5,45
53,3,39
52,6,50
57,11,56
56,7,45
57,1,37
62,12,54
52,1,38
50,1,41
49,10,61
57,10,50
51,8,59
63,5,40
58,12,58
58,9,49
54,8,57
51,10,61
63,15,55
60,8,45
58,11,63
51,5,49
61,12,59
57,9,49
52,6,54
53,6,50
60,13,59
63,13,58
50,10,61
57,8,47
55,10,60
50,7,58
60,10,49
53,10,51
63,14,54
60,13,55
53,5,55
61,13,53
57,8,49
62,11,48
60,9,45
54,5,45
51,7,58
59,11,63
51,4,46
55,4,41
55,7,47
61,12,56
63,5,39
53,10,50
58,12,60
63,10,45
52,6,53
50,6,49
56,0,35
52,5,47
53,1,36
53,10,48
51,4,43
55,6,44
59,12,61
61,13,52
58,6,42
63,1,36
59,8,46
54,6,43
49,8,57
57,8,48
62,14,62
53,7,54
59,10,54
60,3,40
50,3,44
55,7,53
57,8,43
52,9,59
63,13,51
61,9,47
50,6,45
52,0,35
63,16,62
54,0,35
50,8,60
63,9,43
52,7,49
53,3,41
57,6,43
52,10,50
55,7,48
53,4,41
57,12,63
54,11,63
53,9,59
55,7,57
63,14,51
55,8,56
49,3,43
59,3,40
63,14,50
55,7,54
51,1,37
56,10,54
50,0,37
49,4,49
55,7,50
58,4,40
54,9,49
56,8,50
60,12,57
63,15,62
63,13,54
57,13,63
62,4,39
54,8,55
53,7,59
49,2,40
60,5,40
62,9,44
57,11,54
52,10,63
52,6,49
63,10,46
54,1,36
63,12,48
55,8,55
59,10,63
61,8,43
58,7,45
54,10,51
53,6,58
58,8,48
55,8,51
50,5,50
54,8,58
60,4,40
63,9,44
52,5,54
63,13,50
56,9,54
59,12,59
57,9,60
59,12,62
54,7,52
62,4,40
58,8,45
52,6,47
49,4,45
56,9,51
49,5,44
56,6,42
49,5,53
50,4,46
63,4,40
61,9,43
60,5,42
50,8,59
62,6,41
49,7,57
50,1,38
54,6,44
50,4,53
61,13,57
53,8,52
55,5,42
52,1,35
57,10,49
58,10,60
50,12,60
53,10,52
52,6,51
61,7,44
51,4,48
62,10,46
56,4,41
62,11,47
60,11,51
53,9,49
49,4,47
51,5,47
54,8,59
56,8,57
63,8,41
52,4,41
49,6,53
59,11,52
61,9,46
60,11,55
60,9,44
57,9,50
59,10,51
56,7,48
62,16,60
57,8,50
60,14,63
59,9,47
58,10,49
59,10,55
61,14,62
60,12,58
56,13,63
58,11,56
55,7,46
56,9,55
51,1,35
61,12,60
49,3,48
52,5,48
59,10,48
53,6,49
63,15,61
57,10,63
49,8,60
49,0,37
62,10,47
63,16,61
54,14,63
51,4,52
55,9,54
58,9,48
61,3,39
60,10,48
55,10,55
60,1,36
57,10,56
59,12,57
53,0,34
62,12,58
53,6,43
59,10,56
63,11,49
54,8,50
49,1,39
61,14,59
55,4,40
51,4,50
58,9,47
63,13,53
53,7,49
59,2,38
52,2,39
51,8,60
51,10,60
60,6,42
61,13,63
55,10,61
55,12,63
58,1,37
62,1,37
52,7,57
51,7,59
54,8,54
55,1,36
57,9,48
56,12,62
52,9,61
52,5,44
56,9,61
63,13,61
51,6,56
61,13,62
55,8,57
60,1,37
50,7,57
61,12,52
55,1,38
49,4,51
54,5,43
59,12,60
51,7,48
56,2,39
55,9,59
55,1,35
60,11,54
51,5,55
60,10,47
57,5,41
49,5,49
52,6,57
60,9,47
57,10,54
49,8,59
62,12,52
49,5,45
63,13,57
50,6,44
59,12,56
53,4,40
53,8,48
55,8,47
62,13,63
60,13,63
60,12,63
63,14,57
63,3,39
56,7,43
63,11,48
50,7,47
57,2,39
58,12,59
62,14,58
56,14,63
59,10,50
63,1,35
60,12,61
57,11,55
52,5,45
50,4,43
53,0,35
51,3,42
58,10,51
57,7,43
51,5,40
61,15,59
60,7,44
54,7,50
57,9,55
50,12,61
56,10,51
49,1,42
61,11,53
50,4,47
55,6,42
61,11,51
49,5,50
54,9,52
61,13,58
52,1,37
54,6,56
58,10,53
58,8,46
55,11,63
62,12,56
52,3,42
51,9,61
61,0,35
58,9,51
54,6,54
61,11,50
62,14,63
59,13,60
49,1,38
56,6,44
55,6,46
55,2,38
50,0,35
54,9,60
61,5,40
55,2,39
58,5,41
61,14,63
55,9,53
63,17,60
57,12,62
54,6,50
58,7,43
59,10,53
55,7,51
55,8,50
57,4,41
56,6,43
51,4,42
51,0,36
54,2,39
59,7,43
54,6,45
49,11,62
61,11,54
49,8,58
57,7,47
53,6,44
58,13,59
59,11,54
54,9,51
54,7,58
51,7,49
49,3,47
58,8,44
49,7,56
54,10,61
56,11,62
52,6,52
61,1,36
49,10,60
51,3,44
49,4,53
50,5,47
50,7,51
52,7,52
58,12,62
49,0,38
61,13,61
63,14,61
51,3,43
54,6,55
63,12,51
49,10,63
52,2,37
51,7,50
61,14,61
51,6,49
62,7,41
55,6,43
57,9,52
53,9,52
62,12,50
53,2,39
62,13,58
56,11,60
50,10,60
53,5,56
56,4,40
60,6,40
56,9,60
49,7,58
60,11,63
63,14,60
50,4,45
58,10,54
62,13,53
61,8,45
62,14,57
53,2,36
60,14,62
56,8,58
61,11,48
50,0,36
51,4,47
57,1,36
50,5,54
54,5,44
53,7,46
58,3,39
59,11,61
59,1,36
57,10,51
53,9,50
49,2,45
62,13,59
62,9,43
60,11,52
52,4,46
51,3,40
56,10,53
57,10,60
63,13,59
50,9,60
56,9,56
51,6,51
62,3,38
61,15,63
58,6,41
53,6,53
63,2,36
51,5,53
54,7,49
54,0,34
54,9,61
51,2,39
61,12,57
52,5,41
50,5,51
60,13,60
53,7,57
51,5,48
62,12,57
49,2,43
49,1,40
50,3,45
58,11,60
56,8,52
55,8,54
56,10,58
57,10,52
60,7,43
59,11,53
53,7,56
49,10,62
54,7,48
51,5,56
58,10,62
61,13,60
56,2,38
61,7,43
62,10,48
56,5,42
56,1,39
56,8,43
54,6,47
60,11,50
51,5,51
57,6,44
59,1,38
51,4,49
52,1,39
62,13,52
63,4,39
52,4,45
53,7,48
57,9,54
52,5,53
49,2,42
63,9,45
55,3,39
59,11,55
54,8,48
58,9,50
62,8,43
57,5,42
56,9,57
57,10,57
53,3,40
62,0,35
60,12,52
62,13,54
54,4,43
59,3,39
54,3,39
51,5,50
52,9,58
60,8,44
59,11,51
50,2,42
61,10,46
55,7,59
50,10,63
63,14,52
50,6,47
60,11,62
63,13,52
53,9,48
52,6,46
60,15,63
58,11,61
50,6,50
62,1,35
53,4,39
63,14,58
51,12,62
52,5,51
55,10,62
57,2,38
51,2,40
60,11,53
55,13,63
50,1,37
54,10,62
57,1,38
56,1,37
53,8,50
62,2,38
53,10,60
55,7,55
60,2,39
61,12,54
60,12,59
63,7,40
54,8,53
53,10,62
56,7,46
56,6,45
54,10,63
56,3,39
54,7,55
56,10,52
54,6,48
49,4,50
52,5,43
53,6,47
51,5,52
63,6,40
57,3,40
54,6,49
49,4,54
55,7,56
50,4,49
53,12,63
54,7,56
60,3,39
52,5,52
52,7,50
63,15,59
59,11,60
62,13,62
62,5,41
51,10,62
51,4,51
62,15,60
51,4,41
55,7,58
58,2,38
59,12,51
50,12,62
52,7,46
53,2,38
57,7,44
57,11,63
56,1,36
52,5,50
52,7,58
53,7,58
52,5,55
50,13,62
54,2,36
59,1,37
58,10,63
62,15,61
58,11,52
56,10,60
61,2,39
55,8,48
53,1,38
49,5,54
49,3,46
60,10,52
58,9,52
62,2,37
49,0,36
62,11,49
53,4,44
51,4,44
56,5,41
59,9,49
59,7,45
61,2,38
53,4,43
62,9,45
59,8,43
52,4,44
56,8,47
50,6,48
54,9,57
53,8,51
52,0,34
53,7,47
63,6,41
63,8,42
62,5,40
50,9,61
60,13,62
50,3,46
57,6,42
59,5,42
49,3,51
55,6,45
60,11,61
53,4,42
54,8,51
56,7,49
54,12,62
59,0,36
54,4,41
50,1,40
61,7,42
56,8,53
56,7,47
58,2,39
62,9,46
49,7,55
56,10,63
63,14,62
50,2,40
49,6,55
57,10,61
60,11,49
57,9,51
55,9,61
61,15,60
56,9,58
49,1,37
58,12,57
53,9,51
62,11,50
62,15,59
57,11,58
57,9,58
59,12,50
52,8,51
54,9,48
62,13,56
59,7,44
61,8,44
58,11,53
52,8,50
55,8,49
52,5,56
54,7,54
60,0,36
53,7,52
53,9,61
53,6,56
49,3,45
55,11,62
50,5,48
63,15,60
62,16,61
54,6,46
60,12,54
63,13,56
49,4,52
55,9,50
60,12,50
55,8,53
49,4,44
52,8,59
60,7,42
51,4,45
58,11,59
61,6,41
63,12,53
55,6,47
53,5,47
58,0,36
52,5,46
49,3,49
50,1,39
61,2,37
60,9,46
55,0,36
50,8,58
62,13,60
56,4,39
61,12,58
63,5,41
60,11,58
58,11,57
60,11,59
62,13,51
50,2,41
53,10,61
59,9,46
54,7,53
57,9,53
51,11,62
57,11,53
52,6,45
51,4,53
55,7,52
60,5,41
55,1,37
60,9,48
57,10,55
63,2,38
54,7,57
54,6,57
52,4,40
53,6,46
53,6,55
61,9,45
53,6,51
52,6,56
53,11,63
56,9,50
54,1,37
51,7,47
60,12,53
55,9,60
55,7,49
62,12,53
59,6,43
58,10,56
58,13,60
50,1,36
54,2,37
51,1,39
49,5,51
57,0,36
63,7,42
54,5,42
56,1,38
61,5,41
56,8,49
