15,23,44
12,23,45
15,23,43
14,23,44
13,23,45
24,23,3
24,23,4
24,23,5
24,22,6
24,23,6
24,22,7
24,23,7
24,22,8
24,23,8
24,23,9
24,23,10
24,23,11
24,23,12
24,23,13
24,23,14
24,23,15
24,23,16
24,23,17
24,23,18
24,23,19
24,23,20
24,23,21
24,23,22
24,23,23
24,23,24
24,23,25
24,23,26
24,23,27
24,23,28
24,23,29
24,23,30
24,23,31
24,23,32
24,23,34
24,23,35
23,23,4
23,23,5
23,22,6
23,23,6
23,22,7
23,23,7
23,22,8
23,23,8
23,22,9
23,23,9
23,23,10
23,23,11
23,23,12
23,23,13
23,23,14
23,23,15
23,23,16
23,23,17
23,23,18
23,23,19
23,23,20
23,23,21
23,23,22
23,23,23
23,23,24
23,23,25
23,23,26
23,23,27
23,23,28
23,23,29
23,23,30
23,23,31
23,23,32
23,23,33
23,23,34
23,23,35
14,23,43
13,23,44
11,23,45
10,23,45
8,23,30
7,23,30
6,23,30
25,23,3
25,23,4
25,22,5
25,23,5
25,22,6
25,23,6
25,22,7
25,23,7
25,23,8
25,23,9
25,23,10
25,23,11
25,23,12
25,23,13
25,23,14
25,23,15
25,23,16
25,23,17
25,23,18
25,23,19
25,23,20
25,23,21
25,23,22
25,23,23
25,23,24
25,23,25
25,23,26
25,23,27
25,23,29
25,23,30
25,23,35
26,23,2
26,23,3
26,23,4
26,22,5
26,23,5
26,22,6
26,23,6
26,23,7
26,23,8
26,23,9
26,23,10
26,23,11
26,23,12
26,23,13
26,23,14
26,23,15
26,23,16
26,23,17
26,23,18
26,23,19
26,23,20
26,23,21
26,23,22
26,23,23
26,23,24
26,23,25
26,23,26
26,23,30
27,23,2
27,23,3
27,23,4
27,22,5
27,23,5
27,22,6
27,23,6
27,23,7
27,23,8
27,23,9
27,23,10
27,23,11
27,23,12
27,23,13
27,23,14
27,23,15
27,23,16
27,23,17
27,23,18
27,23,19
27,23,20
27,23,21
27,23,22
27,23,23
27,23,24
27,23,25
28,23,1
28,23,2
28,23,3
28,22,4
28,23,4
28,22,5
28,23,5
28,23,6
28,23,7
28,23,8
28,23,9
28,23,10
28,23,11
28,23,12
28,23,13
28,23,14
28,23,15
28,23,16
28,23,17
28,23,18
28,23,19
28,23,22
28,23,23
29,23,1
29,23,2
29,23,3
29,22,4
29,23,4
29,22,5
29,23,5
29,23,6
29,23,7
29,23,8
29,23,9
29,23,10
29,23,11
29,23,12
29,23,13
29,23,14
29,23,15
29,23,17
29,23,18
29,23,19
30,23,1
30,23,2
30,23,3
30,22,4
30,23,4
30,23,5
30,23,6
30,23,7
30,23,8
30,23,9
30,23,10
30,23,11
30,23,12
30,23,13
30,23,14
31,23,0
31,23,1
31,23,2
31,23,3
31,23,4
31,23,5
31,23,6
31,23,7
31,23,8
31,23,9
31,23,10
31,23,11
31,23,12
32,23,0
32,23,1
32,23,2
32,23,3
32,23,4
32,23,5
32,23,6
32,23,7
32,23,8
32,23,9
32,23,10
32,23,11
32,23,12
33,23,0
33,23,1
33,23,2
33,23,3
33,23,4
33,23,5
33,23,6
33,23,7
33,23,8
33,23,9
33,23,10
33,23,11
34,23,0
34,23,1
34,23,2
34,23,3
34,23,4
34,23,5
34,23,8
34,23,9
34,23,10
35,23,0
35,23,1
35,23,2
35,23,3
35,23,4
35,23,9
35,23,10
36,23,0
36,23,2
36,23,3
37,23,0
38,23,0
39,23,0
39,23,1
40,23,0
40,23,1
41,23,0
41,23,1
42,23,0
22,23,4
22,23,5
22,22,6
22,23,6
22,22,7
22,23,7
22,22,8
22,23,8
22,22,9
22,23,9
22,22,10
22,23,10
22,23,11
22,23,12
22,23,13
22,23,14
22,23,15
22,23,16
22,23,17
22,23,18
22,23,19
22,23,20
22,23,21
22,23,22
22,23,23
22,23,24
22,23,25
22,23,26
22,23,27
22,23,28
22,23,29
22,23,30
22,23,31
22,23,32
22,23,33
22,23,34
22,23,35
22,23,36
21,23,5
21,23,6
21,22,7
21,23,7
21,22,8
21,23,8
21,22,9
21,23,9
21,22,10
21,23,10
21,23,11
21,22,12
21,23,12
21,22,13
21,23,13
21,23,14
21,23,15
21,23,16
21,23,17
21,23,18
21,23,19
21,23,20
21,23,21
21,23,22
21,23,23
21,23,24
21,23,25
21,23,26
21,23,27
21,23,28
21,23,29
21,23,30
21,23,31
21,23,32
21,23,33
21,23,34
21,23,35
20,23,6
20,22,7
20,23,7
20,22,8
20,23,8
20,22,9
20,23,9
20,22,10
20,23,10
20,22,11
20,23,11
20,22,12
20,23,12
20,22,13
20,23,13
20,22,14
20,23,14
20,23,15
20,23,16
20,23,17
20,23,18
20,23,19
20,23,20
20,23,21
20,23,22
20,23,23
20,23,24
20,23,25
20,23,26
20,23,27
20,23,28
20,23,29
20,23,30
20,23,31
20,23,32
20,23,33
19,23,6
19,22,7
19,23,7
19,22,8
19,22,9
19,23,9
19,22,10
19,23,10
19,22,11
19,23,11
19,22,12
19,23,12
19,22,13
19,23,13
19,22,14
19,23,14
19,22,15
19,23,15
19,23,16
19,23,17
19,23,18
19,23,19
19,23,20
19,23,21
19,23,22
19,23,23
19,23,24
19,23,25
19,23,26
19,23,27
19,23,28
19,23,29
19,23,30
19,23,31
19,23,32
18,23,6
18,22,7
18,23,7
18,22,8
18,22,9
18,23,9
18,22,10
18,23,10
18,22,11
18,23,11
18,22,12
18,23,12
18,22,13
18,23,13
18,22,14
18,23,14
18,23,15
18,23,16
18,23,17
18,23,18
18,23,19
18,23,20
18,23,21
18,23,22
18,23,23
18,23,24
18,23,25
18,23,26
18,23,27
18,23,28
18,23,29
18,23,30
18,23,31
18,23,32
17,23,6
17,22,7
17,23,7
17,22,8
17,23,8
17,22,9
17,22,10
17,23,10
17,22,11
17,23,11
17,22,12
17,23,12
17,22,13
17,23,13
17,22,14
17,23,14
17,22,15
17,23,15
17,22,16
17,23,16
17,23,17
17,23,18
17,23,19
17,23,20
17,23,21
17,23,22
17,23,23
17,23,24
17,23,25
17,23,26
17,23,27
17,23,28
17,23,29
17,23,30
17,23,31
17,23,32
17,23,33
16,23,6
16,22,7
16,23,7
16,22,8
16,23,8
16,22,9
16,23,9
16,22,10
16,23,10
16,22,11
16,23,11
16,22,12
16,23,12
16,22,13
16,23,13
16,22,14
16,23,14
16,22,15
16,23,15
16,22,16
16,23,16
16,22,17
16,23,17
16,23,18
16,23,19
16,23,20
16,23,21
16,23,22
16,23,23
16,23,24
16,23,25
16,23,26
16,23,27
16,23,28
16,23,29
16,23,30
16,23,31
16,23,32
16,23,33
15,23,6
15,23,7
15,22,8
15,23,8
15,22,9
15,23,9
15,22,10
15,23,10
15,22,11
15,23,11
15,22,12
15,22,13
15,23,13
15,22,14
15,23,14
15,22,15
15,23,15
15,22,16
15,23,16
15,22,17
15,23,17
15,22,18
15,23,18
15,22,19
15,23,19
15,22,20
15,23,20
15,23,21
15,23,22
15,23,23
15,23,24
15,22,25
15,23,25
15,22,26
15,23,26
15,23,27
15,23,28
15,23,29
15,23,30
15,23,31
15,23,32
15,23,33
14,23,7
14,23,8
14,22,9
14,23,9
14,22,10
14,23,10
14,22,11
14,23,11
14,22,12
14,23,12
14,22,13
14,22,14
14,23,14
14,22,15
14,23,15
14,22,16
14,22,17
14,22,18
14,23,18
14,22,19
14,23,19
14,22,20
14,23,20
14,22,21
14,23,21
14,22,22
14,23,22
14,22,23
14,23,23
14,23,24
14,22,25
14,23,25
14,22,26
14,23,26
14,23,27
14,23,28
14,23,29
14,23,30
14,23,31
14,23,32
14,23,33
13,23,43
12,23,44
13,23,7
13,23,8
13,22,9
13,23,9
13,22,10
13,23,10
13,22,11
13,23,11
13,21,12
13,22,12
13,23,12
13,21,13
13,22,13
13,23,13
13,22,14
13,23,14
13,22,15
13,23,15
13,22,16
13,22,17
13,22,18
13,23,18
13,22,19
13,23,19
13,22,20
13,23,20
13,22,21
13,23,21
13,22,22
13,23,22
13,22,23
13,22,24
13,23,24
13,22,25
13,22,26
13,23,26
13,23,27
13,23,28
13,23,29
13,23,30
12,23,7
12,23,8
12,22,9
12,23,9
12,22,10
12,23,10
12,22,11
12,23,11
12,21,12
12,22,12
12,23,12
12,21,13
12,22,13
12,23,13
12,22,14
12,23,14
12,22,15
12,23,15
12,22,16
12,22,17
12,22,18
12,23,18
12,22,19
12,23,19
12,22,20
12,23,20
12,22,21
12,23,21
12,22,22
12,23,22
12,22,23
12,22,24
12,22,25
12,22,26
12,22,27
12,23,27
12,23,28
12,23,29
11,23,44
11,23,7
11,23,8
11,22,9
11,23,9
11,22,10
11,22,11
11,23,11
11,21,12
11,22,12
11,23,12
11,21,13
11,22,13
11,23,13
11,22,14
11,23,14
11,22,15
11,22,16
11,23,16
11,22,17
11,22,18
11,22,19
11,23,19
11,22,20
11,22,21
11,23,21
11,22,22
11,22,23
11,22,24
11,22,25
11,22,26
11,22,27
11,23,27
11,23,28
11,23,29
11,23,30
10,23,44
10,23,8
10,23,9
10,22,10
10,23,10
10,22,11
10,21,12
10,22,12
10,21,13
10,22,13
10,23,13
10,22,14
10,23,14
10,22,15
10,23,15
10,22,16
10,22,17
10,23,17
10,22,18
10,22,19
10,22,20
10,22,21
10,22,22
10,22,23
10,22,24
10,22,25
10,22,26
10,22,27
10,23,27
10,23,28
10,23,29
10,23,30
9,23,8
9,23,9
9,22,10
9,23,10
9,21,11
9,22,11
9,21,12
9,22,12
9,21,13
9,22,13
9,23,13
9,22,14
9,23,14
9,22,15
9,23,15
9,22,16
9,23,16
9,22,17
9,23,17
9,22,18
9,22,19
9,22,20
9,22,21
9,22,22
9,22,23
9,22,24
9,22,25
9,22,26
9,22,27
9,23,27
9,23,28
9,23,29
9,23,30
8,23,9
8,22,10
8,23,10
8,22,11
8,23,11
8,21,12
8,22,12
8,21,13
8,22,13
8,23,13
8,21,14
8,22,14
8,23,14
8,22,15
8,23,15
8,22,16
8,23,16
8,22,17
8,23,17
8,22,18
8,23,18
8,22,19
8,22,20
8,22,21
8,22,22
8,22,23
8,22,24
8,22,25
8,22,26
8,22,27
8,23,27
8,23,28
8,23,29
7,23,9
7,23,10
7,22,11
7,23,11
7,21,12
7,22,12
7,21,13
7,21,14
7,22,14
7,23,14
7,22,15
7,23,15
7,22,16
7,22,17
7,22,18
7,22,19
7,22,20
7,22,21
7,22,22
7,22,23
7,22,24
7,22,25
7,22,26
7,22,27
7,23,27
7,23,28
7,23,29
6,23,29
5,23,30
5,23,31
5,23,29
5,23,28
4,23,31
4,23,30
4,23,29
4,23,28
3,23,31
3,23,30
3,23,28
3,23,29
3,23,27
2,23,31
2,23,30
2,23,29
2,23,28
2,22,28
2,23,27
2,22,27
1,23,31
1,23,30
6,23,9
6,23,10
6,22,11
6,23,11
6,21,12
6,22,12
6,21,13
6,21,14
6,22,14
6,23,14
6,21,15
6,22,15
6,23,15
6,21,16
6,22,16
6,23,16
6,22,17
6,22,18
6,22,19
6,22,20
6,22,21
6,22,22
6,22,23
6,22,24
6,22,25
6,22,26
6,22,27
6,23,27
6,23,28
5,23,10
5,22,11
5,23,11
5,21,12
5,22,12
5,21,13
5,21,14
5,21,15
5,22,15
5,23,15
5,21,16
5,22,16
5,23,16
5,22,17
5,23,17
5,22,18
5,23,18
5,22,19
5,22,20
5,22,21
5,23,21
5,22,22
5,22,23
5,22,24
5,22,25
5,22,26
5,22,27
5,23,27
4,23,10
4,22,11
4,23,11
4,22,12
4,23,12
4,21,13
4,22,13
4,21,14
4,22,14
4,21,15
4,22,15
4,21,16
4,22,16
4,23,16
4,21,17
4,22,17
4,21,18
4,22,18
4,21,19
4,22,19
4,22,20
4,22,21
4,23,21
4,22,22
4,22,23
4,22,24
4,22,25
4,22,26
4,22,27
4,23,27
3,23,11
3,22,12
3,23,12
3,22,13
3,21,14
3,22,14
3,21,15
3,22,15
3,21,16
3,22,16
3,21,17
3,22,17
3,21,18
3,22,18
3,22,19
3,22,20
3,22,21
3,22,22
3,22,23
3,22,24
3,22,25
3,22,26
3,22,27
2,23,11
2,22,12
2,23,12
2,22,13
2,23,13
2,21,14
2,22,14
2,23,14
2,21,15
2,22,15
2,23,15
2,21,16
2,22,16
2,23,16
2,21,17
2,22,17
2,21,18
2,22,18
2,21,19
2,22,19
2,22,20
2,22,21
2,22,22
2,22,23
2,22,24
2,22,25
2,22,26
1,23,29
1,23,28
1,22,27
1,22,28
1,22,26
1,22,25
1,22,24
0,23,31
0,23,32
0,23,30
0,23,29
0,23,28
0,22,27
0,22,28
0,22,26
0,22,25
0,22,24
0,23,22
0,22,23
0,23,11
0,23,12
0,22,13
0,23,13
0,21,14
0,22,14
0,23,14
0,21,15
0,22,15
0,21,16
0,22,16
0,21,17
0,22,17
0,21,18
0,22,18
0,22,19
0,22,20
0,22,21
0,23,21
0,22,22
1,23,11
1,22,12
1,23,12
1,22,13
1,23,13
1,21,14
1,22,14
1,23,14
1,21,15
1,22,15
1,23,15
1,21,16
1,22,16
1,23,16
1,21,17
1,22,17
1,21,18
1,22,18
1,21,19
1,22,19
1,22,20
1,22,21
1,22,22
1,23,22
1,22,23
