54,22,53
0,18,36
2,20,46
30,23,43
50,18,44
42,18,26
32,22,57
56,13,22
17,21,7
55,19,40
46,16,31
5,23,51
54,22,52
63,15,19
61,11,0
9,21,23
62,19,31
58,15,21
50,22,61
47,16,38
22,23,3
50,17,11
32,22,35
17,22,7
15,21,7
34,23,22
40,20,20
63,11,3
0,17,13
55,15,2
60,18,30
46,20,2
0,17,27
31,23,47
40,21,19
15,22,6
6,23,48
12,19,0
45,17,45
2,12,2
56,13,9
31,23,52
47,19,48
63,14,18
42,19,27
7,20,19
60,11,14
62,12,9
31,22,60
37,20,56
50,14,23
16,22,7
3,16,4
0,14,4
63,9,3
60,11,12
50,22,57
39,23,10
6,14,3
51,14,18
62,13,16
3,20,35
6,20,29
36,22,25
48,18,9
8,21,24
47,15,35
44,21,0
58,13,16
50,18,5
62,11,8
14,23,24
62,17,27
9,18,10
48,15,29
5,21,36
50,19,48
9,23,36
5,18,17
51,23,61
38,21,25
62,20,35
50,22,56
53,20,44
44,17,46
62,11,12
9,23,38
35,21,38
59,12,2
11,23,38
1,16,6
42,20,61
3,21,47
44,20,7
4,23,48
4,22,51
60,22,43
14,19,5
11,19,11
43,17,50
41,18,45
49,15,24
9,20,20
62,17,26
9,16,3
35,23,16
50,20,47
3,22,46
62,10,0
51,22,59
36,22,24
51,14,19
43,16,38
58,13,20
10,18,2
4,22,42
33,21,56
37,21,31
6,21,29
58,13,10
11,19,1
10,21,14
18,22,2
54,18,37
40,18,31
38,20,27
45,18,24
39,19,29
9,20,14
8,23,46
5,20,22
57,13,4
49,16,13
17,21,5
55,16,30
13,18,1
0,17,25
39,20,51
63,22,43
63,10,11
54,13,25
2,20,33
15,21,4
53,22,58
38,23,17
8,22,41
9,18,11
5,22,38
52,22,52
47,21,56
47,20,51
39,21,25
60,12,4
32,22,46
2,20,35
1,14,3
3,22,50
54,15,28
55,14,12
1,16,9
59,21,41
45,20,9
5,21,41
35,20,56
3,15,4
3,19,21
54,20,44
5,19,21
41,19,41
40,20,23
49,17,37
40,23,5
56,21,46
7,18,15
49,15,29
61,19,33
54,22,55
0,18,35
47,20,0
50,16,12
5,20,29
54,15,9
53,16,1
8,19,16
45,18,48
33,23,32
33,22,38
52,15,30
41,19,27
50,17,9
36,23,11
61,15,21
63,10,7
5,20,34
37,19,57
52,15,13
0,17,29
44,18,24
39,18,55
59,17,32
46,18,10
11,20,12
1,15,11
47,17,38
4,17,11
40,23,11
6,17,12
18,23,10
47,17,25
52,14,29
53,15,13
33,22,36
36,23,16
57,13,18
48,19,0
43,22,1
47,16,21
61,11,6
44,19,54
51,17,1
61,20,39
50,15,31
6,17,3
54,23,57
1,15,4
2,12,3
50,17,4
39,21,18
3,21,44
63,11,6
40,18,52
46,18,12
4,14,5
30,23,60
6,21,32
59,19,38
50,21,57
38,20,47
54,21,48
51,17,2
48,19,1
57,12,13
34,22,42
45,20,59
42,21,7
62,14,20
44,18,22
50,16,18
0,15,13
57,18,37
1,11,0
0,13,5
5,16,8
3,15,7
61,23,45
32,23,41
13,21,10
6,23,53
57,13,2
61,16,24
0,13,1
4,14,6
55,15,6
41,19,58
42,20,60
2,13,6
40,18,44
45,20,6
52,14,20
56,20,42
34,22,45
32,23,53
32,22,49
37,22,19
60,18,33
49,14,28
43,21,14
59,12,11
37,22,24
50,18,40
12,21,12
40,23,4
6,22,38
21,23,5
3,20,34
7,17,6
41,21,18
41,19,48
49,18,1
35,22,28
59,16,27
51,18,38
37,19,56
16,21,7
50,16,19
3,20,31
60,20,36
59,12,1
40,23,7
0,17,20
62,21,36
48,18,14
8,20,11
5,18,9
49,22,58
10,20,10
46,16,35
32,23,59
5,23,57
53,20,49
7,16,5
57,20,41
46,18,29
36,21,62
16,22,10
2,12,1
4,13,1
58,14,22
31,23,61
0,16,17
51,19,48
8,22,38
61,12,0
0,23,51
11,21,12
5,22,40
57,13,6
47,22,63
31,22,62
61,17,25
58,14,1
3,19,33
43,22,3
54,20,43
53,14,25
59,20,41
1,17,11
51,14,20
41,18,33
7,21,29
49,15,21
32,22,38
34,21,35
7,22,40
63,11,11
3,17,15
11,18,4
37,21,27
45,20,7
44,20,60
40,18,56
35,22,34
45,19,13
3,19,23
8,16,4
61,23,50
54,21,50
59,21,43
4,15,8
55,21,48
47,20,1
44,17,36
45,15,34
35,22,24
6,22,42
33,23,30
4,20,27
53,16,30
40,18,40
46,21,58
37,23,9
39,19,38
38,19,58
42,19,58
43,20,60
49,17,39
4,15,3
2,16,12
36,22,21
0,19,40
8,19,13
40,19,28
14,20,6
62,22,43
38,23,10
5,23,45
38,20,48
2,16,13
63,11,7
3,19,25
42,20,63
46,19,55
51,16,36
48,17,15
39,23,6
7,23,45
8,17,6
40,20,28
42,20,15
55,23,53
11,19,7
33,22,55
13,22,22
4,21,38
7,17,1
1,14,6
57,21,43
53,21,51
50,15,30
11,22,28
46,15,30
10,20,17
4,21,43
43,18,30
1,19,26
56,13,11
35,21,32
47,20,56
0,18,24
54,20,45
12,22,24
34,23,26
6,20,28
52,15,11
8,22,37
42,18,48
1,18,11
16,21,3
45,21,6
0,17,35
8,18,7
2,23,55
6,20,27
1,18,31
7,18,13
41,23,2
9,22,32
54,18,36
53,19,40
37,21,45
45,21,63
49,17,38
50,20,53
51,16,31
41,19,30
63,18,27
14,20,1
54,13,19
8,23,36
47,17,37
8,16,0
39,18,52
57,18,33
60,13,15
39,20,61
43,18,55
54,15,30
13,21,16
32,23,35
33,22,51
6,18,17
48,17,11
57,14,25
57,17,33
59,18,33
0,12,1
33,22,39
8,16,1
0,19,35
6,21,35
4,18,18
10,22,26
5,15,3
57,19,41
60,16,24
45,18,20
11,22,20
45,16,28
62,16,25
55,18,34
52,14,19
8,23,45
60,12,13
40,20,63
4,15,6
61,14,17
49,16,20
8,16,2
55,13,17
2,23,51
2,15,4
31,23,31
57,12,14
57,22,51
63,20,34
14,19,2
15,19,0
53,23,60
58,14,20
47,16,39
51,22,55
48,16,24
54,14,15
43,20,11
44,21,62
16,20,2
34,21,48
6,21,33
38,19,38
55,16,28
11,18,0
49,16,34
62,10,3
54,14,24
39,19,45
33,22,47
41,19,35
51,23,60
51,17,35
54,14,14
46,19,12
10,18,6
40,19,50
36,20,34
15,20,1
45,16,41
39,23,7
0,17,19
35,22,61
33,22,48
42,21,15
59,19,37
39,20,30
6,22,43
52,15,9
39,22,16
2,21,48
49,18,0
5,17,7
3,14,7
43,17,42
45,17,27
61,20,36
32,22,60
33,21,51
35,20,48
7,23,43
5,22,43
38,19,46
45,18,14
51,21,55
0,17,23
63,19,34
1,19,39
56,20,44
44,17,35
44,20,6
38,20,46
43,20,59
47,17,44
14,20,7
20,22,1
4,19,22
6,20,20
40,19,27
53,16,3
37,20,60
45,19,25
39,23,9
55,14,27
36,21,30
14,22,15
0,18,11
50,15,15
10,22,28
59,19,39
38,21,18
0,14,8
41,18,34
41,19,31
52,23,57
14,22,19
3,17,11
53,15,11
35,23,19
36,23,14
33,22,41
63,23,48
46,18,18
59,16,25
63,17,27
32,23,44
33,21,53
40,18,57
46,20,5
59,23,50
43,19,21
50,21,51
60,13,2
40,19,45
34,21,49
46,18,17
8,18,8
36,21,63
55,15,25
57,14,3
58,15,22
63,11,12
43,20,62
41,20,18
53,17,32
43,23,2
31,23,51
62,23,46
13,20,6
4,22,44
1,16,12
41,20,26
46,17,30
36,21,59
43,18,24
48,18,17
50,15,22
9,21,20
5,18,15
63,9,8
55,23,56
47,19,53
54,20,46
62,19,30
38,20,42
17,21,4
59,14,17
50,15,27
42,17,37
49,14,30
50,14,25
6,22,37
35,23,23
49,16,35
50,16,33
56,20,45
42,20,62
2,19,33
2,21,46
51,19,43
8,22,28
59,17,30
49,22,60
10,23,32
6,23,51
33,23,34
53,22,52
41,23,7
43,19,25
62,19,35
15,22,9
61,21,38
41,17,49
56,20,40
40,18,53
45,17,29
18,22,7
50,18,4
53,13,19
53,14,28
63,9,10
57,14,10
60,15,18
19,23,10
3,20,37
57,21,44
1,19,34
14,21,14
33,22,57
59,12,16
5,23,54
40,19,29
63,22,36
47,21,62
57,23,53
56,20,43
32,22,63
7,19,20
44,17,25
12,23,31
48,15,32
60,19,37
59,19,36
62,21,41
4,15,7
62,12,13
10,23,34
2,21,49
54,20,48
5,23,47
49,18,6
43,21,9
45,18,21
37,20,32
7,19,14
59,20,38
63,11,10
57,16,26
58,17,33
7,22,26
53,19,43
38,20,35
5,18,19
3,18,23
55,18,35
32,22,39
22,23,1
0,14,11
9,17,2
40,19,58
42,18,37
58,20,38
41,19,50
52,16,32
55,15,30
0,19,33
42,23,1
9,21,29
55,23,58
1,19,41
50,16,35
63,20,35
48,18,42
36,22,27
41,19,63
5,15,5
41,18,42
61,16,27
33,22,53
52,17,36
58,14,21
63,22,44
36,21,53
50,18,6
62,23,49
43,22,4
12,19,10
59,11,11
12,20,10
40,23,6
11,21,14
40,18,48
6,23,44
55,14,24
4,16,10
32,23,32
7,22,41
57,12,16
50,22,60
5,19,24
38,20,33
62,10,6
60,22,47
17,23,16
49,21,54
34,21,59
50,17,12
43,18,52
53,18,38
8,21,19
42,21,14
51,21,54
37,19,52
34,22,62
45,16,40
48,22,63
47,16,24
47,17,40
45,16,38
48,15,28
9,22,31
61,20,35
54,13,16
51,15,22
10,17,2
55,13,14
56,13,20
61,10,11
2,21,41
7,17,0
4,14,4
11,22,30
4,20,38
40,20,22
19,23,8
32,23,34
55,20,47
5,18,18
62,12,12
17,20,0
10,22,24
31,22,50
1,16,13
41,18,38
34,22,34
53,14,29
45,21,2
32,22,40
4,21,41
57,21,46
20,23,7
9,16,2
49,18,44
56,22,50
5,22,47
45,20,3
61,20,40
52,18,40
3,14,0
50,15,21
42,22,5
54,23,56
44,17,44
11,21,20
40,19,38
12,19,4
10,19,13
4,22,52
39,19,54
6,22,41
36,20,47
15,23,20
35,20,52
60,21,43
48,18,47
33,23,59
61,13,17
59,23,47
62,19,33
60,21,40
43,22,7
49,23,61
37,23,13
53,15,30
48,15,27
0,19,25
3,19,24
62,14,18
32,22,54
1,23,50
44,20,11
60,20,41
32,22,44
51,19,42
42,19,23
9,20,17
2,13,3
40,18,49
48,15,24
1,22,48
56,23,53
46,21,62
61,12,10
40,18,32
4,18,9
0,14,5
39,22,20
13,17,0
55,14,4
63,12,12
44,18,50
58,19,38
7,17,4
59,18,34
48,19,6
6,23,45
31,23,49
37,21,23
5,22,51
53,13,24
43,19,19
54,15,5
52,17,2
58,21,46
60,22,48
36,23,13
15,23,15
3,14,3
1,12,4
35,21,34
46,19,52
2,19,26
44,19,25
36,20,51
54,15,4
42,19,60
12,20,9
46,21,60
38,19,33
42,22,1
48,19,49
1,19,38
13,21,12
48,20,53
56,14,6
38,21,22
45,20,5
52,18,42
53,16,7
1,21,48
34,21,56
53,20,48
32,22,53
3,20,32
50,22,59
59,23,48
0,18,17
58,13,8
41,22,10
50,21,58
44,19,13
3,17,18
47,19,7
4,18,20
7,21,26
43,19,56
7,17,5
60,11,11
39,22,18
33,22,31
0,16,20
43,19,15
60,21,42
62,10,2
47,19,6
12,23,23
49,18,9
1,19,36
59,12,13
51,17,36
40,19,61
10,21,22
47,16,23
42,20,19
1,18,24
58,22,50
16,21,5
47,17,42
2,18,21
61,10,7
12,23,35
6,22,40
55,13,11
36,20,56
52,22,56
56,13,18
50,19,47
0,22,48
45,18,18
33,22,34
20,21,0
61,22,45
2,21,42
50,22,58
49,15,27
5,15,2
7,22,34
62,18,29
63,15,21
42,17,46
40,19,43
56,13,8
49,22,63
46,19,3
45,17,33
54,15,2
9,21,21
6,18,4
60,16,25
50,17,41
48,17,42
3,17,19
38,20,30
1,12,1
13,19,5
42,19,18
57,23,56
54,17,33
55,19,39
15,22,13
47,17,21
8,18,11
52,14,15
55,15,26
31,23,63
0,16,16
2,17,16
63,18,30
46,20,58
35,22,23
39,18,51
53,14,11
31,22,58
0,20,39
47,20,4
41,20,60
4,22,45
41,22,3
63,9,5
4,19,26
57,15,25
52,16,3
36,20,41
15,20,6
60,22,46
7,16,6
6,21,36
36,21,29
59,20,42
41,22,2
41,20,63
9,23,41
33,23,36
37,20,37
0,11,1
16,22,12
9,19,16
17,22,6
30,23,63
43,19,54
11,21,15
2,20,44
54,16,4
40,19,33
57,14,24
44,19,18
59,14,20
62,12,14
58,18,36
47,18,16
61,16,25
45,20,0
60,19,36
58,12,17
42,18,39
59,15,25
62,21,42
47,16,18
45,21,9
33,22,33
10,18,8
51,21,56
15,23,21
62,21,40
43,17,38
41,18,51
11,23,34
57,23,55
3,21,39
3,18,22
50,17,1
8,23,37
63,10,2
2,20,37
11,22,17
45,19,11
49,18,43
8,21,22
58,13,18
8,20,23
11,20,9
63,13,16
62,20,34
38,20,37
36,23,19
11,21,18
5,22,45
7,21,27
0,17,10
55,20,46
10,20,14
44,19,55
51,15,27
6,17,4
7,22,36
62,18,27
51,14,29
50,15,18
49,15,23
30,23,58
48,17,39
49,17,9
54,14,26
12,22,22
21,23,1
54,23,59
0,18,18
53,13,20
52,18,39
44,18,20
41,21,12
9,21,19
6,16,5
45,21,4
47,16,19
14,21,13
63,20,32
3,21,46
9,22,37
7,21,24
42,17,43
2,22,48
2,19,22
43,17,31
49,15,33
60,11,8
60,22,44
14,22,17
4,16,11
41,18,39
47,21,57
61,12,2
35,21,58
52,22,54
36,20,60
39,21,22
29,23,51
53,22,55
42,21,13
44,16,38
47,16,25
50,17,36
60,11,13
34,21,47
63,19,29
59,23,52
50,16,9
30,23,39
47,15,36
8,20,19
50,18,45
49,16,16
2,18,25
49,17,40
44,20,57
60,16,28
34,22,35
5,19,18
58,13,2
52,19,40
30,23,52
51,20,51
43,20,15
47,17,39
48,18,5
36,23,25
43,17,34
14,21,11
61,22,47
32,23,56
41,20,59
62,17,29
40,19,51
1,17,6
10,22,35
0,12,0
53,19,39
2,13,0
41,22,12
41,19,42
53,16,35
50,18,7
3,21,40
62,23,47
37,22,22
36,21,28
51,18,39
62,21,39
48,20,51
45,17,47
55,21,50
55,14,26
36,23,15
35,21,45
61,21,42
6,18,8
34,22,60
12,23,27
46,20,3
18,23,9
17,23,14
61,19,36
14,23,18
56,16,30
59,13,20
35,23,21
7,16,7
63,15,20
46,18,20
11,23,32
61,21,41
42,19,24
7,20,24
44,18,25
11,21,16
57,14,7
38,20,34
58,17,32
51,19,46
52,16,35
2,17,18
56,14,18
39,19,40
42,17,30
5,17,11
17,22,8
7,19,15
53,21,50
42,20,21
36,21,47
55,14,5
47,17,22
46,20,57
12,19,8
43,20,16
7,21,36
5,20,23
57,21,47
39,19,43
45,20,61
52,21,54
50,15,24
40,19,44
39,22,14
2,14,8
45,20,10
59,20,39
13,23,25
44,19,24
16,22,8
54,23,58
45,21,1
48,17,36
56,18,37
50,20,49
44,20,58
39,19,51
60,12,3
41,18,56
57,19,37
57,14,21
13,23,29
43,19,59
10,22,33
4,17,12
9,21,28
54,13,14
15,19,2
0,13,3
14,20,5
38,20,36
32,23,28
46,17,24
63,22,39
51,15,16
52,15,32
46,16,38
38,23,9
56,15,26
46,18,11
32,22,50
1,13,0
40,19,52
51,15,28
17,22,10
40,18,43
16,21,4
17,20,2
45,19,18
52,16,8
36,22,23
35,21,30
34,22,41
8,22,29
0,23,49
53,14,26
37,20,39
10,22,30
17,22,9
1,13,2
3,20,39
58,14,24
49,16,36
45,19,12
11,20,13
45,18,52
57,16,31
43,18,51
4,20,29
7,19,17
61,17,30
62,18,32
54,16,1
21,23,0
55,20,43
38,21,26
0,20,42
49,17,7
58,13,7
1,23,52
57,23,51
13,21,13
56,14,20
47,18,7
44,18,54
0,14,3
42,17,51
50,23,61
2,16,10
43,20,7
48,17,37
1,18,36
2,19,25
34,23,24
8,22,26
59,17,25
34,21,38
62,13,15
4,17,8
0,16,15
39,19,50
5,17,12
48,16,21
48,17,43
46,15,34
56,13,10
38,19,43
38,20,43
4,20,36
7,23,42
6,17,10
22,23,4
37,20,57
2,23,52
32,23,46
51,15,20
31,23,60
37,23,8
63,23,44
44,17,30
60,23,47
52,16,4
55,21,49
0,16,14
11,23,31
63,23,46
44,18,48
60,12,6
35,23,28
63,10,5
55,22,52
3,18,19
37,19,50
37,23,17
42,22,0
36,22,20
10,22,32
61,22,46
35,21,51
3,17,13
41,21,11
3,15,10
35,21,54
36,23,24
34,21,37
48,22,60
58,12,14
36,21,37
50,17,3
63,18,29
50,18,41
34,21,46
41,19,60
9,23,45
60,11,7
63,10,10
1,18,18
3,15,5
7,22,30
42,18,49
51,21,51
46,19,9
1,18,23
47,17,45
58,20,39
57,23,52
12,21,16
33,23,60
4,20,31
54,14,13
40,18,41
56,17,33
49,20,52
53,21,53
0,13,6
9,20,18
32,23,50
17,21,1
61,18,29
59,13,3
39,21,21
11,20,10
17,23,11
34,22,63
57,16,28
5,23,55
35,21,62
59,22,44
51,21,53
54,23,55
0,18,31
61,11,8
42,18,52
48,19,2
52,14,22
17,21,2
37,20,53
44,19,20
8,20,22
1,14,8
49,20,49
63,23,45
59,11,13
42,17,41
51,16,33
6,22,44
56,22,52
9,16,4
34,21,52
50,22,63
51,23,63
42,22,2
2,20,43
57,21,48
10,20,12
52,16,2
33,22,37
54,15,10
54,19,41
16,22,11
3,19,22
4,15,9
0,10,1
34,23,29
58,21,47
7,22,44
53,16,32
14,20,0
54,16,5
9,19,3
12,21,19
4,21,36
2,17,17
51,15,32
10,23,38
56,14,10
50,16,36
33,22,62
46,17,43
60,21,38
63,20,36
43,20,9
62,10,10
14,21,8
12,18,0
4,23,56
54,15,27
46,21,1
53,23,57
15,20,7
12,23,26
11,21,11
7,20,20
55,22,49
3,16,12
63,9,4
53,19,41
42,17,39
42,21,11
58,22,46
31,23,50
62,15,21
48,18,45
3,20,33
49,19,50
50,16,15
35,21,36
1,13,1
36,20,61
9,22,29
50,14,30
39,23,8
54,19,42
48,22,61
41,18,46
55,12,18
58,12,12
1,22,47
31,22,55
51,14,26
5,22,39
40,19,36
32,22,56
10,18,3
37,19,55
39,19,46
4,18,15
45,16,35
14,23,15
35,21,59
58,19,37
63,19,30
2,23,54
40,21,21
60,15,20
42,19,22
58,14,2
58,22,49
38,23,7
6,17,7
5,21,35
7,23,41
53,13,18
55,18,39
53,19,45
39,19,56
30,23,59
16,23,14
42,18,53
32,22,51
12,22,25
43,22,0
60,13,18
61,18,32
52,22,55
41,22,7
48,17,16
46,16,39
38,19,60
37,23,16
2,14,1
34,22,32
58,12,16
34,23,21
59,12,6
54,20,47
59,20,40
40,19,48
10,22,25
40,21,12
8,22,40
54,21,51
5,21,39
55,13,13
49,15,22
52,16,12
18,23,14
45,16,29
47,19,50
60,12,0
45,20,57
8,22,34
14,22,12
30,23,62
47,19,3
3,14,2
7,21,25
4,15,2
57,19,40
50,19,44
55,17,34
6,19,16
52,16,5
42,19,26
55,13,23
37,21,59
62,15,20
54,22,50
3,16,5
6,22,36
34,22,50
35,22,35
3,22,44
3,12,1
56,22,48
53,15,15
0,17,12
50,15,34
48,19,52
18,23,11
47,20,55
1,17,21
36,20,40
41,18,30
38,20,32
44,18,17
31,22,51
55,19,42
14,22,18
8,22,39
30,23,44
0,18,27
34,23,23
39,23,12
44,21,1
37,20,35
39,19,49
58,14,0
35,21,41
56,19,39
60,14,21
52,19,41
42,18,34
57,15,28
2,14,6
55,15,27
32,23,42
15,21,8
32,23,31
51,16,5
48,17,18
52,17,5
39,23,2
10,16,0
3,21,49
52,17,0
42,18,46
9,23,40
1,16,15
54,15,3
18,22,3
40,21,16
63,9,6
49,23,63
43,22,6
0,22,46
41,23,6
57,14,22
45,21,60
2,13,4
10,18,5
57,23,54
56,15,2
32,23,39
36,20,35
4,15,4
7,23,46
42,17,44
55,18,37
1,12,0
57,13,22
63,16,23
61,18,31
30,23,48
59,13,1
8,19,14
10,22,34
15,21,10
37,21,63
56,19,42
49,20,50
8,22,30
58,12,18
11,18,1
58,15,27
18,20,0
6,20,31
5,18,20
59,21,45
43,18,36
40,22,5
50,15,17
1,15,10
8,23,44
13,19,3
4,14,3
63,22,40
63,14,17
19,23,9
32,22,55
56,19,40
10,23,29
58,15,23
35,20,49
61,10,5
41,19,59
13,20,1
39,19,60
2,19,29
51,16,12
62,17,28
47,19,52
34,21,62
15,21,9
8,21,20
34,21,44
44,20,62
8,20,24
44,16,41
46,16,37
4,17,7
58,20,37
31,22,61
1,19,27
32,23,60
7,14,1
7,23,39
13,22,17
5,22,48
33,22,32
5,23,52
52,19,45
12,21,15
0,16,9
53,18,37
9,23,34
1,11,2
33,23,47
60,17,31
41,18,53
0,11,0
57,12,18
11,22,23
1,16,11
10,17,0
53,23,56
42,17,49
62,16,23
48,21,61
0,20,45
31,22,52
10,23,39
19,22,6
39,22,11
51,17,5
14,21,9
4,16,9
57,20,40
44,17,38
49,15,20
2,13,1
55,12,16
1,18,29
35,21,35
55,17,33
8,15,1
5,20,33
53,18,41
6,21,26
16,19,0
14,20,3
45,17,44
37,20,61
10,19,12
3,18,21
40,18,47
58,16,28
45,19,52
8,18,12
56,18,35
5,19,25
49,16,15
7,19,21
4,21,42
63,21,38
59,12,10
56,21,49
32,23,57
7,22,43
1,17,22
36,21,44
0,21,45
5,21,38
52,19,46
37,22,18
49,16,22
1,21,43
4,22,46
6,18,11
53,21,47
59,23,51
14,22,16
60,21,44
41,19,29
42,20,13
17,22,11
3,23,54
42,22,4
5,16,9
2,13,5
45,21,58
33,23,23
58,18,33
56,12,17
40,21,14
54,15,1
12,23,34
6,15,6
52,16,31
14,23,25
56,14,3
9,20,19
10,19,3
39,19,32
55,20,44
15,23,18
46,19,10
53,17,36
11,17,3
53,20,45
43,18,50
44,16,34
45,20,4
36,20,37
7,23,37
42,18,29
38,19,51
7,21,35
3,21,43
12,23,25
9,23,37
42,18,40
46,19,8
35,23,22
52,23,58
51,14,25
50,17,8
2,20,38
4,16,6
5,15,7
61,23,48
4,18,19
5,17,15
49,21,59
55,17,36
47,18,15
0,18,37
13,20,9
41,19,28
60,17,29
53,16,31
46,18,22
41,18,57
1,18,35
46,19,13
55,21,47
57,14,0
37,21,28
59,13,5
7,23,48
43,16,37
17,23,15
41,17,36
51,17,10
3,21,37
2,17,14
12,20,6
33,21,59
41,22,13
36,21,54
48,16,15
40,18,36
62,20,32
8,18,9
47,16,27
56,20,46
8,20,18
1,20,40
39,20,27
35,21,56
6,17,8
46,17,20
1,18,30
5,23,49
62,10,7
39,22,13
33,22,42
9,21,24
48,20,52
8,21,26
58,12,15
38,20,55
38,19,34
40,18,34
34,22,46
60,17,30
44,21,2
59,12,7
1,19,28
3,14,5
52,21,53
45,17,46
48,16,22
63,10,4
0,20,44
35,21,57
40,20,24
50,19,43
44,16,30
12,19,9
31,23,41
43,19,17
34,22,39
55,20,42
57,13,20
59,16,29
13,19,4
13,23,20
53,14,14
32,23,37
40,19,59
41,23,4
6,14,0
57,13,10
44,16,37
14,23,20
46,20,0
61,20,38
1,15,6
62,23,45
11,22,22
62,20,36
43,21,2
39,21,23
1,16,18
31,23,59
10,21,20
38,19,40
2,17,20
43,18,29
9,18,5
9,19,9
1,20,44
39,19,33
35,22,32
62,18,28
54,17,37
51,22,60
41,20,15
58,20,42
40,19,62
37,20,33
1,18,25
19,23,11
51,16,14
48,18,48
43,20,12
35,23,24
48,16,16
60,23,50
10,22,21
32,23,40
59,14,21
34,21,41
53,14,20
59,17,28
0,15,14
14,23,26
56,15,4
54,18,39
44,17,43
56,17,35
36,21,46
9,19,11
54,21,47
41,19,22
30,23,57
0,19,39
53,14,19
7,17,8
6,21,30
61,11,3
3,16,10
45,16,34
52,20,51
45,20,1
7,14,0
31,23,53
46,15,31
13,23,31
55,15,3
32,22,42
52,20,46
9,18,6
47,17,13
53,18,39
1,18,27
50,14,29
10,21,21
10,22,31
58,18,32
0,17,30
56,14,25
39,19,37
41,18,52
13,23,21
59,11,10
9,19,8
4,22,40
32,23,55
46,19,48
2,21,39
50,17,13
58,13,1
4,23,55
61,17,26
7,22,42
61,22,42
52,23,61
52,18,41
11,21,13
37,21,55
15,21,5
40,18,58
57,14,5
35,21,44
1,20,39
40,18,35
7,18,14
55,17,32
2,19,37
36,22,26
44,17,39
1,13,3
33,22,29
42,20,11
59,11,12
62,15,22
50,18,43
54,22,51
0,23,52
56,21,47
5,23,50
19,23,6
47,17,23
19,23,5
56,23,54
60,18,29
8,15,2
51,14,23
47,19,1
60,18,31
58,19,39
46,17,29
4,20,35
38,21,20
12,20,8
38,19,56
43,17,46
19,21,0
2,19,28
12,17,0
22,23,0
47,18,11
2,18,24
15,23,16
11,21,21
39,19,59
44,20,61
52,14,21
38,20,29
36,21,36
40,21,18
9,18,8
42,18,44
38,19,45
41,21,14
46,16,36
43,21,10
44,20,63
49,18,2
23,23,0
61,18,30
5,22,44
47,17,43
10,19,7
59,22,47
45,16,30
38,20,26
10,23,28
32,23,47
38,22,21
45,16,31
40,20,27
54,19,40
35,21,61
6,22,30
33,21,48
1,15,7
2,20,40
41,17,38
61,12,4
1,19,25
1,23,53
55,18,36
1,17,15
43,19,26
59,16,21
41,18,37
36,20,36
37,20,54
34,23,28
57,12,11
13,23,19
39,19,35
5,20,28
0,15,10
48,21,56
15,19,3
62,22,42
48,15,30
46,16,25
31,23,43
55,13,20
45,19,17
48,20,55
3,12,0
17,22,2
38,20,60
3,18,25
41,18,36
39,19,58
47,19,9
60,23,48
38,23,13
36,20,49
37,23,18
11,18,3
48,18,6
8,21,31
13,23,26
47,20,2
33,23,31
58,13,4
44,16,44
38,22,15
35,21,42
33,22,60
62,11,4
55,14,6
3,21,38
52,22,59
1,23,49
10,21,16
47,17,24
58,22,48
44,20,5
46,16,40
0,15,15
59,15,23
40,19,30
3,23,53
55,18,38
8,19,12
53,15,9
60,15,24
42,18,50
55,15,8
1,18,22
45,17,43
44,17,45
45,18,47
41,20,24
51,17,3
41,18,47
37,19,51
9,22,35
40,21,17
42,18,27
40,18,54
45,16,39
51,17,39
11,19,9
46,22,0
53,23,55
33,21,58
55,13,10
44,19,11
50,18,8
35,23,15
31,22,59
10,16,2
55,19,41
1,17,10
50,14,27
62,21,38
38,19,55
62,18,31
11,20,14
47,18,47
50,19,42
12,19,2
9,23,42
0,14,7
36,21,40
56,23,52
3,22,49
15,22,14
49,21,57
40,22,9
11,19,6
9,17,7
1,20,38
33,21,52
9,18,3
57,14,6
62,11,5
3,21,50
5,22,41
48,17,12
33,23,29
50,14,26
48,21,60
60,12,5
49,19,0
45,19,24
1,18,34
52,15,12
52,15,18
0,20,41
49,15,34
10,17,4
56,16,32
39,19,53
54,16,30
3,20,38
2,13,2
62,10,4
10,23,36
61,11,5
9,23,35
35,22,27
49,22,59
52,20,50
54,13,21
44,18,52
54,14,25
9,23,43
52,23,62
58,13,3
45,18,25
58,23,53
55,14,13
42,17,45
4,20,33
59,14,18
1,19,40
4,21,37
3,22,48
2,16,16
46,15,32
6,16,8
53,23,62
52,13,24
51,21,52
35,21,50
36,21,45
37,23,15
50,15,20
48,16,17
8,22,32
36,21,34
39,19,44
37,20,41
12,23,33
48,21,55
56,15,3
42,18,42
5,23,44
46,22,63
61,13,15
60,14,17
45,17,42
56,13,15
53,23,61
30,23,50
52,20,47
54,13,13
20,23,8
45,17,31
0,13,2
62,10,1
53,14,16
47,19,5
34,21,45
34,23,31
49,17,10
56,14,4
45,19,14
41,20,22
42,18,56
53,17,37
7,22,37
42,17,34
63,14,16
58,14,18
8,23,39
10,17,5
15,21,11
31,23,58
7,22,39
46,20,7
11,16,0
9,22,30
50,18,1
47,16,35
44,17,48
41,21,13
47,18,10
61,11,4
36,22,29
44,21,9
8,21,18
42,18,35
6,19,21
59,21,44
6,17,6
52,16,0
46,18,14
48,16,18
45,19,15
33,22,45
1,17,23
5,18,14
40,21,22
56,16,28
59,13,18
11,23,35
53,20,47
43,21,1
3,15,1
0,10,0
33,22,40
63,16,22
16,20,3
63,10,6
1,19,31
8,16,3
38,21,21
45,17,25
7,15,1
52,17,1
11,19,5
55,20,41
41,19,32
2,17,21
47,22,60
6,19,13
39,19,61
15,22,15
51,22,56
53,13,25
35,21,33
0,17,26
0,18,25
43,20,63
59,13,19
46,17,19
3,17,12
5,17,13
46,18,19
46,18,51
9,22,22
48,15,25
32,23,49
12,22,26
20,23,10
1,17,20
10,18,9
35,20,58
0,18,23
5,22,50
51,18,4
36,20,50
45,20,8
37,21,25
9,19,15
34,21,36
51,15,11
52,17,34
43,18,54
40,22,10
0,16,18
59,11,8
43,21,8
57,22,49
41,21,17
51,20,50
46,18,21
44,17,31
59,13,4
13,20,8
46,17,17
7,21,34
62,21,35
1,23,51
18,23,7
49,16,38
54,23,61
46,19,4
37,23,14
50,15,32
5,16,5
7,15,2
42,21,12
49,15,31
52,13,25
44,17,28
44,21,3
4,13,0
53,23,58
56,23,55
60,15,22
13,21,15
49,17,41
63,17,25
47,18,44
38,21,27
36,21,31
32,22,52
3,16,9
5,17,14
42,17,50
38,19,53
6,19,20
0,13,8
6,18,16
43,17,43
33,23,45
7,19,18
53,16,4
11,23,27
42,21,5
57,13,11
43,17,39
7,17,10
31,22,56
32,23,52
3,18,17
61,19,34
19,22,1
39,21,20
46,16,27
45,22,0
7,19,19
0,19,41
61,16,23
5,14,0
40,22,13
14,22,13
43,17,49
45,20,58
1,14,7
55,23,54
13,20,12
31,23,42
58,12,9
56,12,19
40,22,15
1,21,46
60,11,10
55,20,45
29,23,62
4,19,18
6,19,14
6,19,19
58,21,44
63,20,33
48,18,44
54,13,17
2,15,11
56,12,15
8,21,25
0,18,32
36,20,54
31,23,35
54,19,44
58,23,52
6,21,34
34,22,28
61,10,10
4,22,53
36,21,35
44,18,49
54,16,29
46,17,46
31,22,49
48,18,10
41,23,0
45,19,51
51,15,31
57,15,22
43,19,24
7,20,26
57,19,38
54,14,11
41,20,19
4,18,16
56,20,41
37,19,59
37,21,60
47,20,3
10,19,4
48,21,54
16,22,14
50,19,49
48,17,19
52,14,28
52,19,44
47,18,13
42,19,25
38,20,31
10,19,11
10,21,24
49,19,48
47,18,46
49,21,55
51,14,21
59,11,9
51,16,9
42,19,57
18,21,3
39,18,39
2,21,45
31,23,37
8,18,10
36,21,41
49,17,15
60,13,4
39,19,63
41,19,62
18,21,0
58,11,14
58,22,47
42,19,56
58,13,0
38,21,19
42,18,38
7,16,3
46,16,30
3,13,4
32,23,54
36,21,42
4,19,24
10,21,15
37,19,40
4,23,52
43,17,48
31,23,39
43,17,36
55,16,33
49,18,46
17,23,12
52,16,11
20,23,3
45,17,26
51,16,6
4,17,5
4,22,49
44,21,5
41,20,25
38,22,16
52,14,24
58,20,41
60,22,45
36,20,48
37,23,19
53,14,17
55,13,22
55,17,30
4,17,16
37,22,23
44,16,32
6,16,3
4,19,21
14,22,14
5,23,56
6,21,31
42,18,32
51,16,13
38,19,61
8,22,31
41,17,37
8,17,4
41,23,8
0,18,30
49,15,25
48,16,38
38,19,59
5,23,46
51,17,0
50,21,55
45,21,3
48,17,17
4,21,39
11,20,7
53,22,53
44,21,6
42,19,19
37,20,44
37,21,30
43,19,58
61,12,3
51,19,45
32,23,27
55,23,55
11,23,30
39,22,10
37,20,50
42,22,7
12,22,16
2,22,51
35,23,17
17,21,3
38,19,41
1,20,43
44,19,19
43,22,2
4,18,8
31,23,45
17,20,1
39,21,24
59,19,34
43,17,29
5,19,26
34,21,34
51,19,47
56,14,7
8,21,28
2,16,15
8,21,30
39,19,47
12,18,3
11,17,1
37,20,55
61,14,18
8,17,7
61,15,19
37,23,20
18,21,5
0,21,48
3,22,42
12,22,18
59,16,26
14,21,10
10,19,10
5,15,4
37,20,59
55,23,59
3,19,32
54,14,8
0,19,34
55,17,31
19,23,7
50,15,25
50,16,34
6,23,47
54,14,9
48,19,51
38,23,14
14,20,9
32,22,45
58,17,30
2,15,10
7,17,3
47,22,62
5,19,20
45,21,62
53,21,49
40,18,38
33,22,61
20,22,4
9,17,3
34,22,59
49,20,54
2,23,53
7,18,12
48,19,10
41,20,20
3,18,24
42,19,55
55,14,23
4,23,53
59,18,31
37,20,38
47,18,49
2,19,27
52,14,27
40,21,11
49,17,13
54,14,10
39,19,41
56,14,1
11,17,0
50,18,0
57,13,13
51,20,52
46,16,33
3,14,1
2,12,0
43,17,30
2,17,15
47,16,34
47,21,61
35,20,47
9,21,22
0,17,11
48,16,37
39,18,57
47,17,20
53,14,18
45,18,51
43,17,28
56,13,16
41,21,10
43,19,14
42,18,31
37,22,17
4,17,13
43,18,28
14,20,4
34,21,42
8,18,13
10,18,4
58,13,17
58,23,50
54,14,12
60,14,19
6,17,13
5,13,0
32,22,41
51,19,41
53,16,6
55,22,53
13,21,11
43,17,41
44,19,56
16,23,17
51,15,15
31,23,56
4,22,48
37,20,62
49,16,37
42,17,32
4,15,5
37,21,26
57,22,47
57,21,45
1,22,51
40,18,33
39,22,15
5,14,3
54,21,52
61,22,44
7,21,30
47,17,29
39,21,16
38,20,61
51,14,30
47,16,40
38,19,62
17,22,4
57,18,34
11,22,21
58,19,36
47,18,48
3,21,48
48,20,54
5,14,1
52,15,29
40,22,11
47,18,17
50,17,10
3,13,1
1,18,10
44,18,29
58,22,44
42,18,36
42,23,2
13,22,10
1,13,7
53,16,9
43,18,33
35,22,60
49,19,47
44,19,15
5,19,22
43,17,45
60,12,15
43,21,6
35,21,55
3,16,13
4,19,27
55,20,40
46,20,59
30,23,55
8,22,27
17,22,5
63,12,11
20,22,3
63,21,35
38,23,15
44,20,14
55,16,32
59,23,49
4,14,1
14,23,17
47,20,54
41,23,3
12,23,30
41,18,40
56,14,0
1,19,29
47,19,0
49,16,19
48,15,26
61,15,20
52,17,3
47,15,28
1,18,20
60,16,22
5,16,3
5,22,49
52,16,34
9,17,6
41,20,16
38,23,4
57,13,17
44,16,31
52,14,17
43,20,17
52,14,18
40,22,6
44,17,26
52,14,14
59,15,24
50,18,2
61,17,29
46,18,49
36,20,43
54,18,38
14,20,8
47,15,32
8,17,8
16,19,1
8,15,0
47,20,57
0,11,3
61,10,6
50,14,28
13,23,30
56,19,41
61,13,18
30,23,38
57,20,43
50,22,62
48,16,19
30,23,56
38,20,62
5,15,1
6,19,23
35,20,51
5,22,46
0,16,12
34,21,53
62,22,41
50,15,19
45,16,43
57,15,20
58,15,26
47,19,51
7,20,28
36,20,58
12,23,22
1,19,35
2,14,4
38,23,11
48,18,3
61,16,21
13,22,18
41,18,48
0,20,38
19,23,12
46,18,13
44,21,63
41,19,57
0,12,5
57,15,21
55,23,52
42,21,16
41,18,49
50,17,6
38,21,24
58,18,35
50,17,38
40,20,51
46,18,48
39,20,31
44,18,21
57,19,36
11,18,2
51,18,1
18,22,8
3,18,15
1,15,8
51,17,37
37,19,53
58,21,43
40,23,0
48,18,12
52,15,8
12,18,5
36,23,17
38,22,20
38,19,52
3,22,47
40,19,37
0,21,46
53,16,29
12,22,21
63,9,7
62,23,44
0,16,13
9,15,0
53,17,38
8,19,10
44,19,22
8,21,23
10,20,15
0,12,3
11,22,16
61,16,26
61,15,22
16,22,6
52,16,10
57,17,30
35,22,33
41,19,56
40,19,63
36,20,39
4,19,25
8,20,21
44,19,17
50,16,16
14,23,22
43,20,61
57,13,19
0,17,28
53,16,34
45,17,22
42,19,28
35,23,25
54,15,13
53,15,7
59,18,25
48,16,23
59,17,26
51,14,22
39,21,19
56,21,45
47,18,43
47,21,60
41,18,29
38,22,12
34,22,48
49,18,3
59,18,35
51,16,35
52,22,51
57,23,50
44,17,42
49,18,11
37,21,46
6,21,37
9,19,14
42,20,12
40,23,9
13,23,23
57,14,4
10,17,1
11,23,33
15,23,14
61,11,11
57,20,42
58,16,30
62,10,9
51,17,6
38,21,29
49,16,18
37,20,36
53,18,40
49,18,4
21,23,6
32,22,36
49,18,5
43,18,31
3,22,51
2,21,43
62,16,22
43,20,8
4,17,9
55,13,16
13,20,7
9,22,33
56,18,38
11,20,15
33,22,52
57,14,2
4,21,44
59,22,49
51,17,4
46,18,15
8,20,20
9,20,10
37,23,12
57,13,3
59,12,0
30,23,51
53,17,34
0,19,37
14,18,0
3,22,53
51,16,34
31,23,46
34,21,40
40,22,4
6,22,45
10,22,29
32,23,29
40,18,45
1,17,19
6,15,2
39,19,48
46,21,63
8,22,33
5,18,8
8,17,3
45,20,2
1,16,10
61,22,43
2,16,11
56,14,24
0,15,8
42,17,40
6,21,38
5,23,48
40,18,37
51,17,38
42,22,3
21,23,4
6,23,46
3,19,31
44,17,41
19,22,4
63,12,10
7,18,9
60,23,51
59,22,46
41,19,24
46,18,46
36,23,20
13,22,19
1,16,17
46,19,11
46,17,25
12,19,5
42,18,43
55,22,54
0,16,11
38,19,50
2,20,41
35,21,60
12,19,6
56,17,34
38,19,39
61,11,7
0,22,47
37,20,52
39,19,34
33,21,49
44,19,21
53,19,44
47,18,8
3,17,17
7,21,28
63,9,9
13,19,2
46,20,56
4,16,4
22,22,0
33,23,24
46,17,26
29,23,52
38,19,47
57,12,12
40,19,42
1,20,46
63,17,24
35,21,39
49,18,41
13,23,28
36,20,55
37,20,31
59,15,20
23,23,1
60,12,7
35,21,63
15,20,3
58,20,40
5,17,10
19,22,5
15,23,22
1,17,13
45,19,53
45,18,19
14,21,1
47,16,20
61,11,9
59,14,19
44,19,12
62,16,24
63,13,15
46,18,50
49,17,12
56,17,32
51,16,4
34,22,43
12,19,7
47,18,12
40,23,2
9,16,1
46,17,23
47,16,30
1,18,19
1,17,12
8,21,27
40,21,20
44,17,40
33,22,30
46,16,32
52,17,35
57,15,26
37,21,24
42,17,38
44,17,29
38,22,17
6,14,1
3,14,4
47,17,15
2,14,2
8,20,16
1,19,30
13,22,14
8,22,36
11,18,6
38,20,41
42,18,47
6,20,26
55,23,57
30,23,41
11,20,16
49,17,14
0,19,36
39,21,26
54,13,18
45,17,23
46,18,16
62,13,14
9,20,11
49,18,40
4,22,43
16,20,4
9,20,16
57,18,35
37,21,32
63,9,1
0,18,28
60,17,28
44,19,57
57,14,1
0,21,47
0,23,50
11,22,27
57,19,39
51,15,17
38,20,57
46,17,27
3,23,52
54,16,28
3,16,14
46,16,28
36,20,53
9,22,26
12,22,15
55,15,7
38,20,59
59,12,3
3,14,6
48,16,39
44,16,36
33,23,35
5,15,0
4,16,2
1,14,9
3,22,45
48,16,27
53,15,27
6,18,13
7,17,9
51,19,44
62,11,11
63,19,32
47,17,19
33,22,56
4,21,40
60,16,26
48,19,47
45,18,50
59,22,45
6,17,5
57,14,20
8,17,5
58,20,43
21,22,2
53,13,22
46,17,39
52,13,21
6,17,11
41,18,50
36,23,12
59,12,17
0,17,17
2,15,6
37,20,45
2,18,23
38,23,8
46,16,24
50,17,2
2,18,28
57,20,44
43,19,57
50,16,11
52,14,30
46,15,36
54,18,40
51,18,43
44,21,7
47,18,9
32,23,43
43,18,25
9,23,44
48,18,46
52,16,33
31,23,40
40,20,26
42,21,8
36,20,44
38,19,49
11,22,26
50,16,37
1,21,49
44,19,23
4,19,19
48,18,2
60,18,34
42,20,59
52,20,49
9,18,9
59,14,22
6,19,15
46,15,33
58,17,29
49,15,19
9,18,4
40,19,34
50,17,0
2,19,36
49,21,56
59,21,42
32,23,33
39,23,11
56,14,21
63,10,3
45,18,22
13,21,14
16,20,1
53,22,57
2,20,45
41,22,4
63,18,28
1,20,41
35,22,30
14,19,0
38,22,19
8,19,17
62,20,38
36,22,28
44,16,43
36,21,60
15,23,23
61,17,28
2,21,44
10,21,17
45,16,37
8,19,18
47,18,45
59,13,16
59,13,7
6,18,18
46,17,22
36,20,38
15,22,12
10,20,16
60,11,6
1,14,5
49,17,36
37,22,20
34,22,44
55,21,46
53,13,21
13,22,21
39,22,9
3,16,11
0,22,49
63,16,21
42,20,16
56,17,31
9,19,12
38,20,52
7,22,35
33,21,55
42,22,8
40,21,13
14,23,23
13,18,0
3,13,2
47,15,30
4,19,29
61,12,1
41,22,5
39,23,5
18,22,6
52,22,53
0,19,42
13,18,2
48,17,38
38,22,23
60,16,27
3,19,26
55,15,29
58,12,8
54,15,0
62,11,13
59,12,15
1,21,45
49,22,61
53,15,5
58,13,5
53,15,29
48,19,48
50,18,3
8,23,40
13,22,20
62,19,34
1,19,37
58,12,10
6,19,22
12,20,13
7,15,3
5,16,7
3,17,16
49,22,62
15,23,19
9,22,27
52,14,23
4,20,32
43,20,58
7,17,7
2,17,19
46,21,0
43,17,47
42,20,20
43,21,3
35,21,52
5,19,8
40,19,32
52,19,42
16,23,18
39,23,4
3,19,27
59,15,26
44,19,14
44,18,23
39,23,1
11,18,5
0,15,11
10,21,23
50,20,50
38,19,36
41,22,1
46,17,41
14,23,19
39,19,42
44,18,18
56,23,51
47,17,14
19,23,3
48,16,29
0,19,30
44,21,61
14,22,10
39,20,62
1,12,3
44,19,58
1,13,4
10,20,19
8,20,17
55,15,1
4,20,37
35,22,31
38,19,54
40,19,46
52,21,52
42,19,59
15,22,16
43,21,7
38,19,32
48,16,35
36,20,42
37,21,22
43,19,18
37,20,48
54,16,3
43,21,4
56,21,43
6,21,39
54,15,31
3,19,29
10,16,1
41,20,62
9,20,21
53,19,42
35,22,29
39,20,29
60,15,25
48,18,11
50,23,63
63,10,0
39,19,30
42,17,42
58,19,40
45,19,8
56,15,28
47,21,0
42,17,35
47,16,36
46,22,62
50,16,10
51,15,12
13,23,27
47,16,29
57,15,23
15,21,3
2,19,23
56,12,16
37,20,51
48,18,4
48,21,62
59,11,14
54,22,54
63,22,42
41,18,43
57,13,5
40,23,3
49,16,17
11,23,26
50,21,53
11,23,39
51,20,47
10,20,11
31,22,63
61,16,22
1,14,10
31,23,44
47,21,59
51,14,28
17,23,9
43,18,26
6,20,21
7,23,47
59,15,21
62,15,19
60,17,25
12,20,14
13,18,3
56,14,5
5,18,16
55,15,28
47,21,58
55,15,4
5,20,26
21,23,2
58,23,49
45,19,16
43,19,27
50,16,17
23,23,2
53,16,5
7,19,16
60,19,35
2,20,39
36,20,59
7,23,36
50,21,56
52,13,22
19,22,2
36,21,55
44,17,34
6,20,30
55,22,51
46,17,44
5,21,34
6,18,15
58,14,3
1,19,21
41,18,55
45,21,61
12,23,36
7,20,21
19,22,3
4,19,28
37,20,29
58,17,28
0,17,33
10,22,23
46,16,42
48,19,50
59,13,0
46,16,26
0,17,21
43,20,10
42,19,62
60,13,16
12,22,19
0,15,7
50,17,5
3,22,52
16,23,10
9,17,5
42,18,45
10,18,7
49,14,31
38,20,53
7,22,32
5,14,4
4,13,3
38,20,51
39,20,47
34,23,32
62,13,12
53,16,8
18,23,6
46,15,37
37,21,33
6,19,17
54,13,20
50,20,52
59,12,8
34,22,36
40,18,46
61,17,27
10,22,27
38,22,18
6,14,2
63,23,43
1,13,5
1,18,21
44,18,28
46,17,42
12,17,2
38,20,56
41,20,17
18,21,2
57,12,17
30,23,53
0,18,26
56,12,13
46,19,7
52,21,51
16,22,9
8,17,0
51,22,57
10,20,18
3,21,41
43,18,23
46,20,6
60,20,39
39,19,62
47,18,14
13,23,24
60,12,14
48,15,35
47,20,58
18,23,8
38,19,42
40,19,47
56,14,8
6,18,9
1,19,42
37,22,25
56,15,5
16,21,9
7,23,44
38,19,63
12,20,7
34,21,58
1,15,9
60,13,17
45,16,33
48,17,13
53,20,46
31,22,53
44,20,12
30,23,46
31,23,62
5,17,9
41,23,1
0,12,4
62,19,32
31,23,36
56,13,7
0,18,38
7,19,13
48,17,41
7,20,22
51,16,11
38,19,35
3,20,40
12,23,24
56,13,12
38,20,44
9,22,38
3,18,16
33,22,58
42,18,54
63,10,9
61,23,46
11,21,19
6,15,5
1,18,26
4,18,22
62,11,2
2,21,40
8,21,32
41,19,23
54,16,0
13,19,1
42,18,55
49,17,11
31,23,34
42,18,30
2,14,5
0,17,22
40,18,42
39,22,17
8,23,43
40,18,51
38,19,37
35,20,53
48,16,30
62,11,10
45,16,32
39,21,17
12,21,13
56,12,18
63,16,24
6,20,22
47,15,33
59,12,12
41,21,8
61,23,49
6,16,7
53,14,15
52,14,25
53,23,59
48,19,4
34,22,40
32,23,30
2,19,34
58,12,11
32,22,37
58,12,6
21,22,1
55,15,5
57,12,15
42,20,14
20,23,5
58,14,19
11,21,17
62,13,17
14,21,6
48,18,18
36,21,61
62,22,45
12,20,11
12,23,28
0,22,50
13,19,0
32,23,38
11,19,0
43,18,49
35,20,59
2,16,4
48,18,13
46,18,45
40,19,40
1,14,0
46,21,59
2,21,47
49,17,35
49,16,21
4,18,17
7,21,32
36,20,52
3,20,30
12,18,1
57,17,34
63,11,2
49,15,30
51,17,7
60,20,38
2,18,26
14,19,1
37,20,58
54,15,29
61,22,41
40,19,57
1,22,49
50,21,52
53,14,12
18,23,12
5,21,32
6,21,27
36,20,57
46,19,51
12,21,18
37,23,11
34,22,27
49,21,58
2,18,27
50,15,26
53,16,33
6,17,9
37,22,21
10,19,9
41,18,54
13,22,15
53,15,8
38,20,28
57,17,31
52,23,60
63,20,37
49,15,28
43,19,22
42,17,47
40,20,19
55,13,12
51,18,42
9,21,25
17,22,3
40,20,25
29,23,55
61,11,2
43,17,35
61,12,9
7,16,1
34,21,61
13,23,22
12,18,2
5,21,40
60,12,16
39,21,15
5,16,10
38,23,12
35,21,46
52,15,15
39,22,19
39,20,24
1,13,6
44,20,4
45,16,42
60,14,18
0,18,19
34,22,31
44,20,8
59,13,2
37,20,30
53,15,28
35,21,49
43,17,40
10,23,31
43,21,11
8,21,21
5,17,8
3,21,45
8,23,27
45,18,15
43,19,23
21,22,0
52,20,48
38,22,13
1,16,7
61,20,37
48,15,31
16,23,13
44,20,10
37,22,16
58,13,19
61,13,16
33,23,33
33,23,25
3,15,8
63,9,0
30,23,49
51,23,62
19,21,2
11,20,11
0,16,19
39,18,54
61,19,32
0,15,9
54,14,27
58,13,9
1,16,14
5,16,6
63,9,2
41,22,6
35,21,53
46,20,1
47,15,31
41,18,44
4,19,23
57,17,32
38,19,57
49,20,55
52,23,63
19,21,1
33,23,26
44,18,26
60,17,27
35,20,54
53,14,21
7,16,2
1,19,33
5,19,23
40,19,35
8,19,15
20,23,2
49,19,51
7,21,22
3,23,56
61,11,1
63,12,14
5,20,35
50,15,33
3,19,30
48,17,14
45,17,48
36,21,43
44,17,27
8,23,41
51,15,13
59,13,8
1,15,13
55,19,38
32,23,61
2,15,5
4,20,26
13,19,7
53,15,4
63,15,18
62,10,8
37,20,47
61,21,43
45,18,16
58,22,45
37,21,34
58,11,15
51,20,48
34,22,37
34,22,26
36,20,63
60,11,5
35,20,57
38,23,6
54,17,36
51,20,49
51,15,19
57,15,24
47,16,37
6,16,0
42,17,48
58,17,31
56,19,38
46,18,30
2,15,9
40,18,55
42,19,61
52,16,6
44,18,19
58,19,35
47,19,4
52,23,59
15,20,4
49,14,29
3,21,42
17,21,6
16,20,5
61,18,33
42,18,28
54,14,28
4,14,2
55,14,10
11,23,29
2,18,19
57,22,48
35,21,31
10,21,25
9,22,34
16,23,19
57,13,7
11,22,24
42,21,9
9,17,4
54,13,24
5,14,2
1,21,40
8,21,29
53,13,23
42,18,41
7,21,31
12,22,20
56,22,53
5,19,9
60,12,8
45,20,56
59,12,5
1,12,2
43,21,15
49,15,26
33,22,59
6,20,24
32,22,61
43,19,20
40,22,12
37,19,54
1,11,1
0,16,10
15,22,10
60,19,33
7,16,0
39,19,55
41,22,9
36,21,33
51,15,14
37,21,29
37,20,63
7,18,8
49,18,42
12,21,14
51,22,61
16,23,16
18,22,5
2,19,32
48,19,3
50,20,48
2,20,31
59,17,29
42,18,33
51,17,33
49,20,53
45,17,28
45,18,49
38,21,23
10,19,14
8,16,5
42,21,6
49,16,14
3,16,7
36,20,46
35,22,25
38,22,14
2,19,31
34,23,27
18,22,4
1,16,16
50,14,31
47,17,41
56,14,23
44,16,33
46,16,29
55,13,18
6,15,3
10,23,35
50,21,54
47,21,63
56,21,48
11,17,4
60,15,21
63,14,19
51,17,8
58,15,25
32,22,47
4,23,54
4,22,50
37,20,42
39,18,56
2,18,20
54,21,49
45,19,56
36,20,62
4,19,20
9,20,12
43,21,63
53,15,32
52,15,28
2,15,7
54,17,32
39,20,33
34,21,54
54,22,56
43,19,16
15,20,5
2,11,0
16,23,15
4,23,50
36,22,32
38,20,40
45,20,55
54,15,6
30,23,54
13,19,6
39,20,23
49,15,32
41,23,5
45,19,55
6,15,0
60,16,21
8,23,47
61,11,12
45,18,23
50,16,13
40,20,21
37,23,10
41,21,16
60,15,23
33,23,28
55,12,17
44,16,42
58,23,54
43,21,5
45,16,36
45,19,10
12,23,29
13,20,5
45,17,24
0,14,9
37,19,58
10,19,8
45,19,9
52,15,17
37,19,39
1,18,33
0,14,6
14,18,1
57,22,50
38,20,54
31,23,48
7,21,33
51,16,10
51,18,41
53,14,24
44,16,39
48,18,43
12,22,17
33,22,44
34,21,63
5,21,33
56,12,14
46,19,53
47,19,54
52,14,26
41,19,26
55,13,24
46,17,45
20,22,0
49,17,8
31,23,57
9,22,36
60,11,9
57,13,8
50,15,16
57,14,19
1,17,17
62,22,44
9,21,27
2,20,42
53,21,52
62,21,37
47,19,2
3,19,28
16,23,11
0,17,16
47,17,30
59,19,35
60,20,37
5,15,6
35,20,50
58,12,7
48,19,5
59,15,22
22,23,2
55,19,43
53,14,27
48,15,33
34,22,29
56,23,57
9,17,1
52,16,1
8,19,11
61,11,10
31,23,54
36,21,39
4,16,12
56,22,49
63,19,31
56,14,26
8,21,33
2,22,49
42,20,18
51,14,27
40,21,15
29,23,53
46,20,54
62,14,19
41,20,23
47,16,22
4,22,41
2,19,30
59,12,4
52,16,9
16,22,5
43,18,37
2,18,22
41,18,35
39,19,57
52,13,23
36,21,32
3,23,55
44,16,35
40,20,29
49,16,33
57,13,12
56,18,34
40,22,14
50,18,39
43,18,27
2,16,14
41,21,9
31,23,55
38,22,22
36,20,45
9,18,7
50,17,39
45,17,32
54,23,60
56,13,19
38,20,45
59,21,39
56,15,27
54,14,16
54,13,15
38,22,11
63,22,41
36,23,22
50,19,46
32,23,48
1,21,47
59,22,48
14,23,27
48,17,40
43,18,53
60,12,2
48,16,36
42,19,21
52,17,37
56,15,29
56,15,1
15,19,1
14,19,3
34,22,38
10,21,19
9,19,13
0,13,4
42,20,17
3,18,18
4,12,0
44,20,13
5,17,0
6,23,50
1,17,18
55,12,19
36,21,48
49,17,42
1,21,42
50,16,8
50,15,14
0,18,13
7,22,33
14,21,5
51,16,8
61,14,19
55,13,15
46,20,60
56,14,9
2,15,8
46,19,50
33,21,54
54,15,7
5,20,21
44,20,59
62,23,48
53,21,48
39,20,25
56,16,29
40,22,8
59,12,9
4,16,8
62,18,30
56,14,22
51,15,33
35,21,43
44,19,16
35,23,20
44,18,51
4,13,2
43,16,36
51,22,58
63,21,36
18,21,4
8,22,35
10,18,0
42,21,10
0,14,10
34,21,50
11,18,7
1,15,3
57,16,27
55,16,31
39,23,3
53,16,2
48,21,57
14,21,12
12,20,12
55,13,19
52,17,38
7,23,49
44,18,53
1,18,28
11,23,36
46,17,40
0,13,0
33,22,54
61,21,39
58,21,45
40,19,41
6,15,4
5,13,1
44,20,9
51,15,30
5,20,31
61,23,47
10,23,41
2,20,36
11,22,25
34,21,51
0,19,24
63,13,14
35,20,55
3,13,0
63,21,39
57,16,30
56,15,25
52,15,10
31,23,33
49,16,23
2,15,12
60,19,34
54,16,33
31,23,32
54,16,32
11,17,2
13,20,10
43,20,14
42,17,33
54,16,34
43,21,0
55,14,7
11,23,37
41,20,21
57,13,21
15,22,11
37,22,26
36,23,18
61,10,8
49,18,45
48,16,26
13,20,11
4,16,5
3,13,3
48,16,25
8,17,2
3,15,6
50,14,24
61,21,40
59,18,32
12,21,17
54,13,23
14,23,21
57,18,36
48,16,20
4,17,15
62,10,5
6,20,23
34,22,33
4,20,34
14,23,16
0,13,7
43,19,55
55,15,0
41,19,25
21,23,3
5,20,30
46,17,18
41,17,48
0,18,34
41,19,61
34,22,30
33,22,50
63,23,47
10,17,3
9,23,39
56,14,2
35,20,46
15,22,7
59,17,27
47,16,41
6,23,54
55,15,10
0,18,39
0,12,6
53,17,31
46,19,6
38,19,44
61,19,35
41,18,31
46,19,5
48,17,10
1,18,32
43,17,44
48,17,9
18,21,1
7,20,23
5,16,4
48,18,8
2,20,34
4,17,17
46,17,21
1,14,4
48,21,59
44,16,40
2,19,35
39,18,53
50,20,51
40,19,56
1,20,42
9,20,15
32,23,45
47,16,28
37,23,7
6,15,1
7,18,11
7,20,25
5,23,53
20,23,4
55,17,35
3,19,34
0,12,2
39,19,36
54,17,34
40,19,26
53,22,54
60,20,40
11,19,8
40,18,50
41,19,40
44,17,49
5,16,0
53,15,31
32,22,48
0,17,34
35,23,18
32,22,43
44,18,27
2,22,50
33,21,50
63,18,26
20,22,2
52,21,49
44,21,8
17,23,10
35,22,26
3,15,9
17,20,3
55,13,21
58,18,34
10,22,22
34,21,43
55,14,8
0,17,32
33,22,35
7,22,38
44,17,33
60,21,41
7,20,27
62,11,3
36,23,21
13,22,16
40,19,39
11,22,19
54,16,31
50,17,7
62,11,0
46,18,47
41,22,8
11,23,28
58,23,51
39,19,31
62,11,1
0,17,18
5,20,24
55,14,11
56,23,56
62,20,37
48,22,62
50,23,62
61,12,13
6,22,39
56,13,14
45,15,35
4,17,10
51,15,18
16,23,12
35,22,46
53,17,35
39,20,28
30,23,42
56,19,37
10,23,42
31,22,54
45,20,60
0,19,38
39,19,52
6,20,25
37,20,34
50,18,42
38,20,63
33,22,63
46,20,4
59,12,14
12,17,1
2,16,5
37,19,38
1,20,35
34,21,60
55,14,25
10,21,18
49,19,2
41,22,0
48,18,40
49,17,16
51,15,21
56,13,21
32,22,58
48,15,34
43,17,33
49,19,46
51,18,40
52,15,16
61,11,13
0,20,43
59,13,17
43,17,32
53,15,10
8,17,1
5,22,42
54,14,17
51,14,24
54,17,35
56,16,31
58,14,23
41,18,41
37,20,49
61,14,20
1,15,12
30,23,45
45,19,54
12,19,1
60,13,5
32,23,36
0,11,2
39,22,12
49,19,45
38,23,5
57,13,16
5,19,19
60,12,1
30,23,40
0,18,33
18,23,13
59,16,28
42,22,6
14,22,11
13,22,11
47,20,52
60,21,39
16,21,8
7,22,27
9,16,0
38,19,48
52,14,16
12,23,32
53,22,56
62,14,17
46,16,41
40,22,7
34,23,25
37,20,46
20,23,6
40,19,49
49,18,7
52,22,57
61,15,23
47,15,34
3,20,36
43,18,38
46,20,55
49,20,51
40,23,1
51,17,34
6,18,12
12,22,23
37,20,40
39,22,8
4,20,30
6,18,14
6,16,6
56,22,51
58,16,26
34,21,55
63,10,8
0,17,31
36,20,33
6,23,52
15,20,2
35,21,48
42,19,20
32,23,51
8,23,42
45,18,17
7,15,0
1,20,45
6,16,4
50,17,40
63,21,40
4,17,14
35,21,40
62,12,10
1,17,16
10,20,13
44,21,4
5,17,5
17,23,13
63,10,1
1,21,41
62,11,9
45,21,0
43,17,37
50,15,23
2,14,7
10,23,40
53,16,0
62,17,25
4,22,47
47,19,8
52,16,7
52,21,50
0,18,29
56,18,36
36,21,38
58,16,29
59,17,31
44,19,53
57,15,27
53,15,12
61,12,15
46,19,54
53,14,13
15,23,17
34,21,39
34,22,61
48,21,58
44,17,32
55,14,9
42,17,36
63,17,26
34,21,57
18,20,1
42,22,9
44,22,1
42,23,0
19,23,4
39,19,39
34,22,47
51,16,7
63,12,13
47,15,29
58,12,13
5,20,32
36,21,27
41,18,32
48,18,7
54,15,8
49,19,49
54,13,22
8,17,9
32,22,59
16,20,0
33,22,43
39,20,26
52,19,43
31,23,38
54,19,43
3,18,20
1,22,50
38,21,28
46,15,35
7,16,4
56,13,23
6,19,18
12,18,4
54,16,2
14,19,4
2,22,52
42,18,51
56,15,0
63,19,33
60,18,32
47,17,17
4,20,28
20,23,9
0,17,24
33,22,49
15,21,6
16,22,13
46,21,61
6,23,49
55,22,50
1,19,32
47,19,10
52,22,58
4,16,7
3,16,6
1,15,14
45,17,34
10,23,33
47,16,26
30,23,61
38,20,49
49,23,60
58,13,11
58,15,24
61,12,14
60,23,49
50,17,37
6,21,28
33,23,27
40,19,31
42,21,4
50,19,45
48,20,56
43,20,13
16,21,6
39,20,32
11,19,10
33,22,46
11,22,29
5,20,27
36,22,22
34,23,30
32,22,62
58,13,6
35,23,26
5,20,25
48,20,57
52,15,31
59,20,36
55,16,29
44,17,47
52,18,38
40,23,10
57,16,29
33,21,57
53,15,6
47,19,49
40,19,60
5,21,37
37,21,62
9,22,28
37,20,43
48,20,2
62,10,11
35,21,47
56,13,13
47,17,18
46,17,28
47,20,53
58,16,27
63,21,37
7,18,10
40,18,39
60,15,19
9,19,10
52,15,14
4,18,21
35,21,37
57,14,23
50,16,14
42,17,31
3,17,14
60,14,20
9,21,26
57,13,9
41,21,15
10,23,37
47,17,16
49,18,8
29,23,54
43,18,43
39,18,50
7,17,2
6,16,9
0,18,10
51,15,26
30,23,47
0,15,12
58,12,5
11,19,12
