52,17,6
56,15,1
49,16,4
54,21,6
62,19,1
54,20,5
58,17,4
53,15,2
52,14,0
53,19,6
53,23,8
50,15,3
49,15,2
58,23,8
52,16,2
59,17,1
51,17,4
58,17,2
52,21,8
58,19,5
52,22,7
58,19,4
50,22,8
53,15,1
62,23,6
58,22,6
58,18,4
60,21,5
50,20,6
61,19,2
62,18,0
59,20,4
54,16,4
52,21,6
49,22,8
57,16,1
56,17,5
59,17,3
50,15,2
55,15,2
63,21,5
57,17,3
62,23,7
56,16,4
59,17,0
61,17,0
60,23,7
57,17,5
55,16,2
51,20,6
59,18,1
60,18,2
62,19,0
49,15,1
58,17,1
61,23,8
52,17,5
54,14,1
62,20,3
62,20,2
51,21,8
54,23,9
54,19,6
53,21,7
54,15,2
58,21,5
49,17,5
61,21,4
55,23,8
57,17,2
62,21,3
51,19,6
53,14,1
52,22,8
52,14,1
52,16,5
59,22,6
60,21,6
54,15,0
59,23,7
60,18,1
58,16,1
61,22,6
62,23,8
49,23,9
56,18,5
53,14,0
56,21,7
50,16,4
62,20,4
56,22,8
63,22,6
54,15,1
53,21,6
57,23,8
54,14,0
51,23,9
63,20,0
59,20,5
53,16,4
60,19,2
57,16,2
53,16,3
54,16,5
49,14,0
63,23,6
63,20,2
52,17,4
61,22,7
50,16,3
57,16,3
55,14,0
55,20,5
56,15,0
49,16,3
51,17,5
50,17,5
61,19,4
61,19,1
49,16,5
49,15,3
57,19,5
52,23,10
50,15,1
60,19,4
57,21,6
63,21,4
63,19,0
57,21,5
50,21,5
49,22,7
60,18,0
55,22,8
50,16,2
56,16,3
50,23,8
62,22,7
55,15,0
60,17,0
50,21,6
52,23,9
52,16,3
63,19,1
56,20,5
60,21,4
50,19,6
62,18,1
50,21,7
58,17,3
49,21,7
58,23,7
52,22,9
57,16,4
58,16,0
57,18,5
50,17,4
51,21,6
49,21,6
51,22,9
52,16,4
54,15,4
52,15,2
61,19,3
56,19,5
61,18,2
59,18,4
56,23,8
51,16,4
61,20,3
56,16,1
56,16,0
52,15,1
54,15,3
51,23,10
54,23,8
63,23,7
56,21,5
59,18,3
57,20,5
56,16,2
59,22,7
57,22,6
52,19,6
61,18,0
53,23,9
57,17,4
59,19,4
59,18,2
55,15,1
54,22,7
55,21,6
57,16,0
55,23,9
54,21,7
62,21,4
57,22,7
51,16,2
53,23,10
50,14,1
50,14,0
51,14,0
58,17,0
55,16,5
58,18,3
61,22,5
63,22,5
57,18,4
62,21,5
60,23,8
50,22,9
53,22,8
59,23,8
60,17,1
55,22,7
49,14,1
55,19,6
60,20,4
55,17,5
49,21,5
58,22,7
53,15,3
51,16,3
62,22,6
58,20,5
55,16,4
50,23,9
55,16,1
50,23,10
51,17,6
58,21,6
53,16,5
50,22,7
54,22,8
57,17,1
63,22,4
59,16,0
61,23,7
59,21,5
51,15,2
61,20,4
60,22,6
63,21,3
63,20,1
51,14,1
60,22,7
55,21,7
56,21,6
51,15,1
53,22,7
56,22,6
63,23,5
61,21,5
49,23,8
59,21,6
57,23,7
58,18,2
56,22,7
56,17,4
60,18,3
62,22,5
51,21,7
49,15,0
55,16,3
62,19,2
51,22,8
60,19,3
52,21,7
55,15,3
54,20,6
58,20,4
61,18,1
63,20,3
55,20,6
62,19,3
