46,22,1
14,11,0
12,23,16
7,21,1
38,13,2
19,20,3
14,10,0
10,20,4
15,9,1
10,20,5
41,16,3
10,16,0
9,20,7
26,14,5
49,23,1
26,13,4
13,11,3
11,11,0
29,22,9
9,21,2
35,13,5
30,13,4
42,16,8
12,11,4
23,14,3
12,10,2
23,11,0
14,14,6
43,23,14
46,20,4
10,21,4
31,15,8
35,13,4
29,23,10
18,17,3
10,15,6
12,21,14
30,11,2
23,9,0
16,19,5
47,21,4
7,21,0
42,15,4
7,23,11
33,10,2
17,23,8
31,13,6
14,10,1
49,23,0
26,20,5
31,19,8
31,12,3
46,20,8
22,12,1
8,21,5
40,13,1
11,18,4
12,22,15
48,22,1
47,21,5
33,14,5
38,14,2
16,21,8
35,22,12
27,23,8
47,22,8
42,23,15
32,19,9
25,23,6
11,21,14
14,15,8
22,23,4
39,13,0
10,19,7
46,18,2
19,12,0
17,13,3
47,21,8
38,17,10
41,21,13
16,12,3
27,21,6
44,18,3
9,17,0
32,20,10
26,21,6
34,9,0
38,12,3
10,12,3
28,23,10
47,23,11
38,14,6
26,18,6
20,11,0
44,18,12
12,17,10
37,21,13
16,13,4
36,19,12
41,17,12
7,22,10
44,17,5
46,21,2
15,23,13
40,15,6
41,23,14
8,22,3
41,22,13
21,23,6
48,23,12
10,23,16
26,13,5
44,18,8
13,13,7
39,20,12
33,13,5
25,23,7
41,17,11
8,22,12
40,21,13
26,19,6
14,20,7
31,14,7
37,12,4
35,17,8
13,23,18
41,23,15
33,20,9
9,20,11
33,15,8
35,19,10
28,14,6
17,20,5
21,14,2
19,15,3
25,23,8
15,16,7
33,12,4
38,21,13
43,22,13
48,23,7
40,14,1
21,18,2
29,10,1
25,19,4
34,10,0
10,20,12
8,20,1
31,23,11
35,23,14
44,19,12
27,17,7
36,14,5
17,12,4
18,10,0
15,21,7
9,19,1
38,20,12
31,22,9
7,23,4
48,23,9
26,11,1
42,22,14
9,21,5
14,16,8
13,10,2
29,23,9
15,22,10
38,14,3
24,23,7
45,20,12
35,10,0
22,12,0
24,14,4
38,12,1
31,9,1
25,22,5
38,18,11
15,11,0
12,13,6
9,21,4
16,14,4
23,15,2
38,16,8
15,20,5
16,22,6
27,17,6
35,18,10
31,21,9
13,15,7
36,21,13
13,21,12
33,14,7
37,11,3
15,10,2
17,10,1
45,20,11
34,11,2
22,13,1
24,14,3
32,10,2
48,23,14
30,23,10
13,21,10
6,22,0
9,20,10
13,18,9
13,22,12
47,22,5
25,10,0
40,15,3
47,19,7
24,12,1
40,13,2
35,21,10
12,15,6
22,18,3
44,17,4
15,20,8
38,13,4
45,18,7
16,23,13
43,16,3
37,14,2
16,9,1
16,11,1
12,21,11
40,20,12
34,12,1
38,15,2
48,23,13
43,16,1
29,11,2
34,17,10
31,19,9
9,13,0
45,18,0
8,20,0
25,15,3
15,14,5
36,16,8
10,14,3
36,21,12
8,22,7
46,21,0
47,20,6
48,21,8
14,14,7
43,18,12
43,16,4
47,20,4
33,23,14
47,20,9
37,23,15
47,21,3
35,21,11
16,23,12
35,22,10
46,18,0
17,16,4
28,23,8
45,22,14
8,23,12
43,21,12
48,22,7
22,11,1
28,8,0
34,14,5
15,18,6
19,17,3
11,20,11
25,12,2
20,12,1
11,15,7
22,16,2
15,21,6
33,16,8
34,13,5
28,22,8
41,15,2
31,12,4
31,23,10
10,16,7
41,15,4
17,14,3
33,9,1
10,16,9
18,16,3
40,17,12
6,23,9
19,22,4
19,23,5
14,9,1
47,23,14
41,23,13
27,15,7
13,10,1
10,16,10
9,20,2
38,16,9
22,9,0
25,21,4
10,13,6
8,22,11
9,13,2
6,23,10
10,17,1
27,8,0
48,23,4
12,20,12
44,22,14
27,20,6
15,21,8
28,19,7
32,18,9
26,15,5
10,13,3
10,17,6
35,20,11
17,22,7
12,11,2
30,10,1
15,23,11
17,17,4
38,14,5
25,18,5
12,13,7
42,19,12
6,23,4
25,21,5
12,10,1
22,19,3
42,18,11
39,15,3
13,11,2
47,20,5
40,15,2
44,23,14
23,19,3
14,23,14
25,16,5
26,18,5
5,23,2
16,17,5
49,23,2
43,16,2
10,16,1
47,22,6
10,20,3
15,16,6
48,23,1
42,16,1
26,21,5
11,12,2
25,19,5
37,13,3
9,23,15
20,15,2
13,16,8
16,11,2
30,21,9
18,21,3
33,20,10
32,23,11
9,20,5
31,11,3
10,19,8
7,23,15
14,21,10
48,21,6
46,20,1
32,20,9
45,19,9
11,11,1
13,12,4
26,23,7
42,17,4
37,10,0
44,23,15
37,11,1
45,19,10
40,23,14
41,19,12
17,13,2
30,9,0
36,18,11
12,15,8
47,23,15
46,22,13
13,12,5
41,15,8
40,14,6
45,19,6
35,22,13
18,22,5
21,16,2
10,12,0
19,11,1
46,21,12
27,9,0
35,21,12
26,10,0
40,15,4
8,23,13
5,23,3
43,17,3
39,17,11
42,15,6
37,22,13
38,22,14
28,21,7
45,18,1
25,13,3
24,20,3
37,16,9
46,19,10
18,22,4
11,23,14
38,13,5
18,23,7
11,11,2
12,19,10
46,22,14
9,22,12
20,16,3
11,12,4
12,21,13
22,14,1
17,16,3
19,23,6
34,22,11
34,11,3
20,23,6
46,22,0
15,21,5
13,10,3
11,13,7
11,18,3
7,23,5
39,23,14
36,22,13
27,11,2
11,14,6
12,23,15
26,14,6
33,13,4
45,18,10
33,22,11
41,18,12
15,12,3
35,14,7
38,22,13
12,18,10
13,22,15
30,14,7
20,12,0
17,23,9
10,20,11
15,14,6
14,13,5
10,20,8
20,17,2
25,22,7
43,17,7
40,13,0
47,22,10
18,17,4
9,19,0
37,14,6
39,22,14
34,23,12
27,14,5
16,15,5
15,19,6
41,22,14
32,14,7
43,23,13
18,15,3
46,21,9
7,22,12
37,23,14
31,10,1
40,14,0
9,20,3
10,21,13
16,22,7
46,20,3
12,20,11
39,21,13
43,17,10
41,21,12
46,20,9
27,9,1
43,22,14
27,11,1
18,13,2
48,22,8
47,22,11
16,10,0
46,19,11
23,21,3
46,23,15
24,12,0
40,14,2
32,12,3
45,19,12
8,23,16
20,22,4
45,19,3
17,22,8
11,22,15
28,10,0
8,22,5
34,15,8
35,22,11
11,22,12
43,17,2
7,23,14
16,16,5
11,19,11
17,10,0
8,21,6
26,16,5
18,11,1
16,13,5
23,14,2
10,22,16
29,14,7
12,23,18
18,20,4
39,15,6
12,23,17
36,14,7
33,8,0
40,19,12
27,21,7
46,22,11
37,15,2
49,23,9
34,23,13
47,23,10
43,19,12
17,11,2
10,22,12
13,23,16
32,13,4
13,14,5
29,11,1
33,23,13
34,21,10
41,16,6
14,23,13
36,19,11
23,13,1
18,12,2
43,16,7
35,12,3
42,17,10
36,11,1
23,12,1
9,20,6
37,13,5
9,23,17
48,23,5
39,17,10
32,13,5
44,18,1
37,13,6
10,22,13
43,17,9
42,16,9
34,22,10
44,20,12
48,23,11
41,14,3
12,20,9
35,17,10
14,11,4
44,17,7
31,20,8
32,8,0
36,17,9
11,15,8
15,13,5
48,22,10
35,14,6
29,15,8
6,23,7
48,22,9
12,21,12
10,21,11
42,17,11
8,20,2
27,16,6
46,21,10
27,10,1
34,16,8
27,13,3
44,18,2
37,14,3
16,16,4
45,21,12
17,21,4
35,10,1
42,16,6
13,12,6
45,19,11
10,17,10
33,12,1
29,12,3
17,23,10
49,23,6
28,15,6
32,15,7
43,17,5
12,15,7
31,10,2
6,23,2
25,20,5
10,17,9
16,20,5
7,22,6
42,15,5
34,17,9
40,23,13
43,18,3
33,19,9
33,23,12
38,23,14
8,21,1
44,21,13
10,14,6
11,21,13
33,11,2
12,22,13
24,13,4
9,22,14
41,16,5
41,15,3
26,22,6
32,12,4
24,16,3
22,22,4
12,12,4
13,14,8
44,17,0
17,22,6
26,10,1
19,23,7
48,23,0
32,9,0
18,23,6
46,20,6
19,21,3
13,13,6
10,18,1
47,21,9
11,15,9
32,16,8
21,17,3
49,22,6
31,15,7
40,15,7
7,23,6
19,15,2
46,22,10
17,22,5
37,12,0
11,20,3
17,11,1
25,14,5
11,22,13
43,15,1
36,15,7
25,14,4
10,22,14
47,22,13
14,23,16
40,16,8
7,22,8
28,9,0
36,14,6
24,13,2
25,16,4
43,18,9
27,23,9
7,23,10
46,20,2
15,22,9
43,17,4
42,16,4
22,21,4
36,23,14
37,12,2
17,12,3
44,18,9
28,21,8
39,22,13
19,16,3
34,20,9
39,15,4
37,16,8
36,13,4
14,20,8
42,22,13
8,23,14
11,18,10
43,16,0
26,23,9
34,14,7
24,9,0
41,16,7
5,23,4
46,19,0
10,13,4
10,13,2
47,21,10
36,12,3
11,23,18
9,19,2
32,13,6
8,21,8
15,16,5
47,20,7
32,17,9
44,17,2
27,14,6
30,22,9
10,18,4
11,11,3
28,16,7
35,22,14
7,22,5
27,23,7
25,22,6
31,8,0
39,16,10
44,18,4
24,21,3
15,13,7
26,22,7
13,16,9
36,17,10
40,16,4
34,11,1
14,15,7
13,21,11
46,19,2
10,12,2
35,11,3
8,22,9
29,8,0
7,22,2
35,23,13
11,22,17
18,19,3
11,23,16
37,19,11
29,11,3
43,20,12
39,13,3
16,23,9
38,17,11
39,12,1
12,16,10
10,19,10
13,15,8
12,14,6
8,21,3
26,11,2
45,18,5
9,13,1
20,19,2
34,22,13
24,10,0
28,14,5
35,15,8
23,16,3
46,20,0
9,18,0
39,14,3
14,22,11
7,23,8
25,12,3
9,14,4
49,23,10
44,18,7
10,23,14
11,13,5
25,21,6
32,22,9
6,23,1
13,21,13
14,18,7
8,21,10
9,14,5
40,14,3
17,15,3
44,18,11
46,19,4
23,23,6
19,12,1
9,22,13
40,15,1
11,13,4
45,18,8
46,23,0
10,11,1
39,13,1
13,11,4
10,18,10
42,20,12
15,22,12
20,13,1
24,15,3
16,11,3
39,13,4
42,17,6
32,15,8
10,20,7
14,9,0
7,23,3
20,13,2
41,16,8
18,22,6
42,17,8
36,10,1
16,14,5
10,23,15
10,19,11
21,19,3
13,14,7
33,12,3
25,13,4
7,22,1
29,14,6
40,16,5
33,17,9
10,18,9
22,13,2
24,15,4
37,17,9
43,17,6
7,22,4
11,10,0
14,11,3
14,21,8
25,23,5
14,21,11
9,20,9
17,15,4
21,14,1
45,18,6
13,20,9
39,21,12
26,17,5
25,10,1
19,16,2
39,16,9
27,12,3
46,20,10
45,19,8
38,11,0
38,21,12
14,10,3
38,18,12
14,20,6
24,11,1
36,22,14
8,22,6
23,18,3
28,13,4
40,22,13
33,9,0
46,21,11
32,9,1
31,14,6
28,15,7
14,23,12
8,21,0
45,18,9
33,11,0
47,21,6
10,19,5
17,18,5
10,18,8
10,19,4
14,22,13
42,18,12
44,22,13
12,16,8
28,13,5
42,21,12
10,21,12
46,23,14
38,13,0
22,21,3
13,17,8
9,21,12
15,20,6
16,10,2
44,16,1
12,12,5
36,11,0
11,23,17
37,18,11
26,12,4
25,11,1
10,20,9
24,22,5
14,12,4
34,23,15
48,21,7
10,19,2
18,18,3
45,20,0
24,16,4
32,10,0
19,13,2
40,16,9
15,17,6
32,23,12
28,11,2
20,20,3
27,16,7
9,20,0
13,13,5
16,23,11
44,17,3
15,21,10
6,22,1
14,19,7
6,23,0
17,23,11
46,18,3
31,16,8
46,20,11
26,17,6
11,22,16
23,22,4
10,20,10
10,18,5
26,13,3
15,21,9
37,17,11
35,15,7
14,14,5
47,22,3
39,16,8
49,23,5
11,19,3
32,14,6
7,22,0
46,20,5
10,23,18
39,14,2
37,21,12
38,12,4
47,22,4
37,18,12
46,19,9
34,14,6
28,23,9
30,9,1
9,16,0
11,21,12
50,23,7
48,23,8
16,15,4
41,14,2
47,23,12
37,17,10
25,17,5
27,20,7
14,11,2
31,13,5
41,16,10
11,17,10
17,22,9
19,10,0
47,21,1
13,20,8
15,23,12
30,8,0
18,23,9
14,23,15
12,12,3
47,19,6
27,19,7
41,16,9
42,15,2
40,15,8
22,15,2
45,21,11
26,12,2
22,23,6
29,15,7
47,23,0
29,17,8
34,15,7
38,12,0
27,19,6
28,10,1
11,20,13
13,19,8
25,15,4
10,19,0
16,8,0
22,23,5
19,18,3
47,19,8
36,13,5
9,21,3
12,10,0
11,20,4
18,23,5
9,20,4
25,15,5
28,11,3
15,22,8
33,23,10
45,17,2
15,15,6
7,22,9
48,23,10
49,23,8
11,12,5
10,13,5
22,17,3
23,23,4
48,23,2
20,19,3
40,21,12
40,18,12
24,23,4
32,11,2
48,22,0
30,14,6
24,13,3
16,22,8
44,19,10
36,12,4
11,19,10
14,22,12
34,11,0
8,22,8
47,22,1
47,21,2
28,17,7
25,20,4
12,15,9
14,8,0
8,21,4
11,13,6
16,10,1
15,9,0
9,14,6
29,22,8
28,14,7
9,23,18
41,14,1
37,12,1
9,21,7
11,14,9
45,22,13
48,21,5
18,14,2
23,10,0
12,9,0
29,10,2
10,19,1
30,21,8
43,21,13
44,18,10
26,21,7
11,16,10
40,22,14
40,16,7
15,8,0
8,23,15
46,19,5
34,22,12
11,20,12
49,23,4
13,16,7
38,16,10
23,17,3
18,21,5
13,17,9
27,22,8
23,21,4
44,21,12
38,13,3
33,22,10
37,11,2
9,21,11
35,21,13
23,12,2
33,21,10
16,21,6
8,22,13
27,15,6
10,17,8
13,14,6
23,20,3
45,17,1
39,14,1
35,12,4
9,23,16
43,18,11
44,17,8
35,19,11
24,12,2
39,14,7
40,17,10
15,22,11
13,15,9
24,11,0
14,14,8
23,16,2
22,14,2
34,23,14
12,20,10
34,19,10
47,22,0
6,23,11
38,15,8
43,15,0
13,15,6
10,18,6
28,20,7
9,17,1
42,17,9
32,21,10
29,13,5
27,13,5
19,22,5
10,14,4
41,15,6
19,21,4
10,18,0
39,23,15
10,14,5
29,14,5
32,10,1
9,21,13
22,16,3
40,14,4
36,20,12
34,12,4
14,13,6
37,22,14
7,22,7
9,20,1
18,15,2
35,14,5
31,21,8
46,19,8
15,14,7
39,15,7
20,21,3
12,22,16
28,12,2
13,23,15
13,23,17
29,21,7
30,23,11
16,21,7
12,9,1
19,9,0
12,11,1
34,20,10
42,16,2
15,10,0
20,18,3
31,16,9
47,22,2
10,21,14
39,14,5
30,11,3
38,19,12
9,21,8
19,11,0
12,16,9
32,16,9
35,16,8
10,16,5
30,12,4
18,21,4
32,11,3
7,23,12
15,13,6
31,20,9
12,11,3
6,23,5
18,18,4
6,22,3
30,10,2
33,17,8
33,23,11
47,21,7
29,13,4
25,11,2
33,10,1
24,23,6
34,10,2
13,14,9
9,22,15
12,14,9
29,9,0
11,18,2
42,17,3
27,22,7
21,21,4
35,9,0
26,16,6
46,21,1
7,23,7
15,11,3
43,17,1
40,23,15
34,23,11
38,23,15
18,19,4
17,9,0
7,22,3
10,19,6
34,19,9
20,21,4
17,11,0
45,18,4
48,22,2
42,18,10
5,23,1
30,23,9
45,23,14
16,22,10
46,19,3
45,18,2
10,19,9
37,15,7
30,20,8
41,15,7
37,12,3
34,18,9
45,19,5
14,10,2
11,19,4
23,13,3
21,22,4
45,19,4
13,9,1
30,13,5
34,13,4
42,17,2
41,17,9
28,11,1
13,20,11
15,15,5
36,11,3
21,22,5
38,13,6
32,22,10
42,16,7
28,9,1
30,15,8
36,20,11
32,17,8
42,21,13
36,16,9
32,23,10
35,16,9
36,13,6
8,21,11
38,12,2
27,10,0
37,20,12
41,16,4
21,12,0
29,12,4
43,18,4
10,11,0
9,12,1
42,23,13
14,19,8
44,17,6
26,9,0
7,23,9
11,12,1
41,14,0
25,12,1
37,13,4
15,11,4
8,21,7
31,9,0
38,14,7
25,18,4
39,18,12
20,16,2
34,9,1
46,21,13
33,10,0
47,23,13
14,20,9
18,9,0
29,21,8
10,14,8
15,12,5
16,22,9
8,22,14
35,11,2
9,21,6
8,21,9
6,23,6
47,20,8
17,19,4
46,18,1
42,16,3
39,19,12
14,17,7
25,13,5
48,22,6
12,13,5
44,19,5
36,11,2
24,20,4
6,23,12
15,20,7
9,18,1
21,13,1
31,22,10
42,15,1
6,23,3
10,15,7
34,17,8
49,23,3
26,19,5
44,19,11
30,13,6
21,18,3
31,11,2
37,14,7
11,22,14
17,21,5
42,15,0
39,14,4
27,12,4
21,21,3
9,12,0
41,16,2
43,16,5
17,9,1
48,22,5
10,15,8
46,20,7
36,15,8
40,16,10
31,17,9
7,21,2
21,15,2
34,12,2
20,17,3
35,10,2
33,13,6
18,11,2
23,11,1
49,22,5
29,10,0
34,10,1
7,22,11
48,22,4
45,17,0
23,15,3
10,20,6
21,23,5
42,16,0
12,14,8
24,21,5
39,13,2
28,12,3
19,12,2
21,16,3
42,23,14
41,15,0
18,20,3
30,12,3
47,19,5
47,22,12
41,17,10
46,19,7
10,23,17
34,12,3
43,16,6
28,12,4
10,16,6
18,23,8
45,21,13
40,17,11
13,22,14
10,20,2
21,12,1
20,23,5
29,9,1
35,11,1
11,14,7
19,14,2
43,17,8
15,23,14
45,18,3
32,21,9
17,12,2
16,17,4
10,18,2
46,19,6
40,13,3
49,23,7
42,17,5
22,20,3
36,18,10
14,21,9
45,19,7
11,12,3
10,14,7
14,16,7
28,22,7
21,20,3
18,12,1
26,20,6
12,22,14
13,17,10
16,23,10
22,11,0
39,12,0
30,15,7
35,17,9
16,9,0
13,23,14
27,13,4
18,14,3
14,13,7
16,12,4
38,11,1
24,23,5
6,23,13
8,21,2
23,22,3
41,15,1
24,22,4
15,12,4
9,21,10
39,17,12
24,21,4
5,23,0
44,16,0
45,23,15
25,11,0
17,13,4
25,9,0
15,11,2
50,23,8
11,16,9
13,22,13
41,20,12
44,18,5
16,21,5
13,10,0
12,14,7
13,19,9
6,22,2
21,11,0
33,15,7
39,13,5
44,18,6
48,22,3
17,23,7
33,18,9
8,22,10
33,11,3
9,21,9
36,23,15
26,23,8
14,12,5
17,18,4
11,16,8
44,19,4
14,22,10
42,17,12
47,22,9
38,15,7
46,22,12
39,15,8
50,23,6
37,15,8
24,19,4
43,18,10
18,11,0
10,17,2
37,11,0
13,9,0
10,12,1
23,23,5
23,13,2
44,17,1
6,23,8
35,20,10
33,14,6
17,20,4
17,19,5
26,15,6
40,14,5
24,17,4
19,19,3
48,23,3
15,10,1
26,12,3
20,14,2
47,20,3
30,16,8
42,15,3
10,16,8
20,18,2
9,23,13
10,22,15
39,14,6
22,17,2
40,15,5
37,19,12
20,22,5
35,23,15
8,22,4
11,14,8
13,20,10
39,12,2
9,20,8
36,10,0
14,17,8
41,15,5
9,23,14
16,18,5
42,16,5
7,23,13
