17,1,47
43,2,59
30,6,60
25,5,57
28,7,61
54,0,2
53,0,61
37,2,56
32,3,57
11,3,48
43,1,59
9,0,44
27,2,53
21,3,52
3,10,58
7,3,48
34,5,60
7,0,44
18,9,61
38,4,61
30,1,52
2,12,59
30,1,51
63,3,3
47,1,61
61,0,63
24,8,60
14,2,48
14,1,48
24,0,50
57,0,63
14,4,53
6,13,63
26,1,50
6,7,54
18,8,59
28,6,58
10,0,45
39,3,60
7,3,49
34,7,62
60,0,59
12,6,55
7,10,58
6,11,61
55,2,1
37,3,58
53,1,2
19,0,47
61,5,1
57,0,62
61,5,3
21,1,51
17,2,51
7,11,59
56,1,1
24,7,58
63,6,1
61,1,5
49,1,4
12,4,51
20,0,47
55,1,2
33,1,54
19,1,49
0,2,45
6,7,53
57,3,0
13,4,51
35,5,61
15,0,45
18,5,55
62,0,8
9,11,60
13,7,57
4,2,46
3,8,54
15,10,61
6,3,46
61,0,62
29,8,63
62,7,0
54,2,1
7,4,49
21,5,55
1,7,52
1,0,42
6,6,52
23,9,62
55,0,3
26,10,63
17,5,55
12,13,63
0,13,59
29,2,53
59,0,7
15,1,48
1,7,51
57,2,3
19,10,62
63,2,3
14,0,47
27,3,55
6,5,52
20,10,61
37,1,54
58,0,60
61,3,3
1,9,54
23,3,52
12,0,43
5,1,43
4,10,59
40,4,63
12,11,61
28,6,59
50,1,62
9,9,59
9,1,44
50,1,0
11,7,55
44,3,62
41,2,60
32,1,53
11,2,47
25,4,56
60,8,0
1,12,59
10,5,53
16,4,52
18,1,48
20,7,58
28,7,59
21,2,51
6,1,44
1,0,41
39,0,53
27,2,52
42,1,1
24,8,61
55,2,0
8,2,47
38,5,61
18,6,55
7,0,43
8,8,56
19,8,59
4,5,50
42,1,58
34,1,53
13,11,62
24,5,56
39,5,63
0,3,45
45,0,57
4,7,53
42,2,58
6,9,58
59,0,63
49,0,6
21,9,60
21,6,56
49,1,62
20,8,59
62,1,4
17,7,58
23,5,55
61,4,1
31,6,61
55,1,1
12,5,53
25,9,61
11,0,43
62,1,10
13,10,60
29,1,51
59,4,0
10,7,55
58,2,1
3,6,51
16,12,63
17,10,62
55,0,5
54,0,7
2,1,44
12,1,45
16,7,56
17,3,51
63,0,6
5,7,54
2,9,55
30,4,56
48,0,62
61,1,9
53,4,0
14,3,50
5,13,63
32,7,63
18,8,58
3,12,61
41,1,0
5,6,53
2,14,61
57,6,0
50,2,3
53,1,6
52,1,5
62,5,1
8,9,57
27,5,57
14,11,61
15,12,63
21,4,53
17,4,52
17,1,49
42,0,57
3,13,63
51,0,3
59,3,0
5,4,50
13,12,62
63,7,0
46,1,61
63,4,2
0,13,61
61,4,0
26,6,58
19,3,52
37,6,63
27,8,62
23,6,56
19,11,63
32,5,59
62,1,6
8,5,51
1,8,52
30,7,61
14,12,63
38,0,54
35,4,60
45,2,61
23,1,51
37,5,60
33,5,59
58,0,61
27,6,58
18,1,49
6,0,43
7,6,53
61,0,10
1,4,48
23,1,50
59,0,8
48,0,61
43,3,62
49,0,61
22,2,52
2,4,49
2,13,61
20,6,57
18,2,49
39,3,59
26,1,51
27,4,54
34,1,55
38,5,63
59,3,2
9,3,47
14,2,50
25,7,59
58,4,3
0,7,52
0,10,56
42,3,61
41,2,59
7,13,63
54,0,63
46,2,62
18,10,62
44,2,61
0,15,63
17,1,48
54,0,5
22,2,51
5,12,61
24,2,52
19,5,55
63,6,0
30,3,55
60,4,0
4,10,58
34,0,51
16,4,53
7,10,60
6,10,59
3,2,45
39,2,58
2,10,56
0,14,61
1,2,45
12,0,44
31,6,59
11,3,50
20,3,53
26,3,53
16,9,59
24,3,54
5,10,57
17,12,63
29,0,51
33,2,55
53,0,3
34,4,59
16,7,57
51,0,62
42,3,62
5,1,45
22,8,59
10,9,57
27,0,49
18,9,59
53,1,3
11,1,47
2,11,57
27,3,53
36,2,56
3,13,62
16,5,54
44,0,58
26,2,52
25,6,57
28,3,55
17,11,63
62,4,3
62,3,9
24,1,51
25,10,63
40,4,62
0,6,49
38,4,60
59,0,5
7,1,44
16,8,59
30,0,51
4,9,55
5,11,61
3,2,46
30,3,54
60,2,2
7,11,61
17,8,58
63,4,3
38,3,58
62,0,61
15,3,50
24,5,57
10,1,45
53,1,0
10,2,47
40,1,58
6,2,45
9,4,50
25,7,60
32,6,60
11,13,63
27,1,52
7,2,46
51,0,1
2,1,43
32,0,52
13,9,58
53,0,1
24,6,58
56,2,0
3,6,52
8,5,50
19,10,61
61,3,1
51,0,5
51,0,4
0,15,62
34,3,57
1,11,58
2,13,60
63,1,7
15,1,49
3,3,47
35,1,54
44,0,57
14,1,46
31,2,53
16,6,55
14,10,60
4,8,54
41,0,0
52,0,5
31,5,59
32,5,58
6,13,62
14,8,57
13,5,54
7,3,47
19,7,58
3,5,49
30,4,57
12,7,55
5,4,49
0,7,51
20,11,63
61,3,4
2,6,51
19,0,48
36,6,62
28,8,61
11,4,51
13,5,53
55,1,3
9,4,51
21,8,61
9,12,62
62,2,9
2,2,46
53,0,6
1,15,62
15,3,51
9,6,53
32,6,61
12,3,51
14,6,56
22,3,54
0,0,41
28,9,63
62,1,9
8,10,58
47,2,62
62,4,0
5,14,63
3,1,45
47,0,58
23,3,54
9,3,48
7,7,55
3,1,43
32,3,56
12,6,54
4,0,42
45,0,59
21,11,63
27,8,61
62,1,63
53,2,1
2,0,41
1,5,50
55,0,63
16,6,56
7,5,50
6,5,51
3,7,53
7,0,42
20,9,60
42,0,55
63,0,63
38,2,58
32,4,57
45,0,58
26,8,61
15,9,58
36,0,54
18,0,47
47,1,62
12,3,49
21,7,57
63,2,7
29,1,53
49,1,3
20,4,54
21,6,58
51,0,61
11,4,52
26,6,59
12,11,62
3,8,53
26,6,57
2,5,48
7,10,57
62,4,4
6,4,48
55,1,5
3,6,50
7,12,62
8,6,54
40,4,60
10,6,53
7,2,47
43,4,63
63,4,1
1,6,50
46,0,0
37,0,53
13,8,57
62,4,2
7,7,54
45,2,63
23,2,51
17,0,48
15,5,54
62,4,1
60,5,0
27,6,59
19,4,54
0,14,62
8,12,62
36,1,55
35,2,56
63,0,62
1,14,63
32,2,55
54,1,4
46,0,59
3,9,55
63,2,8
5,11,60
14,9,59
26,3,55
61,0,11
1,3,47
8,3,47
11,9,57
29,9,63
17,5,53
43,0,1
62,2,3
29,0,49
43,3,63
35,2,57
57,7,0
3,11,58
41,0,55
62,5,3
22,4,55
17,9,60
58,3,4
7,8,55
4,11,60
50,0,63
11,9,58
9,9,58
37,4,59
34,2,55
28,5,56
49,1,63
18,6,57
37,0,54
31,3,55
1,2,44
44,1,58
21,3,53
41,1,57
39,1,57
18,11,63
8,1,44
30,5,57
16,11,63
12,4,52
33,0,52
14,7,55
31,4,56
12,12,63
9,4,49
42,0,0
48,1,63
43,0,56
8,6,52
21,2,52
36,5,61
57,0,5
63,8,0
60,0,8
21,6,57
7,9,58
25,5,56
8,4,49
3,9,56
37,1,55
34,6,60
0,1,42
16,3,50
31,0,50
48,2,63
17,4,54
14,6,55
15,4,52
42,2,61
35,4,58
61,0,61
15,7,56
40,4,61
3,0,43
33,6,61
1,14,62
3,2,44
21,1,50
28,5,57
59,1,4
61,5,0
63,1,6
15,0,46
28,3,54
47,0,61
26,0,50
12,5,54
11,9,59
47,0,0
39,4,60
29,7,61
56,1,2
42,2,0
11,4,50
7,4,50
9,0,43
30,8,62
7,5,52
3,11,59
16,1,49
24,7,59
1,15,63
36,3,57
13,7,55
14,7,56
59,0,4
33,0,53
61,4,3
9,12,61
10,10,60
13,4,53
27,8,60
24,9,63
63,0,59
20,2,51
24,4,55
40,1,57
57,2,1
30,9,63
63,3,6
22,9,62
13,9,59
6,2,46
34,0,52
33,7,62
23,0,49
39,3,58
5,6,52
1,1,44
28,1,51
19,1,48
10,5,52
1,4,46
28,0,51
61,2,3
9,7,54
61,3,2
9,3,49
59,2,2
25,0,49
36,5,62
42,0,1
55,2,3
12,9,59
21,7,58
2,4,47
29,1,52
18,3,52
46,2,63
26,8,60
53,2,0
0,4,47
29,4,56
4,2,44
25,9,62
1,3,45
10,8,57
4,3,47
18,12,63
34,6,62
63,9,0
36,1,56
39,1,55
46,3,63
6,10,57
29,8,61
62,7,1
60,2,5
4,12,60
37,5,62
28,4,55
35,3,58
13,4,52
1,6,51
59,3,1
7,5,51
37,3,59
14,7,57
33,7,63
40,1,56
7,10,59
7,1,45
54,1,5
1,10,55
6,2,47
53,3,1
45,0,60
8,0,44
19,8,58
9,8,57
13,0,46
24,0,49
2,11,59
10,13,63
62,0,10
16,1,48
21,8,59
56,1,3
24,9,61
50,0,61
26,1,52
10,12,61
30,5,59
15,6,54
1,8,54
36,0,52
33,3,55
36,4,58
15,11,61
43,0,58
3,12,59
11,10,59
34,2,56
58,1,4
48,1,62
39,5,62
41,5,62
14,10,61
8,6,53
15,10,60
0,13,60
12,1,47
9,1,45
13,2,47
0,9,55
1,10,56
36,3,58
48,0,60
0,6,50
13,8,58
49,0,4
39,2,57
45,2,62
58,6,0
62,0,11
54,0,3
23,9,61
17,6,55
9,6,52
0,11,57
16,9,60
51,0,63
55,3,0
35,0,54
21,0,48
11,10,60
4,3,48
53,1,1
53,0,2
37,2,58
19,5,56
55,0,2
2,9,56
6,12,62
59,0,59
14,9,60
9,11,61
29,4,55
57,3,1
16,7,58
16,0,45
61,2,5
0,7,50
47,0,60
2,12,60
43,0,55
22,5,55
2,0,42
25,2,53
17,2,49
16,10,61
52,0,62
6,8,56
12,8,57
8,11,61
25,4,54
10,9,58
57,3,4
4,14,63
10,3,49
61,0,6
5,10,59
5,2,47
54,0,62
19,5,54
1,12,58
39,4,61
57,4,3
11,11,61
10,0,44
37,1,56
60,0,7
8,5,52
2,8,54
59,0,62
32,7,61
5,4,48
42,0,56
2,15,63
7,9,57
0,6,51
0,0,42
51,1,0
7,12,61
22,6,58
16,2,49
4,1,44
9,2,47
35,1,53
59,6,0
43,1,60
7,13,62
29,3,56
5,13,62
25,3,53
14,5,54
11,6,55
2,7,51
23,3,53
0,8,52
33,4,58
23,8,60
39,4,62
53,3,0
6,4,49
43,1,0
4,6,52
22,4,54
5,3,47
56,0,3
30,7,60
50,0,3
23,0,48
16,2,50
3,0,42
23,6,57
15,8,58
14,4,52
16,10,62
63,5,3
10,1,44
29,6,59
11,5,53
21,9,62
63,6,2
15,0,47
25,0,48
27,9,62
8,13,62
34,6,61
9,6,54
47,1,63
23,2,52
7,6,52
20,10,63
61,0,59
31,2,54
52,0,63
38,2,56
20,4,55
18,4,54
17,10,60
33,5,58
44,0,0
57,3,2
10,6,55
43,2,61
62,3,4
61,4,2
16,5,53
62,6,1
16,10,60
23,4,56
6,11,59
33,2,54
60,0,58
62,0,58
56,0,63
30,8,63
11,0,44
31,7,61
1,13,61
20,10,62
22,5,56
58,3,0
39,6,63
62,0,6
60,0,6
42,3,60
10,7,56
12,12,62
6,4,50
7,9,56
46,1,60
21,7,59
24,3,53
4,13,62
27,4,55
13,2,50
11,8,57
28,2,53
36,5,60
11,3,49
3,5,50
20,2,52
0,9,53
35,3,57
58,2,3
31,0,51
25,1,50
6,0,42
61,2,11
19,8,60
58,0,4
11,11,60
13,10,61
10,5,51
61,1,4
23,10,62
8,7,53
62,0,9
58,1,3
15,9,59
10,2,46
61,1,11
5,12,62
9,7,56
2,2,45
63,0,7
24,9,62
19,6,57
19,3,53
45,1,60
51,1,1
5,8,56
21,9,61
36,2,57
38,6,63
11,7,56
8,11,60
40,2,58
19,3,51
54,0,6
1,12,60
58,2,2
61,2,4
18,6,56
23,4,55
32,1,54
0,12,58
41,4,61
26,5,56
42,2,59
49,0,62
35,4,59
8,4,50
4,13,63
14,0,44
37,3,57
25,3,54
15,11,62
4,7,54
10,3,50
61,0,9
33,6,62
26,7,59
54,0,61
63,5,6
4,7,52
38,4,59
41,3,61
13,1,46
23,7,58
32,4,58
47,0,59
55,0,4
59,4,1
61,5,2
12,11,60
63,4,6
7,7,53
42,1,57
50,1,3
62,0,59
25,0,50
63,5,0
43,2,60
11,12,62
36,4,59
22,1,50
8,7,54
27,1,50
60,0,62
15,4,53
5,0,43
41,4,62
22,7,59
60,3,2
2,3,47
11,2,46
48,1,61
22,1,51
8,13,63
2,14,62
4,0,43
63,3,4
19,9,60
20,9,61
3,12,60
63,4,4
35,5,60
20,5,56
11,6,54
29,3,55
15,2,50
52,0,2
41,0,54
6,10,58
34,4,58
14,3,51
31,2,55
1,5,48
54,1,2
34,0,53
39,1,56
63,0,60
46,0,58
14,11,62
46,1,62
29,5,57
9,10,59
4,5,49
19,6,55
25,7,58
59,1,7
6,6,53
62,0,60
48,0,1
21,4,55
18,7,57
26,4,55
1,4,47
4,2,45
63,2,6
28,1,52
22,7,58
6,12,61
61,1,10
14,4,51
40,0,56
22,2,50
29,3,54
17,9,59
28,2,54
14,8,58
9,5,52
33,5,60
25,4,55
63,5,1
54,1,6
8,8,55
12,2,48
13,3,50
31,8,63
4,5,51
31,1,52
14,5,53
31,0,52
54,2,2
17,2,50
62,5,2
37,5,61
10,12,62
4,1,45
56,3,0
26,9,63
0,12,59
11,5,54
1,13,60
57,0,61
25,1,51
58,0,62
61,4,4
18,4,52
10,1,46
17,7,56
25,9,63
61,0,60
37,7,63
23,5,57
39,2,59
13,0,44
2,14,63
57,2,2
55,0,61
8,1,45
33,3,57
63,0,8
20,7,57
50,1,63
60,0,61
24,6,57
25,8,61
12,10,59
25,6,58
44,2,62
23,6,58
6,0,44
6,3,48
55,0,62
42,4,62
35,7,63
27,9,63
29,0,50
0,4,48
34,5,59
17,0,46
13,1,47
20,4,53
62,6,2
27,5,58
52,1,0
15,11,63
7,2,45
22,0,49
10,6,54
19,6,56
38,3,60
20,5,54
57,0,60
8,1,46
61,2,9
16,11,61
14,1,47
28,9,62
4,6,51
52,0,6
25,6,59
34,3,58
16,3,52
15,8,57
39,0,55
38,2,57
42,1,59
0,11,56
58,5,0
41,0,1
9,10,60
16,5,55
21,1,49
63,3,2
34,3,56
29,2,54
35,6,62
28,4,56
38,1,57
28,7,60
23,4,54
27,5,56
19,9,61
62,5,0
5,10,58
4,4,49
33,2,56
63,2,5
3,14,63
17,3,52
33,8,63
32,2,54
26,5,57
33,6,60
20,6,56
44,3,63
37,4,60
0,1,43
17,5,54
33,1,53
3,13,61
63,8,1
8,0,43
5,9,57
31,6,60
30,6,59
10,4,51
41,0,57
22,7,60
12,2,49
51,1,63
54,2,5
12,8,56
30,2,55
23,8,61
60,2,4
33,4,57
60,1,8
28,0,49
24,7,60
11,2,48
10,4,50
55,1,6
56,0,4
12,1,46
21,0,49
61,6,0
30,3,56
56,0,62
16,8,58
25,8,60
12,2,47
16,0,46
11,5,52
51,0,2
54,1,3
23,5,56
13,2,49
5,3,46
0,10,55
20,1,49
60,1,5
35,6,61
59,0,60
54,2,3
62,3,3
35,0,52
21,5,56
17,0,47
28,4,57
42,4,63
2,3,46
5,2,45
34,1,54
20,0,49
22,9,61
10,8,56
59,2,3
1,5,49
44,0,55
54,2,0
21,10,63
19,4,53
3,7,52
38,1,56
22,8,61
46,0,61
4,12,61
8,3,49
3,5,51
59,2,1
50,1,4
19,2,50
62,2,5
50,0,1
32,3,55
44,2,60
43,0,0
48,0,0
13,10,59
59,0,6
10,11,60
50,0,4
63,3,5
45,3,63
6,5,50
37,2,57
7,8,56
30,1,53
20,1,50
26,9,62
22,0,48
29,7,60
4,11,58
60,4,1
20,8,60
2,11,58
40,0,55
22,6,57
15,1,47
14,10,59
58,4,0
26,0,49
40,5,62
12,10,60
31,4,57
28,0,50
22,8,60
33,3,56
32,0,51
41,1,58
1,11,57
12,9,58
16,3,51
49,1,5
10,12,63
26,9,61
61,2,10
58,0,63
13,1,48
24,2,53
54,2,6
13,12,63
10,11,61
32,8,63
5,0,44
9,7,55
11,12,63
5,8,55
5,1,44
3,8,55
41,4,63
39,0,54
58,0,5
14,0,45
2,4,48
31,1,53
1,14,61
5,2,46
58,7,0
6,6,51
40,3,59
22,3,52
10,10,59
35,0,53
14,12,62
2,5,50
20,0,48
49,0,5
15,9,60
5,3,48
27,7,61
1,10,57
36,6,61
0,8,53
8,0,42
3,7,54
40,3,61
18,7,58
45,1,59
63,1,8
1,1,43
13,11,60
16,1,47
31,4,58
61,0,5
52,1,1
34,5,61
8,10,60
60,1,3
62,2,4
17,6,56
55,0,6
50,0,62
5,11,59
34,7,63
57,0,3
59,1,3
33,0,51
19,7,57
18,0,48
0,3,46
17,11,62
44,1,60
14,2,49
36,0,53
18,3,51
15,2,49
59,0,61
13,0,45
60,0,5
43,3,61
26,2,53
40,2,59
2,13,62
12,7,56
53,0,63
12,8,58
43,0,57
49,0,3
50,0,0
4,11,59
36,7,63
15,3,52
36,1,54
35,7,62
59,1,5
15,7,57
44,0,59
36,2,55
43,2,62
5,8,54
27,4,56
29,4,57
32,1,52
16,2,51
1,13,62
37,4,61
60,0,60
2,9,54
24,2,51
3,10,56
29,6,58
49,0,1
59,7,0
14,6,54
47,2,63
2,7,53
36,6,63
28,8,62
11,8,56
20,7,59
62,0,62
41,1,56
36,3,59
63,0,61
3,4,49
30,0,50
0,2,43
22,3,53
46,0,60
54,1,1
53,0,62
5,9,56
62,3,2
62,6,0
10,3,48
21,10,62
50,0,5
22,10,63
20,2,50
29,8,62
30,2,53
3,1,44
44,0,56
24,4,56
24,1,50
0,5,49
9,2,48
20,9,62
0,1,44
2,10,57
4,3,46
6,9,56
32,6,59
6,8,55
30,7,62
11,6,53
52,2,0
49,0,2
6,7,55
8,8,57
54,0,4
5,6,51
5,4,47
9,13,62
1,9,55
31,7,62
27,7,60
8,9,58
4,4,48
1,8,53
49,0,0
38,5,62
9,13,63
4,10,57
62,1,5
22,5,57
16,0,47
24,4,54
4,8,55
60,3,1
25,2,52
38,1,55
18,9,60
30,2,54
42,2,1
27,1,51
21,2,50
25,1,52
56,2,1
57,3,3
16,8,57
40,3,60
52,0,1
40,0,54
55,2,2
11,0,45
0,2,44
19,1,50
26,7,60
4,9,56
62,1,11
58,4,2
19,10,63
22,1,49
39,5,61
17,10,61
62,2,10
32,5,60
33,7,61
28,2,52
27,3,54
11,1,45
62,0,63
43,1,57
60,0,63
56,0,5
8,12,61
61,0,7
21,8,60
13,13,63
18,2,51
17,4,53
17,8,59
0,4,46
2,2,44
10,0,43
60,2,3
23,7,60
10,9,59
42,1,0
41,3,60
53,0,5
0,9,54
60,7,0
62,0,7
30,5,58
0,11,58
5,0,42
58,3,1
63,1,5
26,3,54
3,3,48
18,10,61
33,4,59
21,4,54
38,3,59
13,11,61
58,2,4
3,4,47
63,4,5
24,3,52
14,0,46
31,8,62
28,5,58
4,12,62
6,9,57
34,8,63
4,9,57
29,6,60
9,5,51
22,10,62
13,2,48
2,5,49
42,5,63
57,1,2
13,7,56
38,0,53
35,1,55
6,1,45
13,6,55
23,10,63
15,6,55
35,2,55
32,7,62
3,4,48
31,3,56
9,1,46
5,7,53
24,10,63
60,1,4
11,1,46
6,3,47
8,10,59
19,2,51
44,1,59
57,0,4
18,1,50
15,5,53
60,1,7
40,5,63
2,7,52
45,1,61
9,8,56
56,2,2
26,8,62
23,0,50
37,0,55
5,12,60
10,8,58
15,6,56
6,11,60
63,2,4
18,11,62
13,3,49
38,0,55
29,5,59
24,0,48
12,3,50
37,6,62
18,5,54
27,0,50
18,2,50
41,5,63
0,5,48
58,3,3
16,11,62
36,4,60
41,2,58
42,2,60
43,1,58
13,3,51
31,5,58
41,0,56
29,5,58
20,5,55
8,3,48
13,6,54
2,8,53
26,4,56
2,6,50
58,1,2
20,3,52
3,10,57
27,7,59
9,9,57
12,5,52
7,11,60
18,4,53
23,7,59
2,0,43
12,0,45
17,7,57
9,2,46
8,7,55
57,1,3
3,3,46
5,5,50
63,7,1
1,3,46
35,6,63
14,9,58
10,2,48
8,2,46
56,0,61
5,5,51
27,10,63
