22,13,2
12,9,7
6,14,1
51,5,9
44,0,42
51,10,1
4,1,62
8,6,8
46,0,36
4,2,15
24,2,15
15,8,6
29,3,11
8,5,12
42,5,10
56,0,46
23,11,4
56,9,2
34,5,6
61,9,5
48,0,40
56,2,8
0,0,58
53,2,9
10,10,7
14,14,1
33,12,3
61,7,2
37,11,3
22,11,5
1,4,10
38,11,1
49,0,52
13,6,12
34,11,2
1,12,3
15,13,4
34,11,1
5,15,0
51,1,10
49,1,56
19,5,10
39,9,3
17,10,2
35,6,6
4,0,16
62,4,60
19,1,13
44,0,46
56,0,51
5,0,61
63,7,4
21,2,15
42,6,3
1,12,4
21,0,16
2,6,11
11,8,8
6,7,8
24,0,16
11,13,5
10,9,7
36,1,60
49,0,14
1,11,5
1,4,16
50,4,10
17,16,0
24,9,6
16,10,4
23,9,8
25,2,63
5,5,16
9,4,14
34,12,2
57,1,11
17,10,7
2,0,58
3,14,0
9,3,14
59,0,51
41,1,62
47,4,5
41,6,5
38,8,6
7,0,60
24,2,12
61,0,49
53,3,63
2,0,15
31,1,61
47,7,8
44,13,0
22,1,63
28,0,13
45,0,36
4,11,2
7,10,7
44,0,39
43,5,7
43,11,0
61,12,1
52,7,3
8,12,8
4,5,14
9,6,10
11,6,10
19,10,7
38,0,16
35,4,11
46,5,9
60,0,33
3,2,12
55,0,36
50,11,2
53,0,44
31,10,1
17,10,3
6,9,9
22,10,3
34,13,3
9,2,16
3,4,10
44,0,51
39,6,8
46,7,2
45,6,4
18,4,10
31,8,3
49,5,9
30,6,7
29,8,5
28,0,18
40,13,0
59,3,60
53,0,37
30,11,5
57,10,3
44,1,44
3,6,8
19,12,4
38,1,16
18,3,14
25,2,11
46,9,1
18,7,8
5,10,2
43,0,53
39,8,1
17,2,13
45,1,50
19,1,14
16,11,6
55,9,1
63,8,1
54,12,2
14,8,9
55,7,2
31,0,59
39,7,5
2,8,7
14,10,6
23,3,14
45,9,1
47,0,41
41,3,63
48,0,25
24,5,12
22,8,8
61,4,61
60,8,2
5,3,16
42,10,3
40,7,6
38,5,5
59,0,12
22,2,63
1,3,15
63,10,0
55,1,14
28,1,16
26,1,13
56,0,43
47,0,50
43,0,12
59,0,46
57,6,4
53,2,55
62,1,15
40,7,3
19,10,6
28,4,13
48,8,5
47,7,2
60,4,61
63,7,2
58,1,16
24,9,3
45,0,48
29,0,60
44,1,62
56,2,56
30,11,1
4,6,8
60,0,44
7,7,7
5,12,5
39,8,3
7,10,8
51,0,45
5,1,14
7,4,13
18,5,12
5,9,7
23,7,7
10,0,17
34,1,12
4,5,8
19,9,3
38,15,0
6,3,11
29,6,10
45,1,10
20,15,1
41,11,1
48,3,62
48,2,8
33,5,6
58,5,10
20,3,14
28,15,0
59,2,10
37,9,2
46,0,48
50,4,12
40,5,12
11,11,9
60,4,9
38,6,5
48,4,7
12,2,16
8,14,0
45,1,17
37,0,14
27,3,14
7,9,7
62,9,1
2,2,63
55,0,37
44,5,10
48,10,0
3,0,58
56,6,4
22,0,20
30,3,14
26,0,13
43,2,62
45,11,3
29,0,15
54,5,7
53,3,12
52,9,0
60,12,1
27,0,13
14,6,11
52,0,12
59,6,4
20,7,6
25,7,9
35,7,9
62,9,2
16,9,7
43,11,1
39,0,57
0,9,6
39,1,61
39,11,0
21,4,11
1,5,15
16,5,9
42,5,5
59,1,12
56,4,61
43,6,8
23,14,1
32,9,5
43,7,4
28,5,9
39,9,0
0,6,12
61,2,52
43,1,62
13,10,3
5,1,17
17,0,63
24,7,9
39,5,6
29,5,8
48,0,11
23,5,10
50,8,1
23,7,6
5,4,17
39,13,0
2,5,9
46,0,14
22,7,9
7,8,5
18,13,1
28,8,3
38,7,5
12,0,15
60,3,10
30,9,3
50,6,9
58,0,16
13,12,0
1,4,12
29,14,0
52,13,0
37,0,59
62,4,9
59,4,12
30,10,1
53,13,0
3,11,3
51,0,43
31,1,62
46,2,11
39,13,1
62,11,0
53,1,52
61,2,9
63,1,48
15,9,7
52,4,62
2,15,2
54,6,6
18,9,8
53,0,36
47,7,4
15,11,7
49,1,14
6,9,5
30,2,15
10,3,19
19,9,5
55,8,1
42,4,7
28,11,1
42,9,2
44,0,55
9,12,2
56,0,34
56,0,40
57,5,7
22,14,0
58,4,7
7,7,11
35,4,9
48,0,44
58,1,11
63,3,8
29,0,21
61,0,14
21,7,9
31,4,9
5,0,17
45,0,41
10,7,8
5,11,3
61,8,2
19,6,11
16,16,0
58,2,11
10,7,13
41,1,58
22,12,0
0,11,6
29,3,12
37,0,16
62,3,58
5,2,17
19,0,63
25,13,2
48,6,6
7,8,8
14,13,1
22,14,2
44,5,4
19,9,9
59,3,9
2,16,1
4,8,10
3,2,15
36,2,14
56,8,3
63,6,5
56,0,49
28,5,13
0,6,9
29,7,7
10,3,12
48,5,11
20,13,4
36,8,2
50,8,2
49,0,46
47,10,2
23,0,14
12,8,8
63,4,7
15,14,0
34,11,4
46,7,3
62,2,8
23,2,13
59,5,63
33,1,13
49,4,8
33,8,2
32,0,18
33,12,2
54,5,6
58,0,49
19,0,18
58,4,60
45,2,8
21,1,61
8,11,8
19,14,0
34,9,4
63,0,15
28,5,12
54,2,10
59,4,63
62,1,10
4,9,4
8,13,3
19,10,4
50,3,62
15,15,1
1,1,15
53,3,9
62,10,1
23,11,3
51,11,2
13,7,13
51,5,10
17,13,0
16,11,2
62,1,9
28,10,1
51,9,2
20,2,15
56,8,2
2,1,17
24,7,7
42,3,7
6,11,2
43,0,52
60,7,5
58,1,51
48,5,9
0,10,7
20,1,15
39,0,54
36,9,1
42,0,11
3,15,2
54,3,8
30,4,11
5,11,8
5,9,8
32,6,7
39,5,11
62,0,49
20,11,2
23,0,15
38,7,4
8,1,16
6,7,9
24,10,5
36,11,1
26,13,2
56,3,10
15,14,3
44,0,56
51,1,54
8,2,16
23,9,3
63,0,14
7,7,8
44,7,8
20,13,3
38,6,7
61,13,0
52,4,7
22,11,1
9,13,0
49,0,16
28,0,24
28,2,13
63,0,43
35,2,62
16,9,5
3,8,6
11,13,0
6,0,61
51,0,42
56,0,35
41,0,51
43,1,12
36,0,13
51,0,38
16,11,4
56,4,60
61,9,1
27,8,7
19,12,0
49,1,10
19,1,15
61,0,38
16,6,12
11,11,3
54,9,4
48,5,4
6,3,13
12,5,10
40,0,50
32,3,8
44,0,50
22,6,9
47,7,6
25,7,8
61,2,51
6,15,1
61,0,42
37,9,1
52,0,42
35,0,59
47,13,0
18,3,13
2,1,61
0,11,7
47,2,13
8,14,2
31,2,12
4,6,11
35,5,8
47,9,2
47,1,13
31,10,0
49,5,6
35,1,62
14,7,7
53,2,11
21,7,6
16,8,8
25,0,15
48,7,6
18,15,2
6,16,0
10,0,18
38,2,9
30,1,62
26,1,21
46,4,11
11,10,10
14,9,6
21,5,13
57,7,4
46,8,4
50,0,11
24,12,2
52,12,0
57,1,51
50,9,4
24,10,4
56,0,50
0,10,6
37,4,10
61,6,4
1,6,9
1,9,7
60,7,4
14,3,13
62,1,14
59,3,8
49,2,12
27,9,6
0,5,11
29,4,10
49,6,6
38,5,8
23,0,16
5,12,1
27,2,63
5,0,56
7,7,12
37,4,9
17,12,2
5,8,5
18,13,0
58,7,3
39,0,15
49,0,53
2,11,5
50,7,7
34,4,7
38,0,58
4,11,5
40,1,13
7,7,9
17,10,8
56,3,9
56,3,56
24,2,13
50,2,12
58,9,0
43,9,3
9,9,7
10,2,18
24,4,14
54,2,55
15,3,12
26,8,9
26,3,10
22,5,11
25,9,3
13,6,9
47,0,48
6,12,4
31,5,10
19,10,2
45,6,6
36,5,6
44,7,2
6,12,6
32,2,63
57,5,10
45,10,5
47,2,8
60,0,12
16,10,7
56,12,2
14,12,3
36,3,8
54,1,14
1,3,16
4,4,14
5,6,9
53,11,2
14,15,1
2,7,6
56,4,6
35,11,4
20,10,4
24,7,5
23,12,4
61,2,8
43,1,49
33,10,4
21,11,6
29,0,16
25,0,14
36,2,12
52,0,53
45,2,62
6,13,1
20,11,6
22,7,8
50,3,63
62,0,15
43,10,4
6,0,17
50,6,5
57,4,61
53,0,38
23,8,5
42,5,9
41,1,56
39,1,59
6,13,4
47,4,6
12,10,8
44,3,7
2,11,7
41,6,4
63,0,36
53,0,12
30,14,0
3,5,13
57,0,49
13,11,6
62,3,10
45,10,3
53,0,52
56,5,9
7,0,57
8,12,0
36,8,4
24,8,8
35,0,14
38,10,4
57,12,1
44,2,9
10,1,17
56,0,48
15,12,2
28,13,1
37,1,15
7,13,3
21,3,10
31,3,10
57,3,13
5,7,10
50,1,55
45,4,9
25,3,13
25,3,11
49,0,42
63,2,12
38,3,12
58,10,2
28,3,10
48,0,39
22,10,4
4,8,8
44,0,49
32,9,1
0,10,5
11,4,11
40,0,55
59,10,0
1,6,10
51,8,6
26,12,2
23,15,1
48,2,11
51,2,63
25,7,5
56,4,9
49,4,9
37,1,60
20,14,0
21,9,7
15,7,10
19,8,6
12,9,4
40,2,12
30,1,12
51,11,0
35,8,3
20,13,0
51,0,53
59,0,16
63,1,51
51,4,6
52,4,6
10,5,12
54,7,4
14,7,8
24,11,4
39,9,1
51,1,12
21,10,2
28,5,8
46,1,52
9,5,15
57,3,62
38,9,2
38,11,2
47,0,14
37,8,4
57,4,8
48,8,4
1,0,58
30,12,1
19,1,16
38,0,60
51,4,10
47,0,52
26,0,14
26,5,8
52,2,55
21,6,10
7,14,0
33,5,7
4,4,16
4,15,2
54,1,10
34,7,8
39,7,7
57,3,57
57,1,13
38,8,7
61,8,4
1,12,5
21,9,5
2,4,17
3,12,4
8,0,17
48,0,13
39,6,7
63,1,11
36,4,11
30,7,10
51,2,55
36,8,3
28,3,14
30,9,2
51,2,11
20,2,13
26,5,7
50,1,12
44,3,8
18,9,3
41,4,8
14,15,0
18,11,3
38,3,10
45,9,3
37,0,56
55,3,57
58,0,33
47,2,60
40,9,5
27,0,19
37,2,13
9,13,3
58,0,13
10,5,14
8,7,8
23,5,11
14,6,8
50,3,7
52,2,62
47,0,45
52,3,11
60,4,58
31,2,63
50,0,42
8,11,2
33,8,4
49,1,55
17,9,8
3,0,55
16,2,13
31,9,7
36,0,57
59,2,52
23,10,3
25,6,10
60,3,56
35,0,12
26,1,63
60,4,59
20,10,7
28,1,17
42,6,8
39,7,8
27,5,9
18,0,15
58,9,4
50,0,12
4,3,17
48,1,56
62,0,48
53,2,58
55,7,3
33,0,60
45,0,16
4,7,10
61,0,33
36,9,7
56,7,4
48,4,8
19,14,2
62,2,9
60,3,59
49,1,12
63,0,44
63,2,11
57,2,53
3,12,3
44,4,8
16,0,62
51,8,0
8,0,59
36,7,4
33,7,4
38,1,60
19,0,16
52,0,51
62,4,6
41,0,50
36,0,60
5,1,63
7,8,10
49,2,10
11,8,9
33,9,3
8,1,15
42,5,8
2,2,12
53,8,5
13,9,8
41,13,0
61,3,57
0,12,3
15,11,6
55,3,63
33,10,2
57,3,8
7,2,13
59,0,49
6,11,5
32,10,0
17,14,0
15,13,3
45,2,11
10,6,8
56,0,36
34,1,61
9,1,19
40,8,7
19,3,12
12,8,9
33,2,9
41,0,54
9,6,9
8,12,2
21,1,16
36,3,11
61,0,13
25,13,1
18,8,8
2,2,19
12,9,11
27,0,24
52,8,0
33,6,9
43,6,6
18,13,5
39,2,63
56,1,13
24,8,10
42,7,8
1,1,58
0,8,7
50,0,14
39,10,0
56,3,58
41,10,0
47,4,7
6,0,63
24,4,9
42,0,13
55,0,51
29,7,4
51,6,4
18,3,11
31,5,13
61,1,12
1,12,1
51,0,41
62,1,51
9,0,60
49,2,62
46,0,46
55,0,12
6,6,8
39,0,14
37,0,54
37,10,0
47,0,47
0,10,4
26,10,6
62,0,34
52,3,8
54,0,46
12,4,14
45,12,1
60,3,54
12,11,5
37,0,13
32,4,11
45,7,6
4,0,56
17,12,0
37,1,61
61,0,15
2,6,12
8,0,16
20,0,15
4,9,9
49,2,9
5,10,7
45,1,11
55,7,1
8,2,15
58,0,35
0,13,1
44,2,17
30,6,8
14,12,0
8,4,13
31,7,7
0,4,12
34,0,56
54,8,5
62,0,13
47,11,2
44,12,1
50,10,0
4,12,2
59,10,3
37,1,62
44,5,7
30,0,13
7,2,15
25,8,6
53,1,11
1,1,63
45,9,4
3,13,1
6,1,15
54,0,51
52,9,3
13,11,5
8,0,62
37,6,5
52,3,12
40,9,6
10,4,16
34,1,11
25,12,2
46,9,5
6,6,11
62,0,46
59,3,54
58,5,6
8,4,17
6,0,60
14,1,15
51,3,61
62,4,7
57,0,51
54,12,0
55,5,9
25,11,6
29,1,12
43,2,8
44,0,16
0,3,13
31,4,13
23,12,3
7,0,16
56,5,5
13,13,0
44,1,17
33,8,7
15,10,4
55,3,60
50,5,6
45,0,11
11,4,13
49,3,7
63,0,32
53,8,3
44,2,10
25,3,12
57,9,4
56,7,5
44,1,12
17,14,3
3,14,1
21,12,2
0,0,15
25,9,6
18,10,5
24,13,3
60,0,38
3,4,17
0,0,17
24,11,1
25,6,7
34,6,6
40,0,59
9,2,17
60,1,11
35,1,13
18,15,1
0,9,4
34,5,7
42,6,7
52,5,5
12,12,5
63,4,59
27,4,12
1,2,13
49,1,11
11,3,13
9,3,13
57,0,38
45,8,3
30,3,10
16,7,7
16,5,10
1,10,6
41,10,1
60,3,57
48,6,9
33,11,3
22,1,19
5,0,15
18,6,9
2,14,1
56,2,54
52,4,8
16,15,0
21,9,6
36,9,3
58,8,1
13,9,5
63,3,7
26,2,20
48,0,14
16,9,6
3,5,14
35,0,57
62,0,44
40,1,57
54,5,9
52,6,7
63,10,3
6,4,14
40,10,0
43,3,12
46,0,12
23,6,10
48,9,5
5,11,7
53,2,56
40,0,17
22,2,13
42,1,11
0,0,56
60,11,1
34,11,3
38,9,3
18,8,7
47,8,0
5,7,11
35,7,5
55,4,8
8,10,8
28,6,8
13,15,2
20,3,15
37,1,59
63,9,1
4,0,61
58,1,13
34,6,5
11,5,11
30,10,6
60,0,49
2,2,15
5,8,9
13,8,6
26,1,62
32,1,61
62,9,0
20,7,8
17,8,10
44,1,51
46,2,61
38,12,1
47,8,4
41,8,6
27,0,60
15,12,5
53,6,3
49,9,4
14,12,2
23,4,11
32,6,6
37,10,3
6,11,3
5,0,58
28,9,3
55,2,12
22,11,6
38,7,3
59,12,0
48,2,59
22,10,5
22,10,7
1,1,59
11,10,7
32,10,2
19,2,16
45,0,12
21,9,3
45,13,1
53,6,7
41,2,14
56,6,9
10,9,6
44,2,8
54,6,7
21,8,9
44,1,43
45,3,8
55,7,7
62,3,9
31,4,7
43,7,2
48,11,0
17,4,12
16,12,2
43,4,10
19,6,8
42,11,0
44,4,7
57,7,8
35,9,4
40,1,10
52,1,11
19,13,1
2,6,9
32,2,62
38,8,3
18,1,13
10,10,3
44,4,11
16,3,12
32,3,9
5,1,61
63,8,0
10,9,4
30,4,8
23,4,10
15,9,9
44,4,10
39,11,1
40,7,5
12,4,11
24,8,6
6,1,16
41,8,3
54,3,9
46,5,7
10,11,4
22,12,2
13,3,12
55,7,5
61,5,63
55,2,58
5,7,13
6,6,14
46,0,35
41,2,9
61,0,45
15,14,1
3,15,1
61,0,35
46,3,8
5,6,11
35,3,63
4,2,17
31,3,12
23,12,0
23,2,12
36,9,5
45,10,2
32,6,5
3,1,15
26,3,12
35,13,0
9,0,19
50,10,2
39,1,62
47,0,49
52,0,38
21,13,1
40,12,1
43,0,46
51,14,0
38,1,11
36,7,6
54,3,60
1,3,12
52,5,9
14,0,63
13,9,6
49,1,41
12,11,9
50,10,3
26,2,14
7,15,2
50,1,53
28,0,59
26,8,4
56,3,57
57,0,14
49,1,15
63,8,5
42,4,10
41,12,3
57,2,52
37,12,1
6,5,10
11,9,6
13,4,11
25,1,13
28,2,14
38,6,4
46,6,8
53,3,59
9,9,6
37,5,7
18,13,2
13,6,13
3,0,15
45,1,9
61,4,10
61,4,6
58,2,13
40,3,9
49,2,58
29,9,4
49,5,8
18,16,0
45,6,8
23,8,9
54,4,11
24,4,11
50,8,7
9,11,6
50,5,4
62,4,56
19,12,6
1,14,1
37,7,5
55,0,14
15,16,0
34,3,12
49,5,10
30,13,0
53,12,0
2,8,10
43,2,9
23,1,16
24,3,11
31,9,2
54,0,40
63,3,53
4,10,3
12,8,6
62,8,4
2,10,4
31,12,4
51,0,11
32,3,63
40,2,9
47,2,57
0,0,16
19,2,14
43,6,10
40,1,14
3,3,16
51,3,63
28,8,5
1,1,61
54,0,35
56,0,12
59,3,56
17,0,14
45,1,56
41,0,53
52,0,44
63,8,3
53,3,8
45,3,10
46,2,8
12,0,16
6,6,13
57,3,10
40,2,11
59,11,0
58,8,3
4,15,1
29,0,14
40,3,12
26,12,1
52,3,63
48,4,6
28,6,7
36,0,12
54,0,36
62,3,8
53,1,53
27,7,5
41,9,3
16,12,1
48,8,1
3,9,4
6,2,15
45,8,6
28,1,61
37,1,13
27,1,19
30,8,7
59,2,53
49,1,57
50,9,0
25,4,11
51,4,7
25,1,14
12,1,16
62,1,49
17,10,5
37,2,63
46,10,1
60,6,7
1,1,60
50,2,58
31,0,18
30,7,4
44,0,41
24,12,1
0,7,7
11,0,18
9,0,18
42,7,6
25,2,19
33,5,8
26,4,10
42,9,4
57,3,7
6,1,62
0,6,11
31,9,5
50,12,1
61,1,13
47,12,0
27,1,62
62,0,16
40,1,56
9,6,14
25,0,21
30,9,6
43,5,9
57,4,7
62,2,51
63,0,37
4,1,60
44,7,3
26,2,16
31,11,5
3,5,9
50,2,54
42,0,55
54,10,0
39,0,59
49,1,40
59,2,54
1,4,11
19,2,13
59,3,55
42,8,5
55,0,46
33,3,12
26,6,6
49,4,11
18,7,9
34,11,0
54,0,41
60,6,4
44,9,1
3,9,8
51,3,10
62,5,7
51,0,46
11,10,6
13,4,14
25,3,10
22,8,9
5,17,0
53,0,46
14,15,3
46,3,11
44,11,1
25,10,6
2,6,13
1,4,14
40,1,61
46,1,10
26,2,62
29,5,7
37,1,10
9,10,6
41,0,13
5,4,10
0,13,0
34,0,58
15,10,3
59,1,51
12,5,13
36,4,9
48,1,59
6,8,6
7,15,0
50,7,4
36,7,3
54,9,3
63,6,3
11,4,12
23,13,3
39,3,11
44,10,0
4,14,1
32,0,15
44,0,40
51,6,8
19,8,9
47,0,12
44,0,54
40,7,2
59,2,12
59,10,2
55,8,4
0,6,8
2,0,56
3,1,60
2,1,63
59,3,58
58,3,60
55,2,56
55,1,11
51,0,13
37,3,11
3,13,3
2,1,15
37,9,6
6,8,10
6,5,11
20,10,5
1,8,11
44,1,48
59,11,2
46,13,0
47,1,46
55,3,59
60,4,63
13,10,4
58,0,12
7,14,2
0,8,8
24,12,3
11,3,14
10,0,59
30,10,5
62,4,8
32,5,6
0,2,16
11,5,15
34,5,8
51,8,2
48,10,5
21,3,14
9,5,11
47,0,38
52,0,39
45,0,38
29,0,59
18,8,6
46,2,63
55,3,55
1,0,16
42,0,12
53,11,0
43,10,0
35,7,4
42,7,3
53,0,14
49,10,4
14,7,10
36,5,11
11,6,12
0,1,16
16,4,14
11,5,10
25,1,62
53,9,0
19,11,5
16,10,5
59,7,5
14,13,0
19,7,6
9,0,61
5,4,12
19,5,11
43,1,58
25,12,3
27,8,4
58,4,12
54,7,3
14,11,1
49,2,14
42,1,57
19,11,2
44,0,52
29,6,9
20,4,12
39,8,2
41,10,2
32,2,12
17,12,4
19,3,14
0,2,15
34,8,2
55,3,8
16,7,9
4,1,14
55,0,41
48,2,10
44,8,1
0,15,0
56,0,11
53,4,6
9,13,1
29,2,17
15,10,9
57,9,2
44,0,18
59,4,11
29,7,5
18,6,10
20,6,10
30,3,9
15,12,0
57,7,6
53,5,5
52,2,11
50,10,4
17,4,11
60,9,0
36,10,0
57,7,2
41,1,59
60,11,0
52,2,60
54,4,6
16,12,0
22,15,1
44,4,9
7,10,2
32,8,8
13,11,2
62,3,13
38,8,4
21,12,3
20,13,1
62,10,0
40,9,4
24,1,13
1,9,8
22,16,0
41,8,2
41,4,7
29,1,17
61,7,3
51,0,44
2,9,4
63,9,0
18,12,2
18,2,14
59,4,6
0,8,5
57,12,0
9,11,7
58,11,0
56,10,0
57,5,6
23,12,1
63,2,9
8,14,1
37,11,1
25,7,7
46,4,10
35,12,3
40,12,0
4,12,3
61,0,12
55,9,0
9,6,13
49,0,40
45,0,43
18,2,15
14,13,2
7,12,3
52,3,9
57,7,7
30,1,60
14,11,3
17,7,7
63,5,4
23,10,2
51,0,35
44,8,7
27,6,6
3,8,5
24,2,63
60,10,1
34,10,4
19,7,7
50,8,3
48,4,5
30,9,5
36,3,12
34,0,14
41,6,9
59,9,0
9,0,16
31,12,5
2,1,14
24,13,2
33,6,7
6,4,12
56,4,10
54,0,14
7,6,10
61,4,9
49,0,44
39,4,11
3,16,2
0,14,0
31,8,2
50,6,7
60,0,41
2,4,14
52,5,8
54,2,54
55,2,57
51,6,5
46,3,9
61,4,57
13,12,6
6,11,8
41,0,14
31,0,19
38,10,0
50,1,13
16,6,10
24,1,12
50,4,8
23,1,61
37,2,14
2,10,3
44,2,63
56,0,44
6,6,7
4,6,10
43,0,57
46,0,38
14,0,15
39,1,16
29,11,0
54,8,2
3,1,62
31,7,5
41,11,3
14,9,7
54,4,10
62,2,14
53,5,7
4,9,11
30,5,12
39,1,11
41,2,13
5,4,11
15,8,10
58,2,9
60,0,42
17,1,63
26,6,10
6,0,16
26,7,5
58,4,63
50,1,10
5,8,7
24,0,60
28,0,15
9,11,3
58,3,8
48,4,10
1,11,1
43,2,60
25,2,20
6,11,6
36,14,0
48,4,12
55,0,40
10,2,17
57,4,9
51,2,62
49,5,4
3,2,17
32,1,15
20,8,9
57,4,62
40,1,59
24,0,14
8,12,3
6,8,8
61,4,11
6,3,12
19,4,11
2,9,7
13,6,8
33,1,62
29,0,58
19,6,10
44,0,37
21,3,13
33,0,57
63,3,10
59,0,11
22,8,7
57,4,11
10,9,9
9,0,59
47,2,9
37,7,8
2,11,6
46,4,6
31,4,11
27,13,0
59,6,5
48,2,9
22,11,3
52,4,11
40,0,15
51,11,1
51,5,6
13,1,14
6,0,59
42,3,8
53,3,62
38,3,11
1,5,11
60,12,0
21,5,9
53,0,51
37,8,5
35,6,7
20,0,61
42,11,3
3,4,14
14,10,7
32,1,60
58,5,7
34,1,14
28,14,1
53,8,6
17,6,8
28,5,10
4,13,0
6,2,14
22,0,15
42,9,1
17,15,1
48,5,8
13,13,4
51,9,0
16,7,8
63,3,9
54,4,8
58,6,4
51,12,1
31,2,13
19,7,9
38,0,12
43,8,1
46,6,6
25,1,15
46,10,2
7,2,17
10,4,14
62,0,38
14,12,5
37,3,9
42,0,50
49,5,5
11,12,1
9,12,1
54,2,12
51,1,53
62,7,4
52,12,1
45,1,53
63,1,13
37,0,15
9,3,12
1,10,4
25,0,62
13,0,23
61,10,0
39,10,3
38,5,6
40,8,2
12,3,15
43,5,8
26,0,21
57,0,40
44,3,11
11,11,1
57,6,6
1,0,57
36,5,9
43,5,10
60,0,13
57,3,60
60,2,12
4,5,11
19,0,15
56,3,8
11,10,9
56,0,45
27,2,11
44,9,4
18,7,6
51,10,0
18,1,15
7,1,18
42,7,2
45,8,1
30,8,4
11,3,15
35,7,7
2,8,8
52,10,3
17,6,11
61,9,3
6,8,5
52,1,53
31,3,14
36,0,56
4,2,13
52,2,59
40,8,4
39,9,5
45,9,5
53,0,43
33,9,4
50,0,44
42,1,10
47,1,53
25,3,14
39,7,4
40,4,10
45,6,3
2,12,6
46,4,7
47,1,9
0,2,12
2,9,9
45,1,39
5,1,60
8,4,16
48,1,14
22,6,6
59,7,6
57,1,10
33,7,6
5,10,3
57,10,1
18,14,3
1,8,10
27,6,11
53,2,12
18,12,4
5,10,8
35,1,15
62,0,11
4,9,5
43,4,9
26,0,20
25,1,20
1,5,13
62,6,4
40,4,9
9,2,19
1,13,0
27,6,7
49,3,62
46,2,10
63,0,40
63,0,34
62,3,54
31,8,8
11,8,10
28,1,13
7,6,11
63,3,54
31,4,10
3,7,8
13,5,13
63,0,12
26,4,9
34,2,12
51,13,0
23,10,7
59,8,2
63,7,3
19,3,11
14,8,5
0,1,61
21,4,10
28,7,5
1,0,55
41,5,8
1,9,4
39,4,10
51,10,3
50,0,37
56,4,63
62,0,45
37,13,1
3,0,17
53,11,1
24,9,7
3,2,16
20,13,2
10,10,8
47,0,13
25,1,16
8,9,4
2,5,13
28,9,4
11,14,5
38,11,3
49,3,13
26,0,60
18,8,5
37,7,4
58,3,55
36,11,3
51,3,11
8,1,17
1,3,17
15,6,12
58,4,58
37,2,10
54,5,10
51,6,3
58,0,50
60,10,2
34,9,3
48,0,47
39,6,10
28,7,10
38,0,15
61,1,14
7,9,4
35,5,10
50,8,0
5,10,6
62,0,37
0,10,8
57,8,3
43,0,50
1,9,5
25,1,63
33,12,1
61,0,46
36,6,7
63,11,1
15,12,3
20,1,62
23,1,63
38,0,55
59,0,38
60,4,62
12,12,1
52,2,10
9,5,14
23,13,2
27,5,8
24,3,15
39,0,53
55,12,2
26,6,9
55,5,7
55,7,4
33,3,11
9,5,9
17,2,12
18,10,7
35,11,3
49,6,8
6,2,16
38,5,10
37,6,8
37,8,2
0,10,3
56,8,4
30,2,63
9,11,2
61,0,43
4,10,4
23,11,5
55,2,10
11,11,6
29,0,13
62,10,2
63,7,5
28,4,12
11,12,5
63,10,1
56,2,12
38,9,1
25,7,6
49,0,36
48,0,37
62,3,56
19,5,13
29,6,11
35,8,4
56,10,2
13,15,1
9,1,15
33,0,17
20,6,13
45,5,9
34,6,7
60,3,8
31,1,11
44,6,6
18,9,9
2,6,14
17,3,11
58,3,10
3,0,57
51,2,58
41,8,1
48,4,9
5,12,2
54,10,2
16,6,8
48,0,42
41,6,6
27,2,14
44,1,49
51,0,52
11,5,13
53,6,4
53,2,60
50,4,7
62,7,3
41,8,7
26,3,63
13,9,7
42,0,56
3,13,4
46,6,5
30,0,58
26,3,13
40,1,17
27,3,13
9,5,13
55,6,8
19,7,8
10,1,18
11,6,8
33,1,60
23,12,2
19,14,1
27,2,12
29,2,63
13,8,8
5,12,4
26,0,62
63,3,58
29,10,4
61,7,4
31,10,6
13,0,17
24,5,9
41,1,11
21,0,61
61,0,44
14,3,12
62,0,41
53,10,3
26,2,12
27,3,11
63,8,4
7,9,5
18,1,14
61,0,11
59,3,13
13,11,3
34,3,11
18,10,2
49,5,7
30,1,15
33,2,11
0,7,9
29,6,7
47,0,11
30,7,6
58,3,61
27,2,13
46,2,60
12,3,14
0,4,10
58,12,2
61,0,37
56,5,7
59,0,41
54,8,1
54,1,11
56,12,1
32,0,19
60,4,60
20,7,7
6,10,4
13,7,8
46,1,59
27,0,14
6,5,13
17,7,11
34,0,59
31,9,3
56,2,11
23,11,2
54,11,2
33,10,1
63,1,9
50,6,6
48,12,0
63,0,35
35,5,11
14,0,16
36,10,4
41,0,12
34,3,9
32,7,5
34,2,11
23,0,62
4,16,0
10,12,0
40,5,6
61,4,7
22,1,20
62,8,1
11,1,16
42,2,63
35,8,5
0,1,14
43,3,8
44,1,47
16,5,12
44,0,17
19,9,6
17,5,11
54,10,1
50,11,3
42,1,62
23,8,6
0,0,14
9,10,8
50,9,3
49,7,6
50,4,9
26,1,61
34,9,5
43,0,49
32,7,4
50,0,39
1,8,9
39,5,8
8,4,12
49,0,48
24,4,10
13,10,8
19,1,63
17,11,1
37,5,6
48,9,4
24,1,15
44,10,2
57,4,63
10,1,16
13,4,13
49,8,3
58,10,4
17,11,3
10,11,5
4,4,13
18,2,13
30,10,2
33,12,0
20,8,7
60,4,10
35,0,56
50,0,46
19,7,11
8,8,5
41,0,55
61,3,54
62,6,3
61,9,2
24,6,7
55,8,3
11,6,13
21,1,13
46,2,59
21,8,4
57,6,5
15,1,14
5,5,12
59,5,9
58,13,0
22,3,13
45,1,43
4,10,7
55,3,10
0,1,13
2,3,12
37,6,9
13,12,1
12,8,7
4,7,7
60,5,9
4,14,2
59,3,57
33,11,2
51,2,10
6,12,5
8,4,11
25,1,12
31,4,12
11,10,8
47,0,39
16,8,7
61,2,14
14,11,5
34,7,4
8,6,10
15,11,3
55,0,39
59,3,12
12,13,0
40,2,62
58,4,61
46,7,8
21,10,7
7,3,13
14,9,5
41,8,5
43,1,59
24,5,7
49,1,16
20,5,10
15,0,61
42,12,2
63,4,6
45,8,0
59,4,8
63,6,6
9,3,17
29,6,13
40,8,3
18,10,8
49,3,11
50,11,0
39,1,13
44,6,5
5,6,7
28,13,0
2,12,0
56,6,8
41,3,8
62,10,3
47,8,7
60,3,11
36,0,15
39,2,13
58,6,7
62,3,55
58,6,6
27,5,11
49,8,1
14,5,11
5,12,3
43,1,50
32,3,14
63,4,56
53,11,3
44,13,1
6,7,6
57,0,37
21,13,2
26,11,2
36,3,10
39,4,8
34,8,5
22,8,6
62,3,59
42,4,8
13,14,0
45,1,59
47,0,51
61,4,60
0,1,62
59,0,34
53,10,4
35,8,6
8,3,15
16,6,9
4,13,4
3,12,1
41,0,56
29,10,0
44,1,56
45,1,51
59,0,40
14,10,4
28,1,63
18,6,11
29,2,13
19,8,4
40,9,3
27,9,2
46,11,3
40,9,2
5,16,0
54,5,5
62,0,36
16,6,13
46,5,8
53,0,41
49,0,43
22,2,12
44,7,6
12,15,0
16,0,15
27,9,5
63,2,53
8,10,4
62,8,5
10,11,7
22,5,10
53,0,39
51,0,12
63,1,15
4,4,17
31,4,14
3,3,12
4,7,9
7,2,18
61,2,12
48,6,4
3,6,7
29,6,8
63,0,11
21,11,2
57,8,4
48,1,12
27,11,2
4,8,7
17,14,1
9,0,17
8,7,6
25,14,0
44,0,11
46,9,3
52,11,2
33,1,61
12,11,4
40,0,52
63,0,42
56,7,3
34,4,8
0,13,2
55,0,13
40,2,10
34,5,9
11,7,8
4,3,13
20,3,13
2,7,9
40,13,1
3,7,11
51,2,57
56,9,1
6,7,12
11,4,15
57,2,10
1,8,6
45,8,5
26,8,6
49,6,9
48,0,45
35,1,60
46,0,39
41,7,8
11,0,17
26,4,12
40,11,2
25,0,20
61,2,13
13,5,12
55,2,13
50,9,2
23,7,5
28,4,9
46,5,10
15,5,9
55,3,9
12,9,8
50,5,9
59,5,6
26,7,9
1,4,15
57,7,5
61,0,34
44,5,6
35,3,11
28,1,62
14,11,7
58,7,7
39,8,4
40,0,18
1,7,6
30,5,8
17,3,12
48,1,25
38,2,16
3,5,10
9,3,15
61,6,8
42,1,59
58,3,13
55,6,5
7,4,11
33,3,8
49,0,50
29,0,20
20,9,4
57,0,41
18,8,9
58,0,51
9,1,16
6,12,1
3,7,9
40,0,54
55,1,13
37,2,12
42,8,4
53,0,34
54,6,5
27,4,11
9,5,12
41,0,11
3,11,2
10,3,18
40,10,3
1,1,18
28,4,14
6,14,3
37,9,3
56,11,1
11,11,4
25,4,9
49,11,1
49,9,1
15,7,11
39,4,12
27,0,61
11,9,4
16,0,63
45,0,49
47,6,6
56,1,52
57,8,5
44,2,62
58,2,52
57,9,1
52,7,6
53,0,13
26,1,20
60,0,50
38,10,3
59,4,61
26,1,12
25,11,0
3,7,10
42,4,6
50,8,6
18,0,62
6,14,2
58,3,57
62,0,43
46,8,3
61,10,2
33,3,63
40,6,8
53,5,10
30,0,60
32,12,1
56,0,52
58,0,36
33,7,8
41,5,7
14,9,8
5,1,15
16,9,4
14,0,61
26,9,6
28,1,14
29,3,13
38,2,63
46,0,13
12,13,1
46,4,8
38,4,7
36,9,4
2,0,55
47,2,59
5,1,62
11,0,60
27,8,6
6,12,0
52,8,2
44,2,12
20,0,14
6,13,2
19,4,10
20,9,7
24,10,3
43,0,51
11,12,7
56,10,3
49,4,6
33,1,14
23,1,14
42,5,6
13,9,9
6,4,11
26,12,0
25,2,13
57,11,1
39,9,4
17,4,10
25,0,18
7,16,1
24,6,11
6,16,1
21,4,12
61,0,39
20,0,17
23,2,14
26,3,14
45,0,44
19,13,0
20,6,8
7,3,16
63,9,3
26,1,15
47,1,59
58,1,10
41,6,7
60,9,2
11,7,13
36,11,2
51,3,62
18,14,0
40,1,11
15,13,5
35,10,0
3,9,5
0,9,8
62,0,33
1,15,0
13,0,63
2,14,4
5,12,6
43,7,7
54,2,58
36,9,2
31,1,60
53,4,10
26,9,4
20,0,62
47,11,1
33,5,9
14,8,7
37,5,10
53,1,54
47,9,1
25,4,12
20,1,13
8,3,17
44,9,2
12,0,59
14,4,13
47,12,2
61,5,9
30,5,10
31,0,13
58,0,45
57,3,12
4,12,0
53,7,2
24,5,8
14,12,4
43,2,11
5,3,13
26,0,19
46,0,44
36,2,63
51,7,5
57,9,5
38,2,13
7,8,6
60,0,37
31,2,62
55,0,50
22,10,2
9,4,11
38,2,15
16,13,1
58,3,9
11,12,4
42,10,2
27,5,10
15,5,12
31,5,8
6,8,11
47,0,24
38,6,8
50,5,8
5,11,2
44,11,2
23,0,60
45,0,37
48,3,12
52,3,62
57,2,54
51,4,11
1,3,14
53,2,54
32,0,58
16,7,10
32,5,8
46,7,4
45,1,41
43,8,4
6,10,9
42,9,3
41,5,5
49,3,10
40,10,2
1,1,17
10,3,13
55,7,6
3,14,2
20,4,11
21,12,4
58,4,11
11,1,15
31,9,1
5,12,0
22,9,3
22,2,62
25,5,9
58,6,3
52,9,1
47,6,5
61,3,9
60,2,11
45,10,0
26,13,0
12,7,7
39,14,1
30,3,13
30,2,11
6,7,11
51,9,1
19,11,1
53,2,13
7,4,10
11,7,7
47,7,7
34,7,10
56,4,62
1,17,0
49,2,63
55,1,52
36,0,14
13,13,3
15,2,13
63,2,10
9,7,7
36,3,13
33,2,12
45,1,58
11,0,61
6,1,17
49,7,5
45,0,45
46,1,60
26,2,11
55,0,38
34,2,10
58,2,54
21,1,15
8,11,7
61,1,50
29,4,11
2,1,58
50,0,51
60,7,3
58,8,2
31,6,7
40,7,7
21,1,62
15,4,11
50,0,43
18,12,0
50,1,57
46,6,10
4,6,13
43,12,2
25,0,17
13,2,13
63,1,14
20,4,10
52,10,4
60,2,53
38,0,59
62,0,39
38,2,11
12,7,12
58,7,4
32,5,7
48,0,35
2,2,17
46,7,5
29,3,9
30,7,5
5,13,1
50,2,59
44,1,60
12,10,4
4,14,0
14,11,2
63,0,47
45,7,7
6,7,10
40,6,4
50,2,56
42,10,0
39,4,9
7,8,11
49,4,10
42,0,54
30,4,13
38,0,56
11,0,59
11,1,17
54,8,3
56,5,6
41,12,1
15,0,62
9,8,5
61,0,50
16,0,61
4,6,7
38,1,10
4,7,12
54,0,13
18,6,12
26,2,19
11,10,4
26,0,61
50,10,1
16,1,63
26,6,7
23,2,15
15,8,8
45,1,52
41,9,5
8,8,7
53,0,11
57,10,2
60,5,5
36,6,5
17,10,9
56,7,8
57,4,12
44,12,0
3,10,8
63,6,4
24,5,11
13,1,15
0,16,1
14,9,9
39,4,7
62,2,13
45,1,60
21,8,10
33,6,6
27,12,0
8,10,6
16,2,14
3,0,16
12,10,3
41,2,10
34,4,9
5,8,10
41,6,8
18,3,15
28,7,7
25,11,1
4,8,11
50,2,61
54,2,11
6,6,10
8,12,7
24,8,4
0,7,6
8,13,2
22,4,12
16,8,9
46,1,55
45,3,7
37,7,6
24,6,12
62,5,4
34,0,12
31,0,16
63,0,45
33,4,8
4,5,13
29,8,4
46,0,45
48,3,11
0,0,57
43,0,42
63,5,63
45,5,8
23,7,9
15,3,14
61,0,36
6,2,17
30,4,12
12,0,61
54,2,59
31,1,12
33,2,63
36,2,10
0,1,59
12,0,63
46,0,11
61,11,1
35,6,9
31,6,10
32,10,1
21,8,7
52,3,61
6,10,5
53,2,10
40,8,1
22,7,6
58,8,5
30,0,59
38,13,1
41,12,2
15,7,8
22,13,0
44,8,0
2,4,16
49,10,5
6,14,4
15,6,9
37,4,13
45,1,57
57,5,8
20,9,5
47,6,4
54,7,6
2,7,7
43,3,10
41,10,5
53,9,1
25,0,16
47,7,1
17,7,10
46,3,10
26,14,0
1,5,9
53,1,13
21,2,12
63,0,38
40,1,60
19,13,2
7,2,14
7,5,9
58,8,4
33,0,56
33,6,10
27,11,0
60,0,11
12,9,6
37,13,0
1,11,4
21,11,1
52,7,2
22,5,12
62,8,2
46,0,50
4,8,6
11,9,7
21,13,3
35,4,7
37,1,11
18,6,7
52,2,57
44,3,9
4,9,8
29,9,6
52,4,63
38,1,13
6,7,13
48,9,0
50,0,38
15,5,10
53,0,35
46,0,52
10,4,12
48,1,57
0,9,7
41,11,2
23,6,6
62,0,40
58,0,41
19,15,1
29,8,7
34,1,13
38,9,5
46,7,7
61,4,63
8,10,2
48,7,5
10,7,9
4,8,9
63,3,56
5,10,4
43,1,11
38,9,6
5,5,13
46,1,53
4,0,57
50,1,56
63,5,5
61,8,5
60,10,3
57,0,42
18,3,12
52,0,36
52,8,3
10,8,6
14,12,6
55,5,5
27,12,2
23,3,13
50,3,8
43,1,13
58,5,8
2,3,14
62,5,63
36,11,4
17,7,9
40,12,2
37,1,14
21,12,1
58,12,1
63,5,8
13,17,0
35,11,0
15,12,6
24,11,0
31,2,16
39,6,4
14,11,6
18,1,63
38,0,57
52,2,54
42,0,51
22,6,7
46,4,9
43,0,56
15,9,5
12,0,17
2,9,5
40,5,10
52,9,4
2,13,5
10,1,15
44,1,18
13,11,1
23,10,5
36,9,6
1,7,10
32,7,8
51,9,5
58,2,10
4,13,1
6,8,7
49,0,11
35,12,1
7,0,17
49,0,35
44,1,54
20,8,8
60,10,0
46,1,12
20,3,11
40,10,4
47,6,9
47,0,36
32,3,11
50,7,6
4,6,12
54,3,13
12,6,13
56,6,7
12,6,8
37,4,11
53,9,4
1,6,8
43,0,13
30,7,7
39,14,0
33,4,10
46,12,0
21,4,13
58,3,11
63,11,0
60,6,8
16,7,11
45,0,17
63,9,4
29,1,13
49,7,3
57,0,16
9,2,15
25,8,9
8,12,1
1,0,15
23,3,11
52,4,9
55,2,9
9,9,4
41,1,10
45,4,7
55,1,10
13,7,10
47,10,1
63,8,2
55,3,61
61,3,60
59,5,7
55,8,2
0,16,0
59,7,3
51,10,2
30,11,0
38,0,13
56,3,60
47,5,9
56,9,0
22,13,3
57,11,2
44,5,11
60,3,7
63,4,5
3,10,5
5,11,1
25,4,13
31,0,17
63,0,48
12,11,3
62,5,5
11,0,16
43,10,3
44,0,44
52,3,60
5,3,12
4,13,3
2,4,10
5,11,5
12,0,22
3,3,13
60,6,5
24,1,62
19,0,17
18,11,2
10,0,16
62,9,3
57,11,0
34,8,7
22,12,1
60,0,36
22,12,4
12,7,9
3,6,13
51,7,7
0,1,17
1,6,12
15,9,4
63,4,8
42,6,4
12,5,12
27,13,1
40,9,0
59,4,9
5,9,6
62,11,1
49,7,1
15,10,5
31,11,0
0,1,15
60,0,48
40,0,57
34,12,1
35,8,2
27,0,20
24,0,59
50,2,9
55,2,54
35,15,0
34,9,1
43,0,47
11,2,15
13,0,16
16,13,0
63,2,52
57,0,33
45,0,39
43,0,40
44,4,6
24,13,0
26,7,6
34,8,3
39,1,14
49,8,0
14,2,13
60,9,3
20,2,16
10,0,19
33,7,7
16,14,0
23,14,2
21,7,10
23,3,10
9,14,2
53,10,2
2,1,18
37,3,13
63,2,8
55,2,55
5,5,9
28,4,10
48,10,1
32,0,14
54,9,1
42,8,2
46,0,51
58,0,18
48,0,15
1,8,8
3,4,16
45,4,10
40,3,13
55,8,0
47,8,1
61,4,62
37,9,5
48,1,10
18,8,11
63,0,16
34,6,8
55,3,58
40,4,7
24,0,61
4,0,60
14,14,2
20,12,4
47,11,0
25,6,6
20,1,14
14,10,9
25,10,7
47,9,0
3,14,3
40,2,13
58,1,52
50,2,13
6,12,3
53,0,42
62,6,7
10,2,15
16,11,1
30,2,14
18,4,11
1,8,5
33,9,5
36,1,12
11,2,14
16,9,9
36,0,58
15,1,15
25,13,0
1,0,17
38,1,14
7,6,9
23,8,10
15,5,11
52,6,8
57,0,39
43,0,41
34,8,8
13,4,12
50,2,10
1,2,17
4,13,2
1,5,10
27,14,0
4,10,10
25,1,61
33,10,5
57,4,6
55,5,4
29,4,8
25,14,1
36,5,7
14,14,3
53,1,14
60,4,8
54,6,4
53,2,57
56,2,57
8,2,17
11,8,6
20,5,11
21,10,8
51,0,39
24,8,5
34,7,7
56,0,38
23,1,62
24,2,14
48,0,52
63,1,49
20,9,6
40,8,5
50,4,6
37,10,5
28,0,25
44,1,45
49,2,60
39,1,60
47,5,5
63,4,57
2,3,11
32,0,16
41,7,6
62,2,10
45,7,5
25,10,2
22,3,10
21,12,5
26,5,10
2,5,8
49,2,8
12,9,10
28,9,2
53,10,0
31,7,4
49,1,54
9,11,1
59,1,10
28,11,2
12,1,63
51,5,8
14,4,12
59,10,1
60,5,6
44,6,4
43,11,4
7,6,13
44,9,3
2,4,15
43,9,4
36,10,1
38,4,8
28,12,2
3,1,59
28,12,1
56,3,7
58,0,34
51,8,1
58,12,0
28,11,0
3,8,8
56,3,61
19,8,7
24,3,14
21,6,7
16,11,5
63,4,58
52,2,13
31,1,15
9,2,14
50,6,4
13,12,5
58,6,5
51,9,3
41,7,7
18,9,7
47,0,53
23,9,6
56,9,4
13,8,9
38,10,2
10,5,16
46,1,11
32,3,10
27,0,16
35,1,12
61,4,58
41,10,4
62,5,9
45,1,18
5,7,6
22,1,62
43,1,61
63,0,10
19,3,13
3,10,4
46,11,1
15,12,1
59,4,10
14,4,11
2,1,59
59,0,48
38,5,9
50,2,57
22,0,14
39,3,8
31,6,11
58,2,8
14,7,9
11,10,5
31,5,6
38,11,0
18,7,10
10,12,1
53,8,2
6,0,57
54,7,2
21,14,1
31,2,11
20,6,11
30,10,0
16,4,13
26,1,16
26,2,15
17,14,4
53,3,10
44,1,10
45,11,1
54,1,12
31,9,6
48,0,46
2,1,62
36,5,8
32,5,11
60,4,11
48,3,10
14,6,9
2,6,7
54,9,0
1,7,7
50,0,52
19,15,0
47,9,5
13,5,10
57,6,9
50,0,47
35,9,5
52,0,13
41,7,2
47,0,37
20,3,12
45,1,42
50,0,40
45,0,47
42,13,0
7,5,13
14,14,0
31,0,58
33,13,1
18,5,11
33,11,1
25,12,0
29,11,2
56,6,5
38,3,13
33,10,0
43,0,43
42,11,1
14,5,10
23,14,0
36,0,55
61,5,7
10,2,19
61,5,5
11,11,2
63,2,13
43,10,1
24,0,20
40,4,6
19,2,12
51,8,3
30,10,4
42,5,7
9,11,8
28,6,6
40,10,5
34,6,10
53,0,48
25,11,3
9,12,6
33,9,1
62,11,2
18,12,1
51,3,7
50,2,60
15,14,4
60,1,50
16,13,2
1,2,16
18,5,9
19,10,5
41,7,3
62,6,6
11,3,12
4,11,4
18,12,5
11,12,6
63,4,63
41,8,8
39,12,1
38,4,12
26,6,8
10,1,19
53,7,6
56,5,8
54,3,63
39,9,2
18,9,4
49,8,5
61,2,10
41,5,9
38,9,4
53,8,0
22,1,61
18,9,5
32,4,13
18,11,4
5,12,7
48,7,7
19,8,5
39,11,2
7,6,8
60,2,9
30,8,3
53,3,11
59,9,3
10,10,4
57,3,59
19,3,15
52,10,1
18,11,5
51,2,61
49,0,41
44,6,8
5,5,14
12,5,15
57,6,3
14,15,2
24,1,61
44,3,12
39,5,10
10,12,2
49,0,51
49,1,39
25,8,8
10,2,14
44,1,57
7,8,9
50,9,5
44,10,3
9,1,18
5,10,5
22,12,3
33,6,5
58,0,38
5,7,9
47,0,42
47,7,5
32,1,14
32,0,13
23,10,4
26,9,5
35,11,1
5,7,12
56,5,4
4,11,3
11,9,5
59,7,4
54,2,56
46,9,0
50,0,36
61,0,47
28,6,9
45,6,7
9,2,18
63,0,41
45,11,0
38,1,15
14,7,11
63,0,39
45,9,0
22,0,62
57,0,44
19,8,8
34,13,0
53,3,60
25,4,10
26,5,11
19,4,13
9,9,5
59,0,50
26,7,7
52,0,37
25,0,61
17,6,12
54,2,57
43,8,2
34,7,5
7,17,0
46,12,1
18,9,6
35,5,7
59,9,5
54,6,3
47,0,25
43,8,5
5,8,6
48,0,53
51,3,60
6,5,12
26,0,16
47,2,63
35,9,1
18,5,10
32,1,62
57,2,9
42,9,0
19,10,3
46,8,6
47,9,4
50,11,1
21,9,8
62,6,5
63,4,61
51,0,37
39,0,58
40,8,6
24,3,13
2,15,1
53,8,1
16,5,13
28,3,13
37,3,12
18,11,6
54,1,13
62,3,57
26,10,1
6,10,3
62,1,11
50,5,10
37,1,16
52,11,0
10,6,12
29,1,61
54,0,52
37,8,6
51,7,6
17,4,13
35,0,19
43,1,55
8,0,58
29,3,10
4,1,17
17,3,14
15,9,6
49,2,61
22,13,1
25,5,10
45,0,50
5,7,7
32,4,8
53,4,8
16,12,3
47,3,12
58,0,48
62,2,11
13,11,4
6,1,63
9,8,7
29,6,12
13,9,4
25,10,3
1,6,14
4,0,17
12,7,8
28,0,16
51,2,60
21,8,8
23,9,4
59,0,32
1,11,3
10,0,62
52,1,54
16,8,5
3,3,15
5,2,12
25,9,4
26,2,13
49,0,39
55,3,62
48,1,53
34,13,2
41,1,60
54,0,39
30,0,15
47,1,55
52,2,9
50,2,63
3,2,13
21,5,12
48,5,7
61,3,8
8,11,3
47,5,4
49,8,7
17,5,10
22,7,5
53,0,50
54,6,8
2,7,11
1,7,11
17,6,9
58,3,7
1,2,63
23,1,13
23,2,11
14,12,1
29,6,6
2,6,8
29,1,62
29,7,6
56,12,0
56,1,12
0,11,3
27,5,7
42,0,47
27,10,1
59,12,1
59,1,52
42,9,6
59,1,11
35,8,8
30,3,12
52,2,12
50,3,9
10,6,9
48,7,1
59,0,47
4,4,12
56,1,11
44,6,10
36,1,13
41,5,6
0,9,5
12,3,12
0,14,1
0,11,4
4,9,10
50,0,16
61,6,7
51,4,8
31,5,11
26,10,3
56,6,6
47,10,0
46,0,41
45,9,2
43,6,4
2,12,3
56,8,5
13,3,13
14,5,13
57,2,13
31,2,10
47,4,9
15,11,2
54,5,11
37,0,57
61,4,8
20,5,12
45,5,4
23,1,19
7,10,3
1,10,7
7,0,63
27,1,12
34,12,0
21,14,0
17,5,13
23,4,12
34,2,13
30,1,13
38,12,0
43,6,3
27,7,7
2,1,60
26,8,5
20,12,0
15,14,2
21,2,13
15,13,2
61,9,4
62,4,59
5,6,10
33,2,10
49,2,13
53,7,5
23,9,5
46,8,5
62,0,42
38,7,6
26,12,3
16,12,5
0,15,1
52,0,34
20,5,13
5,14,0
58,2,12
13,10,6
37,2,62
60,0,40
21,4,9
2,0,59
17,13,3
1,1,13
2,10,8
5,5,8
47,6,10
40,0,13
3,10,7
44,0,12
30,1,61
46,8,7
1,6,7
16,5,11
35,13,2
34,10,3
27,9,7
32,7,7
26,14,1
10,11,3
29,9,3
44,1,50
4,1,63
42,0,58
2,3,15
49,7,2
45,7,4
17,10,4
24,10,2
29,12,0
23,8,4
9,7,8
36,12,0
8,9,5
39,6,9
11,8,7
18,10,6
41,0,52
19,5,9
40,3,8
40,5,11
46,0,47
24,0,62
46,6,7
31,7,10
46,2,58
27,4,9
6,9,7
62,4,62
56,2,9
41,12,0
32,2,13
27,1,20
5,14,4
51,1,13
38,5,7
17,7,6
27,4,10
43,11,2
25,11,2
13,14,3
0,1,60
43,9,2
40,0,12
34,6,9
19,9,8
57,0,11
48,0,38
61,3,55
7,9,9
1,8,7
7,12,4
37,5,8
50,3,61
22,2,11
16,1,14
23,13,0
43,2,63
52,3,10
24,8,9
49,2,55
29,12,2
23,7,11
44,13,2
49,0,49
25,8,5
39,0,52
57,3,56
4,8,5
10,8,8
42,6,5
22,2,14
21,11,3
35,4,10
13,7,9
58,0,46
15,11,5
21,12,0
8,5,13
25,8,7
4,1,15
44,9,5
37,8,3
1,9,6
54,2,9
61,3,12
1,11,6
43,0,48
46,0,49
37,0,55
13,16,0
52,1,13
7,5,11
42,2,62
48,6,3
18,2,12
3,4,13
50,8,5
59,3,59
49,2,59
51,0,40
46,1,57
48,1,23
44,3,10
63,0,13
46,1,9
22,1,13
9,5,10
45,13,0
31,5,7
55,9,2
55,11,2
51,0,34
50,2,62
46,1,58
62,4,11
46,8,1
38,2,12
8,1,18
8,10,7
22,8,4
60,9,5
20,7,10
22,6,8
61,2,11
59,9,2
16,10,6
61,1,11
47,1,12
36,8,5
52,2,61
2,13,4
8,6,9
26,4,11
28,7,9
44,9,0
46,2,9
8,11,1
44,11,0
9,10,7
18,8,10
44,12,2
40,0,53
37,8,7
7,13,2
0,2,13
55,0,11
32,8,4
6,13,0
58,10,0
18,4,12
46,9,6
30,8,5
48,7,4
62,1,12
24,6,6
5,9,9
22,9,7
62,3,7
52,4,10
54,0,34
33,0,12
20,4,13
0,3,12
7,8,12
35,2,10
34,2,63
3,11,4
21,10,3
24,6,10
60,5,8
35,10,1
62,2,12
44,1,58
10,5,10
62,0,35
27,10,7
26,2,63
33,4,9
63,3,6
57,5,5
44,8,5
51,5,5
60,8,1
55,10,2
6,4,10
24,9,4
61,5,8
40,4,12
51,7,4
52,8,1
20,4,9
38,1,12
45,4,6
44,2,11
46,2,62
46,6,4
49,0,37
58,7,6
52,8,4
10,9,8
8,3,12
41,2,61
38,3,8
15,12,4
47,2,11
37,1,12
19,11,3
24,0,15
30,5,9
16,3,11
29,0,17
29,10,2
57,0,35
54,1,53
2,12,1
10,0,60
23,0,61
16,4,11
25,5,8
49,8,4
52,9,2
54,3,10
61,10,3
45,4,11
1,13,4
17,0,61
4,3,14
17,6,13
35,4,8
60,8,4
57,8,2
40,6,6
51,4,9
59,8,6
62,0,12
42,7,7
63,0,46
45,0,40
26,13,1
20,11,4
1,2,15
62,6,8
46,1,13
1,0,19
7,1,17
27,12,1
32,1,11
60,1,51
13,1,63
2,13,1
10,6,10
18,14,2
39,3,12
11,9,9
25,8,4
24,3,10
37,0,60
2,2,62
35,9,7
8,4,14
60,2,51
0,3,11
53,8,4
28,0,19
21,12,6
35,5,9
49,3,12
17,8,5
46,5,4
58,7,2
48,1,55
50,0,41
10,0,63
50,4,11
58,9,1
45,8,2
42,0,49
60,4,6
3,5,8
57,0,12
5,5,10
12,10,10
3,13,2
1,2,12
7,11,2
22,6,10
36,8,6
28,0,23
11,7,10
41,1,13
54,9,2
44,0,57
59,4,7
1,10,5
58,11,2
60,0,43
13,12,3
8,11,6
46,0,40
27,1,63
17,8,9
22,0,60
23,9,7
55,9,3
53,5,9
13,14,2
52,1,10
35,9,2
63,2,15
43,7,6
13,14,4
45,3,9
35,0,60
56,0,41
21,9,4
43,8,6
37,11,4
55,3,7
62,0,14
29,4,13
21,6,11
47,2,62
9,8,6
18,15,0
16,14,2
60,3,58
48,0,43
33,13,0
55,12,1
42,7,4
40,1,12
2,3,17
19,9,4
43,9,0
60,8,5
22,9,5
23,13,1
52,10,0
34,9,2
41,7,5
1,7,12
55,2,53
57,2,12
34,14,0
46,1,14
56,11,2
47,5,7
60,2,52
25,9,5
2,1,19
26,3,11
38,14,0
5,1,16
50,8,4
60,3,55
20,8,5
21,2,14
1,15,2
8,13,0
46,0,53
53,10,1
3,0,59
43,0,11
20,12,1
3,4,11
51,1,56
42,9,5
47,6,3
28,2,11
2,10,7
60,0,46
48,0,41
54,4,7
13,0,15
46,11,0
58,10,3
56,3,63
40,0,58
55,5,6
13,5,14
14,6,10
33,2,62
15,8,5
45,1,54
11,13,1
7,0,58
45,12,0
26,11,0
14,8,8
36,7,5
19,12,1
20,14,1
19,9,7
39,2,10
32,0,59
54,0,44
60,9,4
59,4,60
3,3,14
34,7,6
4,1,16
39,6,5
24,6,9
45,10,1
35,4,12
39,8,7
11,3,16
33,0,13
58,0,40
60,0,32
50,1,11
47,3,9
5,0,59
17,12,1
2,9,6
38,1,59
61,0,48
17,10,6
57,9,3
4,0,59
49,6,7
19,0,61
5,0,60
43,1,56
58,4,6
3,3,17
58,4,62
51,7,2
62,12,0
43,2,61
56,3,55
14,10,3
22,10,6
10,7,7
61,8,3
35,2,63
47,3,8
5,6,13
44,0,53
31,1,16
29,4,9
0,14,2
39,9,6
50,2,11
52,1,12
21,8,6
31,3,13
59,0,42
57,0,17
23,4,14
17,1,13
37,11,0
29,5,12
37,4,7
10,3,16
17,9,9
49,0,47
52,0,41
9,14,1
46,1,61
8,6,13
36,4,10
3,8,11
7,3,17
30,5,7
54,3,12
7,1,15
41,4,6
21,5,11
47,0,35
22,7,10
8,0,63
10,0,61
21,6,12
16,4,12
33,1,12
36,6,8
55,10,1
31,2,14
1,5,14
28,14,0
50,5,7
17,8,8
57,0,34
32,9,2
19,7,10
52,0,52
52,6,4
17,12,5
47,6,8
54,3,56
22,1,14
42,2,9
4,10,5
37,12,0
13,13,2
52,0,11
26,10,7
30,1,16
40,6,7
42,8,1
39,5,9
61,1,10
7,16,0
63,5,6
2,16,2
60,2,10
62,3,53
4,7,11
55,9,4
25,1,21
30,0,61
8,5,14
31,6,5
54,13,0
38,0,14
5,0,57
40,11,1
13,12,4
32,4,7
8,3,13
7,3,12
27,0,15
27,3,10
24,14,1
38,9,0
40,5,8
33,0,18
30,2,13
19,16,0
36,1,15
33,4,11
61,1,49
40,6,5
1,11,2
59,4,62
51,12,0
34,4,10
54,0,43
16,8,10
60,0,45
25,13,3
0,12,1
7,13,4
42,12,1
49,1,13
54,0,42
5,2,14
17,11,4
55,6,7
34,5,10
49,0,45
12,2,15
2,11,2
53,4,11
4,8,13
35,12,2
43,0,55
62,3,12
22,3,11
61,0,41
41,2,62
53,3,61
49,7,7
5,3,17
63,0,33
48,0,24
13,0,62
10,5,15
61,1,51
2,4,13
61,9,0
39,10,2
44,1,53
13,5,11
7,4,17
2,9,8
60,9,1
48,1,24
6,9,8
33,8,3
31,11,4
14,1,63
60,8,6
42,6,6
43,4,6
18,10,4
5,4,13
28,6,12
34,0,17
33,3,9
3,0,56
0,11,2
40,3,63
47,4,8
45,2,10
44,7,7
46,7,1
10,4,11
7,11,3
33,8,6
41,0,49
51,0,51
62,4,63
35,7,8
16,11,3
32,11,1
24,11,3
14,0,62
7,1,16
6,10,8
15,11,1
24,14,0
8,3,16
45,7,3
47,8,2
57,1,17
6,4,13
53,6,5
38,1,61
11,11,5
51,0,36
7,0,59
15,6,10
2,2,18
22,3,12
36,7,8
24,1,63
59,0,43
42,0,53
26,8,8
63,9,2
54,2,13
35,0,13
53,7,7
61,10,1
58,11,1
29,5,10
56,3,59
17,13,4
36,7,7
45,2,17
61,10,4
59,8,4
62,1,13
44,6,7
38,13,0
61,8,6
7,0,61
59,11,1
10,13,0
4,12,4
40,10,1
24,12,4
63,1,10
28,3,11
21,13,0
47,5,8
48,2,61
34,3,63
23,6,11
8,10,3
52,7,7
59,8,5
17,11,2
61,3,56
0,17,1
19,5,8
14,4,14
36,2,11
6,0,62
61,0,32
1,0,56
53,3,7
10,12,5
37,4,12
33,5,10
35,3,12
14,11,4
8,2,14
39,10,5
35,3,9
26,9,3
1,1,16
45,5,7
45,0,55
3,7,7
1,3,13
44,6,3
7,18,0
0,7,11
2,1,16
57,0,45
38,3,9
1,13,1
6,11,4
3,9,7
33,11,4
4,5,12
48,1,58
12,10,9
30,0,16
61,3,58
10,11,6
37,6,7
26,10,2
49,10,0
43,3,9
63,3,13
10,10,5
42,2,10
40,0,14
49,6,3
6,12,2
41,9,0
54,3,7
54,11,0
38,0,54
17,5,12
28,0,17
5,0,18
2,12,5
6,10,6
25,0,60
34,13,1
40,1,62
3,7,6
57,3,11
19,5,12
47,8,6
2,5,14
63,6,7
15,1,63
6,9,4
21,8,5
37,0,12
20,11,5
48,2,60
50,0,45
55,3,12
19,12,5
5,2,13
11,12,2
26,11,1
42,8,6
53,9,3
28,4,11
63,6,8
56,0,42
54,4,9
12,9,5
59,3,11
55,5,8
61,6,5
55,2,11
58,0,44
34,7,9
16,3,13
49,6,4
59,4,58
3,8,9
41,13,1
30,12,0
56,0,37
23,4,9
28,0,61
45,0,18
20,15,0
57,5,9
48,2,63
60,0,47
41,7,4
3,12,2
54,7,5
3,11,5
15,6,11
8,17,0
61,4,59
35,2,11
39,7,6
49,0,15
34,10,1
20,8,4
46,5,5
9,6,8
41,1,14
57,2,11
15,0,63
58,2,53
55,3,11
6,15,2
8,8,6
38,4,11
30,6,10
41,9,1
54,9,5
45,5,5
21,15,1
9,4,16
39,0,17
55,11,0
47,0,46
44,0,48
17,5,9
43,2,12
45,0,46
20,12,6
47,2,12
24,11,2
45,2,63
55,3,56
45,2,9
47,0,40
15,9,8
41,9,2
55,1,12
10,10,9
49,9,5
21,7,7
11,12,0
37,4,8
59,1,17
57,6,8
53,6,6
17,7,8
32,0,60
50,0,13
44,10,1
47,12,1
10,5,13
1,10,8
44,1,61
35,6,8
23,7,8
12,13,5
57,0,43
63,1,12
7,12,0
2,0,16
2,14,2
63,4,10
34,8,6
22,15,0
41,10,3
5,6,8
63,3,55
14,2,14
42,0,57
21,0,62
53,4,7
23,0,20
3,16,1
1,10,3
44,1,52
55,0,43
39,1,15
48,0,23
57,0,13
53,9,2
37,10,1
11,6,9
34,10,0
44,5,8
61,7,5
20,11,1
18,16,1
50,7,3
55,4,6
29,7,8
26,5,9
21,10,4
28,7,4
33,9,6
7,1,63
24,8,7
5,8,8
61,0,40
62,9,4
49,8,6
48,1,54
51,2,54
46,0,26
1,6,11
34,3,10
42,4,9
37,0,58
23,7,10
17,15,0
55,10,3
49,0,13
45,8,7
35,10,2
23,2,63
0,4,11
11,2,16
3,2,14
30,0,20
57,1,53
36,2,13
46,0,42
57,8,1
46,9,2
61,12,0
56,6,3
43,0,39
25,0,19
30,2,62
42,10,1
48,2,62
51,6,7
1,15,1
62,5,8
27,1,13
40,1,15
10,11,2
47,1,54
6,11,1
59,3,10
12,6,12
30,3,11
62,5,6
4,3,11
36,0,16
19,2,15
57,0,47
44,10,5
33,9,2
7,11,1
54,3,11
33,1,11
42,2,61
52,5,6
48,7,2
24,2,11
58,7,5
20,11,3
30,0,14
58,0,17
29,10,1
24,11,5
59,5,10
20,10,2
32,2,11
3,3,11
28,12,0
53,5,6
31,8,7
36,1,14
59,3,7
28,4,8
43,2,10
0,1,63
48,9,1
61,6,6
59,5,8
30,6,11
42,0,52
32,11,2
50,3,11
22,5,9
63,2,50
15,8,11
58,0,43
46,3,7
9,10,2
15,13,0
28,3,12
51,2,9
3,1,14
39,0,55
50,6,8
10,10,6
20,12,5
27,7,6
27,9,4
58,10,1
48,1,9
39,0,13
7,7,10
43,5,5
19,11,4
2,5,10
36,4,7
47,8,5
29,2,11
48,0,36
55,4,9
19,6,12
42,1,58
11,11,7
18,6,8
15,2,14
54,0,37
35,14,0
48,0,49
61,3,59
59,8,1
59,5,5
43,0,45
17,0,15
23,5,8
20,1,17
6,10,7
24,14,2
40,4,8
21,5,8
43,1,60
1,13,3
44,7,5
23,10,6
42,10,5
37,10,4
20,1,63
4,5,9
54,5,8
60,7,2
42,8,7
15,5,13
40,6,9
30,7,8
39,11,3
2,7,10
53,1,10
20,12,3
42,7,5
52,2,58
33,7,5
6,10,2
28,6,10
21,6,9
5,13,3
29,8,3
21,1,14
2,12,4
59,0,36
12,5,11
15,7,12
28,10,2
1,3,11
15,13,1
2,4,11
49,3,63
25,2,12
60,0,34
62,0,32
48,7,3
54,8,4
24,5,10
59,0,45
44,8,3
63,4,9
14,1,14
7,13,0
28,1,15
58,3,56
2,13,2
48,0,51
33,0,58
10,3,14
1,1,62
19,4,12
9,1,17
16,4,10
5,8,12
43,3,7
12,14,0
27,9,3
22,5,8
2,15,3
52,5,11
26,8,7
34,10,2
25,1,19
38,6,9
39,3,13
49,2,11
9,10,4
57,0,36
24,0,19
38,2,62
32,12,0
32,3,13
22,4,13
43,4,11
40,9,1
28,6,11
29,4,12
63,5,7
57,3,61
20,5,8
21,3,12
60,2,54
30,4,9
1,7,8
56,7,2
23,6,7
13,8,5
16,8,6
57,8,0
5,13,0
20,6,7
53,0,53
47,0,43
2,8,5
1,14,0
51,8,5
50,0,35
9,0,58
0,5,12
60,7,7
50,1,54
16,12,4
52,0,35
47,4,10
12,1,15
17,9,4
35,1,14
43,12,1
34,4,11
32,2,14
31,9,4
43,2,13
3,11,6
44,1,11
1,14,2
39,8,5
17,12,3
15,6,8
54,0,38
28,9,5
56,3,62
15,7,7
43,4,7
13,14,1
35,7,6
47,2,61
55,6,3
45,0,42
43,8,3
35,1,61
29,8,6
40,3,10
53,6,8
31,6,6
61,8,1
52,6,6
17,3,13
62,7,2
39,0,56
26,7,8
61,11,0
8,13,1
4,2,12
43,0,54
34,8,4
20,7,9
4,5,10
28,7,6
5,5,11
47,1,11
46,4,5
24,9,8
61,3,11
51,6,6
21,0,15
45,1,40
39,12,0
48,0,50
39,0,12
45,5,6
0,5,10
24,7,6
58,0,39
42,10,4
22,14,1
4,7,6
20,9,3
18,13,3
35,0,55
60,5,7
44,0,38
32,8,2
23,4,15
63,5,9
55,0,42
54,3,61
48,6,7
16,9,8
3,12,0
48,8,0
9,3,16
13,10,7
25,9,7
15,4,13
27,1,14
43,5,6
48,6,8
6,1,14
8,5,9
47,1,60
47,3,7
35,0,15
5,9,5
50,3,13
0,17,0
55,6,6
37,3,8
51,5,7
24,9,5
5,4,16
63,4,62
58,9,2
30,2,12
22,9,8
46,1,56
21,15,0
54,8,0
45,8,4
53,1,12
8,0,60
28,0,60
63,2,51
42,12,0
58,9,3
41,2,63
2,2,13
22,8,5
6,11,7
1,12,0
60,11,3
54,7,7
52,0,43
7,4,12
14,13,4
43,9,6
32,1,12
47,4,11
53,4,9
22,11,2
59,4,59
36,1,62
31,9,8
22,9,6
44,0,45
0,5,9
29,0,61
21,1,63
22,0,61
18,14,1
7,12,1
39,2,14
39,5,7
35,0,58
45,0,26
6,9,3
27,10,2
12,12,0
46,10,3
29,0,19
12,3,13
46,10,0
10,6,13
2,0,57
45,3,11
45,1,61
20,1,16
9,10,3
63,7,1
34,0,57
14,8,10
27,11,1
48,5,10
11,11,8
9,4,12
21,7,5
46,7,6
52,5,7
46,2,13
3,9,9
31,10,5
0,12,0
44,5,5
50,0,15
12,14,5
63,12,0
23,2,16
56,11,0
2,7,12
14,8,6
4,0,55
44,1,59
20,8,6
43,7,5
25,6,8
46,0,17
18,7,11
2,13,3
58,5,5
21,3,11
48,2,58
54,0,45
44,0,47
43,3,11
19,0,62
60,6,6
42,11,2
25,2,14
1,1,14
59,9,1
6,6,12
15,10,6
56,4,8
50,9,1
36,4,8
54,2,53
50,6,3
62,3,11
4,0,58
55,0,35
15,8,9
58,3,59
12,1,14
62,7,5
35,13,1
5,3,11
49,7,4
44,2,13
48,5,6
35,3,10
23,0,19
48,2,12
59,9,4
29,7,9
26,11,3
49,6,5
32,8,3
56,8,0
14,0,17
2,0,18
4,3,12
14,9,4
41,11,0
5,6,12
56,2,10
21,6,8
56,9,3
5,3,14
39,0,16
51,7,3
22,4,10
34,0,60
9,12,7
2,14,3
12,6,9
39,2,62
38,2,14
10,4,15
4,16,2
50,1,14
21,0,14
13,2,14
40,7,8
37,7,7
31,0,14
29,9,2
62,4,58
46,6,3
40,11,0
15,11,4
57,1,12
40,3,11
49,0,12
57,9,0
21,7,8
60,1,52
31,7,8
5,11,6
4,0,15
43,0,44
26,0,15
27,14,1
28,0,14
16,7,12
13,15,0
17,0,62
12,4,12
14,10,8
6,15,0
18,0,61
49,10,1
35,10,3
5,0,62
36,13,0
0,3,15
47,7,3
12,11,2
29,2,62
18,10,3
47,1,56
6,8,9
39,1,10
6,5,14
45,4,8
39,7,3
62,4,61
8,16,0
54,3,58
36,1,61
4,6,9
28,7,8
2,13,0
9,12,3
51,2,59
9,0,63
23,11,1
63,3,57
47,6,7
58,3,12
41,14,0
34,2,62
58,0,42
57,8,6
41,0,58
52,0,46
16,0,14
30,8,6
10,11,8
43,6,7
17,8,6
12,2,14
4,10,2
55,4,7
37,5,9
10,5,11
59,0,35
46,0,43
32,2,10
13,3,14
31,0,15
50,3,10
56,7,6
7,0,62
9,0,62
18,0,63
15,4,12
36,6,6
7,14,1
3,10,3
1,16,1
58,4,59
44,1,42
52,6,3
57,2,55
4,4,11
49,4,5
36,5,10
24,4,15
61,2,53
29,5,9
59,2,11
31,0,60
50,0,48
56,10,1
12,0,62
58,3,58
27,1,61
52,7,5
7,5,12
6,13,3
32,1,13
50,2,55
41,3,7
23,15,0
23,3,15
4,2,16
58,0,37
49,3,8
38,4,9
47,2,10
5,2,15
2,10,5
35,2,13
4,3,16
11,0,62
7,5,10
40,0,51
36,1,11
47,3,10
57,3,58
40,0,56
56,1,10
38,0,53
61,3,53
50,0,53
51,1,11
13,13,1
41,3,9
58,3,54
60,4,7
24,4,12
49,11,0
37,9,4
41,9,4
60,0,35
6,14,0
40,2,63
20,6,9
51,2,56
48,0,12
51,8,4
49,9,0
5,13,4
29,1,63
40,2,14
25,12,1
52,2,56
35,10,4
15,7,9
23,8,8
13,13,5
26,1,19
15,0,15
36,0,59
41,0,57
1,16,0
11,0,63
62,1,50
31,1,13
45,1,62
19,6,7
59,2,9
22,0,19
33,10,3
41,1,61
38,2,10
51,5,4
2,5,11
19,1,62
46,8,2
58,0,11
62,4,10
16,6,11
42,3,10
7,8,7
32,8,7
34,1,60
22,4,11
46,0,37
54,3,55
62,0,47
55,0,44
31,8,4
1,4,13
20,2,14
45,1,55
38,8,5
6,2,13
16,8,11
36,10,2
30,9,4
45,1,44
63,2,14
61,3,10
14,10,5
40,0,11
58,0,14
0,2,63
25,1,18
15,10,7
21,10,6
53,0,45
9,13,2
40,1,16
49,1,53
54,0,50
30,11,4
28,8,6
52,6,5
29,13,0
38,1,62
57,4,10
63,3,11
51,2,12
22,1,15
21,5,10
45,2,61
43,1,10
57,0,18
31,8,6
12,6,10
58,4,10
17,11,6
17,9,5
46,8,0
7,6,12
62,7,7
63,1,50
50,7,5
44,7,4
3,13,0
9,14,3
40,5,5
31,10,7
31,1,14
37,2,11
40,5,9
32,0,12
48,3,7
17,9,6
9,4,15
57,6,7
23,8,7
17,11,5
35,8,7
16,13,4
27,8,5
23,6,9
23,5,12
11,5,12
61,7,6
33,6,8
7,2,16
40,0,16
42,1,61
53,5,8
10,8,7
63,4,60
45,0,51
36,8,7
28,5,7
35,1,11
4,7,13
62,7,6
59,8,3
56,0,39
43,1,57
18,7,7
54,0,11
14,5,9
49,2,57
59,0,13
20,0,16
11,9,8
5,11,4
1,7,9
1,0,18
36,2,62
28,2,63
40,4,11
60,7,6
59,0,44
56,1,53
4,14,3
18,12,3
55,0,52
4,12,1
3,1,63
33,0,59
20,14,2
39,10,4
41,9,6
57,3,55
52,8,6
41,3,14
31,10,4
56,2,53
27,13,2
2,0,19
12,12,4
48,1,11
27,10,6
59,0,33
20,2,12
51,3,8
5,9,4
38,7,7
35,2,12
56,0,33
4,16,1
59,2,13
59,1,13
44,14,1
16,10,2
62,2,53
9,12,0
49,0,38
54,3,59
56,8,1
15,3,13
47,0,44
44,1,13
36,6,9
0,8,6
55,0,34
31,4,8
51,0,47
44,8,2
14,13,5
35,6,5
0,11,1
4,1,61
14,5,12
63,10,2
5,0,16
20,10,3
53,2,59
22,9,4
63,7,6
31,3,9
41,4,9
2,3,16
35,12,0
63,5,10
34,10,5
22,11,4
35,5,6
37,7,3
12,4,13
61,1,15
8,2,18
8,9,6
63,4,11
42,0,48
0,1,58
21,11,5
29,1,16
0,12,2
7,13,1
44,1,55
10,4,13
34,12,3
38,8,2
49,4,7
50,3,12
23,1,15
47,3,11
13,8,7
21,11,4
4,2,14
8,7,7
55,6,4
3,1,61
6,7,7
36,3,63
55,0,45
7,7,6
56,4,7
52,10,2
24,1,16
44,8,4
43,7,3
2,12,7
30,6,6
33,8,5
19,11,6
21,10,5
4,15,0
47,1,10
13,12,2
3,5,16
24,15,0
31,6,8
37,6,6
39,2,12
50,5,5
54,1,52
46,1,54
24,10,6
35,11,2
52,0,45
39,8,6
28,8,4
44,0,43
8,15,0
17,1,14
17,9,7
42,1,60
51,3,9
22,4,9
32,11,0
8,0,61
2,8,6
24,12,0
47,1,58
33,0,14
16,10,3
1,13,2
57,0,50
56,7,7
20,3,16
11,9,10
47,5,10
54,3,62
54,11,1
48,4,11
60,0,14
30,6,9
3,6,11
24,6,8
8,6,14
62,2,52
2,8,9
39,3,9
24,7,8
7,10,4
40,7,4
13,7,7
45,7,2
12,16,0
44,8,6
57,7,3
54,0,12
29,2,12
60,1,10
48,5,5
60,0,39
10,9,5
53,0,40
59,0,39
34,0,13
53,7,3
2,11,4
48,8,6
6,0,58
14,13,3
59,0,37
15,0,16
20,10,6
6,5,9
36,10,3
24,13,1
12,10,7
20,5,9
2,2,16
47,1,57
59,7,2
32,3,12
48,2,57
39,1,12
11,11,10
61,3,7
50,7,2
8,5,10
59,0,14
38,7,8
5,2,16
30,5,11
15,15,0
38,4,10
55,10,0
25,6,9
52,3,7
57,3,9
2,10,6
48,3,8
55,11,1
8,5,11
31,11,1
28,5,11
48,0,48
12,0,23
57,1,52
36,3,9
17,13,1
10,12,6
43,0,58
16,3,14
33,4,7
8,9,7
4,4,10
22,7,7
21,13,4
62,8,0
34,1,62
41,8,4
17,6,10
52,0,40
11,10,3
56,2,55
52,11,1
55,1,53
5,8,11
7,9,8
