51,14,42
49,15,37
50,17,54
26,18,30
3,12,35
1,16,39
52,13,52
17,12,41
60,21,9
37,16,47
29,13,38
43,14,43
14,14,39
61,18,37
15,13,52
51,14,47
45,16,29
23,14,36
0,15,33
60,14,50
57,17,15
19,14,63
56,17,41
3,13,52
56,15,57
60,22,5
41,18,25
20,16,32
25,20,30
26,21,30
58,21,11
23,12,43
22,13,55
51,15,32
3,19,28
1,13,35
24,23,24
29,21,25
23,19,31
29,13,55
45,21,17
33,17,31
48,17,21
55,22,9
10,13,34
44,16,26
44,15,63
37,14,61
46,13,48
62,18,21
40,17,29
35,17,34
42,21,23
44,16,28
2,14,35
35,13,49
31,14,41
44,14,35
32,18,31
54,14,44
36,16,47
37,13,41
35,13,48
2,11,40
21,19,29
29,13,44
60,17,58
56,14,54
25,13,46
13,12,43
14,13,37
63,22,11
19,13,54
39,14,48
48,20,19
53,21,18
22,22,27
46,14,49
22,21,30
39,14,49
46,15,52
5,19,32
52,15,30
53,14,55
61,16,37
46,15,42
52,16,33
29,14,56
44,13,53
28,21,29
49,17,27
2,15,34
58,16,38
31,21,27
57,14,45
47,22,15
40,14,58
53,14,43
0,13,61
57,14,58
41,22,23
26,19,30
32,14,43
1,15,32
24,16,33
25,12,43
7,13,50
20,12,44
31,19,31
60,15,41
40,13,42
21,23,25
44,14,38
14,14,63
8,12,38
3,13,44
46,21,18
39,16,35
48,13,57
34,15,33
50,16,26
59,14,63
11,12,43
51,22,12
60,16,30
46,18,50
27,19,29
5,18,32
29,13,40
6,13,38
18,12,39
9,22,24
27,17,33
42,14,44
29,14,50
40,13,44
1,14,41
42,13,44
18,13,57
43,16,29
46,15,44
49,22,15
22,23,27
18,19,28
32,23,23
20,12,42
58,17,59
57,17,41
49,14,55
63,15,50
42,22,18
12,18,33
33,21,27
19,22,25
3,15,32
55,18,17
6,16,30
19,15,35
41,15,32
15,16,33
19,14,35
41,14,54
47,17,44
61,18,18
45,23,15
15,13,44
6,18,28
12,23,23
62,23,2
8,18,31
13,12,36
60,15,60
3,13,62
54,16,37
55,15,36
56,18,14
54,17,21
40,13,53
57,15,31
37,15,33
7,13,36
50,15,41
56,16,32
10,19,33
54,15,32
49,14,56
61,21,12
41,13,40
61,18,39
61,17,28
56,17,17
30,14,42
38,17,49
58,17,18
11,13,59
41,13,51
58,15,33
47,17,22
10,13,63
53,13,59
9,23,25
53,21,19
59,14,51
2,17,33
52,21,13
6,23,23
48,17,25
22,13,56
3,13,57
50,17,23
44,23,17
52,16,20
4,12,43
57,22,11
22,13,49
38,20,25
60,23,11
26,14,40
39,21,24
17,21,62
12,20,28
30,13,62
59,15,57
4,22,22
17,13,46
22,13,58
17,18,62
50,22,11
40,15,36
33,13,60
61,15,47
7,20,31
63,17,24
61,22,4
61,18,21
53,13,56
28,22,27
20,21,30
60,22,3
6,20,25
8,14,39
19,12,36
1,18,31
50,17,24
3,13,61
29,16,43
30,15,42
49,15,41
34,22,26
60,23,10
34,12,48
55,21,17
33,13,39
5,19,31
17,14,34
62,23,0
48,16,43
51,16,35
27,23,24
8,23,23
59,17,23
10,15,41
30,15,41
57,16,31
39,15,36
63,14,53
53,17,38
53,16,29
33,16,46
51,15,30
62,18,20
30,17,32
44,15,28
21,16,36
9,12,45
20,12,37
38,14,61
43,21,19
60,13,61
60,16,24
6,14,61
2,12,38
37,12,47
53,16,56
52,15,40
17,13,42
0,15,31
18,14,36
16,15,63
0,15,40
12,13,50
20,16,41
28,17,45
42,19,28
10,12,42
30,12,47
29,15,35
8,17,34
9,15,40
56,21,10
61,18,22
58,15,54
7,13,53
62,16,33
11,13,58
18,18,35
20,13,41
35,15,49
43,14,46
48,17,30
42,16,34
17,22,63
52,14,46
43,15,34
47,14,38
21,13,52
61,23,4
48,16,31
14,21,27
12,14,34
21,13,42
24,13,59
59,15,46
33,21,28
47,14,49
45,15,35
8,14,56
33,19,30
1,13,40
51,16,55
45,15,51
2,14,34
63,17,19
3,14,33
38,14,37
45,13,55
48,20,18
43,14,60
63,17,28
24,16,31
37,14,38
63,18,11
17,13,37
10,19,31
47,16,32
39,14,45
10,13,39
29,13,39
44,15,38
10,15,35
5,16,31
10,20,29
17,15,42
32,23,26
54,14,56
57,13,61
16,15,36
17,20,30
2,23,21
37,17,32
18,15,35
31,14,43
43,23,19
46,17,25
17,19,28
43,15,31
59,21,8
31,13,36
26,16,42
54,17,20
5,13,61
32,22,27
33,20,29
23,13,47
14,21,28
0,16,40
55,15,30
30,15,48
63,16,34
58,15,48
14,21,26
3,12,40
41,14,52
18,15,38
42,13,47
36,14,60
52,20,19
1,13,34
23,19,33
42,13,51
57,16,33
59,22,4
35,14,60
58,14,54
56,22,8
56,17,43
57,23,11
33,23,24
12,17,41
57,14,50
8,13,62
8,13,34
60,17,38
62,18,38
33,18,36
19,14,62
11,14,39
4,21,24
55,19,12
57,17,23
60,16,31
46,16,43
63,18,38
39,13,47
25,15,37
24,13,53
25,14,57
54,15,47
12,14,40
22,13,39
11,14,63
21,18,33
0,13,39
50,16,35
4,21,27
41,19,23
63,15,43
7,19,27
28,22,24
2,13,57
57,15,49
55,16,35
30,20,28
54,15,63
33,12,47
50,13,54
60,16,58
54,20,19
33,13,44
31,13,54
54,16,41
25,22,27
35,14,63
30,13,38
5,16,32
60,17,26
31,14,50
29,13,45
12,17,30
50,14,54
7,12,43
46,23,16
60,14,56
44,13,44
6,22,23
47,15,34
62,14,55
40,15,49
1,16,30
53,20,13
14,20,31
51,17,25
29,14,34
41,15,33
52,21,11
54,14,45
38,14,41
58,15,34
40,16,29
61,15,53
46,21,17
21,21,28
16,23,25
23,13,43
38,20,26
8,21,26
51,13,55
12,15,33
1,12,41
16,15,34
2,13,55
33,13,36
7,21,26
5,15,32
30,14,38
17,15,34
19,12,44
59,17,22
31,22,24
47,13,50
39,14,44
33,18,30
4,13,41
43,22,22
40,17,47
8,15,42
6,14,56
50,15,55
49,14,49
11,12,40
47,14,50
18,20,30
38,13,38
35,20,28
61,21,9
14,13,49
2,12,45
21,13,38
50,14,59
6,23,22
38,22,24
24,21,28
52,15,36
10,13,38
14,12,40
54,15,37
49,17,23
48,16,30
6,13,35
42,16,47
57,15,44
22,12,37
43,21,20
3,17,33
21,23,24
45,14,40
10,23,25
60,16,39
30,13,55
16,13,38
4,22,23
23,14,46
61,21,10
15,15,36
54,23,7
48,15,49
14,23,23
27,17,45
59,17,38
4,11,41
62,17,39
34,14,44
60,18,39
10,13,57
63,21,11
54,18,19
36,15,47
42,20,22
8,13,58
52,16,55
21,13,63
10,13,41
45,13,50
7,13,57
19,12,40
54,16,47
62,23,8
8,16,34
59,17,57
37,16,34
43,14,58
53,15,32
60,14,60
30,20,27
18,19,29
7,14,33
28,14,34
24,23,23
56,14,56
53,14,47
47,16,28
11,13,46
16,16,34
41,16,50
46,13,42
56,15,53
23,13,45
37,15,47
57,15,36
43,22,17
59,16,59
31,19,30
50,15,29
26,16,33
5,13,42
23,13,48
39,14,36
6,16,31
50,23,9
56,23,6
46,16,51
8,13,46
44,15,41
20,14,34
26,14,39
54,22,7
45,14,60
59,14,58
10,22,26
7,13,51
54,17,17
32,18,36
42,19,23
60,18,20
9,13,46
53,19,20
12,13,54
58,18,17
9,18,30
7,12,45
38,13,41
52,17,18
54,16,27
28,13,58
57,15,48
24,13,40
55,15,48
4,21,25
6,11,38
21,19,28
56,22,10
27,20,28
62,19,15
44,14,61
56,16,25
62,14,52
46,22,17
5,13,46
23,14,43
26,13,41
27,13,36
14,18,30
46,14,57
53,16,38
12,13,49
5,17,32
40,14,60
55,14,44
41,14,33
23,23,28
9,18,34
61,16,34
16,13,40
40,13,49
53,17,25
44,14,54
46,15,35
4,13,44
49,19,21
28,17,43
24,18,36
51,22,16
61,19,13
57,19,17
15,19,28
25,14,43
41,14,40
54,22,8
19,13,58
1,12,38
59,17,19
63,16,56
38,15,35
42,17,26
17,18,31
63,19,20
28,16,33
58,17,40
46,16,26
5,14,60
42,13,56
55,22,12
10,14,37
9,14,60
50,14,60
18,16,32
35,14,48
18,12,40
48,17,22
27,12,42
40,21,21
2,20,26
46,14,60
42,16,30
46,19,20
28,14,43
51,14,58
18,22,27
54,20,12
0,22,22
54,14,63
60,14,57
61,21,13
3,23,21
5,14,33
60,17,56
35,15,35
9,23,22
34,15,42
48,14,52
39,13,45
42,18,28
14,22,28
62,22,10
26,13,48
6,12,45
31,18,30
36,13,57
11,12,39
0,13,58
39,20,25
9,12,39
23,15,39
36,13,41
16,14,43
58,17,17
7,13,60
33,14,41
56,15,42
0,20,26
44,16,30
27,13,52
20,17,35
54,20,16
35,23,24
56,20,12
22,12,39
57,19,14
61,18,13
35,13,42
59,15,34
49,15,29
8,16,33
23,15,41
43,19,23
51,21,12
60,17,41
37,18,28
33,13,56
30,20,29
40,14,63
41,13,52
59,21,9
55,15,61
43,16,28
54,18,38
29,14,38
54,21,11
20,17,34
20,20,30
16,18,63
29,13,63
8,14,43
63,19,12
62,18,15
60,18,16
47,17,27
26,12,38
28,12,47
21,12,36
15,14,41
33,13,48
27,14,45
57,17,35
19,14,57
18,16,36
1,13,41
52,16,34
59,16,35
44,17,27
58,16,36
60,16,43
61,15,55
6,14,45
61,16,40
60,17,25
52,16,57
27,12,46
5,19,30
60,22,9
55,15,42
47,21,17
22,13,45
14,13,59
59,15,35
23,13,42
20,14,44
44,23,15
52,22,16
1,13,36
4,22,24
27,13,57
50,18,19
58,14,62
48,14,51
61,17,27
42,18,24
62,21,5
41,13,53
4,20,26
0,18,31
60,22,13
61,16,41
42,21,24
59,17,37
57,23,6
7,13,45
51,17,20
20,16,36
16,13,55
46,14,56
60,15,38
5,14,56
30,13,58
35,13,56
28,14,44
50,17,27
28,12,45
4,14,34
15,13,42
45,18,27
12,21,26
12,19,31
23,16,34
53,21,13
35,14,41
41,15,46
31,15,43
51,15,55
1,12,43
24,21,26
52,13,60
50,14,46
62,21,13
24,19,28
18,14,42
63,15,60
17,19,63
33,13,37
42,20,21
35,13,38
45,15,34
47,21,18
17,15,36
18,12,44
5,12,41
12,13,35
39,13,46
62,17,28
18,13,51
27,13,41
9,13,48
55,21,11
38,15,38
48,14,61
55,17,23
27,14,49
8,13,55
41,19,30
49,14,43
29,13,51
9,13,45
25,20,28
51,13,58
29,21,27
19,14,61
11,19,34
7,17,34
30,15,38
8,14,55
16,21,63
23,16,40
53,17,57
22,23,25
56,16,38
60,18,38
51,13,59
51,16,27
37,13,42
1,12,36
50,16,25
35,13,58
54,14,48
52,15,56
30,20,26
38,13,47
14,23,25
60,17,15
39,15,32
56,15,58
15,20,29
59,19,17
26,17,35
16,12,45
31,21,30
23,20,29
52,16,31
21,12,43
23,12,39
46,15,39
8,12,45
62,14,59
35,19,29
20,23,23
12,21,30
15,13,60
17,15,35
21,13,43
61,16,49
56,21,9
29,12,47
44,20,21
52,13,59
34,13,44
37,14,42
51,13,53
10,18,29
26,23,24
2,13,53
63,14,52
46,17,26
23,16,41
40,17,48
54,21,12
39,16,31
49,15,52
25,13,57
50,15,36
3,13,56
63,23,1
31,13,55
51,14,48
55,15,47
20,13,40
57,17,24
43,20,23
38,14,63
4,14,57
45,15,28
63,15,56
61,17,40
32,19,30
8,17,35
31,15,40
19,13,57
61,16,36
59,14,55
16,15,33
52,17,56
2,14,41
54,14,40
63,15,37
56,16,24
47,15,40
26,13,37
55,14,46
16,17,31
41,13,54
55,16,25
8,14,61
8,13,61
49,17,21
29,12,45
18,12,36
46,19,21
26,17,30
2,18,31
10,16,39
3,12,42
2,15,32
9,17,40
43,23,18
30,13,48
44,14,57
37,20,28
25,13,61
39,14,58
46,16,45
41,14,59
36,17,32
38,15,33
0,13,35
42,17,28
41,14,62
0,14,41
12,18,34
33,14,62
43,16,45
30,21,28
50,13,56
3,11,41
32,13,43
10,13,48
33,13,47
10,17,33
17,23,25
49,15,35
62,15,46
49,16,28
40,13,47
5,13,36
52,18,18
6,13,57
31,14,37
28,13,52
2,13,62
61,16,47
62,17,29
31,13,37
60,16,47
0,14,40
54,14,42
51,15,43
33,14,50
45,18,26
47,15,44
9,14,40
17,14,37
56,14,57
51,19,17
5,18,28
32,14,60
62,17,34
54,15,57
1,13,43
15,20,30
60,19,14
27,14,39
48,17,43
61,23,13
49,14,47
33,16,32
43,14,59
30,14,35
3,12,41
28,23,23
28,16,43
39,14,61
53,16,24
11,17,31
50,13,55
41,23,17
38,13,44
21,13,47
53,19,19
57,21,9
20,13,61
58,14,47
53,14,49
44,13,48
42,15,43
36,14,39
15,12,42
59,15,36
27,12,45
44,14,48
20,22,26
45,15,27
42,14,34
12,21,25
63,20,12
12,13,52
16,13,50
39,12,48
58,13,61
3,16,30
52,14,40
2,13,59
50,22,14
45,14,38
44,23,16
47,14,61
0,13,38
60,22,8
12,20,27
1,18,27
49,14,51
10,17,32
1,21,23
5,19,29
43,13,50
16,14,63
12,18,30
53,16,22
40,13,51
22,16,41
1,13,47
28,17,33
8,19,29
48,15,46
27,14,57
2,12,39
2,18,33
49,20,19
60,18,14
63,14,49
30,21,29
59,23,2
19,12,39
8,13,41
63,16,41
55,21,13
10,21,26
51,18,22
46,13,53
61,16,33
29,13,50
58,16,24
13,13,58
60,23,6
25,18,34
27,12,43
31,19,32
60,16,27
38,14,45
60,14,55
45,15,29
52,16,54
46,20,19
58,16,57
51,16,22
44,14,43
39,14,40
33,13,63
52,23,9
48,14,43
42,20,24
59,14,52
42,23,20
55,15,39
51,17,19
18,23,23
25,13,49
16,12,41
47,13,56
54,14,54
53,15,46
16,17,30
21,14,58
32,13,60
25,12,38
62,16,27
56,15,35
28,14,58
63,15,52
46,15,26
39,13,53
14,13,47
60,18,19
27,14,36
55,14,51
14,18,31
58,16,25
52,17,28
48,14,57
14,13,63
63,15,42
62,23,9
50,15,34
63,17,63
52,14,55
1,13,42
46,14,53
29,23,25
44,16,42
18,13,38
33,18,31
40,14,53
3,13,50
55,19,18
31,13,61
55,17,20
44,15,42
24,13,50
31,13,46
56,14,50
56,17,22
8,15,34
63,15,61
9,12,42
51,14,62
61,17,21
56,14,63
53,17,22
27,13,62
10,16,40
28,15,37
16,13,58
15,12,40
58,16,29
31,13,44
47,18,25
19,13,62
1,13,56
0,15,32
46,13,49
58,17,20
60,19,19
11,18,31
48,14,49
21,13,55
48,22,15
17,13,57
53,14,63
41,15,36
58,15,46
49,14,48
45,22,23
32,20,30
40,14,39
56,15,38
53,13,55
29,13,57
30,13,41
32,13,55
26,13,61
34,15,43
48,13,56
21,23,26
44,15,46
30,14,34
32,20,28
45,14,54
37,17,30
48,14,56
47,17,26
22,15,38
58,19,18
19,14,42
23,23,27
46,19,23
23,19,29
21,14,34
62,19,17
8,14,45
62,17,63
45,20,19
60,20,10
32,16,36
62,15,45
20,13,52
37,16,33
13,17,31
1,15,40
48,15,51
56,20,16
15,13,50
53,16,33
61,17,41
43,16,34
3,11,40
56,14,47
1,15,34
25,19,34
57,18,17
13,16,33
8,16,35
35,13,45
45,16,45
36,14,57
30,14,46
37,15,37
38,15,36
10,14,34
17,23,26
11,18,35
60,14,45
59,15,50
51,16,54
52,14,52
5,23,22
48,16,29
12,18,28
7,17,36
5,13,40
58,18,14
24,17,31
51,15,40
24,19,29
53,15,30
15,14,37
52,16,37
34,17,35
52,16,46
59,14,50
27,16,33
51,14,60
41,14,46
15,12,43
21,17,33
50,15,38
22,16,32
29,22,29
36,14,58
54,16,21
38,18,29
52,15,35
45,23,23
44,14,51
27,14,41
20,21,26
3,15,41
16,15,43
31,20,31
54,15,41
52,14,41
13,14,40
16,13,44
33,13,54
37,22,23
34,13,37
47,14,56
8,14,62
25,15,35
4,12,38
11,17,29
61,18,20
52,18,17
46,18,27
0,16,34
10,16,34
2,13,39
35,14,51
15,13,55
22,15,33
54,19,20
3,13,47
62,15,43
53,20,12
38,14,36
36,18,29
0,13,41
32,13,51
58,15,49
56,15,56
40,16,47
53,14,58
54,16,56
22,13,37
45,22,18
60,14,62
33,14,63
42,16,32
1,13,62
32,13,50
34,13,49
44,14,59
15,14,63
0,23,21
44,15,36
53,17,24
22,14,37
2,11,41
55,14,61
45,18,25
20,15,41
6,13,54
16,17,63
51,23,16
44,15,52
33,14,46
56,13,60
51,16,24
34,16,32
16,15,35
47,14,35
10,17,34
59,16,60
62,18,10
37,14,57
43,14,61
44,16,45
35,19,28
29,13,42
11,23,24
57,15,39
18,16,33
10,15,39
41,14,39
28,16,32
63,23,10
1,13,37
0,23,22
47,14,46
14,12,38
53,15,50
44,15,47
20,13,37
34,13,61
56,15,39
56,18,15
31,13,41
44,22,23
24,18,29
49,14,52
63,15,41
14,19,29
25,17,35
60,14,63
60,17,24
17,13,61
56,16,35
31,13,57
3,17,29
42,15,37
13,14,44
35,13,39
60,16,28
6,19,27
2,14,60
50,16,21
5,14,58
48,15,42
20,16,35
17,16,33
3,13,48
38,16,33
63,20,9
23,14,44
50,16,50
39,21,25
2,16,34
54,15,53
48,16,33
46,16,30
41,16,29
19,13,35
30,14,39
52,14,60
46,21,21
26,12,39
53,14,42
9,20,31
44,15,50
26,23,25
52,21,15
36,17,31
13,13,39
30,14,63
47,16,24
0,11,42
61,22,5
45,15,31
20,14,37
22,13,42
54,18,20
32,20,27
41,22,22
52,15,32
59,18,17
52,21,19
8,13,37
25,16,31
13,14,39
44,19,24
3,13,60
44,14,56
19,16,40
60,17,22
0,12,35
15,19,32
7,13,34
38,13,43
60,15,62
58,15,43
26,13,46
51,16,31
61,17,18
6,13,37
32,23,25
58,15,47
59,18,13
54,17,24
46,20,23
46,17,24
8,14,63
10,17,31
39,18,46
36,14,43
1,17,32
47,14,57
44,14,45
48,21,16
35,17,32
9,13,55
60,16,37
37,13,44
35,16,34
39,14,57
30,15,35
15,23,25
46,18,21
9,23,24
62,15,49
2,13,35
49,22,13
59,16,38
43,22,18
16,18,29
63,15,44
48,21,18
24,14,46
0,13,44
52,17,37
44,16,32
25,20,27
43,20,22
1,12,40
11,13,52
25,13,37
16,13,57
60,16,26
48,16,27
7,17,31
49,13,54
44,14,34
4,20,25
53,23,8
41,21,22
11,12,42
6,12,41
63,21,8
8,14,33
9,13,52
56,14,62
51,15,39
40,14,48
41,20,24
4,13,53
31,14,49
22,22,26
31,21,25
55,15,50
49,16,27
22,12,38
32,13,61
50,14,52
7,14,61
58,15,38
1,16,32
41,15,35
6,19,29
12,12,36
27,13,46
28,20,29
41,14,42
41,19,27
49,21,18
30,14,62
50,19,17
0,14,37
51,14,51
12,17,32
40,17,45
55,16,22
43,14,32
41,14,57
9,17,36
44,16,27
57,17,31
40,12,50
49,13,52
53,16,28
30,14,40
18,16,39
54,15,56
56,18,39
58,15,55
4,20,27
39,15,40
24,19,30
62,18,26
8,18,36
58,17,55
40,22,20
52,16,28
62,17,24
63,17,20
5,13,54
31,13,56
3,15,40
30,19,29
23,23,25
18,13,45
40,13,46
38,22,21
6,15,32
30,21,27
52,13,51
50,15,31
18,13,35
46,18,51
12,13,37
47,21,16
48,19,19
51,21,13
30,22,27
61,17,53
42,13,53
6,14,58
27,16,43
36,13,43
51,14,46
51,22,13
7,18,30
56,19,19
37,23,20
10,12,45
63,21,10
1,16,31
2,13,43
28,14,49
58,16,59
58,15,50
40,15,45
17,15,62
59,18,58
58,15,59
16,21,29
48,15,38
44,18,25
53,15,63
7,16,33
4,14,46
56,16,40
49,15,48
60,18,13
30,13,53
38,23,21
5,17,30
35,16,33
63,21,5
60,18,17
12,13,40
19,13,36
0,13,48
41,17,27
25,22,29
59,19,16
5,13,56
16,15,40
4,17,30
59,17,60
51,20,16
31,14,35
41,16,49
9,13,37
62,14,60
42,14,32
13,13,49
50,14,51
54,13,56
30,12,48
63,18,16
17,13,44
10,18,34
16,13,51
57,17,28
10,15,32
26,22,24
2,13,60
40,14,62
57,14,62
6,20,27
57,15,52
6,21,25
26,16,43
50,16,23
46,14,40
40,15,37
37,13,45
37,13,48
61,16,53
40,18,27
16,12,36
52,15,62
48,14,40
8,13,52
34,23,24
13,13,41
21,21,26
8,20,29
50,15,53
24,13,49
45,14,56
48,14,45
56,15,36
54,15,50
51,16,37
31,15,34
0,17,34
15,17,31
61,21,5
63,20,19
47,14,37
50,14,35
40,15,48
41,21,24
31,14,47
41,13,48
52,14,49
47,15,35
28,20,27
36,15,36
0,16,32
38,13,57
30,23,25
30,14,61
54,19,16
47,23,12
50,14,43
27,23,23
28,19,29
23,22,24
4,13,56
12,13,41
2,16,32
7,13,40
43,20,20
40,21,27
10,15,40
35,14,61
20,22,30
11,15,35
55,16,29
62,16,31
29,16,32
1,12,45
20,13,35
35,13,54
63,21,7
27,15,42
34,13,48
57,14,49
61,22,13
62,14,57
15,13,54
40,15,34
22,13,54
51,15,31
48,14,35
18,15,43
13,15,33
58,14,55
52,17,24
2,13,34
6,20,30
36,13,47
51,20,17
37,13,40
62,23,7
57,15,40
17,13,41
63,17,22
21,15,34
29,14,37
31,23,26
54,17,19
11,13,36
45,13,56
20,13,62
56,17,18
28,12,46
6,14,39
19,21,27
45,13,49
62,21,6
13,20,28
63,16,28
55,19,17
55,15,43
35,22,24
20,19,34
48,21,15
24,15,33
1,23,22
30,15,37
62,20,12
38,13,39
6,12,38
60,21,13
38,17,29
56,22,9
30,14,43
18,13,53
57,14,57
16,14,39
31,13,51
47,15,39
55,13,58
8,13,42
56,19,12
61,15,35
44,14,50
24,20,28
44,13,54
11,22,25
62,14,49
61,17,22
45,20,24
39,14,35
45,17,30
50,14,39
24,22,26
18,13,58
50,14,63
49,22,14
20,14,62
9,14,36
23,13,50
41,17,49
46,14,45
58,17,39
25,18,29
16,19,28
44,16,44
31,13,43
15,15,38
9,13,36
47,16,52
27,13,61
12,13,34
55,13,56
32,17,32
8,14,42
27,14,47
7,14,42
56,14,44
54,18,15
57,20,12
53,16,27
1,13,55
20,20,27
47,17,43
8,19,31
38,23,22
36,13,51
30,22,28
3,15,31
2,14,38
24,14,35
60,17,19
37,14,44
52,15,55
55,23,8
34,22,25
18,13,56
12,13,42
16,18,62
36,14,38
10,13,59
14,17,31
54,18,16
16,16,36
57,14,52
41,16,47
30,15,34
32,22,25
53,16,35
58,15,56
22,20,28
19,17,32
22,13,36
45,23,14
9,13,42
42,15,50
49,16,24
48,13,55
46,13,54
0,13,36
31,23,27
18,13,39
9,15,39
10,16,32
51,19,15
58,20,13
19,13,63
44,14,37
61,16,45
4,23,21
27,13,60
60,17,23
42,14,35
45,13,42
23,20,27
45,17,26
32,21,31
53,16,45
25,17,34
40,16,46
33,20,27
41,13,43
38,17,30
59,16,34
62,14,56
55,18,15
39,13,42
22,14,35
38,16,45
29,17,31
34,14,43
17,13,36
26,13,52
3,14,55
52,13,58
56,15,51
56,17,20
39,12,49
39,15,44
24,13,35
63,19,14
61,15,46
42,23,17
44,15,33
44,15,27
14,13,61
44,14,62
19,18,30
18,17,30
17,14,35
17,23,23
13,20,29
41,15,41
49,17,53
61,17,56
28,23,29
34,15,50
39,14,47
55,21,10
39,15,38
14,13,53
33,13,52
57,16,29
27,13,48
59,18,16
63,16,52
22,20,27
4,18,31
48,16,26
4,22,25
8,12,42
51,15,33
55,14,60
61,20,14
0,17,30
23,13,36
0,13,56
19,13,44
61,15,37
56,15,47
49,18,21
23,18,33
38,13,56
25,21,30
50,16,24
21,19,30
37,14,59
48,15,45
63,23,8
48,14,41
43,14,37
41,23,18
9,20,29
42,15,46
61,16,54
20,13,50
46,20,18
27,14,38
49,13,50
40,14,40
54,15,45
43,14,56
5,14,36
4,12,41
11,23,27
11,16,41
41,18,29
41,20,29
4,13,58
59,15,51
25,16,33
2,13,56
56,21,12
23,22,26
2,18,27
6,18,33
0,17,28
48,14,59
15,23,26
59,23,12
5,13,39
59,19,9
60,15,61
5,19,27
49,20,17
49,15,33
16,14,42
13,16,41
33,15,46
47,13,48
16,22,27
5,13,50
8,15,35
1,13,59
52,17,19
62,18,37
23,16,35
8,15,33
58,14,52
10,18,30
40,20,27
36,13,56
18,23,24
33,17,35
40,13,52
23,14,35
45,15,45
9,22,27
54,15,61
23,17,30
50,15,28
1,12,42
9,12,38
63,16,30
15,16,35
35,14,46
5,13,41
18,13,62
62,15,59
43,20,24
39,14,41
5,11,39
25,13,62
47,14,41
57,15,41
63,18,18
62,17,18
28,15,33
41,16,48
4,12,37
60,16,44
12,13,51
48,13,53
3,19,26
10,13,45
5,13,57
34,13,42
37,16,46
25,23,27
25,21,26
19,18,31
35,15,42
28,15,35
33,23,26
58,17,36
13,17,32
34,20,29
14,22,25
46,14,34
25,18,35
21,20,27
43,15,41
45,15,37
19,15,34
20,15,35
50,13,51
43,13,53
18,13,60
49,16,53
43,18,24
58,15,45
56,14,48
17,12,44
2,15,31
2,17,30
56,19,16
12,17,34
53,14,52
15,16,32
52,14,37
62,17,27
38,16,31
56,17,24
56,19,11
15,13,45
12,12,40
45,14,37
41,17,29
54,21,17
41,23,21
14,12,41
43,15,39
12,12,45
63,15,53
21,14,46
15,23,23
37,13,46
31,14,62
55,15,54
7,16,36
28,12,42
5,22,23
46,17,27
11,17,30
43,15,35
61,19,8
60,15,48
57,19,13
50,23,10
41,14,34
57,15,57
59,17,56
28,13,53
55,15,56
10,23,22
31,13,47
34,13,58
46,20,21
9,13,50
50,15,48
18,15,33
16,20,29
46,17,23
27,15,34
19,12,37
6,13,36
8,15,40
26,15,41
43,22,19
44,16,43
9,19,27
46,16,46
2,16,41
37,23,22
49,14,57
20,19,29
17,12,42
60,15,37
21,13,53
2,21,24
12,12,37
51,17,22
13,13,57
20,22,25
24,16,32
1,13,39
40,14,34
62,16,30
52,17,58
47,16,26
63,14,58
27,17,32
63,14,54
31,22,27
61,18,12
49,14,53
60,15,40
32,13,56
31,13,63
35,23,23
10,17,39
63,17,41
25,13,54
16,19,31
21,12,41
52,16,32
51,17,24
43,21,24
32,14,50
39,22,24
28,14,41
33,19,28
5,14,62
37,13,55
0,16,31
19,22,28
35,14,35
22,20,30
10,17,29
33,22,26
37,17,45
11,15,32
50,18,21
49,14,39
45,15,46
9,14,62
52,16,35
24,20,29
59,16,57
19,13,46
43,15,29
44,13,50
28,13,43
12,12,42
9,13,44
6,18,32
17,14,39
2,19,34
20,17,33
46,23,14
55,14,49
59,20,10
20,23,27
4,19,27
62,19,8
58,23,2
41,13,41
22,14,46
46,14,43
53,18,17
5,14,59
27,14,44
63,14,62
5,18,31
58,15,42
50,14,38
63,14,59
7,12,44
33,22,25
6,20,26
9,17,32
21,22,25
31,14,44
26,15,43
28,22,25
47,18,51
60,15,59
22,15,39
11,17,32
53,21,17
2,12,37
3,14,56
50,15,50
20,17,32
25,14,47
25,23,24
26,14,55
34,15,41
53,14,51
44,14,63
59,16,25
15,15,33
47,19,20
17,17,30
7,12,42
11,13,55
15,13,37
22,14,57
38,21,24
52,15,53
7,14,34
2,15,40
59,16,41
9,13,40
27,15,43
16,13,59
30,16,33
5,13,47
1,13,52
59,15,37
3,15,33
3,16,41
1,14,37
20,12,36
7,14,40
25,21,27
6,15,33
4,12,36
63,23,5
7,14,63
39,13,52
56,18,20
34,13,59
55,15,53
58,21,8
48,17,53
8,13,56
39,14,43
9,13,53
61,23,1
51,16,30
54,17,23
56,16,28
48,23,12
54,22,10
23,13,49
13,12,38
46,16,25
25,13,50
50,15,49
47,17,29
31,13,42
27,22,27
53,15,35
24,18,35
52,14,36
43,14,57
60,23,8
50,19,16
58,16,28
49,16,25
16,22,29
50,15,52
11,12,44
50,14,48
13,12,44
19,14,44
8,12,37
59,17,27
32,12,47
58,22,5
40,13,50
33,13,50
43,14,44
18,13,63
53,15,38
13,13,37
60,15,50
22,15,35
0,13,59
56,19,18
46,14,35
28,13,61
11,18,29
17,13,49
49,15,28
38,16,46
57,23,5
55,20,19
23,13,37
19,14,55
2,13,48
57,15,38
15,19,31
56,22,11
6,13,60
45,15,39
32,23,24
32,14,46
52,20,15
43,18,25
28,13,42
18,13,46
20,13,56
24,14,56
29,18,31
35,15,34
57,18,20
55,20,15
62,23,11
51,16,28
45,17,43
11,14,40
57,15,35
28,14,42
37,21,24
11,20,27
5,16,33
14,13,50
37,19,29
61,18,56
24,21,31
11,23,25
43,16,46
3,20,27
46,14,51
63,17,50
33,14,52
45,16,43
9,13,41
39,18,47
44,14,49
8,20,26
10,23,23
29,14,45
55,13,57
8,21,24
58,17,58
57,17,21
54,20,17
29,13,56
50,14,58
43,13,56
45,13,48
60,20,13
53,15,52
0,12,43
53,22,18
53,17,19
20,13,53
15,13,49
50,16,52
27,22,25
1,16,34
59,16,37
60,14,58
49,14,46
19,16,38
16,12,38
63,15,46
34,15,46
1,13,38
32,14,36
38,13,42
32,16,33
39,16,47
58,18,18
23,12,38
9,19,29
48,14,39
3,13,63
49,23,13
23,13,61
24,14,55
29,22,26
4,18,33
45,13,46
24,15,36
10,12,36
48,15,43
59,22,8
56,19,20
5,18,33
17,21,27
62,18,17
1,17,29
59,17,21
59,15,47
59,18,19
49,14,40
19,13,50
61,13,61
50,23,12
5,17,31
28,14,40
54,15,33
26,20,27
22,17,33
54,17,22
22,19,29
26,14,35
31,17,32
6,13,34
63,22,4
49,14,34
60,14,46
41,14,47
12,13,57
43,13,42
42,15,38
24,23,28
7,20,26
20,21,27
49,17,20
6,18,31
4,11,40
52,16,51
34,13,56
54,15,42
53,20,16
44,22,18
5,15,33
61,18,57
58,17,16
40,23,18
49,19,18
33,13,59
59,14,62
16,17,33
52,21,12
11,13,51
52,19,20
36,20,27
51,14,36
50,13,52
54,21,14
8,13,59
14,15,32
51,15,50
40,13,56
37,13,54
28,13,51
57,16,35
0,17,33
14,22,27
54,15,51
1,21,25
54,13,55
3,21,25
17,13,62
62,20,7
20,23,25
28,14,45
23,16,33
41,16,28
21,14,40
10,15,33
61,15,36
54,22,15
28,22,29
25,17,30
31,20,27
33,15,45
60,17,37
52,15,42
24,22,29
15,14,38
29,21,28
6,13,59
22,13,51
12,14,36
18,17,33
25,18,32
59,18,15
22,12,44
54,18,40
35,13,47
30,15,33
58,14,45
42,14,45
37,13,56
46,15,27
28,14,56
53,14,60
32,14,59
60,22,4
23,13,44
58,16,34
1,22,22
62,15,40
23,12,40
58,15,52
63,22,3
25,14,35
56,17,38
57,18,22
61,20,12
48,17,28
48,15,30
35,13,37
57,21,11
50,17,21
7,14,62
47,17,24
52,16,36
51,23,9
7,13,62
32,13,53
40,15,35
12,21,27
39,22,21
30,14,41
62,22,11
21,14,38
39,13,55
26,12,41
13,13,54
52,16,25
45,15,47
45,15,32
36,13,50
24,16,36
11,13,62
35,14,53
29,13,61
52,14,38
7,17,32
3,17,34
42,14,56
3,15,39
40,22,23
63,17,23
60,17,60
26,22,25
28,15,42
55,19,13
60,14,48
63,22,12
21,13,57
43,14,62
17,15,41
33,13,43
13,23,26
20,14,42
9,13,62
53,18,22
30,13,37
0,12,45
42,13,45
9,13,59
55,23,12
58,23,7
52,22,9
34,21,29
31,20,32
31,15,42
18,15,37
42,14,49
36,13,38
60,18,22
0,14,34
3,12,37
62,16,53
26,15,35
40,14,54
43,16,44
60,15,58
13,12,37
39,17,28
53,16,26
25,13,63
36,14,54
47,16,27
49,17,30
50,15,30
58,16,40
10,21,27
38,13,50
55,19,14
26,18,34
26,13,49
13,16,31
40,14,49
13,13,55
60,16,41
31,14,46
27,23,25
9,17,31
38,17,48
25,13,47
60,21,7
59,15,59
63,18,17
15,13,51
53,19,18
18,20,29
38,13,55
46,20,22
15,14,43
57,23,7
55,18,22
16,12,37
25,18,31
40,20,24
58,23,12
23,12,37
33,14,36
63,14,50
35,17,31
8,13,60
23,18,31
57,22,10
42,19,24
25,12,42
27,13,38
22,22,28
20,16,34
45,17,24
17,13,45
13,13,50
41,15,37
13,23,25
18,19,30
0,13,55
56,16,37
45,14,45
34,17,32
49,17,26
5,23,26
19,17,30
44,21,18
53,16,42
55,15,55
41,13,49
33,21,29
25,13,52
56,23,8
53,20,20
49,15,51
53,15,33
17,22,62
34,15,34
3,13,51
48,16,32
4,14,61
5,21,24
59,21,13
33,18,29
31,20,30
54,15,35
29,13,48
52,14,43
63,15,51
55,22,7
41,15,63
12,18,31
21,13,51
38,14,47
23,21,31
50,16,22
24,13,36
50,22,12
29,14,57
58,14,63
55,17,19
2,19,33
42,17,27
47,14,62
33,13,57
61,15,41
9,16,33
57,20,17
63,18,13
50,16,33
28,13,56
47,14,59
50,19,19
48,17,51
10,14,38
52,22,11
53,14,57
14,12,44
22,21,28
26,23,28
30,14,59
16,23,26
17,22,28
39,15,43
13,18,30
60,16,42
51,15,42
43,15,43
35,14,37
57,15,34
61,16,43
25,17,42
23,15,35
19,14,38
36,15,34
47,13,51
16,17,34
5,14,40
52,17,21
30,19,28
29,12,43
44,15,31
26,19,34
2,12,40
42,15,30
42,15,41
62,17,38
61,19,12
62,16,29
52,22,10
49,14,45
11,16,33
6,13,39
26,21,26
46,15,43
30,23,24
47,15,31
49,16,30
5,20,25
11,13,50
55,23,7
2,18,28
20,15,34
6,13,58
10,13,40
40,13,48
13,13,42
20,18,30
19,18,34
15,14,36
4,13,46
46,14,46
23,23,26
9,13,54
45,16,32
51,14,43
21,13,60
5,12,37
29,13,49
28,15,41
2,12,36
32,15,33
62,15,34
47,15,27
34,16,46
52,16,23
47,15,48
53,14,38
21,14,42
63,17,21
18,13,48
18,18,30
15,14,40
8,14,60
40,14,57
33,16,35
43,21,22
45,23,16
31,22,28
53,16,36
32,14,51
60,19,16
58,20,9
23,21,27
57,15,55
45,13,45
43,14,55
54,22,9
45,20,21
43,21,21
0,12,36
47,18,22
1,12,39
7,15,34
60,15,55
42,15,35
14,22,26
12,16,40
58,15,57
57,13,58
38,23,25
44,14,53
51,15,37
39,14,51
27,23,26
53,15,49
31,13,59
8,13,47
18,21,30
3,17,31
18,15,39
52,13,50
54,15,49
56,17,26
58,14,51
7,15,35
51,22,15
54,15,38
48,14,48
47,16,45
51,16,40
42,13,54
29,13,60
39,23,22
27,14,35
31,14,59
59,15,44
15,23,24
33,13,61
25,14,42
37,14,63
38,14,43
26,14,38
11,16,42
44,16,29
20,23,24
56,14,49
33,14,45
56,15,46
19,14,34
48,15,40
14,14,36
24,13,44
5,13,45
48,13,48
40,23,20
60,13,60
46,14,36
16,21,27
25,15,33
52,14,63
9,17,41
4,13,63
61,20,8
10,13,53
11,13,37
36,13,52
34,14,61
34,13,50
37,22,22
52,13,55
22,12,40
30,13,63
58,16,32
43,23,16
30,17,31
28,21,25
52,14,42
24,13,63
49,21,16
33,17,36
33,20,28
32,13,46
39,13,40
60,19,17
2,12,44
24,22,27
28,13,47
51,21,16
14,14,40
46,13,51
12,19,27
21,14,47
38,14,60
56,13,57
56,20,10
42,14,47
63,22,1
5,18,29
60,17,31
31,13,62
62,17,41
32,13,44
59,14,47
20,13,43
21,21,27
54,19,19
41,15,31
53,15,36
11,15,41
8,19,32
51,16,34
17,14,38
57,16,55
9,15,41
47,20,19
52,16,22
36,23,22
61,14,49
5,22,26
29,15,43
58,16,60
18,12,45
22,13,47
57,14,47
50,21,13
54,15,60
37,13,53
36,14,45
38,14,48
63,15,40
0,14,35
42,23,19
21,13,59
11,13,56
49,21,14
15,15,63
35,13,43
56,19,17
44,13,56
18,21,27
3,14,41
35,22,25
30,13,51
56,17,42
10,13,46
30,13,46
58,22,6
30,20,30
26,15,38
57,18,15
39,13,41
26,13,40
19,14,45
43,15,36
8,13,35
21,13,40
28,13,62
56,14,52
62,17,19
52,19,17
10,18,28
23,14,39
57,15,46
18,13,50
56,16,21
37,14,53
37,20,25
57,16,27
63,17,32
21,13,62
50,13,57
42,15,29
17,18,30
36,14,59
23,13,39
59,19,10
42,21,21
1,17,31
29,22,27
27,14,56
50,14,55
60,21,12
18,16,38
38,13,51
19,13,52
29,14,59
22,13,63
29,14,44
36,13,42
63,17,18
60,18,12
15,14,35
22,13,40
6,14,57
9,21,26
57,14,63
52,15,50
56,15,31
0,19,27
50,17,26
1,18,33
11,19,33
55,13,60
0,13,49
8,13,36
10,20,30
37,16,45
4,15,31
37,14,46
42,22,21
34,23,25
16,17,32
52,21,16
49,16,26
45,14,46
1,13,58
10,13,35
9,13,51
4,15,32
14,12,45
57,14,43
47,16,43
54,16,32
32,17,35
21,12,39
60,19,13
55,15,57
53,17,17
16,13,42
23,15,34
5,20,32
21,14,56
30,16,32
12,13,55
57,18,12
8,13,51
4,17,29
7,13,48
48,20,17
0,15,39
34,14,48
23,17,32
6,17,32
62,20,8
13,13,56
36,19,29
22,23,23
42,14,62
26,17,33
15,12,44
61,19,9
58,15,39
18,14,41
41,23,19
37,13,49
21,23,27
63,23,7
10,13,60
48,17,26
43,14,48
22,13,61
62,19,13
20,13,47
43,15,42
35,22,26
40,14,35
26,17,31
20,13,63
52,14,51
52,13,54
45,14,42
34,13,39
39,14,37
29,18,32
63,14,57
54,17,18
1,15,38
48,19,21
7,16,32
54,15,62
41,15,47
45,16,30
63,14,48
42,14,59
32,20,32
20,14,58
35,14,52
29,15,36
9,18,33
17,13,52
50,18,20
22,12,36
47,14,52
63,16,46
30,13,35
25,18,33
21,20,29
47,16,42
61,17,37
35,13,36
58,16,56
23,22,29
26,16,44
48,15,41
59,15,53
19,19,30
61,21,6
1,21,24
63,16,37
26,20,30
59,18,11
41,14,44
61,22,6
22,15,34
45,14,48
5,12,40
62,16,42
8,19,28
46,14,41
50,16,40
51,16,56
53,20,19
6,13,52
21,13,46
45,13,52
32,13,58
50,15,61
20,13,39
56,16,41
36,14,63
13,12,41
48,18,20
25,13,45
42,13,48
38,14,42
26,12,42
43,15,49
40,14,38
57,14,51
28,13,46
34,22,27
43,13,44
43,14,53
62,15,56
50,14,44
61,16,57
56,17,16
26,18,29
13,22,24
20,12,38
48,14,60
13,13,38
34,21,28
59,17,28
32,13,59
41,17,45
35,14,40
43,16,27
51,14,63
48,15,32
14,23,26
49,15,38
55,14,45
39,13,44
58,16,37
26,21,29
24,17,30
36,14,44
52,23,15
3,21,24
34,14,45
15,13,48
0,13,54
57,21,8
23,12,41
39,14,62
1,13,60
21,12,38
29,15,41
48,18,21
57,14,53
61,22,9
45,19,23
59,17,29
46,15,49
18,15,34
47,14,34
23,13,60
29,14,42
14,13,57
32,17,30
32,13,40
18,20,28
16,13,56
9,19,30
59,16,31
27,20,27
6,12,43
15,13,43
31,22,30
56,18,37
57,18,40
42,14,39
12,16,34
38,15,32
55,17,17
45,20,22
9,20,28
53,20,17
15,17,33
46,21,22
14,20,27
2,15,36
24,13,39
12,19,28
3,20,25
15,21,26
42,14,41
2,13,51
32,14,41
21,16,35
17,20,62
40,18,29
23,15,38
1,15,36
39,17,45
46,22,16
50,16,27
4,13,39
52,15,41
15,13,41
25,23,26
45,15,38
48,15,36
34,15,45
46,18,23
40,18,26
57,16,37
26,15,42
46,14,59
26,13,56
51,19,16
42,14,57
49,20,16
7,13,52
63,15,54
29,13,53
22,17,31
19,12,43
44,15,37
46,14,62
18,17,31
28,22,26
63,14,60
15,13,57
34,14,60
8,21,25
6,14,34
7,14,36
37,13,50
49,13,55
37,14,54
41,14,56
12,13,39
31,22,26
46,16,31
27,16,32
0,13,60
30,13,54
12,13,61
7,16,34
16,22,25
0,21,24
54,20,15
38,13,52
35,13,40
44,21,20
38,14,58
1,13,57
5,12,39
51,14,52
49,15,60
43,22,23
61,18,14
59,15,42
29,15,34
59,21,7
29,20,31
51,19,18
52,14,44
59,22,11
55,22,18
37,15,46
42,21,22
6,20,32
2,17,29
23,13,46
11,23,23
59,20,11
32,13,39
2,16,31
2,21,25
32,13,37
50,14,62
33,15,35
61,16,30
42,16,33
43,17,29
53,14,36
10,18,35
32,16,34
26,17,32
61,21,14
57,15,54
62,16,58
57,20,11
8,18,32
57,19,18
18,15,63
19,23,26
18,14,43
25,14,39
44,14,40
5,22,24
4,13,52
45,16,33
62,22,12
57,18,21
26,14,34
43,15,47
58,17,30
10,19,27
24,21,27
38,17,31
60,14,54
48,14,44
41,21,23
23,13,58
6,14,59
29,13,52
34,17,31
6,13,46
40,20,23
25,19,28
52,15,39
50,16,39
31,14,48
49,15,30
7,14,41
22,13,38
5,13,51
48,14,53
31,13,39
29,14,36
12,13,47
24,15,34
1,20,25
39,23,19
10,13,37
21,16,32
63,15,57
53,22,17
38,15,47
62,15,44
5,12,35
54,21,9
48,16,50
22,18,33
58,15,36
58,13,60
24,22,28
51,16,20
1,17,34
20,20,29
9,15,32
22,13,52
23,13,52
40,14,37
52,21,17
30,23,27
0,12,40
53,16,20
2,15,41
42,14,40
47,22,14
31,16,32
38,13,49
54,18,22
55,18,19
60,14,51
53,16,31
5,14,57
39,17,47
47,15,46
30,13,43
61,16,31
42,22,23
59,14,53
2,16,35
18,22,25
23,14,34
4,14,58
42,16,31
34,14,36
53,18,19
48,14,63
30,14,44
55,16,23
52,14,62
55,20,16
46,13,50
15,14,34
52,18,19
29,14,35
49,23,11
55,15,32
19,16,34
19,14,39
63,20,6
49,18,20
52,20,14
63,16,62
40,16,32
49,14,37
62,17,21
11,17,35
28,13,48
61,18,19
0,15,34
5,12,43
40,17,46
15,13,53
28,15,36
61,15,48
59,19,15
3,14,60
59,22,7
39,15,46
63,17,40
28,14,48
6,11,39
4,19,26
55,15,59
41,17,47
53,15,48
0,16,42
58,18,36
33,16,45
58,18,16
13,22,28
11,13,34
18,14,45
2,13,38
11,14,41
56,23,7
60,22,11
39,18,28
47,19,19
42,20,29
41,15,29
54,16,36
7,14,59
1,18,29
46,16,50
38,14,59
15,13,56
2,17,36
27,16,34
6,13,44
52,15,46
48,14,55
49,17,24
19,17,34
54,16,29
24,20,31
42,15,33
27,13,44
47,14,45
24,13,57
39,16,32
32,14,61
45,14,39
14,13,43
18,16,35
0,13,63
13,12,39
45,18,24
31,21,31
50,18,22
55,13,61
56,13,58
9,17,30
60,19,8
45,16,28
47,15,30
61,14,54
59,21,11
17,13,58
52,15,58
3,21,26
28,14,38
29,21,29
4,13,36
28,21,26
30,22,26
22,13,46
59,16,56
45,14,58
29,18,29
51,17,26
51,23,15
18,19,32
61,17,20
24,23,26
56,16,34
32,13,35
32,13,41
38,14,62
52,13,56
20,14,35
20,15,39
17,13,39
7,13,59
33,13,46
51,23,10
54,17,40
39,14,60
48,14,50
35,14,42
53,14,48
19,14,43
41,14,60
6,18,30
48,17,24
44,13,52
52,14,56
28,13,57
56,15,55
35,14,45
59,16,51
49,16,52
38,19,26
56,14,58
25,15,38
2,16,30
48,13,52
41,14,36
16,13,43
41,18,28
15,21,25
42,19,30
36,22,23
62,16,41
55,14,47
13,16,32
25,13,40
4,22,26
62,15,37
1,13,54
21,22,29
38,18,27
46,16,44
41,20,30
20,14,46
31,15,35
54,13,57
49,15,31
14,23,28
20,17,30
11,19,32
30,18,31
9,14,35
63,17,35
62,17,37
40,14,44
39,18,29
4,11,38
56,14,43
48,15,29
39,14,59
45,14,41
41,13,42
22,21,26
2,17,34
56,14,61
55,15,33
61,15,49
48,17,27
62,21,12
53,22,9
14,13,48
47,16,47
56,16,33
32,13,48
30,21,25
59,18,37
14,14,33
54,16,28
30,14,36
45,19,24
19,13,43
26,13,54
0,18,28
28,14,57
30,16,34
44,14,33
43,15,38
42,20,23
54,14,46
27,13,37
5,17,29
37,14,50
62,17,26
49,15,46
29,15,33
48,23,13
62,18,39
54,16,24
44,14,52
9,12,43
58,17,15
53,21,16
6,19,30
12,13,59
8,18,35
3,17,30
13,15,32
53,14,44
58,22,7
49,13,53
47,18,20
53,18,16
26,13,50
17,13,47
63,16,40
61,14,59
49,15,40
49,15,27
37,20,27
17,14,63
60,14,59
53,16,23
8,20,27
56,16,36
36,13,39
26,18,35
13,17,30
51,13,56
48,15,37
28,13,38
62,14,48
17,13,63
18,13,54
21,15,40
0,13,40
52,15,63
36,15,46
33,15,34
57,17,16
8,12,39
34,14,49
30,12,46
52,16,24
10,13,55
40,22,21
20,23,26
16,13,36
22,17,34
6,20,29
39,15,35
32,13,49
62,18,12
54,22,17
0,14,39
41,13,44
63,21,9
41,22,21
51,15,29
10,13,61
23,12,42
27,16,42
15,12,45
7,14,35
40,18,28
44,21,19
53,22,11
4,13,43
11,13,41
61,15,45
29,19,30
57,14,54
38,14,50
52,13,57
16,21,28
52,16,53
9,16,34
39,13,39
18,17,34
56,17,19
19,13,56
32,15,46
15,20,31
61,22,11
21,13,45
35,16,35
7,22,23
53,15,45
60,17,21
39,15,33
55,14,52
57,17,60
31,13,52
44,15,32
42,15,45
20,18,33
53,15,34
59,15,39
56,19,13
54,22,13
16,19,62
25,14,48
37,18,30
34,13,47
37,19,28
50,22,15
17,13,60
44,20,20
41,19,28
39,23,21
42,15,36
23,20,31
44,18,26
6,13,43
42,15,40
22,15,40
9,14,41
47,15,33
34,14,63
63,14,51
21,22,28
38,23,24
14,13,62
27,13,56
45,14,36
55,17,22
7,13,35
3,12,39
14,13,51
18,15,62
16,12,43
61,16,24
2,14,39
35,19,34
3,19,32
11,13,57
5,23,23
50,15,46
60,17,29
39,13,51
55,17,24
57,17,26
20,12,41
7,15,32
2,22,22
21,17,31
54,15,55
45,14,52
21,15,39
10,19,30
41,14,63
59,16,42
57,18,14
63,15,45
54,15,39
22,16,39
23,16,39
6,12,36
29,13,54
43,13,55
13,22,25
38,13,54
24,20,27
16,15,62
23,15,40
5,12,38
52,20,18
39,20,24
23,14,57
2,18,29
8,18,33
53,21,11
14,21,29
19,23,28
26,15,37
12,15,35
0,12,42
45,20,23
19,15,41
62,18,11
19,14,54
24,23,25
23,13,57
61,17,58
60,15,34
9,19,28
58,16,33
57,13,60
11,18,33
62,15,35
32,23,27
24,13,52
48,15,44
28,23,27
42,13,41
31,15,46
59,14,48
26,12,40
14,13,39
31,21,28
4,12,42
18,15,42
29,13,59
9,13,34
58,18,15
7,18,32
24,13,38
52,19,15
13,13,52
12,12,39
1,14,33
54,16,35
22,13,57
54,15,48
61,16,46
61,19,15
28,17,30
61,17,29
47,14,43
41,14,38
25,13,60
48,15,27
45,22,17
32,14,39
33,13,41
61,15,54
17,23,62
58,16,23
56,20,17
60,17,30
49,16,23
56,17,27
17,14,36
63,20,10
57,18,16
39,17,29
7,15,36
62,16,32
23,13,41
2,13,63
63,16,53
29,23,29
58,16,54
59,17,26
33,13,55
48,17,23
53,14,46
58,23,5
57,17,27
60,23,3
16,16,32
52,15,47
49,21,15
41,18,26
1,13,61
46,17,51
15,13,39
60,15,63
63,17,37
44,14,39
28,23,26
36,12,47
58,22,10
32,19,31
59,18,39
36,13,48
51,14,49
62,21,11
6,13,47
41,19,24
14,13,44
25,14,37
12,12,44
42,15,31
39,14,38
49,16,54
43,16,32
52,15,54
49,16,33
38,13,48
45,15,48
55,22,17
22,13,41
45,14,44
22,18,30
56,20,18
1,15,41
57,17,17
30,14,60
30,23,26
62,15,55
12,13,38
3,13,59
17,12,37
61,14,62
16,13,62
36,14,36
47,16,25
15,18,30
36,20,26
16,22,63
16,14,62
50,20,15
26,22,26
14,14,37
56,16,30
57,18,13
38,15,40
56,16,31
13,21,28
25,22,25
7,21,24
54,15,31
19,12,42
55,18,23
59,23,8
23,14,56
16,16,63
31,16,34
52,16,52
9,13,57
40,22,22
38,19,27
59,19,19
31,12,49
31,20,28
12,19,29
59,18,21
19,12,41
54,19,17
41,14,58
23,19,30
14,13,58
59,17,17
20,14,63
34,19,29
44,20,24
57,21,13
7,14,57
44,13,51
55,16,31
21,14,35
18,13,55
61,21,8
40,15,47
50,14,50
49,13,56
58,16,31
7,22,24
4,11,39
11,21,25
57,15,50
27,13,39
57,19,11
2,13,58
51,17,54
42,17,29
1,15,33
43,15,62
43,13,48
46,16,29
60,16,40
54,14,52
28,17,32
0,12,38
11,14,38
60,15,44
48,16,28
58,17,28
62,14,54
10,13,49
21,17,32
42,17,48
46,15,30
17,19,62
36,19,30
32,22,24
60,18,15
32,15,36
9,14,55
40,12,49
57,15,45
36,16,32
38,14,35
55,18,16
58,23,6
44,13,55
22,14,43
25,12,41
56,21,16
6,12,42
10,13,44
61,16,56
10,16,33
35,13,52
61,16,25
59,22,5
21,13,48
26,13,36
13,23,23
58,19,10
55,21,16
53,14,41
60,16,35
15,22,28
43,13,54
40,20,28
29,14,49
46,14,47
57,14,61
51,15,35
51,14,57
42,19,25
0,13,34
25,17,31
52,14,54
1,13,63
43,15,33
60,15,53
1,23,21
53,22,10
42,15,32
59,13,60
25,19,29
59,16,36
61,14,47
60,16,49
56,18,16
47,14,36
21,13,49
36,21,26
51,14,38
47,15,50
61,15,51
48,14,42
55,14,56
63,15,49
63,16,47
11,16,40
22,13,48
53,21,10
62,15,41
28,13,49
34,13,36
37,13,52
21,15,36
25,13,53
18,23,26
17,12,36
53,13,57
45,15,43
30,13,61
33,22,29
32,19,32
50,17,55
45,21,24
35,14,36
55,16,26
1,14,40
60,15,46
56,20,13
56,13,59
20,22,28
55,15,38
53,16,46
14,13,56
59,15,40
18,13,61
4,23,22
31,13,49
63,16,32
33,14,43
46,19,19
57,17,59
8,13,63
51,18,19
40,16,48
44,14,42
61,23,6
43,15,30
16,13,46
12,17,31
59,20,8
43,15,63
45,16,27
42,15,47
43,15,44
17,17,32
17,22,26
40,14,52
62,23,1
18,13,41
12,19,32
7,13,41
28,13,50
2,12,42
21,21,29
3,16,31
33,14,47
21,13,50
62,22,3
35,18,33
45,14,35
13,15,40
21,22,24
43,14,50
7,17,29
58,16,45
9,16,40
17,23,27
33,15,47
59,19,18
13,13,44
35,17,35
23,14,55
48,16,44
41,15,39
20,13,46
52,15,48
57,17,18
7,12,37
14,18,29
28,13,36
61,22,10
48,14,62
45,14,43
49,15,42
2,23,22
53,15,47
0,16,30
17,13,54
11,13,60
16,14,36
62,18,16
17,18,29
11,13,39
1,17,28
45,13,43
53,23,7
43,19,24
57,15,58
49,14,59
14,13,54
3,18,33
3,13,55
52,15,37
42,18,25
52,16,30
61,23,7
35,18,30
59,15,41
60,16,33
63,17,62
48,15,39
39,22,23
15,23,28
49,15,44
19,16,41
38,14,54
54,19,13
53,13,60
49,14,44
18,13,36
25,12,39
40,21,23
7,12,35
39,14,33
50,17,22
46,16,27
56,15,49
43,14,33
49,14,62
57,15,33
43,13,46
28,15,38
44,20,22
54,15,34
42,14,38
45,19,21
5,13,52
24,12,38
50,15,33
24,18,30
30,14,48
21,13,54
3,12,44
11,16,34
6,13,63
2,17,35
28,13,54
45,20,20
11,12,41
6,17,30
53,14,45
22,13,60
41,15,34
32,18,30
9,16,41
16,21,62
19,15,40
27,15,37
12,13,60
43,14,34
25,13,43
5,13,49
61,13,60
63,16,38
21,22,26
19,13,41
1,14,42
38,15,46
60,17,28
61,18,10
2,22,24
28,14,39
33,13,53
7,13,37
56,15,50
59,14,57
27,13,55
58,17,14
47,14,47
3,15,35
16,20,27
1,11,42
12,13,45
14,13,46
12,14,54
40,23,22
8,22,24
58,18,21
44,20,23
63,20,7
47,15,38
58,14,49
51,22,10
9,12,36
5,12,45
56,15,33
27,13,50
53,15,57
49,17,28
19,15,42
11,13,40
10,19,32
12,22,23
45,16,25
47,14,53
17,16,62
61,15,44
62,20,9
58,17,24
10,18,31
29,14,40
55,21,12
54,16,25
60,21,10
46,13,55
55,16,30
58,14,48
23,23,23
53,15,53
5,13,37
58,21,9
16,13,63
38,15,34
58,16,39
49,13,51
40,14,59
3,12,38
55,15,29
24,13,56
47,13,47
18,12,41
6,22,24
55,14,48
51,20,15
56,16,22
42,18,26
57,19,12
60,18,10
9,23,23
11,19,29
14,14,34
58,16,26
42,23,23
59,20,12
32,14,37
36,18,31
54,22,14
13,12,40
54,20,13
34,14,52
17,20,63
63,17,38
32,12,48
63,17,25
31,12,47
24,12,40
46,15,31
31,17,31
22,22,24
51,14,53
1,13,45
56,15,37
5,14,37
25,16,36
29,19,32
48,17,29
31,19,29
63,20,20
60,15,56
2,14,36
4,14,41
47,16,23
58,20,8
57,14,59
55,15,49
21,23,29
61,14,61
61,15,58
20,13,44
62,16,38
58,18,38
18,23,25
46,18,24
35,14,44
59,14,46
32,16,32
42,14,43
48,22,14
16,21,26
18,14,39
54,17,38
54,13,58
63,16,63
51,15,49
25,22,24
54,19,14
59,17,18
46,23,13
17,13,48
44,15,34
31,14,61
29,23,27
15,21,28
44,14,47
43,15,45
7,13,61
6,13,45
23,21,28
44,13,43
19,16,42
7,23,23
61,14,63
59,17,30
12,16,32
31,13,45
39,15,47
20,20,28
14,15,34
51,21,14
3,19,34
62,15,38
52,20,13
25,15,36
18,14,34
45,18,23
0,13,57
38,16,48
12,13,53
8,17,36
34,14,46
49,16,35
60,19,10
53,17,18
16,12,42
8,18,30
57,21,10
26,13,45
4,13,47
3,16,40
28,14,35
39,17,46
56,15,41
57,14,60
61,16,27
59,22,6
63,17,59
5,13,38
37,14,43
57,18,39
49,18,26
14,15,40
21,14,36
8,16,31
61,20,13
48,15,48
43,14,39
27,12,41
3,14,62
6,12,40
49,15,53
53,15,40
37,15,63
46,15,51
18,12,42
2,13,54
20,13,58
8,12,44
4,14,33
28,20,28
54,19,18
5,21,25
45,14,34
0,14,38
59,15,58
26,19,29
60,15,51
49,22,19
17,17,63
42,16,27
4,13,42
41,15,30
20,13,45
32,14,42
49,21,19
56,14,51
6,13,56
56,17,15
20,13,36
41,21,21
35,15,45
6,19,33
34,14,41
34,18,31
17,12,43
47,14,42
13,13,36
56,15,30
18,14,44
51,22,11
50,14,57
3,12,36
28,23,28
59,21,6
8,22,23
19,22,27
49,15,36
52,20,17
18,13,59
59,16,27
27,13,54
1,17,33
40,14,41
7,13,42
38,14,34
33,14,44
0,12,44
60,17,18
24,13,45
7,12,38
12,16,31
48,15,34
45,21,23
42,14,58
36,14,53
54,23,8
13,22,26
52,16,49
9,22,25
37,21,25
33,14,49
16,15,42
41,14,61
9,15,33
32,13,47
54,21,10
21,22,27
4,14,59
46,13,56
51,15,36
12,13,58
27,21,27
51,13,51
58,23,10
39,14,56
53,15,61
52,17,22
3,13,35
18,18,29
2,13,49
34,13,46
0,13,52
54,14,38
17,17,31
42,14,50
19,13,42
4,18,29
48,21,17
6,19,31
0,13,46
46,23,15
5,16,30
14,13,60
63,23,2
1,16,35
21,14,55
61,14,52
27,12,40
59,17,15
25,13,59
9,13,58
23,16,32
59,22,9
18,17,32
4,13,48
27,18,29
61,14,58
46,15,29
51,14,59
47,15,32
52,15,33
50,14,53
14,20,26
39,15,48
11,15,33
57,16,44
21,18,32
18,21,29
54,16,30
27,15,38
46,17,50
34,14,53
41,14,49
32,14,48
18,13,40
26,21,27
9,14,56
58,16,35
19,20,30
50,20,17
2,16,38
60,17,17
3,14,57
53,13,53
10,20,27
15,20,26
61,14,56
59,17,59
59,13,59
10,22,25
25,13,58
50,16,34
46,14,39
46,14,63
57,16,34
51,16,29
21,15,35
63,16,35
12,22,24
53,14,56
33,14,34
16,19,63
34,14,35
50,14,41
58,17,57
61,17,30
58,17,41
3,12,45
34,13,40
55,17,25
60,23,2
6,13,48
23,16,31
63,14,56
11,20,29
6,13,49
63,16,31
39,16,30
49,14,41
8,19,30
38,13,46
47,13,55
61,15,59
40,13,39
35,18,34
57,14,46
63,18,12
31,18,29
13,13,62
57,16,40
27,19,28
29,18,30
14,21,25
36,13,46
40,13,41
8,13,48
38,13,40
48,13,54
27,14,58
20,13,60
36,16,46
39,15,49
23,19,28
37,22,24
46,15,38
43,13,41
4,13,37
30,13,47
51,14,45
29,21,30
2,19,27
60,21,5
20,15,36
24,13,43
34,14,62
58,23,11
10,13,52
45,17,51
37,13,47
36,16,34
55,16,33
16,22,26
59,19,12
38,20,24
54,14,57
59,16,58
55,16,43
12,17,33
47,14,54
42,13,52
13,21,27
20,14,55
27,13,58
44,15,30
19,13,48
56,15,48
3,14,39
44,16,34
54,16,33
54,14,51
63,16,36
49,16,32
51,15,54
18,13,43
10,14,35
11,14,35
52,14,35
62,17,40
21,17,34
28,14,55
43,17,45
18,22,26
8,15,36
57,15,51
46,14,52
19,20,28
52,17,26
42,17,30
58,15,35
30,18,29
56,23,10
9,21,24
59,23,3
5,19,28
63,15,59
62,14,62
18,21,26
28,13,37
17,22,27
52,20,20
53,15,37
32,13,52
9,18,32
7,12,41
27,17,31
21,13,37
1,19,26
40,16,36
26,20,28
10,22,23
50,14,45
51,16,25
36,13,45
19,14,36
19,13,49
62,23,10
41,18,27
22,17,30
45,14,57
31,12,48
31,15,33
29,21,26
59,17,20
3,13,46
4,12,39
49,15,43
53,16,25
3,11,39
36,13,40
16,19,29
16,16,33
30,19,30
27,12,39
6,14,62
32,14,45
30,14,49
17,14,61
29,13,62
63,21,12
54,14,53
17,12,40
15,13,38
35,13,53
19,17,31
29,20,29
31,14,58
48,16,52
60,15,42
17,14,47
2,15,39
23,17,35
51,13,52
7,13,49
37,20,26
58,22,13
56,16,42
45,15,52
62,16,47
49,14,36
54,15,30
3,13,34
4,14,62
34,13,43
50,14,40
43,23,17
31,13,53
27,13,49
29,17,33
34,21,26
52,15,49
20,22,29
46,14,44
62,15,58
62,21,8
26,13,58
24,23,27
4,13,38
17,23,63
24,19,31
0,20,25
7,19,28
11,13,35
52,23,10
45,13,51
42,13,42
38,17,47
24,12,42
8,16,32
16,14,40
22,14,56
17,20,27
23,14,38
36,20,28
62,13,61
61,22,8
36,13,49
59,14,45
54,15,36
38,15,41
6,22,25
61,17,23
8,12,36
5,13,60
58,19,12
50,16,32
20,15,42
11,13,54
42,14,61
13,14,33
3,18,29
3,16,34
62,14,61
45,14,53
29,19,31
22,15,37
63,13,62
31,14,34
62,15,54
23,13,63
29,22,25
47,14,39
37,13,43
31,15,47
13,13,40
57,13,59
39,14,42
34,13,45
45,14,47
3,16,32
19,13,53
1,14,38
55,16,28
43,17,27
29,14,43
28,14,37
62,17,25
48,23,14
4,13,59
16,21,25
10,12,37
30,21,26
59,16,50
29,13,58
55,14,50
43,15,28
48,17,44
35,21,26
16,20,63
28,23,24
52,15,38
56,14,53
50,14,37
33,23,23
30,19,31
25,16,42
24,22,24
11,14,33
14,16,32
13,21,26
50,15,35
0,13,45
35,13,44
47,13,54
4,16,31
25,23,23
45,13,54
0,18,27
60,16,57
23,13,40
32,14,34
59,17,16
61,15,34
61,14,55
8,13,43
44,14,36
9,21,25
42,18,30
9,23,27
61,20,6
3,14,37
53,15,41
41,14,55
26,13,38
62,20,6
45,14,51
10,20,28
38,16,34
41,19,25
23,22,28
49,23,12
54,16,34
25,20,29
57,15,47
39,16,48
29,13,43
22,18,32
50,14,49
5,12,42
33,13,58
55,23,6
33,13,38
4,13,34
54,13,60
61,17,25
57,19,19
13,13,46
21,13,41
14,13,35
25,23,25
63,22,10
62,15,50
10,13,43
5,14,63
44,15,35
22,12,41
13,14,60
47,15,43
62,23,4
15,21,31
55,16,27
11,23,22
15,20,28
55,15,37
25,13,38
3,14,40
48,18,19
54,13,59
11,18,34
26,13,63
36,14,40
21,20,28
7,15,33
56,21,18
30,13,39
24,13,61
9,17,34
10,13,58
54,16,57
43,14,35
17,18,63
62,13,62
60,15,35
56,18,19
38,12,48
56,17,25
58,20,10
59,18,18
57,22,12
63,14,55
37,14,39
16,13,45
32,14,40
26,23,23
61,16,26
25,13,42
58,15,41
15,18,31
38,16,47
1,12,44
61,16,44
47,14,48
41,17,50
15,12,37
58,17,37
42,21,19
8,18,29
44,15,39
19,13,59
60,14,53
29,23,28
16,20,62
28,13,60
51,18,17
60,14,49
23,18,30
45,15,30
47,14,44
14,12,36
37,13,57
37,23,21
17,15,63
48,14,38
24,13,60
35,12,47
58,16,41
42,16,44
13,18,31
62,14,51
59,17,14
45,22,24
34,13,62
33,13,51
42,13,50
53,17,37
24,13,48
31,16,33
61,20,9
17,21,63
4,17,32
61,16,42
14,15,41
63,19,9
5,13,34
42,15,34
16,17,62
20,13,51
37,14,58
49,16,22
1,11,41
45,15,36
63,16,33
17,12,45
53,19,16
4,12,40
1,13,49
23,17,33
31,15,48
42,13,55
39,14,63
61,14,51
45,22,16
63,18,37
22,13,43
55,13,59
58,17,23
17,13,50
10,16,35
53,21,20
32,13,45
2,18,32
32,13,54
23,13,55
53,15,43
13,21,25
1,18,28
27,21,26
30,13,49
62,14,53
41,16,46
6,13,62
0,19,26
48,21,19
40,16,30
34,18,34
59,14,54
34,15,36
22,22,29
17,13,53
44,13,47
63,23,0
13,14,37
53,18,20
28,18,30
51,21,17
58,18,12
46,15,37
51,14,44
59,14,61
26,13,47
40,17,28
4,12,45
40,15,46
42,15,42
39,23,20
2,13,41
60,16,29
31,14,36
25,22,28
20,17,36
52,15,61
50,14,42
17,19,30
61,18,11
21,17,36
40,15,39
53,15,29
36,15,35
49,14,38
54,16,22
51,13,54
10,12,38
17,22,24
49,15,34
56,14,60
27,12,44
14,12,43
58,14,56
49,14,60
39,13,50
24,13,46
3,14,42
32,14,47
5,14,61
41,22,20
63,20,13
55,17,27
7,13,43
52,15,43
63,18,36
41,20,25
31,13,40
49,16,29
7,12,36
35,12,48
27,22,26
16,22,24
51,17,55
47,15,42
18,12,38
6,14,60
57,21,12
3,14,38
52,15,52
37,23,23
31,14,40
4,13,55
6,12,35
56,23,5
17,13,59
41,13,46
59,16,33
10,16,41
15,13,47
63,14,63
49,22,18
59,19,37
23,22,27
54,14,47
21,13,61
23,15,36
34,13,53
35,21,27
8,23,22
36,22,24
58,21,12
42,14,63
61,19,10
43,17,32
26,13,62
42,21,20
18,19,33
58,17,27
57,17,14
48,18,22
55,21,18
26,13,51
20,12,39
38,14,40
21,13,56
36,13,53
2,13,46
3,13,40
55,16,34
17,14,41
37,14,47
25,13,51
32,16,47
12,13,46
29,20,28
11,13,63
58,16,30
49,14,42
63,15,47
4,14,37
60,18,57
27,15,35
54,21,19
24,12,37
58,17,26
3,13,36
19,17,33
13,13,45
55,15,60
55,15,63
4,14,63
62,20,13
47,13,52
32,14,44
28,22,28
57,16,59
7,13,47
60,15,49
58,18,39
21,17,30
21,23,28
33,14,39
60,18,18
22,13,44
56,16,23
16,14,34
36,21,27
14,12,42
16,18,31
1,17,35
59,16,28
15,13,63
9,18,29
8,15,41
60,16,60
41,17,46
63,17,27
61,23,3
41,16,45
54,14,61
35,14,62
43,15,40
55,18,18
29,14,41
57,16,26
41,14,37
45,17,25
25,14,36
18,16,34
34,14,40
43,13,51
28,15,34
0,11,43
6,17,29
33,16,36
22,14,34
63,14,61
34,15,44
39,22,22
50,23,11
7,18,31
5,20,30
23,21,30
63,15,48
26,17,34
61,13,62
2,19,32
34,20,27
41,22,19
28,16,44
21,16,39
22,21,27
23,14,40
60,15,57
22,14,44
13,14,45
24,14,43
0,11,41
59,14,59
5,11,40
11,17,33
29,13,36
14,16,31
3,14,34
13,15,34
36,17,46
9,14,61
60,17,59
52,17,23
26,13,53
59,17,24
35,13,60
41,16,33
27,13,53
20,18,34
39,15,37
62,18,13
22,14,40
61,19,14
4,16,32
20,22,27
16,16,31
11,21,27
43,14,45
21,18,29
50,15,43
48,16,51
13,13,35
1,14,34
53,14,61
16,18,30
31,14,63
1,14,39
10,18,33
19,13,55
58,16,44
28,15,43
9,13,35
30,14,50
48,13,47
28,19,30
9,19,31
47,16,50
9,20,27
31,14,60
21,12,42
57,17,20
26,15,33
59,15,43
30,14,37
42,14,42
22,14,42
49,19,19
16,18,33
54,16,26
12,16,33
36,13,59
10,13,36
12,14,35
50,21,14
44,14,41
16,13,52
53,19,14
13,12,45
7,13,58
44,22,17
49,14,58
52,16,26
8,13,44
46,21,16
33,14,42
56,22,12
35,13,57
58,14,58
53,15,58
44,13,49
51,18,18
16,14,35
13,23,24
5,14,34
23,13,62
40,14,56
27,13,59
45,16,26
20,14,57
39,21,22
29,17,30
23,14,42
59,18,36
5,18,30
35,13,41
62,18,18
12,15,34
31,13,48
58,15,51
12,19,30
2,18,34
17,19,29
11,13,45
61,15,63
43,15,50
5,13,44
38,18,30
11,15,34
48,22,16
56,18,21
37,13,51
25,13,36
34,13,52
52,15,34
40,23,21
6,12,39
9,16,31
54,23,6
46,20,20
40,19,28
10,13,56
20,12,43
5,13,63
0,18,32
60,18,58
51,14,61
41,17,28
35,14,38
55,15,52
54,14,37
42,23,22
24,13,47
60,23,1
12,20,31
53,23,10
55,20,13
37,14,41
4,12,44
42,15,49
54,22,16
17,21,26
60,20,12
52,14,47
19,23,25
46,15,47
9,21,27
10,17,30
32,17,31
28,13,59
42,14,33
25,22,26
46,17,44
40,14,43
4,17,31
51,15,34
51,16,21
28,13,44
6,19,32
42,15,63
38,18,28
45,18,22
20,13,48
0,14,33
48,13,50
15,14,42
50,14,56
1,19,27
39,19,25
58,18,20
35,14,49
24,14,48
7,18,35
27,14,46
5,20,26
27,21,25
25,16,35
25,17,33
3,17,32
7,16,35
18,12,43
3,22,23
5,21,26
41,20,23
49,19,20
12,20,26
42,14,37
18,16,37
35,15,41
50,15,32
29,13,47
52,17,25
52,14,59
62,14,50
5,12,44
55,20,18
4,17,33
57,22,9
4,14,60
13,13,59
55,16,37
32,21,27
49,15,32
8,16,36
8,13,45
41,13,50
21,23,23
57,15,32
53,22,16
58,21,10
46,15,28
57,16,28
0,15,35
61,23,2
18,14,63
52,13,53
51,16,26
21,14,43
8,17,31
11,13,53
7,21,25
28,15,44
44,14,60
62,16,28
20,13,59
9,18,31
42,14,48
21,13,36
57,14,55
2,13,50
26,16,35
63,23,6
30,13,52
56,19,21
11,14,34
28,13,40
41,19,26
44,18,24
10,13,47
47,15,28
20,14,36
55,20,17
38,22,22
62,16,26
46,16,42
15,19,29
43,15,46
34,13,54
44,17,26
18,13,44
59,13,62
0,13,53
28,14,36
1,12,37
7,13,56
28,13,45
29,14,39
0,17,29
53,16,57
7,11,38
16,14,44
19,13,45
37,13,38
17,13,55
52,16,27
4,13,61
62,16,50
23,23,24
63,22,2
22,12,43
10,14,39
21,12,37
32,13,62
14,22,24
28,17,31
61,15,43
27,13,42
20,17,31
39,14,34
51,17,23
63,16,59
40,14,47
32,21,26
58,19,11
1,14,43
63,21,4
7,12,39
2,14,42
31,21,29
23,20,30
44,19,21
6,14,40
39,15,63
8,18,28
8,15,32
60,21,11
17,15,33
10,19,29
62,15,42
3,14,59
56,22,7
12,15,60
49,17,25
9,13,39
26,13,42
6,14,33
2,17,28
52,14,57
34,16,44
10,23,27
8,13,40
45,21,20
61,21,7
57,22,6
24,13,62
44,22,16
55,14,63
5,23,21
44,21,24
59,18,12
55,17,21
45,14,62
23,21,29
53,16,34
51,15,41
5,13,43
32,14,38
61,16,28
38,16,32
3,18,28
19,18,33
15,22,25
36,14,35
52,16,58
57,14,48
42,22,19
63,23,4
31,19,28
45,13,47
56,16,27
42,16,49
43,21,23
56,21,17
51,14,41
26,13,60
34,14,51
60,18,11
51,17,37
54,15,59
52,16,56
52,22,15
52,16,29
45,14,63
23,18,29
24,13,51
31,14,39
59,16,26
35,18,31
57,16,24
22,16,34
36,14,37
56,14,46
38,13,45
10,20,32
63,16,44
62,17,22
48,19,20
3,13,53
11,22,24
14,13,45
38,17,46
15,14,62
57,16,41
49,14,54
33,20,30
13,18,29
15,15,39
38,21,23
26,19,28
35,13,59
25,14,34
63,13,61
60,20,7
12,13,44
56,18,17
22,23,28
46,14,58
56,18,18
0,22,23
43,17,25
48,16,23
56,15,45
44,16,31
62,16,37
60,14,52
23,13,56
4,13,51
58,23,4
52,21,18
48,14,47
37,14,35
33,13,49
43,13,45
57,17,30
47,23,15
17,20,28
47,15,37
53,18,38
16,13,39
35,18,35
32,14,57
50,15,40
11,18,30
59,16,39
34,16,47
6,20,31
54,18,21
15,15,32
19,22,26
54,14,60
38,22,25
35,14,39
5,19,26
63,22,7
42,16,48
14,19,31
49,14,61
7,17,35
56,16,26
37,17,47
38,15,48
52,19,16
57,23,4
43,13,49
59,16,24
12,13,62
51,14,55
6,12,37
32,13,63
12,15,32
38,14,44
29,22,24
57,18,59
34,14,42
45,14,59
15,13,62
1,16,36
49,22,12
56,14,45
34,13,51
23,17,31
8,21,28
46,13,52
41,19,29
41,14,35
37,12,48
43,13,43
8,13,54
39,13,48
1,13,50
58,23,3
7,13,55
4,21,26
58,17,21
40,19,26
34,15,48
30,18,30
16,13,54
13,15,60
9,19,32
62,15,47
38,17,45
60,15,45
2,16,39
26,13,57
1,12,35
63,15,38
56,21,8
33,14,37
0,13,51
25,12,40
2,13,52
26,13,39
61,17,24
15,13,59
18,14,62
1,14,35
9,12,41
59,15,56
55,15,34
62,22,9
12,13,63
10,13,51
1,23,23
22,16,40
32,13,42
56,15,34
8,13,50
63,18,14
57,15,37
42,16,29
2,18,35
7,18,28
14,15,36
60,15,47
46,14,48
32,15,47
22,19,32
39,16,46
10,12,44
30,22,25
57,16,25
58,17,22
46,18,22
16,20,28
42,14,36
46,15,45
24,21,29
59,17,58
62,21,4
24,16,35
20,15,33
58,15,44
40,13,43
21,13,44
8,13,49
56,16,29
26,14,46
59,21,12
30,21,30
54,15,29
10,21,25
6,13,50
49,14,50
33,15,36
61,14,60
47,23,13
59,18,38
35,15,48
57,18,19
62,15,52
50,15,37
54,16,20
31,14,57
54,15,58
51,16,45
63,17,36
63,21,13
26,21,25
47,15,51
42,22,20
26,21,28
33,14,51
56,15,52
63,22,5
45,15,33
34,18,29
63,17,57
53,23,9
23,13,51
26,22,28
41,16,31
47,17,52
50,14,47
18,14,37
32,20,31
44,15,29
63,19,13
39,13,38
62,22,6
1,11,43
49,16,31
15,14,39
40,14,55
34,17,34
2,19,28
11,16,32
1,15,39
38,23,20
48,14,36
32,19,29
22,19,33
16,13,35
58,22,12
55,15,40
22,19,30
27,13,40
5,13,62
24,13,41
61,17,57
51,16,50
54,21,16
63,22,6
47,15,26
33,16,44
39,17,31
12,12,41
42,14,60
18,13,37
29,12,46
6,21,26
12,18,29
17,13,51
39,13,57
61,14,48
0,17,32
57,14,44
52,15,45
48,15,54
16,23,24
34,14,47
47,13,41
16,14,41
22,19,31
62,13,60
16,14,37
5,17,34
60,16,34
41,18,30
53,15,62
10,17,35
47,13,53
52,14,39
48,15,28
26,14,56
59,23,4
19,20,27
32,15,34
18,18,32
2,12,35
34,19,30
32,20,29
25,16,32
4,13,60
9,16,32
10,13,42
26,13,55
25,21,28
37,17,31
6,17,33
7,19,32
5,17,33
52,19,19
8,17,30
9,14,37
6,13,55
58,16,27
44,19,23
24,12,39
50,21,15
57,23,9
22,20,31
12,21,29
26,22,27
28,16,45
62,16,57
57,16,23
58,15,58
13,20,27
47,14,40
61,16,38
61,20,10
47,14,58
15,12,38
63,22,9
55,15,51
29,17,32
56,18,22
62,18,14
54,16,23
19,12,38
36,23,24
55,17,16
62,15,48
37,14,36
16,13,60
60,15,39
2,20,25
19,12,45
1,13,51
58,18,19
38,14,52
1,14,61
49,18,19
11,20,26
62,22,7
37,15,34
13,14,36
60,14,47
60,19,9
48,15,50
16,13,41
63,17,58
60,17,20
56,15,43
26,20,29
15,13,61
12,13,36
31,13,35
62,14,63
22,14,36
40,13,55
14,13,55
27,22,24
30,13,45
58,14,61
60,20,9
39,18,27
56,17,23
53,15,42
46,15,53
46,14,42
29,13,37
63,21,6
50,20,16
51,14,39
19,13,61
7,14,60
36,13,55
8,12,41
60,16,25
40,14,33
10,13,54
54,20,11
57,15,42
2,19,26
34,16,34
54,14,55
18,13,49
46,22,15
61,15,50
48,16,25
25,19,31
4,16,33
58,15,37
15,15,35
63,19,19
45,14,61
4,13,57
46,15,32
0,12,48
2,17,32
38,16,49
33,13,42
11,16,31
60,18,59
46,16,28
3,13,37
1,20,26
33,17,32
10,12,39
58,20,12
19,13,51
30,15,40
45,16,31
5,14,35
9,17,29
6,14,63
63,18,25
19,16,33
62,19,12
17,17,37
54,16,31
51,15,45
3,13,42
55,20,10
21,12,40
39,16,36
16,13,49
28,17,44
31,20,29
49,14,63
5,13,55
52,14,61
58,14,57
32,16,46
48,13,51
24,17,35
62,17,20
39,13,54
55,14,55
0,12,41
9,14,42
39,14,50
1,23,24
24,12,41
20,18,29
0,16,33
30,23,28
16,12,44
16,13,53
46,15,34
62,16,35
25,14,38
38,22,23
18,14,38
0,17,31
47,16,51
47,16,44
37,14,37
29,15,37
22,13,62
44,13,46
2,21,23
54,17,39
2,22,23
15,13,40
9,14,33
9,13,43
55,15,41
42,15,44
16,12,39
23,21,26
38,15,49
8,13,53
30,13,57
4,15,33
61,23,10
38,19,28
36,14,61
5,13,48
53,21,12
9,13,61
30,13,56
21,16,34
40,19,25
0,21,23
57,22,7
34,19,28
1,13,53
61,15,39
10,19,28
37,17,46
34,18,30
56,22,17
46,15,33
55,17,26
3,20,26
14,13,40
33,14,35
52,17,20
11,22,27
41,14,45
25,12,44
57,18,18
43,13,52
20,13,54
6,13,53
31,13,50
38,14,38
3,22,22
17,16,35
36,14,52
18,13,42
44,15,43
58,14,53
2,16,40
30,17,30
58,16,58
37,15,36
63,17,30
52,15,57
27,16,44
62,15,57
31,22,25
48,16,49
21,13,39
38,21,25
39,13,43
61,15,38
7,13,63
50,14,36
60,23,7
60,15,54
15,13,36
52,17,55
47,17,23
51,14,40
12,21,28
0,13,50
50,22,13
52,14,50
55,14,57
34,13,55
33,21,26
22,15,41
4,13,45
59,22,12
54,15,43
55,20,12
26,23,26
49,15,50
44,18,23
16,22,28
61,15,40
17,13,35
24,13,55
22,23,26
11,13,47
48,14,46
54,15,40
51,17,21
40,15,30
39,15,34
24,13,54
51,16,33
44,17,43
55,16,24
57,20,10
9,13,47
31,14,42
44,21,23
43,14,38
60,19,18
40,14,45
62,17,23
35,16,32
37,16,32
50,15,39
33,19,29
58,19,19
2,13,40
7,20,27
34,16,33
24,20,30
56,20,11
15,13,46
47,22,16
36,21,25
24,14,47
30,22,29
55,17,39
36,22,25
57,16,42
46,14,37
53,20,14
2,13,61
63,18,19
62,22,4
48,13,49
17,13,38
37,15,35
1,13,48
19,13,37
53,14,62
8,14,59
29,23,23
56,16,43
58,21,7
31,14,38
56,17,21
56,19,14
10,12,40
26,13,59
58,19,17
48,16,45
60,20,8
57,20,9
48,14,37
13,13,60
26,12,44
53,17,21
36,14,62
61,23,9
58,13,59
55,19,19
48,19,18
53,15,39
14,16,33
16,16,35
41,16,32
10,20,31
10,14,33
6,19,28
18,17,35
10,16,31
63,22,8
43,13,47
24,22,25
53,14,54
17,14,46
20,21,29
50,16,54
44,17,25
7,19,31
59,13,61
15,22,24
43,14,47
19,21,26
26,15,34
35,13,61
1,17,30
63,16,39
58,13,58
57,15,60
22,20,32
32,15,44
9,14,63
20,19,30
43,15,48
15,22,26
48,14,34
41,17,26
44,22,19
10,12,41
50,14,61
51,16,23
61,14,50
42,22,24
16,12,40
22,17,32
29,23,24
56,15,40
8,14,35
21,18,30
17,16,63
6,13,61
7,16,31
0,15,42
52,15,31
30,13,59
39,22,25
32,14,35
30,13,36
15,15,34
63,16,50
22,12,42
63,23,11
52,14,48
12,16,41
37,14,62
3,19,27
22,23,24
47,15,47
6,17,31
13,13,53
55,19,15
41,14,41
21,12,44
47,20,18
9,13,63
27,13,45
19,16,35
43,16,33
3,13,49
8,19,27
19,13,40
36,14,47
53,14,50
61,16,32
51,14,54
61,15,42
0,16,41
60,17,16
40,14,61
47,15,41
51,14,50
41,23,20
4,13,35
37,15,48
57,19,20
10,13,62
46,14,38
3,13,38
62,21,10
12,22,25
11,13,48
33,14,48
61,17,16
39,13,58
28,12,44
53,15,56
8,20,28
47,16,29
56,15,32
36,13,54
52,23,16
31,15,41
7,17,30
25,19,30
43,20,21
51,15,46
38,13,53
4,14,35
0,13,37
38,14,55
8,14,34
39,19,26
56,14,55
35,13,46
43,19,22
10,12,43
1,14,60
3,12,43
14,12,37
43,17,26
21,13,35
30,13,40
2,16,36
31,18,31
34,13,57
15,17,30
10,14,63
1,14,36
61,18,38
61,15,56
11,17,41
21,17,35
27,15,44
46,18,25
10,18,32
11,17,40
48,15,47
23,13,54
14,13,36
40,14,46
5,19,33
36,13,44
54,14,50
1,15,31
1,22,23
33,23,25
31,21,26
41,13,45
4,13,49
43,14,41
6,18,29
48,16,24
6,13,42
42,19,29
11,12,36
45,17,29
56,15,63
17,14,42
40,23,19
3,18,34
7,13,54
1,18,34
9,12,37
42,14,54
55,19,16
11,18,28
9,13,38
63,15,39
40,16,45
15,14,44
0,12,39
2,13,42
6,12,44
57,16,30
44,15,51
28,13,39
15,13,58
28,13,63
33,16,34
24,14,44
59,15,52
9,15,55
19,14,47
19,13,47
16,16,62
41,13,55
9,12,44
4,13,50
27,14,40
58,17,56
13,13,48
42,13,43
53,14,37
3,14,61
17,17,33
25,13,48
11,13,49
60,18,21
6,13,51
30,15,43
37,19,27
28,19,28
19,14,41
44,17,24
7,19,30
46,14,50
46,17,52
19,20,29
60,18,37
8,14,40
62,15,62
43,16,31
46,14,61
62,23,6
11,13,61
2,13,45
62,19,19
2,14,43
34,20,28
47,15,29
40,20,25
60,21,8
11,12,38
34,14,50
21,15,33
11,12,37
2,14,33
58,14,46
18,18,33
32,22,26
2,23,23
50,17,25
62,16,34
22,22,25
44,16,33
49,19,17
13,13,43
47,23,14
7,12,40
54,21,18
17,23,24
48,17,52
3,15,34
36,12,48
57,23,10
5,13,35
58,18,13
1,16,40
29,16,33
55,16,21
60,19,15
44,14,44
48,15,33
59,15,45
57,22,8
15,12,41
61,14,57
39,19,27
37,13,39
20,19,28
16,13,61
3,18,27
9,12,40
54,15,44
63,19,16
19,23,27
24,17,32
56,15,44
58,16,55
32,15,45
61,21,11
11,13,38
45,17,27
4,23,23
63,16,42
48,16,46
47,16,30
56,18,38
17,13,43
2,17,31
36,16,33
22,13,59
63,16,58
51,14,37
21,13,58
41,15,50
11,19,27
41,17,48
33,13,62
25,15,34
54,18,18
48,15,35
25,21,29
9,13,49
50,16,28
37,14,48
51,15,53
12,20,30
14,17,30
15,12,39
58,14,59
22,13,53
35,20,27
32,15,35
40,15,31
2,15,33
43,15,37
7,13,46
29,23,26
52,23,8
11,21,26
16,13,47
52,14,53
9,20,26
47,20,17
52,21,14
26,16,32
47,19,21
42,22,22
57,17,25
22,14,39
61,14,53
0,12,47
57,16,43
40,13,45
12,13,56
52,21,20
11,16,35
29,20,27
33,16,33
46,15,40
13,20,26
2,12,43
14,20,28
60,22,12
22,18,29
63,16,29
14,23,24
57,17,22
58,21,13
26,14,37
17,16,32
10,15,34
4,12,35
45,21,19
46,15,50
53,15,31
9,18,28
10,17,40
28,21,27
45,19,22
54,19,15
8,14,41
20,13,55
34,23,23
27,15,33
14,13,52
52,18,20
19,13,38
24,13,37
55,15,31
15,12,36
27,14,42
32,18,32
4,18,32
21,16,40
63,16,51
47,18,26
43,14,49
23,13,53
4,13,54
2,15,38
50,15,45
41,16,44
16,19,30
41,23,23
11,17,34
62,18,19
20,14,56
50,19,18
41,17,30
52,16,50
60,15,36
19,19,29
14,14,44
55,16,36
28,13,55
13,14,34
9,17,33
34,13,38
61,22,3
58,18,40
46,15,36
53,14,39
59,19,11
23,13,59
10,14,40
20,13,38
18,20,27
42,18,29
53,21,15
47,14,51
63,18,15
62,14,58
55,15,35
18,13,52
22,16,33
4,16,30
44,13,45
4,18,28
8,17,33
32,17,36
55,14,54
52,16,21
62,16,43
7,20,32
26,16,34
24,17,36
61,22,12
4,22,27
9,16,30
23,19,32
56,17,59
36,14,46
61,23,5
57,14,56
11,12,45
19,14,58
57,16,32
61,16,58
3,14,35
46,18,26
28,18,32
11,22,26
42,14,46
33,22,28
21,15,38
27,14,37
49,15,61
5,13,58
63,15,55
30,14,45
22,14,41
0,13,42
13,19,27
47,17,25
2,11,42
19,19,28
11,19,28
10,13,50
57,15,59
32,13,38
31,13,58
1,16,33
31,23,24
60,22,10
10,20,26
15,18,29
57,17,42
53,14,53
63,19,10
34,12,47
12,14,39
54,20,14
1,15,35
39,14,55
16,13,37
7,23,22
41,13,47
29,15,42
39,21,23
48,23,11
22,13,35
59,15,38
62,14,47
63,19,8
39,14,39
54,18,23
44,15,48
59,16,29
32,18,29
60,16,32
16,13,48
34,15,35
53,20,18
55,18,14
51,22,17
37,21,26
61,16,29
38,15,63
53,18,21
42,14,55
22,21,29
40,13,54
52,19,18
53,19,15
57,15,43
20,13,57
38,15,44
51,23,8
40,14,36
55,21,14
22,19,28
47,18,23
25,13,56
63,20,11
44,15,40
55,14,53
57,20,13
5,12,36
19,23,24
14,14,35
33,13,40
5,13,53
60,14,61
54,14,62
27,14,48
34,14,37
43,14,63
54,20,20
44,15,45
37,15,42
11,18,32
60,15,43
40,15,38
29,19,29
19,15,33
42,13,49
30,13,44
41,15,38
21,16,33
63,15,58
55,22,8
25,14,46
63,19,15
61,17,38
15,21,29
29,13,41
29,14,61
58,17,19
51,23,11
22,14,55
61,14,46
9,22,23
53,16,21
62,15,51
23,20,28
14,15,33
59,20,9
28,12,43
0,16,39
24,18,31
12,15,41
45,13,53
54,21,13
57,16,36
63,23,3
39,13,49
39,13,56
60,16,50
19,16,32
41,15,42
40,13,40
49,15,39
45,21,18
53,13,58
57,17,19
47,13,49
13,19,29
47,18,21
36,13,58
48,16,53
48,15,31
55,20,14
17,16,36
54,14,59
12,16,42
53,16,58
53,17,20
23,18,32
59,16,30
4,19,28
55,14,62
8,12,43
2,13,47
60,16,36
40,15,63
18,14,35
62,21,9
34,21,27
23,13,35
53,14,40
4,13,62
26,12,43
55,14,59
9,19,33
50,18,18
15,13,35
10,22,24
53,15,55
24,13,58
62,16,63
58,14,50
25,13,55
3,13,45
33,22,27
29,12,48
24,14,34
0,13,62
12,20,29
59,14,49
24,13,42
62,23,5
9,14,34
30,22,24
44,14,58
13,13,61
62,16,36
26,12,45
25,16,34
35,15,36
25,23,28
22,14,38
29,20,30
32,16,35
9,13,56
18,12,37
6,16,32
52,14,45
5,14,39
19,15,43
43,14,36
53,17,39
46,19,22
32,19,28
22,18,31
42,16,28
52,22,12
0,15,41
51,21,15
32,21,29
20,21,28
60,17,57
26,14,45
12,12,38
56,18,13
17,22,25
59,15,48
18,23,27
8,17,32
49,20,18
54,21,15
42,23,18
20,16,33
29,19,28
7,14,37
58,15,40
42,15,48
54,14,49
3,18,31
55,15,44
36,18,30
21,14,37
35,17,33
30,15,49
14,12,39
12,14,60
37,15,49
27,17,34
47,14,60
55,17,18
19,13,60
36,17,34
46,17,43
44,14,46
28,21,28
60,17,40
3,19,33
47,15,49
46,17,28
30,23,23
59,18,14
23,15,33
26,13,44
23,21,25
7,13,44
35,23,22
16,23,23
34,13,41
23,22,25
51,13,57
55,20,11
37,14,60
53,20,15
25,13,44
60,16,59
0,12,37
50,15,42
61,17,26
47,13,42
37,15,41
35,13,50
63,20,8
18,13,47
27,13,63
35,13,51
50,16,53
19,21,29
38,13,58
30,13,42
3,15,38
41,16,30
8,13,57
14,19,28
62,22,8
63,16,43
27,13,51
39,17,30
3,13,54
25,14,56
19,18,29
3,18,32
41,20,22
30,13,50
33,12,48
25,18,30
28,18,29
40,21,22
42,13,46
59,16,32
32,13,57
40,19,27
59,23,11
26,14,57
6,21,24
47,14,63
17,13,56
33,15,33
12,22,27
61,18,17
48,14,58
27,13,47
13,14,41
52,16,45
9,16,35
22,13,50
29,22,28
60,22,6
35,13,55
9,22,26
13,14,35
12,22,28
32,21,30
51,16,36
30,20,31
1,18,32
48,14,33
62,23,3
38,12,49
36,19,28
43,15,32
26,14,36
28,13,41
22,20,29
44,17,44
63,17,26
40,15,32
61,17,19
17,12,39
49,17,22
3,13,39
57,22,13
60,22,7
44,17,45
53,19,22
17,14,44
31,23,25
62,19,14
1,14,32
24,15,35
50,15,54
59,18,20
13,12,42
20,13,49
25,12,37
54,15,54
0,13,47
51,17,56
47,17,51
29,14,60
49,14,35
8,12,40
63,17,42
52,15,29
50,13,53
62,16,25
60,21,6
33,13,45
2,13,36
0,14,32
34,13,60
12,23,24
31,23,23
7,18,29
15,20,27
37,14,40
3,22,24
15,16,31
61,16,35
17,12,38
3,13,58
63,15,63
55,21,9
11,19,31
9,13,60
40,15,33
53,15,44
13,19,28
58,22,11
27,18,30
43,14,42
14,13,38
48,22,13
45,14,49
3,14,58
61,23,8
31,13,38
12,13,48
16,14,61
53,22,19
36,23,23
54,20,18
44,19,22
1,13,46
61,20,7
36,14,51
55,16,39
51,15,44
52,20,16
35,19,30
37,16,48
4,14,56
44,15,44
32,14,58
40,16,31
61,16,50
55,15,45
28,18,31
38,14,39
30,16,40
62,15,39
47,15,45
13,13,47
59,14,56
62,19,9
51,20,14
12,12,43
61,18,15
32,13,36
13,13,63
13,13,51
43,14,40
45,15,40
37,18,29
17,14,62
55,16,32
3,23,22
50,17,20
6,13,41
12,14,41
25,13,35
61,18,16
20,12,40
