4,22,57
11,23,22
9,22,32
3,19,40
2,23,27
3,19,34
2,21,59
3,21,56
6,20,37
3,20,48
1,21,62
13,22,17
3,20,26
3,22,29
4,19,21
5,23,17
5,21,47
1,20,43
6,20,33
5,23,24
0,19,19
4,22,19
8,21,30
10,21,21
10,23,41
0,17,34
5,19,34
7,20,22
6,22,46
8,23,28
2,22,22
1,18,35
5,23,59
9,22,37
2,21,20
7,23,35
2,18,22
8,22,21
5,19,33
4,18,21
4,19,25
1,18,36
6,21,18
7,23,57
8,23,45
2,22,20
5,20,18
2,19,27
0,21,18
5,22,24
7,21,38
8,23,42
5,18,26
5,20,34
5,21,17
0,21,41
8,22,42
1,21,30
0,19,26
5,22,21
10,21,20
1,21,20
2,18,39
4,20,25
9,21,24
6,21,30
0,21,19
0,19,24
13,23,31
4,20,45
10,23,35
6,22,39
4,20,41
1,18,21
7,23,44
10,23,38
6,21,22
6,21,41
7,20,23
5,19,19
2,19,28
0,22,22
1,21,41
0,18,22
9,22,39
2,17,23
0,20,42
2,20,45
8,23,21
7,19,26
1,18,42
0,20,21
1,19,60
10,23,27
2,21,58
13,23,25
0,18,31
2,19,25
9,20,18
5,22,17
8,22,26
10,22,32
2,21,63
7,21,17
5,23,26
1,19,58
7,22,44
0,19,59
7,21,28
12,23,17
2,19,19
4,19,17
5,21,50
6,19,25
8,22,41
1,18,48
4,20,31
9,21,27
0,19,55
8,23,26
0,19,46
10,23,30
3,20,31
8,22,39
1,21,63
3,20,42
9,22,30
5,21,44
2,19,46
0,21,24
1,20,47
14,23,25
8,22,38
3,18,34
10,22,28
3,22,62
4,21,55
2,20,52
5,22,43
8,21,23
7,22,25
2,21,62
5,18,24
5,21,20
2,21,29
4,23,31
0,20,61
2,18,37
13,23,20
10,21,26
0,19,60
4,19,38
7,21,25
0,22,41
3,18,30
1,20,28
3,20,41
10,21,19
0,19,45
7,23,55
3,19,28
4,22,18
0,22,24
5,22,31
1,18,33
5,22,29
5,18,29
6,21,42
1,19,32
3,19,49
9,23,29
4,20,22
14,23,18
1,20,53
9,20,20
0,21,22
2,22,18
4,17,23
5,23,58
3,21,32
1,18,31
4,19,39
9,23,40
10,21,28
4,21,46
0,19,21
4,22,17
6,22,29
5,19,36
7,23,26
7,23,37
0,20,17
12,22,19
7,20,30
11,22,33
6,19,34
6,18,22
6,18,21
7,22,47
10,21,25
1,17,25
4,21,50
12,22,28
2,20,60
1,17,36
8,21,29
6,22,26
0,21,50
6,22,21
6,22,24
1,18,41
5,23,63
9,22,35
0,17,28
1,22,24
1,18,22
2,18,34
2,22,33
1,18,47
8,21,20
4,20,24
6,23,48
12,23,21
1,20,57
0,17,27
5,22,54
9,22,25
4,22,28
6,23,55
9,23,22
2,20,50
6,19,22
5,21,31
9,20,21
6,22,36
2,20,51
8,23,19
4,23,60
5,22,58
2,20,23
7,22,32
6,21,43
11,22,34
2,18,20
2,22,31
1,20,22
8,21,33
1,20,34
0,22,18
9,22,36
1,21,43
3,21,60
9,21,19
5,21,33
7,19,24
7,21,39
9,22,40
5,22,52
1,21,24
9,23,48
4,18,20
9,22,34
3,23,17
8,23,32
10,22,29
2,21,27
2,22,29
2,19,34
5,21,23
0,19,53
1,18,32
1,20,30
9,23,18
4,21,21
0,17,25
0,20,38
0,21,23
2,22,44
1,18,20
6,18,20
5,21,26
10,21,27
11,23,38
8,23,51
1,19,52
12,23,27
5,21,46
10,23,19
7,22,21
2,22,26
10,22,21
10,22,31
9,23,38
2,20,48
6,22,53
8,20,18
10,23,23
1,18,28
1,20,44
3,21,47
10,21,22
9,22,38
5,19,17
3,20,43
1,20,62
5,22,47
1,18,26
1,23,26
1,18,52
0,19,50
4,22,29
3,21,52
4,21,32
12,23,32
6,20,35
6,22,17
6,21,29
5,23,32
12,23,33
13,23,30
5,20,40
3,22,18
4,18,31
11,23,18
8,21,31
7,23,38
13,23,29
5,23,57
4,19,31
3,20,39
10,21,17
3,20,49
6,19,28
9,22,27
11,22,27
7,20,34
11,23,24
5,20,23
11,21,20
1,20,60
0,18,41
0,23,17
6,20,32
6,22,38
10,21,29
4,20,39
4,18,33
4,19,20
3,19,22
3,20,47
5,22,20
3,20,53
0,18,38
1,18,40
8,21,34
5,21,43
11,23,29
3,22,19
11,22,22
0,16,29
12,23,20
3,20,28
0,21,17
1,18,37
2,18,35
9,22,33
3,19,19
6,21,50
12,22,23
12,23,34
3,19,36
0,18,29
6,20,17
0,16,28
5,20,33
1,18,39
4,22,56
8,23,47
7,22,51
0,19,18
0,19,32
9,21,26
1,19,28
4,20,48
6,20,29
2,21,21
2,18,30
1,22,34
14,23,21
1,22,17
0,20,49
1,20,42
3,19,43
7,23,23
0,17,30
4,20,50
8,20,30
2,21,30
2,21,23
1,19,17
2,18,28
2,18,23
4,21,45
3,21,63
3,19,35
3,21,18
1,19,30
4,22,31
5,22,59
8,20,26
5,22,62
1,18,50
9,20,26
1,20,41
0,19,57
3,21,20
3,22,31
1,21,18
4,21,53
6,22,23
6,23,59
5,19,31
6,23,38
0,21,49
2,20,32
8,23,48
7,23,49
1,17,30
10,23,24
2,20,31
2,19,26
2,20,63
1,22,26
4,22,55
3,19,17
3,18,20
4,19,29
2,19,41
6,21,28
7,22,41
7,23,22
4,21,43
7,19,30
9,23,41
5,19,29
2,20,44
2,18,38
12,23,29
7,21,27
1,17,26
1,21,42
0,19,38
7,23,51
3,18,25
5,19,35
0,18,56
7,19,17
3,21,25
2,19,47
4,21,54
10,22,18
0,18,51
5,22,55
2,19,37
3,22,32
5,20,36
1,19,18
8,22,35
1,20,55
11,23,37
3,21,55
3,22,63
3,21,22
8,21,36
10,22,33
9,23,32
7,21,33
5,20,41
4,22,59
4,20,29
9,21,23
1,23,17
0,18,36
1,19,47
1,20,59
2,22,23
5,20,39
10,23,17
2,19,24
5,20,24
2,18,36
11,21,23
5,20,31
0,23,22
5,19,28
7,21,40
1,19,48
0,19,43
6,22,18
1,17,35
1,19,22
9,22,21
2,17,26
6,23,51
10,22,37
6,19,29
5,18,19
1,23,18
9,21,29
9,22,29
6,23,57
6,23,39
5,22,23
0,16,30
0,20,25
3,21,62
2,22,17
4,22,20
6,20,34
2,22,19
3,19,21
1,17,28
8,23,20
3,20,46
0,17,29
13,23,17
5,21,21
8,23,37
4,22,46
3,21,30
9,23,37
3,20,34
10,22,35
6,22,42
1,21,22
6,22,19
4,21,42
5,20,28
1,19,20
2,21,57
9,21,35
1,21,33
3,20,54
5,20,20
3,20,18
6,23,32
4,21,19
2,20,33
9,23,39
4,21,17
6,23,56
4,18,22
10,21,30
2,20,56
7,20,25
2,21,60
8,20,28
2,23,17
0,18,50
0,20,46
1,19,37
6,22,32
1,20,32
13,23,22
0,18,39
2,19,45
13,23,21
3,20,44
0,21,39
10,22,26
7,20,29
8,22,20
4,21,49
1,19,57
4,22,58
3,22,60
2,19,51
4,20,30
10,21,18
2,20,29
2,20,55
4,19,32
2,20,17
8,22,37
8,22,40
8,23,38
1,20,58
3,19,29
10,23,39
0,16,32
7,22,23
8,21,25
7,20,18
3,20,32
7,21,23
7,20,28
0,19,30
7,23,47
1,17,31
2,19,23
0,18,25
10,23,31
8,23,27
6,19,32
7,19,27
2,20,18
10,23,33
3,20,30
3,19,39
3,18,29
5,20,35
5,19,23
0,19,25
7,20,35
7,22,22
3,17,26
5,23,62
1,18,27
4,18,29
0,20,20
2,20,26
4,21,18
4,21,29
6,21,36
5,19,18
2,20,42
2,19,54
4,20,52
10,22,20
11,23,36
3,19,18
0,19,39
2,19,38
7,21,21
8,23,53
4,18,24
1,20,18
8,23,29
10,23,40
1,20,48
6,22,49
4,22,33
3,20,19
4,20,42
3,19,20
1,19,21
6,19,24
3,20,23
0,18,33
6,22,54
2,18,32
0,21,20
2,21,32
0,19,47
5,22,33
4,18,28
10,23,32
1,20,27
7,23,50
9,21,20
3,22,17
3,18,23
7,19,28
1,22,30
3,19,44
2,19,22
6,20,18
8,21,24
9,23,36
3,22,28
5,18,21
4,20,20
3,19,37
4,22,62
6,22,55
2,21,25
8,22,25
3,19,30
1,19,41
3,21,45
4,21,27
8,22,23
8,22,19
0,18,19
7,21,18
6,21,27
0,20,32
0,22,23
1,16,27
4,21,52
6,20,28
9,22,31
6,19,17
7,22,40
2,18,26
1,18,38
2,18,33
6,21,38
2,21,61
9,22,26
11,23,17
5,18,22
6,23,21
0,19,29
2,21,43
11,23,33
12,23,19
4,19,19
9,23,47
11,22,26
3,22,58
13,23,32
8,22,22
11,23,34
0,20,62
5,22,53
2,21,22
7,20,24
5,22,56
9,20,24
2,20,61
1,19,51
9,21,28
3,17,23
2,20,58
2,19,48
5,18,27
2,20,47
1,20,63
7,23,53
9,20,17
6,21,47
5,19,24
6,19,27
6,22,41
4,20,44
1,19,46
2,22,43
7,22,26
4,19,33
7,19,21
0,20,50
7,22,37
12,22,26
1,18,34
2,20,53
7,21,19
12,22,18
2,19,50
8,23,44
3,21,34
0,23,18
5,21,41
1,19,62
9,23,42
9,22,17
2,23,18
1,17,24
8,20,31
4,20,33
5,19,25
2,19,40
5,23,56
4,21,25
3,20,51
2,19,31
4,21,47
2,21,28
8,21,38
0,19,61
0,17,26
2,19,21
0,18,24
1,19,39
3,17,29
0,19,54
3,21,61
6,23,26
6,22,48
4,21,48
6,23,60
6,20,27
4,19,22
5,18,25
7,19,20
12,22,20
0,18,30
12,23,26
6,21,37
0,18,42
12,22,27
6,23,61
0,21,42
1,21,59
5,21,39
9,23,26
1,19,19
0,21,30
6,21,26
9,23,24
1,19,53
1,22,43
10,21,23
3,19,27
0,18,21
14,23,22
4,22,24
1,20,24
8,22,43
0,21,21
6,23,50
1,20,20
1,18,44
1,21,44
2,18,21
2,20,57
6,21,44
1,16,26
1,19,61
13,23,18
3,21,31
5,19,20
5,22,25
9,21,34
2,19,35
11,22,21
6,22,27
1,20,21
11,23,35
8,23,50
1,19,31
1,21,19
0,22,19
7,22,39
3,20,52
4,23,29
6,19,30
9,23,35
7,21,37
1,23,44
7,22,38
0,20,63
2,23,30
8,23,39
4,19,35
6,22,52
10,23,36
6,21,32
6,22,20
0,19,58
3,19,23
3,22,22
3,19,33
9,21,17
2,20,22
8,23,49
4,22,21
9,23,19
14,23,24
1,21,31
4,21,51
0,18,20
12,23,22
7,22,43
2,20,20
2,21,17
7,21,35
4,19,36
5,22,61
14,23,17
2,21,34
5,19,27
10,21,24
0,17,37
11,23,21
4,22,54
3,21,57
6,20,30
11,23,30
1,19,42
1,22,23
10,22,30
10,22,25
7,23,41
1,19,54
5,22,22
3,17,27
3,21,24
9,23,30
3,18,32
3,20,55
1,21,32
6,21,49
2,17,31
3,19,45
0,19,31
6,22,25
10,23,20
4,18,32
0,19,28
3,19,31
0,18,26
12,22,29
3,19,38
4,18,25
7,22,27
6,21,25
4,19,30
3,18,37
6,22,22
6,19,33
6,23,52
5,22,19
6,19,31
12,23,25
1,21,34
4,22,30
0,19,52
7,23,39
6,19,23
0,18,45
4,23,32
8,20,17
4,20,28
9,23,28
11,23,27
1,21,23
5,22,28
7,19,19
7,19,23
4,21,34
13,23,27
9,23,23
4,20,47
2,20,27
2,20,28
4,21,31
0,18,23
5,21,42
0,18,52
4,21,33
0,17,32
2,20,62
3,20,50
8,23,36
4,21,23
5,19,26
4,22,45
0,16,27
11,22,17
6,21,33
7,22,33
8,20,19
8,22,34
3,20,21
2,19,32
9,22,20
5,23,60
5,22,18
2,19,30
4,20,51
8,20,23
5,21,49
9,20,22
1,22,18
5,19,37
3,18,36
13,23,24
5,22,51
2,20,34
7,22,48
6,22,44
2,20,43
12,22,25
1,21,17
7,20,20
0,19,49
3,21,54
4,20,21
6,20,21
12,23,28
2,20,59
6,20,38
3,21,48
0,22,17
2,19,53
2,21,56
13,23,23
7,23,21
3,18,27
5,22,57
1,17,32
0,18,27
8,21,28
4,21,30
5,20,42
4,19,34
5,19,30
7,21,36
7,20,31
5,21,28
5,20,17
10,23,37
4,18,30
8,23,52
6,23,53
7,22,36
2,19,36
5,20,29
11,22,25
1,20,61
3,18,35
2,19,42
4,20,43
7,20,27
3,21,29
9,20,23
1,22,44
0,19,56
3,19,25
4,20,19
6,21,19
0,19,40
8,23,46
6,22,50
12,23,30
5,20,25
0,20,47
1,20,54
11,23,32
6,23,18
2,20,46
0,18,48
2,17,27
5,21,24
5,22,32
3,17,28
4,22,61
2,17,25
9,21,32
11,23,19
11,21,19
6,20,31
8,22,30
9,21,22
3,22,61
6,18,19
5,20,38
3,19,24
9,23,25
6,21,17
8,20,24
2,23,31
5,22,46
0,19,44
1,21,27
6,19,21
4,21,28
1,22,22
10,23,18
12,22,24
5,18,20
0,17,35
7,22,49
2,19,49
11,22,28
6,22,43
4,20,49
7,22,42
0,18,32
5,20,26
11,22,20
2,19,43
2,22,28
1,19,26
10,22,23
3,20,25
1,20,25
3,18,24
9,23,27
1,19,23
2,19,29
0,20,27
5,21,52
3,20,24
4,20,32
1,18,45
4,19,37
7,23,54
2,21,18
0,18,46
11,22,32
2,21,44
1,20,29
2,18,29
8,20,32
1,18,23
2,19,17
5,21,19
1,17,29
3,21,23
12,23,18
7,23,32
7,22,46
1,19,56
13,23,28
4,21,22
3,20,27
1,19,45
6,23,58
5,21,18
5,22,50
3,22,20
8,20,21
5,22,63
0,21,31
1,18,49
9,21,31
11,23,26
4,18,23
6,21,45
4,18,34
8,23,22
7,20,21
0,20,41
7,19,18
1,20,19
6,21,34
5,21,34
7,23,45
7,23,20
6,21,40
4,21,57
2,17,32
0,22,31
9,23,31
4,22,22
9,23,34
7,22,50
1,19,27
0,18,40
6,23,63
10,23,29
3,19,32
3,20,22
1,20,56
3,20,33
1,19,38
1,19,25
0,18,54
2,21,31
13,23,19
4,20,46
2,20,54
2,20,40
2,18,31
4,21,24
5,20,27
1,20,26
9,20,25
0,20,30
6,18,18
7,23,33
0,20,31
8,22,36
8,19,18
11,23,20
7,22,18
9,23,20
4,23,18
3,18,21
1,18,29
1,21,29
10,23,28
4,20,40
1,18,51
6,19,20
8,20,29
0,19,27
6,21,39
11,21,21
5,22,26
3,21,21
9,22,22
5,23,61
11,23,31
6,21,24
5,21,51
8,23,35
1,19,43
3,21,17
6,21,46
5,22,60
3,19,41
9,22,18
0,17,36
4,21,44
6,20,25
3,21,53
8,23,41
7,23,27
2,21,19
12,23,24
3,20,40
10,22,19
13,23,26
6,22,33
3,22,25
0,19,63
4,19,24
1,20,23
5,21,45
1,22,19
2,22,25
3,20,45
11,22,23
10,21,31
5,23,18
9,21,30
9,22,23
5,21,32
7,23,48
3,18,28
3,21,28
8,22,28
8,22,27
0,19,41
4,20,37
3,21,58
7,23,36
6,19,19
1,18,46
4,19,18
1,17,34
7,20,19
7,21,34
7,19,25
3,20,29
11,23,39
0,17,33
2,19,52
8,19,19
0,18,44
0,16,26
3,18,31
2,19,20
10,23,43
3,21,59
2,19,18
10,22,24
9,21,25
0,20,18
2,20,30
7,18,18
4,18,27
11,22,30
1,21,26
7,21,32
5,18,23
2,21,26
0,18,49
2,17,33
3,20,20
4,20,23
1,20,31
9,23,46
5,21,48
3,18,33
12,22,22
7,23,25
1,19,50
5,21,29
2,18,25
6,20,24
10,22,27
7,21,31
5,23,33
9,23,44
5,21,22
8,20,20
6,20,26
2,20,41
6,19,26
3,19,26
1,17,27
2,17,30
1,19,24
3,19,42
6,19,18
3,17,25
2,21,33
12,22,17
7,22,35
4,23,19
11,21,22
2,22,34
0,18,55
0,17,38
3,19,46
7,21,22
10,22,36
6,23,22
2,22,27
4,20,38
5,21,40
3,22,30
6,23,62
3,21,19
1,18,24
8,21,21
6,22,51
3,18,26
9,22,19
4,21,20
2,19,39
0,20,39
7,23,46
11,22,19
1,18,43
8,20,25
5,21,27
1,19,49
2,19,33
7,20,32
7,19,29
5,20,37
12,23,31
5,21,25
7,18,19
6,21,48
0,20,19
0,20,23
10,23,34
2,21,24
5,19,32
4,23,63
1,17,33
8,20,27
0,19,62
5,18,30
3,18,22
0,18,35
1,19,40
8,21,35
9,20,27
8,21,32
11,22,24
2,21,53
2,22,30
7,23,56
1,18,25
9,23,49
2,20,24
8,20,22
1,21,25
9,21,21
12,23,23
6,22,47
3,21,27
0,18,53
1,18,19
6,23,24
2,17,28
8,23,43
2,19,44
10,22,34
8,22,29
7,22,19
0,18,37
5,18,28
11,22,29
7,22,45
0,17,24
6,23,25
1,19,55
1,19,44
10,22,17
6,21,23
5,21,53
6,18,23
7,20,17
14,23,19
6,23,54
5,20,19
8,19,17
14,23,23
4,18,26
3,17,24
7,20,33
4,21,56
4,20,36
12,22,21
2,20,25
6,20,36
9,23,45
4,22,63
0,19,17
0,19,42
6,22,45
0,20,22
4,22,32
0,18,47
1,19,59
5,23,55
4,22,60
11,23,23
2,17,29
7,20,36
12,23,35
6,22,40
0,20,24
0,18,28
7,23,52
9,21,33
3,23,18
0,18,43
2,17,24
11,22,18
11,22,31
9,23,43
5,22,48
0,17,31
9,22,28
9,21,18
