50,17,60
50,20,63
57,23,47
58,10,63
59,16,56
60,18,47
49,20,62
53,14,60
50,13,62
62,21,40
45,22,63
62,21,47
62,18,47
52,21,57
55,13,61
62,22,42
61,17,56
58,15,56
58,20,50
62,13,55
57,20,58
48,18,61
60,11,61
57,23,51
48,18,58
60,17,49
58,21,55
58,17,52
60,13,57
61,17,55
60,12,61
44,17,63
56,23,55
61,15,57
60,19,45
43,22,62
48,16,60
48,17,59
39,18,63
51,17,61
41,21,63
57,22,47
51,15,61
60,10,63
63,9,62
61,14,57
48,22,61
53,23,54
56,22,51
63,16,51
57,10,62
57,20,49
59,14,58
60,17,48
63,15,49
58,17,56
55,12,62
50,16,57
60,19,52
53,16,58
61,15,55
54,15,59
51,16,59
53,13,59
55,19,53
39,22,61
60,13,61
61,13,58
61,16,58
63,22,40
58,11,61
42,22,61
63,14,53
54,11,62
59,11,62
48,15,61
52,23,55
63,13,57
59,15,55
60,23,44
55,20,52
55,21,51
54,22,52
48,21,61
63,16,49
56,23,57
38,23,63
51,16,58
56,19,53
61,22,41
54,11,63
52,18,58
55,23,47
62,15,59
56,15,57
61,11,61
61,18,56
62,17,49
45,20,63
58,13,59
63,23,40
50,17,57
51,16,57
57,23,46
63,16,53
46,22,62
51,18,58
61,21,45
62,15,52
35,23,62
41,23,62
63,18,45
57,13,60
58,23,44
63,21,45
56,11,62
55,20,53
60,20,51
56,19,52
58,12,61
34,23,61
48,22,58
55,21,50
59,23,45
56,20,51
51,18,62
50,17,58
59,21,45
60,14,55
49,15,61
59,21,52
37,21,63
54,22,56
48,22,63
58,20,57
39,20,63
56,14,57
50,21,58
62,23,42
44,22,63
51,23,56
63,19,48
61,23,41
62,13,56
54,16,57
57,23,45
62,15,58
53,21,57
57,21,49
58,16,53
54,21,56
56,21,53
58,19,56
58,22,49
58,18,49
44,23,63
63,13,58
59,21,46
62,16,53
53,23,55
62,21,41
57,22,45
58,21,49
63,20,40
53,23,51
63,18,48
59,23,43
63,15,55
60,11,63
61,14,54
63,18,49
61,19,47
63,20,46
61,11,62
61,17,57
61,9,62
53,12,63
59,20,49
62,17,55
54,23,56
56,18,54
41,23,63
53,13,61
57,13,61
57,21,55
59,10,62
55,14,58
57,14,59
58,23,49
35,21,63
57,18,52
63,10,59
63,16,48
56,14,60
57,21,52
49,20,58
55,20,51
62,14,53
59,19,47
60,23,41
58,18,53
53,15,58
49,22,60
59,22,45
52,17,56
57,21,58
56,20,49
57,19,49
62,12,58
58,19,49
62,11,59
60,21,45
57,11,62
51,15,63
58,23,48
60,20,53
58,16,56
55,15,57
53,17,56
61,20,53
52,17,58
60,12,63
49,16,58
63,13,52
60,13,62
55,22,50
58,14,58
61,23,38
54,15,62
57,22,57
37,22,63
62,22,37
63,15,53
61,22,44
63,17,55
38,22,63
52,14,60
49,22,61
55,23,53
61,12,61
50,21,63
58,16,58
63,15,56
61,16,51
57,15,57
49,21,63
63,19,43
61,18,53
61,18,46
58,17,54
63,12,62
59,16,54
41,22,62
54,22,50
56,23,44
53,12,61
54,12,60
60,20,52
47,23,58
51,17,59
62,23,37
61,21,53
56,21,50
60,14,58
57,18,57
54,15,57
63,13,55
60,17,52
58,13,61
62,12,59
61,15,52
63,18,46
59,20,46
60,16,53
62,10,61
63,20,49
58,10,62
62,18,46
51,16,61
60,19,55
59,18,50
63,16,55
61,16,56
63,15,51
61,15,58
58,20,49
63,10,62
62,17,52
63,22,35
60,13,60
51,15,60
61,19,46
57,12,60
58,16,57
56,22,47
57,21,56
62,15,50
55,22,53
62,12,57
51,14,61
59,18,48
62,12,63
58,22,46
61,16,52
55,23,55
45,22,62
56,21,55
58,19,57
63,23,37
63,12,57
44,20,63
39,19,63
57,20,50
62,8,63
20,23,62
60,12,62
51,17,58
50,15,63
53,13,63
63,17,47
54,16,62
60,16,55
62,22,38
62,23,36
62,16,55
54,22,55
61,15,54
56,11,63
56,23,46
55,20,50
60,15,54
56,21,56
38,21,63
58,19,47
57,22,51
62,21,43
55,21,52
63,21,42
63,14,51
50,17,59
63,10,61
48,19,59
46,23,59
63,23,35
46,23,62
63,18,52
61,10,62
61,14,56
61,15,59
62,20,46
57,19,51
60,17,53
41,23,60
59,15,56
44,23,62
55,21,57
60,17,50
51,14,62
62,23,43
59,19,48
51,12,63
61,17,47
47,22,59
58,12,62
57,13,58
58,11,62
43,23,62
61,18,54
62,17,56
62,15,55
63,13,56
56,21,48
62,19,45
36,22,62
38,23,61
49,19,62
58,21,46
58,9,63
63,23,33
56,21,51
47,23,59
41,22,63
63,14,54
38,17,63
63,14,57
47,17,60
41,21,62
63,14,58
61,17,48
39,21,62
62,19,46
58,21,56
60,13,59
48,20,59
62,20,43
62,13,60
51,15,62
62,16,57
57,16,57
48,20,62
40,18,63
59,18,52
63,13,53
54,23,51
53,16,59
56,21,49
62,16,49
55,23,54
57,12,62
63,23,34
63,17,49
48,21,63
60,10,62
39,23,61
48,19,61
43,17,63
55,21,56
50,15,61
61,13,59
49,22,57
56,13,59
58,16,55
53,22,57
59,17,49
57,17,57
49,23,57
19,23,63
47,23,61
58,21,48
59,11,61
40,21,62
63,20,45
45,22,61
47,22,60
56,14,61
57,22,56
56,22,57
58,23,45
62,14,55
53,15,59
42,16,63
50,23,56
54,21,57
56,22,56
49,23,58
51,17,60
60,20,45
60,17,51
36,21,63
62,11,58
48,23,59
48,17,61
52,17,57
42,19,63
56,20,50
56,22,50
50,22,57
61,22,45
56,22,49
38,22,61
55,22,49
51,17,62
60,18,49
60,22,45
50,13,63
60,18,53
60,18,48
62,11,62
62,22,43
36,22,63
40,22,61
61,16,57
61,23,44
58,20,55
44,23,61
60,23,40
63,11,61
41,16,63
46,22,61
39,17,63
59,18,47
62,10,62
63,16,56
58,20,47
58,14,59
50,17,62
62,15,53
63,16,47
40,23,60
56,20,58
60,18,54
63,12,63
54,14,58
56,12,63
55,11,63
58,20,52
38,23,62
56,23,48
59,17,51
62,14,54
55,13,60
60,16,52
42,20,63
25,23,63
53,14,61
50,15,62
57,19,52
62,18,49
63,21,38
56,12,60
58,18,52
58,20,46
61,21,43
58,19,46
56,20,53
54,12,63
62,18,56
42,21,62
63,17,48
63,11,59
52,12,63
42,22,63
57,14,60
49,15,62
37,22,62
55,19,54
33,23,63
60,13,58
48,21,62
36,23,63
53,13,60
46,20,63
58,18,57
47,22,62
59,19,49
57,21,57
63,23,36
49,14,62
32,23,63
63,20,42
56,11,61
60,19,46
61,13,60
60,15,55
55,23,52
59,23,44
55,21,53
52,16,63
56,22,55
62,16,54
57,21,47
60,19,54
51,18,60
63,19,45
40,23,61
54,23,52
60,20,54
61,13,56
58,19,50
54,14,63
58,12,60
62,22,39
48,15,62
61,16,48
60,14,57
47,21,63
34,23,63
62,13,57
54,22,51
47,22,63
59,11,60
63,14,52
56,23,50
63,22,45
45,23,63
58,23,47
63,22,37
55,19,52
52,16,57
54,12,61
52,13,60
61,18,48
58,20,56
52,15,63
52,18,57
61,15,53
62,10,63
59,19,50
59,12,60
60,14,56
63,18,50
58,20,58
61,14,59
49,21,60
52,14,63
57,22,46
61,16,54
56,22,52
41,22,61
40,17,63
61,23,42
48,23,60
21,23,63
53,23,49
56,12,62
59,19,53
63,22,38
57,17,53
60,19,51
59,23,42
57,10,63
59,14,56
52,12,62
51,15,59
50,17,56
45,21,63
57,23,44
52,22,57
62,13,61
55,23,50
55,12,61
58,17,58
58,11,63
39,21,63
57,13,59
59,10,61
61,14,55
48,16,59
61,20,43
57,19,57
54,12,62
59,14,59
63,21,39
54,23,54
63,11,58
61,22,42
57,17,55
62,23,38
53,23,50
54,23,55
59,21,48
62,20,42
61,16,50
39,23,62
54,13,59
42,21,63
51,14,60
62,23,39
61,20,47
60,11,62
48,18,60
63,21,40
57,12,61
48,21,60
51,17,57
54,23,50
53,22,56
56,20,54
60,9,62
56,20,55
61,12,63
58,23,46
63,11,57
50,16,59
59,14,57
62,11,63
55,13,59
62,12,56
62,9,63
23,23,63
61,20,44
62,23,40
62,23,34
62,17,57
62,19,47
47,22,61
56,18,53
57,16,55
52,16,59
58,22,47
62,16,48
62,17,53
57,21,48
61,16,49
63,17,50
60,23,43
37,23,62
51,18,59
61,19,55
45,23,61
50,21,57
63,20,43
56,21,52
61,12,59
60,19,53
22,23,63
62,22,40
62,16,58
60,17,54
50,14,62
49,15,60
57,19,53
56,18,52
54,16,58
58,19,48
61,16,55
57,17,54
58,18,56
55,22,48
24,23,63
35,23,61
59,12,61
56,23,52
63,10,60
59,18,49
40,20,63
58,20,48
50,14,63
63,15,54
48,22,62
46,22,63
63,19,44
61,19,45
59,11,63
50,16,58
49,16,61
56,19,51
63,16,54
63,10,63
52,22,56
56,20,48
59,9,63
50,14,61
63,16,52
59,21,49
62,16,51
59,15,58
62,14,56
49,20,63
43,22,63
61,23,43
63,11,62
45,23,60
63,16,50
61,15,56
61,12,58
41,18,63
51,22,57
56,22,58
54,23,48
63,15,52
59,16,58
58,17,53
51,22,56
59,20,51
59,18,51
48,20,61
40,23,63
54,22,49
59,15,54
59,16,53
60,16,51
58,18,50
53,20,57
52,14,62
59,22,44
59,23,41
59,16,57
62,23,35
59,13,60
56,23,47
36,23,62
42,23,61
56,18,55
49,16,59
63,19,46
59,20,48
33,23,61
51,17,56
62,14,58
62,20,44
62,16,56
62,16,52
63,15,50
62,15,57
61,17,50
61,12,62
49,17,59
46,23,61
59,19,52
60,15,56
52,14,61
55,10,63
34,22,63
55,22,52
61,21,44
53,15,57
61,16,53
62,17,54
62,9,62
53,12,62
56,23,51
63,18,44
50,16,62
54,17,58
55,22,56
55,14,59
62,11,60
61,11,63
61,9,63
38,18,63
59,19,46
57,18,53
53,14,59
59,18,53
62,14,57
63,21,46
57,11,61
63,9,60
63,11,60
60,18,52
53,16,56
57,18,54
41,17,63
51,16,62
53,13,62
59,15,57
56,10,62
54,14,59
61,23,37
40,19,63
59,20,53
18,23,63
21,23,62
63,9,61
40,22,62
61,20,45
51,23,55
52,13,62
58,19,51
57,20,57
58,22,45
56,14,58
57,19,50
62,17,47
20,23,63
59,17,53
62,20,45
49,23,56
62,12,60
63,10,58
63,17,52
60,14,59
55,22,54
58,15,57
59,13,59
62,14,59
63,20,44
62,11,61
61,17,54
50,16,60
37,23,63
56,22,54
58,16,54
62,20,47
57,18,51
56,23,49
40,23,62
58,17,55
50,15,60
54,16,63
53,11,63
54,13,61
52,15,58
48,20,60
53,14,58
59,17,50
52,15,59
60,22,44
61,14,58
48,17,58
53,23,56
51,13,63
62,22,41
61,13,57
43,23,61
46,21,63
62,16,50
51,15,58
57,20,48
54,13,63
59,20,52
53,16,57
56,23,56
62,21,42
49,22,58
62,10,60
62,12,61
57,21,50
55,22,51
62,17,48
54,23,53
20,22,63
52,15,60
56,21,57
58,18,51
39,23,60
58,13,60
60,23,42
63,22,36
63,12,56
35,22,62
56,21,54
50,18,59
56,13,60
63,14,55
55,23,56
61,20,54
57,22,48
61,18,55
55,11,61
62,15,51
55,23,48
60,16,54
59,19,51
60,17,55
56,14,59
60,16,50
55,14,62
48,18,59
54,23,57
62,13,58
61,13,61
54,15,58
49,21,58
48,21,59
52,15,57
61,8,63
63,8,62
41,23,61
63,13,54
45,23,62
33,22,63
48,15,63
61,17,53
63,14,50
37,23,61
61,23,40
42,17,63
61,10,63
50,23,57
43,21,63
61,23,45
40,21,63
60,14,61
42,22,62
56,10,63
34,23,62
61,18,47
56,12,61
46,23,60
63,17,46
52,16,58
46,23,63
54,14,62
60,18,50
52,23,56
48,17,60
55,21,49
61,20,46
57,20,55
61,18,52
58,19,53
59,10,63
57,9,63
60,9,63
57,14,58
63,23,39
49,17,58
52,13,61
55,11,62
57,11,63
49,21,62
62,19,44
54,13,62
62,17,46
63,11,63
51,13,62
63,9,63
59,12,62
49,22,63
55,12,63
60,18,51
34,22,62
49,21,59
61,23,39
63,22,39
56,13,61
61,22,43
57,21,51
60,19,50
60,12,60
59,22,48
50,18,60
43,23,63
58,17,57
63,14,56
63,15,57
58,19,52
63,19,42
51,23,57
56,22,48
52,14,59
51,16,60
48,16,61
63,21,41
62,12,62
56,17,55
49,15,63
49,17,57
58,15,58
56,19,54
22,23,62
49,16,60
44,22,62
47,23,63
36,23,61
48,16,62
63,23,32
48,22,59
56,23,45
60,18,55
38,22,62
61,12,57
58,22,48
61,13,63
62,18,45
54,23,49
60,22,43
33,23,62
61,19,54
59,16,55
62,15,54
55,12,60
55,22,55
55,23,49
42,18,63
48,23,58
63,20,41
42,23,62
63,19,49
62,14,52
62,18,48
54,13,60
59,17,52
60,21,46
61,19,53
49,14,63
55,23,57
57,20,47
38,20,63
35,22,63
60,18,46
59,22,49
41,20,63
60,10,61
48,22,60
52,13,63
58,21,57
51,14,63
39,22,62
62,15,56
51,21,57
60,20,46
47,23,60
63,23,38
63,12,55
44,21,63
61,15,51
61,17,49
