31,4,0
8,22,24
14,17,21
29,4,2
5,4,24
18,12,22
22,4,25
26,19,10
24,16,16
25,13,11
16,11,23
23,0,27
30,14,0
0,23,27
2,0,38
20,5,25
23,13,16
12,14,22
20,12,23
21,19,19
18,1,28
25,1,14
22,2,21
23,0,29
25,0,27
28,11,3
22,2,26
17,12,23
30,1,3
4,15,24
10,1,25
27,0,12
1,9,27
27,2,6
2,15,26
27,6,6
9,23,23
37,0,4
1,11,27
15,10,24
30,19,2
11,9,24
23,3,19
5,13,24
31,1,11
24,2,15
25,3,13
28,13,3
23,0,31
13,12,23
17,14,21
22,4,22
8,4,24
24,3,16
24,7,15
27,18,10
23,17,19
25,4,14
11,11,24
33,2,0
27,22,11
20,2,28
22,2,27
24,2,14
29,3,3
21,6,25
32,2,1
23,0,23
16,0,29
17,20,20
2,4,26
11,1,28
29,0,13
24,12,14
27,2,11
8,16,23
26,9,8
24,18,17
30,18,3
25,10,16
3,17,25
27,0,14
8,9,25
30,23,3
11,3,25
29,7,3
11,14,22
23,9,18
23,19,17
18,11,24
23,11,18
35,0,2
15,19,21
28,1,4
25,10,9
17,22,20
24,8,18
6,0,27
27,5,7
24,12,12
1,2,27
2,11,26
12,2,27
19,12,22
25,6,15
16,22,20
22,5,23
27,3,8
25,17,14
22,18,20
28,7,4
37,2,2
29,21,5
11,1,25
15,4,26
24,2,17
29,18,5
26,13,7
22,1,19
24,1,30
38,0,5
37,1,3
28,11,5
29,1,6
25,13,12
37,3,3
23,14,18
18,23,20
25,19,14
27,12,7
15,8,25
28,11,4
0,9,28
26,8,10
0,11,28
32,13,0
24,4,18
30,10,1
26,4,9
28,22,7
9,16,22
29,13,3
8,10,24
25,13,10
27,12,6
5,18,24
9,4,24
31,15,0
1,1,34
6,9,25
25,4,12
27,3,9
27,23,11
28,15,4
24,19,16
2,13,27
27,14,5
26,19,13
29,6,2
27,3,6
17,11,24
30,15,2
21,11,21
19,8,26
21,9,25
31,1,2
24,13,13
3,0,28
3,10,25
18,0,30
27,16,8
25,1,30
22,20,19
28,5,2
13,21,21
15,3,27
27,18,7
0,13,27
19,21,19
31,0,4
8,23,23
17,3,27
26,2,11
17,12,25
26,21,15
8,0,26
28,22,8
11,4,24
26,0,18
7,14,23
24,11,14
15,10,25
19,2,27
13,11,24
21,16,21
23,6,19
27,1,6
17,23,20
22,4,23
25,23,17
26,7,7
7,11,24
27,2,4
3,9,26
2,1,27
10,10,25
27,2,5
7,9,24
29,20,5
23,0,19
30,13,1
28,2,3
18,19,20
25,2,14
29,2,2
15,3,26
36,4,2
27,9,6
3,9,27
24,11,12
21,12,23
2,1,38
18,8,26
30,3,0
36,1,2
22,1,20
20,10,24
31,1,3
22,18,19
4,0,26
21,13,22
13,13,22
38,0,4
9,13,25
24,0,29
27,18,8
27,10,7
25,2,16
29,7,1
26,0,13
16,13,25
4,0,27
28,7,3
0,1,29
3,12,26
29,0,5
29,22,4
12,9,24
23,1,27
10,2,26
15,13,24
21,2,29
37,0,5
27,8,7
22,0,22
0,0,33
25,9,14
16,1,27
23,2,27
26,12,9
16,14,22
20,0,29
35,3,1
30,1,5
19,1,30
7,16,24
27,5,6
27,14,7
23,21,18
27,13,5
16,0,30
8,14,24
28,20,7
22,2,20
26,23,16
26,10,9
23,18,18
23,3,25
17,12,24
0,23,26
36,4,1
29,11,2
23,3,18
25,18,13
5,10,26
15,15,22
17,10,24
27,14,6
17,17,20
23,2,26
32,0,11
11,1,27
22,12,21
17,3,26
31,23,0
15,2,26
21,2,21
25,1,15
16,17,21
23,7,20
26,4,11
11,2,27
19,19,20
28,23,8
6,16,23
28,0,12
22,0,24
34,0,3
27,3,10
13,10,25
21,11,23
21,9,23
11,0,28
26,1,14
26,4,8
25,7,11
24,13,12
5,12,26
31,12,1
13,2,27
25,19,15
13,0,28
17,14,24
20,12,22
32,0,2
24,9,16
9,19,23
20,6,26
28,1,16
5,2,26
23,1,18
29,23,6
7,8,25
25,4,13
31,2,11
0,22,27
1,13,27
0,1,37
24,8,15
26,21,11
36,0,3
22,5,22
19,0,30
21,10,22
23,11,16
30,3,2
30,22,4
12,9,25
25,0,26
31,22,1
10,1,28
31,3,0
29,1,13
24,0,18
2,15,25
21,10,23
27,8,6
30,20,1
26,18,11
3,2,27
27,21,9
26,7,13
21,3,27
17,4,26
12,3,25
26,23,14
25,16,11
19,20,20
32,22,0
9,18,23
29,10,2
1,0,34
8,17,23
24,7,16
30,13,0
27,18,9
31,0,18
9,3,25
22,3,24
17,0,30
17,9,26
28,15,5
26,5,7
14,0,27
22,10,19
26,10,10
14,5,25
28,7,5
31,11,0
23,10,19
26,5,11
11,11,23
25,1,16
0,0,29
20,10,25
13,14,21
8,1,26
13,1,25
21,8,23
1,1,28
14,15,21
21,1,28
24,13,15
2,0,29
19,22,19
25,5,11
3,12,25
26,6,11
10,1,27
14,0,28
21,2,27
10,10,23
9,9,26
0,1,35
21,2,30
8,13,24
16,10,25
33,0,4
25,5,14
19,14,21
26,19,11
35,1,3
6,10,25
25,11,13
21,10,24
24,14,14
4,23,25
25,10,10
28,6,5
7,14,24
22,12,20
5,23,25
23,1,24
5,22,24
27,16,6
20,18,20
25,9,13
17,0,29
10,1,26
27,13,6
28,6,4
30,4,0
15,12,23
17,10,25
15,22,21
16,8,25
18,2,27
30,22,2
25,2,27
20,8,24
27,10,5
29,6,1
2,3,26
23,12,18
21,8,24
7,21,24
23,14,16
36,2,3
2,9,26
16,12,24
19,9,26
29,19,6
0,14,26
18,17,21
23,22,19
24,6,18
9,1,26
16,11,24
36,2,0
21,18,20
21,5,25
4,14,24
28,0,7
19,0,29
25,0,17
13,16,21
26,4,10
30,7,1
6,23,24
22,11,19
22,5,25
2,0,30
37,1,2
28,12,4
20,19,20
5,0,27
28,2,4
6,4,25
18,16,21
16,13,22
15,13,23
28,1,6
18,12,25
29,0,8
11,15,21
23,13,18
25,14,12
17,10,26
16,18,21
16,2,29
7,22,24
26,21,12
20,14,21
21,0,30
24,19,17
6,2,24
30,17,3
7,15,24
28,2,6
29,22,5
25,15,11
22,16,20
14,11,23
5,11,24
26,3,8
5,9,24
33,2,1
29,21,6
7,1,26
0,0,34
19,4,25
13,22,21
3,14,25
26,20,14
10,7,25
20,15,21
7,15,23
31,0,5
31,16,1
13,1,26
15,11,23
32,3,0
30,11,2
16,1,26
25,2,18
25,3,16
16,2,26
25,1,18
28,21,7
0,1,30
28,13,4
16,9,26
26,0,12
19,17,21
23,16,20
28,12,3
30,6,1
9,1,25
28,22,9
21,20,20
7,23,24
5,14,24
22,9,23
26,3,13
19,12,23
8,1,24
29,1,4
15,0,27
25,17,13
36,2,2
23,22,18
22,2,23
34,1,1
8,9,24
8,2,24
28,18,7
30,19,1
9,15,23
28,0,8
34,0,2
34,2,1
10,23,23
30,5,0
23,2,18
28,16,4
1,16,25
22,1,28
37,0,0
35,0,4
23,13,15
29,13,2
30,20,3
35,2,2
16,17,20
20,2,27
30,10,3
15,5,25
10,16,22
26,1,11
1,0,37
13,1,28
31,12,0
30,20,2
32,2,0
24,10,13
27,3,4
19,11,26
23,19,18
27,8,5
13,3,25
19,2,29
31,20,0
35,1,2
9,2,27
5,14,25
28,12,5
1,3,35
0,10,27
30,12,2
25,0,30
4,13,25
25,2,30
5,12,24
5,1,26
12,13,22
20,17,21
13,17,21
18,14,22
28,3,3
19,10,25
23,13,19
25,7,12
7,0,26
25,17,15
4,8,26
27,0,9
17,15,21
1,0,28
38,0,2
0,2,38
23,16,17
32,1,2
27,4,9
23,9,21
2,16,25
17,1,27
20,9,26
29,16,3
23,0,28
0,1,38
23,16,19
29,1,7
22,6,21
17,1,29
27,2,10
24,11,15
11,9,25
20,3,27
10,2,27
21,7,23
26,7,10
26,14,9
0,0,37
0,1,28
36,1,3
10,0,26
23,0,25
19,4,26
1,1,35
1,13,26
27,20,8
26,2,13
17,12,22
27,19,10
16,16,21
35,2,3
10,0,28
28,0,11
19,11,24
20,7,25
25,2,15
14,14,21
1,10,27
3,16,24
15,11,24
27,11,6
29,18,3
26,19,12
27,9,5
30,16,3
21,3,21
27,11,5
27,4,5
31,1,4
31,17,0
25,0,28
26,9,10
38,1,3
26,14,10
31,23,2
31,6,0
27,0,16
27,7,6
20,5,26
30,12,1
33,0,2
31,2,1
25,21,15
20,6,25
30,2,3
25,18,15
23,11,19
13,12,22
23,9,19
6,0,26
24,2,27
6,4,24
25,22,16
22,14,21
18,2,28
7,1,25
16,1,28
30,20,4
30,16,1
15,12,24
25,1,27
0,14,27
28,0,10
27,7,7
29,20,6
25,2,17
17,5,26
4,15,25
28,14,5
25,1,17
15,23,21
29,1,5
24,1,27
4,0,28
24,0,28
28,23,7
29,1,10
26,0,14
31,3,1
6,13,24
29,5,3
24,2,18
17,11,25
8,0,27
34,3,0
24,10,15
28,22,6
22,3,27
17,1,28
9,17,23
22,2,24
14,10,24
24,0,25
15,15,21
8,18,23
21,17,21
29,19,3
24,0,19
11,14,21
0,1,39
25,20,15
24,15,15
30,9,1
23,7,21
22,1,21
7,3,25
17,9,25
16,12,22
31,2,2
10,15,22
18,22,20
14,14,22
28,23,6
16,14,21
24,7,17
13,11,22
14,1,27
0,15,27
24,23,17
25,3,17
29,12,3
24,10,17
1,9,28
27,1,7
23,19,19
22,6,23
28,23,9
28,8,5
16,4,26
35,2,1
10,2,25
23,1,22
9,3,24
2,2,26
25,3,14
22,3,22
30,5,1
26,15,10
22,1,27
15,0,29
17,18,20
26,15,9
24,0,26
27,2,7
30,21,3
10,14,23
29,23,4
29,17,3
9,4,25
35,0,3
26,7,9
36,2,1
24,4,17
28,10,4
3,15,25
24,9,17
27,13,7
27,0,18
9,13,23
20,4,26
30,16,2
18,3,26
28,3,5
2,17,25
27,2,9
25,6,13
26,9,11
17,15,22
19,7,26
31,18,0
24,10,18
5,12,25
30,21,2
11,0,27
30,18,2
25,7,14
22,10,21
2,1,28
26,3,11
17,2,27
15,13,22
29,7,2
6,10,24
24,3,15
26,5,10
21,6,24
23,0,26
19,10,24
24,20,16
22,15,21
9,0,27
31,19,1
26,10,11
25,10,15
37,0,3
28,1,10
24,15,16
9,12,23
25,0,29
0,0,35
10,4,25
21,2,28
22,5,21
3,1,27
1,2,28
12,11,24
28,20,6
21,7,24
30,19,4
14,11,22
11,12,23
9,20,23
28,16,6
12,12,22
27,3,7
25,0,18
11,2,25
23,10,18
36,0,2
26,8,11
17,11,23
14,12,23
6,3,25
21,14,21
23,12,17
23,23,19
30,23,0
28,21,6
24,9,18
27,7,5
23,0,30
21,17,20
22,0,30
18,3,27
10,9,25
27,0,10
24,1,19
26,1,16
15,12,22
25,10,13
18,20,20
28,18,6
32,10,0
26,5,13
34,1,2
30,14,2
39,0,3
21,1,30
31,16,0
31,2,0
22,21,19
23,18,17
25,11,9
28,5,3
28,3,2
26,0,17
23,0,24
8,11,25
22,15,20
10,0,27
28,15,6
27,16,7
1,1,39
23,10,16
26,0,15
23,15,19
25,1,29
29,19,5
13,23,21
23,10,21
10,13,22
21,3,22
5,3,25
1,12,27
12,1,25
29,5,2
26,23,15
16,2,27
26,3,12
21,6,23
23,8,21
30,17,2
6,8,25
6,2,25
24,3,18
29,15,4
21,9,22
1,23,27
16,6,26
27,0,17
9,11,23
36,0,4
21,11,22
17,6,26
24,10,14
29,11,3
17,13,25
32,0,3
12,12,24
23,2,25
16,10,24
22,10,20
24,22,18
12,2,25
28,10,5
30,15,0
21,15,21
15,16,21
26,11,9
35,1,1
15,18,21
4,2,26
25,7,15
31,21,2
9,12,24
26,4,13
37,0,2
3,10,26
1,0,39
19,2,28
26,22,14
0,12,27
30,11,1
27,21,11
29,8,3
31,5,0
19,1,28
23,1,20
23,20,18
26,9,9
9,22,23
27,10,6
1,0,35
26,6,7
23,1,29
29,15,3
23,1,25
29,0,9
29,16,4
20,20,19
27,18,11
1,3,37
15,0,30
1,0,29
29,6,3
27,23,13
30,21,4
13,11,23
19,17,20
32,12,0
8,21,23
31,21,1
11,7,25
24,13,14
16,12,25
13,10,24
22,2,25
15,9,25
18,10,24
23,15,16
30,6,0
17,18,21
18,12,23
30,22,3
24,0,22
26,2,14
2,9,28
14,1,26
2,10,27
9,17,22
23,6,18
1,2,34
0,12,28
18,1,29
22,13,19
29,0,11
18,9,26
14,4,25
24,12,15
10,23,22
21,5,24
24,6,16
1,23,26
18,4,26
27,15,6
29,22,6
26,21,13
25,18,14
24,3,14
26,1,15
12,15,21
2,1,37
14,9,25
22,2,22
24,20,17
5,2,25
26,5,9
0,0,32
18,2,29
29,0,10
12,23,22
22,3,26
15,2,27
25,8,12
22,1,24
14,11,25
15,2,28
5,16,24
27,2,3
31,22,2
28,17,6
26,2,12
7,2,25
5,4,25
22,13,21
23,6,20
13,9,25
18,14,21
15,21,21
19,18,20
23,9,20
35,2,0
31,23,1
14,13,22
24,6,17
2,0,28
14,11,24
31,10,1
3,11,26
2,2,27
31,22,0
1,0,38
13,0,27
10,10,24
26,8,9
28,1,7
21,12,22
26,0,11
24,10,16
24,1,18
22,8,21
29,17,4
24,0,24
15,14,22
25,6,11
25,0,19
26,20,12
26,5,8
14,23,21
28,8,4
6,1,24
19,11,25
21,0,29
25,6,14
26,20,13
11,16,21
27,0,15
22,19,19
23,1,21
18,13,24
15,0,28
36,3,2
1,1,37
10,11,23
14,2,25
38,0,1
22,7,21
17,13,24
24,0,21
23,17,17
22,9,22
22,4,26
34,2,0
2,14,26
17,14,22
1,2,37
15,1,27
22,17,20
29,23,5
26,9,12
24,5,17
31,10,0
24,8,16
36,1,1
26,3,10
26,0,16
7,2,24
24,3,17
6,1,26
7,13,24
26,4,7
24,14,15
27,1,11
15,17,21
2,9,27
16,23,20
23,7,19
27,4,7
28,3,6
25,12,11
9,8,25
19,5,25
28,1,9
10,14,22
20,3,26
1,14,26
23,3,17
4,1,26
18,11,25
18,9,25
22,12,19
15,1,29
22,9,21
5,13,25
3,14,26
9,13,24
21,12,21
37,1,0
1,0,30
22,23,19
27,0,13
28,16,5
22,16,21
24,17,15
5,11,26
0,4,28
26,15,8
31,17,1
27,11,7
12,11,23
19,21,20
28,2,5
6,3,24
4,16,24
23,17,20
30,2,1
20,1,29
21,10,21
29,18,4
32,1,1
20,1,28
26,1,12
30,0,5
24,16,15
27,9,7
29,10,3
9,16,23
16,0,28
23,12,16
14,2,27
9,11,25
0,0,38
16,3,26
37,3,2
9,9,25
30,0,11
11,22,22
13,14,22
27,23,10
18,15,21
27,19,9
23,0,21
0,0,30
26,10,8
14,0,26
25,8,16
26,8,7
4,4,26
23,8,19
19,16,21
29,3,2
28,0,9
16,15,21
20,23,19
23,1,30
18,6,26
20,11,23
20,9,25
31,0,11
13,1,27
11,1,26
24,5,16
8,10,25
21,19,20
28,0,6
3,13,25
29,1,3
8,12,24
30,19,3
31,1,1
25,16,13
9,2,25
18,11,23
30,17,0
2,12,27
10,4,24
25,5,12
30,1,4
17,17,21
23,1,28
21,2,20
3,11,25
28,10,3
16,13,24
29,2,3
20,16,21
24,7,18
32,9,0
5,23,24
32,11,0
19,5,26
5,5,25
26,1,13
11,13,22
16,9,25
22,11,21
23,3,30
19,15,21
32,1,3
20,11,24
30,15,1
12,22,21
3,16,25
21,11,24
8,8,25
17,16,21
30,18,1
27,1,10
21,9,24
18,12,24
5,6,25
25,10,14
8,15,23
27,20,10
8,3,24
27,1,9
27,23,12
9,1,27
22,11,20
6,14,24
30,10,2
25,14,11
27,2,8
30,23,4
23,4,18
25,20,16
24,21,17
23,15,17
27,1,8
29,19,4
29,12,2
25,19,16
22,5,24
12,10,25
22,8,23
11,12,24
9,14,23
39,0,4
23,2,24
1,3,27
8,23,24
19,10,26
29,2,8
24,0,20
37,0,1
30,1,11
22,2,19
27,0,11
30,0,7
3,1,26
26,10,7
23,14,19
30,1,2
24,11,13
32,16,0
19,11,23
23,14,17
23,15,18
31,0,10
23,12,19
30,0,4
8,22,23
23,11,17
26,7,8
28,8,3
12,23,21
4,9,25
16,19,21
27,22,10
29,9,3
6,15,24
14,2,26
16,20,20
12,4,25
10,3,25
24,12,13
23,5,18
21,1,29
4,9,26
27,12,5
28,20,8
3,0,27
23,18,19
23,21,19
30,2,2
21,7,25
5,1,25
3,2,26
4,12,25
4,17,24
6,16,24
31,21,0
22,1,29
2,13,26
25,7,13
10,13,23
10,11,24
16,11,25
12,0,26
29,1,11
10,9,24
22,2,28
21,4,26
25,11,11
11,10,25
29,5,1
23,16,18
22,0,23
33,0,3
12,10,24
9,15,22
26,13,9
12,6,25
25,5,15
16,0,27
13,10,23
19,7,25
29,2,7
27,20,9
15,1,26
3,4,26
23,2,30
20,11,25
11,8,25
27,4,10
6,9,24
17,14,25
27,4,6
26,13,8
17,13,22
25,13,9
22,7,22
19,14,22
16,19,20
8,12,25
19,3,27
29,20,4
6,11,24
24,21,18
27,6,7
18,10,25
8,19,23
26,4,12
29,14,3
2,3,27
30,0,9
24,8,17
1,2,38
25,16,15
33,3,0
5,15,24
20,22,19
9,9,24
16,21,20
22,4,24
18,21,20
1,1,38
28,23,10
18,18,20
28,5,5
24,1,17
20,20,20
22,6,22
36,3,1
0,2,28
25,12,12
10,12,23
13,0,26
3,3,26
12,4,24
6,22,24
28,19,7
27,15,7
2,12,26
9,11,24
26,8,12
26,10,12
15,4,25
31,14,0
25,10,12
29,10,4
21,4,25
8,20,23
30,0,6
26,14,8
22,1,22
31,20,1
24,4,16
22,10,24
28,19,6
31,13,0
11,4,25
21,3,26
16,18,20
28,1,8
25,16,14
29,0,7
19,13,22
20,17,20
15,20,21
22,8,22
24,0,30
19,3,29
29,0,6
9,0,26
11,0,26
8,13,25
4,11,25
2,0,27
4,1,27
23,5,19
20,4,27
29,1,8
16,5,26
13,2,25
4,4,25
31,0,3
16,12,23
31,0,12
23,13,17
14,1,28
23,0,22
4,3,26
26,6,8
33,1,1
24,0,27
2,11,27
7,17,23
26,20,10
22,14,19
30,13,2
25,12,10
36,4,3
31,23,3
1,15,26
14,12,22
1,3,38
30,5,2
20,0,30
20,13,22
11,10,24
16,2,28
21,20,19
5,0,26
17,19,20
22,3,25
30,4,1
2,23,26
20,14,22
20,4,25
29,6,4
16,15,22
7,16,23
25,9,15
25,10,11
12,16,21
17,2,28
26,6,10
18,17,20
28,21,8
5,9,25
26,9,13
25,23,16
23,20,19
7,9,25
27,3,5
23,0,20
22,10,22
28,5,4
8,2,25
25,19,13
23,1,19
21,22,19
26,20,11
25,8,15
27,19,8
18,23,19
17,0,28
32,0,4
25,8,14
26,7,12
6,1,25
26,6,9
21,21,19
9,10,25
22,0,29
19,3,26
3,22,25
26,12,8
25,9,16
26,3,14
11,12,22
3,9,25
15,14,21
26,2,10
1,10,28
12,14,21
13,8,25
8,1,25
23,2,29
7,10,25
22,9,24
0,0,39
0,13,28
16,1,29
22,1,23
36,3,3
9,10,24
18,5,26
30,0,10
18,13,22
36,1,0
28,2,10
23,8,20
7,10,24
13,15,21
0,16,25
26,11,8
23,10,20
30,17,1
31,11,1
22,3,23
38,0,0
17,2,29
0,15,26
4,14,25
26,1,10
26,18,12
31,9,1
25,11,10
8,11,24
15,7,25
14,21,21
24,23,18
14,10,23
0,16,26
21,14,22
25,11,12
19,12,25
18,0,29
23,1,26
38,0,3
22,22,19
25,8,13
30,3,1
24,11,16
20,7,24
30,14,1
12,1,26
25,17,12
8,14,23
12,12,23
37,1,1
14,10,25
22,1,30
23,10,17
21,13,21
37,2,3
24,12,16
14,22,21
19,20,19
5,9,26
26,8,8
25,18,16
20,8,25
20,21,19
22,2,30
29,21,4
14,16,21
1,2,35
25,21,16
29,14,2
33,1,2
23,7,18
0,0,31
22,7,23
7,0,27
28,1,5
25,6,12
19,6,26
12,0,27
18,22,19
20,9,24
22,1,25
24,1,29
19,1,29
11,23,22
25,5,13
3,23,25
