16,18,42
44,6,14
8,13,53
5,8,7
0,7,32
20,20,20
6,13,62
21,19,17
14,17,41
9,14,36
12,12,2
12,15,54
43,8,4
8,14,62
59,19,14
63,14,3
18,21,29
1,5,18
0,6,44
2,7,33
22,22,20
14,17,30
0,4,2
12,17,39
22,19,1
60,18,10
41,9,3
23,23,23
40,12,4
20,20,44
20,22,30
15,14,17
1,8,27
38,23,30
3,10,57
36,22,21
15,17,24
59,6,0
45,20,26
10,10,15
1,6,19
55,18,22
1,6,18
13,16,2
58,20,20
22,18,0
16,16,9
63,17,10
39,12,5
26,22,12
57,8,3
43,8,7
46,18,24
8,8,16
15,19,33
58,8,1
4,10,42
15,15,3
45,4,3
18,20,27
47,7,12
8,8,12
28,23,14
49,22,28
26,22,3
1,11,58
58,22,24
3,7,4
11,15,0
11,15,62
14,16,24
1,8,35
20,22,31
15,16,19
6,12,34
43,17,23
38,16,3
5,10,23
32,20,10
6,14,42
50,11,14
23,19,0
51,10,10
17,18,5
50,12,15
1,6,2
17,18,13
32,20,15
19,19,44
25,23,53
7,12,32
38,14,5
6,14,29
38,13,1
30,22,11
2,9,27
38,14,13
12,15,47
35,16,11
61,14,4
6,12,44
24,22,60
63,23,18
4,10,26
17,19,30
0,9,35
21,21,42
17,20,29
1,8,43
61,15,5
9,9,14
26,23,15
16,16,6
3,8,21
4,9,5
16,15,6
55,17,19
0,7,48
63,15,7
1,9,52
6,11,27
18,20,25
5,9,21
61,9,2
38,13,4
0,10,45
5,11,21
47,8,15
39,12,0
41,9,6
2,10,56
16,18,26
3,8,23
45,16,22
5,11,30
48,7,9
22,19,4
30,23,21
23,21,19
55,4,4
12,17,45
17,18,42
8,14,59
53,2,5
15,17,56
24,23,28
5,11,28
26,20,0
35,16,7
53,0,4
2,5,0
7,12,23
21,22,43
55,8,6
5,12,60
58,18,12
46,14,19
38,15,16
12,11,12
22,22,38
0,1,21
9,13,0
51,18,23
4,11,27
19,21,38
1,12,58
56,16,13
63,12,1
4,12,47
8,12,0
44,7,8
13,15,0
22,20,15
26,22,10
60,22,21
53,23,28
0,0,20
8,8,5
29,22,4
21,21,57
31,20,5
8,9,4
5,6,16
3,6,20
40,19,25
5,6,8
4,11,40
25,23,16
25,23,8
17,19,31
6,9,0
6,8,14
16,16,3
4,10,31
44,17,22
11,13,19
41,15,20
21,21,26
0,6,23
15,17,45
19,19,5
10,16,41
49,11,15
26,23,4
22,22,49
39,17,15
58,9,4
47,2,9
5,11,41
3,6,19
35,19,17
17,19,47
53,11,9
5,12,35
9,12,5
31,19,2
38,16,18
57,21,21
4,10,54
3,9,26
0,9,29
2,6,1
23,23,24
9,15,46
21,19,5
25,23,49
14,13,14
28,23,11
9,9,8
52,14,9
33,20,15
44,6,13
39,22,28
37,15,12
19,21,36
57,1,2
22,21,22
2,7,35
30,22,13
8,13,18
17,21,32
31,20,3
17,19,37
18,22,26
31,22,19
51,13,14
12,12,11
5,6,10
10,14,19
16,18,54
47,16,22
10,11,2
54,15,12
6,12,55
28,21,4
25,23,46
22,19,13
8,14,50
13,13,4
55,22,27
14,17,61
62,16,7
1,12,57
39,15,17
16,17,57
7,7,7
1,7,47
19,20,22
55,15,14
13,14,8
11,15,56
15,17,23
53,23,30
31,21,8
53,15,18
60,17,10
32,19,1
5,12,43
13,16,51
24,23,27
23,22,7
34,16,0
17,18,46
24,22,18
2,3,14
21,18,10
40,12,11
49,13,18
41,14,15
7,13,51
37,15,3
12,12,9
11,15,49
5,12,59
9,8,12
23,21,57
35,19,18
14,14,8
13,13,14
0,9,36
2,7,4
14,13,4
8,14,48
14,16,52
25,23,17
9,16,49
39,12,8
47,2,7
22,22,37
19,19,49
56,15,10
26,22,6
38,14,0
53,19,24
9,14,30
13,13,1
4,13,44
30,22,9
23,23,41
12,16,47
6,13,46
17,18,54
7,8,14
2,10,24
25,23,54
11,15,30
19,19,54
50,16,22
16,15,7
60,19,15
19,18,21
21,21,54
8,13,58
28,23,7
21,18,1
8,15,55
46,3,3
12,15,60
33,20,8
34,19,4
48,6,11
12,17,36
11,14,22
28,23,16
46,4,11
3,10,40
7,9,0
8,13,46
21,18,11
52,3,6
7,11,0
39,16,9
15,16,20
23,21,56
47,3,8
24,23,26
57,12,7
40,12,7
5,12,62
41,19,26
4,10,47
55,8,7
54,7,5
1,10,39
20,18,4
9,10,4
53,13,10
58,18,16
16,19,44
7,12,53
24,22,48
44,18,24
51,20,26
34,19,14
17,20,32
14,13,16
17,19,33
12,12,10
9,16,30
0,6,25
8,13,45
10,10,17
50,22,28
7,9,16
8,11,2
6,11,57
52,23,28
3,8,35
49,8,13
49,4,7
14,16,51
6,13,49
2,1,10
60,19,14
7,15,37
3,3,13
56,21,25
30,21,6
16,20,32
2,10,45
11,18,39
51,22,28
50,7,7
8,10,0
5,12,42
13,19,39
19,19,17
5,9,7
23,23,25
40,17,22
24,23,41
51,4,6
58,11,7
7,16,49
37,17,15
39,14,7
57,14,8
8,13,48
7,12,46
45,2,3
54,3,4
31,20,12
5,14,44
21,23,32
16,19,50
55,17,12
6,14,33
0,10,32
50,0,7
13,18,53
6,9,13
4,13,37
26,23,21
33,19,4
2,4,15
46,0,1
37,14,3
6,13,63
14,19,28
45,4,11
27,23,16
40,11,4
56,22,25
39,18,22
13,14,6
47,5,12
2,11,40
22,20,10
3,9,48
23,22,25
18,20,29
47,9,17
63,23,13
57,14,9
31,22,9
15,16,4
54,17,19
4,6,4
9,14,58
48,13,18
41,11,0
43,15,19
33,19,15
21,21,24
37,15,0
10,11,11
56,19,19
9,13,25
22,20,9
43,22,30
51,16,22
36,17,14
9,12,4
6,10,1
19,19,51
6,11,55
60,21,19
4,11,28
34,18,10
18,18,54
40,16,20
37,15,4
1,8,36
22,23,30
14,18,31
7,13,48
7,10,4
9,15,34
38,18,18
7,14,48
45,5,2
10,11,4
3,10,39
29,21,1
9,12,2
40,13,15
19,20,56
49,20,25
3,12,42
40,13,10
59,22,24
5,14,46
46,2,7
4,14,46
24,23,6
22,20,63
16,18,23
11,13,20
28,22,5
2,2,10
40,11,2
50,22,29
41,17,21
56,14,9
63,13,1
3,6,6
61,12,1
5,9,3
0,10,35
57,14,7
8,12,25
62,13,1
15,15,10
52,15,10
24,22,5
57,8,6
12,16,48
41,9,0
15,14,6
42,20,26
4,11,57
2,6,0
24,23,24
47,11,17
7,14,32
54,16,18
36,18,17
60,14,6
6,13,48
25,22,21
37,15,11
22,20,6
22,19,2
11,17,39
5,6,15
11,12,1
10,14,25
46,15,20
9,15,29
22,19,6
26,23,61
50,8,10
8,7,10
25,23,43
59,17,11
17,19,52
12,13,7
1,6,22
30,19,1
43,9,8
1,3,5
4,7,8
18,20,34
21,19,12
24,21,5
60,10,6
15,21,36
25,22,54
6,9,19
50,12,18
8,13,60
6,13,36
52,17,21
4,11,37
24,21,18
50,8,9
62,13,4
49,9,15
51,23,29
49,9,12
43,12,15
15,16,11
23,20,11
44,23,31
52,9,9
52,11,9
19,20,51
34,19,5
11,11,13
18,18,18
33,21,20
19,20,33
41,21,28
55,11,8
20,22,37
42,9,0
1,10,37
24,22,57
3,8,36
9,8,13
1,10,26
50,11,15
6,10,2
23,22,23
16,17,23
20,19,7
47,21,27
35,16,2
46,21,26
59,10,1
37,15,5
19,20,23
12,12,5
17,20,38
14,17,62
53,15,17
46,11,18
7,13,22
40,15,19
10,11,5
6,9,10
44,5,8
61,23,18
23,22,13
24,23,46
61,20,11
22,21,19
17,18,53
2,4,14
11,15,37
11,12,2
4,9,4
2,5,5
25,23,21
15,19,35
62,13,2
9,12,1
61,22,19
24,22,19
15,17,63
8,12,2
41,12,7
21,22,44
38,15,5
19,19,45
61,12,0
47,6,10
7,12,31
37,22,26
13,13,7
22,21,54
15,15,6
26,23,10
56,18,19
21,20,49
12,12,13
63,22,14
2,7,0
57,2,2
13,17,24
18,19,54
8,9,14
19,17,17
10,15,40
1,0,15
8,14,40
52,12,12
5,8,17
61,21,14
13,17,46
48,23,28
59,20,14
22,18,1
25,21,5
2,9,41
16,17,53
22,22,40
40,20,27
28,23,13
7,15,34
51,21,26
4,12,41
18,19,63
23,20,16
12,16,40
21,19,7
45,5,12
19,20,38
0,10,41
7,12,4
44,5,6
16,19,40
25,22,60
12,16,32
10,15,32
26,23,12
33,20,16
25,23,14
13,18,33
44,7,14
4,9,56
31,20,4
59,20,16
14,18,32
8,16,35
21,23,25
41,10,9
8,9,16
57,23,27
17,16,3
20,19,8
18,23,28
56,21,23
23,21,47
18,18,57
6,11,56
51,14,18
44,5,2
39,13,4
29,22,5
45,7,15
1,10,43
5,11,34
52,19,23
31,21,3
9,12,23
3,12,63
22,22,29
17,17,9
22,21,5
19,23,39
38,16,8
23,22,58
16,20,38
17,19,45
13,16,41
37,16,2
25,22,57
56,17,13
2,10,39
13,17,53
13,15,19
22,22,24
10,14,57
15,14,19
19,17,0
13,17,40
2,8,36
8,16,38
13,17,27
0,4,19
45,3,2
40,19,21
22,20,61
16,17,4
13,17,7
10,15,24
58,22,21
24,23,36
5,11,31
21,18,12
0,5,18
11,10,15
56,18,14
3,11,40
21,18,13
37,18,15
62,12,3
0,11,54
12,16,24
14,17,48
16,18,37
8,14,58
4,12,45
38,14,3
11,15,42
18,17,6
58,15,9
25,23,20
37,16,16
24,21,61
5,13,40
15,17,10
41,11,6
9,14,29
45,13,18
57,16,10
14,16,50
61,16,5
9,15,30
45,5,3
8,13,5
1,7,32
19,19,56
25,22,10
47,23,29
38,15,2
5,7,5
37,14,0
10,14,28
2,6,4
23,23,27
54,17,21
32,23,23
24,22,52
21,23,26
46,16,22
31,22,18
56,18,16
22,23,27
44,5,13
36,21,23
4,11,56
20,19,12
8,14,31
14,17,55
56,17,17
62,12,1
43,22,28
50,12,14
13,17,31
3,10,46
12,16,34
15,17,55
11,17,32
6,8,4
26,23,6
37,21,23
18,19,55
7,12,5
25,23,52
2,7,23
11,10,7
33,22,22
3,9,24
8,14,34
1,10,42
6,14,48
13,16,45
62,14,6
23,22,26
5,12,37
20,19,55
21,20,46
0,3,2
53,6,6
51,2,6
7,10,7
31,23,23
0,4,33
52,20,24
60,18,11
21,23,34
20,21,41
10,15,30
20,23,27
2,4,4
24,23,53
3,10,47
5,11,47
21,20,61
19,21,34
4,9,32
50,10,14
45,5,11
41,9,1
2,7,1
26,23,11
20,19,21
19,23,31
44,12,18
18,19,41
3,9,3
17,18,3
15,17,16
8,9,12
1,13,43
47,21,26
40,17,20
13,16,47
14,17,31
20,21,39
10,15,54
38,20,23
17,19,24
6,8,11
14,15,10
8,14,32
61,23,21
18,19,22
1,4,19
48,18,24
10,17,40
6,7,17
60,23,24
46,3,11
18,18,13
21,21,22
25,22,13
6,7,12
35,18,16
13,12,0
63,14,0
18,21,25
27,23,13
12,15,24
39,21,26
36,16,14
58,8,2
5,12,38
16,19,32
3,9,23
5,9,19
21,21,27
36,15,3
8,8,6
1,12,56
45,2,1
23,21,62
19,17,5
20,21,37
9,15,50
8,13,26
41,19,24
7,14,55
51,14,16
44,8,16
11,15,41
1,9,42
5,12,33
24,23,19
30,21,15
35,17,15
21,18,0
1,5,3
47,18,24
42,9,11
21,21,53
4,13,39
10,17,38
7,14,50
2,12,39
40,12,8
43,9,9
2,6,7
35,20,21
18,18,60
54,23,28
14,18,35
4,6,9
45,22,28
31,21,5
7,9,12
40,14,6
14,14,7
4,7,19
50,8,11
6,14,44
23,23,42
13,15,22
19,20,43
10,14,49
27,23,11
8,13,47
11,16,42
18,18,17
42,18,23
1,12,61
15,18,43
2,9,46
10,16,36
19,20,55
6,14,45
3,7,0
24,23,48
10,11,6
22,20,4
30,20,0
53,9,7
52,5,6
14,13,5
17,19,44
12,13,20
36,17,1
1,7,30
9,11,20
46,11,17
6,12,61
50,9,12
20,20,45
2,12,63
2,10,38
52,16,21
19,17,4
0,9,38
62,11,2
9,8,8
50,20,25
4,12,42
18,19,57
59,23,24
13,15,2
43,18,23
53,4,5
34,21,21
38,15,10
36,17,7
7,15,35
54,10,8
15,14,0
39,15,16
40,18,21
8,15,38
11,15,32
1,11,54
44,6,4
4,4,10
16,16,21
0,9,45
15,18,62
16,17,20
9,15,41
14,17,52
4,10,49
23,22,21
3,7,3
9,12,24
51,19,24
19,17,9
16,16,16
30,22,15
25,22,17
58,1,1
2,12,37
5,12,25
10,9,7
1,8,2
54,17,12
5,10,32
43,8,16
36,20,22
10,15,41
37,15,13
10,9,15
20,20,54
7,14,34
16,15,1
38,15,8
17,19,36
2,9,53
15,18,24
13,16,3
34,19,11
55,0,3
16,16,11
10,14,53
44,5,4
22,20,55
7,14,46
3,7,17
9,11,18
15,18,46
16,14,13
12,13,11
55,16,15
14,20,27
4,10,43
12,16,53
0,13,59
17,16,16
5,11,35
3,12,35
42,12,17
16,17,22
12,11,16
18,18,53
14,17,32
24,20,0
46,21,28
36,17,2
40,11,13
3,10,58
57,20,22
22,22,44
37,14,5
59,22,21
56,21,24
62,20,11
10,11,15
0,8,29
20,18,0
41,9,11
14,17,63
61,12,2
50,11,13
35,17,8
45,3,4
24,22,46
11,13,8
62,18,10
20,20,23
60,22,20
20,22,26
8,12,1
54,20,23
6,14,36
22,22,50
52,21,26
45,5,13
13,17,43
16,17,24
51,8,8
23,20,9
17,18,62
13,16,39
44,13,18
6,16,44
58,21,20
41,23,30
17,15,11
11,16,55
13,20,29
19,17,8
18,19,23
3,9,30
63,23,20
1,0,6
42,10,5
2,6,33
62,17,6
56,5,4
13,17,45
4,9,23
18,17,7
56,0,2
21,20,0
13,13,11
3,10,29
1,4,4
8,11,21
4,14,30
10,15,20
9,14,46
34,18,8
58,12,7
9,14,28
24,21,6
16,18,51
36,19,16
3,9,20
63,16,3
14,16,3
6,9,22
59,14,8
16,15,3
15,18,58
3,8,22
15,14,13
53,9,6
15,16,21
2,9,25
8,16,43
39,16,8
11,15,19
17,18,43
34,18,6
61,21,19
42,14,19
6,13,45
63,20,10
11,11,14
20,21,36
14,17,37
37,16,5
63,20,12
23,22,54
51,19,25
44,5,9
61,14,7
0,4,20
7,16,48
15,20,27
12,11,10
9,9,13
0,7,25
22,21,58
8,8,11
21,22,42
41,13,1
4,4,12
11,15,21
45,3,9
47,8,12
9,12,21
24,21,17
22,20,17
17,20,28
8,13,37
6,11,24
22,21,17
25,23,55
7,13,39
8,8,7
7,13,30
14,13,10
21,19,20
5,11,44
12,12,6
20,19,58
18,22,30
61,9,3
40,9,13
23,20,3
39,12,10
59,16,10
22,20,2
23,21,58
4,11,38
8,12,24
15,13,11
37,16,9
60,19,12
38,21,26
22,21,45
11,15,55
1,9,28
40,21,28
42,10,3
0,10,54
30,22,7
54,1,4
57,8,2
0,10,52
0,7,35
6,12,27
2,10,43
9,14,40
22,22,54
11,15,40
9,14,45
36,20,21
14,18,28
54,23,29
41,11,12
4,6,18
2,8,50
36,19,17
20,18,11
0,12,57
4,12,39
11,12,10
50,14,19
20,20,24
21,23,39
13,16,27
52,14,10
0,7,45
21,18,9
60,12,2
45,3,1
9,16,55
7,12,60
20,21,47
40,13,7
4,9,51
57,6,4
5,5,7
24,21,59
1,4,0
15,18,54
25,22,0
63,13,0
13,13,18
53,18,22
9,11,17
6,12,53
21,22,35
58,20,18
26,21,1
4,5,15
10,11,1
4,8,23
5,4,12
57,18,15
17,18,59
11,15,58
9,14,35
39,14,15
59,18,15
6,7,15
55,19,23
8,16,39
0,6,33
18,20,31
1,11,57
46,6,14
15,13,7
8,13,32
17,17,3
32,21,8
18,17,13
5,11,58
0,7,42
8,11,10
38,15,7
47,5,13
12,11,15
33,19,16
56,22,23
62,12,0
21,20,60
14,18,60
19,20,50
46,1,8
15,17,62
18,18,52
21,19,14
5,12,49
20,20,12
42,8,12
2,3,8
1,9,44
3,14,45
10,14,62
5,11,50
10,14,0
9,11,3
16,18,17
50,4,7
4,9,52
3,10,27
48,9,15
12,17,32
16,16,20
18,18,19
46,23,30
20,21,32
18,19,61
36,22,23
11,11,10
11,16,48
52,11,10
61,18,10
25,21,14
26,23,18
9,15,53
57,4,1
8,9,10
2,7,32
48,20,25
47,12,18
11,15,46
53,12,9
4,10,30
52,1,6
20,21,29
45,15,21
51,7,6
21,23,35
21,19,9
23,22,53
11,15,59
11,18,40
32,20,7
9,15,32
60,18,9
20,20,51
23,20,4
10,9,9
46,17,22
8,9,18
13,14,10
9,8,7
0,10,53
38,21,25
0,1,20
1,10,40
19,17,1
16,17,60
63,20,11
47,22,29
4,11,58
8,14,46
46,4,12
57,22,26
18,18,15
9,14,42
19,19,55
9,12,0
37,17,5
15,18,30
27,23,56
7,7,15
13,16,53
4,11,36
12,16,37
16,15,19
53,16,18
17,17,12
10,15,37
33,22,19
43,7,2
32,20,4
40,10,9
5,10,0
4,11,24
29,21,2
3,5,14
9,14,39
38,18,19
38,21,27
48,6,10
37,20,25
47,13,19
9,13,23
21,17,0
22,23,32
4,8,3
52,2,6
28,21,0
2,11,31
13,14,9
1,5,4
10,12,2
9,15,49
25,23,18
30,21,14
63,18,10
33,23,18
30,22,5
20,19,59
41,13,15
7,16,46
1,4,16
23,21,17
17,17,23
63,19,11
19,19,50
5,5,12
3,5,13
8,13,4
59,22,23
6,13,44
11,18,36
14,16,56
45,15,20
7,7,16
18,20,46
32,20,11
17,18,4
19,23,30
10,14,43
45,18,24
18,18,20
2,9,31
51,11,13
56,19,22
53,20,24
23,22,59
28,22,3
21,21,37
9,13,57
48,9,10
40,13,0
4,6,14
3,10,44
23,21,48
17,19,62
36,18,8
1,3,7
19,20,36
13,17,35
28,21,3
61,16,9
2,10,41
9,8,10
11,15,47
14,13,13
22,22,41
2,8,32
40,13,1
6,12,41
21,21,48
25,23,60
45,4,12
23,23,36
10,16,39
56,5,3
21,20,59
10,15,53
17,16,6
16,17,55
56,10,8
55,6,5
54,17,20
45,23,30
9,8,9
54,14,13
33,19,3
43,14,18
2,10,28
0,9,28
7,10,18
61,11,3
5,12,34
23,23,14
1,5,32
8,13,41
20,19,22
3,9,49
14,18,40
57,4,0
61,16,10
10,15,27
20,23,30
9,9,6
9,16,36
62,21,17
0,13,55
7,12,34
48,3,7
36,20,20
6,6,7
4,10,56
15,17,51
10,16,42
35,19,8
2,10,54
22,22,27
37,18,18
23,22,22
20,20,18
51,1,6
9,12,18
3,10,45
13,14,20
24,23,40
32,19,6
40,11,7
4,9,3
50,14,18
14,17,43
59,7,1
31,22,17
7,12,27
36,15,5
20,20,41
46,15,19
50,0,6
23,21,8
37,17,1
38,15,9
43,15,20
15,15,5
2,13,43
8,15,47
11,16,27
14,14,3
9,11,6
59,21,15
9,17,40
16,19,35
23,21,55
14,15,16
17,15,13
3,9,32
3,12,39
3,8,33
59,23,26
10,11,18
18,18,4
41,11,5
7,13,63
15,18,7
36,16,10
0,3,20
26,23,60
47,4,8
42,8,4
3,10,30
4,12,34
12,16,46
18,18,5
7,15,60
55,21,25
14,18,34
9,9,15
0,2,21
15,15,11
3,11,41
38,18,20
11,16,28
19,18,12
24,21,63
16,19,3
1,4,5
26,22,4
53,0,5
17,18,56
45,22,29
56,23,27
8,15,54
16,19,26
46,2,2
14,12,11
10,14,23
16,16,5
13,17,38
34,22,22
6,9,20
16,20,35
26,22,8
45,13,19
25,22,1
3,11,32
35,18,10
22,21,57
12,16,49
8,12,23
8,13,61
10,15,49
48,8,12
42,19,26
12,15,45
1,12,63
2,7,3
2,7,20
0,9,27
9,15,31
46,5,2
0,7,30
61,23,20
12,15,51
14,17,44
18,22,31
17,19,23
32,23,18
24,22,45
2,8,1
12,18,29
10,11,0
40,11,11
36,23,28
53,22,27
56,20,21
23,21,12
25,22,4
8,7,9
16,18,24
19,22,26
13,12,6
19,18,13
15,16,18
12,12,8
32,19,7
1,9,38
22,22,28
5,10,24
2,11,44
56,14,10
17,20,35
15,18,49
37,15,2
20,17,2
6,13,33
6,11,52
52,15,12
3,8,25
15,17,48
51,9,10
51,17,22
12,16,30
1,8,26
18,20,41
24,22,43
49,21,26
15,17,59
46,3,8
14,16,55
41,15,17
23,21,5
24,23,54
18,17,1
46,17,23
26,23,9
10,17,39
23,21,61
45,5,9
20,19,9
7,9,17
2,5,4
37,15,14
43,19,25
37,16,13
27,22,5
7,11,17
63,13,2
10,14,55
3,12,43
3,8,4
60,11,0
4,11,42
53,14,14
42,13,16
36,20,23
40,13,3
52,12,13
31,20,2
23,23,46
20,23,39
0,11,37
5,8,18
24,19,0
16,18,40
7,6,10
38,12,3
51,10,11
11,16,32
39,16,16
11,16,43
60,14,8
17,16,20
11,12,4
24,22,23
7,13,33
13,17,60
46,1,2
17,19,55
8,13,62
63,22,16
15,17,57
41,9,5
5,12,61
9,15,55
3,11,61
23,22,56
10,10,10
23,21,52
54,5,5
0,6,42
3,8,19
12,12,17
11,12,19
45,19,24
61,9,0
58,5,0
61,11,0
0,6,32
4,10,27
16,19,42
52,13,15
18,19,46
0,8,35
49,21,27
48,21,26
7,15,59
16,17,16
8,14,30
19,19,62
46,7,16
24,22,51
58,16,10
61,12,4
0,7,41
42,8,2
8,15,34
14,13,17
5,11,55
34,21,20
17,16,5
10,15,61
10,12,8
4,11,26
18,19,48
11,15,53
23,22,20
50,21,27
28,23,6
30,23,19
11,16,40
41,9,7
7,14,28
7,15,38
52,14,15
25,21,1
39,13,0
16,17,49
22,21,59
52,14,16
7,8,15
54,15,15
13,17,30
4,11,25
62,16,9
10,16,57
17,16,11
45,3,8
18,16,6
39,12,2
37,20,24
2,9,48
41,16,21
14,13,18
56,16,15
3,9,21
3,12,40
21,20,56
43,20,26
42,8,14
21,21,41
6,15,31
8,12,5
7,8,4
16,17,5
10,13,5
20,21,35
19,19,20
4,5,12
11,16,61
18,20,4
21,18,2
46,19,24
43,8,11
18,20,35
21,21,6
18,19,49
5,13,30
13,14,21
39,14,0
6,11,23
2,10,27
6,15,29
14,15,19
45,16,21
51,11,10
23,18,0
27,23,53
4,9,35
10,12,20
15,14,15
57,7,3
5,13,26
10,15,21
41,12,6
15,18,28
39,17,21
38,14,6
11,17,30
29,23,16
13,16,40
24,23,33
61,10,2
59,7,0
41,11,7
2,3,7
4,10,5
3,6,12
30,20,2
14,17,57
14,17,29
1,9,51
5,11,38
57,19,20
35,22,26
16,18,52
12,17,25
22,21,11
45,4,2
43,7,10
48,3,8
54,17,18
7,13,50
48,9,11
61,9,1
15,17,9
5,7,7
2,10,53
4,11,35
37,16,17
12,19,32
30,23,17
2,9,34
41,10,3
51,9,8
59,10,6
51,1,7
46,22,27
2,12,33
8,13,42
16,17,21
8,16,49
34,18,12
16,16,22
57,8,5
11,15,36
7,10,17
37,18,20
6,9,12
44,7,1
5,7,19
49,8,10
51,14,15
47,0,7
5,12,47
62,22,18
21,20,16
41,11,11
48,8,15
45,5,0
41,14,17
10,13,20
48,22,28
4,11,51
17,18,24
57,20,21
21,19,15
13,16,57
53,14,15
24,23,52
25,22,15
3,3,10
44,5,5
11,15,48
44,8,9
41,15,18
7,12,26
16,17,63
20,22,39
24,22,8
62,11,0
9,13,3
12,17,26
19,19,57
4,6,17
11,17,36
2,6,21
32,18,2
35,21,23
63,23,15
22,23,38
3,9,28
12,18,25
23,23,11
7,12,45
35,17,0
8,16,46
33,19,14
11,14,19
17,19,40
5,11,32
26,23,59
5,10,25
0,13,62
13,14,18
51,12,13
32,20,12
34,17,12
9,13,24
23,23,26
0,4,32
58,10,2
36,15,0
21,21,40
5,8,2
23,23,39
62,15,6
33,19,9
12,16,56
12,13,8
0,6,45
42,8,7
10,15,43
51,5,6
43,11,17
6,11,53
17,19,58
10,11,7
18,16,7
56,20,22
1,6,34
11,17,62
15,19,29
2,1,14
54,12,8
27,21,3
25,23,42
19,22,27
47,22,28
6,11,3
4,5,9
41,12,4
40,11,9
7,13,31
2,11,56
56,1,2
55,18,19
16,14,9
10,16,35
10,9,10
49,5,7
32,19,15
10,14,24
25,22,20
28,20,0
17,19,29
11,13,12
12,11,7
58,19,15
5,10,53
58,21,24
10,15,0
39,13,10
7,14,38
21,23,27
57,19,17
15,17,21
2,8,25
52,15,16
3,11,62
11,16,38
47,14,19
28,23,8
15,17,43
45,4,8
4,5,8
57,0,1
12,15,50
25,23,10
2,4,8
49,15,20
48,5,10
38,16,4
53,12,10
18,19,45
54,14,14
24,22,58
22,19,14
27,23,58
6,9,3
7,8,17
13,17,39
27,23,63
14,18,33
46,2,8
39,16,20
43,10,9
55,21,24
44,8,15
6,15,39
43,8,14
1,7,48
12,16,57
8,12,3
32,20,3
4,8,5
46,4,0
41,18,24
52,8,7
63,23,19
38,23,29
14,15,21
39,16,15
20,19,15
38,15,13
25,23,39
26,23,55
1,8,29
11,17,40
47,8,14
40,13,14
25,22,50
9,15,45
3,11,28
1,4,15
45,14,18
10,16,43
38,12,2
49,7,10
50,3,7
40,11,6
63,14,2
62,14,7
46,22,28
44,12,17
19,20,25
14,17,53
35,22,24
4,12,62
19,18,5
6,14,28
8,15,50
10,11,12
8,14,51
4,6,15
19,17,6
2,9,32
7,13,47
24,22,54
10,16,28
31,20,1
45,8,17
57,20,23
7,8,8
6,8,1
13,16,60
6,12,29
36,18,1
50,18,24
20,17,0
16,19,39
36,17,5
3,10,26
11,19,32
48,4,7
17,18,61
24,21,12
2,11,60
23,20,15
9,14,25
13,16,61
19,21,37
24,22,44
43,19,26
26,23,8
59,5,0
30,20,4
14,14,1
14,15,23
11,11,5
45,4,9
6,13,43
47,5,9
1,8,51
0,4,22
1,3,13
40,11,12
2,5,6
36,21,24
10,9,12
16,18,61
24,21,3
46,3,10
3,5,7
55,16,13
40,10,3
61,17,11
11,15,51
7,14,42
33,22,21
9,17,30
46,0,4
10,12,21
1,9,29
21,23,38
57,13,8
52,16,14
5,11,60
2,8,0
19,18,4
10,9,14
10,14,44
0,6,1
17,16,0
62,16,5
4,11,39
10,16,29
49,1,7
3,6,3
50,5,8
50,8,7
19,18,9
3,10,42
56,19,13
49,8,14
11,13,22
38,18,21
5,10,21
40,9,12
5,11,42
10,15,47
41,11,4
14,16,49
41,20,27
0,8,25
4,6,8
39,15,8
47,8,13
13,13,2
21,22,29
0,7,26
13,12,14
16,18,3
20,20,59
19,18,10
13,18,39
3,6,13
1,3,14
14,13,6
42,9,4
23,23,6
7,13,62
1,5,0
4,4,13
7,13,43
51,15,18
22,19,8
1,8,41
29,22,1
16,17,14
32,22,9
1,1,6
38,16,2
38,13,3
9,14,52
30,22,8
11,14,21
43,17,22
15,15,21
19,18,11
17,15,12
59,13,6
33,22,20
9,12,19
42,8,1
35,17,6
17,17,2
30,22,12
53,9,9
53,4,4
21,20,1
10,9,13
34,17,5
54,16,12
14,16,46
35,18,15
3,4,14
34,17,11
21,19,3
12,12,16
49,9,17
34,17,0
27,23,9
8,13,38
6,13,47
62,17,10
45,5,6
10,11,3
1,3,17
20,20,16
23,21,9
2,1,12
8,13,35
35,23,27
46,0,5
24,22,42
27,23,7
21,18,14
24,21,10
52,22,29
2,5,15
40,14,10
11,11,11
18,18,61
63,14,4
40,14,5
15,18,36
0,7,27
59,8,1
11,16,36
58,4,0
2,6,32
1,0,11
9,10,2
59,10,5
57,17,10
39,11,2
31,22,14
6,15,45
18,20,10
47,14,20
5,12,56
52,11,11
25,23,11
9,14,47
10,15,63
5,10,4
18,20,30
13,16,48
6,10,0
45,7,8
3,9,37
7,13,36
20,23,38
3,13,44
62,23,18
55,0,2
50,14,20
11,12,7
19,19,59
41,9,12
16,15,2
34,18,2
11,17,57
51,12,16
13,16,24
42,21,27
34,21,18
60,17,11
0,6,43
25,22,6
4,9,34
45,14,19
25,22,59
45,20,25
13,12,17
2,7,2
22,19,0
49,10,16
20,18,9
48,8,14
16,19,31
4,13,41
5,11,26
23,21,51
5,5,10
22,21,44
27,23,19
12,16,54
2,10,42
56,4,2
3,5,12
3,6,5
18,19,56
40,17,21
45,3,10
25,23,51
44,6,5
8,14,38
51,16,21
44,6,0
6,13,38
11,16,37
15,18,50
60,9,4
22,20,14
7,10,21
20,19,3
17,18,57
38,19,22
25,22,18
0,3,18
58,19,12
11,13,18
49,9,10
13,16,46
13,16,49
9,14,51
1,8,30
38,14,8
12,13,13
33,22,18
43,20,27
18,16,8
17,16,10
52,8,8
52,0,5
15,18,17
17,18,49
3,9,51
19,20,17
7,13,28
3,5,17
20,19,60
60,19,13
24,23,37
39,22,27
37,14,2
2,10,26
4,9,31
8,10,4
22,23,23
0,7,36
41,11,8
45,5,10
59,23,23
40,13,5
17,16,12
41,10,6
25,23,9
18,18,16
8,10,7
3,9,54
14,17,25
45,6,15
12,15,3
16,19,34
14,14,18
12,15,49
41,9,8
60,16,9
21,22,40
50,13,16
19,19,10
1,13,58
5,7,15
17,18,55
58,4,1
57,23,26
8,7,12
63,23,17
60,11,5
62,14,3
36,22,26
48,21,27
3,6,1
62,22,15
16,18,27
59,8,3
2,3,13
44,7,9
22,21,62
18,17,18
25,22,55
41,16,22
0,7,47
4,7,16
9,9,17
49,9,11
25,23,23
12,14,24
40,13,4
18,16,10
62,13,0
19,16,0
16,19,38
40,13,9
7,12,51
12,14,8
12,16,60
16,17,51
36,19,20
54,8,6
10,12,9
8,13,51
6,13,42
20,20,39
16,18,39
50,5,7
4,10,52
23,22,18
12,16,55
10,16,30
22,21,50
21,20,53
31,19,1
59,21,19
21,19,18
38,17,18
21,21,21
9,15,36
7,8,7
2,0,11
61,20,16
1,5,17
23,23,53
46,0,0
34,17,3
12,13,12
3,11,37
11,14,23
13,13,10
20,20,42
34,19,16
36,17,17
8,9,9
33,20,9
2,3,15
34,17,8
6,9,11
44,6,11
33,19,1
4,12,48
1,2,17
14,15,15
0,6,26
7,12,44
1,1,13
0,5,0
5,10,9
11,10,9
4,9,55
3,10,25
61,20,15
1,0,14
18,17,11
6,12,42
43,8,5
9,10,7
44,10,8
45,4,1
53,14,16
63,17,9
16,19,30
10,13,22
60,9,0
13,12,9
0,7,44
2,6,2
12,15,8
15,14,18
10,15,42
1,11,56
5,11,25
11,16,35
20,21,18
0,5,2
21,18,8
27,23,15
34,20,19
23,22,38
11,15,57
6,11,33
7,13,25
18,18,23
58,23,27
7,13,26
5,13,35
43,22,29
12,13,1
12,17,31
9,16,34
28,22,4
5,10,26
31,23,19
24,21,13
22,22,21
1,9,35
51,14,14
9,9,9
30,22,17
4,4,8
55,20,24
15,19,26
4,6,6
22,21,46
12,16,61
22,20,19
14,17,22
11,12,9
17,20,26
7,17,44
39,17,20
52,23,29
23,22,40
15,14,4
18,21,31
37,22,28
53,9,8
2,3,9
10,10,5
40,9,10
41,15,19
56,19,21
7,13,56
62,23,20
37,19,22
2,9,50
54,17,17
22,19,10
7,11,25
2,12,62
18,16,11
48,14,19
47,16,21
58,2,1
15,17,49
44,14,19
52,15,18
15,17,41
36,16,9
4,8,32
53,11,8
4,12,35
18,17,2
40,11,10
55,16,16
20,22,28
16,20,33
16,17,52
59,18,11
0,10,40
4,10,22
17,17,14
5,10,33
54,15,14
56,16,14
5,6,12
38,22,29
26,23,46
6,6,10
13,16,42
55,18,18
60,20,14
39,15,9
15,16,10
15,18,41
4,8,6
7,9,13
1,7,21
16,18,25
17,17,22
10,14,26
5,10,55
57,19,18
9,11,1
19,23,27
22,23,35
2,12,44
54,12,9
46,0,6
17,18,21
58,21,23
5,12,40
46,1,6
23,23,40
18,20,23
8,15,44
2,2,12
5,12,29
51,11,12
24,23,35
17,17,20
32,23,22
7,14,30
14,18,36
51,8,7
50,22,27
2,9,24
36,19,19
22,21,13
59,17,10
23,21,11
2,10,37
50,13,17
19,17,3
8,9,7
45,4,4
22,23,34
56,13,8
20,19,4
2,1,13
20,18,18
13,16,43
21,22,28
37,17,17
1,6,23
14,17,27
4,11,33
38,13,2
3,7,32
43,15,21
0,6,2
21,22,32
23,21,2
51,8,9
26,23,58
32,21,10
46,6,13
43,7,8
6,12,56
20,21,43
17,19,39
10,9,8
8,11,7
6,8,9
17,19,26
9,11,2
9,16,40
42,11,15
6,12,43
3,11,42
10,10,4
26,23,14
6,7,13
18,20,28
37,20,22
30,22,10
8,13,30
24,23,23
2,10,40
42,16,22
36,21,20
23,20,13
12,14,21
16,19,33
41,23,31
38,14,9
3,10,33
59,12,1
4,8,2
51,9,12
33,20,18
39,15,10
52,15,13
49,6,8
26,21,4
6,10,9
62,10,1
18,19,37
6,9,17
7,15,29
60,21,15
42,9,15
18,22,27
53,22,28
18,19,42
13,16,59
50,19,24
29,22,8
10,14,42
41,9,13
5,7,8
47,15,21
10,12,11
11,11,8
34,17,13
10,17,61
19,20,48
14,19,27
15,18,25
6,10,21
42,8,10
19,18,17
4,10,21
23,22,4
3,11,34
21,20,50
14,15,22
6,12,63
54,14,11
11,18,32
33,22,23
14,18,39
4,11,52
29,20,1
20,19,23
9,14,26
14,17,54
4,9,20
10,13,0
4,4,7
20,19,54
4,8,33
14,15,9
6,10,20
44,20,27
62,15,4
23,21,60
23,22,15
15,18,60
11,15,34
44,9,9
11,13,3
2,1,9
3,7,18
8,12,19
0,5,21
12,16,63
62,19,11
22,20,58
45,8,16
45,23,29
32,20,9
18,18,63
41,11,13
26,23,13
61,22,15
57,22,23
8,13,39
63,15,4
32,20,5
23,22,51
15,15,8
24,23,34
56,23,26
8,10,9
15,15,15
56,18,17
7,9,5
55,10,8
60,21,16
24,21,14
54,18,21
7,13,38
39,14,8
30,22,16
9,12,20
12,16,51
8,11,18
8,13,49
7,13,59
58,11,6
12,12,12
50,15,19
22,23,28
2,1,6
16,18,15
46,20,26
5,12,51
22,21,10
4,7,5
62,12,2
17,15,14
20,18,7
4,9,36
38,17,17
1,11,37
2,1,11
7,10,11
34,20,16
7,15,54
37,20,23
1,7,44
3,6,2
39,11,3
22,20,5
39,14,10
55,15,11
39,12,13
3,7,12
40,18,23
7,14,29
43,7,0
52,17,23
7,10,0
40,15,15
4,4,11
35,17,14
6,6,11
20,20,25
46,2,3
16,16,17
35,17,2
59,8,0
4,7,6
37,17,16
37,23,29
11,14,8
20,21,34
10,15,59
52,21,27
13,18,52
11,11,12
58,9,6
6,12,60
16,19,36
8,13,24
21,20,19
8,9,6
33,19,11
2,8,51
59,12,6
28,23,61
8,14,37
23,23,28
8,10,6
13,18,29
53,21,26
57,23,25
29,23,10
62,21,15
7,16,38
23,22,19
23,19,2
41,12,1
25,22,19
19,20,39
12,16,44
8,14,49
48,17,22
0,8,39
4,12,37
16,15,15
51,5,7
52,14,18
54,15,13
2,2,9
20,23,36
18,19,62
16,16,19
61,17,10
9,14,55
57,15,9
58,13,7
16,16,13
18,17,19
39,13,8
16,18,55
0,8,44
1,10,27
61,15,7
37,16,14
7,12,18
10,15,44
42,17,23
9,14,60
49,12,18
9,17,39
44,16,21
51,12,14
3,11,27
35,22,21
63,22,18
15,19,27
17,18,50
0,8,49
35,18,0
15,18,26
20,20,55
32,20,6
22,20,20
4,7,9
59,18,12
9,17,44
22,21,55
6,12,48
41,10,8
27,23,17
60,17,9
21,22,30
59,9,5
8,15,43
22,21,60
56,18,18
3,8,20
17,17,18
52,16,18
54,16,14
50,6,7
27,23,3
9,11,12
2,7,30
45,0,1
2,1,5
8,17,46
61,14,8
54,14,9
25,22,5
58,23,25
61,23,22
39,13,6
11,16,57
13,12,8
0,6,22
44,21,28
23,21,49
36,15,7
4,7,1
52,20,25
44,7,2
19,21,23
43,8,15
7,14,35
44,8,10
4,12,29
5,11,36
9,9,10
34,18,11
14,16,8
6,7,16
19,20,46
48,8,13
13,15,3
56,16,12
16,15,0
3,11,58
52,13,12
23,22,50
60,10,1
39,18,21
7,7,9
23,21,15
38,17,19
15,18,15
11,16,34
19,19,24
20,21,21
58,7,1
19,22,23
55,16,14
4,10,33
15,17,47
41,22,29
11,12,8
22,20,13
45,5,8
42,8,9
4,10,51
36,16,15
63,16,8
1,6,20
8,17,45
2,8,52
3,6,16
15,18,27
3,9,46
24,23,45
20,19,63
43,13,17
3,6,0
11,14,24
15,18,32
48,5,9
15,15,2
44,5,7
6,12,49
29,23,9
44,8,8
16,17,8
19,18,19
0,6,24
31,23,18
7,12,24
25,23,22
53,8,6
3,12,60
19,17,13
16,15,16
13,12,10
1,8,25
54,13,11
21,22,26
54,4,4
2,3,6
51,18,24
36,17,3
0,9,44
0,9,26
63,12,0
52,13,10
16,18,38
10,16,47
45,4,6
15,21,39
7,9,20
12,13,6
16,17,15
23,21,10
12,16,58
20,20,48
8,13,36
13,17,52
3,11,29
42,18,24
47,7,15
18,19,25
10,15,58
43,21,27
5,12,41
53,13,12
51,12,11
29,22,2
19,20,41
11,10,14
37,15,8
6,15,44
7,9,1
29,21,5
34,18,5
49,18,23
42,14,17
44,5,11
55,14,11
3,5,5
46,14,20
25,23,41
56,20,20
56,2,2
13,15,12
15,14,12
1,8,31
0,9,47
54,7,6
60,20,15
46,1,3
20,22,35
12,13,15
38,15,11
17,18,20
6,12,46
0,8,38
56,14,8
6,12,37
39,14,9
27,23,55
20,18,3
7,10,20
3,9,29
51,15,16
16,18,16
3,5,6
9,14,27
42,8,6
25,22,14
5,15,39
6,13,31
4,10,23
15,18,39
7,14,31
18,20,43
25,22,63
42,9,12
4,11,43
60,14,7
3,4,9
35,22,23
9,10,6
23,22,52
12,12,3
7,13,45
3,13,45
12,16,29
13,13,5
12,13,4
17,16,19
3,10,38
7,8,12
1,9,46
11,16,41
10,15,29
18,19,47
13,17,36
19,21,30
22,21,24
26,23,50
3,6,7
57,17,12
3,10,20
6,11,31
9,14,32
14,17,47
39,12,12
0,10,44
21,20,4
17,18,14
21,20,5
47,6,11
1,9,49
6,11,45
23,22,63
5,14,36
28,22,8
12,13,9
7,11,1
44,6,12
2,8,27
20,17,14
44,5,0
20,21,30
31,21,11
10,10,14
10,13,21
23,22,48
6,11,54
12,19,26
63,15,1
43,14,19
23,23,35
19,20,47
23,22,14
44,10,9
0,8,30
14,18,52
21,20,48
52,16,19
6,15,48
30,23,14
17,20,34
41,11,9
11,10,10
6,10,23
23,21,59
59,9,4
56,15,13
1,11,43
10,15,28
11,15,38
36,21,22
32,22,18
5,7,9
49,17,22
32,21,18
63,21,13
55,20,22
57,2,1
52,19,24
56,15,12
3,11,35
20,19,19
5,8,15
30,20,3
13,16,56
3,3,9
17,18,23
12,13,3
24,21,8
15,18,55
22,21,12
5,8,4
11,10,6
26,23,7
2,0,12
7,14,37
3,9,35
7,13,44
38,23,28
14,18,26
14,17,33
39,13,9
61,11,2
45,5,7
62,9,0
17,16,8
22,22,34
20,19,14
20,20,61
11,13,2
7,14,60
22,23,33
4,12,30
49,10,17
43,21,28
56,9,7
59,15,7
3,7,2
3,10,37
31,20,14
36,18,7
26,23,5
13,16,23
12,11,8
10,10,13
37,16,15
26,22,1
14,15,7
8,13,57
15,17,54
18,20,42
21,21,35
36,16,4
34,18,3
19,17,18
17,19,4
20,18,6
6,8,19
6,12,36
12,16,2
38,22,27
19,20,53
35,21,20
5,12,52
0,8,36
32,21,12
6,12,58
29,23,12
36,19,18
40,18,22
19,19,9
56,18,13
32,23,21
16,21,33
57,19,19
8,8,10
11,15,20
44,7,6
32,23,20
18,17,17
10,15,35
41,10,7
52,14,17
25,21,2
39,13,13
51,20,25
22,21,61
3,11,39
31,21,7
8,15,46
39,16,17
21,20,20
11,15,29
20,19,17
63,16,6
26,23,62
34,17,6
36,16,1
7,15,48
12,13,5
61,21,17
12,12,19
16,18,58
0,4,21
9,16,38
39,15,0
8,13,23
18,20,26
30,19,0
63,15,6
19,18,2
24,20,4
8,15,45
46,3,2
37,15,10
7,13,55
12,15,23
50,15,21
4,11,61
37,18,17
11,12,15
55,2,3
12,16,50
37,23,28
21,23,37
25,23,6
58,9,7
58,2,0
5,7,17
50,15,20
47,8,17
17,20,27
43,11,16
59,23,22
8,13,56
10,14,51
11,14,2
35,23,25
15,20,36
58,5,1
14,16,61
19,17,19
10,12,7
46,1,4
18,23,27
1,9,43
45,2,7
42,9,7
8,13,43
9,14,37
18,21,32
6,9,8
61,12,5
6,14,38
4,14,39
12,15,25
10,10,9
11,18,31
0,8,31
25,23,57
14,19,60
36,15,4
5,9,2
46,4,7
7,9,8
2,12,38
32,21,3
61,10,4
56,11,7
44,6,9
55,5,3
8,15,53
59,20,15
50,2,7
7,6,14
13,19,52
23,20,6
8,10,1
0,12,59
34,17,2
21,19,6
34,19,10
27,23,61
7,12,59
56,9,8
21,23,33
35,22,25
20,18,12
40,12,13
6,11,32
9,11,7
0,8,41
26,23,22
34,23,27
9,14,24
63,15,0
41,22,28
31,21,12
11,15,24
11,15,26
46,2,10
45,3,3
13,12,7
18,18,55
2,0,8
20,23,29
42,8,8
62,15,7
4,7,3
20,18,13
15,18,34
3,11,25
43,8,6
26,21,0
16,14,15
4,8,21
17,15,17
4,11,29
23,22,24
17,18,25
8,16,36
2,9,29
17,19,56
1,10,35
18,20,40
3,12,44
28,23,12
0,6,34
30,21,4
14,16,0
2,4,17
14,14,10
16,17,54
56,18,20
39,22,29
9,10,10
22,22,22
10,10,11
5,5,8
1,9,27
10,12,3
16,17,13
37,23,27
6,14,31
35,20,19
58,14,7
39,14,1
46,2,6
7,12,22
33,19,6
13,17,37
59,11,1
29,22,16
20,22,38
23,22,45
63,14,5
59,9,1
18,16,3
17,15,6
55,17,15
6,12,26
17,15,9
55,8,5
15,17,44
57,7,5
3,7,33
16,15,8
46,22,29
2,11,30
10,15,56
8,15,29
14,17,51
50,10,15
4,13,34
17,16,18
12,16,38
57,16,12
32,23,24
9,10,15
0,11,44
25,23,48
13,13,19
36,19,21
45,6,1
46,2,9
47,7,14
7,15,36
1,8,20
55,4,3
13,18,28
1,4,3
49,23,29
26,23,16
18,20,47
18,16,18
8,13,25
53,8,7
41,12,15
17,19,53
34,18,7
0,3,21
36,16,11
58,8,6
60,11,4
61,10,0
15,16,22
58,22,22
9,14,31
10,14,60
17,17,10
42,23,30
1,6,33
4,5,11
8,11,5
45,4,7
10,15,45
23,22,41
23,20,10
1,0,7
0,8,46
3,7,22
17,16,2
2,6,8
38,14,2
14,16,58
0,12,55
35,17,4
10,13,6
21,18,3
15,20,28
42,23,31
3,9,45
6,12,59
1,8,45
35,23,28
55,15,10
2,2,13
18,20,44
63,22,17
35,17,11
13,13,15
2,9,28
0,7,29
8,15,59
6,13,60
8,12,18
31,23,22
10,13,24
36,18,16
31,20,15
21,19,8
41,19,25
15,18,33
17,17,13
49,10,15
38,16,9
10,11,16
49,7,9
13,17,44
43,8,1
58,17,13
45,21,26
56,11,8
0,6,20
14,14,20
47,7,13
1,4,18
23,21,7
5,12,27
24,22,63
0,10,36
34,19,13
27,23,12
41,9,14
6,6,6
6,7,10
11,16,31
52,23,30
10,11,8
29,22,12
38,16,17
44,14,18
23,21,4
37,16,11
58,15,10
16,18,47
10,16,56
52,20,26
40,9,11
15,20,26
52,7,7
5,14,38
44,15,19
19,19,19
0,8,24
4,7,12
0,8,51
3,7,7
18,18,21
4,11,30
4,8,34
53,23,27
2,9,42
1,9,36
42,12,15
52,0,6
8,15,39
10,12,22
16,14,14
41,10,0
18,17,12
40,20,26
6,6,15
12,14,22
5,8,19
18,18,10
1,7,26
25,23,38
7,14,44
15,18,37
38,14,11
35,19,16
17,20,33
21,21,38
8,9,15
9,10,17
26,23,53
10,16,49
31,22,20
40,11,3
27,22,6
9,10,18
60,10,0
6,10,24
6,14,41
13,13,17
15,18,47
19,17,16
3,11,44
46,4,6
9,14,33
6,6,13
24,23,50
44,7,4
37,22,23
22,23,54
0,6,30
40,12,6
46,16,21
23,20,14
5,11,27
20,21,45
43,8,8
40,11,0
62,14,5
61,21,16
20,19,6
55,3,3
43,23,31
47,22,27
9,16,54
40,11,5
53,15,16
54,8,7
36,17,13
25,22,3
15,19,36
25,20,0
12,15,21
8,14,61
8,8,14
3,10,55
27,23,62
19,21,26
58,17,14
21,21,17
7,9,2
43,8,0
10,14,21
48,10,11
51,7,7
24,22,4
6,15,43
16,18,59
44,7,7
35,17,3
41,20,26
14,16,48
31,21,6
10,15,46
33,19,10
38,14,4
45,0,0
43,7,1
7,11,21
20,22,34
36,22,25
19,23,38
0,9,46
15,18,52
34,19,17
6,7,8
61,14,5
38,22,28
34,22,23
47,17,23
28,22,7
51,16,17
41,10,5
59,21,18
8,10,19
0,11,56
22,19,5
16,16,4
24,23,49
41,20,25
49,23,30
35,17,13
62,16,8
25,21,10
34,19,18
48,0,7
4,10,38
35,17,12
33,19,12
10,15,36
22,22,35
6,9,7
3,4,15
25,21,11
5,9,9
11,15,43
42,14,16
48,12,17
10,18,40
58,8,3
18,17,14
23,22,6
26,23,63
40,21,27
11,11,16
32,20,16
42,15,20
45,20,27
56,6,4
1,11,36
23,22,62
18,20,38
23,23,33
15,18,16
3,10,28
20,18,14
27,23,14
20,21,38
33,19,8
4,11,45
28,20,1
39,12,4
15,15,4
18,19,39
20,20,52
4,9,30
0,9,50
40,9,3
2,7,18
40,15,17
10,16,38
22,21,47
7,13,37
5,12,45
44,7,11
17,19,57
58,21,21
14,17,60
59,19,16
21,21,49
49,0,7
25,22,12
15,20,39
35,20,18
15,17,22
14,14,17
52,17,22
10,13,8
2,9,26
9,14,50
61,13,4
19,22,39
33,18,1
20,22,40
39,12,7
3,11,36
58,5,2
53,22,26
45,2,8
36,17,11
35,22,20
56,0,1
16,18,34
2,9,39
2,11,39
26,20,1
5,14,37
15,19,23
48,14,18
17,18,60
7,7,10
48,4,8
39,15,14
2,10,30
10,16,40
16,20,39
56,16,11
12,18,28
19,19,48
37,15,1
2,12,60
30,22,14
36,16,5
14,14,2
1,8,48
18,16,13
36,17,16
24,19,1
7,12,47
14,16,22
18,21,30
55,19,21
6,14,49
12,16,31
26,22,13
4,6,16
11,16,33
51,13,15
27,23,59
24,23,44
1,7,18
21,22,37
33,18,3
62,22,19
34,20,18
34,17,1
15,16,7
22,22,30
40,12,12
11,14,3
57,18,17
4,11,44
34,23,25
25,23,12
54,22,26
8,14,27
21,20,18
27,21,0
15,14,16
7,8,11
22,21,56
10,11,9
37,21,24
44,6,6
25,23,56
47,19,25
24,21,9
47,7,11
11,12,16
7,11,23
20,18,10
52,12,11
12,13,21
49,15,21
7,13,54
32,21,16
11,12,11
14,14,16
7,15,31
16,17,3
49,8,9
60,10,3
40,20,25
6,12,62
44,7,12
4,10,53
34,19,7
49,3,7
32,21,11
19,20,35
1,11,55
8,13,3
0,9,31
2,5,1
8,8,9
57,16,11
56,13,9
0,1,23
46,20,25
9,11,0
13,13,13
16,19,46
45,5,5
23,22,42
60,16,8
36,16,0
32,19,4
45,17,23
60,22,22
7,10,12
39,17,18
60,12,1
54,19,23
12,13,18
10,12,18
34,19,15
56,20,23
12,12,7
11,13,0
20,20,58
37,18,16
9,13,22
11,10,13
7,12,52
16,18,35
48,2,7
13,15,20
54,22,27
48,15,21
37,15,9
10,14,46
14,18,45
4,13,46
11,13,21
7,8,5
22,22,48
2,12,32
3,9,31
19,20,42
7,10,22
1,7,45
1,3,6
54,16,17
40,23,30
0,8,28
44,22,29
45,7,16
31,21,14
60,12,5
56,8,7
4,10,29
4,11,50
2,8,30
3,6,17
33,20,12
30,23,11
8,14,60
9,15,44
16,14,0
53,19,23
49,19,25
6,11,34
11,12,5
60,21,17
8,14,39
21,20,17
58,19,18
2,2,11
7,12,33
10,12,12
24,22,14
7,13,32
15,14,5
40,12,10
45,11,17
10,14,61
44,7,3
60,16,10
50,23,29
2,2,6
19,20,26
0,13,61
14,20,28
62,23,21
53,5,6
7,15,45
2,9,49
6,13,27
1,5,33
13,18,37
50,10,16
7,13,4
6,11,44
58,17,10
7,9,15
42,10,2
0,7,43
3,10,36
2,0,9
7,14,45
2,2,7
62,15,5
12,17,28
16,18,41
46,12,18
23,20,5
7,11,5
2,9,43
54,20,25
38,20,24
10,13,11
40,12,2
5,7,18
12,17,27
18,17,10
23,20,7
3,7,19
26,21,3
2,12,59
5,9,4
2,6,3
1,10,36
6,8,3
10,17,62
60,21,20
20,21,40
51,9,11
21,20,47
41,14,18
17,19,38
3,3,11
34,18,14
7,11,4
7,9,9
21,20,51
60,8,1
3,4,10
22,22,39
0,8,50
30,21,2
17,18,51
40,19,24
60,20,17
9,14,44
6,13,32
20,20,56
59,18,13
7,9,4
47,4,10
30,21,7
5,11,22
29,23,15
5,13,37
55,19,20
18,18,24
53,16,17
2,11,43
22,21,41
63,21,12
6,7,6
8,13,29
44,7,15
6,15,28
24,23,22
9,14,54
21,22,31
51,10,13
39,14,6
16,14,12
53,1,4
4,11,34
50,9,11
19,20,12
22,20,1
1,13,63
17,18,41
53,13,13
41,11,3
7,13,46
4,10,35
58,18,13
3,8,34
45,12,17
55,18,16
22,21,51
60,23,21
29,20,0
39,15,2
5,8,1
7,13,41
5,13,28
49,5,8
28,23,62
50,9,9
21,20,55
44,19,24
3,5,15
55,9,8
1,9,53
13,17,41
7,13,52
43,7,11
45,3,7
24,22,16
10,12,5
1,8,21
3,10,41
31,21,16
60,10,4
9,16,28
43,8,10
21,19,10
17,18,10
12,18,32
13,14,22
16,20,34
16,16,18
15,20,37
3,4,6
5,6,5
1,7,23
12,17,44
26,23,3
5,7,4
39,16,18
16,19,45
23,23,54
53,21,25
2,5,7
7,11,22
20,19,18
32,19,14
1,6,32
6,7,7
46,15,21
51,11,11
36,23,26
29,22,15
60,10,5
58,9,5
12,13,19
55,14,10
8,13,59
57,18,18
17,21,28
4,7,7
3,8,0
54,8,5
19,18,8
37,14,6
6,12,50
57,13,7
10,14,56
3,11,60
32,22,19
36,15,9
40,11,1
2,10,55
15,17,17
61,10,3
51,16,20
57,7,4
37,17,2
21,23,36
15,19,37
0,7,40
22,20,7
7,14,49
54,17,15
59,9,2
7,7,6
16,17,17
20,23,31
19,21,25
55,23,27
18,21,24
4,5,14
16,17,56
41,12,13
42,12,14
20,20,47
9,11,10
23,22,49
10,12,4
0,8,26
5,13,46
7,9,6
7,14,36
3,5,8
8,16,34
10,16,33
18,16,12
23,22,39
33,19,5
54,18,22
34,20,20
35,17,1
46,3,9
60,13,6
22,19,11
10,15,52
39,21,27
5,12,55
43,7,5
25,22,51
0,10,51
12,18,36
40,22,30
14,18,44
4,12,46
58,6,0
2,0,6
22,22,51
38,17,8
62,17,8
1,10,52
5,6,11
16,18,53
8,11,22
54,9,7
24,22,21
17,17,5
42,9,8
46,7,14
20,19,10
14,17,42
31,22,10
14,15,0
37,19,19
4,7,2
49,16,21
1,7,49
40,12,14
58,7,2
58,12,6
6,15,49
26,23,54
21,19,16
21,21,47
45,19,25
10,17,28
51,21,27
24,22,20
44,7,13
46,18,23
21,21,25
22,21,9
2,3,5
63,13,3
25,23,5
13,15,25
31,21,10
15,16,17
11,11,18
9,12,3
39,14,14
13,14,7
41,10,2
6,8,12
25,23,24
32,19,0
3,9,27
15,17,25
5,12,26
18,17,9
12,12,15
18,18,22
10,12,1
55,6,4
22,21,53
48,19,24
61,20,13
11,15,61
18,18,9
2,5,12
41,9,10
0,12,56
62,22,16
14,15,2
21,18,15
0,7,23
57,17,13
53,23,29
5,6,7
6,10,3
54,13,9
13,14,2
61,22,20
18,17,15
6,8,10
60,8,0
50,18,23
44,22,28
0,13,60
40,21,26
10,11,17
16,15,11
16,18,46
8,15,60
32,23,19
44,17,23
36,16,12
39,12,3
49,14,20
52,14,14
37,14,7
50,11,16
1,12,59
13,13,6
5,7,16
49,19,24
43,18,24
5,12,28
6,13,30
21,23,30
4,11,62
51,21,28
22,22,36
5,12,63
19,22,28
3,7,1
6,7,9
54,6,5
46,2,4
11,12,12
14,14,6
16,21,32
7,15,50
2,3,11
15,20,38
35,21,21
31,20,6
5,13,29
14,16,60
7,14,40
7,13,40
44,8,17
62,13,3
5,11,52
6,8,8
0,4,18
12,17,46
45,2,10
14,14,19
13,16,7
26,23,17
60,15,8
2,6,17
15,19,38
50,16,21
15,13,13
13,12,12
53,3,4
8,14,45
2,11,33
24,21,62
18,18,58
24,22,62
46,4,2
12,16,27
16,14,10
5,9,22
5,11,53
27,23,10
5,12,39
54,16,16
7,7,14
18,19,13
48,9,16
4,13,30
25,22,58
14,16,23
14,17,50
58,9,2
36,16,8
52,9,8
3,10,56
15,15,9
38,14,12
2,8,24
5,8,21
50,8,8
19,20,11
19,20,28
9,9,12
55,15,13
47,15,19
48,14,20
3,9,34
3,5,11
5,5,9
1,6,31
9,16,37
57,21,23
0,6,46
25,23,44
0,5,19
63,23,14
61,21,15
15,19,30
25,22,9
21,22,25
9,8,11
50,21,26
5,12,50
13,16,58
45,4,10
46,2,5
11,13,6
19,20,57
7,17,45
61,18,11
21,20,58
13,16,9
9,14,63
3,11,24
47,5,10
2,1,7
38,20,25
23,21,53
5,9,20
10,15,34
19,18,18
3,7,34
10,11,13
41,11,10
36,23,29
58,6,1
5,12,57
0,10,37
46,4,4
63,20,13
4,9,45
36,17,6
1,6,0
38,15,1
22,23,29
24,23,42
50,11,12
57,21,22
41,18,23
39,15,15
55,7,5
24,23,8
31,20,13
12,16,42
40,16,19
54,2,4
5,12,36
4,8,1
18,16,2
8,13,31
29,22,7
27,22,7
14,16,53
5,14,33
59,19,13
18,16,0
22,20,12
0,5,22
49,8,8
7,11,3
44,9,8
63,14,1
1,8,50
13,17,25
10,14,63
52,16,20
7,12,58
50,9,13
39,12,9
0,2,18
1,9,45
55,17,13
20,20,22
17,16,7
44,21,27
42,9,9
14,16,63
4,6,12
9,11,4
35,16,8
0,7,34
32,18,1
5,13,43
62,15,8
13,14,3
39,13,5
4,5,13
61,20,12
15,15,20
43,8,2
26,22,14
38,16,15
44,8,14
40,10,8
3,7,20
40,16,17
4,12,43
22,19,15
36,16,2
25,23,45
19,20,45
1,8,28
45,18,23
15,14,9
20,19,1
4,10,50
17,19,50
63,19,10
13,16,62
1,2,14
15,16,6
23,23,34
12,14,20
20,22,33
49,9,13
8,10,17
44,20,25
4,9,54
4,8,4
13,15,9
12,12,4
18,16,16
13,12,15
9,12,10
15,20,35
21,22,39
41,16,20
18,19,51
54,19,22
8,14,43
16,16,7
25,22,62
30,23,10
10,14,59
12,15,26
18,19,59
26,23,49
32,22,22
33,18,0
21,19,0
11,16,29
13,19,27
63,16,5
54,18,23
20,19,16
7,15,49
2,9,37
21,22,41
5,10,54
19,21,41
14,17,24
8,14,47
23,23,29
15,17,53
39,13,11
48,7,11
34,17,7
30,20,1
19,19,21
47,18,23
57,5,3
10,14,58
9,16,29
40,11,8
61,13,6
41,11,14
31,21,15
22,20,18
40,15,16
12,11,11
56,8,5
39,13,1
1,3,15
14,16,59
55,9,7
23,21,1
11,16,52
19,22,37
11,16,20
60,23,23
11,17,38
24,22,17
21,19,11
17,19,51
43,11,15
31,22,15
52,13,14
37,16,3
14,14,9
1,6,3
59,8,4
53,13,9
3,7,21
9,10,16
52,15,17
13,19,29
14,14,15
58,19,16
2,11,59
63,15,3
8,14,55
30,21,8
6,12,45
14,14,4
60,20,16
39,19,24
17,19,28
8,10,3
5,6,13
33,20,17
24,22,47
40,14,15
16,14,11
11,13,9
6,12,40
10,15,62
37,21,26
54,21,26
1,1,14
7,10,10
45,7,9
40,16,18
2,9,44
59,20,20
2,4,6
9,10,11
1,0,5
28,23,15
53,17,20
6,9,18
52,15,19
9,16,45
23,21,22
16,17,2
1,10,55
44,8,2
14,15,3
24,22,55
11,11,6
11,13,1
61,21,13
46,2,1
0,9,32
46,1,9
3,3,8
45,7,1
34,18,1
6,13,29
51,13,16
14,19,39
2,1,8
16,19,29
52,15,20
22,21,21
36,15,6
59,19,15
0,13,58
7,13,35
0,3,4
45,14,20
6,12,31
24,23,9
22,22,31
15,17,15
26,23,56
23,21,16
11,12,18
12,13,0
12,11,14
4,11,63
20,22,29
9,15,35
10,12,10
2,7,21
35,16,0
33,23,23
12,14,23
19,19,47
3,9,50
21,21,46
2,9,52
13,14,4
19,22,24
52,7,6
5,11,57
59,18,14
17,17,7
12,15,63
26,23,57
20,22,17
10,15,50
20,21,17
17,18,47
1,10,44
14,17,9
42,16,20
16,15,14
29,20,2
2,5,3
6,6,8
42,13,17
10,15,38
21,21,50
53,3,5
11,12,3
16,17,62
22,20,3
9,15,42
33,23,25
21,20,52
30,21,12
39,12,11
38,15,12
10,16,37
2,8,31
48,16,22
20,22,36
26,22,60
53,14,12
45,7,0
12,17,52
57,3,2
17,20,31
42,9,6
51,22,27
6,9,4
34,22,24
46,1,0
57,17,16
24,22,10
31,21,13
53,10,9
20,18,17
19,21,29
16,18,36
4,11,47
47,3,9
46,1,5
3,12,62
8,10,18
16,15,18
32,19,3
31,21,17
18,21,23
6,13,35
51,23,30
11,16,62
4,10,25
3,9,55
23,20,12
19,20,9
10,14,47
25,22,56
40,12,9
52,15,15
50,12,16
44,23,30
26,22,16
3,11,63
1,6,24
61,22,18
4,14,44
13,14,11
12,16,35
31,22,5
18,18,59
4,7,17
1,9,40
36,18,18
61,15,6
2,6,20
59,23,25
29,23,14
36,22,27
18,18,62
3,9,44
16,17,59
9,10,0
38,19,19
18,16,9
21,21,51
56,20,24
23,23,32
57,15,10
45,2,9
1,8,22
19,21,28
0,2,22
49,17,23
17,19,5
38,14,1
10,15,55
33,23,24
13,15,7
18,17,3
19,19,63
59,21,21
53,7,6
2,11,42
10,11,10
5,5,14
6,13,26
32,19,12
63,16,7
2,10,32
61,11,1
36,16,3
9,16,35
26,22,2
16,21,36
12,15,22
52,13,9
23,23,38
10,10,12
30,21,3
12,16,26
34,18,4
20,18,19
33,21,21
55,20,25
18,19,52
19,20,54
26,23,45
18,16,17
0,11,53
17,19,54
17,20,30
39,14,12
48,23,30
60,20,18
11,14,0
5,8,3
4,10,36
3,4,12
2,6,19
1,0,13
10,18,38
11,15,45
43,12,17
31,21,9
10,16,61
26,23,19
17,18,63
24,22,6
20,21,46
25,22,53
19,21,35
18,18,56
1,8,47
50,6,8
52,1,5
0,12,60
45,1,1
57,18,14
40,13,2
36,18,2
15,19,34
4,12,40
5,13,34
3,12,45
14,16,21
5,11,48
2,12,61
49,16,22
3,3,12
11,19,31
2,8,44
7,12,25
20,18,1
42,12,16
37,16,12
3,10,48
11,17,44
34,18,13
61,13,3
56,15,11
35,17,9
21,21,36
6,9,1
15,17,26
12,18,39
3,10,49
58,16,11
5,10,3
63,15,2
12,14,9
21,21,60
27,23,60
18,19,44
23,22,5
7,12,57
15,14,8
33,23,19
9,14,34
6,13,41
52,14,12
8,10,2
21,20,6
9,14,48
51,12,15
8,12,10
53,15,14
1,7,27
60,22,19
63,19,9
31,19,0
22,21,23
17,19,27
59,21,20
24,22,13
1,11,42
42,21,28
9,14,49
23,21,18
1,10,38
28,23,9
10,15,33
21,20,23
61,13,5
13,15,24
17,19,32
1,0,17
22,23,36
51,15,20
45,21,27
1,9,37
4,7,0
6,12,57
49,12,17
57,5,2
54,16,13
19,21,39
5,11,29
16,19,37
21,20,8
8,13,52
53,16,20
26,23,51
42,17,22
0,8,27
13,16,54
24,20,2
5,7,3
33,20,5
7,16,45
12,15,52
0,8,40
33,17,1
9,13,1
48,7,12
49,9,14
49,19,23
42,9,14
0,13,63
14,17,36
1,1,7
3,9,43
53,16,19
24,22,49
19,17,12
22,22,25
15,17,42
51,15,19
17,16,1
8,12,4
32,20,13
44,19,25
21,23,29
25,20,1
0,8,37
21,20,54
2,10,57
14,17,35
25,21,0
22,22,13
57,11,6
52,10,10
23,19,1
62,21,14
20,19,5
23,23,31
1,9,41
38,19,20
7,12,54
30,23,18
29,23,11
15,14,3
19,21,42
61,21,18
19,20,32
23,22,55
13,16,52
12,14,6
7,13,53
13,19,28
17,18,52
13,13,3
62,22,14
13,17,42
27,22,2
40,14,16
39,12,1
1,5,1
13,12,13
12,16,45
23,20,2
55,5,4
4,9,24
54,17,16
9,15,54
11,15,50
5,12,21
16,17,7
15,14,10
44,20,26
7,11,24
53,14,13
20,20,57
25,21,3
52,3,5
56,3,2
50,17,23
39,23,30
17,16,4
42,22,28
12,16,39
13,17,26
5,6,6
57,9,6
0,4,0
16,18,57
13,20,27
18,16,15
33,18,4
16,15,4
19,19,22
17,18,22
3,5,16
41,16,19
62,21,13
15,18,23
62,23,16
40,16,21
35,19,19
37,22,27
4,5,6
22,19,16
55,17,16
11,15,27
15,15,1
48,20,26
61,23,23
47,4,11
18,22,28
15,18,31
6,13,39
62,22,17
3,10,51
15,16,23
7,14,59
7,14,56
3,11,33
1,0,19
45,6,2
0,0,23
39,14,2
54,4,5
22,21,1
56,21,22
41,12,3
4,10,4
14,16,54
15,20,33
5,13,45
17,17,16
6,14,39
2,10,29
8,11,0
22,20,11
24,21,11
22,22,42
55,12,9
62,23,17
8,16,60
11,11,7
55,13,9
21,22,36
7,9,19
20,17,1
23,21,50
46,13,18
3,4,11
15,16,15
18,19,21
43,23,30
34,21,19
2,9,30
44,6,2
16,15,13
8,15,49
5,11,49
35,17,7
1,9,26
22,22,43
32,18,0
46,3,7
57,8,4
41,10,10
11,17,43
41,18,22
14,18,27
11,11,17
16,15,10
49,8,12
57,1,1
2,9,33
42,8,0
15,18,38
36,16,6
2,4,7
32,21,9
40,14,14
57,20,20
55,18,21
27,23,8
16,18,56
62,20,13
8,9,5
36,23,27
47,6,13
54,18,15
8,15,37
12,16,28
1,7,24
33,18,2
5,5,13
38,17,20
60,20,12
6,15,30
54,0,4
11,14,6
3,8,3
0,7,28
13,17,55
4,10,58
17,20,36
40,12,1
44,19,26
46,5,13
32,22,20
50,7,8
56,7,4
55,12,8
7,12,50
48,23,29
29,22,13
40,23,29
19,22,30
20,21,42
16,18,2
1,3,8
3,10,24
44,6,3
55,1,3
6,11,35
22,20,16
52,15,14
12,13,17
16,14,8
21,20,21
53,2,4
10,16,34
38,13,5
3,12,61
22,21,49
43,7,12
2,5,8
58,3,1
40,10,11
40,13,6
1,5,2
15,14,2
17,21,27
33,17,0
22,22,26
1,8,44
17,18,19
10,16,55
63,15,5
24,21,4
1,7,31
59,20,18
59,20,17
19,17,2
19,20,10
20,18,5
9,15,38
3,10,31
13,17,29
13,20,28
20,21,26
45,2,0
53,1,5
7,7,5
10,14,45
47,19,24
20,20,62
16,18,50
44,18,23
41,11,2
40,12,5
34,18,15
0,10,31
14,15,8
58,16,9
20,18,8
6,12,38
63,23,16
4,10,57
8,13,27
5,11,61
24,23,51
48,12,18
38,20,22
18,17,8
22,19,3
62,20,12
24,21,7
23,21,14
55,5,5
59,22,20
56,9,6
12,17,30
23,23,20
16,19,28
18,19,24
39,17,19
24,22,11
42,8,11
1,5,20
4,6,10
36,22,24
5,11,46
9,9,7
41,9,9
31,18,0
16,15,17
17,15,0
2,12,43
57,22,24
46,5,12
14,16,2
4,11,48
62,16,6
17,18,45
27,20,0
19,20,44
1,6,21
45,5,1
6,13,34
19,19,58
5,13,41
7,12,28
59,19,11
60,20,13
0,9,41
2,11,41
24,23,55
36,15,1
18,20,48
2,8,43
3,2,12
10,17,57
6,13,52
19,19,60
11,16,46
45,23,31
7,15,44
15,14,7
39,14,5
50,10,13
25,23,15
4,11,41
0,3,3
5,9,5
2,4,16
49,11,16
20,20,21
6,12,52
40,13,13
37,16,1
11,15,35
13,16,26
0,12,58
61,20,14
46,7,13
24,22,53
8,14,42
33,18,7
12,13,2
54,18,16
16,18,63
15,15,7
23,21,6
3,9,36
9,10,9
11,16,56
17,19,46
44,7,0
1,0,12
1,8,49
1,0,16
0,9,51
5,12,48
21,20,24
7,15,43
60,9,1
9,15,43
58,23,23
62,9,1
6,12,39
17,17,19
4,5,7
34,21,22
12,16,33
9,14,61
44,5,12
16,19,27
43,8,13
14,18,37
21,19,19
6,7,11
47,1,8
1,3,18
42,15,19
16,18,5
7,6,13
10,18,39
1,7,42
20,19,57
15,14,11
14,16,62
53,21,27
13,13,9
27,23,18
1,9,32
35,17,10
11,15,54
12,18,43
20,18,2
14,13,9
57,7,2
46,8,17
6,11,22
3,9,25
3,11,59
2,8,23
21,22,34
22,22,6
44,22,30
4,11,31
60,12,6
24,22,59
25,21,4
14,17,38
4,7,18
52,18,22
45,6,14
17,19,35
39,14,11
15,13,15
40,14,9
12,17,29
9,14,59
0,5,23
10,15,25
20,23,32
46,13,19
36,17,8
42,14,18
8,14,35
1,12,60
6,12,47
62,12,4
29,22,14
55,14,12
48,16,21
2,6,18
58,21,22
15,18,63
4,10,37
11,15,31
60,23,22
35,16,5
24,22,61
7,15,28
44,8,6
0,12,54
35,20,22
43,16,21
56,17,15
40,22,28
42,9,3
1,0,8
9,14,43
13,15,11
5,13,38
38,15,15
51,6,7
16,17,50
8,14,36
58,8,5
53,13,11
18,17,4
7,8,13
14,15,18
17,19,42
52,22,28
21,19,2
49,9,16
15,17,7
61,22,17
46,0,7
10,14,50
39,20,25
47,8,16
1,10,53
44,5,10
18,16,5
37,16,4
60,11,1
22,19,9
7,15,30
58,10,6
13,17,33
16,18,62
4,11,22
43,13,18
51,14,17
11,17,25
11,16,49
16,18,44
20,20,63
0,7,24
4,13,35
7,13,60
5,11,23
22,21,52
11,16,44
23,23,15
13,17,28
47,2,8
22,21,63
6,8,17
1,7,35
33,19,13
20,22,27
43,7,13
6,6,9
4,10,44
61,19,12
16,19,25
39,18,23
22,23,37
17,19,49
22,21,42
44,5,3
56,17,14
4,9,22
20,19,56
55,18,20
43,8,9
7,9,11
34,23,24
54,5,4
37,18,1
24,23,10
0,8,42
44,8,1
8,13,0
2,13,45
62,23,22
54,0,3
47,3,7
17,19,13
4,6,13
5,13,44
25,22,2
59,22,22
25,22,16
14,16,9
8,14,63
5,11,59
10,16,62
3,11,57
60,8,2
4,9,33
59,16,8
17,15,8
14,16,10
32,21,17
1,9,25
4,13,38
23,22,47
8,16,37
15,18,48
48,18,23
49,12,16
17,17,17
12,19,25
5,8,8
9,11,5
25,23,50
7,13,34
7,8,10
10,13,23
11,11,9
24,22,22
10,13,19
54,20,24
0,4,3
3,2,11
3,10,35
39,19,21
18,21,26
6,12,28
8,14,41
1,5,19
15,13,8
54,18,20
6,9,2
23,22,37
60,19,11
2,9,51
57,21,24
23,23,55
12,18,30
41,13,16
24,22,7
11,14,1
21,22,21
21,21,56
48,8,11
2,5,16
12,15,57
2,5,17
6,8,5
20,18,15
48,17,23
28,21,1
7,10,19
19,17,10
35,23,21
4,4,9
22,23,31
7,13,49
16,20,36
34,22,21
16,17,19
13,12,5
15,13,10
7,12,55
34,19,12
18,19,38
42,9,1
38,15,4
58,3,0
0,9,39
54,9,8
18,19,10
47,5,11
62,10,2
16,14,7
41,21,27
5,8,20
20,19,11
33,23,22
6,8,18
8,9,13
15,19,31
11,17,31
11,16,45
25,22,8
3,4,8
6,7,14
43,7,14
13,15,21
58,15,8
12,15,48
58,18,15
43,12,16
25,20,2
4,10,48
38,15,14
14,17,58
62,14,1
12,11,9
39,16,19
7,16,60
53,8,8
21,21,20
55,3,4
57,11,7
20,21,25
18,20,36
26,22,5
11,14,20
39,20,24
25,22,11
2,8,26
8,7,11
38,15,3
15,19,39
7,10,1
23,20,1
9,10,1
26,22,61
14,17,59
34,23,23
45,4,5
13,13,0
2,8,48
1,3,16
9,10,3
5,11,43
14,14,5
16,18,4
50,4,6
13,18,38
25,23,19
35,16,3
45,6,13
32,19,13
10,14,27
56,8,6
9,9,5
54,11,8
3,9,53
56,12,9
42,19,24
6,11,2
4,11,60
15,13,12
20,20,49
15,18,29
40,16,15
57,5,4
57,9,7
16,15,5
5,10,22
49,13,19
1,13,61
26,22,62
5,11,62
2,10,33
47,5,8
53,20,26
16,16,14
20,21,33
34,19,8
7,13,27
9,17,29
57,4,2
52,12,10
16,15,9
21,21,39
12,15,56
0,0,22
36,20,19
56,3,3
33,20,11
14,13,11
15,19,32
30,22,18
14,13,0
13,13,20
0,10,47
50,13,18
63,16,9
57,1,0
26,23,47
39,19,22
48,6,9
12,12,0
18,21,27
20,18,16
1,7,20
61,23,15
10,15,39
15,17,50
13,17,62
57,18,16
2,3,10
38,14,14
21,19,13
36,16,13
14,18,38
26,22,15
5,8,16
40,10,10
49,22,27
59,15,8
16,20,37
18,17,16
6,7,5
41,14,16
21,21,44
41,9,4
47,1,7
46,23,29
48,5,8
8,14,52
37,18,19
12,17,51
51,3,6
3,11,45
55,18,14
14,14,13
44,14,20
50,1,7
2,13,63
13,17,50
35,16,12
11,15,25
23,20,17
7,9,7
8,14,29
55,23,28
31,19,3
50,23,30
26,23,44
2,9,54
17,15,7
58,17,11
3,6,8
17,19,25
53,18,23
57,17,15
51,17,21
9,16,44
17,19,48
58,19,19
60,21,18
18,20,52
5,5,11
23,23,37
57,17,14
14,17,40
44,6,1
5,9,18
49,20,26
42,15,21
20,21,31
3,6,18
19,20,37
24,23,43
15,17,60
18,20,39
15,15,16
39,16,0
48,9,14
16,16,1
20,20,53
56,19,20
47,9,16
46,0,3
8,9,11
13,16,25
10,17,49
25,21,6
55,19,22
15,16,16
18,19,40
35,23,26
19,17,15
3,11,43
39,23,29
51,22,29
19,19,46
42,11,14
1,7,19
2,9,45
24,22,12
18,17,20
4,11,49
10,16,31
19,18,14
58,19,17
21,20,57
53,17,21
10,17,35
9,15,48
18,22,24
54,17,22
8,11,3
7,15,46
22,22,45
3,11,38
9,14,38
3,10,34
12,14,2
20,21,27
15,17,46
10,13,2
9,9,16
0,8,32
1,7,34
5,10,56
33,20,10
3,10,32
35,18,14
16,16,12
47,15,20
34,17,4
17,17,4
2,11,58
15,18,53
19,20,40
36,15,8
4,8,22
7,8,16
6,14,34
5,11,37
4,5,10
51,13,17
30,22,6
61,15,8
42,22,30
6,11,26
46,5,11
60,13,1
9,16,50
42,8,15
15,21,37
54,15,16
59,20,19
6,12,25
62,17,9
56,7,5
52,22,27
23,23,52
54,17,13
59,8,2
14,13,7
11,12,0
12,17,35
9,12,11
45,12,18
24,21,16
53,17,19
19,20,52
21,23,40
0,8,48
23,22,9
24,23,47
2,11,45
44,15,20
6,8,6
9,14,62
27,21,1
22,20,62
8,17,44
9,15,39
10,16,32
4,13,45
48,8,10
10,11,20
8,10,20
4,11,46
5,12,30
53,12,11
56,2,3
58,14,8
51,14,19
23,22,10
5,10,31
0,11,55
54,19,24
0,1,22
52,10,9
47,23,30
60,10,2
4,10,34
43,7,3
10,10,6
21,22,33
48,20,24
56,12,7
2,7,31
16,18,6
17,19,34
37,17,18
1,7,46
25,22,7
19,18,3
7,6,9
56,19,14
52,18,23
55,14,9
34,20,17
39,15,1
22,20,59
19,21,27
10,13,18
46,4,5
41,17,23
60,11,6
8,15,35
36,21,25
0,3,19
7,16,44
2,8,45
38,19,21
19,19,53
58,22,25
14,18,61
7,7,8
4,9,53
13,14,19
12,19,28
23,22,57
20,22,32
2,11,57
10,17,29
6,12,35
55,16,12
11,18,62
28,23,10
42,9,2
6,8,13
3,9,4
20,17,11
9,17,45
59,13,7
44,8,5
52,6,6
8,13,1
3,8,52
33,19,2
16,19,48
5,14,45
28,22,1
0,5,1
16,19,7
12,15,9
0,0,19
12,16,41
47,20,26
31,23,20
42,20,27
35,18,7
8,13,54
14,14,0
33,18,6
2,0,10
38,14,10
50,19,23
53,5,5
26,23,20
16,19,41
19,19,61
13,16,38
36,18,15
38,19,24
46,0,2
2,7,24
47,6,12
6,12,32
37,14,4
14,13,15
58,20,19
6,12,51
2,9,55
8,11,1
11,12,17
25,23,59
0,3,17
62,23,19
2,11,37
19,20,24
40,23,31
39,19,23
9,15,37
6,9,9
22,23,26
27,22,4
49,7,8
56,12,8
7,13,61
15,18,61
24,21,19
1,1,16
19,19,52
58,8,4
16,17,6
9,11,21
1,9,39
36,16,7
34,21,17
5,7,6
48,9,17
13,16,44
4,8,19
2,8,46
17,16,15
14,17,28
10,14,52
0,5,33
47,19,23
25,23,58
60,9,2
6,13,61
3,9,33
11,17,49
17,16,13
9,11,19
14,15,20
15,15,18
50,17,22
51,15,17
50,20,26
20,21,24
12,16,25
17,15,1
12,11,13
2,10,44
42,22,29
5,12,46
2,9,40
58,13,6
27,21,2
13,14,0
35,16,4
2,8,49
9,15,40
17,18,9
2,9,3
10,13,4
1,7,22
45,21,28
29,23,13
12,17,34
10,10,8
37,15,7
2,9,36
12,12,18
23,21,54
6,5,11
8,8,8
6,11,25
10,12,16
17,19,41
4,6,7
14,17,26
12,15,58
27,23,54
39,20,26
9,8,14
60,9,5
46,5,1
3,9,22
13,15,8
20,22,25
48,11,17
42,8,13
12,16,59
57,22,25
56,23,28
2,3,12
51,0,6
4,9,25
49,14,19
18,17,5
19,18,20
2,9,47
58,22,23
47,17,22
3,8,31
41,12,14
8,16,54
32,20,14
12,16,36
46,1,7
0,8,47
10,16,45
36,15,2
21,20,63
20,19,2
12,11,6
16,16,8
18,16,4
17,15,10
15,17,6
1,7,2
14,18,43
34,18,9
15,18,44
16,18,45
4,10,28
22,22,33
40,10,2
3,9,52
4,7,4
3,4,7
10,15,26
23,22,11
0,9,37
7,12,56
20,20,50
19,22,31
19,19,12
3,14,44
10,15,60
13,18,32
23,22,44
28,22,6
17,18,58
8,11,4
7,7,11
57,21,20
34,22,25
15,17,58
60,23,25
8,8,13
28,21,2
7,13,42
55,16,17
54,16,19
6,14,30
1,3,4
44,7,16
1,8,42
19,17,14
16,17,61
7,10,2
5,11,33
45,3,11
23,23,30
13,15,23
22,22,46
16,15,12
60,9,3
0,9,40
22,21,6
12,15,61
20,20,6
47,12,17
7,6,11
13,16,12
10,13,1
59,10,2
4,6,11
32,21,19
33,20,7
34,21,23
39,13,3
51,10,12
44,8,7
24,21,2
6,12,30
14,18,29
36,17,15
15,15,17
22,19,12
30,21,16
18,19,53
22,21,20
43,19,24
54,21,25
18,16,1
19,21,24
61,11,4
10,14,54
36,17,4
41,10,1
5,6,9
4,12,63
47,20,25
41,22,30
5,12,58
58,23,26
29,22,9
52,8,6
6,13,40
17,16,17
24,23,20
17,18,48
46,7,15
7,13,58
50,19,25
9,14,57
10,15,31
44,11,17
37,19,20
53,17,22
8,13,63
20,23,26
18,16,14
39,12,6
9,15,47
19,18,6
15,17,61
7,14,47
51,17,23
12,15,55
43,8,3
52,13,13
7,12,49
58,17,12
13,17,34
0,4,4
11,10,8
37,19,21
38,19,23
8,11,20
37,21,25
18,22,25
29,22,6
50,9,14
11,16,47
13,13,8
41,9,2
19,17,7
7,14,43
22,23,39
5,14,34
59,9,3
43,7,7
1,10,54
12,17,37
25,23,40
7,10,3
1,8,23
1,8,40
40,15,18
4,4,14
4,10,45
35,16,1
17,15,16
6,14,47
20,20,17
46,21,27
8,7,8
13,17,32
22,20,8
14,16,57
19,22,25
16,16,2
5,11,39
11,13,7
9,14,56
0,5,20
2,7,19
25,22,52
49,6,9
5,11,45
14,17,10
26,22,9
21,21,45
4,12,38
11,15,33
57,15,11
8,14,53
17,18,44
50,10,12
15,16,9
33,21,17
31,23,21
9,13,27
4,13,29
12,15,44
37,15,6
39,13,2
14,13,12
19,21,31
30,23,15
20,20,46
6,15,38
15,18,40
48,8,16
22,20,60
11,11,15
18,21,28
9,14,41
29,23,17
39,13,7
3,9,56
55,15,12
52,2,5
14,17,56
14,19,33
9,16,39
31,20,7
10,14,48
48,7,10
14,18,46
9,14,53
45,5,4
13,13,12
22,21,48
21,23,28
5,7,2
2,10,46
46,4,1
33,21,19
16,18,48
9,10,12
11,13,11
54,16,15
14,18,23
57,0,0
17,19,43
35,20,20
11,16,39
47,4,9
18,20,45
45,1,0
2,9,38
23,21,20
19,17,11
43,8,12
2,11,32
2,12,42
4,7,20
0,13,54
10,12,19
42,9,13
14,17,49
50,12,17
16,17,58
11,15,52
2,8,29
5,13,39
23,23,19
5,6,14
6,6,12
5,8,0
32,19,5
44,7,5
21,21,55
17,16,9
33,19,7
40,12,0
54,13,10
5,11,56
21,23,31
11,10,12
14,17,39
8,13,50
62,14,4
21,20,7
7,15,47
13,16,50
46,4,10
42,9,10
1,13,62
18,19,50
45,6,0
27,22,3
37,14,1
4,11,32
52,14,13
11,16,26
12,16,62
21,22,27
11,15,60
17,17,8
57,16,13
23,21,63
24,20,3
59,14,7
3,6,4
3,10,23
2,12,58
13,16,55
63,22,15
4,12,44
32,19,2
16,18,60
13,16,63
25,23,47
3,10,43
8,10,5
56,22,26
61,16,8
15,15,19
2,8,22
10,15,57
14,18,51
1,13,59
29,23,8
14,13,8
18,19,60
46,8,16
14,16,25
24,21,15
17,16,14
49,18,24
12,17,38
9,18,35
17,15,5
52,15,9
8,10,12
2,2,8
2,11,38
62,23,15
38,16,5
41,10,4
13,18,51
6,13,54
32,21,15
61,12,3
10,14,20
9,13,26
36,21,21
10,12,0
15,18,35
5,9,17
19,18,16
5,9,16
49,11,17
14,16,20
35,16,10
18,19,43
56,4,3
52,19,25
7,10,5
1,10,45
35,16,9
30,21,5
59,15,9
4,9,21
10,15,51
55,1,2
63,21,14
19,18,15
61,17,9
30,23,12
34,19,9
4,10,55
19,21,33
11,14,25
56,22,24
35,21,24
45,3,0
62,18,11
35,18,8
12,14,1
12,12,1
5,12,44
23,22,46
38,14,7
19,19,2
17,18,2
12,15,62
41,17,22
1,4,17
11,15,39
39,14,13
4,11,21
9,17,35
61,12,6
8,13,34
5,9,8
13,13,16
0,0,21
35,17,5
42,19,25
1,8,46
59,19,12
8,7,13
16,16,15
9,10,5
1,13,60
36,17,0
7,9,10
24,22,56
24,21,60
21,19,4
14,16,47
27,23,57
8,12,22
18,20,37
0,7,31
22,22,32
16,18,7
7,7,12
9,9,11
19,20,58
9,11,11
22,19,7
39,13,12
11,10,11
0,4,1
12,16,43
29,21,4
39,23,31
53,20,25
5,9,0
43,16,22
15,13,14
61,14,6
48,1,7
18,19,26
20,19,61
24,23,25
5,11,54
3,5,4
7,13,29
42,8,3
23,22,43
24,23,13
21,19,1
21,21,43
19,22,38
14,17,46
26,22,63
49,23,28
51,11,14
19,19,11
19,23,28
16,18,49
8,16,45
1,4,2
40,10,12
55,22,26
14,17,23
10,11,19
10,10,7
60,12,4
40,19,23
42,8,5
14,17,45
6,13,37
15,18,42
4,10,46
45,17,22
56,17,16
12,15,59
8,15,36
26,23,48
53,14,10
30,21,13
54,1,3
19,21,32
26,23,52
2,8,35
8,13,28
18,15,0
15,17,40
49,20,24
36,17,12
5,13,36
55,20,23
8,9,17
19,20,34
6,9,21
21,21,23
61,22,16
7,7,13
62,21,16
21,22,38
24,23,38
23,23,22
8,13,40
6,14,43
19,20,49
2,5,18
3,9,47
11,17,35
1,0,10
12,17,33
63,16,4
13,18,27
22,22,23
57,20,19
24,22,50
18,18,51
23,20,8
33,21,18
4,6,5
14,17,34
1,7,25
12,14,3
12,16,52
21,20,22
13,14,1
20,20,60
18,20,33
38,15,0
60,13,7
10,18,62
0,8,45
59,9,0
46,0,8
37,17,4
7,14,41
57,3,0
43,12,18
6,12,24
57,12,8
44,6,7
53,15,15
25,22,61
24,20,1
8,8,15
6,8,2
1,12,43
48,13,19
26,22,11
2,7,22
45,4,0
12,18,27
18,19,9
17,21,33
56,19,18
53,12,8
59,9,6
4,10,32
12,15,53
54,13,12
5,13,33
0,5,24
15,13,9
14,18,30
20,20,43
42,16,21
62,9,2
32,20,8
12,12,14
2,5,2
22,21,43
24,22,9
0,9,52
19,19,25
6,12,54
12,18,26
8,14,28
49,8,11
11,16,25
22,20,57
59,16,9
31,22,11
0,6,21
5,8,5
19,18,7
8,16,50
63,22,13
54,14,12
8,13,55
6,13,28
7,8,9
20,19,0
13,17,47
41,11,1
46,3,6
21,18,16
40,12,3
7,9,18
2,7,34
8,13,19
34,23,26
7,13,57
5,8,9
7,12,35
23,21,13
3,10,50
48,22,27
0,7,46
6,8,16
3,4,13
44,15,21
1,12,62
11,15,28
44,7,10
10,10,16
59,19,17
18,20,32
35,18,9
11,15,44
38,16,16
18,19,5
3,8,24
7,11,18
55,23,26
59,11,6
43,7,4
52,12,9
7,8,6
19,19,23
8,14,33
58,1,0
55,17,17
46,3,5
55,2,4
15,14,14
46,19,25
54,14,10
2,10,31
15,18,45
16,18,43
2,4,5
20,23,37
10,15,48
38,16,0
37,16,10
53,4,6
23,22,61
26,21,2
51,9,9
21,20,62
44,16,22
6,8,0
61,19,11
11,12,6
15,14,1
35,16,6
12,14,12
61,23,19
18,20,24
47,13,18
19,18,22
52,4,6
24,22,15
15,19,28
23,21,21
0,7,49
9,12,22
51,12,12
5,9,23
11,16,30
9,15,28
32,22,21
17,17,21
8,16,44
1,8,32
50,9,10
31,22,16
22,21,25
13,16,8
29,21,3
22,22,47
28,23,63
34,19,6
15,17,52
55,17,18
26,22,7
10,9,11
0,11,45
62,14,0
2,8,3
62,17,7
48,15,20
3,8,32
20,19,62
4,11,59
13,17,51
5,14,39
2,0,13
7,14,39
2,8,47
54,23,27
55,21,26
6,8,7
18,19,58
18,21,35
4,10,24
10,12,6
24,23,39
13,14,12
18,19,4
16,19,4
4,8,20
20,21,44
20,20,40
0,5,32
42,9,5
17,20,37
12,17,43
8,11,19
13,12,11
8,13,33
6,12,33
8,14,54
17,15,15
8,14,44
12,15,46
0,6,31
8,10,10
9,13,56
13,12,16
18,21,47
21,21,52
20,19,20
11,15,63
7,9,3
12,15,2
24,23,18
46,1,1
46,3,4
58,18,14
23,20,18
1,8,24
23,23,43
46,4,3
35,21,22
20,21,28
6,6,14
5,11,51
6,10,22
1,7,43
4,8,0
40,22,29
63,15,8
42,15,18
1,2,13
6,10,4
45,6,8
58,0,1
12,17,47
1,10,41
6,14,46
60,12,0
24,22,24
56,23,25
6,15,42
37,22,24
20,21,50
4,12,33
45,2,2
