19,9,62
34,8,62
58,4,61
32,5,56
50,5,62
27,9,62
51,3,58
48,6,62
0,4,53
13,1,54
4,6,57
56,1,56
30,2,53
59,4,62
34,6,59
56,4,61
11,2,55
59,2,59
34,7,61
9,3,58
2,3,52
53,3,59
18,1,54
39,6,60
20,3,55
29,2,52
20,0,51
39,8,62
22,1,52
29,9,62
6,7,63
31,8,62
23,5,57
37,7,62
3,6,56
17,0,51
46,3,57
7,6,62
62,1,58
17,3,55
53,5,62
19,2,55
42,5,59
50,3,59
13,5,60
39,7,61
29,9,63
26,5,56
58,5,62
25,6,58
16,3,57
23,10,62
31,1,51
36,1,52
9,2,52
45,4,60
4,7,61
4,2,51
61,0,56
40,2,56
51,6,62
47,0,55
58,1,56
45,3,57
38,2,55
18,2,55
48,3,57
34,0,50
5,2,53
25,2,54
26,4,55
24,0,50
28,0,49
16,2,55
56,0,56
18,9,63
48,0,55
39,5,59
58,3,60
10,3,57
1,8,60
26,2,52
42,4,57
5,2,52
35,9,62
39,3,56
60,1,57
26,1,52
2,0,45
16,6,59
15,6,60
24,2,53
1,9,61
8,5,59
7,3,55
13,2,55
8,6,62
40,6,61
31,0,50
38,0,52
21,13,63
4,2,52
25,3,55
38,4,56
47,1,56
55,1,58
22,1,53
56,2,59
25,0,51
49,0,54
18,4,56
55,2,58
31,9,63
3,3,52
14,2,55
37,6,59
5,1,52
10,4,59
7,5,60
47,2,56
52,6,62
3,1,49
14,4,58
34,6,58
8,4,59
52,4,61
27,6,57
30,1,52
44,5,61
45,8,63
62,2,59
53,1,57
16,0,51
37,9,63
43,6,61
43,5,59
51,0,55
4,7,59
5,6,58
49,7,63
63,2,58
33,5,58
32,8,61
40,5,59
54,0,56
26,0,51
48,4,60
25,9,63
25,11,63
35,7,60
57,5,63
59,0,56
36,8,62
32,6,59
2,7,59
2,7,58
45,7,62
34,2,53
28,4,55
42,4,59
55,1,57
58,4,62
38,7,60
6,7,62
37,1,53
13,0,51
1,6,54
36,7,60
21,13,62
25,3,54
7,6,61
59,2,58
17,2,54
55,4,61
51,4,60
13,3,57
19,9,63
1,8,57
45,1,56
35,3,54
22,13,62
21,7,59
21,2,53
14,3,56
40,7,62
15,5,59
31,7,59
47,4,59
3,8,60
30,7,59
6,7,61
40,0,52
55,2,59
31,9,62
19,7,61
18,5,57
11,1,55
8,3,55
47,6,61
7,4,56
44,2,56
24,8,61
47,1,55
45,2,57
3,0,49
56,4,60
62,4,61
4,6,58
25,8,61
39,3,55
42,6,61
23,8,61
17,8,61
30,8,60
35,1,52
4,4,53
33,8,61
62,0,55
58,6,63
60,4,61
29,1,52
23,8,62
28,0,51
21,12,62
23,4,56
6,6,61
13,3,56
26,0,50
13,4,59
14,6,60
32,7,60
30,0,49
17,5,57
1,5,53
39,4,58
21,4,57
16,2,54
5,5,55
22,7,60
11,3,59
2,8,61
48,6,61
13,2,56
43,3,57
32,1,52
14,2,56
43,5,60
32,3,54
25,5,56
0,10,63
32,9,62
9,2,55
2,0,46
40,5,58
32,5,58
36,1,53
12,4,60
23,7,59
48,4,59
44,6,62
13,0,52
0,10,62
35,6,59
62,3,60
12,4,58
40,5,60
1,9,63
58,3,59
30,4,56
34,1,51
46,1,56
23,4,57
15,1,54
24,3,55
32,2,54
23,6,59
24,2,52
7,5,61
40,1,52
43,4,59
23,12,63
36,6,59
58,1,57
3,7,61
2,5,55
54,5,62
41,3,56
2,5,54
5,5,56
25,4,55
31,0,49
7,6,63
15,3,57
42,2,55
45,5,60
54,1,58
37,0,52
52,5,61
22,8,61
34,4,57
25,9,62
29,9,61
44,5,60
53,3,58
17,7,60
34,5,58
22,4,57
11,2,54
56,3,59
8,2,52
12,2,57
19,4,56
32,9,61
10,4,61
33,8,60
58,2,59
24,6,59
36,4,56
34,0,52
3,7,58
4,8,63
10,2,56
63,5,62
12,1,55
21,15,63
27,11,63
5,5,57
6,4,56
47,3,59
39,8,63
56,6,63
23,3,54
61,3,61
2,0,47
18,1,52
61,2,58
32,4,56
4,1,50
21,1,53
15,7,61
19,7,59
9,1,51
29,8,60
38,9,63
39,5,58
45,3,58
54,3,60
31,2,53
54,2,57
7,7,63
11,5,62
54,1,57
19,2,54
4,4,54
31,2,52
46,3,58
43,8,63
6,5,58
50,4,60
19,6,58
44,5,59
35,5,58
19,5,57
24,4,55
4,7,62
21,8,60
23,8,60
40,1,54
14,0,53
61,2,59
56,0,55
49,5,61
20,8,60
48,6,63
43,4,58
17,0,52
17,4,56
25,10,63
17,7,61
31,3,53
46,0,53
35,6,60
23,7,60
29,5,56
42,3,57
15,2,56
20,6,59
14,6,61
23,15,63
53,1,56
20,3,56
9,3,57
42,8,63
27,4,56
8,2,53
12,4,59
55,0,57
6,5,57
29,0,50
28,8,61
21,8,61
11,5,63
14,3,57
30,7,60
24,10,62
9,3,55
38,1,53
57,3,61
50,4,59
26,9,61
28,4,56
16,4,57
36,5,57
53,4,61
57,2,58
4,5,57
23,5,58
35,0,52
24,5,57
14,7,61
32,0,51
10,3,56
3,6,57
46,6,61
49,5,62
28,11,63
23,3,55
26,1,51
1,0,47
61,4,62
54,3,59
38,7,61
40,3,56
23,0,51
58,0,56
22,0,51
18,7,61
33,0,50
22,3,55
15,5,58
35,5,57
4,8,62
33,7,59
47,3,58
39,6,61
10,0,51
5,4,55
24,9,62
29,0,51
50,5,60
34,7,59
12,1,53
53,2,57
37,8,63
21,1,52
12,0,50
15,0,53
3,8,63
20,8,61
33,6,58
50,2,56
17,4,58
21,4,56
9,2,53
12,6,61
2,4,54
39,4,57
22,14,63
37,3,56
36,0,52
23,4,55
44,0,53
12,1,54
35,0,51
37,5,59
42,6,62
62,4,62
49,2,57
23,14,63
0,0,44
49,3,59
2,9,62
31,3,54
41,1,53
53,3,60
4,0,47
9,4,57
1,5,54
48,1,55
6,5,56
25,9,61
5,0,49
21,6,58
2,1,50
3,2,52
23,13,63
63,1,58
59,5,63
50,0,55
9,4,60
38,6,60
28,6,57
31,7,60
36,2,54
27,8,60
60,6,63
2,7,56
47,4,60
6,6,62
56,1,57
16,3,55
2,4,53
32,6,58
9,5,62
35,9,63
28,6,58
57,2,59
41,6,60
3,7,60
8,5,58
8,6,63
30,6,57
18,5,59
36,5,59
30,2,52
40,4,58
29,8,61
5,3,53
18,0,52
47,3,57
43,0,53
41,2,55
30,9,61
18,8,61
50,2,57
20,4,57
44,3,57
11,2,56
3,9,63
25,0,50
27,6,58
11,3,57
8,0,50
25,7,60
57,1,57
61,1,58
48,2,58
24,4,56
36,9,63
27,0,51
10,2,55
30,9,63
25,5,57
6,2,52
11,0,51
28,7,60
40,3,55
16,4,58
30,5,56
47,7,63
10,3,58
33,7,60
51,1,57
39,4,56
44,2,57
13,6,60
1,1,46
27,0,49
0,1,47
7,3,54
51,7,63
21,3,55
59,4,61
1,1,48
29,4,55
37,5,58
10,6,63
1,9,62
2,1,49
48,5,60
40,1,53
36,8,63
5,4,56
44,4,58
32,4,57
16,8,63
12,0,52
2,8,60
3,4,54
8,4,57
63,4,61
41,0,53
53,0,55
43,1,55
49,0,55
1,4,53
33,3,55
2,2,49
41,7,62
60,3,61
33,4,54
7,0,49
5,2,51
35,2,54
1,3,50
5,1,51
35,3,55
0,2,48
37,4,56
40,6,60
17,4,57
53,0,56
22,15,63
8,3,56
29,5,57
18,8,62
54,0,55
5,7,63
4,6,59
45,0,54
7,0,51
56,1,58
60,4,62
6,0,49
10,5,62
41,0,52
41,3,57
41,1,55
20,1,53
25,7,59
3,2,50
61,3,59
22,0,52
20,2,53
48,3,59
41,5,59
11,0,52
38,2,53
4,1,49
12,7,63
15,5,60
0,7,56
45,7,63
55,4,60
51,4,61
28,3,55
26,3,54
33,3,54
41,2,56
55,0,55
4,4,55
1,8,58
15,7,62
52,0,55
5,0,50
41,4,58
32,9,63
17,2,55
17,6,59
52,6,63
1,7,56
50,5,61
1,8,59
57,0,55
33,4,55
30,4,55
33,1,52
32,8,60
54,6,63
38,7,62
25,1,52
7,1,51
16,0,52
28,9,63
15,2,54
25,2,52
21,3,54
4,7,60
5,7,62
20,0,52
28,3,54
37,8,62
63,0,55
46,2,56
8,2,54
0,3,49
24,7,60
0,9,59
59,1,58
19,3,56
0,9,58
16,0,53
5,0,48
8,0,51
55,6,63
39,2,55
3,1,48
26,4,56
0,4,51
13,3,58
59,0,55
32,8,62
33,2,53
21,0,51
15,0,51
0,3,50
55,4,62
12,5,61
0,8,59
19,8,62
23,2,53
42,1,55
10,2,53
34,1,53
38,3,55
34,5,57
26,6,58
31,4,55
18,3,55
14,7,63
17,1,54
51,6,63
9,1,52
62,2,58
4,0,49
35,6,58
53,4,60
16,1,53
25,6,59
57,3,59
0,0,45
60,0,56
52,2,57
58,0,57
27,3,54
12,3,57
30,0,50
33,9,62
42,1,54
14,0,52
11,1,52
59,1,57
3,8,61
17,6,60
57,4,62
5,5,58
20,11,63
63,1,57
35,2,53
28,7,59
31,6,59
35,7,61
10,0,50
13,4,58
28,5,56
19,4,57
43,7,62
44,8,63
1,3,52
51,1,55
44,1,55
30,9,62
32,10,63
18,3,56
28,2,52
43,3,58
60,3,60
38,0,51
44,4,59
3,0,47
37,5,57
31,4,56
59,3,61
27,8,61
7,4,58
44,7,62
46,0,54
42,6,60
23,1,53
48,2,57
11,6,63
54,2,59
0,2,47
31,5,56
34,9,63
37,2,55
10,3,59
14,1,55
40,0,53
14,4,59
29,1,51
4,5,56
9,0,50
44,3,58
16,7,61
30,3,53
58,5,63
11,3,58
24,7,59
57,3,60
33,4,56
7,0,50
31,3,55
0,1,45
42,3,56
54,6,62
50,1,57
3,9,62
29,6,58
36,2,55
63,0,56
20,5,58
14,5,60
5,6,60
52,3,59
8,4,60
20,5,57
24,12,63
7,6,60
41,6,61
0,9,61
26,6,59
8,4,58
38,5,59
1,1,47
38,8,62
7,5,57
42,0,53
45,2,56
54,1,56
0,8,57
26,5,57
1,2,50
44,7,63
32,1,51
34,8,60
39,0,52
4,1,51
11,6,62
52,0,54
8,4,56
40,2,55
55,3,60
28,1,52
3,5,55
63,5,63
22,8,62
8,1,52
27,5,57
20,4,56
41,0,51
59,5,62
37,0,51
38,4,57
52,4,60
62,1,56
59,3,60
30,3,55
18,2,54
33,2,54
45,0,53
7,5,58
30,5,57
18,6,59
39,2,54
0,8,58
43,7,63
56,5,63
30,6,58
2,6,56
2,6,57
52,3,58
2,1,48
3,8,62
7,4,55
23,13,62
25,8,60
30,3,54
40,7,61
46,5,60
21,5,57
6,4,55
3,4,53
19,5,58
39,1,53
57,5,62
5,6,59
14,7,62
11,4,59
11,1,54
42,3,58
0,7,57
22,0,50
55,5,63
51,1,56
62,0,56
7,2,52
47,6,62
8,3,57
14,5,56
45,5,61
63,3,60
49,3,58
14,5,59
39,1,52
27,7,59
30,10,63
15,4,58
22,12,62
0,8,56
11,0,50
49,6,62
31,8,60
50,6,63
27,9,61
10,5,63
26,8,60
61,5,63
1,2,49
22,2,54
25,3,53
14,8,63
29,4,56
8,3,54
31,5,57
3,0,48
0,5,54
33,1,53
1,7,57
62,5,62
33,9,63
24,2,54
53,5,61
13,6,62
43,6,62
20,9,63
51,0,54
28,10,63
46,4,60
31,6,57
53,6,62
10,4,58
23,11,62
18,5,58
56,3,60
12,5,60
63,4,62
37,4,57
56,0,57
38,5,58
23,9,62
56,3,61
1,0,45
43,0,54
22,13,63
12,7,62
33,6,59
15,0,52
5,4,54
9,0,51
26,10,63
1,10,63
0,4,52
1,6,56
27,10,62
16,1,54
49,6,63
1,9,60
19,3,55
15,8,62
6,3,54
42,4,58
46,2,57
19,0,51
9,4,58
17,5,59
11,1,53
40,4,57
0,2,49
2,8,62
46,7,62
0,3,51
60,5,62
21,6,59
8,5,62
29,2,53
32,7,59
31,10,63
1,3,51
45,4,58
53,6,63
18,7,60
50,3,58
9,3,56
13,5,59
34,2,54
58,2,58
6,3,53
49,6,61
38,1,52
56,4,62
57,1,58
20,6,58
38,8,63
26,3,55
29,0,49
36,2,53
6,1,51
40,2,54
32,0,50
34,3,55
48,3,58
22,5,58
33,8,62
23,1,51
3,6,58
62,1,57
49,1,55
24,5,58
10,4,60
41,2,54
16,9,63
11,4,61
49,4,59
51,5,62
5,1,50
45,5,59
21,3,56
32,3,55
15,4,57
33,5,56
14,4,57
53,2,58
48,1,56
17,8,62
60,3,59
17,3,56
10,1,51
3,3,53
33,4,57
12,0,53
9,4,59
52,5,62
47,2,57
43,0,52
29,3,53
21,0,50
60,2,59
8,5,60
27,5,56
3,2,51
57,4,61
54,2,58
33,5,57
15,1,53
22,8,60
4,5,55
54,5,61
12,6,62
28,5,57
36,7,61
26,6,57
13,7,62
10,2,54
34,3,56
37,6,60
20,10,63
32,4,55
13,0,53
43,3,56
34,0,51
41,5,58
60,1,58
12,2,56
46,5,61
51,2,58
48,7,63
24,9,61
59,0,57
51,5,61
48,0,53
38,6,61
2,9,61
6,5,59
5,8,63
34,8,61
1,8,61
35,8,62
2,9,63
61,4,61
59,3,59
47,0,53
28,0,50
53,7,63
14,8,62
46,6,62
26,9,62
8,1,51
49,1,56
24,1,52
44,6,61
1,4,52
0,9,60
20,9,62
48,0,54
50,6,62
2,8,59
62,3,61
52,0,56
52,2,58
0,7,55
4,0,48
16,6,60
22,4,56
20,8,62
55,0,56
45,1,54
52,1,56
27,0,50
30,1,51
31,6,58
20,1,52
57,0,57
22,3,54
27,1,51
32,5,57
6,0,50
3,5,54
17,8,63
34,4,56
57,0,56
24,11,62
14,0,54
1,0,46
60,2,58
21,7,60
34,9,62
19,6,59
25,2,53
36,6,58
26,8,61
34,3,54
26,7,60
24,11,63
7,5,59
27,3,55
41,5,60
28,1,51
35,1,53
42,7,63
24,3,54
28,6,59
50,2,58
2,7,57
41,4,59
60,1,56
34,7,60
0,5,53
36,0,51
22,5,57
23,12,62
63,2,59
40,0,51
16,7,60
35,4,57
17,9,63
27,6,59
22,7,59
20,12,63
54,4,60
55,5,61
25,1,51
21,14,63
31,8,61
36,5,58
60,0,55
46,4,58
15,3,56
28,9,62
24,6,58
1,1,49
26,3,53
40,3,57
24,0,51
49,2,56
33,10,63
45,6,61
18,0,51
6,6,60
39,1,54
42,7,61
36,6,60
41,4,57
45,4,59
45,1,55
55,3,59
12,2,55
37,2,54
26,7,59
19,8,61
12,3,58
26,2,53
46,1,55
0,6,54
33,1,51
7,2,53
17,1,53
46,4,59
9,5,60
2,2,50
27,1,52
39,0,51
21,11,62
35,8,61
11,5,61
24,8,60
23,1,52
21,9,62
46,1,54
29,6,59
28,8,60
36,0,50
5,7,60
20,2,54
24,10,63
42,1,53
50,1,55
33,0,51
50,0,54
0,6,55
19,7,60
6,6,59
16,5,58
54,4,61
48,5,61
16,5,59
27,7,60
29,7,59
62,5,63
63,3,61
0,10,61
5,3,54
22,6,58
61,0,55
24,1,51
20,3,54
44,0,52
61,6,63
40,8,63
35,0,50
1,6,55
15,6,59
25,10,62
37,7,60
35,4,56
41,1,54
36,3,55
31,1,52
7,4,57
12,6,63
24,5,56
51,3,59
16,8,62
39,6,59
45,6,62
34,1,52
2,2,51
1,10,62
5,7,61
18,9,62
7,1,52
16,3,56
0,1,48
18,1,53
58,1,58
22,2,53
9,2,54
19,1,52
39,7,62
11,4,60
29,10,63
56,5,62
32,2,52
6,1,50
29,6,57
17,5,58
0,1,46
20,7,60
2,3,51
62,3,59
30,6,59
13,6,61
3,1,50
48,2,56
36,3,56
37,3,55
19,2,53
28,2,53
42,0,52
55,1,56
28,9,61
3,7,59
58,0,55
17,1,52
10,1,52
27,2,53
43,2,56
15,6,61
23,9,61
18,4,57
22,6,59
47,5,61
36,8,61
15,2,55
44,1,54
6,2,53
29,3,54
9,6,63
9,5,61
21,2,54
25,5,58
49,5,60
44,2,55
50,7,63
4,3,52
38,3,56
55,5,62
38,4,58
21,8,62
41,7,61
0,0,46
63,0,57
4,8,61
18,6,60
61,3,60
23,0,50
35,3,56
61,5,62
41,8,63
1,5,55
10,1,53
51,2,57
44,0,54
4,6,56
32,2,53
14,1,54
43,2,55
52,1,57
43,1,54
21,0,52
23,6,58
37,1,52
49,4,60
19,10,63
11,2,57
61,1,57
37,7,61
5,6,61
50,1,56
8,5,61
4,3,53
7,3,53
12,5,59
42,5,60
38,2,54
13,0,54
15,8,63
1,7,58
13,1,55
27,10,63
29,7,60
10,5,61
41,7,63
1,2,48
47,0,54
13,7,63
30,0,51
56,2,58
58,3,61
19,1,53
46,7,63
2,6,55
42,2,56
20,7,59
60,5,63
9,3,54
12,0,51
13,5,61
52,7,63
29,3,55
27,4,55
6,4,54
36,4,57
21,5,58
61,1,56
23,2,54
51,4,59
25,4,56
3,7,57
3,5,56
43,6,60
19,0,52
30,8,61
27,2,52
16,7,62
42,7,62
23,5,56
0,2,50
47,5,60
38,6,59
