22,16,21
15,14,1
56,17,20
59,21,49
46,19,46
49,19,42
59,17,20
2,23,41
63,21,38
22,16,24
46,17,9
36,20,48
41,16,23
26,15,19
5,15,27
14,15,9
37,18,41
45,22,54
54,20,8
48,18,34
40,21,0
5,15,7
33,23,51
34,17,33
13,14,3
3,14,16
53,16,24
15,15,22
21,18,35
12,17,28
27,16,25
51,20,12
4,17,5
6,15,26
50,20,45
38,17,34
25,21,46
47,20,7
62,20,14
1,14,1
42,18,40
24,15,22
55,21,47
56,20,41
59,23,57
34,19,2
17,23,44
62,21,11
21,17,34
5,21,38
16,18,33
15,16,31
60,19,12
14,17,32
51,18,13
60,22,56
40,19,3
20,19,39
48,19,39
15,14,22
46,20,3
0,16,30
59,20,11
40,19,44
35,22,50
17,16,28
46,23,57
19,21,43
7,19,36
29,17,1
13,17,33
33,16,28
31,15,17
42,16,17
57,19,33
63,17,19
61,16,19
1,14,3
50,20,7
7,17,29
46,18,7
18,14,9
20,15,9
48,23,1
35,16,27
8,14,13
24,16,31
62,16,19
52,20,13
63,20,12
45,19,7
54,17,24
63,21,12
37,16,10
3,15,4
6,16,11
37,16,5
62,16,23
43,16,8
20,16,27
49,23,60
5,20,37
11,15,26
42,15,9
54,20,46
37,16,31
52,21,12
13,15,20
62,17,15
18,16,22
60,19,37
23,15,0
56,17,17
14,22,42
60,17,28
21,15,24
41,17,29
52,21,5
57,18,35
43,19,41
53,17,13
28,18,40
26,16,36
25,16,4
54,17,21
43,15,10
24,15,11
20,14,20
59,20,18
38,15,21
29,16,31
41,19,44
20,15,26
56,20,43
12,15,0
62,20,13
14,15,26
56,15,19
47,18,35
53,18,36
11,22,41
46,17,27
60,18,32
18,14,5
63,17,25
1,14,2
16,23,45
20,22,46
20,15,10
19,17,33
20,21,42
54,16,15
28,16,27
20,15,13
44,18,9
13,16,28
21,16,29
25,18,39
31,18,0
33,18,3
1,21,38
40,16,8
42,21,1
47,20,44
27,16,36
24,15,7
54,21,46
26,19,42
3,15,6
50,16,11
44,18,34
42,21,51
54,21,54
36,16,16
52,17,17
46,18,40
35,20,46
13,16,17
50,18,30
34,18,43
42,23,53
6,15,13
35,16,19
24,14,4
29,16,2
22,16,1
40,23,54
9,15,8
37,17,18
8,14,18
16,20,39
36,15,17
58,17,29
21,15,17
47,19,45
42,17,7
41,16,7
18,14,21
53,17,11
47,18,39
37,18,43
0,15,26
25,15,26
34,15,7
2,14,17
44,21,9
29,15,23
34,23,50
17,17,20
45,20,47
51,19,11
48,16,17
46,21,54
35,16,23
9,15,26
37,15,11
18,18,34
31,21,0
5,18,33
20,18,37
20,15,6
48,21,55
22,16,4
54,17,22
14,14,16
14,14,14
25,14,20
29,15,11
21,14,7
52,22,53
52,23,6
19,16,27
52,16,16
61,19,35
12,15,15
53,22,57
62,18,31
40,17,38
18,15,23
55,18,33
17,15,17
33,17,5
9,14,9
30,16,32
11,19,35
55,18,17
44,18,8
19,15,26
14,15,14
5,15,14
2,14,18
55,18,30
46,20,45
20,15,2
23,15,1
32,16,21
16,16,1
19,15,10
59,18,29
10,16,20
45,20,5
32,16,4
2,16,1
18,18,35
5,16,10
31,15,22
55,17,25
53,19,37
13,15,9
25,15,19
59,18,31
20,15,20
51,17,14
19,18,21
51,20,8
38,16,7
46,21,53
19,21,41
43,18,11
19,18,36
14,14,9
42,20,48
3,14,10
25,15,15
43,16,15
57,18,31
43,19,44
6,18,32
52,23,60
49,16,19
50,17,26
21,16,23
41,15,12
28,16,23
18,15,27
28,15,14
53,15,18
11,19,34
3,15,21
3,16,30
49,16,23
10,14,1
1,22,38
27,15,13
51,18,29
60,19,36
18,14,0
13,15,6
48,22,2
4,14,14
50,17,27
45,18,10
38,19,4
3,15,28
54,19,9
48,21,6
10,14,15
5,14,8
56,21,9
33,16,24
47,18,33
52,17,11
53,21,7
5,16,6
23,15,21
19,14,9
7,15,7
44,17,8
23,18,40
28,16,19
56,17,16
57,22,52
33,16,37
7,15,11
25,16,24
25,17,38
22,15,18
22,15,28
25,14,6
50,20,18
16,14,22
39,19,2
18,15,8
28,16,13
62,23,10
50,17,17
57,20,13
5,14,12
55,18,14
20,14,11
11,15,17
23,17,34
51,15,16
37,17,12
43,17,28
38,15,11
2,15,10
58,17,17
5,20,35
17,14,0
4,16,30
46,18,39
56,19,33
14,15,24
27,18,40
33,15,16
36,19,44
32,18,41
43,18,6
10,14,13
34,15,9
48,17,11
44,22,0
20,14,3
18,14,1
21,14,9
42,20,2
40,18,5
33,21,46
40,17,30
19,20,41
16,15,12
22,14,19
10,19,34
42,16,19
50,23,61
57,23,61
0,15,19
54,18,12
61,19,14
52,17,12
9,15,15
26,23,47
29,23,49
17,15,10
32,16,5
8,14,20
2,14,4
34,15,6
62,21,44
50,22,4
8,15,9
29,18,40
13,14,17
57,18,32
31,23,50
61,17,27
23,15,2
3,15,23
10,14,8
26,16,18
32,16,12
5,20,36
59,20,13
17,14,3
37,21,49
46,17,33
10,14,9
13,22,40
37,18,40
8,16,14
20,16,16
26,17,10
60,21,50
31,15,11
43,20,46
34,23,52
23,22,47
8,15,0
35,16,22
21,17,0
47,15,12
16,21,41
44,15,16
36,18,43
63,20,37
9,15,22
62,22,51
37,21,2
8,15,2
61,22,55
44,16,8
29,16,4
55,19,9
38,20,1
20,22,45
10,15,24
26,16,2
49,18,18
17,14,9
24,16,29
18,16,28
59,16,18
40,15,10
19,18,37
10,16,16
39,17,31
62,23,58
12,14,11
47,17,31
56,18,34
49,19,6
30,20,0
46,20,47
18,15,25
9,14,4
50,17,22
60,18,29
34,23,51
57,23,58
49,21,52
0,18,32
55,18,37
15,15,20
60,21,43
19,15,24
49,17,30
14,15,10
40,16,23
35,15,21
56,16,20
61,19,20
15,15,14
54,18,29
26,16,20
57,17,16
40,18,35
25,17,21
50,17,21
9,15,1
54,21,49
42,21,3
50,18,35
30,22,0
41,15,17
26,15,13
41,18,42
18,15,13
29,18,1
48,17,32
52,16,17
13,14,11
16,18,36
18,16,1
8,14,16
51,17,31
42,16,20
10,16,27
62,19,37
45,16,26
58,21,48
26,16,27
16,19,37
8,19,35
26,16,21
33,16,21
63,21,51
22,16,30
16,17,34
18,14,17
41,17,27
38,17,10
4,14,6
2,15,23
49,23,3
49,19,9
33,16,30
53,16,19
50,20,44
42,16,26
56,22,7
50,23,2
38,15,9
41,16,25
0,14,4
30,16,18
60,19,33
47,17,27
48,19,41
23,16,30
39,18,6
5,17,32
51,17,25
5,15,19
48,18,9
48,21,50
44,15,10
27,15,17
0,14,1
35,15,12
38,17,17
34,16,26
19,14,6
51,16,13
36,15,13
53,16,14
50,22,54
22,15,11
43,17,9
25,16,16
42,18,32
5,15,20
36,20,47
59,16,21
32,17,14
39,15,16
8,17,30
58,20,45
11,16,12
33,17,7
61,21,41
51,18,20
56,21,11
52,19,44
30,21,0
2,15,19
63,18,30
26,15,17
18,16,20
18,17,18
7,14,1
52,18,35
45,17,13
41,17,21
41,16,11
44,23,55
13,15,24
46,17,32
39,19,47
30,15,5
26,14,21
44,17,9
23,17,37
7,14,7
58,19,13
4,16,6
28,17,40
28,16,36
14,14,17
9,17,31
51,16,17
41,15,10
9,15,12
0,20,37
21,17,20
54,19,12
46,18,30
46,19,39
24,14,6
52,18,11
33,17,35
52,20,49
37,19,43
29,21,46
29,17,39
44,16,16
49,19,18
51,18,32
57,17,21
7,16,4
30,16,21
57,19,39
5,16,28
54,22,8
42,23,54
52,21,52
41,21,50
35,17,39
6,23,41
24,15,16
37,17,41
1,15,24
7,17,30
17,17,33
42,19,5
7,14,5
13,20,37
13,17,31
57,21,10
46,16,24
33,16,6
9,21,39
45,17,12
40,19,45
5,19,36
51,21,6
60,15,18
41,22,53
60,18,34
35,16,14
38,16,30
47,18,9
26,17,7
20,14,6
34,16,13
57,21,49
19,22,45
33,16,35
6,22,40
30,22,47
10,15,17
15,14,16
32,15,11
28,16,30
60,16,20
34,16,27
42,18,11
38,16,22
26,15,20
32,19,43
47,22,7
56,20,15
59,19,36
41,15,14
52,21,11
58,23,55
54,17,13
30,15,18
24,16,19
51,17,15
0,21,36
10,15,18
21,20,40
40,23,2
63,23,54
28,15,24
45,19,5
43,20,48
22,15,19
12,15,10
11,17,13
21,16,28
32,16,22
53,19,39
62,17,29
58,23,6
35,18,44
28,23,49
41,20,49
14,14,0
49,17,26
63,18,29
23,15,12
38,18,3
62,23,56
8,14,12
54,18,28
17,15,12
55,16,20
51,16,22
62,16,21
54,21,8
25,14,21
48,21,4
13,18,32
44,19,47
26,16,29
24,15,6
47,21,54
35,18,4
56,19,15
57,18,30
17,14,1
6,15,16
33,16,29
22,19,39
37,17,35
12,17,31
9,17,13
58,23,5
20,14,19
49,22,4
15,15,18
19,15,13
53,20,10
3,14,12
61,21,40
31,22,48
61,21,42
20,16,30
4,14,9
32,18,43
39,20,1
40,16,9
10,16,26
38,15,19
60,18,16
56,18,21
52,17,21
30,19,42
38,22,0
36,16,7
13,16,30
19,14,22
18,14,20
44,22,53
56,22,56
63,19,15
38,17,36
17,17,32
27,23,49
62,17,24
23,16,24
51,19,19
34,21,47
10,17,14
50,22,5
42,19,46
62,18,30
63,21,45
42,21,2
54,17,17
55,16,25
36,18,17
61,21,50
3,15,5
63,20,42
45,20,3
25,17,35
51,21,54
48,22,56
26,16,34
37,19,8
10,15,26
49,23,59
52,18,18
39,18,35
39,16,25
21,16,18
52,17,13
27,17,9
15,16,28
30,16,35
33,17,41
10,15,13
13,21,39
58,17,15
26,20,43
59,16,17
27,16,7
36,15,19
40,20,2
13,14,5
51,20,6
63,23,58
22,18,39
57,16,17
45,18,38
55,20,47
35,19,46
57,19,11
17,18,36
20,17,34
31,17,38
48,16,14
57,22,50
46,15,13
3,18,33
1,18,33
52,17,26
22,15,16
10,15,5
42,17,30
58,22,56
18,17,19
59,21,45
31,15,19
0,18,34
53,19,40
55,23,59
63,17,18
12,17,15
0,23,41
43,17,12
37,16,21
33,15,15
49,16,16
50,20,6
26,15,15
13,14,16
36,16,28
23,15,15
14,16,30
24,14,1
36,21,48
13,16,1
4,16,12
28,17,36
42,19,45
11,21,39
55,21,53
44,19,46
51,23,3
56,19,34
47,16,22
5,16,11
45,17,32
17,17,17
44,15,17
57,19,36
60,16,16
24,15,21
33,21,47
50,20,49
25,15,0
26,17,35
16,14,17
16,17,18
15,21,39
39,21,49
29,23,48
63,23,8
7,15,17
50,18,12
59,22,54
8,15,23
1,14,16
42,20,46
43,17,31
30,23,1
49,20,50
54,18,11
2,16,27
9,14,19
10,14,19
11,17,27
46,16,9
53,21,46
23,14,21
50,19,7
61,18,22
37,16,29
60,17,24
16,14,13
5,14,1
40,15,14
62,22,10
53,18,37
53,18,35
32,16,37
26,18,41
10,17,29
58,20,43
17,16,31
31,15,20
51,20,47
50,21,53
48,20,45
55,19,38
59,20,42
63,17,22
15,14,6
46,16,10
41,18,43
48,23,58
40,17,37
34,15,12
22,15,3
30,16,8
4,17,32
7,22,41
7,14,8
26,17,9
1,14,9
18,14,7
52,19,39
19,15,0
55,22,55
7,16,26
10,14,14
58,16,19
20,15,14
56,18,31
53,17,22
12,20,37
47,23,6
55,21,51
43,17,7
47,19,38
47,21,51
12,14,18
7,16,28
46,15,11
23,22,45
62,21,40
3,21,39
36,17,5
24,16,30
43,18,42
47,16,13
28,22,46
49,15,16
32,17,5
14,15,23
39,17,36
52,18,30
43,23,56
25,16,14
45,20,9
61,22,8
48,23,59
31,16,12
36,15,12
18,15,10
9,20,37
43,15,13
51,17,11
14,14,1
21,16,9
55,19,11
25,15,13
3,15,16
47,16,25
7,16,18
23,21,45
14,15,13
36,19,4
35,18,16
41,21,3
25,16,7
59,22,9
46,23,59
39,15,17
56,23,60
5,15,11
45,21,50
16,14,12
33,17,39
50,21,50
50,19,19
41,17,34
4,18,33
21,21,45
55,18,34
21,15,11
3,18,0
62,17,22
41,21,49
34,17,40
25,16,33
26,18,39
9,22,41
8,15,6
59,22,49
21,15,13
11,14,4
23,15,14
48,22,54
23,17,36
0,17,31
42,16,11
53,15,19
52,21,51
25,22,47
15,14,18
0,19,35
22,15,0
47,15,16
61,17,15
44,17,29
34,16,25
14,14,19
60,18,17
24,17,37
26,16,6
11,17,29
48,17,28
14,15,1
51,16,24
51,21,9
25,17,36
28,22,48
52,23,4
39,15,13
25,15,2
16,15,26
18,14,4
6,16,7
16,21,42
53,20,43
33,22,49
13,15,19
8,17,29
12,14,9
15,20,38
39,22,52
38,18,6
8,16,27
27,21,46
24,16,15
29,16,35
53,22,4
6,18,33
38,16,12
27,17,15
32,16,34
9,23,43
2,15,20
47,20,45
20,17,21
35,16,7
8,18,32
16,14,10
21,14,8
10,15,16
15,14,14
46,18,8
17,15,16
24,16,14
53,16,20
29,19,44
41,19,3
36,17,4
31,16,6
17,15,1
4,18,1
35,17,21
9,17,15
13,15,25
36,23,51
33,15,10
60,23,61
18,15,26
57,23,59
45,16,16
10,17,11
22,16,9
28,16,10
46,17,10
61,23,61
38,18,10
61,20,13
63,23,60
36,20,2
12,14,14
17,17,18
6,19,34
40,18,43
54,23,59
40,17,34
44,17,12
3,16,29
48,20,47
56,19,13
34,17,7
25,16,28
39,19,46
39,18,41
16,15,9
26,16,25
23,17,4
10,14,20
4,14,3
48,21,53
36,16,25
19,15,4
11,14,13
27,16,31
31,16,13
54,20,43
32,21,46
60,17,22
48,19,42
11,14,1
5,15,6
20,15,1
31,16,32
15,16,29
58,18,14
11,16,28
35,16,12
14,21,39
38,23,52
61,18,31
61,22,52
1,14,11
42,15,18
45,16,11
40,20,49
5,14,9
16,16,15
8,14,11
19,16,31
58,20,11
41,18,35
14,14,5
17,15,14
57,22,10
53,17,29
28,16,32
10,15,10
44,15,13
28,20,43
9,18,31
56,19,10
35,15,7
52,19,41
63,18,34
28,15,23
18,19,38
5,22,40
8,15,14
36,16,13
58,21,14
61,22,54
53,20,42
44,22,54
63,18,14
21,16,32
12,16,29
41,18,39
20,14,15
21,21,43
60,20,16
7,15,21
0,16,27
54,18,34
47,16,18
50,15,16
50,18,32
43,20,2
49,17,25
45,19,38
5,14,20
54,21,9
1,16,0
7,15,2
46,18,9
43,17,13
38,16,32
31,18,40
23,16,25
46,21,6
25,14,19
17,17,31
39,16,24
37,17,36
38,15,20
18,16,0
39,17,30
51,17,10
47,19,43
30,15,12
53,18,28
61,23,11
60,22,9
52,21,49
6,17,31
20,18,20
30,15,10
36,17,35
26,16,28
33,17,37
35,16,18
61,21,45
33,17,40
34,15,21
6,20,36
7,15,22
52,20,8
63,19,13
42,16,22
60,17,16
45,22,2
15,22,43
36,15,9
30,16,27
32,20,45
57,18,14
38,15,12
50,16,18
45,22,0
28,15,10
50,22,3
49,19,39
23,15,28
62,21,39
9,14,0
31,15,5
23,18,39
36,18,44
8,15,3
41,17,11
6,22,39
57,23,4
42,23,55
59,21,41
13,20,38
45,21,52
33,19,0
13,20,39
2,14,9
23,14,20
43,19,6
19,14,15
23,21,43
36,16,19
35,19,45
52,23,58
19,15,16
39,16,12
11,15,19
5,15,25
48,18,10
54,23,5
2,13,6
33,18,1
30,16,36
28,17,15
62,22,9
18,15,3
54,20,9
60,18,13
9,14,5
45,16,20
41,18,5
17,15,24
56,17,28
25,16,32
48,16,13
38,17,37
13,14,13
59,22,53
20,17,19
29,16,27
37,17,5
3,14,13
60,22,55
57,22,7
9,17,14
51,23,59
54,22,54
18,16,32
62,21,51
44,23,0
6,15,23
46,18,33
31,20,1
7,17,13
8,15,19
45,18,9
4,19,35
30,14,17
12,15,11
40,16,11
13,22,42
7,17,14
62,22,55
13,15,10
60,20,41
49,18,34
56,23,58
42,15,15
39,16,17
50,17,20
45,15,14
35,16,25
55,19,35
62,21,46
23,17,0
0,14,5
7,15,25
25,20,43
38,16,28
24,15,23
56,22,6
20,15,21
45,16,10
40,17,20
35,15,10
55,17,23
27,22,48
1,16,1
0,14,12
39,15,12
37,20,46
7,15,23
13,14,10
19,17,18
29,15,24
18,20,39
63,23,61
43,22,54
51,23,58
21,19,38
9,15,23
14,15,21
37,18,8
23,18,3
38,17,39
58,19,36
24,14,20
46,22,1
33,15,7
59,21,47
55,21,6
48,20,5
27,15,3
52,22,57
11,14,2
16,15,11
10,14,11
26,17,21
17,19,38
49,22,5
18,21,42
26,15,23
22,14,21
20,17,31
57,17,20
29,19,1
0,15,7
23,16,18
23,15,5
37,19,45
15,19,37
28,16,33
61,19,32
38,18,42
38,17,7
37,16,27
4,15,19
29,15,6
15,15,28
9,14,18
38,19,9
34,15,22
47,17,30
52,20,9
54,21,48
10,16,29
55,22,6
0,14,8
38,17,40
30,23,48
15,16,6
32,15,13
44,16,27
43,23,0
40,20,4
1,19,35
52,20,45
35,18,40
60,23,59
51,15,18
59,17,29
53,20,8
30,20,1
50,16,22
37,16,8
46,22,2
5,16,27
31,16,37
59,23,7
32,17,4
54,23,58
13,19,35
31,15,23
49,16,14
24,16,10
49,21,4
39,16,18
43,19,5
14,15,25
11,14,18
59,18,30
27,16,2
7,14,18
61,16,21
39,19,43
53,21,47
52,18,37
39,22,1
35,16,34
25,21,45
3,21,37
23,15,17
37,15,13
18,15,14
44,16,22
55,22,57
43,16,11
43,16,16
25,15,14
42,16,21
17,22,42
36,22,51
4,14,2
61,18,28
34,18,6
19,17,34
5,14,18
34,22,48
57,18,33
22,20,41
48,19,8
10,16,14
61,17,17
38,19,5
50,16,24
17,15,23
14,18,33
52,16,13
41,16,8
52,17,18
47,19,36
38,16,16
38,18,8
56,21,45
0,13,0
39,17,8
13,16,8
36,21,47
13,14,7
29,16,19
33,16,23
50,19,39
36,23,53
26,19,41
20,16,9
53,22,5
3,17,0
19,14,16
1,23,40
50,18,13
37,21,1
24,20,43
3,17,31
6,15,22
37,15,17
54,16,24
51,16,12
42,22,53
30,15,13
5,15,23
24,17,4
10,16,12
3,13,1
42,15,14
25,15,16
44,15,15
33,19,2
44,22,55
12,16,28
55,23,58
11,21,38
19,15,18
8,14,2
37,17,9
19,15,8
51,19,40
35,16,31
43,17,35
14,15,6
21,16,7
7,16,29
4,20,37
17,14,17
38,17,35
41,17,28
45,21,2
18,21,41
60,17,27
9,16,26
13,23,42
62,19,35
21,17,21
48,15,17
56,18,12
54,23,56
30,15,17
3,14,14
7,20,37
8,17,14
38,16,23
46,15,12
31,15,18
43,16,23
20,14,2
14,23,44
56,21,12
30,21,45
1,15,26
4,15,22
44,17,31
3,13,5
47,20,47
32,15,5
56,19,36
28,16,29
12,14,4
57,21,47
2,15,16
52,17,27
0,16,24
9,18,32
49,21,3
1,17,31
13,16,16
38,22,50
59,18,15
26,15,10
3,13,4
56,19,40
5,16,29
31,19,44
61,18,34
57,20,11
5,15,18
62,17,19
55,17,16
12,14,1
21,23,47
63,19,35
33,15,21
45,18,31
59,20,40
39,19,44
35,17,35
42,18,42
60,21,42
46,20,46
0,15,13
9,14,16
36,17,39
43,18,37
39,21,0
34,17,14
6,17,12
38,22,52
47,22,55
58,20,41
54,23,3
8,16,3
49,19,38
6,16,30
7,16,13
50,18,37
45,16,24
43,15,11
9,17,29
54,18,35
50,16,12
18,14,14
36,15,11
20,14,0
45,20,48
25,16,27
54,23,62
31,20,0
5,17,31
45,20,4
23,20,42
0,14,14
56,23,6
43,16,9
39,15,18
42,18,34
39,17,5
21,14,3
28,16,12
32,15,7
62,19,13
1,14,13
8,17,31
39,17,38
39,20,47
50,19,40
7,16,3
24,19,41
13,15,17
12,17,16
58,19,37
37,20,5
44,16,19
61,22,56
56,18,32
53,21,6
42,16,8
48,18,33
27,23,48
29,16,23
56,16,18
52,19,12
54,15,18
48,20,4
60,17,21
60,23,55
58,22,55
51,18,9
38,19,8
23,16,28
47,19,44
36,18,41
27,16,30
43,22,2
23,16,15
18,14,22
8,14,3
31,16,25
62,18,14
24,16,11
10,18,14
7,22,39
63,16,22
59,19,16
43,19,42
51,17,19
42,22,1
60,17,20
13,15,15
39,20,3
47,17,11
34,16,6
6,16,17
60,23,7
42,20,47
13,16,0
57,21,46
6,15,18
5,17,30
43,23,55
28,16,35
48,17,27
60,21,46
25,15,6
34,16,31
39,21,51
52,16,24
22,15,6
25,14,4
59,16,16
35,20,2
39,15,10
51,17,12
13,15,0
10,18,33
11,14,0
48,21,49
51,16,21
10,14,7
9,14,14
1,22,40
63,17,21
57,21,53
59,20,12
38,16,27
0,14,11
27,22,46
6,17,11
11,16,16
20,15,19
32,15,16
0,15,14
2,22,38
4,15,16
62,23,7
25,14,5
63,19,32
34,17,35
58,19,40
22,14,0
11,14,11
29,16,25
23,23,47
24,16,17
3,14,6
0,15,16
42,17,28
31,17,2
41,16,24
14,16,28
19,14,5
31,15,14
45,22,53
10,18,32
6,21,39
12,15,16
34,16,24
31,16,5
25,15,20
32,20,44
18,17,29
21,23,48
26,17,34
14,15,15
58,19,19
45,16,15
5,15,15
5,15,5
49,15,17
28,16,3
24,20,44
6,16,12
7,15,20
24,18,38
39,17,28
41,15,9
59,20,14
43,18,39
33,18,41
48,16,18
56,17,13
18,14,19
30,23,50
53,17,21
24,15,0
54,23,4
23,15,25
37,17,34
9,14,20
51,16,23
54,18,15
20,19,40
45,21,54
62,21,38
49,18,37
11,15,10
59,21,42
31,16,23
52,21,6
25,15,9
36,18,42
54,20,47
19,17,19
23,16,33
38,16,8
0,15,23
29,17,40
15,15,0
43,21,1
41,16,28
45,17,30
45,23,0
47,18,31
1,23,41
49,19,41
30,16,24
60,20,12
16,20,40
35,17,36
45,20,46
39,15,9
42,18,41
48,20,48
1,18,34
18,21,43
49,22,59
10,17,30
53,23,6
4,21,37
56,20,11
3,23,41
30,16,22
46,20,51
45,15,15
37,17,40
51,17,28
59,21,8
7,15,18
56,20,47
48,18,32
3,18,34
51,22,57
28,14,18
55,15,18
43,15,16
24,15,14
42,19,38
6,15,21
15,15,24
48,19,36
17,15,0
50,21,5
50,19,13
51,20,46
57,19,40
52,19,42
36,19,45
29,16,32
54,19,41
12,18,16
51,16,14
27,20,45
3,15,11
11,15,4
7,14,17
35,15,22
46,21,51
59,17,22
62,22,56
16,15,23
55,16,16
39,17,35
32,17,39
3,16,27
58,22,57
2,13,0
60,18,19
8,14,17
47,23,59
56,17,14
4,18,32
42,19,47
17,14,4
44,21,2
44,15,11
14,23,42
34,17,32
54,16,18
35,16,5
44,20,47
41,17,7
11,23,43
18,19,37
4,21,38
22,20,43
2,18,33
27,16,6
36,21,1
7,21,39
5,14,13
2,15,15
41,20,46
58,20,42
36,16,9
10,15,12
53,18,30
11,14,12
14,18,34
52,21,13
54,21,47
63,21,41
37,18,44
23,14,4
49,20,17
49,17,9
46,19,38
38,18,43
34,15,10
45,19,41
40,20,47
52,20,46
13,15,5
5,14,14
23,15,8
32,15,21
40,23,53
56,17,29
49,16,18
14,16,29
22,14,4
31,17,3
9,16,16
63,22,11
58,22,9
46,17,26
19,18,34
48,17,21
21,15,20
48,23,57
9,16,20
54,20,45
20,15,5
38,18,18
49,18,39
52,23,61
58,18,32
38,20,48
3,15,13
7,14,6
27,16,9
51,18,36
18,15,6
14,21,40
43,19,4
28,16,2
28,15,11
5,17,6
25,15,8
26,19,43
62,20,38
1,20,35
31,22,1
58,18,34
6,16,27
51,23,61
6,14,7
58,22,52
50,20,46
13,14,18
31,16,29
18,15,4
30,15,14
63,18,18
38,18,44
28,16,28
44,23,56
7,19,35
44,16,9
13,17,32
62,18,32
6,14,2
8,14,4
25,15,22
45,16,18
31,15,13
18,20,41
50,19,18
6,15,10
39,16,23
27,17,0
0,15,28
30,15,20
58,21,49
39,21,50
51,23,60
21,22,45
29,22,48
11,15,14
2,19,34
17,14,21
36,16,29
8,14,7
59,21,46
63,16,21
58,18,31
4,19,34
31,23,0
57,22,56
42,18,43
7,15,3
12,15,24
21,14,5
2,15,24
52,16,21
9,18,33
14,23,43
16,15,10
51,16,20
26,17,37
6,17,32
44,20,3
63,17,29
32,16,14
26,17,22
20,20,42
0,15,27
28,16,26
44,17,7
31,17,39
43,18,35
34,16,21
12,17,30
22,23,47
48,18,36
43,18,12
55,23,60
41,17,12
62,23,8
54,22,53
0,14,3
35,17,16
31,17,14
43,21,3
58,22,14
34,17,3
2,17,30
15,15,17
59,15,19
37,16,19
9,15,3
32,20,0
20,18,34
52,16,20
1,20,37
32,14,17
58,21,52
53,16,15
21,15,26
63,20,40
44,21,52
26,15,1
36,17,15
27,17,36
22,15,1
33,16,25
46,22,55
21,15,4
21,16,30
30,16,7
40,21,1
15,15,25
23,18,38
51,23,57
18,17,32
20,15,11
17,14,20
59,21,43
34,16,36
9,14,11
57,20,42
54,16,25
57,20,46
48,21,52
31,21,1
19,16,28
58,17,24
40,18,42
41,16,17
36,16,31
12,14,0
31,20,46
40,17,7
23,14,2
59,19,37
51,18,31
2,15,28
53,22,56
1,15,27
59,22,13
28,16,25
25,15,18
11,14,7
54,21,53
45,23,55
61,18,35
46,16,18
40,16,24
12,14,17
25,17,32
1,14,5
17,14,10
6,21,38
29,17,0
31,18,1
22,17,0
31,20,44
14,19,37
20,17,33
52,15,19
42,17,31
4,16,4
1,15,23
8,16,21
8,20,37
59,22,51
35,16,33
60,18,22
1,14,0
51,18,11
3,13,6
35,23,50
50,17,15
51,21,11
3,20,36
62,23,54
12,15,12
20,15,7
44,18,12
8,16,2
14,15,28
5,15,21
5,14,3
48,19,38
53,17,28
51,17,27
58,22,54
13,15,16
49,18,35
49,23,1
30,17,40
19,21,44
18,15,21
25,22,46
30,16,30
63,17,28
57,17,23
28,15,7
41,18,44
2,16,28
44,18,7
25,19,41
20,23,46
40,16,22
7,15,6
5,17,5
27,16,15
53,22,55
44,20,8
63,20,43
29,16,34
62,17,25
57,19,35
17,17,30
35,21,48
17,23,46
47,15,15
9,14,2
37,16,13
40,15,11
37,22,51
1,20,36
44,18,35
34,17,6
4,14,7
18,15,22
0,16,28
59,20,10
6,15,17
50,17,14
18,15,9
19,20,40
59,17,17
44,16,11
47,23,56
11,14,14
47,21,6
57,18,13
48,22,3
33,17,38
6,14,8
51,18,18
10,14,6
5,14,4
41,18,6
23,18,36
5,18,34
14,15,18
20,17,20
6,15,11
1,15,13
17,17,34
39,20,48
51,20,13
23,14,0
2,16,0
1,16,27
52,19,9
24,14,0
50,18,39
11,16,17
47,20,43
37,20,9
28,17,0
10,15,20
47,18,8
12,23,42
11,15,13
59,21,51
22,23,46
63,17,24
4,15,15
23,17,3
5,16,30
45,17,9
36,15,21
14,14,6
60,23,56
51,18,27
18,15,1
14,19,35
50,18,33
52,21,9
0,15,8
13,14,2
25,17,20
17,18,34
52,19,18
22,17,34
27,14,19
3,17,30
51,16,15
13,14,6
42,16,9
46,20,4
16,19,38
20,14,13
37,20,1
40,18,44
49,18,8
25,15,25
61,23,56
56,17,24
52,17,22
23,16,10
42,22,52
59,22,55
61,17,24
13,19,37
41,20,48
10,17,28
40,22,1
4,14,5
26,15,24
14,14,18
59,19,35
43,18,34
32,22,48
54,17,29
27,17,21
4,14,12
14,17,16
5,19,34
22,15,25
25,15,1
46,21,3
48,15,14
35,15,19
16,16,28
9,21,37
59,17,15
33,16,27
21,15,9
34,17,34
28,15,6
52,21,7
59,21,44
0,14,0
20,14,5
9,16,27
40,17,35
2,16,4
55,17,13
54,23,57
55,21,52
27,15,6
59,23,6
49,16,21
50,18,9
14,20,38
14,14,4
48,18,31
0,14,15
33,17,15
43,21,53
50,22,53
49,22,53
18,17,33
47,21,2
52,23,10
47,22,6
5,16,12
28,16,37
18,14,10
62,23,61
23,14,1
24,16,27
40,17,32
20,18,36
12,14,12
60,22,53
55,15,20
30,15,16
62,21,47
16,15,5
15,15,21
36,17,30
32,15,8
17,15,11
35,16,29
41,17,33
9,16,19
49,22,56
51,20,48
9,17,30
52,16,25
63,16,20
61,19,37
15,23,45
0,15,22
26,21,45
20,17,35
38,17,18
28,15,3
51,18,35
5,14,2
37,16,26
23,15,19
20,21,44
15,14,9
58,17,19
59,18,35
34,21,48
37,15,21
35,17,38
38,15,14
51,20,49
57,23,62
2,13,1
36,15,15
55,23,4
61,22,53
21,17,32
33,16,7
25,16,25
55,23,5
53,16,25
11,19,36
58,19,35
63,21,10
30,17,15
22,21,43
7,21,37
61,18,33
4,16,29
53,16,13
54,20,42
32,16,31
8,21,38
3,14,18
47,21,52
8,17,15
31,22,0
41,19,46
29,16,29
11,16,13
52,22,3
19,17,31
22,16,13
22,16,25
27,17,16
11,14,8
61,21,39
58,21,8
62,19,36
13,18,34
57,17,28
39,16,28
12,18,32
27,20,43
2,22,39
62,22,52
10,23,41
39,18,37
59,17,27
23,15,7
19,14,7
10,16,15
27,16,35
15,15,12
43,18,36
37,21,48
33,15,18
15,18,34
20,15,24
55,23,6
38,17,5
9,19,34
37,16,11
38,16,17
53,19,10
59,15,18
63,21,11
41,18,37
21,15,3
21,15,12
35,18,43
44,21,51
34,16,22
30,15,4
51,21,53
56,17,23
28,16,34
50,18,36
54,21,7
17,15,19
2,14,13
2,14,6
34,17,15
37,19,44
13,16,26
8,16,20
37,17,37
55,21,48
15,14,11
10,15,25
60,23,8
57,23,60
17,17,19
31,15,12
55,21,46
52,18,34
33,19,43
12,14,21
56,15,18
29,17,36
58,19,39
14,14,10
55,23,57
39,17,32
14,14,20
63,16,19
29,16,3
54,23,6
44,16,10
54,17,23
63,21,39
30,17,3
36,16,26
40,22,0
24,17,38
0,15,10
54,22,7
42,19,39
38,16,6
23,17,33
38,16,9
3,14,11
35,22,49
32,19,0
51,18,12
30,16,14
7,15,24
21,14,4
41,22,52
49,21,53
11,14,17
8,14,19
49,16,20
50,16,23
50,18,10
60,20,40
40,16,7
35,16,9
0,20,35
57,19,41
3,17,32
1,15,28
56,20,10
26,15,18
43,18,7
62,20,37
12,14,3
45,17,8
1,16,29
44,19,40
44,19,44
36,18,5
48,20,6
33,17,36
40,18,37
35,16,6
55,18,31
46,16,11
33,20,45
50,23,4
10,18,34
51,18,34
39,20,49
59,22,7
13,15,22
52,20,42
25,16,8
44,16,20
26,21,44
11,16,20
26,22,47
2,13,4
58,18,20
38,17,32
32,15,20
23,16,11
37,16,28
60,17,23
43,17,18
42,17,34
17,19,39
44,16,15
49,23,4
49,19,8
34,20,0
18,14,18
8,14,9
56,20,8
26,15,2
8,14,6
18,22,44
18,14,2
6,15,1
62,23,60
0,23,39
26,16,7
38,19,44
57,20,47
47,23,1
10,23,42
56,23,56
35,22,51
57,16,18
30,17,39
38,18,37
24,15,24
12,14,5
4,17,6
56,18,28
45,18,41
10,14,21
30,16,13
54,23,8
2,15,3
43,16,28
53,16,12
58,18,21
56,22,12
28,16,22
9,15,14
61,19,19
9,18,34
43,22,53
56,18,35
30,17,14
46,16,26
50,16,17
24,21,45
34,19,1
38,23,54
35,15,15
60,21,44
9,15,25
4,15,6
33,18,43
33,20,46
6,14,0
40,18,4
15,16,1
30,15,9
58,19,14
24,16,3
29,15,3
31,15,16
49,17,17
1,14,10
27,16,34
47,16,17
63,23,9
4,14,0
7,14,9
8,16,13
46,17,31
3,16,28
20,14,16
7,14,12
53,17,12
9,23,41
26,18,40
39,22,51
58,16,16
13,15,26
33,19,44
50,18,34
20,16,24
16,14,11
13,14,12
44,16,21
27,19,43
58,19,20
35,17,32
60,17,25
28,23,48
45,19,39
55,19,16
31,18,2
24,22,47
50,17,13
37,17,33
21,18,37
27,16,10
40,22,52
6,17,13
29,15,12
29,15,5
16,22,42
11,18,15
54,21,52
42,18,39
48,16,11
16,19,36
22,15,24
26,15,7
14,14,11
35,15,9
18,15,20
45,21,53
3,14,1
18,15,12
5,15,28
13,15,12
37,18,5
2,21,38
41,22,2
41,19,42
51,20,42
12,15,26
2,17,0
10,17,32
42,15,16
55,20,44
52,23,2
47,21,49
6,15,6
20,16,22
54,18,27
19,16,18
51,21,52
34,17,5
47,20,6
45,20,49
27,16,27
12,23,44
53,23,62
21,19,40
0,15,11
12,18,15
51,19,12
22,15,12
58,19,21
32,17,2
23,15,27
10,19,36
60,22,51
3,15,18
1,15,17
25,14,1
20,14,9
23,15,9
28,21,45
3,16,12
49,20,45
3,15,17
57,19,19
56,17,30
19,21,42
52,15,18
37,17,8
60,19,18
46,16,16
26,16,9
44,19,4
53,23,59
1,15,18
49,23,2
8,14,8
16,15,22
7,18,34
3,15,1
50,21,6
46,17,30
52,21,53
55,20,41
49,17,29
35,15,20
21,19,37
49,16,12
50,19,9
36,16,27
9,15,20
3,16,3
48,20,18
42,15,12
39,15,20
11,15,20
40,22,51
38,23,53
1,15,16
56,16,14
41,17,6
28,17,1
62,16,17
35,15,14
34,15,17
58,17,26
50,20,43
12,17,27
36,17,33
2,13,2
55,19,41
19,19,39
48,19,17
17,14,19
50,20,42
49,16,24
18,15,7
22,15,20
53,18,27
19,20,42
53,19,8
54,17,12
37,16,23
36,21,0
18,15,28
27,14,20
1,14,8
59,23,58
43,20,4
54,18,36
18,17,30
0,20,36
27,15,18
54,18,30
47,23,57
62,19,34
19,15,17
35,18,3
52,17,25
10,15,4
47,21,53
45,18,36
40,16,29
21,16,27
21,21,41
14,18,35
7,14,2
47,19,42
55,20,43
50,19,41
36,18,3
5,14,19
53,21,54
26,17,20
6,19,35
22,14,20
6,14,6
3,13,3
7,16,27
44,16,24
51,22,55
33,16,5
11,15,22
21,15,8
57,19,10
30,21,46
40,15,18
4,14,11
27,16,37
29,15,18
9,15,6
1,17,1
24,14,19
26,15,26
17,16,17
55,16,15
29,22,47
40,19,47
25,15,23
37,17,39
14,22,43
45,19,45
15,16,2
11,16,26
5,15,12
25,16,35
22,16,11
60,21,16
10,17,16
49,18,16
2,19,36
5,17,12
26,16,5
14,15,19
47,17,33
3,15,19
57,20,44
17,15,20
12,14,8
22,17,36
56,22,52
32,16,26
45,16,9
30,16,3
42,16,24
24,14,2
46,21,55
50,17,30
50,22,59
49,18,9
27,16,18
52,16,22
25,17,39
44,20,45
16,14,7
56,18,29
50,16,25
32,15,22
20,15,23
15,15,2
61,23,7
55,19,39
35,15,18
46,16,20
54,22,55
57,22,53
51,17,26
26,17,39
47,20,46
47,19,6
15,14,12
0,15,25
31,16,30
46,15,16
54,16,20
42,17,12
53,20,45
2,15,17
21,15,27
60,22,8
38,17,19
57,17,17
27,15,11
27,16,28
26,16,33
59,17,26
50,16,19
53,16,22
18,19,39
3,15,15
26,16,31
29,16,38
16,14,4
43,22,1
57,20,43
46,19,45
37,15,8
56,21,8
16,16,17
55,18,11
33,16,15
5,15,24
16,15,0
21,15,5
57,21,9
29,16,26
58,20,14
28,15,9
35,15,16
47,19,37
35,18,41
62,21,10
48,19,40
62,21,49
10,22,41
36,17,18
12,19,34
16,15,20
51,22,5
55,21,11
49,20,41
29,17,14
21,19,41
9,22,39
59,23,56
56,18,33
60,19,13
35,16,24
58,20,10
7,14,4
51,19,10
22,15,10
0,14,13
45,15,11
41,16,18
10,14,2
15,18,35
43,15,17
12,21,39
49,16,22
20,15,16
39,18,39
27,17,20
5,19,35
12,14,19
35,17,6
23,15,10
11,20,37
58,21,46
15,20,39
37,16,24
60,17,19
50,16,16
52,18,10
47,17,28
62,17,21
58,16,22
41,17,10
51,19,37
34,22,50
31,15,21
47,23,58
34,15,8
9,16,13
18,15,16
14,20,39
27,20,44
24,22,46
49,20,19
58,19,33
61,20,11
38,15,10
8,22,40
40,16,20
1,14,14
19,17,32
11,15,24
63,20,41
9,14,17
49,17,32
57,16,22
52,22,55
29,17,3
56,16,21
38,19,2
62,18,33
37,17,6
22,15,27
7,14,16
24,21,44
16,17,31
53,20,41
53,17,30
19,14,2
42,15,10
41,21,51
57,23,56
55,17,26
11,20,36
12,18,34
21,15,0
40,16,14
40,16,16
19,16,22
62,20,48
14,14,7
46,21,52
53,17,17
35,17,37
24,14,3
29,16,13
54,17,27
51,21,47
12,15,6
47,18,37
47,17,26
51,19,39
6,15,12
17,15,6
42,19,4
12,20,38
57,18,12
37,18,4
4,14,1
25,16,31
40,15,17
51,15,19
32,18,42
39,15,11
9,17,28
48,21,5
28,21,46
41,22,50
0,16,25
54,19,35
15,18,33
12,17,33
18,16,24
22,18,37
55,20,12
19,16,32
42,16,13
50,18,28
34,20,45
30,19,43
47,19,41
55,19,12
27,15,24
29,19,42
5,15,17
61,22,9
34,19,45
53,20,46
36,16,17
37,15,18
36,19,46
15,17,30
40,15,12
15,17,33
17,15,5
49,20,46
11,15,11
17,14,18
8,14,5
58,23,8
16,22,44
10,22,39
41,22,1
15,22,41
20,16,31
53,17,25
62,21,41
60,18,14
62,23,9
44,20,9
24,15,10
2,15,21
14,16,17
15,15,7
27,15,8
45,18,6
47,15,13
28,15,12
40,21,51
32,16,25
32,17,38
15,15,5
53,21,52
54,18,33
52,17,28
61,23,54
4,20,36
0,14,10
13,14,14
14,14,21
59,22,8
13,21,40
43,21,51
55,17,17
52,22,4
43,19,38
45,16,12
56,20,45
57,19,34
41,15,13
5,14,7
56,19,37
60,20,39
7,14,20
48,15,15
9,15,24
20,14,4
44,17,33
3,16,1
10,15,14
62,20,20
55,16,22
41,20,47
15,15,11
26,17,38
45,17,27
48,16,21
63,23,57
57,21,48
10,18,15
56,21,51
32,17,37
28,17,37
40,16,17
22,19,42
12,16,14
3,15,22
6,14,18
29,15,8
57,22,57
10,20,36
8,16,19
54,16,21
40,21,50
49,18,28
36,16,12
23,16,17
26,20,45
56,16,17
27,15,21
11,18,16
56,21,46
48,18,8
24,17,36
21,14,19
44,18,40
56,20,13
31,16,26
28,14,19
8,15,26
59,19,38
32,16,19
3,19,34
29,14,17
47,17,25
45,18,33
63,23,56
45,20,51
47,16,21
55,22,8
32,23,49
15,16,30
52,20,47
51,22,4
10,17,27
55,23,61
56,19,35
29,17,2
3,15,14
28,15,4
34,16,32
0,22,40
33,22,50
36,19,3
15,15,9
33,15,22
26,16,35
51,19,8
61,23,58
6,16,28
57,20,45
47,20,49
58,16,17
7,16,12
49,23,57
10,14,10
16,14,6
1,15,22
23,14,19
49,18,30
37,16,22
46,17,29
28,17,21
27,15,2
2,17,2
26,16,26
46,16,23
29,15,16
63,21,48
20,14,1
59,22,50
31,15,4
47,15,17
31,17,13
50,23,59
50,19,42
46,21,50
52,18,16
6,21,37
13,15,27
41,21,52
42,19,48
11,17,14
31,16,35
19,16,30
27,16,33
2,17,32
39,15,19
62,21,43
47,18,32
41,16,20
8,16,15
26,21,46
21,15,1
51,17,18
9,17,12
51,20,10
28,15,15
11,18,33
53,17,18
60,20,11
20,20,40
54,17,15
0,15,18
60,23,57
42,17,9
8,16,4
43,20,50
35,21,49
23,16,29
2,20,37
58,18,36
37,16,12
1,16,28
40,18,38
7,16,30
22,14,2
56,19,39
46,23,58
21,14,10
46,18,6
40,15,16
49,17,27
12,14,20
25,23,47
63,22,55
21,21,44
59,21,10
58,22,53
9,15,2
47,17,8
37,15,7
57,17,27
19,15,21
31,18,41
45,19,6
57,18,21
17,15,15
60,19,14
36,17,40
7,18,32
0,16,29
22,16,20
45,23,57
26,16,24
23,15,13
49,18,32
4,16,5
58,17,22
55,23,62
30,23,49
52,18,19
42,17,32
22,16,31
42,18,36
52,21,8
53,18,31
32,16,27
38,15,8
44,21,1
25,16,34
1,21,37
58,18,29
47,16,19
19,14,18
48,21,51
26,23,49
46,16,12
12,16,26
19,16,19
45,19,9
29,16,20
12,15,5
26,16,10
6,16,5
17,16,32
29,18,42
20,15,22
17,16,20
61,17,21
2,14,16
29,15,19
15,16,14
11,22,42
10,23,43
6,17,14
47,22,57
37,15,14
63,16,24
14,14,2
50,19,35
4,16,28
55,20,49
24,23,47
4,14,15
32,16,24
0,18,33
25,17,37
37,21,50
6,15,20
7,15,0
51,16,16
16,14,9
46,19,40
5,22,41
60,21,48
4,15,21
41,15,15
36,17,32
40,16,26
21,14,6
20,15,27
43,17,32
56,19,12
37,16,18
57,17,14
16,14,1
3,14,3
3,22,39
44,17,32
44,18,36
17,15,28
24,15,9
56,23,61
41,23,54
26,22,46
8,23,41
46,18,32
48,18,37
53,16,16
12,14,13
6,16,6
54,20,7
56,21,52
16,21,40
50,23,1
50,18,29
49,19,45
19,15,20
49,22,2
17,20,39
41,22,51
50,23,58
34,16,34
44,22,1
39,20,2
20,19,38
15,16,15
1,14,6
56,18,36
13,17,30
35,18,5
61,16,16
43,18,38
22,16,32
22,14,1
37,17,30
54,22,9
41,16,13
52,22,8
41,16,21
26,15,0
24,17,35
23,14,5
62,17,20
55,19,36
63,18,33
53,20,44
7,18,31
55,16,18
38,16,31
49,20,18
12,15,1
54,19,43
17,14,13
53,18,33
39,17,33
36,15,10
47,18,34
31,16,11
49,18,38
30,14,18
23,15,23
19,15,25
3,14,9
55,20,7
60,21,49
22,15,26
2,14,0
33,15,19
57,20,10
4,15,23
49,20,48
54,18,16
52,20,11
18,15,24
9,14,8
46,21,2
29,15,4
50,19,8
26,17,0
45,18,32
46,17,28
52,22,10
54,18,32
32,16,36
60,21,9
55,18,15
26,17,36
20,14,10
37,15,20
31,17,37
39,19,45
36,17,16
30,16,15
13,17,17
34,16,30
30,16,28
38,20,46
35,16,32
34,20,46
17,16,30
33,16,31
52,17,30
25,15,27
5,14,15
27,17,2
11,14,3
28,15,21
22,16,0
32,15,23
48,16,24
17,20,41
16,18,35
50,16,14
9,20,36
45,15,16
29,15,15
10,14,16
3,20,35
50,17,11
53,19,9
59,17,24
3,18,1
15,14,7
63,19,34
51,22,54
12,15,9
5,14,11
59,19,39
63,18,17
51,17,21
43,16,20
43,17,11
44,19,8
5,16,15
60,21,39
47,20,50
0,14,2
32,15,6
13,16,29
30,17,1
35,16,13
42,19,42
26,15,12
27,15,7
34,16,7
24,16,33
56,18,20
55,17,29
10,15,11
39,18,4
23,20,43
34,20,1
60,19,15
58,16,18
55,17,14
32,15,10
35,18,42
40,23,52
24,16,22
57,17,24
30,18,39
38,22,51
61,22,10
53,18,32
63,22,9
63,18,15
28,17,38
49,22,57
27,17,22
36,16,11
57,22,8
12,21,38
57,16,16
48,16,20
12,15,14
2,23,40
38,19,3
2,15,26
19,17,20
55,17,15
43,16,25
7,14,3
36,18,16
55,16,21
29,16,33
60,22,52
23,15,4
46,16,25
6,15,28
49,16,25
11,14,16
12,17,29
35,18,6
19,14,11
22,15,22
1,15,14
61,23,8
39,17,7
20,15,12
43,16,13
10,16,13
36,15,16
30,15,11
35,17,4
48,16,25
9,14,12
23,18,37
46,21,49
12,19,35
15,14,4
3,16,0
36,15,22
12,15,25
2,17,31
13,14,21
16,14,0
20,21,43
4,16,16
29,20,45
38,21,49
11,14,5
0,19,33
38,18,40
62,20,39
20,23,48
55,22,54
58,17,14
25,16,17
8,16,28
21,16,22
49,21,49
19,16,8
17,15,25
52,17,29
23,15,16
27,21,45
17,15,21
54,18,31
2,15,18
3,14,7
59,20,41
60,17,29
59,18,33
24,23,48
58,18,30
22,16,33
25,16,9
1,14,4
41,23,2
52,19,36
53,17,31
3,14,4
11,14,19
32,15,15
4,15,24
49,16,15
55,23,56
31,17,5
33,16,22
49,15,14
33,16,33
13,18,35
45,16,23
45,15,10
5,17,7
11,14,9
15,17,31
8,22,41
49,18,17
45,16,25
25,15,10
56,20,12
27,15,22
55,19,40
35,19,3
58,23,56
54,16,16
58,16,21
8,18,33
46,18,36
32,21,48
6,19,33
57,19,42
7,16,19
48,16,15
5,23,41
59,19,13
50,20,50
0,15,17
46,19,5
46,18,37
9,14,6
27,15,16
16,15,27
38,21,48
8,15,1
43,16,19
46,20,44
55,19,34
52,17,20
41,18,31
22,17,21
61,22,50
49,22,3
13,16,27
15,14,10
32,18,2
46,18,38
47,16,24
2,22,40
56,22,50
56,23,57
27,15,4
16,15,15
55,17,28
31,16,21
43,18,5
4,14,18
55,17,22
30,15,21
34,16,23
12,22,40
52,19,13
19,15,15
33,15,11
63,16,23
63,22,57
58,18,33
27,15,15
31,16,34
39,16,8
19,14,21
45,22,56
29,22,46
20,15,3
2,14,3
14,14,13
4,15,26
1,17,32
27,16,29
14,14,8
42,20,49
18,14,15
49,17,31
32,16,35
50,16,21
31,16,31
18,18,37
44,16,25
37,22,0
25,18,41
30,21,1
61,19,36
57,17,26
63,17,17
23,19,41
57,22,51
16,14,21
55,19,42
63,22,54
59,23,8
54,16,14
21,19,39
2,13,3
28,17,2
5,23,42
36,16,21
61,21,48
61,16,18
11,14,10
39,17,6
48,17,9
48,20,44
57,21,51
25,15,7
24,15,17
49,21,54
41,17,32
50,15,17
50,17,12
37,15,19
23,15,11
49,22,55
53,18,34
21,14,11
36,17,12
24,20,42
42,17,10
29,20,1
8,16,16
43,18,33
61,22,11
50,19,37
15,21,42
49,23,61
10,15,1
50,15,18
25,23,49
33,15,14
48,17,29
41,16,9
14,15,22
27,15,5
41,17,36
56,20,42
49,21,51
16,16,14
2,17,1
40,22,2
19,14,12
7,18,33
2,18,34
36,17,41
56,21,49
36,16,32
61,21,11
47,16,16
0,23,40
42,22,0
21,15,7
62,23,59
19,15,5
42,17,6
43,21,52
3,19,36
23,15,22
11,15,21
16,23,44
25,16,22
30,16,20
17,14,14
10,21,39
28,20,44
56,17,27
22,16,17
10,14,4
24,15,19
19,19,38
58,21,51
4,18,34
58,18,35
6,14,19
32,17,3
28,16,1
29,15,7
36,15,14
38,16,14
25,17,33
21,14,20
41,22,0
2,14,8
30,20,44
50,18,18
36,21,49
20,15,15
0,15,21
47,17,9
22,21,45
44,16,17
12,21,40
28,15,5
61,17,29
25,15,11
34,15,13
52,20,10
42,16,18
20,23,47
10,14,5
35,16,17
19,14,19
16,17,32
53,21,49
30,16,29
60,21,47
20,16,32
26,15,16
1,17,0
49,18,10
44,16,13
59,21,14
39,18,43
4,23,41
11,14,15
19,22,44
33,15,20
9,15,0
42,17,8
20,14,21
51,19,13
16,14,5
33,16,32
43,17,6
26,16,32
17,17,29
52,17,31
47,15,14
11,23,42
34,16,20
22,15,17
42,15,17
4,14,4
10,22,40
46,21,4
27,15,20
50,20,13
18,15,17
6,15,25
49,16,17
17,14,7
11,14,21
35,16,26
43,15,12
27,18,16
4,15,13
57,19,13
58,17,23
15,14,2
59,18,14
42,17,29
17,22,43
17,15,18
50,21,49
41,19,5
41,17,30
50,23,5
38,17,38
52,17,16
31,14,18
60,23,60
51,19,18
59,21,9
30,22,48
21,22,46
16,14,2
59,16,19
11,17,16
4,17,1
33,15,13
52,20,48
34,21,0
16,16,2
40,21,49
55,19,37
59,23,59
12,18,33
27,16,32
60,22,50
32,18,40
44,17,28
14,16,16
31,21,46
1,14,15
19,14,8
43,16,24
33,15,17
39,16,21
44,17,27
38,21,0
4,15,25
31,22,49
56,18,13
35,20,0
61,21,43
28,20,45
29,16,22
6,14,1
6,14,14
26,17,15
39,15,14
55,20,11
50,22,52
62,18,35
24,19,40
20,16,13
16,15,18
1,15,1
37,18,39
0,15,6
48,17,18
49,19,43
57,17,22
17,14,16
13,15,2
60,22,54
3,14,15
58,17,28
24,15,4
47,16,12
43,17,34
49,23,58
61,23,55
37,18,10
62,19,14
60,17,15
47,17,10
34,17,38
30,18,1
6,14,20
41,19,45
3,15,0
46,18,31
22,17,35
32,19,44
50,19,17
55,17,12
18,14,8
6,14,16
60,16,19
39,18,44
8,14,15
44,20,48
38,15,17
51,22,56
34,16,35
50,19,44
10,17,13
55,21,50
46,19,42
63,20,14
15,15,26
20,14,8
51,19,44
55,22,51
28,19,43
4,14,16
40,15,19
34,19,44
61,20,37
24,18,37
21,20,43
12,14,10
39,18,5
8,15,20
50,17,29
38,16,21
23,15,26
55,16,19
57,17,29
54,19,42
0,22,39
20,14,17
19,16,9
44,18,33
62,23,55
47,19,40
36,17,38
32,15,18
21,15,21
37,23,53
58,23,58
26,16,0
18,16,31
4,17,30
35,17,5
56,19,41
46,23,1
51,17,30
63,19,37
22,19,41
40,17,29
23,16,31
53,19,41
44,15,12
24,18,39
27,17,37
37,17,4
63,21,42
22,15,5
3,14,2
8,20,35
14,16,31
4,23,42
36,15,6
63,22,51
42,19,41
31,17,1
50,17,16
56,21,13
5,23,40
28,16,24
7,22,40
2,15,14
13,14,0
54,22,57
51,19,41
23,15,18
43,21,2
40,18,41
32,16,28
58,23,61
31,17,40
40,16,21
7,14,13
15,14,8
48,16,16
41,15,11
43,17,30
62,16,20
27,16,3
31,16,24
63,18,16
35,15,8
51,17,29
57,18,34
48,17,10
25,18,40
22,15,4
62,21,45
53,16,17
33,17,4
2,14,7
61,23,10
24,16,23
42,21,52
23,19,42
22,15,23
43,16,22
48,20,42
3,23,40
41,18,41
41,16,10
25,15,12
56,20,46
42,18,37
31,19,0
63,19,36
20,16,28
12,15,22
41,15,19
38,17,30
49,19,19
11,18,34
21,16,24
53,21,51
42,19,44
15,16,23
34,16,19
61,18,15
46,20,5
55,21,7
42,16,23
19,15,6
50,18,38
9,14,13
63,20,39
30,16,33
57,18,20
44,18,37
35,20,45
54,17,16
16,16,31
46,16,22
11,15,12
8,15,24
57,20,41
17,18,35
60,19,16
28,18,41
16,14,3
3,14,8
32,16,11
5,16,16
58,21,47
52,16,23
34,16,14
22,22,46
52,18,28
41,20,50
47,22,4
49,21,5
61,17,20
36,18,38
21,14,12
46,23,55
51,15,20
38,21,2
50,19,16
43,20,45
19,17,35
52,18,31
27,14,18
60,18,15
21,15,15
16,15,4
54,19,39
30,16,5
48,17,25
29,20,44
6,19,36
48,18,38
29,17,4
19,23,46
15,14,21
6,16,16
18,14,6
2,14,5
62,18,16
32,15,17
27,17,38
19,20,39
34,16,5
5,14,5
2,16,3
45,23,58
59,19,12
15,15,15
34,15,14
45,18,35
50,23,60
18,15,11
53,21,48
19,15,7
55,18,32
48,17,30
33,15,9
37,19,46
39,16,30
59,17,23
41,20,3
33,16,19
55,19,10
55,16,14
8,15,15
28,15,20
35,16,8
61,17,16
52,18,13
19,22,43
31,16,27
42,19,43
1,15,20
12,16,9
39,16,7
46,15,10
22,16,29
62,17,28
52,19,40
59,23,60
19,15,11
53,16,21
45,18,39
18,23,47
3,18,32
47,21,7
52,19,8
50,18,31
62,21,42
13,15,21
54,21,51
59,21,13
38,17,6
20,19,37
53,23,8
52,21,10
11,17,31
35,19,2
52,18,32
6,17,30
24,16,4
30,16,26
8,22,39
27,18,21
32,22,49
40,19,4
47,18,7
10,15,3
46,19,41
62,22,53
19,15,19
39,17,29
49,20,47
58,23,54
54,15,20
17,16,19
27,18,39
28,16,15
52,16,18
21,16,15
24,16,1
39,16,31
61,23,59
8,23,42
63,21,40
22,17,32
4,17,7
33,15,12
5,21,37
7,15,13
21,16,33
34,20,47
24,19,42
23,16,34
17,16,18
42,15,11
49,18,33
41,16,27
32,16,6
13,14,9
36,19,2
47,16,23
19,17,21
36,20,46
45,19,40
37,23,52
2,14,10
22,14,3
16,16,29
45,23,1
15,14,15
12,16,15
30,21,47
52,19,11
55,15,19
3,16,5
34,15,18
7,14,14
47,16,11
14,17,31
14,19,36
7,23,41
48,15,16
54,19,10
52,16,12
62,17,17
39,23,52
48,18,39
18,14,16
15,14,0
8,20,36
43,20,49
46,18,34
23,16,4
34,18,2
60,21,10
5,15,22
17,14,12
59,20,39
14,15,12
59,18,34
17,22,44
37,16,17
43,17,33
4,15,18
30,15,6
30,17,37
42,16,10
53,23,57
9,15,19
31,19,43
23,18,4
15,15,27
42,20,50
45,17,33
56,21,48
8,14,0
46,20,48
43,16,17
18,20,40
17,15,26
0,16,0
8,15,8
32,19,42
23,16,1
58,22,50
20,22,44
60,17,17
45,17,34
41,19,6
11,16,15
59,20,38
0,21,38
42,17,33
35,15,13
51,16,25
34,15,20
54,21,6
54,19,8
17,20,38
47,21,4
24,22,45
2,15,1
44,23,57
21,15,6
7,17,31
55,18,16
13,14,20
4,14,17
17,14,2
16,16,30
60,16,21
26,20,44
31,16,3
32,16,33
37,20,4
49,20,49
51,16,19
27,15,23
53,20,49
44,20,46
24,16,28
44,19,9
9,19,36
52,22,5
30,15,8
41,21,2
23,19,40
34,18,41
15,15,4
61,21,10
3,17,1
39,16,22
31,15,15
34,16,8
61,20,38
55,20,42
63,16,18
9,16,28
27,16,24
14,17,30
61,22,51
3,20,37
16,15,24
51,19,9
61,21,47
52,22,11
42,21,50
34,17,37
45,19,4
22,15,7
11,16,27
47,21,5
51,23,5
44,16,26
51,18,33
35,17,34
38,17,8
19,14,13
32,16,23
39,18,38
31,16,20
63,21,47
1,19,34
12,14,16
14,14,12
48,21,7
14,15,16
6,23,42
41,16,26
56,18,15
56,21,47
48,20,17
23,15,24
56,22,49
45,15,12
38,20,9
18,15,5
21,16,20
1,18,0
24,18,40
36,16,30
14,17,33
46,18,35
28,18,42
31,21,47
19,15,12
7,17,11
58,15,18
13,17,16
60,18,35
52,15,20
32,16,30
35,15,17
45,15,13
8,14,1
60,21,45
63,17,23
8,16,29
57,19,38
21,15,23
8,15,18
31,15,6
58,21,13
15,15,16
19,19,37
53,19,43
39,17,34
46,20,50
33,17,3
18,16,19
48,19,6
27,15,14
62,21,50
20,17,32
50,16,13
17,14,15
44,20,4
31,18,42
38,16,18
41,18,38
36,18,4
9,17,32
8,15,25
12,16,27
26,15,27
49,20,5
37,17,32
62,20,11
16,14,19
38,21,50
53,17,23
28,15,18
52,16,19
14,17,17
6,20,37
12,15,13
19,16,29
48,20,50
48,19,44
1,14,7
35,16,21
24,17,34
49,15,18
54,20,48
22,16,15
35,17,40
56,17,26
20,15,25
42,18,6
3,13,7
17,21,41
29,16,12
26,15,6
9,14,10
37,20,48
21,15,19
20,18,21
32,18,3
57,17,25
13,16,9
32,17,13
34,18,4
28,17,14
45,17,31
17,23,45
56,22,5
39,17,37
2,15,11
11,22,40
57,16,19
51,23,4
58,17,25
19,15,1
22,16,28
12,17,32
47,20,4
46,16,13
1,14,12
51,23,2
40,17,28
54,19,37
6,15,27
26,23,48
8,17,13
58,22,8
38,20,3
42,16,28
49,21,55
51,19,38
56,19,38
63,20,13
44,18,39
58,19,38
22,16,8
38,17,9
33,20,0
8,16,12
21,15,10
60,18,33
40,15,9
2,20,35
37,18,3
9,15,21
4,14,10
20,20,41
1,15,15
5,15,10
44,18,10
19,15,14
62,18,29
57,19,12
36,16,18
58,19,11
48,19,45
53,20,47
59,21,48
31,16,33
9,22,40
44,16,18
32,19,1
62,23,11
10,16,19
4,15,14
47,21,3
37,23,51
7,17,12
16,14,15
54,16,13
27,17,39
11,15,3
14,21,41
57,23,6
10,17,15
0,14,7
4,21,39
18,16,29
27,16,26
49,23,6
15,14,3
44,22,2
35,16,30
22,20,42
54,20,44
46,20,49
30,16,31
31,14,17
48,19,7
26,16,30
50,21,51
9,23,42
23,22,46
47,17,29
37,19,2
53,18,11
57,17,15
19,16,23
44,18,41
44,19,45
38,16,19
50,17,28
15,15,1
37,15,12
11,21,40
50,17,18
41,17,37
25,19,43
47,19,5
7,15,14
24,16,5
47,20,41
23,16,14
54,21,50
6,14,9
23,16,16
57,21,52
8,21,39
29,18,0
40,16,27
32,16,32
23,16,32
46,16,17
8,14,10
62,20,12
38,21,1
60,17,26
53,23,3
24,15,15
60,20,38
31,16,4
24,15,5
46,17,8
15,14,5
50,21,52
21,16,8
5,15,16
31,19,42
5,18,32
18,14,11
54,16,17
36,16,5
17,16,29
52,18,33
0,15,15
34,15,19
63,19,19
24,14,21
6,14,10
49,17,10
29,17,38
45,19,46
8,18,34
55,18,12
45,16,21
10,15,21
46,19,43
10,15,19
56,16,16
51,17,22
40,18,40
58,21,9
11,15,23
48,16,12
49,17,28
39,19,5
33,16,14
36,17,37
46,16,19
38,16,29
40,17,6
45,16,13
43,16,27
8,15,27
5,14,17
11,17,30
52,18,12
55,20,9
37,15,9
44,18,38
10,21,40
61,23,57
24,15,20
61,17,23
52,19,38
18,15,15
19,14,14
38,20,5
57,15,19
39,16,26
36,15,8
3,15,20
7,21,38
53,23,60
47,16,10
15,22,42
43,19,46
15,15,23
41,15,16
10,18,31
49,18,27
33,18,40
10,14,0
35,17,22
51,23,62
28,15,13
44,19,10
57,21,13
6,14,4
54,16,19
16,15,17
28,17,39
35,21,0
1,15,25
13,15,1
27,19,41
52,20,44
10,15,15
48,23,2
6,16,1
26,14,20
38,19,46
54,22,52
8,15,21
62,22,54
37,15,16
43,16,21
38,16,13
59,22,56
49,20,42
55,16,17
32,17,40
9,15,5
45,19,43
47,22,2
34,15,15
43,15,18
12,19,36
11,20,38
17,21,42
39,17,18
37,18,9
59,17,16
58,20,12
23,16,0
50,22,56
10,20,37
13,14,19
57,16,20
21,15,25
40,15,13
50,16,20
2,15,4
19,23,45
53,21,8
45,16,19
6,15,19
22,16,3
26,18,0
58,20,13
45,16,17
52,23,57
37,22,49
59,20,19
58,23,7
27,15,10
41,17,8
53,18,10
18,16,18
50,20,47
63,21,43
41,18,32
27,16,1
27,15,12
7,16,14
48,18,7
56,20,44
30,20,45
38,15,15
45,17,26
19,18,20
30,19,0
27,16,4
54,22,5
35,16,15
7,17,32
45,22,1
4,15,12
3,19,35
49,19,17
12,17,17
41,17,35
9,15,7
26,15,3
56,22,51
53,20,7
33,21,48
35,19,44
50,22,55
53,21,53
45,16,22
44,19,39
55,22,50
27,17,14
45,18,7
53,17,26
49,17,11
29,19,0
61,18,29
44,20,5
16,14,8
56,22,57
4,14,13
37,16,7
38,15,16
7,23,42
31,16,36
32,15,9
10,14,3
62,21,48
25,16,23
48,18,35
19,14,0
9,19,35
16,18,34
25,15,5
2,14,15
38,18,39
58,20,44
16,17,33
52,22,59
43,16,18
63,18,32
36,22,50
40,19,46
61,18,14
62,17,23
9,16,15
10,17,12
51,21,51
16,20,38
36,16,33
2,15,0
60,21,40
59,17,21
41,19,43
10,14,12
35,17,7
2,21,37
30,18,40
21,15,18
61,23,9
53,19,35
3,14,0
2,18,32
41,19,47
9,16,4
31,19,1
0,22,38
7,15,26
41,18,36
34,15,16
50,18,8
41,21,1
11,14,6
48,19,18
38,19,45
18,14,12
55,21,49
3,15,25
15,14,17
52,23,5
51,18,19
40,20,1
17,15,7
38,17,33
41,23,0
62,23,57
37,21,0
21,14,21
60,18,31
58,16,20
52,20,43
18,23,46
22,15,14
6,14,13
57,20,9
49,20,6
47,18,38
56,21,50
10,20,38
50,21,47
51,22,53
50,19,38
30,16,2
30,18,42
24,16,32
54,16,22
58,20,9
59,19,32
45,23,56
20,15,18
51,20,43
49,20,7
33,16,10
62,17,27
57,22,55
0,15,20
44,20,49
37,16,16
63,17,26
36,16,23
41,15,20
61,21,46
52,21,50
20,16,29
31,15,9
56,23,5
22,15,21
42,20,3
29,16,28
20,16,20
13,23,43
25,19,42
58,21,50
26,16,8
15,14,19
43,19,43
39,18,42
24,15,18
63,20,47
29,19,43
17,14,5
43,22,52
37,19,4
53,21,5
9,17,16
36,22,49
51,22,59
4,15,20
47,19,39
44,15,14
10,16,28
8,15,22
0,15,12
11,17,32
48,20,49
52,18,36
30,15,15
48,20,46
22,18,38
45,20,50
41,21,0
49,21,50
51,18,37
22,22,45
54,17,31
2,18,0
57,18,22
61,20,12
20,20,39
6,15,24
50,19,45
26,15,4
56,18,14
63,22,52
26,15,22
16,15,13
52,19,10
55,18,13
9,21,38
62,18,34
55,20,48
25,21,44
43,17,8
2,14,2
46,19,44
44,16,23
28,22,47
22,14,6
47,20,51
63,21,49
33,16,8
28,15,22
7,15,27
50,23,6
42,18,38
54,16,23
14,15,0
58,21,12
62,22,11
21,17,35
60,16,17
17,15,22
2,13,5
23,16,3
49,18,31
29,15,10
40,17,36
24,15,26
6,18,34
35,20,47
34,22,49
16,22,43
22,14,8
10,15,22
26,15,14
60,21,51
31,17,4
21,16,31
51,21,49
51,21,48
23,19,39
40,20,3
61,17,25
18,22,43
0,17,30
55,20,10
49,23,5
12,14,6
24,14,5
4,15,17
30,17,2
63,21,50
55,22,53
34,17,39
57,18,29
43,20,3
30,16,37
7,14,15
7,20,36
28,16,31
39,16,27
8,16,18
41,16,19
8,19,36
16,15,28
12,14,15
23,21,44
15,21,41
0,21,37
21,18,36
51,17,20
30,15,22
60,21,41
12,20,36
7,15,8
58,23,59
7,14,0
39,17,39
42,23,0
59,17,28
33,23,49
37,17,10
58,23,62
33,18,42
35,19,6
54,18,14
37,22,50
27,19,42
51,22,52
22,17,1
57,16,15
29,14,18
54,17,26
56,20,48
3,14,5
18,15,0
63,19,14
2,19,35
24,16,25
48,16,22
36,17,36
51,15,17
35,20,1
50,19,43
19,16,20
14,15,20
27,15,19
57,21,45
57,21,14
61,18,32
19,15,23
43,19,9
43,22,0
22,15,8
38,16,20
41,15,18
25,20,44
58,22,13
50,16,15
13,15,14
43,16,26
11,17,15
38,18,5
1,13,1
10,15,7
59,22,52
41,16,22
32,22,47
28,15,8
48,16,23
56,20,9
5,14,10
5,22,39
8,14,14
54,17,25
3,14,17
37,19,3
2,14,11
35,16,28
11,14,20
45,17,28
32,16,13
52,19,43
48,22,57
29,15,17
39,19,3
43,19,47
61,18,16
30,16,4
15,19,35
53,16,18
38,15,13
12,14,2
62,18,15
48,17,26
47,19,7
14,14,3
51,20,9
45,22,55
21,15,16
25,23,48
44,20,51
10,15,23
57,19,14
60,23,6
35,17,41
2,15,22
13,14,15
48,16,19
52,17,23
56,16,19
22,14,5
39,16,29
38,16,26
18,23,45
63,22,10
3,22,40
44,19,5
16,14,20
47,18,36
6,17,29
37,16,9
28,16,20
43,16,10
31,15,8
51,18,38
5,21,39
11,17,28
53,19,11
61,20,39
63,17,16
46,22,56
49,16,11
11,15,0
41,23,55
27,17,7
45,21,9
13,15,3
38,16,10
2,14,1
58,19,12
1,15,21
9,14,3
26,16,1
54,17,30
4,14,19
27,16,14
33,16,36
52,20,7
48,21,54
44,20,50
33,15,8
11,16,11
6,16,29
21,14,2
12,16,17
15,23,44
45,17,29
54,15,19
50,21,48
58,21,45
43,15,15
18,14,13
51,19,43
21,18,38
13,15,23
12,15,20
30,15,7
29,16,24
52,16,15
32,15,12
12,23,43
30,15,23
55,18,35
38,18,9
58,23,57
9,14,1
26,15,5
29,16,21
58,23,60
37,15,15
59,19,19
19,14,4
59,18,32
44,19,42
60,19,34
38,20,4
47,20,5
9,15,4
15,23,43
61,17,22
53,22,8
22,15,9
56,23,4
36,23,52
17,14,6
17,15,27
20,18,35
63,17,27
14,20,37
51,20,44
8,19,34
51,22,3
18,14,3
30,22,1
2,20,36
34,16,33
51,22,58
55,20,8
40,18,39
39,23,53
38,20,2
49,19,40
55,23,3
63,18,19
15,16,7
48,15,13
53,23,5
18,16,30
60,23,58
56,16,15
4,14,8
61,19,12
57,23,57
38,17,29
21,20,42
25,15,4
16,15,25
62,17,16
56,17,22
62,16,18
30,16,25
21,15,2
57,18,19
52,23,3
50,21,4
30,17,38
18,15,19
31,18,3
30,16,23
7,14,19
15,20,37
3,13,2
6,16,10
21,16,17
46,23,0
33,17,14
55,22,5
52,23,62
46,19,6
26,15,21
10,14,17
39,21,1
43,17,29
18,15,18
30,18,0
63,20,19
0,17,32
43,18,40
50,19,12
57,22,54
58,15,19
6,16,13
25,15,3
20,14,12
46,15,14
5,16,7
14,15,27
53,23,4
31,15,10
60,16,18
19,23,47
56,17,21
43,17,27
41,19,4
61,16,20
36,18,40
37,20,2
9,14,15
55,17,30
54,20,49
25,16,20
19,18,35
57,21,8
27,16,0
1,18,32
13,18,33
30,16,19
37,17,7
13,15,4
29,23,50
22,19,38
63,16,17
54,19,36
7,16,11
63,22,56
30,19,44
60,19,35
4,22,40
51,21,50
15,17,32
13,14,1
53,19,38
33,16,34
7,15,1
25,14,3
13,14,4
38,16,25
53,16,23
7,19,34
33,16,4
41,17,31
42,18,35
32,15,14
40,21,2
50,17,31
33,23,50
63,18,31
25,15,24
42,18,31
39,15,15
57,21,50
31,20,45
59,19,18
31,22,47
42,17,35
49,19,44
49,15,15
44,17,34
6,14,5
45,19,42
39,16,13
55,17,24
46,23,56
13,15,13
43,15,14
21,14,0
61,19,13
25,14,2
44,18,32
28,16,4
37,18,42
25,16,29
38,16,24
14,22,41
60,20,15
13,14,8
4,15,5
4,15,27
45,21,51
17,14,11
50,17,10
63,23,59
55,20,46
53,22,54
54,23,60
32,18,1
53,17,14
23,17,35
48,23,0
56,18,30
11,18,32
17,19,37
40,17,31
11,16,29
36,16,22
57,15,18
0,19,34
1,22,39
0,14,9
56,22,55
40,16,28
36,17,34
61,16,17
51,20,11
52,22,54
37,16,6
21,14,1
39,22,0
7,14,10
8,15,4
55,22,56
57,16,21
59,23,55
27,18,41
49,18,29
17,19,36
18,17,34
17,20,40
0,14,6
15,14,13
49,18,36
58,17,21
39,19,4
45,19,8
29,16,5
63,19,18
16,15,7
17,16,24
6,14,17
38,18,4
27,16,20
62,20,47
17,15,4
12,18,35
25,15,17
19,16,21
42,17,11
13,15,18
57,18,28
34,18,3
39,16,9
60,20,37
47,23,0
9,14,7
59,18,16
25,16,30
30,18,41
58,21,43
10,17,31
20,14,7
57,19,37
51,20,45
24,15,13
41,18,40
16,15,16
50,18,17
21,16,0
33,22,48
54,17,14
29,15,21
2,16,29
24,17,3
31,15,7
24,15,25
5,15,26
37,16,25
57,23,5
12,15,17
52,21,54
40,22,53
55,21,8
35,15,11
15,15,13
32,15,19
14,16,27
56,22,54
38,17,31
37,17,38
7,15,19
34,17,36
5,14,6
36,15,7
39,18,36
36,20,1
22,17,20
19,15,2
25,17,34
8,15,5
24,15,8
28,15,16
39,23,54
42,16,25
40,17,33
12,15,2
22,16,18
38,18,41
26,14,19
24,15,27
47,22,1
38,21,4
25,16,21
12,15,18
53,21,50
39,18,40
48,22,6
42,22,54
49,22,6
49,19,7
45,18,34
63,21,52
31,16,28
49,22,58
22,14,7
27,22,47
24,16,34
17,15,13
20,15,4
29,17,5
17,15,8
58,21,10
51,18,30
41,17,20
59,18,13
29,20,43
0,15,24
21,17,33
50,15,15
25,20,42
12,16,20
28,19,42
55,17,27
47,23,2
4,23,40
13,22,41
2,15,27
36,16,8
4,15,28
44,19,43
55,20,45
44,16,12
34,16,29
35,23,51
29,17,37
48,21,3
40,18,6
48,22,58
11,15,2
49,22,54
31,16,14
33,19,45
12,14,7
44,18,6
26,18,21
8,21,37
61,18,30
6,14,11
48,17,31
58,17,27
3,21,38
61,17,28
6,22,41
16,14,18
54,17,28
47,22,3
41,23,53
34,16,9
11,15,16
46,22,54
53,17,27
45,18,8
5,14,0
48,22,55
26,15,11
32,16,29
20,16,15
43,20,47
1,13,0
16,15,6
19,16,24
61,17,26
61,23,60
54,19,40
34,16,15
22,18,36
10,19,35
60,19,38
48,19,43
18,22,45
16,16,18
2,16,30
53,23,58
28,15,19
57,22,6
29,16,36
8,17,32
13,23,44
58,21,44
7,15,4
45,18,37
53,23,61
22,15,15
41,16,14
4,20,35
52,22,51
45,17,7
44,18,5
38,15,18
15,14,20
44,21,53
42,20,4
52,19,19
47,20,48
21,16,13
20,16,14
53,23,9
16,15,2
16,14,16
23,17,1
53,22,53
45,21,3
45,18,40
50,20,48
56,21,7
36,17,6
19,14,1
47,21,50
53,22,9
16,15,14
36,17,17
52,20,12
53,20,48
1,17,30
23,14,3
16,14,14
56,16,22
44,19,41
56,22,53
30,16,34
10,21,38
63,17,20
40,20,48
0,17,0
22,16,10
14,14,15
32,20,46
60,21,11
59,16,20
51,18,10
52,15,17
34,15,11
29,15,13
6,14,15
37,20,47
54,18,10
38,20,47
31,23,49
22,23,48
45,18,12
36,16,24
23,23,48
20,15,17
13,19,36
19,14,20
15,21,40
19,14,10
52,19,37
3,15,24
5,14,16
17,15,2
28,15,17
62,19,33
57,20,14
43,15,9
51,22,51
58,22,7
55,17,21
19,15,22
21,23,46
29,15,9
27,16,8
40,15,15
62,17,26
37,16,30
53,17,16
32,21,47
41,20,2
40,15,20
52,23,59
22,19,40
12,22,41
37,20,3
54,18,37
47,21,55
36,15,18
5,16,5
29,21,45
43,23,54
35,23,52
34,18,42
63,22,53
54,19,38
54,22,56
63,20,38
50,21,54
51,19,42
62,20,19
56,23,62
53,22,6
40,16,19
7,15,12
28,17,20
50,22,58
51,20,7
43,19,39
20,15,8
40,18,36
36,17,11
23,20,44
1,15,19
47,19,8
29,16,30
22,21,44
55,18,36
56,19,11
54,23,61
7,14,11
58,17,16
29,18,41
47,17,32
34,16,18
18,16,8
61,21,44
33,15,6
29,15,14
55,22,52
21,21,42
35,16,11
10,14,18
12,15,21
23,15,6
29,15,20
26,15,8
17,14,8
63,21,44
30,17,5
43,16,12
4,17,31
46,16,21
59,19,14
33,16,26
52,22,6
38,19,43
24,16,16
48,19,37
4,22,39
39,16,14
15,15,6
53,19,36
29,15,22
6,15,15
56,17,25
3,15,12
32,23,50
30,17,4
33,19,1
21,20,41
15,19,36
49,17,16
52,22,9
3,15,26
20,14,14
44,17,30
42,18,5
59,17,25
37,16,32
43,19,45
43,18,41
33,18,39
40,16,25
24,16,24
22,17,33
59,23,61
50,17,25
56,19,14
2,14,12
60,19,19
50,23,3
47,16,14
49,16,13
59,18,19
3,23,42
44,21,3
47,16,9
12,15,23
32,23,51
52,22,58
35,17,33
53,21,9
42,15,13
19,14,3
36,16,6
63,19,33
55,18,21
2,15,25
6,14,3
34,19,43
50,22,57
2,14,14
1,16,30
21,15,22
52,22,56
13,17,29
27,15,9
53,19,42
23,16,27
56,17,15
3,15,27
58,19,34
37,15,10
9,16,29
19,15,27
25,15,21
47,16,20
4,19,36
22,16,27
60,18,30
37,17,31
56,23,59
21,15,14
55,19,15
34,16,28
29,16,37
56,21,53
12,22,42
22,15,13
36,15,20
24,15,12
6,14,12
53,18,29
39,16,20
63,21,46
45,19,44
48,20,41
12,16,16
16,15,21
33,18,2
11,16,14
62,19,19
62,16,22
48,23,60
34,17,41
58,20,40
11,15,25
11,15,18
24,15,3
25,18,38
28,17,3
30,15,19
52,16,14
52,17,15
34,17,4
51,21,5
26,15,9
61,21,49
37,19,9
18,18,36
59,21,50
35,21,47
42,16,27
19,15,9
39,15,8
47,22,56
46,15,15
56,22,58
9,16,14
35,19,1
9,15,13
9,17,11
43,19,40
21,16,25
38,19,47
35,15,6
47,19,46
53,22,58
