32,20,5
28,22,7
29,22,8
47,23,5
31,19,0
41,20,2
37,17,0
37,23,9
36,19,2
37,18,1
41,19,0
32,18,0
30,19,0
29,21,0
30,20,2
38,22,6
38,22,7
33,23,6
35,17,0
45,21,2
26,23,7
41,19,2
49,20,0
41,18,0
36,19,3
44,19,0
38,20,3
36,18,0
42,20,3
29,21,1
34,23,7
32,23,9
27,22,4
31,22,8
47,21,1
41,23,6
33,20,4
41,20,1
37,21,5
38,19,2
36,20,4
31,21,5
32,20,3
34,20,4
43,19,0
42,21,3
29,20,4
40,22,6
29,23,8
50,21,0
49,23,5
31,20,2
28,21,2
34,23,9
46,21,2
29,21,4
28,21,5
51,23,2
28,22,5
39,22,7
32,21,5
42,22,4
39,20,2
30,20,1
35,19,3
45,23,4
27,22,3
38,19,3
33,21,5
32,18,2
34,19,3
30,22,7
49,22,3
48,21,1
38,18,1
32,22,5
40,19,1
37,21,6
36,20,5
31,22,7
45,20,0
33,17,0
58,23,0
35,18,1
44,23,5
37,19,2
40,20,3
46,20,0
35,22,7
38,20,4
33,19,2
42,20,1
26,23,6
45,19,1
37,20,3
27,23,3
35,21,5
31,21,6
29,20,1
39,18,0
44,21,3
55,23,0
39,20,3
36,23,9
31,23,7
32,22,7
40,21,5
40,23,7
57,23,0
53,23,0
53,22,1
50,23,3
31,20,5
42,19,0
53,22,0
34,22,6
30,23,8
32,21,6
39,23,8
31,20,1
35,20,4
31,21,3
30,21,5
30,21,6
34,19,2
34,19,1
31,20,3
42,20,2
41,21,3
29,20,2
41,23,7
25,23,0
42,21,2
43,23,6
41,21,2
34,21,6
52,23,1
44,20,1
51,22,2
39,23,7
43,22,3
30,21,4
27,22,2
27,23,0
37,22,7
48,23,5
46,21,3
35,18,2
37,23,8
47,22,4
46,20,1
31,19,1
38,21,5
33,22,7
38,23,8
28,21,6
37,20,4
41,19,1
47,22,2
41,21,4
41,22,6
32,20,4
37,19,3
46,19,0
34,22,7
42,22,5
38,21,6
29,22,6
49,23,3
40,23,8
38,19,1
28,21,0
28,23,8
27,23,2
33,19,3
47,20,0
36,23,7
26,23,0
37,21,4
39,22,5
54,23,0
50,21,1
35,23,9
38,21,4
55,23,1
33,18,1
39,22,6
48,21,2
32,21,4
44,23,6
31,18,0
52,22,1
53,23,3
32,23,8
31,19,3
49,22,2
31,22,6
44,22,3
54,22,0
28,22,0
43,19,1
33,23,7
48,20,1
49,23,4
40,19,2
41,23,5
42,23,5
35,21,6
32,19,3
33,18,2
44,23,4
38,23,7
33,21,6
48,20,0
34,20,3
27,23,1
28,23,9
34,18,1
35,19,2
28,22,8
29,21,5
45,20,2
28,22,1
27,23,9
52,21,0
47,20,1
51,23,4
26,23,4
46,22,3
53,23,2
40,20,2
50,20,0
45,21,3
37,20,5
41,22,4
37,19,1
53,23,1
45,22,3
30,22,8
29,21,6
28,21,3
28,22,2
48,21,0
43,23,5
43,18,0
35,23,7
40,23,6
32,18,1
36,22,7
37,18,0
43,22,4
46,21,1
50,23,4
47,23,4
38,17,0
39,21,4
47,22,3
51,22,0
47,21,2
38,22,5
42,18,0
54,23,1
52,22,0
34,17,0
45,23,5
39,18,1
33,23,8
30,20,0
35,20,3
34,20,5
33,22,6
45,20,1
30,20,4
40,18,0
30,23,9
26,23,3
29,20,0
36,20,3
32,22,6
38,18,0
48,22,2
34,21,5
43,21,2
34,18,0
36,18,1
44,19,1
26,23,8
27,23,8
36,21,6
31,20,4
46,23,5
29,21,2
28,22,3
27,23,7
36,21,5
28,22,6
27,22,5
43,21,3
40,21,3
41,20,3
33,19,1
40,22,5
39,19,1
36,18,2
44,22,4
43,20,1
54,23,2
48,23,4
48,22,3
50,22,2
26,23,5
49,21,0
31,23,9
35,18,0
51,21,0
45,19,0
32,23,7
32,19,1
27,22,0
29,21,3
49,22,1
36,22,6
30,20,3
39,21,5
40,19,0
36,17,0
42,19,1
36,23,8
30,21,3
50,22,1
27,23,4
48,23,3
49,21,1
26,23,2
29,20,3
49,21,2
39,20,4
30,22,6
56,23,0
33,23,9
52,23,3
46,22,4
27,22,6
33,20,3
35,22,6
52,23,2
51,22,1
33,22,5
37,22,6
30,19,1
26,23,1
44,21,2
29,22,7
51,23,1
27,23,6
28,22,4
35,20,5
46,23,4
41,22,5
44,20,2
51,21,1
50,23,2
43,20,2
42,23,6
33,18,0
39,19,2
27,22,1
40,20,4
34,23,8
35,23,8
33,20,5
33,21,4
27,22,7
42,21,4
45,22,4
29,23,9
27,23,5
37,23,7
31,23,8
32,19,2
28,21,1
31,21,4
40,21,4
31,19,2
28,21,4
51,23,3
