45,0,45
34,2,53
60,13,57
48,6,57
53,13,20
63,16,35
36,0,51
45,2,52
60,13,28
63,13,36
46,3,52
59,20,9
34,4,61
52,12,1
54,7,39
61,14,50
31,1,60
58,9,34
50,10,1
60,13,50
48,3,52
51,3,42
52,13,3
51,12,9
50,10,58
60,17,16
56,15,26
59,20,6
36,4,58
47,3,34
52,4,42
63,20,11
50,7,28
61,12,46
35,2,55
32,1,57
62,12,37
55,4,43
62,11,45
60,14,51
43,3,5
44,5,0
44,4,2
43,1,4
56,6,43
62,11,47
54,8,35
44,4,1
47,7,17
38,7,62
62,13,43
49,3,51
46,8,3
46,3,35
40,0,27
35,0,50
53,12,21
60,15,27
44,8,10
44,4,21
59,18,3
54,11,58
55,7,39
61,17,24
40,4,49
49,10,7
53,13,18
40,2,14
57,17,13
62,14,43
55,13,19
56,11,62
60,18,11
47,2,49
40,0,21
35,4,60
43,4,4
37,5,58
57,13,22
60,9,47
56,6,44
52,11,0
57,14,24
51,6,53
50,10,19
31,0,59
62,16,36
34,3,61
47,10,8
40,0,31
56,9,39
43,1,33
52,11,15
63,12,41
57,9,51
56,13,18
43,6,57
61,10,43
53,13,14
44,4,30
48,6,25
48,5,33
40,1,20
36,4,60
44,7,10
55,12,22
60,17,24
53,9,30
55,15,8
49,4,48
47,7,20
56,11,39
55,15,14
42,0,35
63,16,31
61,14,54
51,9,27
45,8,11
63,10,61
54,10,32
54,9,51
48,4,48
63,15,29
60,14,28
55,15,4
44,5,53
32,4,63
55,6,39
55,14,19
62,20,14
47,1,36
44,2,51
45,10,8
53,7,40
58,14,24
59,15,57
41,0,49
50,12,12
29,0,60
58,17,2
48,6,27
46,5,18
54,14,11
48,4,32
55,13,63
46,1,35
34,2,56
60,9,41
51,12,1
39,4,56
58,10,49
36,3,55
56,6,45
60,11,51
41,8,63
45,8,9
46,8,12
59,12,39
52,9,27
63,12,45
49,3,35
60,12,61
63,21,10
41,7,60
52,10,26
39,3,52
62,17,24
55,14,11
55,8,52
39,2,51
63,14,49
51,4,42
55,14,59
53,11,26
49,3,47
42,3,24
60,14,55
44,5,51
57,15,24
55,8,49
61,10,48
57,17,6
44,3,2
53,13,2
47,0,37
62,13,30
51,4,48
51,1,42
60,16,18
48,11,9
58,9,38
56,7,39
53,10,57
59,18,10
63,15,40
51,4,40
44,6,5
60,10,38
52,15,10
55,12,33
48,10,63
63,19,13
52,5,34
57,16,23
60,14,33
48,5,32
58,15,15
48,9,12
42,0,7
31,1,61
59,19,7
63,12,42
55,11,62
49,12,11
50,4,49
56,14,17
58,12,27
42,5,56
49,9,22
56,6,36
42,0,4
41,0,24
45,1,36
55,15,10
52,2,44
49,4,33
52,13,6
42,3,22
61,13,31
56,11,34
53,3,39
48,0,40
56,6,47
54,15,18
59,13,39
41,1,49
44,0,47
59,13,58
43,5,12
61,14,41
63,11,42
53,12,2
61,15,33
54,13,20
42,1,27
40,0,48
52,13,18
48,8,53
48,9,11
33,4,57
57,9,38
63,14,29
54,14,16
48,6,55
47,8,4
54,8,51
51,4,36
54,4,41
39,0,21
57,7,48
38,6,60
53,7,35
45,6,3
56,10,56
41,0,26
56,14,14
63,16,36
59,14,22
49,4,52
61,20,7
48,10,60
58,16,21
46,2,48
55,15,28
63,11,46
44,5,13
47,7,3
62,14,44
58,19,8
41,8,60
31,0,58
56,9,50
51,13,22
36,8,63
62,18,19
36,4,55
58,10,34
53,6,40
54,8,32
55,9,32
53,12,27
53,9,29
48,1,46
45,5,21
50,6,53
55,10,56
56,7,47
57,10,32
44,3,24
57,16,11
44,3,30
48,8,15
63,13,57
61,16,21
39,7,59
59,16,22
63,15,27
57,7,39
41,1,51
59,13,30
62,15,28
52,3,42
45,7,14
43,4,15
35,3,53
62,11,46
46,8,14
56,12,25
55,11,32
56,13,27
49,12,0
43,5,19
40,4,57
62,14,58
42,7,59
50,4,47
46,5,25
63,12,35
52,12,2
56,16,8
41,1,16
51,13,9
57,8,37
51,10,61
56,7,34
40,5,57
42,1,34
63,20,8
51,2,43
46,0,46
43,4,2
60,13,61
62,12,36
52,8,31
47,10,11
63,13,43
43,6,53
62,21,10
51,10,0
63,18,1
46,5,31
63,21,13
60,17,21
59,10,62
38,5,60
43,4,18
46,9,63
42,6,54
44,4,0
40,7,62
35,4,58
52,14,18
54,8,42
43,1,2
30,0,57
55,6,38
49,10,13
60,20,4
47,6,52
53,13,10
51,4,51
52,9,26
52,6,50
47,6,23
50,8,21
56,7,37
55,15,3
60,8,63
58,17,6
57,17,7
43,2,51
52,13,10
37,5,62
56,17,8
45,3,53
45,0,46
50,11,7
43,0,34
63,15,54
59,10,63
57,9,40
52,8,41
54,8,53
53,5,38
48,4,52
60,18,12
45,8,8
57,9,39
43,6,7
42,1,10
44,8,11
57,15,13
38,5,59
41,2,15
49,6,28
49,3,34
56,6,46
58,10,44
43,6,5
63,12,50
43,7,12
55,9,35
58,11,55
48,6,23
53,8,33
62,12,48
37,7,61
37,4,56
44,5,54
59,12,47
59,12,61
43,1,3
53,4,44
44,4,51
59,9,48
62,11,49
53,15,8
52,9,57
55,14,14
47,7,16
59,18,12
57,11,39
53,13,63
63,18,27
62,14,36
61,16,28
54,13,17
57,11,54
60,10,41
52,11,57
48,3,50
54,15,13
59,17,1
49,11,7
49,6,26
52,6,54
45,10,63
44,7,58
56,10,62
31,0,54
48,6,26
43,9,63
61,13,29
53,13,62
53,6,50
56,7,40
50,7,24
49,0,39
41,0,22
42,1,22
62,20,11
59,15,24
46,8,11
62,10,45
48,9,21
53,9,42
59,18,14
49,7,56
47,6,56
61,13,59
50,10,28
34,4,60
32,0,52
63,20,13
40,1,14
55,16,13
55,13,59
42,5,55
60,10,62
48,10,61
61,11,48
51,2,42
46,7,16
49,1,39
42,2,10
59,14,23
49,1,46
43,2,33
60,11,45
45,1,50
56,14,15
40,3,26
59,18,5
60,19,7
29,2,62
58,8,44
46,10,8
53,6,34
47,6,31
48,6,21
61,11,59
47,1,50
48,2,37
40,0,32
55,5,44
50,10,17
43,3,29
43,10,63
40,0,24
62,21,7
56,11,28
60,10,42
63,20,19
53,10,22
40,0,16
55,11,58
50,10,18
61,11,44
50,14,10
51,9,55
63,13,37
52,13,15
57,17,9
49,7,31
54,6,42
46,6,23
51,7,53
55,9,34
52,10,58
54,11,25
62,11,38
56,11,63
38,1,30
58,17,10
60,16,19
47,2,36
62,16,31
63,15,47
44,5,17
61,13,52
56,13,28
46,7,0
59,11,60
43,3,21
58,15,0
43,3,50
57,9,43
58,9,62
39,1,51
54,8,40
62,13,54
45,1,35
51,5,36
54,12,26
53,14,18
55,7,48
62,16,26
57,16,25
56,10,57
52,14,7
39,6,58
41,1,19
45,9,9
46,5,29
48,8,18
58,12,29
55,11,34
61,14,59
48,8,17
55,15,17
52,14,11
54,9,29
49,6,25
59,11,54
42,6,9
62,10,63
56,14,23
53,14,16
53,14,14
55,15,18
55,6,40
58,11,30
50,7,30
55,13,28
57,11,31
44,8,8
50,11,62
54,11,63
58,15,22
48,6,29
30,0,61
47,10,7
63,14,51
52,10,22
60,13,29
53,14,4
54,13,2
53,13,12
61,18,16
54,15,3
41,1,20
60,13,58
48,8,13
57,7,36
40,9,62
59,16,21
56,16,26
54,9,63
61,10,60
47,7,19
31,0,57
42,1,0
63,14,47
57,9,62
52,11,55
47,8,58
35,5,63
63,14,39
58,8,43
46,4,22
59,8,42
59,10,38
55,11,59
49,9,1
57,11,61
45,10,9
55,14,12
62,11,63
57,16,3
61,11,33
45,1,37
46,4,53
42,2,20
62,17,1
53,13,11
59,13,61
41,0,27
42,4,14
56,14,16
54,8,50
44,9,63
40,2,25
48,5,53
53,6,52
44,3,33
51,12,18
46,5,27
50,7,23
42,8,61
54,10,58
60,10,50
60,13,35
57,11,28
63,14,40
47,4,35
30,0,59
50,9,28
42,2,21
31,2,62
60,12,29
61,18,23
53,12,63
60,11,59
52,6,42
41,4,13
62,10,44
43,8,9
44,5,19
53,5,42
42,0,12
54,6,33
31,2,63
35,3,54
52,11,18
52,8,32
46,7,34
57,11,62
47,5,26
37,4,59
57,8,35
56,15,2
59,20,5
42,1,49
51,13,18
62,8,63
60,15,55
43,3,51
52,2,43
52,8,57
51,13,3
53,15,7
45,5,19
62,22,9
47,7,53
52,9,55
60,21,7
45,7,12
41,0,29
44,7,2
28,0,61
44,5,16
61,19,10
33,1,52
58,12,46
61,14,51
31,4,63
49,9,63
63,12,61
59,9,44
42,4,29
52,6,38
63,11,45
45,7,6
39,1,49
56,17,9
32,1,58
45,5,33
44,3,32
61,12,33
60,11,32
63,16,25
49,5,31
38,6,62
47,4,34
48,5,34
41,3,11
43,4,22
49,7,57
47,9,7
43,2,22
59,15,0
57,10,40
49,5,52
63,16,57
30,1,60
36,6,62
55,12,17
58,19,6
52,9,25
57,7,45
48,2,48
63,12,40
55,10,58
61,15,57
56,9,32
48,8,57
60,14,29
57,10,37
56,15,14
39,6,53
56,11,32
58,8,39
40,2,13
43,1,1
60,9,62
60,11,62
62,18,18
61,12,63
55,12,60
59,17,3
40,7,58
39,3,54
53,3,44
48,9,58
43,1,34
54,10,33
44,5,56
52,13,19
61,19,3
55,8,34
50,11,63
40,5,56
57,9,36
53,11,19
54,6,38
54,5,36
62,19,14
62,18,0
62,9,62
52,5,51
40,0,22
42,5,14
53,15,5
50,9,63
40,7,59
38,6,59
35,3,58
29,0,57
63,13,44
51,9,29
50,12,0
58,13,58
52,11,13
54,13,0
52,11,14
62,22,7
50,10,3
45,5,1
63,15,28
54,13,1
55,15,5
56,8,52
59,12,53
49,10,6
50,11,61
53,6,47
50,2,37
59,14,27
48,1,38
52,9,29
61,11,50
37,5,59
55,16,8
46,9,2
30,2,60
59,15,25
39,0,28
52,5,41
40,1,48
46,6,20
40,3,54
42,3,20
61,13,38
58,10,37
61,14,60
46,7,2
62,13,34
60,10,35
50,8,18
61,20,6
56,15,5
48,0,46
59,11,30
45,9,8
62,16,28
59,10,61
51,10,1
41,2,49
59,18,15
60,12,55
54,8,39
52,7,36
54,4,43
61,10,35
46,5,24
53,7,33
46,3,34
53,5,50
41,3,14
48,10,10
45,3,26
49,11,63
63,13,60
42,4,15
44,2,33
51,11,63
49,0,45
47,8,55
56,15,11
48,6,30
58,13,28
43,4,54
51,9,25
58,10,40
55,8,37
59,15,35
49,7,26
44,5,22
58,12,37
56,12,26
39,2,49
45,4,19
59,14,25
60,16,28
55,6,49
45,8,6
51,9,63
62,19,12
61,11,42
57,13,19
56,17,3
51,4,41
34,0,49
61,15,54
57,11,32
46,4,23
46,4,27
53,9,39
58,18,4
47,2,37
54,6,49
44,9,58
44,3,31
56,13,60
52,5,52
53,12,19
62,21,9
47,5,25
33,0,53
46,9,9
32,3,56
63,14,52
52,8,29
55,9,52
58,8,37
53,8,42
61,17,18
61,12,50
63,16,26
56,13,26
52,3,40
37,7,60
61,16,22
52,7,54
44,3,19
61,11,40
53,3,40
49,1,47
46,9,15
43,2,31
58,11,47
57,13,25
44,8,59
44,4,25
46,9,6
62,15,27
51,5,50
62,19,5
59,16,30
59,15,21
51,11,3
52,14,10
60,15,26
56,15,28
62,15,49
54,7,49
58,8,40
62,12,32
56,11,31
63,19,18
57,17,26
62,13,37
47,0,47
51,4,37
50,10,59
42,5,54
63,14,31
51,8,55
52,13,9
60,17,23
45,8,58
61,17,25
60,9,43
50,10,62
45,6,18
49,8,19
56,6,41
63,14,42
44,1,35
51,4,35
52,5,50
42,10,63
60,13,37
46,6,16
56,12,59
49,5,48
50,6,54
53,3,41
52,9,59
58,11,61
46,4,24
56,9,38
39,0,51
57,13,57
54,15,7
44,5,3
58,11,46
59,8,45
44,9,57
61,10,38
52,11,62
51,14,13
41,0,13
41,0,25
57,16,19
58,9,46
62,14,50
46,8,59
60,11,33
57,16,18
36,2,54
41,4,51
61,12,31
48,9,13
59,11,59
60,10,46
42,2,7
60,13,31
60,21,6
31,1,55
45,7,57
63,13,51
42,5,50
58,10,39
42,2,2
42,1,48
41,6,58
34,1,54
47,6,34
54,9,54
43,6,55
63,13,41
53,14,21
51,5,41
57,17,1
33,5,62
31,2,55
56,7,41
30,2,59
52,4,35
62,10,46
55,12,34
63,13,39
47,7,58
48,9,4
61,12,42
54,15,19
48,8,22
58,13,57
59,13,54
44,3,20
47,6,27
54,15,17
55,12,27
45,3,25
48,11,61
47,10,59
41,3,16
49,7,27
47,5,28
56,7,35
63,17,27
51,10,27
50,9,19
44,5,25
58,12,61
47,8,0
59,18,9
59,11,53
58,13,25
52,12,62
39,3,53
48,9,61
49,6,32
52,2,40
36,4,59
52,6,36
55,10,61
40,0,20
42,2,27
60,15,24
30,1,63
45,6,0
61,20,8
44,3,51
50,7,33
58,17,5
61,14,53
57,7,46
59,19,11
54,4,39
47,3,49
54,7,33
54,6,48
47,8,16
61,20,2
51,5,40
55,5,46
56,8,39
47,5,29
53,10,28
56,10,35
58,14,25
30,0,55
61,14,33
47,10,62
60,14,54
60,20,8
34,4,58
51,6,54
59,17,13
56,13,25
49,2,48
51,11,5
55,9,33
50,4,48
51,10,16
49,8,21
57,11,53
59,18,13
55,11,33
40,6,58
46,7,57
50,7,32
47,9,12
60,19,17
54,11,59
54,13,14
63,17,23
42,3,18
51,8,31
57,10,30
47,9,10
63,20,9
57,14,21
49,10,2
43,5,22
55,15,1
63,15,57
35,3,56
50,11,21
33,2,59
54,14,4
43,7,59
53,10,62
53,5,36
57,13,21
50,10,5
62,17,19
36,5,63
63,11,62
62,18,15
48,4,33
58,15,21
40,4,55
51,2,39
54,10,54
49,10,27
59,10,36
44,5,18
61,12,37
40,7,60
56,14,0
58,8,46
61,9,45
51,11,24
58,15,16
51,9,24
47,2,46
41,0,46
35,5,62
43,8,58
63,12,34
52,11,63
40,7,63
56,8,49
61,17,21
51,10,56
57,10,53
57,12,61
62,10,61
46,5,21
51,12,13
46,1,45
49,5,51
56,12,62
57,16,5
49,3,40
53,10,23
57,15,15
44,4,20
44,6,6
29,0,55
60,21,5
40,1,51
45,5,56
58,16,0
48,0,38
61,10,62
55,9,54
48,9,15
43,3,19
52,5,49
57,9,53
63,14,56
44,3,25
39,3,55
58,10,53
54,11,26
46,9,14
54,14,5
54,7,42
58,10,46
44,10,62
61,15,59
56,16,3
45,6,57
63,19,1
60,11,37
61,16,25
61,14,56
42,8,60
56,5,44
63,20,6
42,4,5
48,2,38
57,14,27
56,8,38
54,13,13
37,0,50
61,16,0
54,9,31
50,9,58
50,9,59
61,13,32
63,11,44
52,3,39
55,17,8
39,0,27
52,13,22
52,4,46
54,7,34
49,7,29
57,15,25
42,5,12
53,11,63
54,16,17
50,6,32
63,17,31
61,14,52
53,15,10
46,6,57
46,5,35
50,10,14
55,6,42
48,2,49
58,13,60
59,8,38
41,4,14
49,5,35
42,1,6
58,11,54
58,12,31
34,6,62
46,0,36
34,2,52
63,15,59
54,7,37
55,10,30
63,18,0
39,0,17
36,5,55
58,16,3
52,6,32
56,12,61
35,2,52
50,4,40
49,11,61
43,7,8
52,12,13
58,10,31
52,11,60
54,9,62
39,4,57
63,14,41
51,6,34
50,10,13
60,18,15
57,10,54
44,4,17
52,7,47
61,11,34
55,15,12
59,12,51
51,9,56
47,7,31
60,17,3
42,4,53
36,5,56
49,9,18
53,5,35
43,2,52
49,4,53
57,15,27
30,2,62
49,0,41
59,9,36
63,14,60
62,13,53
59,10,39
56,7,38
55,14,18
58,7,44
61,10,45
48,0,39
49,0,42
61,12,44
33,6,62
43,3,53
63,13,46
52,12,25
54,8,54
62,11,34
59,10,37
62,19,17
55,6,36
55,12,59
44,9,61
63,12,43
50,11,0
59,8,41
45,4,24
46,0,37
48,3,47
62,19,15
50,7,56
62,14,52
52,7,51
63,21,11
48,10,8
49,8,27
58,10,61
52,12,14
42,4,8
42,3,7
42,4,18
49,6,30
54,12,63
49,1,40
52,6,41
53,11,17
59,11,62
62,19,13
53,14,11
58,12,56
53,7,51
56,16,1
52,11,20
52,15,7
60,10,61
59,8,39
61,10,46
41,3,51
52,13,17
57,14,25
43,3,22
53,14,10
48,11,8
43,2,32
43,2,34
48,0,41
32,2,59
60,12,31
46,5,54
46,3,33
55,5,40
55,5,37
45,6,17
54,12,22
53,8,34
48,6,20
50,9,26
49,7,28
54,14,19
40,1,15
57,10,52
55,5,41
56,9,63
40,2,48
59,12,33
61,13,56
59,11,31
51,9,23
63,11,63
46,4,54
61,14,36
54,10,62
47,5,55
32,0,57
45,0,48
55,14,0
51,13,13
52,2,42
43,5,2
48,10,56
50,5,35
58,18,7
35,4,61
51,5,51
45,3,33
61,16,20
45,5,54
61,15,29
56,13,22
63,15,31
61,11,32
63,20,12
32,3,62
49,7,30
60,16,0
42,4,13
58,9,39
49,1,43
61,18,19
49,11,8
50,5,52
44,2,50
53,13,4
57,7,40
49,7,32
63,11,61
62,14,53
47,7,21
45,4,29
62,15,26
33,0,52
48,8,56
55,5,36
57,10,62
47,10,60
47,7,2
35,2,53
59,16,20
63,12,36
40,1,17
43,0,35
58,12,36
56,16,7
56,15,27
45,6,13
40,2,15
57,17,5
56,19,9
59,19,8
54,12,60
59,11,51
47,5,21
49,11,12
56,12,23
52,12,4
41,3,54
61,19,2
62,13,49
34,2,54
41,0,23
37,3,54
42,3,3
55,12,24
44,7,12
56,16,11
38,4,57
44,2,35
60,18,2
61,20,9
35,3,59
61,18,17
42,1,8
46,7,3
42,1,26
49,7,19
42,2,48
36,3,56
34,3,56
39,0,24
49,2,47
53,10,59
46,9,61
45,3,34
61,16,19
52,10,59
43,5,18
58,11,49
46,1,36
48,10,6
50,7,55
51,11,2
41,5,58
50,9,15
43,3,30
57,12,60
52,6,52
46,4,25
57,11,63
50,8,58
52,13,16
52,5,46
58,8,49
45,4,21
61,18,18
35,1,52
47,6,30
37,7,62
49,7,25
59,8,46
44,4,33
40,8,58
63,14,36
61,11,38
38,3,56
63,20,18
57,9,50
62,13,29
49,3,49
63,19,4
52,9,28
39,1,50
57,18,7
40,6,60
40,1,29
57,13,28
62,20,6
58,14,60
54,6,43
47,9,2
60,14,25
58,12,30
52,4,49
50,11,15
57,9,63
61,10,36
57,12,26
47,6,17
52,10,21
54,15,16
46,5,30
54,9,30
60,11,42
60,9,42
48,9,0
63,16,32
43,3,1
59,16,19
50,12,62
57,17,4
50,8,59
43,7,55
52,13,24
62,19,18
53,5,48
60,21,8
58,7,45
46,1,37
58,18,9
53,14,5
54,11,22
41,1,31
63,16,28
60,16,22
53,15,11
46,6,0
57,15,14
55,12,21
63,11,43
50,6,35
53,13,3
62,14,57
53,10,60
42,1,46
45,3,29
45,3,24
62,18,22
43,9,61
42,3,28
50,5,32
60,10,36
57,6,43
59,12,34
42,3,8
52,7,33
49,12,9
58,10,45
60,9,48
52,12,56
59,9,35
62,14,51
61,17,0
49,8,57
59,11,61
59,10,51
48,7,58
59,16,15
40,8,59
53,13,5
57,9,33
62,18,31
48,8,3
51,8,24
57,13,23
35,5,58
48,3,48
42,7,8
53,9,28
41,5,57
63,13,48
62,11,44
58,18,6
59,9,33
44,2,31
63,13,49
47,5,24
44,4,23
60,12,58
47,4,32
43,5,13
60,18,17
33,2,56
61,19,8
41,5,53
56,16,14
51,3,36
29,1,56
58,17,3
39,0,30
58,9,35
60,12,53
58,16,12
48,10,62
55,8,35
43,8,59
60,16,30
53,11,28
59,11,33
48,5,52
58,8,48
55,4,42
58,16,22
53,11,20
58,9,45
52,12,21
57,8,33
34,5,58
50,11,5
59,16,17
45,4,34
58,16,2
62,18,1
53,12,17
39,4,54
40,2,23
50,5,41
49,4,40
45,8,15
43,4,7
41,3,25
52,14,9
43,5,3
58,17,13
60,9,36
53,4,38
63,13,31
53,13,15
57,14,19
55,12,20
43,5,55
56,9,52
51,3,46
32,3,63
41,4,50
41,3,13
53,10,53
46,2,46
54,9,39
45,6,55
46,7,29
38,6,63
51,11,23
54,17,13
51,4,50
61,13,61
41,3,50
59,8,63
42,2,52
57,11,58
59,18,4
37,6,63
60,13,56
42,9,63
51,7,52
57,11,29
33,3,58
60,15,25
52,11,21
32,2,63
49,10,1
59,8,40
62,20,7
62,15,59
63,14,43
60,17,14
53,7,52
49,6,24
50,12,11
53,14,9
57,9,52
49,9,3
57,10,63
60,19,16
62,19,19
51,7,29
57,15,17
57,16,2
62,15,58
59,12,31
45,4,52
43,4,14
57,17,19
62,11,42
42,0,5
37,6,62
51,12,10
42,7,61
50,10,63
38,7,63
53,8,35
42,3,25
52,4,48
56,14,25
57,17,8
48,4,54
62,19,1
63,20,4
59,9,34
49,9,14
46,9,62
63,12,38
56,15,4
47,2,51
39,7,62
43,2,26
56,17,26
33,3,54
43,7,53
39,0,20
50,9,16
32,4,58
45,11,9
29,1,57
57,11,40
54,9,33
60,13,33
53,10,29
49,9,19
52,3,43
48,11,7
41,2,17
41,2,30
54,8,49
56,17,25
51,1,43
60,18,16
33,1,51
49,7,23
63,15,46
47,6,26
52,10,63
45,6,1
40,1,23
53,8,55
54,6,50
54,7,35
47,0,45
43,2,50
60,10,45
45,1,38
58,9,42
59,12,57
48,7,31
50,0,42
61,10,61
63,14,50
30,3,62
62,11,36
49,2,40
63,14,46
50,8,27
61,12,51
53,5,49
63,20,24
44,8,9
61,10,37
51,10,15
63,11,60
43,5,52
59,12,28
57,13,20
42,5,22
51,1,40
59,10,34
48,8,55
49,9,27
44,8,61
49,6,33
52,9,21
43,1,48
60,12,30
61,17,20
44,3,53
46,2,35
48,12,7
58,13,34
34,0,51
57,13,26
61,14,34
41,7,62
51,12,61
57,6,40
47,3,35
61,13,44
61,12,45
49,9,59
62,12,49
47,11,8
55,8,53
39,0,22
52,7,31
51,10,21
61,11,61
62,17,25
44,7,57
46,8,58
42,3,19
48,9,55
61,12,36
62,20,2
63,21,8
61,11,47
63,12,44
49,5,41
55,6,47
33,3,56
55,10,63
54,8,52
56,6,38
50,5,48
48,3,36
30,0,56
53,3,43
60,16,24
58,8,45
59,15,23
58,8,38
54,10,28
34,1,52
48,7,57
32,2,60
62,21,6
47,0,46
62,16,25
55,10,55
59,17,16
46,7,23
46,2,47
63,14,55
43,8,62
50,2,44
53,5,40
58,12,63
55,11,23
62,15,37
56,11,56
60,19,8
56,12,63
43,5,6
54,8,37
54,14,9
58,12,50
53,11,25
44,5,14
42,3,15
62,19,11
48,9,63
63,17,26
43,6,56
56,12,58
59,13,38
42,0,48
55,11,25
33,4,58
58,10,38
53,13,17
44,8,13
34,2,58
43,3,23
55,13,26
46,10,14
50,6,34
63,13,62
56,16,0
61,21,8
54,6,37
58,11,36
53,5,41
62,13,51
51,11,62
61,14,28
60,11,48
40,2,53
61,18,24
59,12,59
48,10,58
51,13,62
47,10,6
56,16,10
54,12,18
52,11,19
46,6,29
57,13,56
48,9,14
45,7,3
49,5,53
43,3,6
42,1,2
59,17,0
57,10,55
62,11,43
47,10,9
32,3,55
53,14,8
58,9,36
48,3,35
47,9,4
46,11,9
48,10,7
53,4,47
55,15,23
61,16,26
54,10,52
56,11,30
48,7,53
51,3,48
45,6,2
62,21,8
45,9,61
41,2,13
58,11,32
41,2,25
58,12,33
44,5,4
38,8,61
52,10,31
44,5,26
46,4,30
45,3,23
54,5,44
51,12,11
39,6,54
53,9,52
57,12,33
53,13,27
56,7,42
57,8,38
62,14,59
43,1,32
37,8,63
45,2,50
63,20,10
53,10,27
42,1,50
32,0,54
54,11,33
46,7,18
46,1,48
45,9,10
42,1,28
34,2,55
62,19,3
57,17,25
47,2,47
57,15,23
59,11,47
62,11,61
57,10,31
41,0,48
36,7,63
60,12,54
54,16,13
47,3,52
51,11,56
61,18,15
54,15,9
43,6,52
48,8,16
52,11,27
33,2,54
50,9,20
47,10,61
55,14,20
62,20,12
60,13,32
45,7,59
60,11,50
40,1,30
60,20,5
50,5,51
52,5,37
62,15,36
60,9,37
45,10,62
52,10,30
63,13,58
61,12,35
56,15,0
51,13,7
42,5,57
60,13,60
61,10,44
52,8,56
50,7,26
53,7,42
55,9,56
52,13,12
57,7,41
59,19,4
56,16,2
59,16,18
57,14,23
55,15,15
44,0,48
42,8,63
40,0,15
45,4,26
39,5,54
40,0,50
60,17,20
43,5,16
50,1,39
59,12,37
42,6,10
52,6,53
54,5,48
45,8,7
55,17,6
59,8,43
60,9,46
46,7,14
58,11,52
57,16,12
63,16,54
39,1,30
54,16,16
42,3,53
49,9,58
47,7,57
51,10,17
43,9,62
42,1,32
41,4,55
33,1,53
53,4,43
55,12,23
42,0,2
60,11,46
29,0,63
52,3,37
31,5,63
50,12,1
54,11,28
62,18,14
42,2,25
47,2,35
49,10,0
40,0,17
33,1,55
47,3,51
42,4,16
42,0,47
53,10,24
46,8,5
62,11,37
60,20,12
44,6,54
63,13,45
50,4,50
57,10,51
60,9,40
44,3,29
50,6,52
50,10,15
62,12,34
57,7,42
40,1,18
52,9,63
61,11,63
57,16,10
61,9,62
43,3,2
54,10,57
63,19,23
45,6,16
62,14,37
56,14,28
55,8,39
58,17,12
42,2,30
40,2,51
38,0,50
58,11,53
61,14,58
53,7,39
62,19,2
55,15,19
47,6,57
47,2,48
63,12,49
51,9,22
53,11,62
57,13,29
61,9,44
54,14,18
58,12,58
58,10,33
51,3,37
47,1,48
60,14,31
57,10,36
49,6,54
54,4,40
58,15,17
59,8,44
56,14,27
61,11,62
56,13,23
59,17,15
44,4,52
52,5,40
49,4,38
57,10,50
50,7,27
43,10,62
61,20,10
53,3,38
51,10,60
41,0,30
36,2,55
52,14,16
55,14,1
56,16,5
37,1,52
54,9,56
50,11,10
42,0,3
53,3,42
44,4,19
55,11,24
46,4,31
56,9,54
30,2,63
61,16,27
55,15,26
41,2,51
51,10,59
46,2,52
59,12,56
61,18,1
54,11,20
63,18,2
52,5,47
63,18,21
43,5,54
51,8,57
57,16,9
52,4,37
31,0,53
60,19,10
60,16,17
62,13,63
42,1,3
42,2,23
63,14,57
52,10,57
49,5,34
59,13,60
50,4,36
42,5,30
52,12,18
57,8,49
50,8,19
40,3,49
35,4,62
48,10,12
55,15,27
54,15,11
57,12,36
44,3,28
50,9,60
39,0,19
59,18,11
54,15,5
51,8,28
44,3,1
58,11,35
50,12,7
58,8,34
48,6,31
54,9,53
48,9,3
48,7,16
57,12,62
45,4,27
62,13,47
59,15,20
49,3,41
54,7,52
60,12,32
53,4,42
40,1,24
58,14,21
61,20,15
33,4,62
53,10,19
54,12,19
57,11,36
30,1,61
61,10,63
40,10,62
40,3,50
42,0,46
48,9,2
55,5,42
62,12,31
46,4,28
52,10,60
46,2,50
45,6,5
51,2,38
44,4,16
50,1,44
54,9,57
59,9,40
37,7,59
44,3,23
41,1,32
46,10,63
53,5,34
47,8,53
47,7,34
62,11,60
50,6,55
61,17,22
54,4,45
56,16,4
49,10,58
58,13,27
46,6,22
49,12,8
61,9,63
42,1,30
48,9,6
59,18,6
52,8,30
52,4,47
51,10,22
56,15,12
52,11,16
51,10,55
55,16,6
50,8,25
63,12,39
51,5,35
39,1,29
61,11,51
49,12,7
55,7,38
43,5,5
51,12,19
34,5,59
61,18,12
50,0,41
53,12,59
57,19,8
63,20,15
61,12,62
48,9,1
49,2,41
52,5,35
47,9,63
42,5,13
34,5,62
47,6,24
42,1,23
55,16,9
60,13,38
54,4,37
46,6,15
41,1,21
62,14,60
52,13,7
47,9,5
59,9,63
42,4,50
60,18,13
58,12,53
58,7,46
57,8,36
55,8,51
47,0,41
56,10,29
39,0,29
47,11,63
33,3,62
50,7,29
60,13,59
53,13,16
63,14,54
57,12,29
62,11,39
53,12,62
61,13,51
42,6,8
57,17,11
53,12,15
32,2,58
61,21,5
57,15,2
52,4,36
56,15,3
40,0,18
47,9,61
50,8,20
49,10,61
48,1,45
54,7,50
61,14,55
55,14,17
45,4,33
30,1,56
56,9,40
51,12,4
47,10,63
58,16,14
41,9,62
54,14,15
53,7,34
59,19,10
32,0,51
61,12,38
53,6,33
48,7,23
58,11,37
61,13,33
61,17,23
54,11,57
41,5,56
47,5,54
56,18,8
62,20,1
63,14,30
62,13,31
57,15,18
62,22,8
60,17,2
53,4,40
48,10,11
60,13,51
44,7,7
47,6,18
62,12,46
48,5,48
55,7,35
54,13,19
60,10,39
38,6,61
38,3,54
41,3,48
44,7,11
49,11,4
47,6,55
56,11,40
51,12,6
63,13,61
58,9,37
58,11,59
55,12,61
47,0,38
62,13,61
54,12,62
63,19,24
59,12,30
61,10,42
60,17,15
42,2,33
46,6,2
49,12,61
57,13,24
54,14,10
59,14,24
56,11,59
43,7,9
45,5,0
59,14,34
58,12,35
35,3,57
57,16,14
54,11,60
53,14,7
57,11,55
42,1,47
61,19,11
57,9,34
34,4,63
62,19,10
62,13,32
47,7,0
55,8,50
60,18,14
51,5,37
31,1,58
42,2,19
53,7,41
52,5,36
58,12,62
40,4,50
61,12,48
51,7,55
41,1,18
48,7,56
45,7,58
62,17,31
46,10,9
46,8,60
61,19,16
63,12,59
44,3,27
38,0,30
49,6,27
42,5,29
47,11,61
61,19,15
53,10,20
51,12,8
52,12,60
56,8,35
49,5,32
45,6,15
56,5,41
43,2,29
41,2,52
47,9,3
49,11,6
60,11,35
57,10,38
43,5,53
60,10,37
57,9,32
43,4,50
53,11,24
61,15,55
62,10,40
57,16,0
59,12,55
63,15,55
45,9,62
37,6,60
48,4,47
56,8,34
43,2,25
48,5,27
45,7,1
47,9,13
34,3,62
44,4,18
60,17,25
55,11,57
54,11,62
50,10,27
58,16,15
62,12,43
55,9,63
50,2,46
56,9,53
63,18,31
49,9,0
52,12,27
52,6,48
49,0,38
41,4,16
47,0,44
55,17,13
50,1,46
42,4,10
49,11,0
42,5,8
41,3,52
52,7,32
57,7,43
44,8,58
52,7,55
60,19,11
61,13,58
49,6,55
56,10,32
37,4,58
51,6,32
53,11,60
52,12,19
55,11,63
45,9,63
62,13,50
50,6,33
50,10,23
57,8,48
42,6,11
49,3,37
52,10,62
61,13,34
48,5,29
36,5,61
56,9,62
61,19,14
49,6,51
51,12,3
46,8,15
48,10,13
59,10,50
52,13,14
56,14,18
56,16,25
54,12,58
50,12,61
39,5,58
49,4,50
51,11,15
39,5,59
60,12,51
60,12,62
51,9,59
54,11,61
43,4,21
40,0,23
54,7,32
41,1,23
55,17,12
63,16,39
47,8,59
53,11,16
62,17,20
59,17,4
47,1,49
57,6,41
53,8,31
50,6,30
45,4,54
43,6,12
54,13,3
48,6,52
60,12,59
50,11,2
59,18,8
56,7,36
63,10,62
38,1,29
33,3,59
62,13,44
52,11,26
50,10,4
58,18,13
63,18,26
62,12,59
43,2,23
56,5,43
47,9,14
60,13,55
53,9,58
43,3,25
41,0,28
45,7,11
51,3,45
42,6,58
63,13,35
49,8,20
40,2,52
56,9,51
52,14,6
46,2,36
53,10,63
55,12,18
51,8,29
57,16,4
42,4,17
42,6,57
52,14,21
53,7,48
45,2,51
50,8,24
32,1,56
29,1,61
53,6,39
46,8,18
55,12,63
63,8,63
39,2,50
49,6,47
47,4,53
42,5,10
54,8,55
60,15,28
60,13,42
62,14,29
42,5,51
59,14,26
48,4,34
52,10,24
61,18,3
28,0,63
40,4,56
38,4,55
42,2,26
39,4,53
59,17,23
44,8,57
60,10,33
63,13,59
41,1,26
47,5,34
33,3,57
47,8,13
47,11,62
46,2,34
59,13,55
50,13,8
57,14,28
54,7,40
49,8,15
42,4,54
47,1,37
61,11,37
51,8,58
62,9,63
56,17,6
61,20,12
52,13,4
60,12,38
52,3,45
59,14,57
62,20,8
62,12,51
42,3,52
58,10,50
60,12,49
43,3,24
41,0,33
35,3,60
53,5,39
54,14,17
56,16,24
61,14,49
49,4,37
49,12,10
48,6,53
51,3,39
46,5,32
40,0,49
54,12,59
63,20,1
57,18,9
52,13,25
63,22,7
53,13,60
51,4,38
52,14,19
43,7,10
52,12,15
52,12,3
53,6,41
55,13,16
56,10,39
54,14,13
49,12,63
57,17,18
38,5,58
59,14,31
46,10,62
50,8,57
53,12,25
47,4,54
55,13,15
57,8,50
55,14,4
56,13,56
53,7,55
40,8,61
55,10,28
52,14,8
55,11,26
41,1,29
60,11,60
34,4,62
61,10,39
48,5,55
49,1,44
62,22,6
54,13,16
52,13,26
59,11,45
49,3,36
52,13,27
58,8,47
59,12,38
43,6,8
52,13,8
49,6,29
55,15,0
43,7,11
33,2,58
41,6,60
62,21,5
59,11,52
57,18,10
60,10,40
29,1,63
41,3,9
33,3,63
63,12,62
52,6,51
50,8,28
51,8,25
51,2,46
40,3,51
52,12,17
44,1,48
59,9,45
49,2,49
62,11,62
55,13,14
53,12,13
47,2,50
60,11,63
46,7,5
58,19,9
40,1,22
56,6,40
60,11,47
48,6,32
63,16,37
52,6,34
52,7,38
59,16,23
54,10,60
58,11,56
63,11,39
58,17,8
35,4,63
54,10,30
60,10,44
48,3,34
59,9,41
40,2,50
54,10,31
46,3,32
61,12,60
46,7,15
54,4,46
61,15,26
58,9,44
52,13,5
45,7,13
37,1,51
40,3,48
61,11,36
57,7,35
62,16,24
62,21,4
63,21,12
36,5,62
58,9,40
56,10,61
46,5,55
63,18,19
54,8,31
60,17,0
54,9,55
48,0,44
43,2,28
60,15,21
49,4,35
62,11,41
42,1,4
62,20,5
53,6,35
53,9,55
54,10,27
53,6,49
41,8,62
58,7,40
56,11,55
54,6,36
52,15,9
58,16,17
62,15,31
40,9,63
48,3,49
47,9,11
36,1,52
44,6,3
39,0,49
56,8,32
53,12,1
39,6,60
52,12,11
42,3,5
55,13,17
62,20,13
31,0,56
42,7,60
63,12,46
59,17,12
55,13,18
62,18,17
53,14,6
50,11,24
58,16,1
42,3,54
53,13,21
45,5,25
58,11,60
53,9,31
51,9,58
53,7,36
60,18,23
62,12,58
49,11,60
54,9,37
60,15,22
57,16,13
56,10,36
57,16,26
36,3,53
63,15,42
53,4,36
32,2,62
49,4,41
43,2,35
29,0,62
54,15,6
53,14,13
60,10,48
47,8,12
55,10,29
39,7,63
55,7,34
52,12,26
62,18,20
56,11,60
52,6,49
57,13,27
60,16,21
46,6,30
43,3,17
43,4,17
40,0,14
55,10,62
46,8,2
38,9,62
63,15,37
43,10,61
56,14,13
60,11,52
52,10,20
48,0,43
61,20,11
35,7,63
59,17,14
50,9,24
59,11,32
58,9,48
55,14,13
56,16,6
44,1,36
33,0,51
60,19,4
50,3,48
43,3,28
46,7,58
63,19,19
54,13,60
57,15,26
40,1,13
56,18,9
58,19,11
36,3,57
37,1,53
33,2,61
48,10,9
59,10,47
62,17,21
46,4,36
44,9,62
45,8,59
51,7,31
45,3,52
52,6,37
46,0,49
45,4,23
49,9,2
61,17,17
47,10,10
62,12,62
50,0,43
50,3,41
43,3,32
53,11,57
42,5,11
62,16,37
31,1,57
43,6,6
55,14,2
50,4,52
56,16,12
56,6,37
46,8,4
53,11,23
55,10,31
32,0,55
60,20,7
41,1,30
45,2,34
34,5,57
46,6,34
59,13,29
46,6,56
42,0,36
62,20,4
47,10,12
61,13,49
36,6,63
51,9,20
59,12,52
56,15,10
51,11,12
54,11,24
62,12,50
63,21,4
48,11,63
45,4,53
54,12,27
34,2,59
57,8,40
44,5,52
49,9,21
41,0,21
43,7,58
59,13,26
54,15,12
63,13,47
43,4,52
55,14,15
59,13,34
42,6,55
35,5,57
46,9,7
56,13,21
60,12,60
46,5,26
43,0,46
59,9,39
45,4,51
48,7,55
59,19,6
40,0,30
57,10,39
52,8,28
37,2,54
59,12,46
52,9,30
42,0,11
59,15,22
49,2,37
45,7,0
42,1,33
49,10,4
55,15,2
51,10,25
33,1,58
52,6,35
46,1,46
62,17,26
61,20,14
53,15,9
48,8,0
59,16,25
59,17,22
60,18,25
63,13,33
47,8,1
55,11,60
45,5,17
63,19,3
51,11,1
49,6,31
49,7,22
54,5,47
44,2,32
44,5,5
56,15,15
49,6,56
43,8,60
53,9,40
48,6,24
35,0,51
58,12,28
51,5,33
55,5,39
57,7,38
43,6,54
52,10,27
28,0,62
63,14,59
47,5,30
56,6,42
47,8,2
62,13,48
50,12,9
59,19,9
36,0,50
53,6,51
48,11,11
54,14,1
61,13,50
54,14,2
45,9,60
50,12,21
44,5,2
50,2,40
63,21,15
42,2,1
45,7,15
53,9,51
53,8,57
54,9,34
38,5,61
62,10,60
49,9,15
52,4,41
60,16,16
50,3,40
33,2,57
41,2,26
46,6,54
63,18,18
61,12,41
41,4,53
38,2,53
50,6,51
59,13,27
54,13,12
61,19,4
54,13,26
52,11,1
58,13,33
40,0,25
34,1,51
40,5,54
59,17,11
62,12,33
39,6,61
63,15,35
56,14,24
51,7,54
46,7,13
55,11,61
53,10,58
58,11,50
48,5,30
40,0,13
57,7,47
57,14,15
50,7,25
63,18,3
54,10,61
53,8,30
54,4,38
51,5,47
41,1,12
58,16,23
57,13,60
63,10,63
32,2,56
36,5,60
43,6,58
55,13,62
53,12,57
48,3,51
49,8,16
50,4,41
51,12,24
62,12,63
58,7,43
46,6,18
60,13,54
42,3,21
61,11,45
62,21,11
59,17,10
45,5,15
56,14,19
45,5,18
59,11,37
42,2,6
57,11,37
46,9,11
61,21,7
55,9,30
42,5,16
60,15,23
37,5,61
56,15,24
63,19,21
51,6,52
45,1,48
57,14,26
55,14,27
53,14,27
58,15,28
45,4,28
41,1,50
49,1,45
34,4,57
50,10,21
42,1,1
63,12,48
50,12,8
56,7,50
52,7,52
43,0,37
51,12,7
59,19,5
54,12,15
57,10,61
50,10,61
55,6,43
45,6,14
46,10,10
62,13,42
61,19,12
61,10,40
61,21,9
41,1,28
52,10,56
43,4,6
49,5,33
49,8,18
62,14,55
62,17,0
53,7,53
42,3,4
55,9,39
47,6,25
57,12,58
52,12,24
50,3,47
52,10,28
55,14,3
48,8,2
61,18,4
51,12,23
31,0,60
59,10,35
48,9,5
51,9,30
58,11,29
50,10,2
40,0,28
55,8,38
49,5,47
57,8,63
63,21,5
32,2,61
46,1,50
50,1,43
31,3,63
46,10,60
58,10,63
41,1,22
42,4,11
49,11,9
51,3,47
62,20,9
41,2,20
53,12,16
47,5,23
59,15,19
42,0,8
58,15,18
59,12,60
61,16,23
50,10,0
48,8,58
61,8,63
35,4,57
50,9,23
43,2,24
55,16,10
53,6,36
45,7,4
36,4,56
50,11,23
50,6,47
49,9,28
61,19,13
46,8,7
49,3,38
52,11,56
50,2,39
45,2,36
63,13,42
54,15,8
58,12,52
54,9,52
50,9,27
50,13,10
46,4,32
53,4,45
60,14,60
40,8,63
41,2,18
59,16,16
58,10,51
55,11,30
42,4,22
46,6,55
43,4,19
42,0,0
55,15,11
53,12,20
42,3,50
50,12,5
58,14,23
56,15,1
44,2,26
62,11,40
35,6,63
54,4,42
54,7,36
41,4,11
51,3,41
59,9,37
51,4,49
60,18,10
43,1,47
47,8,15
63,19,2
45,3,31
53,11,59
44,6,14
41,1,48
54,5,45
60,10,47
58,14,27
61,20,5
62,18,3
52,13,2
53,9,53
53,4,41
53,12,14
44,4,54
59,15,30
54,11,19
49,9,60
54,10,26
60,17,17
52,10,25
52,12,28
58,16,27
47,6,35
50,5,33
62,20,10
59,19,3
49,10,63
60,9,45
57,11,57
49,13,10
46,9,3
59,15,31
43,3,18
40,4,53
33,3,55
54,5,42
63,19,16
40,8,62
47,5,33
56,11,29
32,1,55
61,9,43
57,18,18
60,14,59
51,7,32
62,21,12
52,9,56
58,12,55
47,8,6
58,9,63
56,11,58
62,15,57
39,1,52
58,13,59
42,3,51
48,7,18
59,11,46
38,4,56
59,9,46
57,12,63
45,4,30
58,11,63
50,11,1
57,6,45
48,11,10
49,10,11
40,0,33
61,12,52
51,3,38
54,12,16
56,17,5
49,8,59
58,16,18
45,7,5
61,15,28
49,0,40
50,11,3
50,2,45
45,1,49
52,4,40
53,11,58
61,15,27
49,4,51
60,20,13
47,0,39
61,20,4
41,0,12
61,12,32
47,4,31
57,16,1
53,15,12
54,15,4
56,12,35
63,17,32
61,19,17
53,9,57
60,12,37
42,6,59
56,9,33
55,4,41
55,13,0
45,4,32
50,4,51
55,12,58
55,15,7
62,10,62
50,3,49
60,11,31
60,16,25
47,2,52
57,14,22
61,11,46
56,8,40
53,12,60
60,17,13
63,11,41
55,13,20
57,17,10
55,6,45
51,9,26
61,16,29
54,6,35
51,3,40
50,3,37
54,9,40
42,3,16
54,10,56
41,2,19
49,11,62
49,1,38
46,5,22
44,6,12
46,4,29
63,17,1
29,0,61
56,15,13
50,11,12
61,11,41
50,9,17
58,10,35
43,0,36
46,1,49
44,6,57
63,12,47
56,10,53
41,1,33
34,4,59
42,1,25
57,18,11
61,13,53
58,18,5
47,10,13
57,12,56
41,0,47
40,7,61
52,3,38
50,2,38
45,3,35
54,5,46
43,4,3
53,11,18
62,11,48
56,13,19
40,1,16
56,17,4
51,2,45
58,9,43
37,6,61
53,11,22
57,11,60
47,7,1
42,2,31
44,2,34
40,3,53
47,9,6
58,8,36
57,12,37
50,12,10
51,12,62
42,2,24
61,17,19
60,14,27
33,5,63
58,17,7
61,15,25
49,10,3
45,7,7
30,0,60
56,13,17
42,1,21
39,3,48
63,22,11
62,19,0
61,11,39
62,13,60
40,3,55
53,15,13
51,2,37
55,14,23
62,18,21
42,4,12
61,12,53
60,16,27
31,3,61
53,5,47
44,6,55
47,3,33
63,14,53
50,5,40
39,2,53
60,12,35
58,11,62
43,4,55
32,0,53
49,2,38
53,10,25
53,6,48
43,4,5
49,0,44
42,3,30
61,17,2
37,0,51
50,11,6
59,14,60
49,10,12
61,13,55
45,3,30
39,8,63
52,9,22
54,13,21
60,13,53
32,1,60
56,17,7
63,14,35
38,7,61
46,0,44
62,16,32
52,11,22
50,5,53
49,7,33
58,17,11
63,19,17
48,2,35
56,7,46
63,14,58
48,5,28
33,1,54
63,20,14
61,14,27
52,6,40
54,8,34
51,12,12
60,11,39
59,18,7
43,6,11
41,5,11
58,16,16
55,5,45
46,0,45
62,14,49
55,7,50
42,4,56
59,12,63
42,0,6
42,3,11
33,6,63
56,8,33
52,10,61
57,15,0
44,7,13
59,20,10
60,19,12
53,8,39
62,17,23
48,6,28
48,0,45
60,10,34
43,5,21
42,0,10
59,10,45
60,19,6
62,13,45
45,3,22
49,10,23
42,8,62
61,12,59
51,5,49
54,14,14
56,13,16
63,13,50
48,5,47
43,7,57
60,13,52
46,0,48
62,12,45
48,6,22
42,3,14
44,0,37
48,8,21
62,17,22
44,6,56
51,12,22
45,5,55
32,1,54
49,9,56
48,1,47
60,17,1
34,3,60
55,12,19
44,1,50
43,6,13
36,2,53
45,8,0
57,11,56
51,8,27
37,2,53
63,15,36
47,11,59
36,4,61
47,9,59
61,17,29
55,14,16
42,3,33
42,3,9
60,15,30
54,6,34
58,8,35
63,18,24
49,6,34
47,4,33
44,7,5
59,18,23
31,1,56
41,2,33
57,13,36
60,9,63
49,5,54
59,10,42
46,8,6
61,13,30
55,15,16
44,3,52
42,4,4
48,7,20
61,12,58
59,15,58
50,4,34
54,10,63
56,14,26
51,8,56
49,9,16
44,2,27
45,5,16
47,6,19
55,11,28
61,22,6
58,10,52
52,6,33
48,4,53
61,13,35
41,3,10
38,1,51
33,2,60
57,14,20
56,13,59
47,6,20
59,19,12
48,2,50
44,5,55
45,7,2
56,8,50
51,11,60
41,1,17
43,7,60
57,11,30
41,2,10
44,4,53
51,13,4
42,2,28
58,14,28
54,13,15
51,2,44
62,14,56
55,8,32
59,17,2
50,13,7
57,18,8
39,1,17
55,16,7
57,8,39
58,10,43
52,7,53
58,14,26
53,10,61
34,3,57
52,5,38
63,14,38
59,17,18
58,19,10
62,14,45
46,9,12
63,14,32
59,13,56
55,14,26
51,6,33
55,10,54
31,0,52
48,7,21
63,12,58
49,8,56
63,20,5
54,11,21
50,10,60
50,5,54
39,6,59
41,3,49
40,4,54
53,4,48
54,10,59
57,7,37
56,12,28
56,10,54
59,16,1
41,3,15
51,13,6
48,10,57
50,7,31
52,4,38
41,0,32
62,14,34
48,8,20
35,1,51
55,16,12
52,11,24
49,8,23
44,6,4
45,3,28
45,4,22
53,13,1
57,9,42
58,9,47
57,14,29
62,17,18
52,2,39
59,10,52
41,2,14
59,16,24
60,17,18
39,2,54
57,9,49
41,3,17
52,13,11
49,7,24
51,10,23
49,12,5
51,12,5
60,9,38
63,16,55
51,7,56
56,11,35
56,13,61
60,11,38
51,10,31
48,4,36
59,13,31
50,11,13
45,3,32
58,15,26
62,14,30
51,8,26
58,12,59
56,12,24
56,9,35
55,17,9
62,10,41
46,7,1
44,2,49
46,5,33
58,12,57
59,10,33
49,8,26
62,15,34
49,1,37
48,8,1
56,6,39
49,2,46
57,10,42
44,1,47
53,12,0
51,5,38
47,9,58
55,10,57
46,5,23
61,13,62
57,12,59
52,12,22
56,12,60
61,21,6
42,5,21
45,0,38
40,1,26
50,12,63
62,14,42
59,11,38
59,10,32
39,8,59
55,15,9
62,20,16
58,10,36
60,19,13
52,10,19
50,11,4
39,7,60
58,12,34
32,2,54
45,3,36
47,10,14
37,4,55
32,2,57
63,9,63
63,20,16
52,5,48
47,8,3
59,10,48
53,9,63
50,1,42
63,12,33
61,10,47
63,12,37
31,1,62
33,0,54
54,12,61
52,10,17
62,10,43
52,11,28
63,11,40
42,2,22
57,12,27
38,3,55
57,13,58
51,9,19
49,3,48
50,8,26
47,10,4
61,14,29
31,1,59
44,5,21
51,12,63
47,6,21
42,4,51
44,5,15
50,4,35
48,9,56
55,16,18
49,13,9
54,13,63
61,18,2
45,8,2
60,11,61
59,9,43
47,1,45
42,3,10
57,8,47
55,12,62
58,12,60
44,3,26
47,6,53
48,9,60
42,3,6
40,2,26
52,11,61
42,7,58
62,12,44
61,11,60
46,7,4
41,2,29
43,5,4
48,4,51
61,12,49
63,9,62
61,19,5
61,14,57
47,6,32
56,7,49
50,10,22
49,11,10
40,1,49
45,8,60
50,7,57
34,2,57
61,18,14
58,14,22
46,1,47
57,8,42
59,14,58
55,5,43
54,12,17
59,9,38
58,7,42
63,19,14
53,6,42
49,11,5
43,2,49
50,10,16
46,9,60
54,11,18
32,5,63
44,7,6
60,12,42
59,11,39
62,12,38
40,3,25
49,9,4
46,3,36
42,9,61
42,2,49
33,1,57
59,13,46
62,10,42
51,8,23
43,3,3
44,0,35
48,9,57
53,14,12
61,21,10
63,15,32
42,5,9
51,5,34
38,1,53
31,3,62
56,10,31
48,10,59
59,9,49
61,15,58
48,2,47
49,0,43
40,3,13
48,2,51
53,8,51
43,5,7
55,12,35
45,0,36
57,18,19
47,7,55
63,19,5
47,6,22
29,0,59
54,7,51
44,8,12
60,11,34
44,1,34
40,2,49
43,4,20
49,8,17
63,22,9
55,10,32
58,7,41
55,15,13
59,16,0
63,21,6
56,8,51
62,14,28
51,10,19
62,11,35
52,10,55
46,2,51
55,12,25
50,8,23
55,6,37
61,12,61
43,5,56
54,5,39
50,2,41
51,11,61
56,10,55
50,5,34
55,5,47
47,11,9
57,14,18
60,9,44
43,1,49
52,3,44
60,15,54
62,18,2
57,14,17
52,12,61
56,8,48
59,15,34
50,6,56
53,8,54
60,10,63
45,2,33
43,2,2
58,10,47
51,9,18
47,8,14
63,18,23
60,17,27
60,9,39
42,2,34
42,2,3
35,1,53
38,4,58
51,6,38
51,11,18
51,11,19
52,12,12
40,1,19
53,16,12
40,1,25
55,8,31
51,9,17
43,5,14
53,12,58
39,5,57
41,2,16
56,9,36
43,2,30
62,13,57
63,21,7
41,2,11
42,5,7
48,7,19
52,14,12
63,17,25
52,8,55
51,12,2
48,10,5
53,13,61
58,17,1
41,4,56
54,10,53
51,10,29
49,11,13
61,11,49
42,2,17
53,4,37
49,9,13
61,17,1
57,15,12
54,5,43
55,10,35
56,12,22
47,8,5
55,6,48
58,15,19
44,7,53
44,7,9
39,1,48
56,15,23
33,1,56
47,5,52
50,8,22
58,13,26
63,13,34
55,15,6
63,14,37
54,14,12
50,10,24
53,4,46
45,4,31
52,13,21
45,5,2
36,4,57
49,2,36
55,9,62
44,6,53
49,10,15
54,6,47
58,9,33
48,5,31
48,8,59
59,12,35
51,11,16
31,2,61
43,4,53
44,4,26
61,13,36
52,7,41
54,14,3
47,6,33
59,12,62
62,13,58
47,5,32
59,12,54
62,11,59
61,20,1
58,11,33
63,18,17
62,13,46
32,3,54
48,9,59
41,1,13
40,0,19
56,10,40
54,5,41
58,18,12
59,13,28
63,13,52
52,5,42
60,20,6
50,9,18
56,10,34
42,5,6
52,12,63
63,14,44
59,10,49
61,14,30
54,13,27
53,15,6
61,12,30
49,10,59
58,10,62
43,3,20
48,7,22
55,13,27
52,10,18
55,9,31
53,10,21
54,10,29
55,16,17
47,3,53
45,5,20
46,0,38
63,12,60
63,12,63
56,9,31
58,17,4
33,2,55
53,12,61
45,5,51
54,14,0
37,7,63
44,5,1
56,5,42
52,15,6
47,1,47
49,10,62
49,10,5
55,7,49
62,15,29
46,0,47
60,18,9
62,13,59
43,2,1
61,19,9
43,1,35
44,6,58
51,11,21
44,6,2
59,13,57
55,11,29
34,1,55
41,4,7
55,11,56
57,15,19
57,11,59
54,13,61
51,10,24
29,1,62
42,4,7
49,10,14
36,1,53
38,1,52
61,15,56
58,16,13
44,7,8
42,2,51
34,5,63
39,0,48
42,0,34
44,4,55
55,13,60
53,7,43
51,6,51
44,3,0
57,13,59
60,16,29
53,13,0
56,13,24
47,4,52
61,19,24
50,3,50
51,11,13
44,2,36
46,5,20
56,19,8
60,15,29
33,3,61
41,3,12
60,12,63
45,0,37
50,9,21
34,3,58
55,13,21
53,9,33
60,13,30
56,6,35
54,13,18
58,9,50
37,3,56
51,2,40
58,15,20
44,2,25
62,16,27
63,14,48
57,6,42
62,12,35
55,9,38
62,19,4
62,13,52
57,8,43
51,8,30
42,4,55
60,17,28
58,16,19
51,11,25
53,7,32
37,4,57
52,12,0
46,9,10
47,5,31
62,13,36
51,13,8
42,2,18
48,2,36
55,11,27
60,14,30
44,10,63
42,0,1
48,5,54
53,9,56
50,10,12
44,0,36
55,15,20
60,19,9
43,3,52
51,11,4
56,12,56
47,7,15
34,1,53
46,4,26
52,9,58
39,2,52
55,5,38
45,3,27
49,3,50
42,3,17
52,9,31
52,3,47
41,8,61
61,13,60
46,4,33
57,7,44
60,11,36
41,2,50
51,5,52
41,4,12
54,12,21
62,14,54
57,12,28
44,4,22
40,5,53
49,8,28
46,6,17
32,2,55
54,11,23
50,1,38
54,11,27
52,11,25
46,8,8
55,10,33
53,3,45
54,5,40
52,14,13
41,3,30
62,13,62
47,5,22
60,14,53
47,7,14
60,12,52
62,18,16
35,2,54
59,13,52
60,13,36
45,4,20
54,12,20
58,14,20
53,12,18
45,8,5
40,6,59
54,13,62
39,4,55
43,6,10
48,9,16
63,17,0
43,6,9
48,6,56
46,8,13
56,11,61
57,15,1
51,10,62
61,20,13
41,2,28
44,8,60
58,18,3
53,8,32
44,4,24
39,0,18
43,2,20
55,9,55
47,8,60
35,2,56
51,11,14
48,4,35
34,3,59
54,5,38
62,15,55
43,3,4
44,6,15
49,8,22
58,18,10
56,16,9
56,10,63
63,19,15
61,13,57
53,13,13
57,8,34
45,0,49
49,8,24
63,16,27
58,8,42
52,13,13
45,8,61
45,6,56
50,5,47
52,11,2
52,9,23
53,11,27
59,10,44
47,10,3
45,8,12
58,17,18
41,9,63
59,9,47
59,14,30
59,9,62
63,21,9
57,6,44
35,5,61
58,13,61
54,5,37
45,8,10
42,3,2
50,1,40
49,10,57
55,7,37
42,4,30
44,3,22
59,12,29
53,13,26
51,13,10
46,4,35
57,15,16
49,10,60
50,1,45
54,16,12
63,17,24
53,9,27
49,5,40
63,15,56
44,9,10
60,11,49
53,4,39
63,18,20
58,11,31
50,2,36
56,7,48
53,8,56
50,11,60
47,5,27
53,12,26
47,5,53
54,10,25
51,10,14
54,8,33
53,8,52
46,10,61
49,4,36
54,15,10
42,3,29
49,9,17
58,18,11
40,1,52
38,0,29
62,12,47
42,1,24
43,5,15
53,11,21
61,19,1
62,19,16
43,0,47
41,1,27
60,11,44
50,3,36
63,19,20
62,22,10
42,5,5
58,7,39
49,4,47
30,0,58
43,4,16
41,0,34
62,18,24
57,12,57
44,7,59
40,3,52
58,17,9
61,13,54
58,9,51
57,17,0
49,8,58
50,12,6
48,7,17
60,14,26
46,4,34
52,6,47
46,11,63
38,0,51
58,10,32
41,3,26
35,4,59
50,1,41
60,17,19
47,9,15
41,0,31
60,18,21
51,11,0
63,15,39
43,5,57
46,6,24
41,1,24
57,14,16
60,12,36
49,10,16
56,15,25
38,5,57
46,5,28
56,10,30
50,11,11
59,11,63
37,5,60
52,11,17
55,10,34
49,12,12
58,11,51
60,19,15
55,16,26
52,8,27
42,2,29
47,7,56
60,19,5
61,16,24
51,11,27
34,0,50
58,14,19
52,9,24
53,10,26
41,4,54
62,15,54
57,13,61
41,1,25
50,6,31
60,18,4
62,15,50
33,4,63
45,4,25
53,8,53
58,8,41
45,6,4
41,2,53
31,0,55
33,3,60
49,10,56
50,2,47
48,1,37
44,6,13
60,12,50
30,1,59
45,2,35
50,3,35
60,14,36
53,11,61
48,10,55
58,15,23
62,20,15
44,9,9
46,1,38
59,10,46
47,9,60
54,14,6
46,9,8
46,7,17
41,7,59
58,18,8
60,16,20
51,7,57
37,6,59
55,16,5
49,4,34
43,11,63
46,6,19
43,7,54
34,0,52
43,3,0
56,17,12
47,1,46
48,8,14
52,2,41
51,11,22
41,3,29
42,9,62
41,10,63
63,13,32
30,1,62
55,7,51
61,10,41
59,13,35
32,0,56
44,1,49
51,9,21
52,3,46
51,10,20
55,12,26
49,11,11
32,3,61
55,9,53
55,8,33
55,6,46
47,6,29
36,1,51
56,11,57
42,1,7
41,6,59
58,7,38
62,12,60
49,7,21
54,11,32
39,0,23
40,0,26
58,15,27
61,13,41
61,18,13
37,3,55
52,3,41
58,19,5
41,3,53
49,7,20
43,8,55
39,0,50
59,10,43
60,16,23
43,8,61
57,14,0
52,10,23
32,1,59
51,13,5
40,1,50
59,15,17
51,4,47
59,13,53
51,9,31
51,2,41
63,18,22
42,0,33
58,17,19
58,9,49
52,12,20
51,6,55
55,6,35
56,13,20
43,1,0
44,6,7
59,15,18
42,1,31
54,4,44
60,18,3
40,5,58
46,5,19
59,12,58
47,5,35
47,7,18
46,3,53
51,1,41
60,17,29
43,2,27
59,13,59
50,11,22
51,10,18
35,3,55
53,7,54
29,0,56
55,16,11
62,12,61
49,9,57
60,10,49
51,7,30
49,5,55
54,12,33
42,6,7
61,18,25
54,6,41
61,11,35
51,10,63
39,7,61
44,3,21
41,7,61
40,0,29
42,2,50
38,8,62
63,15,58
59,9,42
39,5,53
46,5,34
53,8,40
43,2,0
48,8,19
44,4,31
51,11,31
51,13,12
57,14,56
59,11,34
51,11,11
48,8,23
50,9,22
41,6,57
62,12,42
62,18,23
42,4,21
42,1,5
46,6,1
38,2,54
55,7,33
