9,11,54
4,8,59
25,20,43
22,22,36
37,12,59
8,11,54
4,19,23
2,15,37
21,16,45
48,18,57
18,8,63
54,15,61
45,20,52
17,20,34
46,23,48
15,21,26
2,15,36
17,23,21
10,18,29
23,13,51
18,9,58
18,22,22
33,11,60
60,23,52
45,11,62
0,14,43
47,12,62
23,23,35
35,23,43
46,18,53
22,23,33
1,13,43
12,11,53
41,11,61
15,19,30
8,13,43
59,21,53
35,21,46
2,14,43
24,18,44
51,19,54
23,22,38
18,8,62
37,15,57
15,10,62
43,23,48
54,16,58
14,19,30
27,14,52
55,14,63
26,8,63
39,10,61
32,7,63
2,10,56
11,20,26
2,17,28
0,17,23
6,18,28
13,12,50
5,13,43
3,19,22
18,19,36
16,22,20
37,15,55
33,14,56
3,15,39
0,22,13
62,17,60
38,17,53
29,8,62
0,14,39
6,14,40
23,12,53
13,21,23
10,19,29
31,21,45
6,17,29
50,20,52
40,14,58
6,8,57
9,8,59
14,23,20
2,14,44
36,23,46
8,20,22
11,14,41
9,21,21
22,21,38
39,12,58
4,14,43
24,13,51
54,21,54
0,11,52
36,12,57
51,20,53
56,20,54
53,14,62
1,8,63
43,22,47
23,13,52
37,19,49
7,22,19
24,13,52
20,15,46
26,17,48
7,18,26
7,15,41
41,18,53
41,16,54
33,9,62
42,10,63
54,23,50
0,19,18
50,22,51
45,21,49
8,13,45
42,21,49
5,18,28
10,13,46
3,8,63
50,17,58
6,13,43
23,10,55
20,12,52
49,19,56
43,10,63
19,8,60
43,17,53
29,10,59
36,20,49
15,22,23
21,20,41
47,23,47
15,20,27
41,13,60
39,17,54
21,22,33
35,20,49
53,15,60
29,13,55
15,14,45
3,12,50
10,16,34
48,18,56
23,10,57
15,18,33
6,16,35
35,7,63
14,12,49
0,16,28
13,23,19
46,15,61
57,22,55
9,15,38
55,22,52
34,14,55
17,21,29
10,11,52
10,13,44
63,21,55
7,16,33
43,11,62
0,13,46
12,20,24
19,22,30
8,10,55
57,18,57
29,23,40
7,17,28
42,21,50
17,12,48
43,20,52
16,9,61
5,18,25
13,9,58
4,14,42
25,14,51
4,18,28
50,15,59
59,21,54
17,20,35
43,22,49
10,15,36
4,16,30
8,16,35
8,18,30
19,23,26
16,20,30
31,15,53
9,12,51
18,21,29
12,16,34
16,22,24
55,18,56
23,11,55
30,21,43
32,10,60
9,11,50
23,14,50
41,19,50
23,23,37
20,21,35
33,8,63
6,9,61
6,14,42
25,13,54
38,16,53
52,14,63
16,21,27
38,16,57
52,21,52
0,9,57
11,14,44
38,14,60
30,12,57
57,21,53
12,22,20
1,23,12
36,12,61
32,14,55
23,8,63
16,21,24
32,21,47
3,22,17
62,23,53
40,22,47
58,21,53
20,15,48
0,20,19
1,19,22
25,17,47
10,17,32
17,22,20
33,17,51
17,21,26
19,23,25
20,18,42
7,15,40
60,19,58
34,12,58
52,17,58
8,15,38
51,14,61
59,14,62
18,16,43
21,23,31
9,19,27
35,21,47
29,19,45
44,12,60
55,17,59
30,20,45
11,10,62
23,19,43
23,16,47
3,8,60
31,8,63
49,22,49
53,23,49
22,22,38
58,18,58
18,17,42
3,17,25
1,17,23
57,23,51
6,12,50
17,20,32
46,17,55
28,22,40
9,13,49
8,16,37
11,17,33
11,21,22
6,15,40
23,20,41
56,15,61
10,17,31
25,20,42
7,13,49
23,23,38
0,13,41
33,9,63
15,16,38
11,8,62
0,8,63
12,11,54
5,13,45
33,15,55
32,23,41
19,13,50
17,18,37
62,20,55
19,18,42
31,21,46
6,18,26
6,15,41
9,16,35
30,15,54
30,8,63
39,19,51
14,16,38
36,9,63
42,17,54
5,18,27
46,14,63
40,15,56
27,14,53
2,11,53
17,11,50
2,16,27
13,10,54
54,23,51
58,17,61
44,20,53
5,13,46
1,16,29
40,19,53
19,9,60
29,14,55
49,21,52
49,14,61
5,8,61
22,15,49
10,8,61
40,17,56
5,19,24
21,11,54
36,16,54
33,13,56
7,19,27
19,23,20
24,15,48
34,23,45
3,21,19
33,23,42
5,19,23
10,14,40
25,8,63
3,15,38
31,20,46
13,19,26
10,15,39
0,15,34
38,17,54
20,8,62
15,12,48
1,17,22
37,23,45
16,15,44
52,19,56
48,15,60
17,19,38
23,22,39
22,8,59
6,12,52
23,8,62
19,12,50
12,9,57
46,14,61
8,21,20
54,18,56
16,12,49
8,8,62
2,21,17
0,16,33
3,12,48
29,18,48
11,9,62
55,17,57
37,11,60
18,20,38
3,11,51
0,17,24
28,20,44
22,20,41
24,21,41
45,13,61
41,21,49
16,20,32
56,21,53
61,16,60
63,18,59
33,15,54
12,12,50
44,17,55
31,11,58
5,11,52
60,15,62
49,19,55
4,20,21
38,11,60
60,22,54
27,22,42
3,18,26
15,15,41
42,21,51
36,23,43
9,19,25
47,20,53
37,16,53
16,9,62
15,10,54
30,19,48
37,18,51
61,20,56
26,15,50
22,9,57
24,8,62
15,8,63
16,18,37
29,17,49
7,12,49
59,21,55
22,11,55
17,14,46
11,21,21
37,20,49
3,17,31
9,18,32
3,14,42
33,12,58
12,20,26
7,11,52
10,14,44
31,11,59
15,9,62
22,8,58
14,21,22
43,19,54
24,12,53
59,22,53
26,14,51
31,7,63
17,22,24
53,23,50
9,18,31
16,15,45
41,14,58
54,15,60
37,10,62
30,21,45
6,19,22
57,22,54
35,13,56
54,14,61
19,9,56
15,22,21
28,11,59
45,19,51
43,16,54
25,14,50
49,22,50
13,15,39
19,14,48
7,13,47
38,13,60
10,9,60
55,22,51
4,15,36
29,15,51
36,17,53
31,17,50
30,15,52
59,18,59
3,18,22
26,18,46
48,17,56
28,18,48
18,17,41
20,20,39
48,14,60
16,13,46
17,21,31
44,15,56
17,9,58
0,15,30
16,10,53
26,19,43
19,21,34
34,20,47
41,15,60
12,11,49
22,19,41
58,22,52
25,15,50
8,19,24
14,12,50
16,18,34
19,23,22
17,10,52
56,13,63
22,11,54
2,9,57
6,9,57
28,13,55
37,12,58
8,15,36
57,23,49
18,19,37
10,20,23
46,13,61
44,12,61
7,14,41
61,19,57
22,14,49
6,15,36
20,22,33
13,9,62
45,19,53
1,12,49
0,9,59
29,9,60
42,15,60
35,11,61
35,15,56
19,21,32
23,17,44
49,21,50
2,8,62
13,20,22
4,21,19
38,10,62
18,22,30
23,17,46
53,17,58
25,13,53
55,21,53
13,9,56
34,17,52
12,20,25
6,13,45
5,16,33
17,21,28
32,11,60
13,19,28
26,20,44
12,15,39
37,17,53
31,22,43
28,19,45
46,13,63
0,22,16
1,11,53
3,11,53
61,17,60
7,8,61
58,22,53
5,20,20
37,13,61
4,22,17
34,22,46
41,20,50
15,17,39
14,19,28
5,17,30
52,17,57
54,18,57
20,23,19
40,13,60
40,21,48
38,20,49
35,19,51
36,15,56
25,19,44
32,21,46
6,20,23
20,21,36
24,11,55
24,18,45
9,12,46
41,17,53
44,20,51
32,16,53
8,9,57
15,17,35
23,9,58
31,11,60
0,20,17
3,20,18
10,18,32
7,9,57
16,20,27
54,23,49
8,18,29
10,19,24
10,18,30
49,16,58
50,21,51
13,11,49
1,8,58
32,14,56
0,13,45
18,18,39
15,20,28
8,11,51
20,11,52
24,9,59
2,10,62
37,18,54
29,10,61
0,12,50
9,16,36
38,14,57
31,21,47
43,17,54
33,17,55
19,9,55
45,13,59
6,21,21
9,9,57
42,23,47
16,11,51
54,19,56
26,9,60
13,10,52
26,15,51
20,16,44
61,15,63
4,12,48
59,18,57
3,11,54
30,11,60
7,20,23
50,19,54
0,15,33
17,22,25
16,13,47
13,20,24
1,8,59
56,16,60
18,11,51
7,18,28
15,9,58
17,19,35
61,14,63
13,12,48
20,11,54
30,20,44
13,21,25
18,17,43
4,9,62
61,23,51
21,22,37
47,14,59
1,21,21
34,12,59
10,18,28
51,17,60
32,14,54
12,8,57
28,23,41
23,15,50
43,12,61
30,20,46
40,12,59
34,9,62
19,8,63
37,19,51
19,11,52
57,21,52
3,16,33
26,8,61
28,9,61
1,18,22
4,17,31
12,8,59
26,13,54
45,13,60
3,13,44
22,17,46
8,17,32
13,12,46
34,23,46
18,11,53
19,15,47
0,23,16
27,8,63
58,19,56
13,14,42
55,19,56
2,18,24
1,18,21
7,10,55
57,18,58
17,21,27
47,14,62
18,10,54
2,20,21
38,13,59
9,10,55
16,21,23
24,23,36
20,21,38
22,10,55
55,23,49
25,18,44
63,21,54
0,18,22
39,14,59
31,23,43
19,20,38
23,21,40
36,22,45
40,14,59
27,18,46
34,8,62
45,19,52
33,14,55
19,10,54
10,14,39
35,9,61
33,22,43
41,20,53
24,16,47
11,9,61
43,23,46
41,14,56
18,10,52
24,17,45
24,22,39
9,14,43
41,13,59
2,16,31
9,16,34
22,8,62
43,18,52
11,13,43
49,21,51
62,22,54
25,22,40
3,9,61
13,10,61
4,13,46
15,9,60
27,19,45
20,8,59
10,8,63
9,16,40
40,23,46
21,19,40
35,23,44
54,22,52
15,21,24
35,18,50
19,23,27
10,11,51
19,17,42
16,20,26
39,21,47
3,22,18
53,17,59
2,23,13
17,8,60
8,21,21
18,9,57
49,19,54
29,20,47
0,14,36
38,19,50
0,8,61
20,23,25
48,19,54
39,15,57
30,17,50
54,14,63
8,14,42
5,12,50
9,15,39
18,13,49
14,17,34
8,14,40
1,15,33
45,18,54
5,17,32
11,15,39
8,16,41
47,16,56
15,22,24
53,18,57
45,18,53
15,22,22
13,10,55
50,23,48
7,18,25
10,9,57
18,20,33
20,22,32
50,16,58
14,12,47
15,18,35
10,8,62
36,12,58
31,9,61
24,23,38
30,21,44
16,23,19
35,15,55
28,10,59
39,13,58
43,19,52
32,21,45
21,23,32
28,14,54
54,13,63
31,20,45
13,14,44
42,23,49
15,21,25
26,14,52
22,16,46
2,21,20
0,23,12
0,19,20
8,17,30
45,15,59
12,14,44
9,10,54
40,19,51
3,23,17
3,9,63
14,19,29
56,23,49
14,17,37
4,21,18
36,21,48
16,19,36
6,12,48
16,22,23
2,12,47
39,21,49
7,13,45
41,14,59
47,19,54
35,13,58
10,10,55
1,18,23
31,14,55
16,16,43
46,14,59
58,23,51
6,23,16
4,8,61
15,23,18
19,19,41
0,9,62
18,9,55
38,16,54
42,13,60
9,8,58
36,19,49
9,19,24
39,15,55
46,14,58
59,22,54
0,18,18
53,18,56
54,14,62
39,14,58
41,18,51
31,19,49
2,16,35
1,22,21
58,18,57
8,8,61
29,18,47
53,19,54
1,12,48
4,9,61
6,21,20
47,16,57
17,15,43
58,15,61
47,11,63
60,20,56
38,10,60
41,15,59
39,13,60
11,12,47
14,16,39
32,18,50
0,17,25
46,17,56
11,13,44
26,10,59
55,18,57
3,18,25
50,16,60
0,14,40
52,19,55
16,8,61
47,13,60
19,20,37
17,17,42
34,12,57
62,20,56
31,16,53
12,13,47
49,20,54
20,8,63
51,23,49
29,17,50
17,22,27
46,18,55
28,8,61
46,12,61
3,8,58
12,16,38
63,22,55
22,17,44
43,20,51
49,23,49
27,16,49
14,21,25
6,13,44
60,19,56
18,22,19
25,15,51
36,10,62
6,21,19
6,18,30
44,23,48
1,18,20
47,18,53
20,23,33
62,20,57
1,21,20
18,23,18
9,23,18
40,15,55
54,17,57
8,15,40
34,14,56
33,11,59
44,19,51
15,9,57
12,14,42
40,9,63
16,16,42
18,22,23
12,8,60
26,12,54
22,12,53
20,22,34
44,20,50
10,9,58
21,19,42
34,19,49
23,9,57
17,16,42
51,20,54
30,23,41
38,22,47
11,20,24
28,17,48
33,8,62
2,18,23
30,13,55
0,15,32
32,13,57
21,8,58
49,16,59
8,8,63
40,17,52
5,9,60
19,11,51
29,21,47
63,23,54
2,11,54
27,23,40
0,21,15
53,16,58
36,13,57
29,12,57
26,17,46
7,14,44
17,22,18
63,20,55
22,21,40
22,16,45
7,23,17
50,18,55
12,9,63
4,11,53
34,20,51
14,14,43
57,21,54
15,10,61
50,14,61
62,23,52
32,16,52
30,17,49
44,23,46
16,8,59
31,13,57
1,15,30
15,8,62
34,22,45
23,21,39
15,16,39
23,18,43
14,10,52
4,23,16
34,11,60
58,17,60
14,13,48
2,22,16
1,13,44
9,15,37
8,13,44
34,23,44
45,14,59
3,12,52
36,22,46
37,18,53
2,14,41
55,16,59
9,20,22
9,22,20
28,13,54
11,17,34
5,12,49
7,13,48
20,22,30
63,17,59
20,19,39
22,14,50
30,9,62
6,16,33
26,16,49
16,19,35
13,11,53
48,14,61
36,18,52
13,8,57
32,21,44
42,12,61
4,8,60
42,18,54
32,22,44
54,16,60
15,10,52
11,9,56
15,8,57
38,23,44
1,22,18
13,15,40
0,16,25
11,11,49
48,14,59
46,16,56
61,23,52
7,14,43
61,20,55
5,9,56
1,13,42
27,15,52
27,10,58
21,14,49
36,8,63
60,18,59
38,8,63
42,14,59
39,11,61
49,13,63
52,21,51
6,12,51
37,13,58
10,12,52
25,20,41
13,9,59
1,15,39
50,21,50
22,9,58
6,12,47
21,18,43
31,15,54
21,15,47
9,14,39
13,16,37
7,11,53
42,23,48
8,16,40
2,19,20
3,12,47
5,17,31
6,20,22
12,11,50
26,9,59
26,13,52
16,9,58
9,19,29
47,19,55
36,13,56
7,18,30
27,11,56
20,23,30
57,19,57
28,9,60
41,18,52
10,12,47
23,20,42
31,14,56
5,19,26
4,22,18
17,17,39
0,21,14
45,20,51
32,9,61
15,19,29
1,15,35
13,23,20
2,15,38
13,17,34
43,21,48
40,13,58
46,20,51
29,13,54
56,18,57
60,20,55
35,12,59
41,21,52
26,19,45
43,23,47
14,13,45
0,13,44
12,15,38
31,10,61
61,19,56
1,8,61
4,15,38
35,14,56
8,13,46
36,16,55
36,10,61
39,17,53
18,14,46
39,9,63
17,20,31
57,23,54
21,21,39
48,21,51
33,18,50
14,11,54
28,22,42
53,16,59
8,20,24
14,11,50
17,13,48
55,15,61
17,10,53
57,21,55
15,19,34
60,16,61
29,9,62
49,15,59
3,12,46
47,17,56
4,13,47
11,14,40
23,11,54
51,17,57
40,14,57
49,23,47
38,17,55
20,22,36
51,19,55
17,19,33
40,14,60
20,15,47
11,20,25
10,13,43
45,15,60
52,16,58
57,22,51
20,13,49
35,8,62
9,14,40
29,21,44
10,16,33
18,18,40
18,9,60
19,22,33
18,23,24
5,12,51
0,14,38
19,16,45
61,15,62
48,22,50
25,12,55
0,8,62
13,18,33
34,15,54
11,16,36
35,9,62
17,13,49
1,10,55
18,9,59
15,16,41
60,21,55
25,14,52
63,19,57
47,19,52
24,8,61
34,13,57
45,23,47
7,21,19
14,22,20
42,13,58
12,10,61
1,20,21
4,8,58
56,15,62
19,23,24
12,16,35
39,18,55
52,15,61
12,10,62
59,17,59
18,16,45
48,21,50
1,22,14
58,18,59
7,11,51
15,9,55
45,22,48
11,12,46
14,18,30
62,16,61
63,18,60
3,16,27
52,18,55
5,17,27
14,17,36
1,16,24
43,20,53
30,10,60
23,10,56
13,10,60
3,9,60
56,17,58
28,12,56
61,19,58
2,16,25
49,20,51
17,22,23
25,10,56
18,11,52
58,20,56
42,15,57
7,11,50
25,8,62
15,19,28
16,21,21
7,8,58
29,22,42
22,18,42
12,9,56
10,23,18
63,16,61
14,21,21
26,12,55
14,8,61
26,19,44
50,16,59
37,10,60
63,23,55
4,16,32
59,20,55
24,17,47
32,10,59
2,20,22
51,22,51
40,15,57
30,16,50
17,13,47
12,18,31
25,16,47
17,22,22
17,14,47
40,10,61
45,14,60
62,21,55
27,11,58
54,16,59
7,17,29
48,16,58
14,21,23
49,15,60
42,16,54
1,23,13
34,17,54
8,11,50
54,20,55
30,23,40
12,14,41
27,15,50
9,15,36
18,23,22
39,18,52
61,18,59
42,16,55
7,12,48
32,8,62
22,8,60
32,11,58
21,20,39
12,8,63
27,15,51
3,13,46
49,20,53
62,16,62
0,22,14
2,19,21
49,12,63
4,19,22
11,15,36
51,18,55
12,21,24
46,16,58
17,8,59
51,16,59
9,12,52
29,12,58
60,21,54
3,9,62
15,11,50
3,14,41
45,17,54
33,19,49
40,21,49
11,22,19
56,23,50
39,18,56
16,12,50
10,13,45
38,21,48
12,21,22
4,15,37
10,10,54
3,14,40
30,10,59
2,17,26
14,22,19
61,22,53
47,15,62
4,16,31
39,23,46
12,15,40
50,18,54
1,13,48
27,18,45
24,18,43
5,16,36
9,22,19
19,11,53
57,17,58
11,12,50
42,23,46
29,10,60
15,23,20
8,14,43
53,13,63
58,16,60
40,19,50
63,23,53
10,9,56
0,8,59
9,18,27
52,18,57
37,22,45
57,17,59
20,21,34
15,13,47
8,19,28
60,18,57
44,15,58
29,16,50
4,17,28
56,16,61
1,18,24
42,12,59
4,21,20
31,12,59
45,17,55
47,18,55
8,20,25
0,13,47
48,19,52
45,15,57
44,13,59
15,10,55
30,15,53
35,22,46
21,10,56
15,15,42
17,14,45
20,8,60
2,18,22
31,9,62
17,19,37
16,10,56
6,8,58
48,17,55
20,22,35
30,18,48
30,23,42
53,22,50
38,21,47
25,16,48
16,19,37
3,22,15
39,16,55
30,16,52
34,16,54
33,21,45
4,13,44
23,19,41
3,21,18
6,12,49
20,18,41
7,19,24
39,12,59
30,22,43
30,8,62
37,14,57
12,10,55
7,18,27
42,10,62
5,10,54
16,21,28
27,13,53
34,23,43
9,8,57
50,14,60
3,22,16
28,15,51
5,14,42
52,15,60
14,8,63
25,11,56
59,23,51
47,15,63
1,21,16
1,17,26
49,23,48
46,15,60
20,23,23
21,14,50
19,18,40
42,14,57
54,20,54
42,20,49
3,17,26
30,9,61
14,14,45
22,8,61
19,21,36
18,20,34
58,16,61
4,20,19
23,15,48
7,17,32
35,11,60
3,16,34
18,21,32
38,16,56
50,13,62
20,10,54
52,16,59
12,21,21
24,12,54
3,16,36
5,12,52
9,9,62
9,14,42
20,17,44
19,14,47
60,19,57
9,17,34
13,13,46
12,19,26
38,18,51
27,17,47
0,15,35
4,12,47
48,16,57
48,16,56
12,17,35
46,15,57
2,9,60
4,19,25
7,23,18
24,10,58
22,14,48
14,10,62
48,23,49
5,18,26
10,19,28
2,11,51
41,16,59
27,9,60
5,12,48
21,13,49
49,16,60
27,21,42
20,23,29
51,16,61
16,11,50
29,20,45
6,11,52
44,22,47
1,20,18
12,9,58
31,23,41
39,22,46
15,10,53
44,16,56
45,23,48
36,18,51
27,22,41
21,22,36
8,18,26
28,10,58
18,8,60
4,15,39
18,21,31
51,17,58
21,17,44
5,16,32
53,14,63
49,19,53
11,11,52
13,20,25
6,23,17
1,8,60
48,20,52
17,9,61
8,12,47
42,13,59
1,16,30
7,21,21
12,10,56
32,19,49
55,16,60
44,18,53
35,15,54
6,17,28
18,22,27
13,11,50
38,19,52
28,17,50
7,10,54
35,20,51
63,14,63
10,22,21
7,14,45
46,21,51
57,16,61
24,9,60
10,21,20
1,19,18
7,12,51
0,23,15
29,8,63
62,17,61
10,14,41
4,18,25
27,12,54
35,18,52
40,11,61
23,23,36
61,15,61
2,8,58
17,20,33
4,16,34
18,18,38
14,20,25
32,9,62
41,16,58
46,13,60
44,21,50
10,21,21
32,22,43
1,14,39
33,23,44
49,18,55
48,15,58
16,22,19
2,17,27
40,15,58
11,13,45
7,10,56
0,9,56
58,20,54
3,15,36
16,20,28
36,19,52
40,22,48
21,21,38
6,18,25
17,18,38
30,18,49
63,15,63
13,20,27
37,14,56
20,14,47
12,14,40
19,23,17
6,16,34
8,15,39
48,20,53
22,23,36
14,9,58
7,8,60
48,12,63
6,11,53
34,10,61
16,19,31
20,21,39
32,9,63
17,23,23
47,17,58
25,16,50
11,15,38
1,19,21
18,22,28
44,19,53
34,20,48
33,15,53
22,18,44
20,17,43
29,19,46
47,13,62
34,11,59
5,14,40
4,13,45
31,22,42
6,8,62
43,22,48
18,21,28
44,13,60
15,15,43
21,12,52
8,19,26
2,20,19
29,11,57
18,22,31
11,12,51
31,15,52
19,20,36
33,16,53
15,13,45
3,19,20
13,17,35
51,15,61
27,19,44
1,14,38
20,13,50
24,16,48
41,13,58
6,22,17
34,17,51
12,13,45
44,18,52
12,18,32
14,17,35
17,8,63
21,18,42
27,16,50
42,20,51
11,13,46
18,22,24
57,16,59
61,23,53
41,17,57
17,23,20
8,22,18
28,23,39
28,9,62
0,23,13
23,16,46
49,20,52
14,10,53
25,16,49
44,23,49
0,10,56
26,16,50
56,17,59
30,13,56
13,11,52
26,14,53
9,13,46
15,8,59
17,8,62
12,23,18
18,19,39
3,10,55
30,12,58
13,22,19
2,19,19
11,10,56
7,9,56
24,20,41
28,22,41
32,19,47
9,10,56
40,22,46
31,16,51
47,21,50
38,11,59
5,8,60
1,11,54
21,10,54
17,12,50
31,13,55
13,10,62
8,19,29
41,22,47
1,10,54
22,15,47
16,18,38
2,17,29
1,13,47
44,21,49
48,13,61
12,21,25
15,8,58
5,15,40
15,20,30
34,19,48
17,22,21
4,22,16
25,9,60
16,20,33
1,15,38
47,15,59
4,14,40
21,13,51
29,22,43
19,22,29
44,11,63
60,18,58
23,10,58
11,23,17
1,20,20
34,11,58
23,12,55
39,23,47
47,22,49
24,19,43
16,8,62
32,23,43
45,21,50
21,8,63
52,14,61
57,15,60
12,23,19
38,12,59
49,18,56
15,13,46
17,22,19
16,19,34
14,13,46
21,23,29
45,16,55
23,17,45
17,21,30
12,20,22
39,18,51
14,16,40
6,19,26
5,16,37
39,16,54
18,16,42
61,16,61
3,23,14
59,15,61
15,16,40
12,15,37
2,12,49
43,13,59
16,11,52
33,19,48
7,23,16
14,19,32
37,13,60
19,21,37
40,23,45
56,15,60
21,9,55
15,16,42
2,15,39
14,11,51
43,19,53
50,14,62
9,19,26
41,23,47
4,18,27
39,16,56
33,22,45
11,19,26
15,20,25
29,12,56
31,8,62
6,18,27
11,20,22
10,19,25
36,20,48
1,17,28
36,14,56
8,8,60
53,14,61
27,21,43
25,18,46
30,11,59
3,19,21
28,8,62
10,11,54
16,17,40
26,17,47
63,23,56
22,22,39
11,19,28
0,16,30
35,12,58
24,14,51
14,10,61
3,8,61
55,15,60
62,21,54
9,18,25
18,14,48
46,12,63
5,14,43
5,15,36
2,22,14
0,18,19
35,20,52
0,17,29
4,13,42
9,19,28
31,23,42
57,15,62
38,23,46
42,22,47
2,13,46
47,21,51
23,16,48
8,22,19
4,11,51
18,12,51
1,16,27
57,19,56
28,15,52
59,20,56
26,22,39
13,17,33
20,23,18
22,23,37
1,22,15
19,22,34
2,16,28
14,17,33
4,16,37
14,10,54
26,21,41
47,14,60
0,20,18
26,10,58
27,11,57
10,11,50
5,17,28
3,16,35
35,21,48
55,21,54
18,21,33
28,23,40
2,8,59
58,22,54
46,20,50
34,18,54
16,9,60
24,21,40
9,13,44
41,22,48
14,16,41
0,8,60
14,8,58
7,13,44
41,17,54
44,22,49
11,19,25
32,17,51
36,14,57
42,21,52
18,22,26
46,19,52
17,12,49
4,16,36
38,17,52
40,23,47
54,15,62
33,10,59
40,17,53
25,9,61
16,17,39
11,18,29
63,22,56
9,12,47
35,8,63
10,8,60
8,9,56
11,20,27
14,9,63
50,23,49
35,19,49
54,21,53
33,18,49
48,21,52
3,20,20
5,13,47
36,11,60
49,22,51
38,16,55
48,18,54
39,15,56
1,12,45
43,16,55
37,12,61
42,15,55
19,23,18
22,20,42
17,21,24
34,19,51
48,17,57
4,17,32
25,21,40
43,14,57
7,18,31
22,12,51
32,22,45
2,9,63
9,17,33
0,12,49
5,9,61
63,15,62
53,21,52
25,21,41
13,15,41
62,22,53
26,16,48
6,10,56
18,20,36
28,18,47
18,16,44
6,17,30
1,15,36
30,14,54
10,12,50
26,23,39
1,15,37
59,18,58
21,9,57
16,12,48
18,20,37
8,21,22
15,21,22
34,7,63
9,9,63
28,12,55
5,23,16
3,15,37
19,20,39
58,23,52
7,19,25
58,15,62
4,20,20
4,10,54
27,10,59
9,23,17
8,14,41
19,8,59
37,18,52
33,13,57
63,17,61
27,8,62
8,13,48
29,16,52
41,20,51
18,21,35
39,17,52
1,10,56
26,20,42
12,17,33
18,23,23
2,13,44
17,20,30
57,16,60
46,13,62
14,13,47
8,17,31
2,22,18
36,15,55
13,16,39
38,14,56
16,10,54
31,12,58
58,20,55
10,19,27
19,23,29
1,19,20
47,15,58
13,8,63
47,22,48
6,22,19
14,23,18
40,9,62
0,8,58
17,18,36
6,13,46
59,22,52
5,20,22
48,20,51
1,20,17
10,12,48
12,13,43
4,13,43
23,8,61
52,13,63
18,22,20
22,13,52
17,19,34
41,9,63
1,14,41
5,16,34
41,15,55
31,18,48
0,14,41
59,13,63
16,22,21
20,9,55
10,8,59
18,15,45
17,23,19
1,22,16
13,19,30
44,13,61
38,13,58
1,20,16
30,17,51
34,23,42
3,8,57
14,9,59
50,22,49
22,13,50
47,17,55
56,18,56
38,20,50
35,16,54
9,9,58
1,21,19
21,10,55
38,19,51
21,14,48
60,22,53
8,15,41
17,15,44
21,15,46
8,15,37
16,14,46
0,12,48
17,8,61
20,10,55
24,10,56
7,13,43
1,8,57
43,11,63
4,14,44
7,12,52
17,9,57
48,23,48
2,16,29
26,22,41
40,18,52
37,23,46
46,22,49
48,18,55
14,16,37
15,17,38
0,22,15
3,16,28
25,18,47
40,10,63
60,16,60
38,20,48
8,14,44
11,14,45
38,12,60
17,18,39
9,17,30
24,8,60
43,19,51
8,16,33
6,14,39
10,15,40
6,11,51
33,7,63
34,19,50
14,9,57
13,19,31
46,21,49
3,19,23
36,12,60
46,12,62
13,18,34
63,16,62
5,14,41
59,15,62
8,17,41
30,16,51
12,15,41
7,18,29
1,17,24
37,17,54
1,12,47
29,11,58
17,21,25
25,8,61
11,8,60
43,12,60
19,15,45
49,16,57
40,20,50
32,17,52
12,18,28
14,17,38
5,14,39
13,18,32
35,10,60
47,23,48
22,17,45
39,17,55
37,15,56
6,16,36
7,8,63
17,23,18
41,19,52
22,10,56
17,11,52
46,11,63
27,22,40
2,23,18
15,12,47
46,16,57
26,22,40
26,13,53
21,12,51
18,23,26
30,12,56
24,10,55
13,14,41
13,8,58
15,21,23
17,18,41
33,18,51
3,16,32
24,18,46
8,11,53
39,14,57
19,8,61
5,17,29
57,14,62
0,8,57
7,16,36
35,19,50
48,13,63
37,13,57
2,15,40
41,16,57
52,23,49
11,8,63
11,8,57
15,15,44
7,13,46
41,11,60
41,14,60
37,12,60
19,12,51
45,16,57
32,13,56
30,14,53
24,8,59
2,9,62
0,13,48
14,9,56
14,11,52
60,14,63
4,12,49
7,14,40
3,17,29
5,11,53
32,20,46
35,20,48
17,10,54
28,17,49
39,11,60
18,13,47
63,22,53
51,22,50
4,23,17
54,17,58
11,22,20
21,23,35
26,18,47
21,8,61
47,19,53
4,23,15
11,10,60
38,22,46
6,22,18
22,8,63
21,17,43
11,20,23
6,20,20
53,22,52
35,12,57
7,17,30
14,9,60
13,18,31
18,11,50
42,15,56
46,18,54
9,17,32
6,17,33
55,20,55
12,19,28
59,17,60
0,16,24
0,14,37
23,14,51
16,22,22
20,12,51
19,16,43
20,8,61
55,17,58
21,15,48
11,11,54
24,16,49
3,18,23
18,20,35
23,8,60
41,23,45
23,20,40
15,8,60
28,21,42
21,12,53
17,16,44
16,8,63
9,21,20
40,18,53
9,16,37
29,17,48
11,8,59
8,19,25
27,16,51
58,17,62
44,23,50
14,10,55
49,18,54
8,18,27
12,13,46
33,16,55
18,23,17
27,12,56
8,12,46
29,11,59
16,9,63
41,15,56
31,22,44
14,21,24
44,14,59
43,17,55
13,11,51
9,12,50
28,12,57
37,22,47
25,22,39
0,13,42
19,19,39
33,16,54
42,16,57
62,19,58
42,22,49
21,11,52
34,9,61
28,16,50
19,22,31
43,14,58
9,20,24
9,18,29
58,22,51
9,13,48
7,12,50
21,16,44
1,17,27
29,23,42
0,14,42
13,13,45
14,11,53
43,18,53
56,18,58
9,18,28
52,18,56
28,10,60
35,10,61
13,17,32
6,17,32
20,20,38
4,17,29
43,21,53
55,15,62
42,18,53
33,21,46
2,10,55
23,22,37
51,21,52
24,10,57
13,19,29
59,16,60
55,19,55
2,11,52
50,21,52
2,20,18
0,11,53
58,17,59
1,14,42
2,21,16
35,19,52
42,22,48
58,17,58
19,18,41
42,21,48
16,18,36
6,10,54
4,11,52
44,17,54
16,21,25
41,23,46
31,17,51
51,18,56
51,14,62
43,13,58
7,17,33
56,19,55
47,16,58
13,17,36
8,23,18
12,12,47
21,23,30
5,8,58
1,16,33
59,14,63
8,18,31
6,19,27
31,18,49
53,20,54
0,12,46
11,19,24
44,10,63
44,23,47
42,21,53
8,13,47
9,15,41
1,15,32
19,22,25
48,14,62
12,8,62
12,14,43
31,21,44
17,17,40
9,9,56
47,20,51
2,20,20
9,8,60
23,12,52
27,18,48
7,16,34
28,19,46
28,14,52
56,23,51
15,20,26
43,16,56
60,15,61
53,22,51
11,16,37
0,18,20
6,8,61
19,17,43
29,14,54
42,20,53
1,11,50
13,20,26
17,22,26
13,16,36
10,14,42
9,20,25
24,11,54
63,21,56
37,9,63
36,14,61
5,9,57
22,21,39
11,18,28
15,22,19
20,23,31
59,16,61
63,17,60
13,21,24
1,14,40
11,17,32
16,8,60
7,22,18
11,11,51
31,12,57
1,11,52
50,12,63
59,19,57
14,10,56
4,23,18
0,17,27
33,10,61
21,17,45
14,20,27
17,16,41
0,23,11
0,17,28
45,20,50
20,9,58
0,16,32
5,16,35
37,11,59
57,14,63
36,13,61
42,11,62
6,15,39
2,23,14
0,10,53
25,11,55
19,23,19
19,22,28
31,18,50
6,15,38
15,9,56
47,13,63
5,16,29
19,13,49
31,22,47
2,16,34
13,16,38
4,17,26
58,21,54
6,20,21
16,10,55
20,16,45
46,14,62
43,11,61
25,23,38
9,14,41
44,16,55
22,13,51
56,16,59
0,9,60
18,18,41
37,20,48
6,10,55
2,13,42
35,17,54
15,17,36
33,23,43
28,11,56
46,21,50
3,21,17
42,14,58
15,17,40
16,16,41
37,23,44
41,19,53
35,16,53
12,16,36
11,8,61
29,19,47
40,16,55
15,9,63
22,14,51
1,12,46
2,15,35
31,19,46
36,11,59
0,17,21
16,8,57
43,13,60
8,12,49
11,9,63
20,19,40
22,11,53
33,20,48
33,17,52
55,23,50
62,15,62
36,19,50
38,23,45
25,13,52
60,23,51
15,11,53
9,12,49
14,18,35
26,12,56
50,19,55
5,10,56
8,8,57
1,21,17
19,17,44
9,22,18
8,18,28
4,12,51
32,8,63
40,13,57
7,8,59
5,8,63
12,10,54
11,10,61
22,18,43
32,12,57
51,13,63
25,9,59
13,14,43
47,15,57
33,17,53
2,16,36
6,17,34
28,21,44
63,19,58
57,20,54
20,20,40
16,23,21
3,14,39
21,13,50
20,21,37
2,14,42
44,14,58
2,17,31
20,23,32
36,23,45
44,12,62
34,18,51
21,22,38
19,9,59
15,11,52
6,13,48
0,10,54
21,21,36
14,19,27
54,21,52
13,15,38
18,9,56
13,13,47
29,21,42
13,15,42
3,18,27
1,22,20
45,22,49
45,12,61
47,21,49
29,20,44
60,22,52
11,16,35
18,12,49
55,14,62
18,15,44
13,18,29
41,20,52
33,20,46
50,15,61
1,9,57
41,15,58
3,13,47
49,17,56
29,18,49
35,10,63
36,8,62
24,9,61
21,19,41
5,9,63
14,21,26
34,22,44
16,20,29
0,15,38
49,14,62
16,23,18
45,12,62
13,12,47
43,15,57
26,21,42
12,16,37
21,8,62
10,15,37
3,17,24
4,12,50
57,23,50
25,9,62
42,15,59
27,8,61
12,13,44
29,22,41
53,17,57
32,15,54
11,10,55
41,12,61
15,10,56
2,9,61
36,11,62
58,18,61
58,16,59
10,17,33
17,20,29
32,10,61
50,17,56
36,18,50
36,9,62
10,12,46
13,13,44
1,8,62
4,16,35
16,14,47
24,9,57
1,19,19
37,17,52
17,10,55
52,23,50
22,20,40
20,14,49
18,21,27
16,21,29
25,10,57
17,17,41
53,19,56
2,14,39
47,12,63
29,14,53
45,14,58
17,11,51
5,15,39
37,10,61
4,17,30
41,12,60
4,8,57
11,16,34
32,18,49
54,20,53
3,12,49
1,16,31
12,22,21
12,17,34
42,18,52
43,15,56
5,22,17
3,11,52
43,23,49
20,12,50
10,8,57
31,13,56
1,13,45
13,21,21
58,14,62
4,9,56
14,19,31
24,22,38
63,23,52
41,19,51
14,8,60
48,22,48
9,17,40
39,12,60
15,18,32
19,21,33
62,16,60
20,11,53
39,19,50
56,15,63
19,21,35
45,11,63
51,23,50
13,12,51
13,8,60
13,23,18
51,21,53
16,17,37
52,19,54
17,15,45
38,18,52
40,18,51
10,21,23
44,15,57
63,18,58
31,14,54
23,12,54
16,21,20
6,11,54
9,17,31
42,20,50
20,10,56
7,8,57
35,17,51
6,13,47
56,22,52
3,23,15
37,16,55
24,9,58
2,12,48
38,14,58
25,12,54
2,18,21
38,9,63
46,20,52
4,14,41
6,19,25
25,10,58
7,11,54
19,10,55
48,13,62
6,14,44
30,12,59
33,20,47
9,8,61
31,10,60
2,15,33
20,23,26
56,20,55
34,16,53
50,17,57
21,23,34
27,13,55
14,12,48
28,18,46
47,13,61
1,16,26
55,20,53
5,21,18
11,14,43
3,9,56
14,13,44
26,10,57
18,23,25
5,23,15
20,23,27
7,15,36
10,19,26
40,20,49
3,8,62
2,16,26
47,14,61
14,20,26
4,10,55
21,22,35
13,11,54
56,14,62
5,13,44
59,19,56
26,11,56
25,18,45
15,8,61
5,22,18
36,13,60
4,9,63
18,22,25
59,23,52
14,8,59
20,9,57
47,18,57
28,20,43
46,11,62
2,15,34
51,23,48
3,8,59
39,14,56
12,18,30
1,16,28
2,22,15
7,15,37
35,17,53
55,20,54
52,20,53
5,14,44
25,8,60
44,22,50
49,17,57
29,15,52
23,8,59
3,16,29
20,23,24
39,21,48
37,9,62
0,16,29
0,16,27
18,19,38
28,20,45
39,10,62
16,16,40
21,9,58
15,19,32
13,19,27
12,12,51
19,23,21
32,17,50
35,9,63
46,19,53
56,20,53
14,22,22
62,15,63
8,20,23
43,21,49
12,19,25
3,14,45
22,20,39
23,18,44
19,15,46
31,16,52
19,23,23
18,23,19
42,12,60
36,22,47
36,19,51
42,19,50
37,13,59
2,16,33
36,12,59
11,15,40
42,19,52
39,22,47
8,16,34
0,15,31
18,12,50
30,10,61
24,15,50
37,21,47
2,8,60
39,17,56
4,17,27
2,21,21
36,21,47
21,8,60
3,15,35
16,21,26
51,20,52
48,19,56
40,11,60
8,22,20
36,23,44
11,9,58
11,15,37
23,15,49
4,10,56
29,13,56
14,18,31
8,8,58
21,20,40
11,19,27
6,17,31
5,10,55
41,16,56
24,15,49
14,14,42
14,20,24
1,9,56
11,12,49
34,9,63
34,15,55
10,9,62
34,17,53
45,10,63
41,21,53
27,13,54
3,20,21
19,19,38
15,9,61
8,8,59
2,17,24
1,15,31
32,20,47
16,19,33
46,15,58
36,16,53
40,17,54
4,11,54
2,14,38
18,22,29
48,22,49
44,11,62
21,20,38
21,9,56
57,15,61
51,16,58
16,9,57
42,19,53
11,23,18
37,16,54
46,17,54
1,11,51
3,15,34
16,15,42
22,12,54
20,9,56
6,19,23
57,19,55
7,12,47
16,18,35
18,21,30
49,14,60
33,10,63
62,17,59
46,14,60
3,13,43
3,13,45
46,22,48
1,15,34
57,20,55
9,18,30
53,20,53
9,11,53
23,18,45
34,21,45
20,20,37
39,20,49
9,13,45
26,18,45
45,16,56
15,22,20
21,22,34
56,14,63
2,11,50
2,16,32
30,14,55
53,20,55
25,9,58
21,16,47
60,17,60
6,14,41
35,23,46
19,13,48
38,12,58
50,20,54
43,14,59
0,17,26
18,15,46
2,16,30
31,19,47
16,9,59
11,10,54
35,23,45
40,14,56
19,10,53
12,12,49
31,20,47
3,14,44
53,19,55
38,15,55
52,22,51
11,17,31
10,11,53
9,18,26
15,9,59
48,15,59
24,8,63
50,13,63
15,21,21
14,15,43
34,16,52
4,11,50
7,19,23
9,8,62
5,11,51
41,16,55
57,17,61
10,16,36
11,12,48
8,17,33
16,17,38
3,10,54
26,11,55
24,11,56
16,14,45
11,19,29
17,10,56
8,20,21
49,15,61
28,16,49
12,20,27
5,18,24
19,23,30
31,20,48
29,15,53
19,14,46
2,12,50
9,11,52
18,8,61
45,15,58
37,11,61
61,22,54
33,12,57
3,18,24
5,11,54
63,22,54
5,8,59
52,14,62
22,12,52
14,22,21
41,15,57
23,9,59
43,20,50
9,12,48
5,15,38
35,20,47
40,12,60
10,9,63
16,19,32
0,15,37
51,15,60
20,14,48
55,22,53
16,23,17
22,15,48
13,8,59
15,17,37
7,14,39
17,19,36
3,17,27
15,21,20
32,19,48
36,17,52
37,21,48
32,23,42
1,23,14
10,17,34
42,16,56
37,22,46
20,10,53
41,11,62
49,20,56
52,22,50
24,20,42
16,15,43
39,9,62
37,9,61
24,21,39
1,17,32
14,21,20
48,14,63
3,13,42
11,18,32
52,16,60
14,9,62
58,19,57
47,17,57
18,10,55
2,9,56
8,17,40
38,9,62
22,23,32
36,9,61
29,16,51
2,21,18
29,9,61
7,19,26
10,12,49
4,18,26
19,9,58
49,19,57
27,20,44
5,19,22
59,17,62
14,23,19
3,16,31
38,11,61
40,10,62
51,13,62
40,16,56
35,11,59
41,10,63
24,17,46
13,22,20
29,23,41
36,11,61
14,15,41
50,15,60
4,12,52
38,15,57
44,18,54
29,20,46
10,9,61
2,23,15
19,12,49
12,8,58
20,18,43
17,9,60
18,13,50
15,14,43
37,14,58
2,17,23
10,15,38
3,14,43
51,21,51
38,15,56
11,9,57
16,20,31
0,18,21
40,19,52
1,9,59
5,13,48
14,18,32
13,9,57
18,23,20
44,22,48
44,19,52
14,18,34
22,23,34
28,21,43
18,21,34
61,18,58
39,13,59
26,8,60
48,19,53
23,19,42
11,11,53
40,17,55
18,10,53
63,20,56
33,9,61
10,13,47
18,13,48
2,8,57
36,10,60
4,16,33
51,16,60
27,9,61
13,22,21
30,11,58
0,19,17
53,21,53
0,21,16
0,11,50
11,8,58
23,21,41
42,11,61
35,18,51
46,23,47
33,10,60
20,19,41
5,21,19
16,14,44
16,17,41
22,19,42
9,20,23
8,16,36
30,22,42
30,19,46
42,17,53
21,23,33
42,19,51
7,15,39
34,21,46
22,16,47
27,10,60
37,19,50
54,19,57
4,18,23
19,16,44
12,19,29
40,13,59
7,20,21
10,14,43
21,21,37
17,16,43
25,15,49
21,16,46
6,8,59
27,17,49
25,21,42
1,21,15
35,22,45
28,8,63
41,21,48
0,12,45
12,11,52
29,21,43
12,12,46
11,14,42
39,14,60
14,8,62
24,22,40
50,18,56
13,12,49
37,8,63
17,23,17
22,23,35
2,8,61
19,9,57
4,8,62
61,21,55
2,12,46
12,22,19
28,16,51
33,16,52
36,15,54
2,14,40
12,11,51
34,10,60
31,19,48
56,19,56
6,14,43
6,8,60
17,23,22
25,12,53
6,15,37
0,10,55
10,20,22
10,20,24
25,23,39
0,11,51
27,19,46
1,20,19
32,15,55
9,13,47
63,20,57
11,18,30
9,13,43
13,16,35
5,21,20
4,16,29
5,11,50
2,8,63
10,10,56
28,11,58
50,20,53
52,21,53
19,21,31
55,21,52
17,21,32
2,13,45
20,16,46
36,16,56
12,20,23
27,23,39
0,20,16
1,16,32
34,21,47
5,12,47
12,10,60
0,17,22
60,17,59
20,9,59
32,12,58
3,11,50
13,18,30
17,18,40
9,11,51
47,18,56
19,8,62
33,11,58
35,17,52
0,16,26
8,12,50
2,13,43
12,17,32
24,19,42
33,22,44
16,9,56
51,17,61
48,23,47
15,19,31
15,20,29
9,21,22
7,8,62
24,14,52
53,16,60
51,18,57
25,23,37
1,16,25
11,22,21
16,13,48
32,15,53
51,15,59
12,18,29
62,18,59
19,19,40
3,16,30
25,19,45
2,10,54
42,14,60
8,10,56
57,22,52
6,9,56
27,21,41
8,12,48
16,21,22
14,14,44
7,16,35
22,22,37
12,19,30
13,20,23
5,8,62
40,16,54
49,17,60
12,19,27
42,15,58
59,16,62
43,21,50
11,11,50
50,22,50
9,8,63
39,23,45
19,23,28
61,17,59
34,18,50
21,11,53
55,23,51
16,10,52
15,18,34
58,23,50
42,20,52
12,17,31
23,9,56
26,20,43
58,14,63
1,12,50
8,23,17
54,19,55
22,9,56
3,9,57
4,8,63
24,23,37
4,9,60
55,13,63
27,20,43
15,11,51
5,8,57
17,9,59
11,18,31
20,23,28
6,8,63
10,23,19
17,15,46
17,9,56
7,21,20
11,9,60
30,19,47
41,14,57
15,11,49
4,18,24
33,17,54
47,18,54
38,13,57
18,23,21
39,16,57
6,11,50
10,22,20
28,11,57
30,20,47
0,13,43
7,14,42
5,20,21
20,17,42
4,14,39
45,18,55
9,14,44
43,12,62
48,18,53
50,16,57
7,17,31
15,12,50
41,10,62
10,21,22
14,11,49
48,12,62
39,18,53
39,13,57
3,17,28
13,21,22
49,13,62
58,13,63
36,21,46
4,19,21
4,9,57
16,23,20
7,20,22
13,9,63
26,11,57
9,9,61
2,17,25
11,23,19
21,8,59
24,19,44
27,12,55
25,19,43
25,17,48
62,18,58
52,20,54
8,11,52
39,20,50
46,17,57
61,21,54
10,23,17
14,18,33
35,13,57
24,13,53
19,22,26
34,8,63
15,18,37
19,12,52
35,14,57
58,16,62
14,15,40
5,23,17
3,10,56
60,14,62
3,17,30
8,13,49
12,12,48
41,20,49
28,14,53
0,19,19
32,11,59
34,14,57
12,9,62
5,16,31
36,13,58
53,21,54
47,12,61
20,22,31
45,23,46
15,14,44
6,19,24
0,15,36
27,17,48
10,8,58
8,12,51
16,18,39
47,14,63
19,22,32
24,14,50
19,22,27
7,15,38
62,19,57
54,22,51
62,14,63
15,18,36
10,18,31
47,20,52
15,12,49
15,19,33
53,15,61
8,12,52
14,15,42
2,21,19
27,18,47
38,10,61
25,17,46
23,14,49
10,22,19
56,21,52
50,19,53
26,23,38
5,15,37
3,20,19
0,15,29
57,13,63
6,18,29
10,16,35
26,8,62
19,20,35
56,22,51
18,14,47
4,19,24
38,14,59
46,17,58
37,17,55
10,13,48
