15,1,2
21,0,3
14,1,2
16,2,4
14,2,2
17,0,5
20,0,3
25,0,2
22,1,1
25,1,1
11,1,0
18,4,0
20,2,0
14,3,1
19,4,0
16,2,3
6,1,0
20,2,4
14,1,1
16,3,4
13,0,3
19,3,1
11,0,2
14,2,1
18,2,2
12,0,1
13,0,1
13,1,2
14,3,0
13,2,2
18,0,3
13,0,4
20,1,2
9,0,0
15,0,6
10,0,3
14,5,0
13,1,0
17,4,2
21,1,0
12,0,2
17,2,4
18,2,5
16,3,2
17,2,2
17,2,0
16,0,5
13,2,1
14,2,4
19,1,3
19,0,4
19,1,4
17,3,2
17,1,2
14,3,2
14,1,4
12,0,0
15,2,0
25,1,2
19,5,0
21,1,1
16,4,2
25,0,1
13,3,2
14,1,5
16,3,1
15,2,2
14,4,2
16,0,4
17,0,6
22,0,4
13,3,1
14,1,3
13,2,0
12,1,1
21,0,0
24,0,4
19,1,2
19,0,2
18,0,6
13,1,1
15,2,3
9,1,4
12,0,3
21,1,2
16,1,5
13,0,2
16,1,4
20,0,4
20,0,5
17,3,4
16,0,6
19,2,3
16,3,5
20,1,3
18,1,1
26,0,1
18,2,1
17,1,3
19,0,3
16,2,1
15,1,5
20,0,0
15,2,1
17,1,5
10,0,4
20,0,2
13,1,3
20,2,3
22,0,0
11,0,0
19,2,4
5,0,0
12,1,0
18,0,5
18,1,5
17,2,1
8,1,0
15,1,3
21,0,1
8,0,0
19,0,1
6,0,0
14,2,0
21,0,4
26,0,2
22,1,0
15,0,4
18,3,0
10,1,4
18,3,2
22,0,1
16,1,3
9,0,3
14,0,4
24,0,0
23,0,4
9,0,4
20,0,1
16,2,5
17,1,4
19,1,1
21,2,3
21,1,3
20,1,0
15,3,0
10,0,1
16,4,0
15,1,4
24,0,3
17,3,3
20,1,4
16,2,2
20,1,1
19,3,0
19,1,0
18,3,3
19,2,0
15,2,5
20,3,0
23,0,0
11,0,1
14,0,5
14,0,3
24,0,1
18,1,3
14,2,3
19,2,1
17,3,1
18,0,4
15,3,1
17,0,4
10,0,0
20,4,0
21,1,4
15,0,5
17,3,0
22,0,2
21,0,5
17,2,3
18,3,1
18,2,3
16,3,0
21,0,2
13,3,3
18,2,0
17,2,5
23,0,1
18,1,2
16,3,3
13,3,0
13,2,3
