1,17,24
29,14,17
13,13,34
5,18,19
34,15,24
24,11,32
24,12,21
24,16,50
22,12,24
7,10,45
12,13,59
37,22,47
13,12,25
39,15,20
5,13,41
48,19,18
30,13,27
10,14,25
45,20,26
9,13,25
3,11,49
4,13,30
28,14,38
1,11,59
37,15,22
6,14,28
0,14,30
3,13,40
16,14,30
3,18,23
15,14,29
7,12,28
10,13,35
27,14,36
13,11,30
0,18,22
4,15,23
7,10,49
35,15,25
35,14,27
41,18,28
26,17,52
13,13,26
2,19,24
21,17,58
12,12,25
31,17,38
19,11,32
37,21,39
27,15,45
4,9,63
46,23,31
20,12,30
8,13,32
13,14,57
28,22,63
16,14,56
26,14,41
12,15,22
44,19,25
8,12,38
4,12,30
39,17,25
24,12,36
21,17,54
38,18,31
27,13,17
28,14,30
3,10,51
10,13,24
34,15,23
9,14,20
18,13,34
14,14,20
2,14,32
20,13,20
18,11,28
0,21,19
15,11,30
31,15,29
18,12,39
25,19,57
12,13,38
20,11,38
2,18,21
3,19,23
4,15,31
22,13,24
3,18,26
6,11,63
41,20,32
28,15,37
35,15,18
0,19,22
42,19,28
18,14,53
22,13,35
38,16,23
44,18,19
26,14,31
28,20,50
0,9,60
11,12,27
37,23,48
27,21,57
22,12,20
3,12,56
25,12,34
8,16,19
9,11,40
11,15,19
47,18,19
27,18,49
28,14,23
16,11,27
11,14,28
29,23,60
2,13,47
7,11,34
18,12,19
8,16,23
42,23,40
34,20,44
3,13,30
13,11,39
23,12,30
2,11,44
16,14,51
18,14,33
9,15,19
38,23,43
37,19,25
16,12,47
32,18,45
24,20,62
50,20,19
20,12,25
35,14,24
8,11,48
16,16,62
3,16,28
46,20,23
6,13,32
16,12,32
15,12,23
23,17,56
25,13,20
19,13,48
11,13,25
37,16,27
23,13,20
12,12,29
30,13,26
44,18,21
2,22,17
11,11,35
43,18,26
50,20,18
17,13,31
35,23,49
8,17,17
31,13,27
43,17,20
9,16,17
19,14,39
0,9,58
6,10,52
36,17,25
22,19,63
51,23,25
9,16,19
34,22,48
27,22,61
33,22,55
24,15,46
47,20,22
25,12,26
2,12,50
23,17,52
9,12,27
27,21,58
36,15,21
29,20,51
17,15,51
6,13,28
34,14,24
2,18,25
52,23,25
16,12,28
30,23,63
15,12,26
0,11,58
18,13,46
1,15,29
23,18,49
8,14,36
25,19,55
45,18,23
8,14,35
17,13,48
29,14,26
11,17,22
12,11,38
17,13,49
41,17,21
7,12,31
11,12,59
25,12,28
6,11,55
0,12,49
22,13,27
38,22,42
14,13,50
40,21,38
28,13,30
18,15,52
3,14,32
20,15,51
42,20,30
33,22,50
29,15,34
2,12,56
38,17,25
29,14,30
0,11,60
6,15,29
19,13,40
0,11,57
20,16,29
27,12,22
35,15,28
36,22,49
4,9,62
29,13,28
38,21,41
12,11,34
33,23,53
30,20,53
28,14,31
24,15,18
28,14,35
27,13,21
41,21,35
34,20,42
18,12,18
22,14,18
33,23,46
8,12,63
39,16,22
54,22,18
29,18,46
35,15,27
25,13,19
34,20,47
5,12,48
16,13,51
3,10,61
19,12,31
32,22,53
2,15,25
30,18,47
26,12,24
5,19,20
16,15,29
4,11,62
24,12,19
7,11,52
4,10,43
6,11,36
3,13,46
9,13,44
1,19,26
16,11,43
20,11,41
4,18,19
12,12,51
14,14,19
5,10,63
15,13,33
12,11,48
25,14,39
5,12,39
1,12,34
35,16,29
39,18,31
22,16,33
49,20,17
21,13,29
6,14,22
34,22,53
4,12,46
6,11,41
21,12,42
5,10,45
0,15,29
36,23,51
16,12,29
20,16,58
30,17,40
32,13,21
23,20,62
17,17,63
0,13,43
16,13,35
37,15,20
39,16,23
34,19,40
28,14,34
30,14,33
1,11,49
36,18,33
1,10,52
11,11,33
15,13,32
19,15,45
17,12,27
2,12,41
4,18,21
1,13,39
9,11,47
6,14,38
26,13,36
21,14,46
5,13,28
1,17,27
31,20,50
14,12,24
30,14,19
40,19,32
1,17,23
12,12,48
33,19,41
10,12,30
18,12,27
22,15,51
0,16,31
35,20,43
0,15,33
24,14,40
4,13,27
14,14,61
7,13,50
46,20,21
52,23,23
8,10,48
5,17,18
18,12,29
7,12,43
46,20,22
22,17,34
41,19,32
28,18,49
37,17,23
52,22,20
17,16,59
12,13,58
22,12,27
14,13,21
8,15,18
42,17,19
19,11,40
28,15,35
30,20,55
6,11,50
31,22,59
20,13,36
2,16,24
38,20,38
2,10,58
21,14,18
31,20,51
24,15,36
35,14,18
14,12,35
16,13,36
8,10,47
2,11,58
26,21,63
47,21,25
31,13,18
26,17,49
16,18,29
35,21,44
27,14,37
5,16,28
30,13,18
0,12,50
5,12,30
34,17,32
25,13,37
23,14,36
37,19,35
6,15,21
34,15,17
32,17,39
11,11,32
27,15,38
1,12,56
9,12,37
31,21,53
33,23,52
18,13,29
2,13,48
32,14,27
34,23,55
0,10,62
36,19,38
12,17,20
5,13,30
4,16,22
29,14,32
13,12,38
2,11,55
7,18,19
3,17,30
12,11,39
4,11,42
39,21,39
10,13,21
6,11,54
25,20,63
33,20,49
18,14,47
3,13,28
9,11,61
15,14,58
18,18,63
41,19,31
27,13,24
35,21,48
29,14,20
2,10,53
14,13,35
8,14,50
33,20,48
36,18,34
12,12,53
23,17,53
36,20,43
40,22,41
8,13,31
14,13,49
52,22,19
37,14,21
1,13,31
10,16,21
8,14,49
38,17,28
5,10,49
18,11,34
0,13,38
46,22,31
29,22,61
2,11,57
38,15,17
28,14,28
36,15,19
7,12,35
31,13,23
7,12,41
3,11,38
10,12,36
38,19,34
29,17,44
19,13,41
51,22,20
9,11,35
44,18,18
11,12,41
38,23,45
13,15,17
19,11,29
40,22,36
11,11,45
10,11,50
50,22,27
12,12,23
0,19,17
0,17,29
20,13,40
5,15,27
19,14,33
51,23,22
1,20,18
23,19,33
22,18,61
18,13,39
2,12,34
26,14,33
22,15,37
31,14,29
24,21,63
1,18,23
32,23,59
15,11,42
17,11,28
36,16,28
31,15,37
28,15,39
7,13,29
11,13,53
18,12,43
35,16,30
5,15,28
18,12,26
10,15,29
9,19,17
3,17,25
20,11,27
39,23,43
24,20,59
2,12,62
7,10,42
3,18,19
15,15,57
31,18,42
18,12,21
18,13,18
22,11,35
12,13,52
12,15,17
2,17,23
19,16,45
9,10,44
22,12,43
17,14,24
35,22,50
36,20,40
39,15,17
16,13,50
23,14,48
41,17,20
32,23,57
25,12,25
23,17,33
45,19,26
13,13,59
3,11,41
20,13,46
10,13,43
22,15,49
21,11,34
52,23,22
8,12,28
21,13,22
37,20,39
26,12,34
4,17,23
16,13,21
28,12,28
1,19,27
35,19,41
17,12,45
10,17,17
13,13,50
5,14,38
19,14,31
10,11,31
23,12,34
48,20,19
34,20,45
28,14,36
6,17,21
41,17,19
24,18,50
2,17,21
30,18,46
21,12,30
13,13,23
9,13,35
13,14,17
5,13,44
31,20,48
16,12,24
8,12,35
8,13,39
26,13,32
10,11,36
24,16,51
3,12,33
39,16,26
0,14,33
43,22,33
35,15,30
29,20,52
9,12,46
38,15,19
23,12,27
6,14,27
24,11,34
14,12,26
28,19,52
22,14,34
15,13,44
4,11,60
3,16,26
12,13,20
1,13,47
21,13,47
1,14,34
27,12,19
10,13,36
43,21,33
28,16,44
21,16,51
4,16,27
24,15,49
29,16,38
21,11,37
50,21,20
6,10,49
33,21,52
10,13,32
8,16,18
10,12,60
25,16,49
1,12,36
21,11,30
43,20,28
37,14,19
22,14,46
7,12,42
46,21,28
29,13,32
37,23,50
25,14,41
11,15,17
2,12,39
29,19,50
8,11,62
11,16,21
35,22,46
39,16,21
19,14,51
22,12,25
21,13,45
8,13,29
31,14,32
29,13,22
22,15,32
40,20,32
18,14,29
25,13,32
6,10,50
15,12,25
3,14,31
46,17,17
27,19,55
15,12,32
6,15,25
1,11,54
3,21,19
14,11,24
16,13,46
28,22,59
16,11,24
23,12,33
2,13,30
44,18,20
31,16,40
0,11,52
11,12,31
43,16,19
48,23,28
6,16,21
26,12,30
9,11,29
5,11,54
26,19,55
12,13,54
17,12,21
39,19,34
8,15,20
36,17,30
28,13,17
28,22,62
12,15,21
14,12,18
30,13,30
20,12,23
17,14,28
19,13,29
28,16,46
5,11,39
19,15,55
2,19,22
28,14,25
31,19,47
54,23,22
5,16,27
18,13,22
24,13,40
28,16,40
7,11,58
50,21,19
6,17,20
21,12,43
52,20,17
6,11,53
42,18,24
27,14,33
34,18,36
37,21,41
22,13,45
25,19,58
44,21,28
5,12,41
19,16,59
29,20,53
15,14,17
32,13,28
40,17,28
0,11,45
0,15,30
26,16,49
20,13,26
6,16,18
30,19,48
27,14,38
7,12,38
3,14,27
4,11,54
3,13,33
13,12,24
1,12,55
6,12,34
9,12,59
3,10,54
9,11,50
9,10,41
29,19,54
41,16,17
40,16,22
36,15,20
0,12,41
30,14,17
0,17,24
35,23,53
25,14,38
32,20,50
25,17,32
35,14,17
14,11,33
24,19,58
14,11,28
5,13,37
30,13,17
30,23,50
29,17,42
38,19,32
2,10,56
11,11,44
12,12,50
2,15,28
26,15,38
13,12,31
4,11,40
53,22,20
41,16,24
31,14,33
20,15,19
2,20,22
2,18,17
10,14,41
0,13,33
25,18,53
15,12,48
14,12,46
32,13,20
9,10,40
2,13,39
37,16,28
0,18,21
34,16,31
34,17,35
29,14,21
3,22,18
33,15,30
26,14,32
1,11,42
27,13,28
5,11,55
1,15,28
26,12,19
3,13,32
20,17,37
10,11,49
5,16,22
44,19,23
30,14,34
7,17,22
0,21,21
11,11,30
1,14,30
30,16,39
17,14,32
37,16,22
28,21,50
23,14,41
24,13,32
26,16,50
1,13,40
11,11,29
19,11,33
4,16,31
1,13,34
22,19,61
23,16,37
5,10,52
1,12,49
4,11,63
34,23,51
49,20,20
34,23,56
28,17,46
21,15,19
24,12,34
3,11,55
0,11,53
2,14,34
0,18,27
2,10,60
24,13,18
16,12,20
0,11,51
6,13,29
16,13,49
16,11,39
7,11,44
24,15,50
20,14,44
0,11,46
27,12,32
20,11,37
10,16,42
27,19,56
16,11,22
0,20,17
19,15,38
41,22,38
13,13,39
31,22,55
30,13,29
5,12,31
32,14,20
12,15,19
54,23,21
27,12,29
22,13,44
4,10,56
10,14,23
32,14,18
15,12,46
31,14,20
29,19,48
8,12,45
3,12,48
3,12,58
24,15,32
21,11,33
3,11,59
24,16,35
19,14,18
18,13,33
8,12,36
32,18,40
26,12,25
38,20,36
17,15,29
25,14,17
14,14,49
11,12,24
27,18,54
28,17,30
36,18,37
0,12,51
18,14,32
7,13,39
13,12,49
0,19,25
18,12,42
23,18,57
46,20,26
33,14,22
1,15,47
23,13,35
15,11,38
22,13,46
45,23,35
21,13,37
3,21,17
24,19,57
35,19,40
35,21,45
33,23,47
10,10,40
14,13,52
7,11,56
1,9,57
18,13,32
22,13,23
29,13,23
27,12,20
2,13,31
24,13,43
40,18,29
21,17,57
32,18,39
25,17,54
35,16,28
13,14,54
49,22,26
7,13,26
23,12,41
4,16,30
45,18,18
27,14,35
8,10,49
5,12,29
0,13,42
6,13,25
16,12,25
9,13,49
5,11,43
11,11,27
37,23,45
20,13,29
35,15,24
3,18,17
9,11,49
32,18,41
37,20,40
16,12,26
3,16,24
23,12,19
26,12,28
47,19,18
50,23,22
3,18,24
11,11,46
6,11,57
17,11,24
29,13,27
19,17,58
0,10,58
38,22,45
51,23,27
3,12,53
32,21,48
15,12,29
8,12,49
20,15,45
12,11,32
5,10,53
5,13,27
40,18,30
32,14,29
18,17,61
8,10,44
17,12,32
17,12,33
24,17,53
37,15,24
24,13,44
19,17,62
47,22,28
30,21,50
26,15,32
24,12,20
29,13,19
8,11,31
49,20,22
19,11,42
30,21,54
47,23,32
14,11,36
31,16,37
7,12,45
7,12,30
45,23,33
41,17,26
21,13,44
29,22,51
4,11,59
25,12,31
17,13,25
24,12,26
44,17,18
22,13,18
44,19,27
27,12,28
29,14,27
10,12,39
13,13,48
40,17,27
9,13,33
36,16,30
42,17,24
4,19,21
3,19,18
7,13,32
23,19,62
21,12,17
1,12,43
2,11,45
14,15,60
38,17,27
8,12,43
3,16,21
14,11,29
45,23,32
10,16,17
11,12,50
36,20,38
24,13,19
42,19,30
0,21,23
6,12,29
50,23,27
22,18,59
6,10,51
11,13,33
45,20,27
37,18,33
23,11,33
37,20,41
37,16,24
22,12,44
19,11,38
10,14,21
1,10,53
15,12,17
1,17,20
1,11,44
17,14,48
28,13,26
37,17,25
21,14,29
2,20,19
15,15,61
6,12,51
3,11,51
5,14,24
51,23,23
34,22,47
5,16,19
15,13,25
14,12,48
0,18,23
18,11,39
6,11,44
28,23,62
40,21,35
10,15,23
15,11,21
28,17,44
2,21,17
13,15,19
43,20,27
20,16,52
38,21,39
19,11,36
49,19,17
12,12,46
0,14,32
41,20,31
12,11,35
4,13,34
25,17,50
1,12,53
18,17,63
0,17,26
23,13,17
27,16,32
46,23,32
32,20,47
0,16,24
1,14,38
28,12,30
18,11,26
34,20,41
39,21,37
23,11,32
35,19,39
37,14,18
23,14,17
10,12,37
21,12,31
7,15,19
16,15,52
9,17,17
24,18,55
10,15,17
28,16,45
36,16,29
8,14,38
25,16,32
5,12,35
14,13,34
14,13,17
40,17,22
5,10,51
26,18,52
29,19,51
13,16,19
15,11,31
19,14,48
4,10,52
12,11,45
31,14,31
11,14,22
20,15,37
28,21,58
24,13,41
20,13,22
7,15,23
4,13,41
25,21,63
1,23,17
18,12,20
13,11,48
11,13,63
13,14,23
26,15,47
17,12,30
19,14,52
7,11,42
33,14,24
27,15,25
19,13,26
1,20,21
48,19,19
24,12,30
16,14,57
50,21,23
10,11,52
22,13,25
13,11,27
45,22,32
40,15,19
0,14,37
26,13,37
34,14,19
4,17,20
5,11,49
43,18,24
38,23,48
38,15,21
2,12,43
6,16,26
28,19,55
37,18,31
8,12,62
10,18,17
7,17,21
3,11,47
42,20,29
3,12,45
19,12,42
16,12,48
0,14,36
1,13,54
16,13,31
11,13,56
35,14,26
18,11,42
33,21,47
4,13,36
5,13,39
1,12,48
3,15,25
37,15,18
0,12,61
3,17,24
20,12,39
18,13,35
12,12,55
27,16,43
9,13,31
3,19,25
1,15,33
37,19,38
29,14,31
23,19,60
3,20,19
6,15,23
33,19,46
19,12,26
5,11,41
0,22,18
22,16,52
11,14,17
22,11,34
19,13,19
42,17,20
36,19,24
7,10,52
1,11,58
9,14,25
33,22,51
10,12,38
31,15,35
22,11,31
43,17,23
28,17,48
9,11,45
21,13,24
4,11,39
16,13,23
3,15,27
39,15,22
4,16,29
48,20,21
8,17,19
20,12,46
12,11,40
27,14,34
10,11,28
14,12,47
22,17,58
34,14,28
10,12,43
5,11,33
39,19,33
8,13,43
14,11,30
42,23,37
26,20,57
38,22,41
43,23,36
12,12,30
35,15,17
39,16,25
27,13,31
1,15,26
12,14,39
26,13,39
2,21,20
16,13,37
8,11,41
0,22,19
32,23,55
12,14,61
22,15,35
2,10,62
33,20,44
37,20,37
13,13,20
2,21,21
5,10,44
5,11,35
10,12,55
3,17,19
30,13,31
13,14,62
18,13,49
22,15,50
25,15,44
17,11,44
10,11,57
41,23,39
36,22,45
5,17,21
21,17,55
0,13,37
5,13,43
28,13,24
17,13,32
10,14,42
37,18,25
29,21,51
3,20,20
4,10,63
35,15,29
3,20,21
9,18,17
32,17,36
23,15,32
40,17,20
2,12,38
24,15,31
1,10,60
4,15,27
30,22,57
2,14,47
8,13,24
25,18,50
5,13,38
44,21,32
2,17,24
4,22,17
8,12,41
11,12,26
17,12,34
23,13,38
11,13,42
15,12,36
11,11,41
16,15,61
23,18,58
47,18,17
10,11,46
32,16,38
1,10,49
50,19,17
21,13,21
26,17,51
22,13,42
21,11,25
12,11,33
10,13,23
6,11,43
9,12,26
15,13,20
28,22,60
34,17,37
48,21,23
29,17,41
16,13,18
20,12,45
38,16,21
24,17,32
20,11,42
15,13,29
6,13,40
22,14,29
20,13,39
31,14,19
11,13,38
4,19,20
20,16,55
30,22,50
26,12,18
13,13,56
9,13,38
9,12,40
6,12,42
4,10,54
32,17,38
4,17,24
33,17,37
16,11,25
21,13,17
14,12,19
26,21,59
10,12,26
17,15,55
49,22,25
10,16,23
4,12,35
14,13,57
5,10,43
48,21,26
18,12,28
17,14,29
26,13,31
5,12,47
14,14,55
2,12,32
6,18,17
4,10,45
40,22,39
14,13,56
45,22,31
9,12,63
13,12,22
31,21,51
0,12,39
3,16,29
7,12,40
6,15,20
17,15,54
15,13,35
19,11,27
26,18,53
19,14,47
48,23,29
3,15,34
6,10,55
35,21,46
9,14,22
4,13,40
31,13,29
36,23,48
12,12,26
1,18,26
10,14,24
35,15,21
3,13,45
31,17,41
6,13,34
51,22,23
30,19,47
18,11,40
2,20,23
16,15,57
42,19,29
3,10,50
27,12,18
9,13,27
2,10,51
22,16,53
3,13,35
20,13,37
25,12,21
7,15,26
27,17,31
39,16,20
24,13,24
37,15,17
16,13,47
2,17,26
11,13,55
23,13,33
39,23,46
26,19,58
4,19,22
20,12,19
4,12,39
30,15,30
32,16,31
20,13,18
34,18,34
19,13,38
1,13,38
18,14,51
34,15,29
28,13,27
7,18,20
21,13,27
29,13,31
12,11,31
32,20,48
10,11,45
24,14,44
27,13,19
1,11,48
28,21,49
22,12,37
20,16,45
52,22,18
37,19,33
17,12,44
34,21,48
24,18,56
6,15,26
20,14,39
25,13,36
10,15,18
14,11,46
14,15,59
13,13,25
6,13,38
8,20,18
27,21,61
25,12,29
15,11,46
24,17,54
47,21,27
28,20,56
46,23,34
24,12,22
4,11,41
33,16,35
41,23,41
31,22,58
25,19,59
4,12,48
19,13,28
4,10,58
27,13,37
26,13,33
15,13,49
1,13,35
22,20,63
32,22,52
17,13,38
16,14,58
11,12,52
41,18,25
4,11,46
27,18,52
41,17,23
31,14,17
1,10,54
0,17,25
49,22,24
35,16,32
7,16,23
4,16,24
11,12,51
16,12,30
20,15,29
17,12,41
40,17,23
4,11,53
43,23,38
13,11,29
1,18,22
22,11,28
28,18,53
19,14,50
9,13,36
19,12,23
11,17,20
12,13,56
27,17,48
4,14,27
24,16,36
31,13,21
13,12,39
6,14,26
12,12,33
0,16,29
25,12,17
16,14,50
46,23,30
21,12,20
27,15,32
20,17,62
28,21,57
17,13,39
7,12,32
33,14,28
18,12,25
18,13,17
35,23,47
30,14,21
5,12,32
16,14,54
3,14,45
26,16,47
24,19,60
3,13,34
44,23,35
13,12,48
24,12,27
24,17,48
3,10,55
45,18,19
27,16,42
20,11,29
4,18,17
1,14,32
17,13,28
8,14,24
8,12,32
20,12,42
2,19,21
14,12,37
28,12,23
15,12,20
30,20,50
13,13,19
34,22,51
19,11,37
0,11,54
11,15,21
22,12,29
22,16,51
0,9,61
8,11,50
16,18,28
3,13,31
37,15,23
9,12,25
24,17,50
5,13,34
11,11,39
42,16,18
17,14,26
11,13,29
35,17,35
33,15,32
7,11,62
30,17,43
13,11,44
11,12,57
21,15,51
37,15,25
34,18,35
8,11,37
4,15,22
14,13,53
31,21,56
7,12,37
9,11,30
20,13,30
43,18,19
4,11,36
5,14,29
7,10,51
3,12,41
19,12,46
13,12,44
39,18,30
12,15,18
24,17,55
2,12,37
4,12,36
9,15,17
28,18,51
33,19,43
21,12,24
1,18,20
19,12,29
3,15,28
27,15,33
31,22,54
10,11,32
13,14,20
5,11,63
22,11,39
21,11,26
13,17,19
26,15,43
18,13,31
16,14,49
19,13,27
40,23,43
17,12,18
47,19,21
23,13,26
20,12,18
4,10,50
0,11,63
24,17,51
23,14,26
15,15,54
12,11,47
21,16,54
28,13,19
50,22,23
15,14,22
3,10,60
39,19,32
28,13,23
18,12,23
23,12,24
20,13,21
21,16,36
27,16,39
3,12,35
10,13,34
3,16,25
39,23,45
47,20,24
30,14,30
41,18,27
36,16,31
13,13,51
31,14,25
22,18,58
0,9,63
3,10,63
9,13,39
9,11,57
17,16,28
38,16,17
50,21,17
27,14,30
5,15,26
6,12,49
47,20,25
27,15,39
27,14,31
21,13,36
3,10,52
25,14,19
1,12,60
2,18,22
27,12,24
1,13,32
18,12,31
45,22,29
24,12,33
16,12,46
11,13,39
22,17,54
19,15,51
30,14,29
4,12,44
16,11,42
32,15,32
11,12,35
0,15,35
33,14,25
18,11,33
0,10,63
27,14,21
19,12,39
36,21,44
36,22,44
26,13,38
39,21,36
0,11,43
26,15,39
51,22,19
0,12,62
47,19,17
7,12,39
10,11,34
28,20,55
16,15,60
1,11,47
12,14,25
5,18,20
5,14,37
14,11,38
2,11,62
13,11,35
3,14,34
48,21,22
13,13,33
25,18,55
42,20,32
36,15,23
4,19,19
8,11,33
6,12,39
20,16,44
32,13,24
48,21,24
39,22,41
5,20,17
34,19,41
19,18,38
24,18,58
31,14,27
13,14,56
1,13,43
25,14,36
1,19,21
10,11,40
34,14,23
33,16,36
15,11,28
0,10,52
16,13,52
14,13,27
17,16,61
45,19,22
22,12,18
0,15,28
5,18,22
13,13,35
23,17,34
49,22,27
28,14,26
33,16,32
36,18,35
24,12,37
15,12,47
16,13,28
10,15,19
7,13,30
4,10,49
15,11,44
24,14,43
2,11,53
31,14,18
4,11,35
6,12,58
29,14,34
13,13,24
41,20,33
54,21,17
23,16,51
29,13,30
21,18,58
38,15,18
35,15,20
9,11,36
36,17,24
16,16,58
39,23,42
10,16,22
5,11,37
2,12,45
34,21,46
6,14,25
24,16,32
27,21,59
10,13,60
41,22,35
11,11,28
18,16,57
6,17,23
20,14,38
48,23,30
21,12,39
18,11,27
17,11,23
42,20,33
14,14,18
26,20,59
28,12,26
13,11,46
21,13,38
8,15,19
14,13,33
26,12,32
30,19,50
28,21,56
5,14,31
24,18,49
25,13,17
35,17,31
32,21,51
24,14,19
41,16,18
2,14,28
25,19,56
2,21,18
14,12,21
29,13,29
28,15,30
21,15,28
7,11,36
23,16,33
29,21,50
0,10,60
7,11,32
40,15,18
29,14,19
31,21,47
17,13,23
25,12,32
18,11,25
5,10,58
40,16,20
8,13,27
40,23,41
17,11,43
10,11,30
46,18,17
38,16,26
10,13,29
44,17,17
21,11,39
42,21,32
1,12,47
10,12,34
12,13,57
35,17,34
37,14,22
21,16,56
5,15,29
3,15,30
3,19,19
2,18,18
34,19,43
16,15,51
31,16,34
26,17,53
20,15,52
32,14,30
41,20,34
28,15,42
4,11,45
25,16,47
39,20,36
46,21,29
16,12,36
38,20,37
0,17,23
0,18,24
1,17,26
42,18,21
2,15,34
16,11,29
6,11,49
5,10,50
23,13,44
20,13,28
23,18,56
20,14,19
5,14,27
46,22,29
11,13,62
9,18,18
2,17,20
49,23,29
17,12,24
8,13,23
7,16,24
9,12,28
20,14,28
7,11,51
11,12,33
45,21,30
0,14,31
18,15,57
2,13,29
26,15,29
3,17,18
33,18,40
19,13,23
3,15,24
31,13,28
24,18,57
15,11,33
48,22,29
30,15,38
26,14,36
30,20,52
18,12,44
28,16,43
43,18,21
23,12,39
12,14,62
16,15,55
4,11,44
1,18,27
5,19,17
20,18,63
17,13,27
14,16,18
11,13,28
41,21,36
25,12,37
20,12,27
19,11,30
0,15,27
4,16,23
5,17,23
31,17,39
6,13,36
29,20,50
40,17,25
23,18,60
22,15,48
6,20,17
13,12,29
3,12,40
17,13,42
14,11,26
1,19,23
10,11,56
17,13,46
33,21,50
3,11,50
3,16,32
10,13,42
28,14,37
28,13,18
24,11,33
6,10,61
32,13,23
5,17,25
39,23,44
4,15,30
37,17,32
9,15,42
9,13,41
29,20,55
2,11,52
3,12,34
45,20,25
27,12,31
23,13,40
10,14,20
11,11,48
2,20,18
4,11,47
34,15,25
17,13,30
24,18,48
15,15,56
0,19,21
32,22,51
15,13,27
34,19,42
19,16,38
16,12,35
31,19,48
32,15,28
13,12,46
1,17,25
4,15,25
23,12,29
6,16,29
36,21,40
11,12,30
7,13,49
9,10,42
34,16,33
16,14,27
28,15,25
11,14,39
0,10,55
2,19,17
24,18,32
16,12,45
24,14,47
23,14,47
20,11,33
15,11,45
28,14,27
34,14,18
33,22,54
29,20,54
47,20,23
14,12,25
30,23,59
17,11,40
18,11,36
1,16,27
0,21,18
25,12,27
33,18,43
15,14,34
28,13,33
22,11,29
1,15,30
23,12,38
6,10,53
8,11,28
18,12,32
47,20,21
4,14,45
25,14,31
23,18,55
37,22,46
25,14,40
10,11,29
1,16,28
36,17,31
7,14,24
19,13,46
20,13,17
19,11,41
6,13,37
13,13,53
4,12,43
36,19,25
10,12,31
22,19,62
10,14,63
1,22,17
38,15,20
40,16,17
5,14,25
10,11,47
8,11,40
9,11,37
1,11,40
3,10,56
33,15,29
17,12,25
8,12,44
20,11,25
51,21,20
21,12,40
1,10,57
1,12,40
26,15,31
18,13,28
17,14,27
22,17,32
46,21,25
3,19,21
16,12,18
17,12,28
42,21,31
19,12,45
19,12,20
31,16,39
25,17,52
11,10,36
33,17,34
1,12,54
23,11,34
22,13,20
24,14,18
25,16,31
41,22,39
22,17,56
38,18,33
7,14,22
29,14,35
46,21,27
46,18,20
6,12,50
40,22,38
17,11,45
26,21,62
44,19,24
18,15,50
1,12,62
7,10,54
0,16,30
14,11,32
20,17,60
5,10,54
27,14,41
7,15,21
4,12,33
19,12,25
27,13,23
20,14,30
8,11,35
36,15,25
23,12,18
10,11,37
40,19,33
11,13,20
16,13,30
33,21,51
35,15,26
31,23,61
45,23,34
5,18,23
16,16,60
24,12,35
16,14,26
5,11,53
25,13,33
44,18,23
17,14,54
52,22,22
38,17,26
39,16,19
4,17,21
13,14,53
18,11,43
15,11,34
8,11,34
22,14,33
13,12,33
48,22,25
0,13,41
27,17,51
3,21,18
5,13,29
12,12,28
22,11,33
21,12,45
21,12,44
6,12,40
13,11,37
49,22,23
51,22,22
0,11,59
0,9,59
25,15,31
30,16,36
4,17,17
0,12,44
4,13,35
30,17,38
22,14,17
5,19,18
23,16,36
1,15,31
33,15,28
16,11,38
4,13,28
16,13,42
41,16,21
9,11,33
3,18,20
4,10,62
5,10,57
32,19,44
12,14,55
2,17,25
0,11,47
1,11,51
6,10,59
8,13,37
30,13,22
24,13,39
23,17,54
25,14,33
10,13,62
7,17,20
5,12,50
33,16,33
27,21,62
12,13,55
14,12,23
1,11,53
0,13,40
1,19,19
16,12,27
43,18,18
38,19,36
13,14,50
18,17,60
38,20,39
30,18,48
39,20,33
4,20,21
33,14,18
14,16,63
19,15,44
18,12,45
7,11,33
39,18,29
27,13,35
2,11,39
12,14,20
15,13,51
17,12,47
4,15,29
27,15,29
5,16,29
28,13,31
2,11,60
11,11,37
19,12,21
23,19,61
29,13,17
34,15,31
31,18,41
0,18,25
7,11,30
4,12,32
0,10,53
6,10,56
32,19,43
18,11,30
8,12,34
6,11,51
1,11,63
23,13,39
33,14,29
33,18,38
19,16,52
25,20,62
4,15,24
11,13,24
3,13,37
20,18,60
25,20,59
1,12,59
29,16,41
4,14,28
5,10,60
23,19,59
10,16,18
24,13,17
15,15,62
1,19,18
1,13,48
11,16,23
9,14,42
18,12,30
40,16,25
50,23,23
36,18,24
30,22,51
27,13,32
36,15,26
32,13,18
25,12,33
43,19,28
6,15,28
1,20,26
4,20,17
15,13,36
51,20,17
40,19,31
7,15,20
29,15,37
15,13,19
16,13,17
8,11,47
23,15,35
22,14,19
46,22,32
16,15,59
29,22,59
23,13,21
38,17,29
41,21,33
22,13,17
18,15,55
29,17,43
35,14,22
6,12,41
12,13,37
32,19,46
16,13,29
14,14,60
27,15,42
5,17,20
31,14,24
5,15,25
6,11,52
46,20,24
36,14,18
3,11,48
50,22,18
34,18,37
21,12,18
1,12,35
21,15,29
11,11,47
7,13,28
22,14,35
26,12,26
40,15,17
48,21,27
33,17,35
54,23,18
3,20,23
8,11,51
17,11,38
19,17,44
26,13,28
19,11,26
4,19,23
18,12,34
28,15,29
17,12,22
20,16,54
21,11,28
5,14,28
27,15,30
1,13,33
8,12,42
24,12,29
17,13,36
30,13,28
19,16,58
0,20,20
30,14,18
47,22,27
7,11,50
11,11,42
22,13,36
51,22,25
17,12,20
0,12,58
20,14,24
11,12,28
24,14,35
28,19,54
9,11,42
26,13,27
0,16,25
2,18,19
23,13,36
21,17,59
33,16,31
50,21,21
16,12,44
14,13,44
6,19,19
53,23,21
24,13,38
26,16,48
41,18,26
5,10,48
12,13,31
22,13,41
17,16,29
12,13,61
19,16,54
37,16,25
23,13,41
23,13,22
12,12,39
2,12,63
4,12,42
16,11,34
13,12,36
40,23,40
8,11,30
27,13,27
30,15,34
23,13,46
20,12,24
22,13,22
11,11,34
17,11,37
1,13,55
9,15,41
5,11,47
15,14,52
0,20,22
0,13,36
7,15,22
6,16,22
44,19,26
13,11,31
8,13,26
35,22,49
10,13,41
23,17,32
25,19,60
1,9,58
12,12,37
2,17,22
51,20,18
13,13,57
14,15,62
26,15,41
18,15,54
21,16,37
3,20,18
17,12,17
20,11,35
12,12,36
39,19,31
16,12,22
44,22,32
24,12,39
28,14,22
19,13,22
9,14,49
44,18,25
14,14,35
13,13,47
25,13,31
45,19,24
33,23,57
32,21,52
41,16,22
9,12,43
30,14,22
31,20,52
27,16,47
8,12,39
29,13,24
38,23,46
31,23,59
32,13,17
1,21,18
4,12,56
32,23,50
33,19,42
2,18,24
34,23,46
22,14,32
17,13,47
36,22,46
21,12,38
14,13,48
23,14,19
20,17,57
26,12,20
35,22,48
3,16,30
15,15,60
53,22,19
0,10,54
34,23,54
3,11,57
28,20,54
3,14,46
9,11,48
17,15,59
1,16,23
36,21,41
16,13,48
43,18,23
50,23,24
25,13,39
3,18,21
17,12,36
44,20,26
22,16,35
14,13,20
20,12,40
22,12,30
29,23,63
33,16,34
19,13,47
30,17,42
10,14,19
4,13,37
27,12,27
22,15,18
22,12,19
19,14,25
23,12,22
20,15,44
40,23,42
18,11,37
3,12,57
22,13,34
29,19,49
0,22,17
15,12,18
36,21,45
24,13,37
24,14,41
31,13,19
1,10,56
10,13,27
10,12,59
21,13,46
13,13,38
17,13,41
12,14,63
42,18,27
16,16,29
16,11,35
14,14,21
6,16,24
15,13,53
7,10,50
23,11,30
17,11,39
6,11,34
16,11,31
33,13,23
46,20,27
6,14,37
14,14,50
24,13,42
5,19,22
19,12,17
24,12,38
29,18,47
14,13,36
17,14,49
20,12,43
8,11,52
7,11,53
5,17,19
10,11,42
26,14,43
30,14,31
17,12,43
4,12,38
16,16,61
4,19,18
23,15,19
14,12,30
33,21,49
27,13,25
32,18,43
3,11,54
8,11,55
5,16,24
15,15,55
3,11,56
10,12,41
15,11,24
29,13,20
46,19,22
32,15,30
3,17,21
36,15,29
43,19,26
19,12,27
20,12,17
25,14,32
17,13,50
4,13,33
38,16,18
13,11,36
2,12,54
16,16,63
20,13,27
11,13,59
15,15,58
33,22,52
33,20,45
12,11,46
45,18,17
13,13,22
28,15,27
25,14,18
45,20,18
4,14,26
15,13,23
32,14,17
30,23,60
2,11,63
36,23,52
2,19,25
19,13,25
29,19,52
3,17,20
7,16,21
11,12,38
34,14,26
0,19,20
34,14,25
36,14,19
4,13,46
21,12,19
37,16,29
13,11,32
21,18,57
11,13,60
15,14,55
20,14,29
3,12,44
12,11,37
15,13,31
11,12,25
8,11,39
24,13,34
2,10,57
21,12,28
35,20,44
16,19,29
21,12,23
2,12,40
19,12,41
6,17,17
5,15,24
14,14,57
42,20,31
17,16,60
18,12,33
20,11,34
34,18,40
22,15,36
35,23,54
10,12,25
17,13,26
2,20,25
8,15,25
4,21,17
19,14,38
3,11,39
20,16,36
9,14,34
31,18,43
4,14,30
27,13,29
33,18,41
17,13,18
9,13,32
1,11,41
12,14,59
14,13,54
28,13,29
17,14,47
15,11,36
24,20,61
11,13,61
39,15,21
20,13,24
5,11,58
20,13,41
6,12,32
5,12,36
5,16,20
30,14,27
51,22,21
5,11,42
21,13,23
42,16,17
21,13,19
40,22,40
17,13,24
16,13,43
12,11,36
54,23,20
9,16,41
5,10,47
16,11,37
2,10,50
14,11,39
39,18,28
19,16,60
17,11,32
22,15,19
18,16,51
28,15,38
13,14,58
19,11,34
10,11,53
20,13,25
7,11,59
23,19,49
2,14,35
32,22,49
9,11,44
32,23,53
11,14,29
52,22,21
12,16,20
44,18,22
33,21,46
5,12,42
28,14,32
53,21,17
29,15,35
1,14,37
25,12,30
19,12,34
27,16,29
12,13,23
7,13,27
20,15,28
2,13,36
15,14,48
6,10,58
2,11,40
3,13,39
10,15,41
1,21,20
15,13,52
21,14,47
8,10,42
16,13,45
38,20,34
21,13,42
24,12,25
32,17,41
14,13,28
2,13,55
6,11,35
35,21,47
28,12,24
8,12,37
8,14,22
7,12,34
0,10,61
23,13,43
7,11,61
24,20,63
43,17,17
2,16,28
1,12,41
53,22,21
2,12,33
10,12,56
3,11,37
15,14,51
14,13,18
12,16,21
13,15,62
22,13,33
23,17,55
1,21,21
12,12,54
24,12,24
14,12,45
8,12,40
32,14,28
28,14,17
33,23,58
1,19,24
29,20,56
8,12,27
21,15,50
11,12,23
47,22,30
1,11,56
43,19,25
13,13,58
39,17,28
24,12,17
1,18,21
1,12,51
4,13,45
30,23,61
36,15,27
36,22,48
41,23,37
30,16,41
5,20,19
1,12,63
46,18,18
13,15,61
6,11,62
21,14,38
8,12,31
15,14,53
12,14,18
23,14,33
25,20,58
25,16,51
22,17,33
4,17,18
34,22,50
12,11,26
45,18,22
23,12,37
5,18,17
7,11,40
24,14,37
13,13,55
2,11,54
35,15,19
46,19,20
20,14,20
8,12,46
3,13,38
8,10,45
35,22,47
38,19,33
17,12,19
37,17,29
32,14,23
6,10,43
21,14,30
17,13,34
23,17,57
19,12,19
20,17,36
27,16,45
11,13,48
7,12,29
43,22,34
13,15,18
13,12,20
28,17,49
37,23,49
0,11,62
20,15,36
44,20,28
8,10,41
26,14,34
4,11,58
27,13,34
18,12,24
1,17,22
22,11,38
22,18,33
23,14,45
9,11,38
7,11,41
10,13,37
9,15,24
6,11,37
25,13,40
0,12,40
38,17,31
2,16,25
19,14,32
4,14,29
30,14,26
0,21,17
11,12,58
17,13,21
30,15,29
40,21,36
7,11,39
0,9,62
39,18,32
3,18,22
21,16,52
36,18,25
26,12,17
52,21,17
42,16,21
2,12,53
5,11,51
29,16,42
26,21,61
36,14,21
19,11,39
10,16,29
5,11,60
33,23,54
20,15,38
0,14,35
0,10,51
7,11,37
0,12,45
25,13,34
2,12,59
4,11,34
15,13,34
13,13,54
13,15,63
9,16,23
30,17,44
29,14,36
27,16,38
24,13,23
14,12,29
0,11,56
20,15,49
31,13,24
12,11,42
3,15,46
39,22,39
49,21,24
3,17,26
19,14,29
37,23,46
51,21,18
17,13,20
56,23,19
15,11,39
11,15,20
24,19,61
42,16,20
12,16,17
42,19,27
17,11,29
30,22,59
15,12,19
35,18,38
28,16,39
10,15,28
18,16,56
12,13,19
29,17,45
2,15,27
15,12,44
13,15,59
3,12,43
9,15,20
48,20,18
10,12,57
34,16,30
19,15,53
25,15,36
18,14,39
28,18,50
22,12,42
6,16,19
2,20,17
42,17,18
14,11,35
40,18,25
16,17,28
40,16,19
43,20,30
4,13,47
5,10,62
44,17,19
34,16,32
11,15,18
35,23,52
48,19,21
53,23,23
36,17,33
15,15,63
21,12,26
8,19,17
7,12,51
5,13,50
24,11,30
1,19,17
19,12,33
18,11,38
12,14,23
1,19,25
17,17,62
21,14,49
1,18,19
34,20,43
11,16,20
7,15,24
41,16,20
1,10,58
5,10,42
7,17,18
22,17,53
5,14,30
47,19,19
23,12,40
28,13,34
12,12,22
25,15,45
41,22,36
26,15,45
19,13,20
34,21,49
26,20,58
20,15,50
39,22,42
5,12,49
6,19,20
2,17,27
15,11,40
11,13,23
10,16,28
2,17,28
1,15,37
30,15,33
30,21,56
8,10,40
6,21,18
27,14,27
29,12,24
20,17,56
24,15,33
19,13,37
16,11,44
3,12,37
5,11,44
34,20,46
10,11,38
31,13,25
10,12,58
33,14,21
28,20,57
46,18,21
6,12,35
21,18,63
3,10,58
10,12,40
25,15,46
0,12,37
14,11,27
1,10,51
13,12,35
37,17,28
0,10,57
6,11,42
32,16,37
13,13,21
34,19,44
26,13,17
3,13,36
27,16,30
11,13,57
4,10,47
19,14,17
24,15,17
29,13,33
4,9,61
29,21,49
14,12,22
8,11,63
34,18,38
23,12,42
46,22,30
15,12,45
23,14,18
6,11,31
54,22,17
13,16,20
3,13,29
19,15,52
19,12,40
9,11,53
15,14,28
6,11,33
32,19,45
5,13,42
30,19,49
26,12,22
37,15,26
43,23,37
37,19,34
0,14,34
49,23,28
6,17,18
25,16,48
32,15,29
3,12,49
0,12,42
21,15,49
26,12,29
11,12,48
20,17,45
19,12,24
22,13,26
20,14,49
11,13,26
15,15,59
36,14,17
49,21,21
4,20,20
9,12,38
31,20,53
31,15,28
7,18,17
2,15,29
42,22,37
25,12,20
31,22,47
20,17,38
7,11,29
4,21,18
18,14,50
19,16,56
25,13,35
6,11,40
41,18,29
28,13,22
35,14,20
44,19,22
36,15,22
23,13,42
26,16,31
12,13,51
28,22,61
6,11,45
41,23,38
9,15,25
12,11,28
3,9,63
4,12,58
19,17,38
8,15,23
30,20,47
0,17,28
43,16,17
31,16,29
32,22,55
8,11,49
40,16,23
40,23,44
16,14,48
3,14,30
14,13,51
25,17,53
37,15,19
35,20,45
8,13,41
8,12,50
11,12,42
17,12,31
6,14,29
23,20,63
19,16,44
4,17,19
50,22,17
8,11,53
42,21,35
27,16,44
29,13,18
50,23,26
31,15,31
3,11,52
38,18,30
11,11,36
44,22,35
3,16,23
22,12,38
5,11,32
21,11,29
17,11,30
7,11,54
23,15,18
33,14,23
1,10,63
4,10,60
2,14,31
16,11,33
10,10,39
25,13,41
10,12,33
11,11,51
39,20,37
4,16,21
15,14,49
25,15,48
0,20,19
21,12,21
25,12,24
32,18,42
4,16,20
6,10,42
24,16,49
37,21,44
1,11,50
36,23,47
33,19,44
40,16,24
12,11,43
3,20,17
18,11,31
50,23,25
13,11,43
11,12,29
1,12,33
19,14,49
2,13,42
3,17,22
6,14,24
26,12,33
19,13,39
4,10,46
3,9,60
50,20,17
14,15,57
2,22,18
10,12,27
3,17,27
27,14,29
29,19,53
8,13,48
34,15,27
13,14,55
27,22,62
18,16,61
20,12,21
7,18,21
12,12,38
3,11,60
28,12,25
20,13,19
9,16,18
20,16,37
27,12,26
32,19,48
28,13,28
2,19,23
20,15,18
50,20,20
50,23,29
34,18,39
24,13,22
21,12,29
3,12,36
47,23,29
10,11,51
15,13,21
19,13,33
14,11,25
10,15,22
26,17,50
1,10,50
30,16,40
13,12,30
4,12,41
28,16,30
42,18,26
0,17,27
29,14,18
20,13,23
21,15,18
8,19,18
25,21,62
47,20,20
18,17,62
16,12,33
0,21,20
27,13,33
9,11,31
22,13,37
3,11,40
33,13,24
43,18,22
37,22,44
45,19,21
27,14,26
8,14,42
1,20,17
8,17,21
21,12,22
32,22,56
10,13,22
23,13,45
15,13,47
14,11,37
51,21,19
2,16,22
27,14,40
5,21,18
6,11,46
10,11,43
0,13,34
17,15,52
12,12,27
30,18,44
2,19,19
32,19,47
8,11,57
39,21,38
12,12,47
17,13,43
38,21,38
22,13,21
4,13,50
39,20,35
26,18,55
22,14,47
4,11,55
1,11,46
12,12,24
7,16,19
53,22,17
16,17,29
10,13,61
21,11,27
13,14,52
12,13,32
13,13,45
23,12,23
3,16,31
55,23,20
8,14,25
43,22,35
2,16,27
3,12,47
12,11,49
0,15,37
16,14,53
14,15,63
17,14,30
42,23,39
26,14,39
29,14,37
20,16,56
20,12,44
11,12,55
2,12,42
6,16,23
31,16,38
10,14,29
1,10,61
1,20,19
26,16,38
32,17,40
16,14,29
7,12,36
32,14,21
28,12,27
0,11,50
20,13,44
21,16,29
40,20,33
9,13,37
9,14,35
2,15,26
2,11,43
9,10,46
0,20,21
8,11,60
13,13,17
32,16,32
24,12,32
25,14,43
40,21,34
3,19,20
4,11,50
27,15,31
7,10,46
42,22,34
9,12,36
30,17,41
20,11,39
34,15,30
26,12,27
21,12,27
0,19,26
7,14,26
14,14,34
11,11,52
31,15,34
9,14,43
18,12,41
7,13,37
3,9,61
48,20,20
3,12,38
13,13,46
16,11,23
5,12,45
23,16,32
33,14,20
4,13,49
20,11,28
17,15,57
2,12,60
43,18,25
22,13,19
27,19,53
19,12,28
6,11,56
6,10,45
32,21,50
10,11,35
13,15,20
5,13,31
4,19,17
11,12,36
31,17,28
4,10,53
20,16,53
32,14,19
11,11,40
15,12,49
5,17,24
10,15,21
21,12,41
34,15,18
12,11,27
51,20,19
17,16,62
10,11,41
37,16,18
16,12,23
3,18,25
38,16,27
12,12,56
9,11,34
45,18,21
3,15,45
18,14,52
36,14,20
11,13,58
27,13,30
3,13,48
28,19,51
23,15,48
33,14,26
20,12,37
47,23,33
39,22,43
5,11,34
48,19,17
32,21,49
7,12,44
19,17,61
28,13,35
28,16,42
4,18,22
17,11,42
4,13,29
27,17,49
7,19,18
17,12,23
35,23,50
31,20,49
3,10,53
21,14,19
15,11,27
18,14,49
38,19,35
44,22,31
8,13,50
36,20,39
5,11,61
41,16,23
23,13,23
30,14,20
11,14,58
5,12,33
9,11,39
11,11,53
39,17,26
31,15,32
3,10,59
5,15,30
28,16,31
9,12,29
18,15,53
11,11,31
8,14,21
19,13,30
4,15,26
34,21,47
4,10,48
22,12,22
22,12,41
37,15,21
6,10,60
51,22,24
38,18,32
3,10,62
8,18,19
21,11,36
9,11,59
31,22,56
2,10,49
0,20,18
15,13,46
13,14,18
7,16,22
24,14,36
42,22,36
8,11,54
9,11,62
0,23,17
46,20,25
38,16,25
12,13,24
14,12,28
42,23,38
5,12,37
37,16,21
43,21,30
5,10,59
3,14,26
22,13,43
28,14,18
8,13,35
33,18,42
36,19,39
28,15,31
9,14,23
21,13,30
0,19,27
34,21,45
17,14,53
0,11,48
1,11,39
20,17,44
1,14,55
18,13,38
42,17,25
32,14,22
25,21,61
23,14,37
4,10,57
34,14,22
13,11,42
9,13,23
35,22,45
33,22,46
23,15,36
25,12,36
41,17,24
24,18,54
1,12,58
9,10,45
14,12,33
18,16,58
4,11,49
4,12,47
2,11,48
23,12,28
21,16,55
46,19,21
22,12,23
6,13,33
2,13,34
43,21,31
31,21,52
35,14,23
47,21,26
35,18,37
11,15,23
19,17,60
6,19,18
23,12,17
37,14,17
13,14,19
37,19,24
19,13,17
22,13,28
16,17,63
2,11,49
4,14,46
15,11,32
1,14,36
34,15,20
2,11,42
17,11,27
11,12,53
25,14,46
4,10,44
36,23,50
32,13,27
1,13,36
1,10,55
8,13,49
47,18,18
44,20,29
27,16,31
4,11,38
8,11,32
31,18,46
28,21,61
37,15,27
27,20,58
17,15,58
45,19,18
23,12,26
20,15,54
9,11,60
1,12,50
32,16,35
2,11,47
4,10,61
28,12,20
29,21,57
12,14,38
14,12,27
14,13,47
34,23,53
3,16,27
29,22,60
26,13,35
19,15,49
9,11,56
25,14,42
31,15,30
14,14,56
26,14,38
35,20,42
26,21,60
21,18,61
29,17,47
13,14,35
7,11,45
25,13,38
18,13,24
21,11,31
15,13,17
31,15,33
28,18,52
35,17,32
39,15,19
20,14,18
39,15,18
3,18,18
5,13,36
3,12,46
16,11,26
21,15,30
13,12,50
2,10,61
9,15,22
35,23,51
13,13,52
32,19,41
44,21,30
1,14,47
16,11,45
21,13,28
49,20,19
11,15,22
25,19,49
31,19,45
33,17,39
8,13,44
3,12,42
36,16,26
34,16,34
11,13,21
13,13,49
17,11,33
40,18,26
12,12,34
6,13,27
12,11,41
1,16,29
19,12,38
18,12,22
36,14,23
34,14,21
9,14,24
29,15,40
1,12,44
31,14,23
18,13,20
48,21,25
28,22,50
5,16,25
14,15,61
44,23,36
18,11,29
24,14,32
45,22,33
42,21,33
2,21,19
18,11,35
12,13,39
40,19,30
1,21,19
22,14,36
6,15,22
7,11,31
14,11,47
18,16,52
2,11,50
33,22,53
12,14,58
4,13,43
24,19,48
2,18,20
21,14,48
5,11,52
12,11,44
34,14,17
40,16,21
30,20,54
2,20,20
30,19,51
4,18,18
6,15,27
29,22,49
17,13,17
29,14,23
20,12,22
37,21,42
11,13,22
34,15,21
6,12,36
24,16,52
20,12,41
7,12,27
4,10,55
15,14,18
1,11,62
16,12,43
50,23,28
16,11,28
53,23,22
6,11,61
35,23,48
25,13,18
31,18,44
5,10,61
19,12,22
34,23,52
7,14,25
24,14,45
41,19,28
19,11,31
43,21,32
11,13,41
52,23,21
10,12,62
27,15,41
24,12,18
49,21,23
11,13,27
23,14,35
3,12,39
1,17,21
29,18,49
40,18,28
24,15,35
15,16,62
31,17,40
3,14,29
3,11,53
27,16,25
17,11,25
13,12,47
6,12,37
29,14,33
21,19,63
6,13,31
4,18,23
0,10,50
9,14,41
16,13,25
27,14,25
23,16,35
22,16,54
9,13,43
10,14,43
20,11,36
13,12,45
30,20,51
31,19,46
31,17,42
33,13,21
6,18,19
4,12,37
16,14,55
1,18,25
6,16,20
13,11,26
26,19,56
20,17,61
8,18,18
2,13,40
7,15,25
21,11,35
11,13,40
15,11,37
7,14,27
17,16,58
30,16,28
2,12,49
23,16,50
3,10,57
1,11,52
19,18,62
10,12,35
45,20,28
5,11,50
26,20,61
46,19,17
5,13,26
0,20,24
21,15,17
2,11,56
3,15,29
13,12,26
37,17,30
35,19,38
36,20,42
24,13,21
30,15,32
29,17,46
0,12,47
9,12,33
36,15,18
3,10,49
14,12,49
0,18,20
15,13,30
18,11,41
0,15,32
32,22,57
43,17,19
26,15,44
32,14,24
34,22,46
17,12,29
12,13,21
20,18,62
16,13,27
26,14,37
29,22,50
10,14,28
44,22,34
27,18,53
17,11,36
42,17,22
11,14,19
25,18,56
28,15,40
22,14,37
13,13,27
7,12,33
22,12,28
1,19,22
9,14,26
7,10,48
4,17,22
24,16,31
5,11,57
46,19,24
21,14,37
35,14,25
25,20,61
4,10,51
25,15,47
52,21,18
20,11,43
33,14,27
13,13,37
14,14,59
16,15,56
21,13,18
7,11,49
4,20,18
12,13,36
2,10,54
9,12,32
0,11,61
8,13,34
25,14,45
19,13,31
33,15,25
27,17,29
15,13,18
28,13,32
27,21,60
8,15,21
9,13,28
34,17,34
31,21,54
1,11,45
14,11,42
12,13,25
32,13,25
27,17,46
19,15,56
25,12,18
33,20,47
0,13,35
39,22,40
0,10,59
22,17,57
15,14,50
29,13,21
18,11,32
17,12,35
41,23,42
43,20,29
9,11,51
34,17,36
40,17,24
10,13,28
10,12,24
42,23,36
55,22,17
30,23,62
4,13,32
19,14,30
44,23,34
7,16,17
11,13,36
46,21,26
0,19,24
4,12,34
3,11,45
30,13,20
23,17,51
30,15,28
19,13,24
33,17,33
22,17,52
16,19,28
15,11,41
27,12,17
18,13,30
32,21,53
35,17,33
23,12,20
21,11,41
2,19,20
13,11,45
20,14,50
17,14,50
0,12,43
30,15,37
12,14,60
32,17,37
21,15,36
18,13,19
11,14,62
15,12,33
9,12,62
2,13,50
8,11,46
7,13,25
46,19,19
49,21,22
5,15,22
18,14,31
23,12,36
3,11,42
18,16,60
2,10,55
7,11,35
1,14,29
42,22,35
18,15,56
48,20,24
43,17,18
27,13,22
14,15,18
28,15,32
9,12,44
3,15,32
25,15,41
14,11,40
28,19,53
33,23,55
43,19,27
40,21,37
5,11,45
13,13,36
49,19,18
5,11,36
9,13,24
28,18,48
54,23,19
10,12,32
31,14,28
37,23,47
37,17,24
29,16,43
6,10,44
31,13,22
17,11,31
34,23,48
18,11,44
25,12,19
10,11,48
25,18,54
11,11,38
32,20,46
7,13,41
5,18,18
12,12,21
11,16,17
7,16,25
1,14,48
53,22,18
38,16,22
9,11,43
36,21,43
22,12,26
19,13,21
8,13,42
4,10,59
12,14,22
8,13,38
46,18,19
31,16,36
17,15,60
2,13,41
13,11,38
5,13,49
40,18,27
9,12,35
7,17,17
35,14,19
21,11,38
48,20,22
15,16,63
10,11,55
5,15,23
13,12,34
29,23,62
32,18,44
13,13,18
12,13,60
14,14,17
1,12,38
22,16,36
12,12,49
28,16,29
36,19,34
28,20,58
8,14,39
35,18,36
7,13,24
13,11,34
40,22,37
4,11,43
28,15,41
10,16,20
1,11,60
1,13,56
50,22,24
32,19,42
8,15,22
0,12,59
10,12,44
20,14,47
18,16,55
43,20,31
7,11,63
40,17,26
16,15,28
47,19,22
22,12,17
12,11,30
12,13,35
24,19,49
6,13,39
22,13,40
9,11,46
31,17,44
12,13,29
17,13,29
25,12,35
45,21,27
55,23,18
0,12,38
27,14,39
14,15,17
21,12,25
44,17,20
6,11,32
15,12,24
20,11,40
15,14,59
43,17,22
34,22,49
12,13,53
27,13,26
27,15,44
28,17,45
17,11,34
20,17,59
11,14,21
34,18,41
27,13,20
25,15,17
23,11,31
5,18,21
24,13,35
35,18,35
18,12,40
6,10,57
44,22,33
27,19,54
6,11,58
8,10,46
48,19,20
46,22,28
16,11,41
10,13,63
9,12,39
48,20,23
19,16,55
5,14,23
30,21,55
19,14,28
23,16,34
29,18,48
33,20,46
9,10,47
8,14,32
39,23,41
22,18,34
7,19,17
17,14,51
23,12,25
9,14,21
22,12,39
4,12,57
30,15,39
16,16,28
11,14,18
10,15,20
22,18,60
1,16,24
15,14,56
9,12,45
5,11,59
19,12,18
20,14,48
6,20,18
28,13,21
33,17,38
31,21,48
0,17,22
43,17,21
27,17,47
39,17,29
23,12,35
36,15,28
26,16,46
30,13,19
36,19,37
8,11,45
7,18,18
17,12,46
6,10,48
6,12,28
20,14,37
5,11,62
16,12,37
3,16,22
28,14,21
19,12,30
13,12,52
44,20,25
6,17,22
3,13,47
34,15,26
1,13,37
5,15,21
14,12,44
11,13,35
30,13,23
31,15,27
33,15,17
42,21,34
1,19,20
11,13,31
8,13,25
26,12,35
48,22,27
9,11,52
7,17,19
27,17,50
27,12,30
2,19,26
31,13,26
8,14,23
28,23,63
19,16,57
28,12,29
6,12,33
18,15,51
21,19,62
6,12,30
37,20,36
28,14,19
41,19,29
45,19,20
20,11,30
28,14,33
3,13,42
18,14,26
10,14,18
18,13,23
30,21,58
31,16,35
15,16,61
38,23,44
56,23,17
10,11,33
5,13,40
8,16,21
33,21,48
43,16,18
17,13,35
14,11,31
38,16,28
32,23,58
14,14,58
15,12,43
16,13,24
9,11,58
3,9,62
6,11,39
16,13,22
27,16,46
39,20,34
23,14,34
0,12,53
3,12,50
22,12,40
25,15,32
33,19,45
14,11,43
7,13,40
23,13,25
45,19,25
25,18,49
4,14,31
19,15,50
26,14,42
26,15,46
4,12,49
41,21,34
38,22,44
31,13,17
23,14,44
11,11,43
4,20,19
27,13,18
17,14,52
2,13,46
19,12,43
8,13,28
1,13,42
51,21,21
26,16,45
52,21,19
16,15,58
9,13,63
1,9,59
17,11,35
0,11,42
49,21,20
17,11,26
35,16,31
8,11,59
39,16,24
20,13,38
26,13,34
28,17,29
14,11,34
3,11,43
4,16,28
2,12,55
2,11,41
36,17,32
28,17,47
20,13,47
13,11,40
10,14,22
30,21,57
9,16,42
11,11,49
37,18,32
43,18,20
5,14,26
20,15,53
4,12,31
5,16,21
2,17,19
16,17,62
31,22,57
16,11,36
8,10,43
5,11,56
26,12,23
4,13,39
20,12,26
8,13,36
2,10,59
36,22,47
20,16,38
6,18,18
13,14,59
30,16,37
37,22,42
13,11,41
18,13,48
35,19,37
3,15,26
0,12,36
22,13,47
15,11,25
38,15,22
24,15,47
16,11,40
17,14,42
3,11,46
2,12,36
50,21,18
0,12,35
20,17,53
7,11,57
16,13,32
29,21,56
13,11,25
23,18,33
14,13,45
23,19,63
1,13,41
0,12,34
28,21,59
26,20,60
42,17,21
20,11,26
38,17,30
38,23,47
19,13,44
6,18,21
6,10,46
2,18,23
47,21,24
3,15,31
33,17,36
29,23,61
1,11,55
2,13,32
32,16,34
37,16,23
26,13,18
41,17,25
2,11,46
15,12,35
45,17,17
26,12,21
40,20,35
14,13,22
27,12,23
16,13,34
8,13,30
14,11,44
47,19,20
24,13,20
1,14,33
31,18,45
50,21,22
1,14,28
10,11,39
2,10,52
7,14,50
19,17,63
29,22,62
30,17,28
15,12,31
26,15,42
26,12,31
29,15,39
17,15,28
21,14,28
9,13,34
25,15,33
33,23,56
55,22,18
7,11,55
14,12,32
36,21,42
42,18,23
10,11,58
26,19,57
12,14,19
14,16,62
0,16,26
13,11,47
9,13,42
33,13,20
43,23,35
36,16,25
36,20,41
3,14,28
4,11,48
8,12,29
5,12,38
0,18,19
8,14,26
9,13,40
22,11,37
32,13,26
7,16,18
15,13,50
38,22,40
23,15,34
6,19,21
10,15,42
23,13,19
14,14,23
17,11,41
8,18,17
33,15,31
21,14,17
6,15,24
16,13,26
17,12,42
6,13,42
23,18,59
20,14,45
12,13,22
28,13,20
29,22,58
6,13,26
8,11,38
39,21,35
29,15,36
17,12,26
12,15,63
2,15,47
30,13,21
31,17,43
0,19,23
21,18,60
31,23,60
4,15,28
38,20,35
21,17,53
9,12,31
13,14,63
16,14,52
9,15,29
16,12,19
51,23,24
10,13,26
40,16,18
2,13,33
20,19,63
6,12,38
26,17,48
12,12,32
17,14,25
22,11,32
16,12,34
8,16,22
23,16,52
37,19,37
18,12,35
16,11,30
1,18,18
30,20,49
22,13,38
32,15,34
6,10,62
21,17,56
30,20,48
0,14,29
19,13,32
0,19,19
20,17,58
26,14,40
8,11,29
0,11,49
37,17,31
44,17,21
1,11,57
23,15,50
49,23,27
13,12,51
34,19,39
19,13,18
1,12,46
19,17,59
36,23,49
8,11,61
7,10,41
4,11,37
2,12,48
23,15,33
20,16,57
7,10,47
42,19,26
32,20,49
36,19,36
2,13,37
9,10,39
9,12,60
37,21,40
52,23,24
36,17,29
23,18,34
53,21,18
14,13,37
47,22,29
15,13,54
30,15,36
30,16,42
0,22,20
23,11,36
12,15,20
40,20,34
5,13,33
17,13,22
2,14,29
2,13,38
25,20,60
37,16,26
32,23,56
10,12,54
7,10,53
33,13,22
21,13,33
24,13,36
22,15,17
28,23,50
14,14,53
27,12,25
23,13,34
21,18,59
15,14,27
30,13,25
2,11,59
28,13,25
4,11,51
5,16,23
38,21,40
37,20,38
27,18,29
9,13,29
27,20,56
23,14,20
36,14,22
41,23,40
14,13,19
16,12,42
14,12,43
30,16,38
8,16,20
45,21,31
4,14,25
30,22,47
12,13,27
17,15,56
16,11,32
22,15,33
21,13,25
44,21,29
18,13,40
16,12,17
6,12,31
6,11,60
37,21,43
7,13,42
14,13,23
48,22,26
28,14,20
15,14,54
40,19,29
20,13,45
27,15,40
4,13,42
21,11,40
30,21,47
0,13,32
13,12,28
10,12,61
32,21,54
7,10,43
18,16,59
23,12,21
22,12,21
27,18,50
37,18,34
19,12,44
12,13,33
25,16,50
22,19,60
11,12,40
13,14,60
50,22,22
5,11,38
9,12,34
5,13,32
5,12,34
10,12,42
13,12,32
37,22,43
8,11,56
45,17,20
44,20,27
6,18,20
18,13,47
2,14,30
38,16,24
28,16,41
24,14,17
4,11,57
11,14,63
33,18,39
33,15,33
27,14,32
16,12,31
11,13,54
7,17,23
5,20,18
44,21,31
9,12,58
15,11,43
31,13,20
18,12,17
37,16,19
24,12,31
34,14,20
0,18,26
2,19,18
24,12,23
30,14,32
24,17,52
27,18,51
47,23,30
34,17,33
34,15,28
25,14,44
20,14,17
1,17,28
31,22,48
19,16,53
22,13,29
21,13,20
15,13,28
24,14,46
29,16,40
38,15,23
25,17,49
21,15,37
4,12,50
19,11,43
5,17,22
21,16,53
19,11,28
26,19,54
8,12,33
14,12,50
29,13,26
5,11,40
12,11,29
13,12,37
5,10,56
29,16,39
31,23,58
33,13,17
35,19,42
51,23,26
1,21,17
2,14,27
0,19,18
2,12,35
41,17,22
8,13,40
16,14,28
10,11,54
26,22,63
7,11,38
30,17,45
18,12,46
24,14,42
20,15,39
32,16,33
24,19,50
1,12,37
20,14,21
16,12,21
0,13,39
20,11,32
35,15,22
1,20,20
44,18,24
19,13,45
28,17,31
3,12,32
37,14,20
24,15,48
50,22,26
1,15,27
5,12,44
54,22,19
9,11,41
31,19,49
38,21,37
19,18,63
23,13,18
19,12,32
45,22,30
0,16,27
22,14,48
13,12,53
27,22,63
6,14,23
20,14,36
33,14,19
21,11,32
22,18,57
45,21,29
56,23,18
32,22,50
22,16,34
9,12,61
3,13,41
22,12,31
9,11,55
19,17,45
15,11,26
29,15,38
32,22,54
1,12,42
13,11,33
39,17,27
21,14,36
7,13,38
35,20,41
31,15,36
11,14,20
9,15,18
23,11,35
32,14,25
0,15,31
8,17,18
20,11,31
42,18,25
12,13,50
21,15,52
30,22,60
49,20,21
30,16,29
24,17,49
37,16,30
19,11,24
23,14,43
6,12,43
2,16,23
32,23,60
32,15,31
39,21,40
41,19,30
24,11,31
55,23,19
27,20,57
15,13,48
30,18,45
27,13,36
11,16,18
27,12,21
44,20,30
2,20,21
29,23,50
46,23,33
22,15,34
5,12,40
10,13,25
12,14,21
6,11,38
25,17,51
26,13,19
33,14,17
25,12,22
28,14,29
18,14,48
36,15,17
49,21,25
41,22,37
8,16,17
7,10,44
27,15,43
10,11,44
15,12,34
3,11,44
6,11,59
1,14,31
30,14,28
33,20,43
5,17,17
47,23,31
13,12,27
7,11,43
9,13,22
28,21,60
27,20,59
20,12,20
32,13,19
14,12,36
4,12,40
15,13,22
15,12,37
18,14,30
42,17,17
4,12,45
19,14,44
24,17,31
15,11,22
13,11,28
12,14,17
0,16,33
51,21,17
55,23,17
27,17,30
8,12,30
14,13,55
35,15,23
9,14,28
4,13,31
4,16,25
9,11,32
39,22,38
48,22,28
24,12,28
7,11,60
38,22,43
5,11,48
35,20,40
37,18,24
6,10,47
23,13,37
0,16,28
37,19,36
26,18,54
38,15,24
31,21,55
39,17,23
22,16,37
19,11,44
30,15,35
3,11,58
14,11,45
0,11,44
34,22,52
12,13,49
32,15,33
11,16,22
9,15,21
23,15,37
24,20,60
31,14,30
11,12,56
40,15,20
18,15,58
7,14,49
39,16,18
10,13,40
13,12,19
43,21,34
34,14,27
21,18,62
7,11,46
36,18,36
41,16,19
4,11,56
23,15,49
10,12,29
1,12,39
8,11,58
22,11,36
45,17,18
2,18,26
8,11,44
2,13,35
30,13,24
5,10,55
14,12,34
29,13,25
35,18,34
7,16,20
1,18,24
20,12,38
33,15,24
28,17,43
7,14,23
5,19,19
9,13,26
10,19,17
15,13,43
30,21,48
5,12,43
14,11,41
18,13,21
17,14,23
13,12,23
15,12,22
4,14,32
10,12,28
3,12,51
14,14,54
8,17,23
8,12,26
36,15,24
42,16,19
15,14,57
6,12,44
4,18,20
3,17,23
12,13,26
2,12,51
2,14,48
1,10,62
36,19,35
24,19,59
13,14,61
45,19,23
13,15,60
23,16,53
7,13,31
5,12,46
3,19,17
20,18,61
12,12,52
14,12,20
29,23,49
2,10,63
19,15,54
32,16,36
12,14,26
53,23,20
13,12,21
37,22,45
12,12,31
3,21,20
10,17,22
45,18,20
6,10,54
1,10,59
50,22,25
35,14,21
3,13,50
25,12,23
30,22,58
45,21,28
33,22,47
49,20,18
13,12,54
9,12,30
8,11,36
11,12,54
46,19,23
31,20,47
21,17,60
0,20,23
12,15,23
12,12,35
31,16,28
15,11,35
34,23,47
15,11,29
5,10,46
29,21,58
19,11,35
23,14,46
32,13,22
0,10,56
1,11,43
29,21,59
9,15,23
42,17,23
8,11,43
6,17,19
26,16,39
32,14,26
22,11,30
11,11,50
45,17,19
9,11,54
23,14,38
1,16,25
23,13,24
15,11,23
22,14,49
6,14,32
22,19,33
15,12,21
40,17,21
22,17,55
