18,0,61
20,0,60
20,2,60
23,0,56
20,0,63
22,0,56
21,0,62
16,0,59
18,1,59
18,0,60
21,1,60
14,0,63
20,1,59
15,0,61
21,0,58
14,0,60
16,0,62
20,2,63
20,1,63
23,0,63
18,1,61
19,0,58
23,1,62
19,0,60
13,0,62
19,0,59
22,1,63
22,0,58
21,1,61
22,1,61
22,1,62
20,1,62
19,1,63
22,0,59
23,0,59
20,1,61
23,1,61
17,1,60
19,2,61
19,1,61
23,1,60
20,0,57
16,0,63
17,2,62
18,0,57
18,0,59
18,1,63
16,1,63
19,0,57
22,0,57
26,0,61
25,0,63
18,2,62
19,2,63
18,0,58
15,0,60
20,0,61
15,0,62
22,0,62
15,0,59
21,0,61
17,1,63
25,0,60
25,0,62
17,0,60
19,1,62
23,0,57
21,0,56
26,0,63
19,1,59
24,1,61
28,0,62
12,0,63
17,2,63
20,0,58
20,0,59
23,0,58
14,0,59
13,0,63
18,1,60
23,0,62
20,1,60
14,0,61
16,0,61
22,1,60
25,1,60
21,0,59
21,1,58
19,2,62
24,0,62
23,1,63
26,0,60
24,0,59
24,1,60
23,0,61
22,0,61
17,0,63
24,0,60
17,0,62
12,0,62
19,1,60
18,2,63
22,1,59
25,0,61
21,0,60
22,0,60
21,1,59
17,0,59
21,1,62
20,2,61
24,0,63
15,0,63
21,0,57
18,1,62
24,0,61
17,1,62
16,0,60
21,1,63
17,0,61
23,0,60
20,0,62
14,0,62
22,0,63
21,0,63
