55,11,39
3,7,20
58,9,29
43,8,41
60,2,63
32,11,56
49,5,58
27,15,58
4,17,54
31,7,29
12,19,59
48,8,33
9,17,52
62,2,62
57,8,39
48,9,40
57,10,28
45,9,41
62,10,26
16,16,49
57,9,30
4,17,50
8,10,20
56,9,33
21,15,50
1,7,22
45,5,57
40,7,61
52,6,53
8,11,29
10,11,25
47,9,37
56,8,44
56,3,59
21,12,34
60,11,29
35,5,24
41,5,60
52,5,55
14,19,61
6,11,30
15,16,47
44,10,54
57,11,30
55,9,39
38,5,33
63,0,52
58,6,42
42,5,25
60,1,57
55,11,24
18,16,46
48,8,54
48,9,38
2,10,32
59,5,38
48,4,58
60,12,26
55,8,38
3,18,60
60,7,32
55,0,62
34,9,60
29,12,61
51,9,47
45,8,56
45,3,62
37,9,46
6,10,26
62,10,27
10,19,62
63,13,19
6,17,51
11,17,49
58,10,35
18,12,33
52,8,52
52,2,62
56,5,56
14,13,33
22,17,59
60,2,44
15,11,23
24,9,28
11,19,60
39,3,20
10,12,31
60,2,51
47,8,52
38,11,55
25,14,57
40,7,40
13,19,63
33,12,56
62,2,43
49,8,35
56,10,28
28,8,30
59,12,22
30,8,31
34,10,44
44,8,33
35,5,22
63,1,57
62,10,23
24,15,61
43,6,30
6,11,29
40,6,31
57,9,36
16,12,29
63,13,21
48,9,53
60,8,31
24,13,50
37,5,28
36,9,61
18,16,48
59,2,53
42,7,35
34,10,60
11,11,23
51,11,43
60,0,61
33,6,25
58,6,40
35,9,46
50,1,63
42,4,62
30,11,46
45,6,59
31,11,49
23,14,61
40,7,59
24,7,23
41,9,60
5,9,24
54,0,62
8,18,56
8,14,40
31,9,36
51,8,19
9,20,62
37,8,45
24,14,63
40,9,52
3,19,57
2,9,17
54,9,39
50,7,59
47,7,57
59,6,45
51,8,17
44,6,25
57,11,20
38,9,62
52,9,30
17,17,63
45,5,60
48,8,31
26,12,63
41,4,25
2,18,63
48,9,46
22,8,19
5,15,47
60,3,45
46,9,49
55,6,44
56,11,21
47,11,51
38,4,30
45,5,23
17,13,35
62,1,49
58,11,27
15,10,21
33,5,24
63,8,28
32,8,30
28,13,59
53,10,19
30,4,17
63,0,53
47,9,51
54,6,44
35,7,63
4,15,44
49,9,52
30,12,60
36,5,29
3,9,24
50,9,36
60,12,17
36,7,38
2,9,18
50,10,37
61,7,29
62,0,54
57,1,60
39,9,47
21,15,62
43,5,59
58,6,37
4,9,22
26,11,44
9,13,35
58,0,62
24,15,58
60,10,26
47,9,47
42,7,58
34,4,22
45,6,23
26,11,63
10,14,36
35,11,53
60,7,31
32,9,37
17,9,20
48,8,29
60,1,58
50,7,57
48,8,27
14,15,41
56,3,61
58,3,49
55,3,60
8,15,45
10,19,59
63,10,31
22,10,31
48,7,23
15,14,38
52,2,59
44,6,58
47,6,19
56,10,40
63,6,31
49,9,51
46,9,55
0,14,43
60,3,41
47,7,30
14,13,34
38,6,61
16,18,55
44,5,60
7,11,27
44,9,50
63,10,30
61,5,37
0,17,54
51,9,44
62,12,22
41,4,21
37,11,54
55,6,43
47,6,60
13,11,25
30,9,33
15,13,32
11,19,58
0,16,47
50,7,53
49,9,55
26,14,58
9,10,23
41,6,35
29,15,63
13,13,33
50,8,20
31,10,63
37,5,30
8,15,43
48,7,54
26,10,32
29,9,34
16,11,29
3,18,56
60,8,32
47,6,18
54,6,51
3,18,58
54,10,18
47,6,55
41,3,19
35,4,23
63,8,30
57,4,53
10,11,22
46,8,34
52,7,52
44,12,52
31,11,43
19,17,51
38,11,60
32,6,25
45,5,63
21,11,35
30,14,61
0,17,49
15,10,18
46,7,59
21,15,49
55,8,40
30,12,63
32,11,61
33,10,50
52,7,47
62,5,35
35,7,34
59,3,48
3,18,55
62,3,37
17,16,44
6,12,36
41,9,50
30,9,38
30,9,37
48,6,21
41,6,58
47,10,52
40,10,50
55,10,34
12,15,42
47,6,56
47,7,28
57,4,45
24,10,32
7,9,20
11,10,22
23,14,48
29,14,63
48,7,58
1,8,26
60,4,41
51,7,56
0,18,61
9,11,28
5,14,42
56,3,57
36,4,23
42,7,33
52,7,55
48,6,20
19,12,36
10,17,50
26,13,47
41,6,29
10,12,30
52,3,59
62,9,30
32,9,61
57,7,43
37,9,59
14,16,48
25,16,60
9,14,41
21,10,31
34,10,48
50,3,60
32,4,21
9,16,49
5,9,20
20,9,27
23,16,60
19,9,21
27,13,56
57,3,60
39,10,52
19,9,20
57,12,30
42,5,60
52,9,28
9,11,27
59,9,35
6,11,31
3,19,58
63,2,40
15,10,19
14,11,28
3,8,17
36,12,61
52,3,58
48,10,42
13,14,38
52,7,50
16,9,18
49,8,54
36,3,22
20,15,42
54,2,58
58,2,55
61,0,51
27,14,61
51,9,45
48,9,50
2,7,21
43,8,61
48,5,60
60,3,44
30,12,56
46,7,56
23,13,40
45,7,30
63,4,34
52,9,29
7,14,37
8,17,49
19,17,58
36,10,59
16,12,32
29,8,30
54,6,48
29,13,58
63,12,20
22,15,55
41,7,42
9,12,32
58,1,62
41,5,62
58,9,37
61,7,36
40,5,27
27,8,29
32,8,35
7,16,48
26,13,48
25,9,29
49,8,22
3,9,25
47,5,56
54,5,54
38,8,62
51,8,56
54,8,39
38,2,22
37,4,25
16,18,62
49,8,20
22,14,43
63,5,36
48,1,62
22,10,30
39,5,62
34,11,62
62,6,38
58,4,47
32,8,31
60,6,35
28,14,63
42,6,26
18,16,62
63,6,30
28,9,33
47,4,61
22,15,53
43,9,53
63,10,23
25,5,17
57,10,25
43,5,58
43,5,24
50,9,41
21,9,23
9,18,57
43,7,32
47,9,55
46,8,41
41,10,51
25,12,41
8,17,50
24,9,26
13,19,61
60,2,62
32,13,57
20,12,33
60,11,23
62,8,33
36,4,22
57,6,38
52,9,35
29,7,27
23,10,29
37,8,44
15,18,55
0,11,35
51,10,42
35,8,41
31,12,49
27,7,21
45,9,58
20,11,34
47,8,29
47,6,58
15,17,53
56,5,47
34,4,19
47,11,52
32,12,62
37,4,28
56,6,41
2,7,18
60,11,27
61,5,42
47,5,57
54,10,29
29,6,23
51,10,37
14,10,19
51,8,51
37,10,58
39,10,58
48,4,59
30,7,29
7,9,21
53,8,41
26,12,41
53,8,53
42,11,54
32,12,56
48,5,56
34,11,48
46,4,63
29,4,17
63,5,42
17,11,27
34,8,38
44,4,62
63,7,35
63,0,63
5,11,33
50,9,35
18,13,36
47,1,62
48,8,25
16,19,62
13,18,55
54,7,47
32,3,17
55,9,34
56,2,61
47,9,52
18,15,42
3,8,23
36,6,28
45,9,40
42,9,54
61,10,24
38,2,21
24,14,49
59,12,20
60,1,51
45,6,24
63,10,24
41,8,40
4,7,18
55,2,60
20,14,43
30,7,28
63,10,26
61,3,46
0,10,32
19,9,18
13,15,43
55,1,60
47,8,31
27,8,26
51,8,46
46,6,56
4,8,17
54,5,57
41,4,17
10,13,33
58,8,33
63,8,36
44,8,57
56,10,39
51,9,55
57,3,57
4,8,19
11,14,37
20,11,31
1,18,57
41,5,28
40,9,60
51,2,63
46,8,32
40,4,19
22,12,37
32,11,46
55,9,21
24,13,43
52,6,56
33,12,55
6,13,37
42,7,41
45,3,60
54,9,18
7,17,53
48,9,47
27,13,58
7,16,46
34,8,61
38,8,43
63,4,44
63,11,20
39,7,42
50,6,57
32,8,62
47,8,39
27,12,50
47,10,54
43,9,52
62,5,44
27,11,39
17,18,57
22,7,22
30,10,39
62,4,38
52,1,63
52,8,47
35,7,35
59,11,27
36,7,39
24,14,54
37,8,41
9,13,33
20,17,57
17,10,21
21,7,18
54,9,26
19,14,41
57,4,52
49,8,29
5,16,49
52,9,38
19,12,33
21,10,27
22,14,62
44,8,43
24,8,27
28,6,22
33,11,59
13,16,48
18,8,17
35,9,47
58,8,34
34,10,45
49,8,34
63,4,45
41,8,54
37,10,57
31,5,23
37,2,21
21,8,22
44,9,57
57,10,29
11,13,33
62,6,31
62,1,50
27,10,38
8,9,18
21,16,58
57,11,27
1,18,61
36,4,24
49,9,39
31,7,30
13,12,31
42,9,45
54,7,42
27,10,37
45,6,19
39,11,56
21,14,46
6,10,24
63,4,38
17,17,56
45,8,37
4,13,37
53,1,61
52,2,63
41,9,42
3,9,26
7,17,49
29,9,36
43,10,58
23,7,22
35,10,63
57,8,40
53,7,49
57,5,44
55,6,56
48,9,56
26,6,17
8,20,61
30,11,62
51,6,57
44,8,41
43,6,63
15,16,49
49,6,57
63,1,61
43,5,26
52,4,58
8,18,53
56,11,22
9,19,57
61,3,43
1,9,30
26,9,33
32,12,55
22,16,53
26,14,59
53,9,44
57,4,50
63,0,56
31,10,60
58,10,28
41,10,56
59,3,50
13,10,21
62,9,32
48,8,60
42,7,57
27,15,61
59,8,38
52,9,34
58,3,60
51,8,21
43,5,63
42,9,44
38,7,41
37,9,43
55,5,49
44,6,28
56,8,38
59,3,46
43,9,57
56,4,48
28,12,49
33,6,29
44,4,17
61,1,47
8,14,42
33,8,38
43,5,60
12,15,44
20,10,28
55,8,42
53,10,34
51,10,38
17,14,38
52,9,40
61,8,33
52,10,31
26,8,24
20,12,36
59,7,33
44,5,18
63,7,37
56,10,37
24,15,60
38,9,63
4,12,33
44,9,51
19,16,48
49,9,54
36,9,49
37,9,62
40,9,51
61,8,38
35,9,43
63,9,28
46,7,25
17,16,49
43,8,58
5,10,25
3,9,22
13,20,63
41,10,59
61,8,31
4,14,42
59,8,39
59,12,27
33,3,19
63,10,32
40,7,35
63,8,27
51,8,48
51,8,22
49,7,58
59,4,45
30,12,53
18,18,62
3,12,34
38,8,63
12,12,27
61,10,29
9,14,37
11,15,43
54,9,44
39,4,24
45,6,22
53,9,26
33,14,59
29,11,44
19,11,31
32,11,62
4,7,17
61,5,39
36,6,33
5,13,38
2,16,48
25,12,45
58,9,32
40,8,63
18,16,52
28,10,40
25,8,22
53,6,50
61,8,37
48,9,36
29,13,53
26,8,28
51,3,60
45,8,38
9,17,53
54,8,44
61,13,22
16,11,28
39,8,61
34,3,20
38,5,31
55,6,49
59,9,31
53,9,30
53,6,54
57,3,50
54,8,42
61,12,19
12,18,56
42,4,17
29,10,63
57,1,62
28,15,58
27,10,35
8,15,46
36,8,39
39,3,21
17,16,63
34,11,59
38,10,53
21,15,48
16,18,58
60,10,25
49,8,25
9,15,43
61,0,52
36,11,54
59,11,20
12,12,30
57,6,42
45,9,44
26,15,63
10,19,56
54,4,59
56,7,45
19,8,18
63,14,22
40,5,31
61,10,23
37,8,42
57,5,42
17,12,33
5,12,34
47,7,18
18,13,37
51,7,57
58,9,31
35,10,61
52,9,26
39,2,22
29,12,50
33,13,59
51,7,18
30,13,57
27,13,55
42,5,59
13,11,23
23,10,31
13,18,58
49,9,43
60,2,56
38,10,61
51,2,60
62,9,25
4,19,59
58,2,60
53,3,60
5,13,37
36,5,26
53,8,51
36,9,42
58,4,42
18,12,32
49,9,47
31,4,18
58,11,22
49,10,44
26,9,32
31,11,51
63,0,47
8,9,17
62,11,27
44,11,54
57,2,60
52,8,55
63,2,41
49,4,61
50,7,19
63,6,33
42,8,42
53,9,22
60,1,56
49,3,61
29,7,28
14,16,43
9,15,44
30,12,61
25,7,20
56,11,24
41,5,25
2,19,58
35,9,60
62,9,27
44,4,63
32,8,38
47,7,25
40,7,57
50,6,58
28,12,52
8,17,51
51,4,59
16,14,38
54,10,23
21,13,39
15,15,39
6,14,40
16,10,20
19,10,29
63,0,51
12,11,21
38,7,39
2,9,27
48,8,57
33,11,49
33,12,58
61,6,42
33,12,52
51,9,31
44,3,61
26,10,36
26,16,63
44,6,21
43,8,38
35,7,30
48,9,34
22,14,51
1,14,40
50,9,26
23,15,58
26,14,56
46,10,55
50,9,54
22,7,20
16,16,45
43,10,53
48,8,56
21,8,21
63,5,38
20,16,60
22,15,52
45,9,45
50,9,33
2,15,47
45,2,62
52,8,21
5,19,62
55,9,38
27,14,56
25,11,35
60,11,24
49,9,49
55,5,53
9,17,51
39,8,42
50,9,37
5,16,47
11,14,38
33,7,26
49,8,27
8,12,31
58,11,30
28,6,24
24,14,61
21,12,38
42,8,44
24,12,63
61,10,28
50,7,17
46,5,20
25,14,58
51,5,58
6,16,46
53,9,33
46,4,61
20,13,39
47,9,50
58,11,17
60,12,18
24,13,61
34,10,58
25,10,32
58,4,44
47,7,21
62,7,28
63,12,22
39,7,60
29,10,40
17,11,30
47,7,60
44,6,31
1,8,21
63,9,33
50,3,59
58,3,46
1,10,29
43,7,55
32,11,47
14,16,47
39,5,32
63,1,46
58,3,56
2,9,24
60,11,25
60,2,50
62,8,28
33,4,20
3,19,60
37,5,26
55,10,27
53,10,37
16,12,31
40,8,42
29,11,45
56,4,49
11,11,26
18,10,26
15,14,35
46,10,41
23,7,20
14,14,37
51,8,18
37,10,49
44,7,35
0,18,60
8,16,48
57,11,23
22,13,63
20,15,49
54,6,53
61,4,44
41,7,59
18,15,46
62,4,41
25,14,59
29,13,54
19,16,47
26,11,62
11,11,28
16,17,49
31,12,59
33,9,43
43,5,62
4,11,30
22,14,48
18,17,58
11,13,32
57,10,18
23,12,42
32,10,60
44,6,30
4,16,50
29,10,39
37,11,56
10,10,17
60,0,62
8,18,54
43,8,57
4,19,61
22,7,19
13,13,32
59,11,25
63,2,43
18,11,27
9,13,37
49,9,42
33,8,63
33,6,28
31,12,52
52,9,23
60,1,54
14,12,31
43,7,61
58,2,59
43,8,59
5,19,58
58,7,45
61,8,36
52,8,20
62,0,59
33,6,26
37,9,56
7,13,35
52,9,37
54,9,20
41,9,58
55,10,20
33,5,25
59,7,36
33,4,21
26,8,27
42,5,61
9,16,46
48,2,63
42,9,48
48,9,52
41,7,63
40,3,17
7,11,31
21,8,25
59,6,35
40,10,55
38,4,26
18,14,41
28,9,34
41,6,32
56,2,62
60,12,19
59,12,29
57,3,51
40,8,55
17,17,53
19,12,32
45,7,28
30,12,49
38,4,25
51,8,24
41,7,39
38,5,30
3,14,42
41,9,46
28,12,59
60,3,42
40,7,62
20,9,22
39,3,17
50,9,25
9,15,45
53,7,50
30,8,27
24,16,60
35,11,51
39,11,58
2,19,57
13,14,35
11,11,27
49,1,61
52,1,62
20,11,30
45,8,57
62,7,33
19,16,54
52,8,25
13,10,19
6,12,33
47,8,30
43,6,27
39,6,61
58,4,45
60,1,52
61,8,35
38,8,40
48,3,59
31,11,62
56,4,50
36,7,63
23,9,27
20,11,33
41,9,59
16,11,22
61,7,37
59,8,32
28,15,59
33,11,55
47,6,23
36,6,32
61,12,17
27,12,45
3,9,18
7,10,27
59,5,40
21,13,43
29,5,19
46,8,33
23,15,55
43,10,57
24,8,25
1,18,58
37,8,63
46,3,63
29,12,48
37,10,63
61,0,62
62,12,19
32,13,58
22,12,35
35,11,55
58,7,43
60,7,42
62,10,24
29,8,29
36,11,58
53,4,59
63,8,35
0,14,42
0,13,38
31,9,62
6,9,19
26,12,43
27,14,57
33,8,31
63,0,55
58,13,21
57,4,57
53,10,27
46,8,52
63,5,39
52,9,20
22,10,27
29,12,49
61,9,34
8,9,21
38,7,63
63,1,42
15,17,52
32,11,57
40,6,59
37,5,31
32,13,59
6,18,56
38,9,55
53,9,52
38,8,46
63,3,45
53,7,54
61,1,50
9,13,34
22,13,44
62,1,43
59,3,58
42,6,32
25,12,39
36,9,58
7,12,35
55,10,33
61,5,34
33,7,25
56,9,37
47,8,27
28,15,56
42,5,22
59,10,34
40,4,62
37,6,63
13,11,19
57,4,59
17,17,58
51,9,49
59,7,44
59,12,28
22,14,44
57,7,35
39,6,38
16,15,41
0,18,63
33,10,44
56,10,21
46,8,40
10,11,28
42,7,38
40,3,19
54,11,19
7,14,38
23,14,50
57,11,29
40,5,28
60,12,27
40,9,59
58,4,58
18,15,43
38,10,62
8,16,49
61,1,58
4,13,40
38,11,56
43,5,28
1,16,49
3,16,50
36,10,55
9,10,22
30,11,50
14,19,59
39,8,44
45,9,49
15,15,38
18,11,29
43,7,39
19,16,62
34,13,57
47,4,58
63,10,27
46,7,54
24,14,55
51,7,52
43,3,62
14,12,28
19,16,59
58,11,26
40,4,25
52,9,21
35,9,44
31,11,50
54,10,31
16,14,39
11,19,57
20,16,52
53,7,52
7,16,47
25,16,62
44,5,20
9,16,47
61,6,35
28,10,63
14,19,62
35,10,57
22,8,23
12,13,32
56,8,39
50,8,27
22,16,59
51,3,61
14,9,17
15,11,21
57,3,61
59,3,60
43,6,56
55,8,53
32,7,32
14,16,46
26,12,61
4,11,33
58,11,18
41,6,31
42,8,55
8,10,24
25,11,34
6,8,17
46,6,19
32,8,39
41,4,23
28,14,62
56,5,51
34,4,23
41,9,49
0,16,48
56,5,50
0,18,56
49,9,37
44,6,62
31,8,29
52,8,42
37,1,18
8,19,58
59,8,31
46,9,42
1,18,60
39,9,48
20,16,61
52,1,61
7,12,32
16,15,44
61,8,32
58,6,38
56,11,25
23,13,48
57,2,58
59,2,57
63,5,44
32,9,42
52,8,46
31,11,60
37,2,18
19,11,32
57,4,54
47,10,48
62,0,57
49,6,55
2,17,53
61,7,41
54,9,23
5,14,40
10,11,26
42,4,21
44,6,61
4,12,35
41,10,52
37,4,23
58,2,56
29,11,48
23,11,34
22,13,46
26,11,43
33,13,61
21,10,28
15,16,48
46,9,52
18,10,21
45,7,57
43,9,43
51,9,38
46,3,60
61,1,48
47,1,63
61,10,25
37,11,60
56,10,30
36,3,18
30,14,62
51,8,20
48,9,33
2,18,61
32,10,43
14,17,53
1,9,25
29,13,61
32,14,59
48,7,59
24,15,51
63,15,17
52,10,42
25,11,33
33,7,28
15,13,36
2,11,31
40,9,43
30,10,60
39,6,35
57,8,33
25,13,52
53,9,25
47,10,51
27,11,63
54,6,52
0,8,23
50,8,22
38,8,57
15,17,50
30,11,42
60,12,21
15,9,17
40,2,18
22,14,45
3,12,37
42,5,29
62,12,24
37,8,38
36,10,48
20,16,59
2,7,17
5,17,51
37,10,61
58,11,19
16,17,55
63,4,41
45,6,55
42,6,31
3,14,43
35,8,60
62,0,55
38,10,60
56,8,40
30,14,59
33,13,57
36,5,30
26,15,62
56,4,46
22,15,62
23,7,23
61,8,30
61,8,28
36,4,21
61,5,43
2,10,28
38,3,22
15,15,40
27,14,54
48,4,61
58,4,57
28,12,47
44,8,54
26,6,22
56,4,51
62,4,36
14,18,59
11,18,57
62,1,63
7,12,31
29,11,41
60,1,47
58,1,61
39,10,56
20,16,62
59,10,28
54,7,45
34,10,61
40,6,37
62,9,29
56,10,33
7,12,28
45,7,55
46,7,31
32,7,30
12,10,18
24,9,29
61,9,31
2,10,29
60,9,36
18,13,35
0,10,30
14,18,58
10,20,63
58,4,46
52,8,19
57,8,43
22,9,25
34,11,51
4,19,60
52,8,17
49,2,62
8,18,57
20,17,56
11,12,28
28,10,39
16,13,36
60,2,53
19,18,62
1,6,19
9,10,17
41,6,28
52,9,43
55,4,58
1,15,47
39,5,31
41,6,57
24,14,60
21,10,29
58,6,44
39,5,34
37,11,59
15,18,60
16,17,56
14,18,54
61,11,26
52,10,29
15,15,42
8,19,60
9,13,30
63,3,43
47,8,34
3,12,38
33,7,63
22,11,35
47,9,43
0,9,29
2,8,21
46,11,55
48,7,18
42,7,40
13,11,21
11,12,29
43,7,37
55,11,23
40,6,32
60,11,18
54,4,56
57,11,22
18,9,20
12,12,29
22,15,60
47,5,62
4,14,40
60,11,26
63,0,49
40,2,17
38,9,56
56,7,40
15,18,61
34,9,40
46,10,54
57,4,44
35,10,52
24,12,40
40,4,24
63,13,20
54,0,63
55,5,56
18,16,50
10,13,37
6,19,59
31,13,58
6,15,43
5,11,28
49,10,50
39,9,45
31,12,57
10,16,49
19,16,52
41,10,55
59,0,62
38,5,63
62,3,43
59,6,41
46,7,23
48,10,55
53,8,45
63,4,36
40,5,60
38,12,55
51,5,55
54,10,17
45,12,52
51,10,40
60,6,43
35,3,18
54,7,46
40,9,53
61,4,38
33,11,51
41,8,62
22,7,23
62,12,17
2,19,63
53,10,29
23,7,19
37,3,24
19,11,30
29,6,22
61,0,54
15,11,25
33,11,54
18,17,62
53,10,36
45,9,42
36,10,62
23,17,59
42,7,60
62,0,51
26,9,28
36,8,62
37,10,54
61,0,55
46,6,61
41,4,27
14,12,27
0,9,31
10,14,41
47,6,21
53,9,20
1,11,33
30,8,30
36,9,48
60,0,63
8,10,26
25,15,62
55,10,43
43,8,43
6,8,19
1,17,54
63,1,43
57,4,51
50,9,44
62,3,45
42,4,63
23,7,18
4,16,48
36,4,26
60,1,50
27,6,22
37,7,38
1,9,28
12,16,45
39,9,49
1,14,44
37,6,35
48,8,55
52,9,41
40,3,20
9,19,59
46,8,54
28,7,23
60,7,36
52,9,39
59,4,43
45,7,33
62,0,47
59,9,28
56,1,62
33,11,47
47,9,38
63,3,38
54,9,38
30,13,58
10,10,24
44,9,53
3,11,33
23,16,61
50,5,61
58,3,45
40,8,46
23,8,23
17,16,45
33,8,33
36,2,17
24,15,57
62,3,40
6,15,45
38,9,57
6,16,49
28,8,31
17,17,52
11,12,31
27,6,20
41,7,62
38,6,33
44,6,60
30,13,61
23,10,32
26,14,57
51,8,23
26,12,42
36,9,44
21,9,27
54,7,54
27,12,61
32,11,51
52,7,53
6,18,55
33,10,59
5,10,26
49,10,51
63,0,59
16,13,35
59,3,43
49,9,38
63,0,62
13,18,56
50,6,55
34,11,49
14,13,32
9,17,50
41,8,41
8,20,60
35,10,45
24,7,20
42,7,39
40,5,61
48,8,18
58,5,42
36,11,61
25,13,44
8,13,35
18,17,60
42,10,54
2,17,54
56,11,28
43,9,56
59,11,17
44,6,26
59,7,37
42,8,54
58,3,57
36,8,38
27,13,51
63,9,30
48,7,29
32,11,63
33,8,40
4,10,30
52,8,50
16,17,61
22,16,61
55,7,45
29,14,56
60,4,38
29,15,59
60,9,29
39,7,39
4,9,25
47,4,63
25,12,61
39,4,63
27,11,37
4,10,29
57,10,21
47,8,53
49,9,53
2,10,30
57,9,43
29,15,62
62,1,48
18,12,35
63,12,17
21,16,56
63,1,54
5,9,18
26,10,33
34,10,59
28,10,42
50,7,54
40,4,27
63,3,37
62,8,30
47,5,61
39,3,23
1,7,19
25,6,20
32,8,37
41,11,56
7,13,36
32,11,49
48,8,34
49,7,18
14,11,23
34,8,34
57,9,37
63,1,50
12,11,22
20,9,23
52,8,49
49,8,55
60,11,20
41,9,56
5,10,24
2,15,44
42,4,24
57,5,45
54,6,47
52,8,23
32,6,23
25,12,63
49,7,17
7,10,23
14,14,36
51,9,24
17,15,46
30,7,25
55,3,57
36,2,18
5,15,44
56,5,49
32,12,54
53,5,56
19,13,37
36,10,50
37,5,63
26,13,61
12,13,34
24,14,51
42,8,59
55,5,50
46,9,58
0,18,62
59,2,51
17,18,60
25,7,23
32,12,50
50,8,51
53,10,45
40,4,26
19,17,52
53,9,19
7,19,58
3,11,35
19,12,31
32,12,49
27,8,25
28,6,21
38,5,32
56,4,58
14,15,44
30,8,33
21,8,17
18,11,28
63,5,34
25,14,61
1,14,41
1,19,61
9,10,25
8,13,38
27,9,34
54,8,54
42,11,53
57,3,49
52,9,46
16,11,30
31,4,17
4,18,58
60,1,62
18,17,55
51,9,52
34,7,28
21,9,25
2,12,38
20,17,54
6,19,61
21,15,52
38,11,59
51,0,62
46,8,53
59,7,34
61,0,58
2,18,56
7,12,29
37,8,60
59,7,35
27,12,47
51,9,36
38,6,36
39,9,60
40,7,58
28,11,38
54,9,19
54,10,33
0,15,45
10,10,21
39,5,63
38,7,60
42,9,53
59,2,48
25,12,40
4,9,20
41,7,58
0,7,20
48,8,28
53,7,45
60,3,46
49,8,24
47,6,24
44,7,58
52,5,57
43,7,36
29,5,20
35,10,51
40,3,21
63,4,39
6,10,23
8,10,19
47,8,32
41,9,48
13,17,49
59,6,38
15,17,54
7,20,63
28,10,34
47,9,45
5,19,63
44,9,47
34,11,53
36,10,58
51,9,51
58,5,44
3,9,28
32,9,39
34,13,58
58,2,61
45,7,54
43,4,18
62,13,22
21,9,24
59,2,56
53,2,60
19,13,36
34,12,57
42,3,62
50,8,25
24,13,62
31,8,28
7,14,42
61,6,33
52,6,54
8,10,23
0,17,51
6,19,56
2,17,52
46,6,25
14,19,60
9,9,18
50,8,57
23,15,61
56,11,39
55,6,54
51,9,54
60,6,37
34,5,27
62,8,34
49,8,23
55,9,41
55,2,58
60,7,37
48,7,55
10,12,28
23,15,51
50,7,22
45,4,61
19,17,54
44,10,56
42,4,19
59,3,51
50,7,21
42,7,55
19,17,62
46,2,61
47,5,63
6,15,46
52,9,36
43,6,57
37,7,36
25,10,31
57,3,56
44,7,56
10,13,32
51,9,32
24,6,18
2,12,37
3,14,44
7,15,43
61,1,57
48,6,56
10,20,62
40,3,18
24,13,45
1,17,53
60,0,60
57,9,42
47,7,24
3,17,53
10,10,18
62,0,52
21,11,31
61,5,40
62,12,25
36,10,51
50,8,31
13,11,24
40,10,53
61,6,37
56,7,37
56,10,19
7,18,56
20,8,22
19,9,25
62,0,60
59,6,39
54,6,55
51,7,53
53,7,47
56,5,45
18,15,44
50,9,34
44,8,44
56,9,39
48,6,61
42,10,50
13,10,20
25,10,30
51,8,57
49,7,54
43,10,55
17,13,36
51,9,26
32,6,28
50,5,56
27,12,51
45,11,53
20,9,25
2,9,26
8,11,28
3,11,30
51,4,58
15,13,34
50,9,30
42,9,49
34,6,24
57,11,25
56,7,39
35,3,21
23,11,35
32,5,21
10,11,27
42,10,56
20,15,63
42,10,57
34,11,47
44,6,63
30,5,19
38,10,54
3,10,27
41,9,47
14,12,29
2,15,46
40,9,54
47,7,32
44,8,58
19,15,44
47,5,58
12,17,53
37,10,59
34,6,25
31,11,58
55,4,62
53,8,46
25,9,31
35,7,33
46,5,17
40,4,23
51,8,54
21,16,52
18,17,54
55,9,36
10,11,29
7,11,25
45,7,29
22,11,33
22,13,40
62,9,33
9,13,31
54,3,58
4,15,45
36,11,55
47,5,59
22,11,34
13,19,60
23,9,29
24,15,56
62,7,38
23,15,53
51,9,34
63,3,41
31,9,39
16,17,48
44,8,39
62,0,49
20,14,63
43,9,44
17,9,19
59,8,34
26,13,60
25,8,27
54,7,48
28,13,62
63,0,46
22,14,46
27,8,30
54,9,43
62,11,25
39,3,22
50,9,45
57,10,30
1,18,55
61,4,42
56,3,56
51,9,42
22,12,39
30,14,60
17,10,26
27,14,58
54,7,55
16,13,32
46,9,47
37,10,62
5,14,41
43,5,20
54,3,59
33,10,49
1,10,32
49,2,60
55,10,22
14,18,60
47,8,18
30,6,22
36,4,20
18,17,61
16,9,19
53,6,46
14,17,51
42,8,57
44,7,37
52,8,18
55,7,39
40,6,38
44,7,60
29,5,22
51,10,43
32,11,58
6,10,25
60,12,28
11,13,35
58,11,25
40,10,57
39,10,51
62,4,37
63,7,29
56,9,44
1,18,63
55,7,53
34,6,31
50,9,29
7,12,30
47,6,61
11,13,31
52,4,57
55,5,55
32,7,28
61,11,24
54,6,45
41,4,20
48,9,43
58,10,30
28,13,54
31,12,58
43,6,59
60,8,37
1,14,42
2,11,35
6,19,62
57,0,62
0,12,38
29,9,37
23,12,35
37,10,50
57,8,37
40,7,63
31,12,56
51,4,60
40,9,45
60,8,33
5,9,23
25,13,60
33,7,33
45,8,36
41,8,44
3,9,17
38,8,45
43,4,63
11,17,53
11,11,22
7,14,39
29,9,33
39,3,25
50,8,21
57,2,62
57,2,59
63,6,40
53,9,27
9,12,30
21,8,23
53,3,58
0,18,55
63,7,38
34,5,22
31,9,42
0,16,49
10,16,47
26,7,22
20,16,51
0,9,26
27,13,49
24,6,19
13,15,40
44,5,61
62,1,47
56,2,60
49,9,41
21,10,26
34,10,46
62,0,56
58,7,35
62,1,45
54,7,53
4,18,53
5,19,57
17,17,49
51,9,53
58,0,63
44,10,50
27,6,23
2,14,39
22,15,48
46,9,39
32,11,54
57,8,36
62,4,40
50,9,49
17,17,62
63,1,45
47,8,37
41,7,41
52,10,43
1,15,44
47,7,59
31,11,61
10,13,35
53,8,18
43,8,42
58,2,57
48,9,41
0,18,54
6,12,32
35,8,62
29,11,40
56,4,55
49,8,33
32,12,58
6,19,55
36,6,30
30,10,61
9,9,17
46,8,35
26,6,19
36,10,54
61,0,56
5,19,60
58,11,23
1,13,40
47,9,36
16,17,51
21,15,51
31,11,53
39,9,58
14,16,44
15,17,51
8,9,19
45,10,40
37,9,49
62,1,60
55,11,27
51,9,37
17,15,45
63,1,47
35,7,61
37,8,40
6,13,36
53,4,58
55,5,48
27,11,40
38,8,39
18,17,53
63,12,24
62,11,22
7,10,26
7,9,17
14,11,26
60,4,40
51,10,51
28,14,55
13,12,29
58,8,36
34,11,58
32,10,59
51,1,63
21,11,33
26,15,60
17,18,56
63,0,50
37,12,57
59,10,27
53,7,43
5,12,30
4,12,34
25,13,46
38,7,59
58,3,55
30,5,21
27,12,48
35,4,19
31,8,33
36,9,62
30,7,26
37,7,37
63,12,21
0,14,41
5,12,31
36,11,62
41,8,43
28,14,58
55,9,43
25,6,22
0,17,52
35,11,49
52,7,49
62,4,42
63,0,54
3,18,57
1,10,33
31,4,20
45,7,35
54,10,30
39,4,25
5,10,27
43,8,40
59,4,40
30,5,20
23,10,33
55,10,17
45,9,56
52,10,38
46,10,40
42,7,56
28,11,45
12,16,46
3,18,54
17,16,46
22,7,18
63,5,43
51,8,50
56,8,35
46,6,18
26,11,42
44,7,61
33,11,52
29,12,58
59,2,52
34,12,62
8,11,26
53,8,43
52,9,33
54,10,36
56,7,56
26,11,40
51,9,40
18,15,48
8,20,62
59,13,21
3,12,35
8,18,55
2,8,18
61,9,29
38,7,61
60,6,36
52,10,30
21,14,44
9,19,61
39,8,45
56,3,60
31,10,46
51,5,62
61,1,61
19,17,61
39,9,43
54,5,53
25,12,62
48,8,59
9,18,56
51,5,59
48,7,19
23,10,28
27,10,33
29,10,42
26,13,62
1,9,26
5,12,37
10,10,20
2,14,43
13,15,39
63,3,46
46,9,48
26,13,59
20,16,53
54,9,35
51,9,46
57,7,42
19,15,46
50,9,43
9,10,24
16,17,53
28,12,53
61,0,57
12,14,36
48,9,18
24,9,30
33,8,35
22,15,51
55,7,40
27,11,61
50,8,26
31,5,22
21,14,41
60,8,35
34,7,34
40,7,39
36,8,61
48,7,25
41,7,36
41,5,27
20,15,48
12,11,24
13,15,44
38,4,29
39,9,61
44,5,21
3,10,31
38,10,50
46,6,27
15,14,36
52,2,61
54,10,21
38,3,25
36,7,35
48,7,30
7,15,46
29,13,56
36,10,61
58,0,61
50,5,57
19,14,37
3,15,45
7,10,22
61,7,31
12,19,63
51,8,44
55,8,39
48,10,53
26,12,47
42,9,50
30,10,44
1,16,46
62,6,37
23,11,36
38,8,41
51,4,57
7,10,24
15,17,55
22,10,32
0,8,28
57,8,38
13,18,54
57,3,53
28,12,46
27,11,44
53,10,32
21,14,42
7,15,42
36,6,29
46,8,28
20,10,25
26,8,22
59,2,47
63,1,62
24,15,53
47,7,26
61,4,41
9,16,48
17,8,17
2,11,34
59,4,42
56,5,54
6,17,53
61,1,52
28,11,40
9,16,45
21,13,38
62,9,31
52,8,44
12,18,52
53,5,55
59,11,28
11,12,27
37,10,56
0,13,40
40,8,56
35,7,37
58,4,43
34,7,32
43,9,48
42,9,51
26,14,53
43,4,19
44,5,58
35,4,24
56,9,38
35,10,47
62,10,30
33,10,46
34,11,61
3,7,18
62,1,55
20,8,23
41,4,62
56,5,52
47,9,39
46,9,59
62,6,34
61,9,33
42,6,33
50,9,28
37,8,39
30,12,51
63,3,44
35,7,62
30,10,37
48,9,42
33,11,62
63,11,21
28,4,17
30,12,55
43,7,33
48,5,58
6,13,35
61,6,38
53,0,62
22,16,54
31,12,61
34,9,61
7,19,60
4,19,58
32,3,18
20,8,17
11,16,48
55,9,17
60,6,34
43,11,56
50,7,58
5,8,20
42,7,63
32,10,61
1,6,18
3,8,19
27,7,22
60,2,55
4,8,23
28,5,21
9,18,54
55,9,33
14,14,35
26,14,63
19,16,50
33,7,31
33,9,62
38,3,23
16,10,18
29,11,43
54,0,61
35,5,23
38,9,48
53,9,21
56,10,17
49,7,27
27,11,35
20,15,46
37,6,62
46,7,33
39,7,62
19,15,43
2,17,55
43,7,34
17,16,48
9,19,60
57,10,31
2,8,22
25,15,61
15,13,33
53,9,29
18,12,34
19,13,38
47,8,56
49,9,56
37,5,29
48,10,41
8,9,20
11,17,52
38,9,45
38,9,58
45,7,36
41,8,56
42,8,46
17,17,61
63,14,21
5,10,28
39,3,19
0,18,59
51,6,54
62,0,48
35,3,17
39,7,59
46,9,53
10,11,23
24,13,63
10,18,55
28,8,27
43,4,21
28,12,60
53,2,63
27,11,43
7,14,43
18,17,56
46,11,53
55,5,51
5,13,39
45,9,43
20,15,51
43,9,46
44,5,25
19,8,20
61,11,22
57,0,61
37,8,62
17,9,18
60,8,30
41,7,56
53,1,63
39,9,62
19,15,48
3,12,36
46,9,46
60,2,45
11,16,42
40,8,44
11,15,41
39,9,59
37,8,59
57,4,47
3,15,44
57,10,19
62,7,32
37,7,62
43,8,53
60,1,60
33,4,22
39,11,59
61,1,63
40,7,38
24,13,44
59,3,47
56,9,43
36,10,47
21,10,30
59,4,41
53,10,28
0,13,42
35,4,21
6,15,47
56,7,43
44,5,57
47,7,29
21,16,55
48,5,61
26,11,36
20,16,50
63,10,28
30,10,40
22,15,63
17,15,44
13,12,27
58,10,37
50,8,19
61,12,21
27,9,29
57,6,44
61,9,35
0,8,26
58,8,37
47,8,33
33,12,62
45,6,56
15,18,63
51,8,28
5,15,45
47,10,55
34,8,62
54,11,20
58,2,53
3,10,29
32,7,29
30,4,20
45,11,52
39,7,61
46,5,19
60,3,43
30,12,52
16,16,51
17,18,59
58,7,36
4,17,52
30,6,25
29,10,44
17,15,41
33,8,41
48,11,52
59,5,44
20,13,41
31,12,54
36,10,57
10,18,57
33,9,39
45,8,60
57,12,31
49,7,20
39,9,55
41,8,57
63,11,27
61,12,24
63,8,31
17,16,50
49,8,21
30,9,62
26,9,31
45,4,59
45,4,62
52,0,63
32,9,35
29,6,24
61,0,53
36,5,27
62,8,32
38,9,46
50,9,38
28,5,17
53,8,19
61,4,40
62,5,34
6,14,42
25,11,37
18,14,39
59,2,54
28,11,44
15,12,32
29,11,63
20,16,54
51,8,29
46,7,21
2,8,20
47,9,40
29,13,62
8,13,32
43,3,61
19,14,43
17,10,24
11,16,46
6,16,47
41,4,61
36,9,47
0,6,19
16,18,61
48,4,63
27,12,60
23,12,40
17,17,51
16,17,50
45,9,59
12,17,51
60,5,39
51,8,25
59,8,35
18,15,47
46,8,60
41,9,43
12,13,35
32,9,63
19,17,55
40,6,35
61,11,27
63,5,37
62,10,28
62,1,62
63,2,45
37,7,60
57,4,49
20,15,43
45,8,54
58,10,34
25,9,27
34,10,47
50,9,39
35,11,56
39,12,55
20,14,41
17,15,43
27,9,30
39,6,37
3,13,39
45,7,31
44,7,30
48,7,56
14,15,43
56,6,55
5,18,56
29,13,59
36,9,46
49,1,63
39,2,19
33,10,48
25,11,40
41,6,60
54,8,41
19,16,49
44,7,55
32,10,62
41,9,61
40,10,49
57,10,39
55,10,40
32,11,53
63,8,32
53,8,42
57,10,26
45,5,17
24,16,57
11,11,25
40,10,56
57,6,43
35,6,28
22,13,45
47,8,55
61,4,39
4,9,23
56,11,31
26,12,40
63,5,40
28,11,41
19,15,63
22,15,54
23,6,17
7,15,44
39,2,18
44,6,24
49,10,48
33,9,60
16,10,25
43,5,22
18,9,17
15,13,35
34,8,63
52,7,46
45,11,51
29,11,61
57,9,34
46,7,27
49,7,23
26,11,38
2,13,38
63,1,60
46,6,58
46,9,43
3,7,17
24,10,33
42,9,52
55,8,37
18,9,19
22,15,61
45,10,46
44,4,59
61,9,27
45,6,30
16,16,43
57,10,37
59,7,45
63,6,39
26,12,38
44,9,55
39,6,36
54,9,29
43,4,59
63,0,45
57,9,35
42,7,31
36,13,57
7,20,62
0,12,35
61,12,27
59,3,54
1,14,43
56,10,18
3,14,39
60,7,34
25,6,21
32,10,44
42,9,59
60,13,26
63,13,18
38,10,56
9,10,21
63,11,22
56,9,34
8,10,17
28,4,18
23,13,43
27,10,36
26,5,17
17,11,28
7,10,21
52,9,32
50,2,61
51,10,39
58,6,43
20,10,30
8,15,42
34,8,41
58,9,34
9,15,46
52,6,55
48,8,32
45,5,62
25,14,62
18,8,18
63,6,35
11,20,63
13,16,46
59,4,44
0,7,24
63,2,60
45,6,20
56,7,44
55,6,51
34,9,43
22,16,58
24,15,63
30,12,59
41,3,20
12,14,40
32,14,58
36,3,21
31,5,20
24,16,61
31,10,45
12,13,33
40,6,33
23,14,49
60,2,61
12,10,21
60,6,38
28,14,57
33,11,56
54,1,63
13,18,53
33,10,62
58,3,53
18,10,22
33,12,60
43,9,50
30,13,55
17,11,29
1,12,37
56,10,32
25,7,21
57,1,59
20,15,47
30,12,62
3,11,31
45,5,59
45,8,55
48,2,60
63,0,58
48,6,57
29,14,61
42,6,30
43,4,62
58,3,59
56,1,60
40,11,56
41,6,59
42,6,60
25,11,39
58,12,29
48,9,44
48,7,57
27,5,21
43,7,30
31,7,28
49,4,58
15,12,30
46,4,62
57,3,48
53,3,57
51,10,29
48,10,43
62,7,34
29,10,62
34,11,60
14,16,49
25,12,42
49,9,33
62,3,46
26,13,49
26,14,60
58,1,59
50,9,40
17,17,55
13,19,59
30,7,27
50,7,55
19,16,53
46,7,24
51,9,43
9,14,39
5,14,44
62,0,50
31,13,56
43,11,53
11,18,54
33,12,59
23,12,37
54,9,17
25,13,47
27,7,23
52,9,25
19,17,60
46,5,59
46,10,53
46,11,54
46,8,55
25,9,28
22,12,38
8,19,62
2,16,49
45,1,63
3,11,32
47,6,17
61,0,59
10,14,38
38,11,54
55,5,59
58,11,20
1,19,62
39,5,33
59,11,19
17,13,37
54,8,40
41,6,33
31,8,31
62,2,45
53,4,56
6,8,18
49,6,17
13,11,27
61,4,37
40,11,54
61,11,21
31,10,37
63,1,55
3,15,47
53,9,36
46,5,62
47,9,53
25,13,63
9,20,61
2,7,20
50,9,47
26,5,20
52,10,35
46,9,54
21,8,19
60,9,32
12,12,28
33,10,51
42,9,43
37,4,22
62,4,35
18,12,30
60,7,39
52,9,51
63,2,42
4,19,62
26,7,21
16,14,37
3,13,38
25,6,18
48,8,30
20,14,45
1,9,29
12,20,63
25,14,53
39,8,62
61,2,42
41,10,58
4,10,25
20,15,50
14,10,18
33,8,39
45,10,45
57,5,43
14,18,52
35,6,31
45,5,18
35,7,38
55,0,61
50,9,42
26,11,35
28,14,56
39,9,44
32,6,26
50,7,56
38,6,37
42,6,57
59,6,42
38,9,60
59,1,59
28,13,56
47,8,35
61,6,41
53,9,17
8,12,34
34,7,33
49,10,42
5,12,32
40,8,57
24,11,37
16,11,23
54,10,34
40,5,62
18,16,49
59,8,33
24,10,29
60,1,48
38,10,59
29,14,59
47,4,59
39,6,34
10,17,51
41,6,63
36,7,62
34,11,55
27,11,62
30,10,38
46,5,58
51,4,61
49,3,60
16,15,43
42,4,23
23,13,47
57,10,23
62,14,17
38,5,62
12,15,43
54,7,51
50,8,33
55,2,61
58,12,22
60,8,38
45,8,34
5,11,27
26,10,31
10,11,21
47,6,22
33,10,47
59,2,50
37,12,54
34,7,31
62,6,33
39,9,50
41,4,26
56,10,25
62,2,46
24,14,50
41,5,30
41,10,57
34,12,61
58,7,41
63,4,40
47,5,60
55,5,47
58,1,60
52,10,39
61,3,44
32,9,40
34,9,62
2,11,33
5,13,40
50,6,56
39,5,30
17,10,23
59,2,59
19,14,38
42,4,61
1,13,38
38,3,26
29,8,28
23,15,59
45,8,40
4,18,54
35,10,49
62,1,46
34,3,18
2,14,44
55,10,32
61,7,30
30,10,63
27,12,59
55,4,55
56,4,61
0,18,58
35,11,52
34,4,21
30,9,39
46,3,61
4,14,43
11,15,42
49,7,24
7,9,22
50,8,54
54,8,45
2,8,24
41,4,19
41,5,61
22,15,59
55,6,48
62,3,41
62,14,18
62,7,31
12,14,37
31,11,46
49,8,30
41,11,55
42,10,55
41,9,55
48,9,57
35,7,32
43,4,20
18,17,57
23,14,47
50,8,23
31,9,37
45,10,47
20,16,58
0,14,44
2,12,36
11,19,62
33,7,29
23,12,38
55,10,38
29,11,39
48,10,54
50,0,62
56,6,45
51,8,45
24,7,19
5,19,55
35,9,42
46,9,51
35,11,48
11,12,32
22,14,61
51,9,39
36,9,45
40,9,47
37,3,20
20,15,62
22,10,29
35,9,58
36,7,33
28,12,63
37,3,21
7,11,30
25,13,45
20,17,55
38,8,44
42,9,46
46,7,55
1,11,35
27,10,34
32,11,60
7,19,63
6,9,23
30,13,59
54,1,60
39,4,28
35,11,58
58,3,51
42,8,40
60,10,28
23,12,41
46,6,24
22,8,22
49,7,53
27,11,45
21,14,63
46,10,50
63,6,37
30,13,62
35,12,56
42,4,18
4,18,56
25,10,35
5,16,48
46,8,29
46,8,38
48,3,61
51,9,35
35,12,55
63,8,34
55,4,59
31,14,60
44,8,40
60,7,38
58,7,42
27,9,31
9,19,63
22,14,50
36,6,27
32,14,60
25,11,42
49,1,62
56,11,38
46,7,22
22,17,60
25,10,34
29,9,63
2,6,17
62,10,29
29,14,55
7,11,29
12,14,35
32,12,59
22,8,20
38,1,18
8,13,36
17,14,37
16,10,24
21,16,59
55,9,18
57,0,63
42,5,27
61,3,40
0,15,47
13,14,39
6,18,53
48,2,62
55,7,42
56,4,53
60,8,28
45,7,34
53,0,61
60,1,63
26,12,46
54,2,60
59,7,38
37,9,63
2,19,60
41,10,54
50,9,48
20,14,47
17,12,32
24,11,34
11,10,20
60,9,31
3,9,27
25,14,55
16,16,47
33,9,41
59,2,55
2,18,54
42,6,59
43,9,54
18,9,24
10,12,27
21,15,60
49,8,28
60,11,21
28,12,48
51,8,26
49,6,58
19,10,27
44,8,42
62,14,23
41,6,30
1,12,36
10,15,45
37,9,47
34,10,49
24,14,58
39,10,59
3,19,61
16,10,22
50,4,60
43,5,25
26,12,49
48,6,17
22,14,41
47,2,61
55,8,44
26,13,58
55,10,24
57,7,36
9,10,20
8,13,37
60,0,59
43,11,54
29,12,52
31,9,35
44,7,62
58,9,43
45,7,61
22,15,50
46,8,56
45,5,21
56,11,19
43,9,58
4,15,46
53,5,54
57,3,55
61,10,27
1,13,39
15,18,57
15,19,61
16,10,21
18,11,31
0,6,18
8,19,57
56,5,44
42,3,18
1,11,34
3,8,18
49,10,47
62,13,21
63,11,23
63,6,38
39,8,63
51,6,56
55,4,57
60,2,60
28,10,43
43,9,42
63,9,25
22,12,36
37,9,58
53,10,35
48,10,50
63,11,25
22,13,38
47,7,61
48,10,47
30,8,28
39,10,55
21,16,54
36,8,63
55,6,47
3,11,34
60,5,37
19,16,60
59,11,26
35,8,40
63,9,26
19,8,17
48,9,45
57,3,54
55,7,41
26,11,39
41,6,36
59,8,30
25,11,36
61,4,36
60,11,22
60,6,41
38,8,58
36,6,31
54,10,24
46,6,21
34,12,59
6,14,43
18,10,25
35,3,19
14,18,55
61,8,27
0,7,21
26,14,54
42,7,34
59,5,45
36,8,40
29,11,47
51,10,44
4,10,28
21,14,62
30,8,29
63,7,34
10,10,22
27,15,60
13,11,20
26,6,20
37,4,26
11,18,53
32,9,43
35,7,39
62,6,35
55,5,54
53,5,58
50,9,46
6,9,24
42,10,53
27,14,59
63,9,31
46,4,60
10,19,63
1,17,55
16,13,33
6,10,28
62,8,27
54,9,41
4,17,51
45,9,55
10,19,60
44,9,48
18,10,23
49,9,36
55,0,63
61,1,55
12,10,20
54,9,37
42,5,24
28,13,52
19,15,49
18,13,38
56,11,30
12,14,38
29,7,24
12,16,49
42,9,60
31,8,34
16,12,30
41,4,22
29,13,55
30,15,59
2,14,42
63,9,29
2,18,60
58,6,45
30,12,50
25,14,60
25,15,56
57,10,24
41,7,60
7,12,34
22,9,26
25,13,49
2,14,41
58,6,39
47,8,58
26,14,61
32,13,60
37,10,52
20,16,57
28,10,38
63,5,35
25,12,38
48,8,36
53,10,31
61,4,43
22,15,57
10,13,34
5,13,36
38,8,42
53,7,48
12,16,48
43,4,17
5,17,52
45,9,46
59,3,59
47,9,46
9,14,38
34,7,30
34,12,56
39,7,63
14,14,39
37,12,56
56,0,62
47,8,36
55,10,29
60,4,42
0,9,28
54,2,61
30,6,26
49,4,60
3,8,22
31,10,44
34,9,42
43,7,58
28,12,61
56,4,47
62,13,18
46,7,58
53,2,62
25,13,61
39,6,60
45,3,63
28,11,60
14,12,32
62,4,46
12,19,62
32,5,24
21,7,19
8,14,37
43,10,56
25,11,38
0,15,44
31,7,26
56,3,62
50,8,29
7,15,45
39,3,26
61,7,34
38,4,27
2,16,47
10,15,44
54,10,28
12,10,19
55,11,25
27,13,59
35,11,54
44,5,19
26,13,53
61,0,60
47,7,56
22,14,42
27,5,18
16,17,62
47,10,50
33,9,63
3,14,41
46,7,26
25,14,56
61,5,36
37,5,25
41,5,29
30,10,41
30,4,19
26,10,37
34,7,36
30,8,32
45,5,20
29,14,62
48,9,55
0,15,46
13,10,17
40,7,37
44,5,63
2,8,23
28,7,25
26,5,18
27,13,53
56,9,32
31,6,27
33,11,63
40,6,36
30,9,35
27,5,17
31,6,24
5,15,43
13,18,52
55,10,42
44,7,59
50,9,27
13,10,18
59,1,62
60,11,17
11,10,17
39,10,54
31,4,19
50,8,45
59,9,37
48,6,59
44,7,57
55,5,52
21,9,28
24,11,33
7,11,26
33,11,58
34,3,19
48,8,24
28,13,57
61,5,38
38,7,58
15,9,18
36,6,36
21,16,53
62,8,26
60,5,40
45,6,17
59,6,37
46,6,55
34,8,39
48,8,53
35,10,59
0,7,22
61,9,25
35,12,60
21,8,20
42,9,58
57,5,46
24,13,60
39,10,48
25,15,63
14,14,38
48,6,55
58,6,41
37,9,48
62,12,23
56,8,42
47,8,57
53,9,38
45,8,53
60,5,43
58,3,62
59,6,36
19,14,40
41,9,52
56,4,57
61,7,32
57,10,22
59,2,61
62,10,25
59,6,44
15,16,45
48,9,54
32,12,53
47,8,28
14,19,63
1,18,56
56,10,38
43,7,59
40,8,61
25,7,22
42,4,22
15,18,56
11,16,45
32,6,24
10,19,57
40,9,50
54,6,54
18,9,21
23,13,45
3,7,19
41,6,62
7,18,52
46,8,58
34,6,29
44,8,56
35,10,58
6,11,27
41,8,60
4,16,49
42,6,62
24,7,21
62,12,26
39,7,40
28,7,26
23,8,25
43,6,62
9,12,31
60,6,42
4,11,34
42,6,61
54,3,57
46,9,50
39,9,56
60,9,28
60,11,28
22,8,21
17,16,47
56,7,41
48,8,23
32,11,59
31,11,48
29,10,36
25,8,25
46,10,52
14,13,35
43,6,29
34,8,35
49,9,50
24,14,62
57,3,47
22,8,25
31,12,55
36,10,45
61,11,25
54,9,24
45,6,58
63,1,49
63,11,28
57,3,63
49,8,57
30,12,48
42,4,60
45,10,52
28,15,55
6,9,21
21,12,37
29,14,58
41,5,23
24,13,46
41,6,34
33,11,61
4,10,26
12,11,27
1,7,21
57,9,33
12,11,26
33,3,18
23,14,51
61,1,56
14,18,63
53,8,40
59,11,30
43,8,39
53,3,59
37,7,39
17,17,48
48,8,19
16,18,57
22,15,56
61,12,20
51,4,62
51,9,50
46,5,63
32,7,31
22,7,17
51,5,56
40,9,61
43,7,35
62,2,42
21,14,43
63,13,23
22,11,31
10,14,39
20,11,32
60,8,29
38,12,56
63,2,61
33,9,61
56,9,40
61,9,28
49,0,63
23,7,21
51,8,53
56,10,23
25,16,63
5,8,19
61,11,28
51,6,55
62,7,35
16,15,40
29,8,32
2,13,41
21,13,40
51,8,49
13,15,41
52,4,60
43,9,51
7,18,55
22,13,43
62,4,43
59,9,30
42,6,28
40,6,60
23,16,58
20,8,20
19,14,45
52,7,48
1,16,50
15,18,59
54,8,38
12,18,57
61,5,35
59,1,58
53,9,23
23,12,36
45,9,48
43,9,47
29,13,63
61,5,44
42,6,34
38,3,21
38,2,17
16,11,25
36,10,49
63,7,36
28,6,23
25,14,63
53,8,44
61,9,32
60,6,33
8,11,25
10,11,24
20,7,17
53,1,62
37,9,45
46,7,62
3,15,46
50,4,58
33,10,63
62,0,61
16,16,48
10,18,53
43,5,23
54,9,45
32,10,48
31,11,52
29,5,21
27,6,21
46,5,57
58,8,41
59,11,23
6,16,48
63,1,63
26,11,37
51,1,62
44,7,34
30,9,41
5,18,58
31,7,27
10,12,32
2,8,19
38,7,40
44,5,24
61,3,42
0,16,50
20,16,55
17,18,61
56,5,46
52,9,24
24,15,59
57,9,38
28,8,26
63,12,19
47,8,38
62,5,36
63,14,17
20,12,35
4,18,57
57,4,58
38,2,18
56,10,24
60,9,27
52,3,62
40,4,29
36,3,20
27,11,38
40,7,60
42,8,56
1,15,46
9,20,63
20,17,58
29,9,32
40,3,22
35,7,29
54,1,61
29,4,18
44,8,53
49,7,56
60,5,36
34,6,26
29,10,61
52,8,54
21,13,44
22,11,32
24,15,62
11,20,62
37,3,25
14,11,20
52,8,56
1,17,52
45,7,59
14,17,50
20,13,38
56,7,42
48,2,61
63,0,60
41,5,63
54,7,43
63,6,32
16,18,60
46,10,45
9,15,41
42,8,45
42,6,63
2,18,55
2,13,39
47,10,41
2,9,23
20,10,29
43,8,45
62,11,26
33,12,61
11,11,24
50,8,28
30,11,43
38,3,24
5,9,19
19,8,19
53,9,18
57,10,20
57,9,39
34,4,20
12,10,17
36,2,19
45,7,62
21,8,18
54,4,58
26,6,21
55,10,23
51,3,62
55,10,19
10,16,48
46,9,57
17,12,34
13,12,30
52,9,27
19,12,35
31,14,59
24,14,52
10,16,45
35,7,36
38,1,17
53,9,40
61,12,26
17,10,22
9,10,19
31,12,51
53,10,44
51,3,59
6,17,52
21,14,47
57,9,32
42,11,55
2,18,57
11,16,49
23,15,60
38,7,37
31,13,59
45,4,63
62,5,39
28,11,39
50,9,32
0,10,33
26,14,52
34,10,57
63,13,17
44,9,46
58,3,52
8,14,41
31,13,62
51,9,33
48,11,51
30,13,56
62,9,26
10,14,40
38,11,57
13,16,47
4,17,53
51,2,61
22,14,63
26,13,54
46,9,56
7,8,17
28,13,55
35,13,57
40,10,60
63,7,32
52,7,45
47,8,54
41,12,55
15,11,29
11,16,44
60,5,42
45,10,50
7,10,19
26,15,59
21,15,47
34,5,23
59,11,21
29,11,46
40,8,59
4,18,55
39,8,43
24,11,35
12,14,39
19,14,39
53,9,28
38,10,51
12,16,44
22,9,28
60,2,46
53,10,33
27,8,28
31,12,50
52,8,22
57,2,61
19,13,39
24,16,59
53,6,55
61,1,51
35,10,60
21,11,32
2,18,58
18,16,47
32,4,19
49,7,57
41,7,34
21,15,63
45,6,29
23,14,46
59,3,44
22,14,49
40,7,41
46,7,57
46,9,44
56,10,27
8,14,38
5,12,35
10,19,58
50,8,24
53,8,52
19,15,45
14,11,21
34,8,37
60,5,41
53,2,61
32,5,22
3,18,53
15,19,60
4,9,26
33,8,34
36,6,34
25,6,19
47,3,63
61,1,46
32,8,63
45,9,52
56,8,37
52,10,37
23,8,24
19,16,61
48,6,19
44,7,31
54,7,44
30,9,42
31,11,44
57,11,19
35,12,59
20,13,40
49,8,32
20,9,20
61,11,23
37,12,58
38,10,57
59,7,39
24,16,62
58,11,29
36,1,17
35,6,63
40,8,62
16,18,63
37,10,51
36,8,43
45,6,18
62,9,34
54,10,19
63,4,37
27,5,19
10,13,31
59,2,60
19,9,19
56,11,29
41,7,38
7,14,41
50,7,18
7,16,49
32,8,36
45,8,41
35,11,57
7,13,37
61,1,53
45,5,61
28,14,59
26,5,19
50,8,52
13,11,26
31,12,62
59,3,61
6,11,28
30,4,18
39,10,60
27,11,41
31,14,58
53,2,59
34,12,58
25,16,61
18,15,41
18,16,61
40,2,19
33,7,34
3,16,48
26,12,44
16,11,24
5,17,53
3,17,50
46,8,59
56,5,48
34,11,56
1,7,17
27,10,63
40,6,34
44,10,52
53,7,46
48,8,58
62,3,42
24,12,45
23,8,21
27,9,32
49,10,49
4,19,63
28,13,53
33,5,22
6,19,63
38,12,58
62,2,44
36,7,32
49,10,52
56,10,20
15,12,28
46,6,60
19,17,53
47,9,42
15,10,20
55,10,30
28,10,41
48,9,39
55,9,42
3,10,28
12,18,53
6,19,60
21,15,61
23,12,44
53,10,30
63,2,44
9,10,18
59,11,22
39,7,38
61,1,59
24,8,24
12,19,61
59,10,37
44,9,49
32,9,41
48,7,17
30,15,58
9,11,25
9,11,29
62,10,31
39,2,20
17,12,28
49,8,52
56,8,43
37,10,53
39,4,29
30,11,60
30,13,60
35,10,50
6,13,38
40,3,24
56,5,57
53,5,57
38,6,63
56,8,45
62,7,39
19,13,35
12,18,55
51,7,54
63,10,22
43,7,57
58,3,58
1,16,51
34,11,57
31,6,25
40,7,42
39,8,60
21,7,17
35,6,30
18,17,52
55,10,25
48,6,18
62,8,31
62,6,32
53,7,44
37,13,55
50,1,62
20,8,18
8,19,61
49,3,59
48,6,60
6,17,50
57,11,26
13,13,35
19,15,62
37,3,23
51,8,52
47,3,60
53,9,24
40,5,30
19,9,26
46,6,17
14,16,45
36,11,57
14,17,52
63,12,23
8,19,56
6,12,30
51,9,41
33,11,48
7,17,50
58,9,30
49,7,55
29,7,26
57,7,39
36,9,57
2,18,62
38,10,58
28,12,62
52,10,36
11,19,63
41,3,17
59,12,30
34,9,41
43,6,58
28,9,30
33,4,18
38,9,49
57,8,34
43,8,56
63,7,28
57,1,61
56,0,61
58,7,40
55,5,46
62,0,62
2,11,32
54,11,21
39,6,62
33,11,60
44,8,37
30,9,36
48,9,51
42,7,59
63,9,32
51,9,27
38,4,28
30,9,40
32,10,63
6,17,49
36,10,63
47,8,60
34,5,26
49,5,56
47,6,62
7,19,62
32,5,23
15,16,46
21,16,51
61,12,23
4,13,39
44,5,26
59,8,37
47,7,20
38,6,60
43,8,37
23,15,56
7,17,51
60,5,38
24,12,44
20,15,44
6,18,52
41,11,57
42,10,49
16,9,17
62,6,39
56,0,63
55,6,45
28,7,27
62,7,30
43,9,55
18,18,56
37,5,32
9,17,49
20,8,21
4,8,18
43,4,61
63,1,58
35,9,45
8,15,44
52,8,45
60,2,59
3,10,30
5,9,21
5,15,46
43,3,63
62,3,44
36,4,25
40,10,54
22,8,24
57,10,17
6,9,17
61,13,24
31,12,63
42,5,26
50,6,54
5,13,35
46,4,59
4,11,31
45,6,27
2,7,19
2,12,35
44,4,20
29,7,25
0,13,41
33,5,21
1,16,47
26,13,55
45,8,43
13,12,28
63,7,31
22,13,39
17,10,19
54,9,36
46,10,47
58,5,41
31,6,23
14,15,40
55,3,61
63,5,33
9,15,42
36,10,60
24,14,59
37,11,57
63,4,42
42,9,57
59,10,26
41,7,57
16,18,59
1,8,23
34,6,28
38,8,59
45,8,35
30,10,62
41,5,59
60,1,53
55,6,46
53,9,41
46,4,58
56,4,62
29,10,41
55,9,37
56,5,43
25,13,48
20,9,24
12,17,52
44,7,33
44,6,57
34,9,44
0,7,19
29,15,56
41,9,44
29,8,33
47,6,20
15,14,39
35,2,17
24,12,62
59,7,41
58,7,44
0,9,30
11,14,39
39,4,30
62,5,38
48,3,62
47,4,60
2,18,59
46,5,18
26,12,48
18,9,23
19,9,22
9,12,29
55,2,62
63,2,58
45,9,51
13,17,50
48,5,57
47,9,54
7,18,54
63,4,43
52,9,18
54,8,43
26,11,41
0,13,39
11,15,40
24,7,18
58,11,24
43,8,44
61,9,26
25,6,17
33,7,32
8,12,33
57,7,41
8,19,63
37,6,32
12,15,40
0,9,27
15,18,54
44,9,52
48,7,27
32,12,60
2,17,51
7,13,34
15,12,29
38,7,62
37,6,34
49,5,57
61,6,43
13,17,52
61,3,39
37,6,31
55,6,53
36,3,19
56,6,43
47,7,54
16,16,50
44,7,32
2,15,45
26,10,35
29,6,21
31,11,45
8,10,22
55,1,62
32,9,38
39,8,41
19,9,24
27,12,49
23,9,26
42,7,36
41,8,63
17,17,54
15,10,17
35,2,18
36,8,42
31,10,42
36,7,36
50,10,36
62,0,58
43,6,31
59,2,49
61,7,33
63,7,30
37,2,19
54,6,46
22,16,55
21,13,37
46,7,60
52,7,54
11,12,30
61,0,63
9,14,36
36,10,56
48,7,26
33,9,40
34,7,35
27,7,24
30,14,58
6,9,22
26,12,45
4,15,43
47,6,25
4,9,19
24,10,31
3,16,47
58,5,43
45,5,58
25,15,55
51,9,28
8,12,29
58,5,40
44,6,59
48,10,51
54,10,35
33,8,36
54,9,25
57,3,58
39,10,61
34,9,59
0,10,31
54,9,21
11,19,59
36,9,59
11,13,36
35,6,26
23,9,28
61,5,41
23,12,43
46,10,48
38,10,52
23,16,59
60,1,59
0,8,25
26,13,51
36,5,28
47,8,26
9,11,24
46,6,26
39,7,37
4,10,27
53,9,46
1,6,17
12,13,31
56,1,61
6,14,39
3,18,59
56,6,44
57,6,39
0,12,37
12,19,58
38,8,38
30,11,61
6,13,39
23,11,37
42,6,29
31,11,47
44,8,36
50,9,51
28,11,61
14,11,24
32,10,46
53,8,39
8,11,30
35,10,48
56,6,46
6,10,27
7,9,19
45,7,32
33,11,53
28,11,42
6,12,35
25,14,52
44,5,17
24,12,37
45,8,42
42,5,28
47,10,43
26,12,62
1,17,51
38,9,50
19,17,57
40,5,33
27,9,33
37,7,61
29,10,38
32,8,32
5,8,18
15,11,28
10,17,49
46,6,23
7,18,53
31,6,26
48,8,26
5,9,25
44,3,63
11,10,21
14,18,62
63,1,41
55,7,55
53,9,32
44,11,51
9,13,36
54,9,28
55,3,59
46,10,46
18,16,53
59,9,36
44,6,56
35,4,22
61,10,26
61,1,45
5,18,54
52,8,41
9,18,53
46,6,22
31,8,30
56,2,58
43,6,33
5,8,21
53,8,50
34,13,56
18,10,24
50,9,52
56,7,38
25,14,54
42,4,20
24,13,47
57,9,31
22,15,49
33,10,61
56,4,52
17,14,39
29,13,60
30,11,63
6,15,44
20,13,37
40,9,46
25,14,51
61,2,45
26,16,62
62,11,21
41,11,54
0,17,50
12,17,49
41,9,54
24,10,34
41,8,58
55,3,58
60,12,23
51,0,63
18,17,63
56,9,35
43,5,21
40,9,58
56,6,40
36,9,43
61,7,35
41,9,51
43,7,56
47,6,59
50,9,31
50,8,30
42,8,41
14,10,21
59,11,29
60,2,48
49,9,34
49,8,56
35,5,27
47,6,57
41,8,46
58,7,37
5,11,32
46,7,32
58,8,35
15,15,41
43,5,27
20,16,49
25,15,57
54,5,55
30,6,24
48,5,63
56,10,26
44,2,63
40,4,22
26,9,29
24,14,53
53,4,62
46,5,60
59,5,42
2,19,61
23,8,20
31,3,18
62,1,61
45,7,58
40,10,48
35,7,31
43,9,49
11,18,56
56,8,34
46,8,37
45,5,22
1,12,35
29,12,63
46,5,61
61,0,61
24,8,23
18,14,40
44,4,18
26,7,25
37,9,61
46,7,30
33,4,19
60,12,22
57,3,62
36,10,52
42,8,58
29,12,47
27,14,55
62,9,28
32,10,47
55,9,40
21,8,24
55,5,45
9,14,40
29,12,51
46,6,28
24,11,36
0,11,34
57,11,24
26,9,30
51,3,58
61,12,22
40,6,63
44,7,54
33,11,50
55,2,59
7,9,18
20,9,21
23,13,41
38,10,49
45,10,56
42,7,37
49,7,26
56,7,55
37,11,61
14,11,27
58,10,17
36,10,46
8,16,47
15,12,31
56,11,27
63,2,39
29,12,53
61,6,32
44,8,59
15,11,27
55,7,44
14,10,20
23,16,57
46,1,63
30,12,58
61,3,45
27,13,60
29,10,37
33,10,45
30,10,43
33,8,37
5,18,57
34,7,63
8,10,25
24,12,38
46,8,39
57,4,48
34,8,40
50,2,62
45,6,25
20,14,44
52,4,59
1,17,50
11,15,44
61,13,21
28,10,35
53,9,39
41,8,61
35,8,39
33,12,54
56,3,58
57,4,55
19,17,59
38,8,61
54,8,53
32,7,25
51,7,55
47,0,63
2,10,31
48,3,63
33,10,58
24,6,17
44,10,53
18,18,59
58,3,50
27,14,60
50,8,55
14,19,58
15,11,22
57,9,40
59,9,27
40,4,21
37,9,55
29,8,27
49,3,62
39,9,63
51,5,61
3,14,40
35,6,32
30,11,49
28,5,19
51,9,29
20,12,37
6,11,32
18,10,27
40,4,20
23,6,18
34,6,30
58,11,21
29,9,31
42,7,61
3,19,63
5,10,29
55,6,55
16,11,26
45,4,60
38,5,29
57,8,35
38,2,20
7,17,52
27,5,20
44,7,36
46,9,40
63,2,46
59,10,25
47,7,19
44,11,52
47,2,62
49,4,57
63,3,39
17,17,57
35,8,42
43,6,61
58,8,43
44,9,43
41,8,45
16,17,54
52,4,56
45,8,39
39,3,24
52,6,57
39,8,58
29,14,60
59,9,34
33,13,60
44,8,55
49,9,45
23,9,25
37,11,55
48,10,49
25,12,46
13,14,36
33,9,42
56,9,45
55,10,18
53,9,45
0,16,51
28,12,50
13,16,49
58,5,39
43,10,54
41,8,59
48,5,59
8,12,30
46,7,34
48,8,35
45,5,19
44,5,59
57,6,40
59,0,60
59,11,24
54,4,57
41,4,63
61,8,29
7,19,56
32,13,61
62,8,29
22,6,17
35,8,61
17,14,40
60,1,49
58,3,48
23,13,63
57,6,41
20,14,42
12,16,47
1,12,38
1,8,22
21,16,60
56,10,31
54,2,62
57,5,47
31,9,63
45,2,63
30,8,34
23,14,53
46,6,20
60,4,39
16,16,46
55,10,39
56,11,23
15,17,49
44,6,27
56,2,59
23,13,44
33,11,57
22,15,58
20,14,46
10,15,42
49,2,61
11,15,45
60,2,54
60,2,52
28,13,58
15,16,44
5,11,31
59,5,41
58,9,35
42,6,58
43,6,32
11,10,18
48,3,60
56,4,54
43,4,60
58,10,26
27,8,27
8,13,34
58,10,36
48,9,35
14,18,56
49,9,35
47,10,47
55,10,26
26,6,18
4,9,21
2,16,50
17,15,40
16,10,23
6,9,20
57,3,59
18,11,30
17,10,20
22,9,27
32,6,27
59,7,32
5,17,50
28,11,46
48,7,28
47,7,55
4,14,44
63,6,34
20,14,40
44,5,22
55,6,50
32,11,50
48,7,53
40,6,62
54,2,59
38,9,59
58,10,29
1,18,54
36,7,37
33,10,60
46,9,41
36,8,41
34,5,25
25,14,50
35,5,26
24,12,42
55,9,44
4,13,38
59,6,40
56,4,56
52,3,60
34,7,38
57,4,56
30,11,59
54,6,49
24,16,58
14,18,57
55,10,28
61,2,43
38,6,35
44,8,60
34,10,50
48,8,52
26,7,24
13,15,42
39,12,56
59,2,46
45,9,47
63,0,48
10,15,41
1,10,31
57,11,31
32,9,62
26,13,46
16,16,44
17,10,25
38,7,38
57,7,37
54,7,41
34,11,54
34,6,27
35,13,56
37,12,55
63,12,25
42,3,17
18,9,18
22,13,42
8,19,59
43,7,62
13,19,57
7,10,20
35,5,28
37,8,58
11,17,50
63,8,26
17,16,51
19,11,29
2,9,25
51,9,25
59,5,37
23,13,42
28,5,18
15,15,44
27,12,46
61,12,25
21,15,53
59,12,26
28,15,62
48,8,22
40,8,60
29,10,43
58,3,54
37,9,44
50,0,63
31,11,59
23,14,60
17,15,42
1,8,25
12,11,23
60,11,19
17,18,58
40,9,49
17,17,60
18,14,37
58,2,63
58,9,33
58,7,38
50,8,46
9,13,32
28,9,35
45,6,26
23,11,32
35,11,60
4,8,21
45,7,27
52,9,45
41,9,53
34,13,59
24,15,54
43,4,22
50,10,53
20,10,26
54,7,49
46,6,62
31,3,17
52,7,57
62,13,24
61,8,34
33,6,27
40,9,57
44,5,62
24,12,36
53,6,53
24,14,56
3,19,62
50,9,50
50,4,61
41,5,31
47,9,35
33,8,30
11,14,40
16,12,33
4,9,24
23,15,57
58,3,47
28,13,60
40,9,48
44,5,23
63,8,33
36,7,61
19,15,42
28,8,29
31,8,27
25,15,60
39,9,46
50,9,55
32,7,26
36,10,53
11,13,34
13,18,57
33,12,57
19,16,51
11,14,36
36,8,59
49,9,48
44,4,60
0,6,20
25,7,24
23,7,17
40,11,57
61,10,31
26,7,23
19,14,44
44,9,60
59,3,52
26,13,63
1,15,45
37,10,60
10,16,46
61,10,34
58,3,63
20,8,19
61,2,44
25,13,50
24,10,30
31,8,32
5,18,53
10,17,53
23,15,54
62,12,18
55,9,35
40,4,28
53,1,60
29,12,59
33,13,58
8,12,32
5,19,61
52,2,60
26,15,61
47,7,22
12,15,39
43,6,60
6,12,31
21,9,26
53,11,19
21,12,35
32,12,61
59,3,45
16,11,27
24,8,26
19,11,28
7,10,25
8,15,41
59,1,57
42,9,55
60,12,24
52,5,58
35,9,40
59,10,30
49,8,26
52,9,55
6,18,57
43,2,63
52,8,51
44,4,61
47,3,59
46,2,62
13,19,62
12,12,31
44,11,53
3,19,59
61,2,46
1,7,18
11,17,51
22,10,28
48,7,22
29,13,57
22,11,36
63,1,44
0,17,55
55,4,56
47,3,62
30,9,34
36,7,34
55,7,43
8,17,53
28,13,51
48,0,63
36,5,25
44,6,29
35,6,27
49,9,44
14,11,25
41,3,18
43,5,61
28,5,20
38,11,58
51,8,43
61,6,34
30,12,57
59,8,36
42,8,62
19,14,42
17,14,41
5,17,49
63,7,33
5,8,17
54,10,26
48,7,60
43,6,28
33,7,30
17,17,59
57,5,41
3,13,40
59,1,61
48,7,24
20,16,56
38,12,57
42,3,63
61,7,38
39,5,29
10,19,61
31,13,61
9,12,33
15,19,59
25,12,43
15,19,62
40,8,45
23,14,62
62,5,33
46,9,45
41,9,57
34,10,62
37,9,60
35,11,61
47,7,27
54,2,63
53,3,62
39,10,50
62,5,37
61,9,36
20,15,45
4,11,32
26,10,34
55,6,52
32,10,45
7,12,33
33,8,62
42,8,43
43,9,45
54,10,27
8,14,39
48,10,46
42,9,41
38,7,36
62,8,35
46,7,20
11,10,23
45,10,41
44,7,38
50,3,61
6,20,63
53,7,53
6,14,41
41,7,35
7,19,61
35,10,46
39,11,55
35,8,38
52,10,33
4,16,47
39,8,59
36,11,60
63,14,18
51,9,30
40,8,43
14,15,39
13,19,58
6,9,18
57,11,28
42,9,56
50,2,60
53,6,52
53,4,57
3,17,54
50,8,32
24,11,38
10,17,52
28,11,43
60,2,47
43,8,54
30,9,63
34,9,45
55,10,21
27,7,25
32,8,40
37,4,27
36,6,63
34,8,36
14,17,54
39,2,21
46,8,57
48,6,58
62,12,21
33,5,23
3,13,41
62,5,40
49,8,31
13,14,37
29,4,19
27,13,50
9,19,58
39,10,53
52,10,28
32,12,57
41,7,33
56,5,55
30,11,41
31,8,35
60,12,20
36,9,60
17,13,34
45,3,61
39,7,41
35,4,20
7,13,38
48,7,21
59,10,29
34,7,37
20,10,27
57,11,17
24,13,48
4,14,41
31,12,60
48,7,20
45,6,57
23,11,33
47,4,62
20,9,26
0,6,17
43,7,60
37,9,57
10,18,56
38,9,61
27,16,60
42,8,61
35,9,63
41,7,37
57,10,27
63,6,36
63,3,40
62,3,39
0,17,53
11,11,21
55,10,31
62,11,29
32,8,34
47,2,63
16,14,36
60,8,36
19,16,63
37,6,33
58,8,31
11,10,19
44,10,51
1,16,48
35,12,58
59,8,29
59,3,55
46,9,38
40,9,56
60,12,25
29,11,38
7,13,39
63,11,26
49,4,59
26,8,29
51,10,53
40,6,61
44,8,38
51,9,23
62,11,23
62,12,27
31,10,61
14,13,31
11,16,47
1,10,30
45,10,55
58,10,27
40,10,51
22,16,56
10,15,43
40,4,63
19,15,47
14,12,30
2,8,25
28,9,31
2,19,62
24,14,48
39,8,57
16,15,42
27,13,54
43,6,26
58,2,58
39,4,26
31,9,38
5,9,22
23,13,46
59,12,21
6,19,57
39,10,57
0,18,57
63,0,61
13,17,53
52,10,34
36,6,35
5,12,33
38,8,60
44,6,23
46,6,57
38,9,47
62,13,17
56,1,63
26,14,55
14,10,17
17,11,26
41,7,40
50,1,61
47,7,31
32,7,27
37,3,22
25,8,24
12,11,25
59,10,36
37,8,43
52,7,51
60,7,35
42,9,47
37,5,27
30,11,47
58,5,45
47,3,61
20,13,36
43,10,51
53,8,17
52,9,31
31,11,63
48,8,37
12,17,50
15,18,62
16,17,63
41,5,26
21,13,42
44,9,44
30,5,22
19,9,23
63,5,32
49,7,19
41,3,21
31,12,53
39,9,54
19,12,34
5,14,43
5,19,59
12,19,57
39,8,56
33,14,58
18,16,45
51,10,27
42,5,23
3,16,49
3,17,51
61,9,37
34,2,17
37,2,20
29,12,60
36,11,53
14,15,42
13,13,31
62,4,44
37,10,55
21,14,48
31,5,21
32,11,48
54,10,42
21,11,30
0,17,56
2,14,40
33,6,24
6,11,26
16,18,56
41,8,42
52,9,22
49,7,25
56,10,22
38,2,19
30,11,45
29,8,31
47,7,58
52,3,61
12,18,54
28,11,62
51,9,48
59,11,18
16,14,40
63,9,24
63,9,27
9,18,55
18,9,22
3,9,23
7,20,61
63,8,29
49,10,53
4,8,22
63,10,29
19,10,28
36,9,63
40,10,59
49,8,53
15,10,22
44,2,62
28,14,60
62,4,39
15,15,43
54,5,56
32,4,18
23,14,52
63,2,47
58,12,30
63,11,24
52,8,43
62,3,38
38,6,34
58,12,20
59,2,62
63,12,18
51,7,17
41,4,24
58,12,21
52,0,62
21,16,57
16,13,34
22,14,47
33,9,44
40,8,58
60,2,49
45,6,61
56,4,60
15,14,37
34,12,60
63,13,22
35,5,25
35,8,63
16,17,52
5,16,50
39,7,58
27,7,26
51,5,57
27,12,62
50,8,58
55,11,26
23,8,26
54,9,34
14,18,51
28,15,60
22,12,40
58,8,42
44,9,40
40,10,61
21,14,45
47,9,57
49,7,22
24,9,27
4,12,37
32,4,20
37,6,36
63,10,25
39,9,57
28,10,36
25,13,62
24,13,49
30,13,63
60,9,26
48,9,37
55,1,61
13,13,34
60,10,27
54,10,22
23,17,60
22,16,60
24,12,43
13,16,44
9,9,19
29,11,42
30,11,48
21,11,34
18,12,31
35,6,29
7,19,57
26,14,62
3,17,52
54,1,62
62,0,53
46,10,49
44,9,56
52,10,27
56,6,42
47,9,41
49,9,29
23,10,30
63,4,35
7,19,59
40,5,32
44,3,62
29,9,35
10,18,54
30,11,44
56,6,56
32,8,33
0,11,33
60,9,37
34,7,62
36,13,56
46,7,28
56,9,42
50,7,20
0,7,23
55,9,19
8,11,27
17,12,30
2,8,17
2,17,50
42,7,62
40,10,52
53,6,51
45,10,53
39,11,57
29,11,60
58,0,60
57,11,21
30,12,54
8,16,46
52,5,56
52,8,24
7,14,40
43,8,60
15,18,53
36,8,60
46,8,36
23,15,52
49,6,56
57,7,38
13,16,45
34,3,17
17,13,33
56,5,58
25,9,30
25,8,23
10,15,40
54,9,27
19,10,25
61,7,42
21,13,41
35,9,41
44,9,58
39,5,61
45,8,52
60,13,24
25,15,59
52,9,42
6,19,58
35,10,56
24,12,39
59,5,39
31,9,34
44,9,45
26,8,25
57,11,18
57,5,56
28,12,51
31,9,41
46,7,29
58,9,36
50,4,59
54,9,22
62,0,63
62,7,29
18,15,45
37,8,61
53,9,31
62,1,44
26,8,26
51,8,47
42,9,42
45,10,51
29,12,62
16,10,19
25,10,33
45,8,58
4,12,36
60,7,33
55,8,36
9,19,62
46,2,63
23,12,39
0,8,27
61,1,49
62,11,28
27,15,59
30,6,23
0,12,36
62,0,46
2,9,28
4,15,47
62,2,41
56,1,59
31,10,43
39,2,17
34,10,51
1,9,27
35,3,20
28,16,59
56,9,36
54,6,50
60,1,61
63,3,42
10,12,29
0,8,24
35,9,61
18,17,59
35,12,57
38,5,34
52,8,48
13,11,22
18,10,28
51,8,55
55,4,61
45,9,50
27,11,42
39,4,27
62,12,20
47,10,49
60,1,55
14,16,42
37,2,17
37,1,17
28,10,37
32,5,20
2,9,22
33,13,56
52,7,56
59,2,58
59,3,53
19,16,55
45,7,26
26,13,52
45,6,62
20,12,34
18,16,51
6,18,54
28,9,32
40,11,55
1,18,59
55,8,43
31,9,40
29,11,62
40,5,63
41,8,55
11,18,55
57,3,52
57,12,29
41,7,61
8,17,52
3,8,21
57,8,42
43,8,55
28,7,24
25,8,26
44,4,19
56,8,36
1,18,62
10,13,36
61,3,41
5,11,30
33,10,43
47,10,42
15,11,26
49,9,46
40,9,44
47,9,44
54,10,32
26,16,60
59,9,38
24,12,41
25,15,58
10,14,37
56,10,29
34,11,52
27,13,52
21,12,36
41,3,63
51,1,61
42,8,60
18,14,38
20,15,61
47,10,53
2,13,40
25,13,51
46,7,61
19,17,56
47,9,56
54,10,20
50,8,53
28,13,63
26,13,50
53,9,37
48,10,52
53,7,51
3,8,20
6,12,34
25,12,44
14,11,22
40,9,55
7,11,28
23,13,62
32,9,36
36,12,58
62,11,24
14,17,49
42,5,21
58,4,59
10,9,17
5,12,36
36,12,56
54,9,42
41,6,61
54,10,25
1,13,41
45,6,28
37,4,24
30,10,42
55,9,20
28,8,28
32,11,52
49,7,21
12,15,41
29,12,54
43,7,38
61,6,36
35,13,58
61,2,47
34,13,61
21,16,61
46,10,51
56,11,26
8,10,21
57,4,46
8,13,33
61,13,25
28,11,63
17,10,27
55,3,62
38,5,28
5,11,29
17,9,17
59,9,29
38,10,55
56,12,30
50,9,53
48,10,48
47,7,23
42,5,63
15,11,24
13,17,51
31,13,60
24,7,22
61,12,18
18,16,63
56,5,53
4,8,20
63,7,27
10,10,23
19,10,26
45,7,60
38,6,62
28,11,47
15,18,58
40,3,23
12,19,60
9,11,26
35,9,62
1,8,24
49,9,40
58,8,32
62,13,23
59,0,61
45,6,60
27,13,57
37,11,58
10,10,19
61,1,54
39,6,33
45,6,21
59,3,49
60,4,43
11,19,61
33,3,17
50,4,57
18,13,34
40,5,29
53,0,63
34,7,29
31,10,62
51,8,27
39,6,63
16,15,39
18,14,42
1,7,20
22,16,57
3,8,24
48,1,63
47,9,58
5,18,55
24,15,55
40,10,58
17,12,31
59,1,60
34,5,24
5,14,39
35,9,59
36,11,56
6,10,22
46,3,62
24,13,42
35,11,59
63,12,26
22,13,41
58,3,61
