26,0,0
43,0,0
43,0,1
43,1,1
43,2,1
43,0,2
43,1,2
43,0,3
43,1,3
63,3,0
63,4,0
63,5,0
63,6,0
63,7,0
63,8,0
63,2,1
63,3,1
63,4,1
63,5,1
63,6,1
63,7,1
63,1,2
63,2,2
63,3,2
63,4,2
63,5,2
63,6,2
63,0,3
63,1,3
63,2,3
63,3,3
63,4,3
63,5,3
63,6,3
63,0,4
63,2,4
63,3,4
63,0,5
63,1,5
63,2,5
63,1,6
63,2,6
63,0,7
63,0,8
63,1,8
63,2,8
63,0,9
63,1,9
63,2,9
63,0,11
62,3,0
62,4,0
62,5,0
62,6,0
62,7,0
62,8,0
62,2,1
62,3,1
62,4,1
62,6,1
62,7,1
62,8,1
62,1,2
62,2,2
62,3,2
62,4,2
62,5,2
62,0,3
62,1,3
62,2,3
62,3,3
62,4,3
62,5,3
62,0,4
62,1,4
62,2,4
62,3,4
62,4,4
62,5,4
62,0,5
62,1,5
62,2,5
62,3,5
62,4,5
62,5,5
62,0,6
62,1,6
62,2,6
62,3,6
62,0,7
62,1,7
62,2,7
62,0,8
62,1,8
62,0,9
62,1,9
62,0,11
61,3,0
61,4,0
61,5,0
61,6,0
61,7,0
61,2,1
61,3,1
61,4,1
61,5,1
61,1,2
61,2,2
61,3,2
61,4,2
61,0,3
61,1,3
61,2,3
61,0,4
61,1,4
61,2,4
61,3,4
61,4,4
61,5,4
61,0,5
61,1,5
61,2,5
61,3,5
61,4,5
61,0,6
61,1,6
61,2,6
61,0,7
61,1,7
61,2,7
61,0,8
61,1,8
61,2,8
61,0,9
61,0,10
61,1,10
61,0,11
60,3,0
60,4,0
60,5,0
60,6,0
60,7,0
60,8,0
60,2,1
60,3,1
60,4,1
60,5,1
60,6,1
60,2,2
60,3,2
60,4,2
60,5,2
60,6,2
60,1,3
60,2,3
60,3,3
60,4,3
60,5,3
60,0,4
60,1,4
60,2,4
60,3,4
60,0,5
60,1,5
60,2,5
60,3,5
60,4,5
60,0,6
60,0,7
60,0,8
60,1,8
60,2,8
60,0,9
60,1,9
60,0,10
60,0,11
59,3,0
59,4,0
59,5,0
59,6,0
59,2,1
59,3,1
59,4,1
59,5,1
59,6,1
59,1,2
59,2,2
59,3,2
59,4,2
59,5,2
59,6,2
59,7,2
59,1,3
59,2,3
59,3,3
59,4,3
59,5,3
59,0,4
59,1,4
59,2,4
59,3,4
59,0,5
59,1,5
59,2,5
59,3,5
59,0,6
59,1,6
59,0,7
59,1,7
59,2,7
59,0,8
59,1,8
59,0,9
59,1,9
58,3,0
58,4,0
58,2,1
58,3,1
58,4,1
58,5,1
58,6,1
58,1,2
58,2,2
58,3,2
58,4,2
58,5,2
58,6,2
58,7,2
58,1,3
58,2,3
58,3,3
58,4,3
58,0,4
58,1,4
58,2,4
58,3,4
58,4,4
58,0,5
58,1,5
58,2,5
58,0,6
58,0,7
58,1,7
58,0,8
58,1,8
57,3,0
57,4,0
57,2,1
57,3,1
57,1,2
57,2,2
57,3,2
57,4,2
57,5,2
57,6,2
57,1,3
57,2,3
57,3,3
57,4,3
57,5,3
57,0,4
57,1,4
57,2,4
57,3,4
57,4,4
57,5,4
57,0,5
57,1,5
57,2,5
57,3,5
57,4,5
57,5,5
57,0,7
57,0,8
57,1,8
56,3,0
56,4,0
56,5,0
56,6,0
56,2,1
56,3,1
56,4,1
56,5,1
56,6,1
56,1,2
56,2,2
56,3,2
56,4,2
56,5,2
56,6,2
56,1,3
56,2,3
56,4,3
56,5,3
56,0,4
56,1,4
56,2,4
56,3,4
56,0,5
56,1,5
56,0,6
56,1,6
56,0,7
56,1,7
56,0,8
55,3,0
55,4,0
55,5,0
55,6,0
55,2,1
55,3,1
55,4,1
55,5,1
55,6,1
55,7,1
55,1,2
55,2,2
55,4,2
55,5,2
55,6,2
55,7,2
55,1,3
55,2,3
55,3,3
55,0,4
55,1,4
55,0,5
55,1,5
55,2,5
55,0,6
55,1,6
55,2,6
55,0,7
55,1,7
55,2,7
55,0,8
55,0,10
54,3,0
54,4,0
54,5,0
54,6,0
54,7,0
54,2,1
54,3,1
54,4,1
54,5,1
54,6,1
54,1,2
54,2,2
54,4,2
54,5,2
54,6,2
54,1,3
54,2,3
54,0,4
54,1,4
54,2,4
54,3,4
54,4,4
54,0,5
54,1,5
54,2,5
54,3,5
54,0,6
54,1,6
54,2,6
54,0,7
54,1,7
54,2,7
54,0,8
54,0,9
53,3,0
53,4,0
53,2,1
53,3,1
53,4,1
53,5,1
53,1,2
53,2,2
53,3,2
53,4,2
53,1,3
53,2,3
53,3,3
53,4,3
53,0,4
53,1,4
53,2,4
53,3,4
53,4,4
53,0,5
53,1,5
53,2,5
53,3,5
53,0,6
53,1,6
53,0,7
52,3,0
52,4,0
52,5,0
52,6,0
52,7,0
52,2,1
52,3,1
52,4,1
52,5,1
52,6,1
52,1,2
52,2,2
52,3,2
52,4,2
52,5,2
52,1,3
52,2,3
52,3,3
52,4,3
52,5,3
52,0,4
52,1,4
52,2,4
52,3,4
52,4,4
52,0,5
52,1,5
52,2,5
52,3,5
52,0,6
52,1,6
52,2,6
52,0,7
52,1,7
52,0,8
52,1,8
51,2,0
51,3,0
51,4,0
51,5,0
51,6,0
51,7,0
51,2,1
51,3,1
51,4,1
51,5,1
51,6,1
51,1,2
51,2,2
51,3,2
51,4,2
51,5,2
51,0,3
51,1,3
51,2,3
51,3,3
51,4,3
51,0,4
51,1,4
51,2,4
51,3,4
51,0,5
51,1,5
51,0,6
51,1,6
51,0,7
50,2,0
50,3,0
50,4,0
50,1,1
50,2,1
50,3,1
50,4,1
50,5,1
50,1,2
50,2,2
50,3,2
50,4,2
50,5,2
50,0,3
50,1,3
50,2,3
50,3,3
50,4,3
50,5,3
50,0,4
50,1,4
50,2,4
50,3,4
50,0,5
50,1,5
50,2,5
50,0,6
50,1,6
50,2,6
50,0,7
49,2,0
49,3,0
49,4,0
49,1,1
49,2,1
49,3,1
49,4,1
49,5,1
49,0,2
49,1,2
49,2,2
49,3,2
49,0,3
49,1,3
49,2,3
49,3,3
49,4,3
49,0,4
49,1,4
49,2,4
49,3,4
49,0,5
49,1,5
49,2,5
49,3,5
49,0,6
49,1,6
48,1,0
48,2,0
48,3,0
48,4,0
48,0,1
48,1,1
48,2,1
48,3,1
48,4,1
48,5,1
48,0,2
48,1,2
48,2,2
48,3,2
48,4,2
48,0,3
48,1,3
48,2,3
48,3,3
48,0,4
48,1,4
48,2,4
48,0,5
48,1,5
48,2,5
48,0,7
47,1,0
47,2,0
47,3,0
47,5,0
47,0,1
47,1,1
47,2,1
47,3,1
47,0,2
47,1,2
47,2,2
47,3,2
47,4,2
47,0,3
47,1,3
47,2,3
47,3,3
47,0,4
47,1,4
47,2,4
47,3,4
47,0,5
47,1,5
47,2,5
47,0,6
46,0,0
46,1,0
46,2,0
46,3,0
46,4,0
46,0,1
46,1,1
46,2,1
46,3,1
46,0,2
46,1,2
46,2,2
46,3,2
46,0,3
46,1,3
46,2,3
46,3,3
46,0,4
46,1,4
46,2,4
46,0,5
46,0,6
46,1,6
45,0,0
45,1,0
45,2,0
45,3,0
45,4,0
45,0,1
45,1,1
45,2,1
45,3,1
45,4,1
45,5,1
45,0,2
45,1,2
45,2,2
45,0,3
45,1,3
45,0,4
45,1,4
45,0,5
44,0,0
44,1,0
44,2,0
44,3,0
44,4,0
44,5,0
44,0,1
44,1,1
44,2,1
44,3,1
44,4,1
44,0,2
44,1,2
44,0,3
44,1,3
44,0,4
44,0,5
42,0,0
42,1,0
42,2,0
42,0,1
42,1,1
42,2,1
42,3,1
42,0,2
42,1,2
42,2,2
42,0,3
42,0,4
41,0,0
41,1,0
41,2,0
41,3,0
41,0,1
41,1,1
41,2,1
41,3,1
41,4,1
41,0,2
41,1,2
41,2,2
40,0,0
40,1,0
40,2,0
40,0,1
40,1,1
40,0,2
40,1,2
40,0,3
40,0,4
40,0,5
39,0,0
39,1,0
39,2,0
39,0,1
39,1,1
39,2,1
39,0,2
39,1,2
39,2,2
39,0,3
39,0,5
38,0,0
38,1,0
38,2,0
38,3,0
38,0,1
38,1,1
38,2,1
38,0,2
38,1,2
38,0,3
37,0,0
37,1,0
37,2,0
37,3,0
37,2,1
37,0,2
37,1,2
37,0,3
36,0,0
36,0,2
36,0,3
35,0,2
35,1,2
35,0,3
34,0,2
33,0,0
33,1,0
33,0,1
33,0,2
32,0,0
32,1,0
31,0,0
31,1,0
25,0,0
