21,0,59
22,0,59
22,0,60
22,0,62
22,0,63
23,0,58
23,0,59
23,0,60
23,0,61
23,0,62
23,0,63
24,0,54
24,0,55
24,0,56
24,0,57
24,0,58
24,0,59
24,1,59
24,0,60
24,0,61
24,0,62
24,1,62
24,0,63
24,1,63
25,0,52
25,0,53
25,0,54
25,0,55
25,0,56
25,0,57
25,1,57
25,0,58
25,1,58
25,0,59
25,0,60
25,1,60
25,0,61
25,1,61
25,0,62
25,1,62
25,1,63
25,2,63
26,0,50
26,0,51
26,0,52
26,0,53
26,0,54
26,0,55
26,0,56
26,0,57
26,1,57
26,0,58
26,1,58
26,0,59
26,1,59
26,1,60
26,1,61
26,2,61
26,1,62
26,2,62
26,1,63
26,2,63
27,0,47
27,0,48
27,0,49
27,0,50
27,0,51
27,0,52
27,0,53
27,1,53
27,0,54
27,1,54
27,0,55
27,1,55
27,0,56
27,1,56
27,1,57
27,1,58
27,1,59
27,2,59
27,1,60
27,2,60
27,1,61
27,2,61
27,1,62
27,2,62
27,1,63
27,2,63
28,0,43
28,0,44
28,0,45
28,0,46
28,0,47
28,0,48
28,0,49
28,0,50
28,1,50
28,0,51
28,1,51
28,0,52
28,1,52
28,0,53
28,1,53
28,1,54
28,1,55
28,1,56
28,1,57
28,2,57
28,1,58
28,2,58
28,1,59
28,2,59
28,1,60
28,2,60
28,3,60
28,2,61
28,3,61
28,2,62
28,2,63
29,0,40
29,0,41
29,0,42
29,0,43
29,0,44
29,0,45
29,0,46
29,0,47
29,1,47
29,0,48
29,1,48
29,0,49
29,1,49
29,0,50
29,1,50
29,1,51
29,1,52
29,1,53
29,1,54
29,1,55
29,2,55
29,1,56
29,2,56
29,1,57
29,2,57
29,2,58
29,2,59
29,2,60
29,3,60
29,2,61
29,3,61
29,2,62
29,3,62
29,2,63
29,3,63
30,0,36
30,0,37
30,0,38
30,0,39
30,0,40
30,0,41
30,0,42
30,0,43
30,0,44
30,1,44
30,0,45
30,1,45
30,0,46
30,1,46
30,0,47
30,1,47
30,1,48
30,1,49
30,1,50
30,1,51
30,2,51
30,1,52
30,2,52
30,1,53
30,2,53
30,1,54
30,2,54
30,2,55
30,2,56
30,2,57
30,2,58
30,3,58
30,2,59
30,3,59
30,2,60
30,3,60
30,3,61
30,3,62
30,3,63
30,4,63
31,0,32
31,0,33
31,0,35
31,0,36
31,0,37
31,0,38
31,1,38
31,0,39
31,0,40
31,0,41
31,1,41
31,0,42
31,1,42
31,0,43
31,1,43
31,0,44
31,1,44
31,1,45
31,1,46
31,1,47
31,1,48
31,1,49
31,2,49
31,1,50
31,2,50
31,1,51
31,2,51
31,2,52
31,2,53
31,2,54
31,3,54
31,2,55
31,2,56
31,3,56
31,2,57
31,3,57
31,2,58
31,3,58
31,3,59
31,3,60
31,3,61
31,3,62
31,3,63
31,4,63
32,0,32
32,0,33
32,0,34
32,0,35
32,0,36
32,0,37
32,1,37
32,0,38
32,1,38
32,0,39
32,1,39
32,0,40
32,1,40
32,0,41
32,1,41
32,1,42
32,1,43
32,1,44
32,1,45
32,1,46
32,2,46
32,1,47
32,2,47
32,1,48
32,2,48
32,2,49
32,2,50
32,2,51
32,2,52
32,2,53
32,2,54
32,3,54
32,2,55
32,3,55
32,2,56
32,3,56
32,3,57
32,3,58
32,3,59
32,3,60
32,3,61
32,4,61
32,3,62
32,4,62
32,3,63
32,4,63
33,0,32
33,0,33
33,0,34
33,0,35
33,1,35
33,0,36
33,1,36
33,0,37
33,1,37
33,0,38
33,1,38
33,1,39
33,1,40
33,1,41
33,2,41
33,1,42
33,2,42
33,1,43
33,1,44
33,2,44
33,1,45
33,2,45
33,1,46
33,2,46
33,2,47
33,2,48
33,2,49
33,2,50
33,2,51
33,3,51
33,2,52
33,3,52
33,2,53
33,3,53
33,2,54
33,3,54
33,3,55
33,3,56
33,3,57
33,3,58
33,4,58
33,3,59
33,4,59
33,3,60
33,4,60
33,3,61
33,4,61
33,4,62
33,4,63
34,0,32
34,0,33
34,0,34
34,1,34
34,0,35
34,1,35
34,0,36
34,1,36
34,1,37
34,2,37
34,1,38
34,2,38
34,1,39
34,1,40
34,2,40
34,1,41
34,2,41
34,1,42
34,2,42
34,1,43
34,2,43
34,1,44
34,2,44
34,2,45
34,2,46
34,2,47
34,2,48
34,2,49
34,2,50
34,3,50
34,2,51
34,3,51
34,3,52
34,3,53
34,3,54
34,4,54
34,3,55
34,4,55
34,3,56
34,3,57
34,4,57
34,3,58
34,4,58
34,4,59
34,4,60
34,4,61
34,4,62
34,5,62
34,4,63
34,5,63
35,0,31
35,0,32
35,0,33
35,0,34
35,1,34
35,1,35
35,1,36
35,1,37
35,2,37
35,1,38
35,2,38
35,1,39
35,2,39
35,1,40
35,2,40
35,1,41
35,2,41
35,2,42
35,2,43
35,2,44
35,2,45
35,2,46
35,2,47
35,2,48
35,3,48
35,2,49
35,3,49
35,2,50
35,3,50
35,3,51
35,3,52
35,4,52
35,3,53
35,3,54
35,3,55
35,4,55
35,3,56
35,4,56
35,4,57
35,4,58
35,4,59
35,4,60
35,4,61
35,5,61
35,4,62
35,5,62
35,5,63
36,0,31
36,1,31
36,0,32
36,1,32
36,0,33
36,1,33
36,0,34
36,1,34
36,1,35
36,1,36
36,1,37
36,2,37
36,1,38
36,2,38
36,1,39
36,2,39
36,2,40
36,2,41
36,3,41
36,2,42
36,2,43
36,2,44
36,2,45
36,3,45
36,2,46
36,3,46
36,2,47
36,2,48
36,3,48
36,3,49
36,3,50
36,3,51
36,3,52
36,4,52
36,3,53
36,4,53
36,3,54
36,4,54
36,4,55
36,4,56
36,4,57
36,4,58
36,4,59
36,5,59
36,4,60
36,5,60
36,4,61
36,5,61
36,5,62
36,5,63
37,0,30
37,0,31
37,0,32
37,1,32
37,0,33
37,1,33
37,0,34
37,1,34
37,1,35
37,1,36
37,1,37
37,2,37
37,2,38
37,2,39
37,2,40
37,2,41
37,2,42
37,2,43
37,2,44
37,2,45
37,3,45
37,2,46
37,3,46
37,2,47
37,3,47
37,2,48
37,3,48
37,3,49
37,3,50
37,3,51
37,3,52
37,3,53
37,4,53
37,4,54
37,4,55
37,4,56
37,4,57
37,4,58
37,4,59
37,5,59
37,5,60
37,5,61
37,5,62
37,5,63
38,0,30
38,0,31
38,0,32
38,0,33
38,1,33
38,0,34
38,1,34
38,0,35
38,1,35
38,1,36
38,2,36
38,1,37
38,2,37
38,1,38
38,2,38
38,2,39
38,2,40
38,2,41
38,2,42
38,2,43
38,2,44
38,2,45
38,3,45
38,2,46
38,3,46
38,2,47
38,3,47
38,3,48
38,3,49
38,3,50
38,3,51
38,3,52
38,3,53
38,4,53
38,3,54
38,4,54
38,4,55
38,4,56
38,4,57
38,4,58
38,4,59
38,5,59
38,4,60
38,5,60
38,5,61
38,5,62
38,5,63
39,0,30
39,0,31
39,0,32
39,0,33
39,0,34
39,0,35
39,1,35
39,0,36
39,1,36
39,2,36
39,1,37
39,2,37
39,1,38
39,2,38
39,2,39
39,2,40
39,2,41
39,3,41
39,2,42
39,2,43
39,2,44
39,2,45
39,2,46
39,2,47
39,3,47
39,2,48
39,3,48
39,3,49
39,3,50
39,3,51
39,3,52
39,3,53
39,3,54
39,4,54
39,3,55
39,4,55
39,3,56
39,4,56
39,4,57
39,4,58
39,4,59
39,4,60
39,5,60
39,4,61
39,5,61
39,5,62
39,5,63
40,0,32
40,0,33
40,0,34
40,0,35
40,0,36
40,1,36
40,1,37
40,1,38
40,2,38
40,1,39
40,2,39
40,1,40
40,2,40
40,2,41
40,2,42
40,2,43
40,2,44
40,2,45
40,2,46
40,2,47
40,3,47
40,2,48
40,3,48
40,2,49
40,3,49
40,2,50
40,3,50
40,3,51
40,3,52
40,3,53
40,3,54
40,4,54
40,3,55
40,4,55
40,3,56
40,4,56
40,3,57
40,4,57
40,4,58
40,4,59
40,5,59
40,4,60
40,4,61
40,4,62
40,5,62
40,4,63
40,5,63
41,0,32
41,0,33
41,0,34
41,1,34
41,0,35
41,1,35
41,0,36
41,1,36
41,0,37
41,1,37
41,1,38
41,2,38
41,1,39
41,2,39
41,1,40
41,2,40
41,1,41
41,2,41
41,2,42
41,3,42
41,2,43
41,2,44
41,3,44
41,2,45
41,3,45
41,2,46
41,3,46
41,2,47
41,3,47
41,2,48
41,3,48
41,2,49
41,3,49
41,2,50
41,3,50
41,2,51
41,3,51
41,2,52
41,3,52
41,2,53
41,3,53
41,3,54
41,3,55
41,3,56
41,3,57
41,3,58
41,4,58
41,3,59
41,4,59
41,4,60
41,4,61
41,4,62
41,5,62
41,4,63
42,0,34
42,0,35
42,0,36
42,1,36
42,0,37
42,1,37
42,2,37
42,0,38
42,1,38
42,2,38
42,1,39
42,1,40
42,2,40
42,1,41
42,2,41
42,1,42
42,2,42
42,1,43
42,2,43
42,2,44
42,2,45
42,3,45
42,2,46
42,2,47
42,2,48
42,3,48
42,2,49
42,3,49
42,2,50
42,3,50
42,2,51
42,2,52
42,2,53
42,3,53
42,2,54
42,3,54
42,2,55
42,3,55
42,3,56
42,3,57
42,3,58
42,3,59
42,3,60
42,4,60
42,3,61
42,4,61
42,3,62
42,4,62
42,3,63
42,4,63
43,0,34
43,0,35
43,0,36
43,1,36
43,0,37
43,1,37
43,2,37
43,0,38
43,1,38
43,2,38
43,0,39
43,1,39
43,0,40
43,1,40
43,2,40
43,1,41
43,2,41
43,1,42
43,2,42
43,1,43
43,2,43
43,1,44
43,2,44
43,1,45
43,2,45
43,1,46
43,2,46
43,1,47
43,2,47
43,1,48
43,2,48
43,1,49
43,2,49
43,1,50
43,2,50
43,1,51
43,2,51
43,1,52
43,2,52
43,2,53
43,2,54
43,2,55
43,3,55
43,2,56
43,3,56
43,2,57
43,3,57
43,3,58
43,3,59
43,3,60
43,4,60
43,3,61
43,3,62
43,4,62
43,3,63
44,0,37
44,0,38
44,0,39
44,0,40
44,1,40
44,0,41
44,1,41
44,2,41
44,1,42
44,1,43
44,1,44
44,2,44
44,1,45
44,2,45
44,1,46
44,1,47
44,1,48
44,1,49
44,1,50
44,1,51
44,1,52
44,2,52
44,1,53
44,2,53
44,1,54
44,2,54
44,2,55
44,3,55
44,2,56
44,3,56
44,2,57
44,2,58
44,3,58
44,2,59
44,3,59
44,3,60
44,4,60
44,3,61
44,3,62
44,3,63
45,0,38
45,0,39
45,0,40
45,0,41
45,1,41
45,0,42
45,1,42
45,0,43
45,1,43
45,0,44
45,1,44
45,2,44
45,0,45
45,1,45
45,2,45
45,0,46
45,1,46
45,0,47
45,1,47
45,0,48
45,1,48
45,0,49
45,1,49
45,1,50
45,1,51
45,1,52
45,1,53
45,1,54
45,2,54
45,1,55
45,2,55
45,1,56
45,2,56
45,2,57
45,2,58
45,3,58
45,2,59
45,3,59
45,2,60
45,3,60
45,2,61
45,3,61
45,2,62
45,3,62
45,2,63
45,3,63
46,0,39
46,0,40
46,0,41
46,0,42
46,0,43
46,0,44
46,1,44
46,0,45
46,1,45
46,2,45
46,0,46
46,1,46
46,2,46
46,0,47
46,1,47
46,0,48
46,1,48
46,0,49
46,1,49
46,0,50
46,1,50
46,0,51
46,1,51
46,0,52
46,1,52
46,0,53
46,1,53
46,1,54
46,1,55
46,2,55
46,1,56
46,2,56
46,1,57
46,2,57
46,2,58
46,2,59
46,2,60
46,2,61
46,3,61
46,2,62
46,3,62
46,2,63
46,3,63
47,0,39
47,0,40
47,0,41
47,0,42
47,0,43
47,0,44
47,0,45
47,1,45
47,0,46
47,1,46
47,0,47
47,1,47
47,0,48
47,1,48
47,2,48
47,0,49
47,1,49
47,0,50
47,1,50
47,0,51
47,1,51
47,0,52
47,1,52
47,0,53
47,1,53
47,0,54
47,1,54
47,1,55
47,1,56
47,2,56
47,1,57
47,2,57
47,1,58
47,2,58
47,1,59
47,2,59
47,2,60
47,2,61
47,2,62
47,2,63
48,0,42
48,0,43
48,0,44
48,0,45
48,0,47
48,1,47
48,0,48
48,1,48
48,0,49
48,0,50
48,0,51
48,0,52
48,0,53
48,0,54
48,0,55
48,1,55
48,0,56
48,1,56
48,1,57
48,2,57
48,1,58
48,1,59
48,2,59
48,1,60
48,2,60
48,1,61
48,2,61
48,1,62
48,2,62
48,1,63
48,2,63
53,0,63
53,0,62
53,0,61
53,0,60
53,0,59
52,0,63
52,1,63
52,0,61
52,0,62
52,1,62
52,0,60
52,0,59
52,0,58
52,1,58
51,0,63
51,1,63
51,0,61
51,1,61
52,0,57
51,0,62
51,1,62
51,0,60
51,0,59
51,0,58
51,0,56
51,0,57
51,1,57
54,0,58
53,0,58
52,0,53
51,0,55
51,0,50
51,0,49
50,1,63
50,1,62
50,1,61
50,0,60
50,1,60
50,0,59
50,1,59
50,0,58
50,0,57
50,0,56
50,0,55
51,0,48
50,0,54
50,0,49
50,0,53
50,0,50
50,1,50
49,1,63
49,2,63
49,1,62
49,2,62
49,1,61
49,2,61
49,1,60
49,1,59
49,0,58
49,1,58
50,0,48
49,0,57
49,1,57
49,0,56
49,1,56
49,0,55
49,1,55
49,0,54
49,0,53
49,0,52
49,0,51
49,0,50
49,0,49
49,0,48
49,0,41
