20,6,50
18,12,43
26,11,42
47,5,28
16,14,41
12,11,49
30,12,37
42,0,40
17,14,40
0,18,44
4,17,48
3,12,58
41,5,40
49,2,28
12,10,48
39,1,45
8,12,46
16,13,39
12,11,50
23,9,43
37,16,15
31,0,48
9,9,52
20,18,30
34,10,30
42,7,29
4,9,61
18,19,37
28,10,38
24,17,36
25,12,38
0,15,52
51,9,19
22,23,30
36,7,41
53,13,5
35,7,39
26,9,42
31,20,14
4,16,47
56,0,34
56,9,11
30,13,36
31,12,35
33,11,39
25,23,26
12,9,50
53,5,19
61,0,24
60,9,5
53,9,11
20,21,30
32,15,26
4,22,34
15,6,48
34,16,32
27,12,36
0,17,54
15,2,58
15,12,43
52,2,27
32,5,45
30,7,42
42,16,8
11,16,42
31,0,49
3,13,53
36,3,42
5,7,59
11,11,50
33,0,50
40,21,7
41,8,25
18,18,32
54,0,29
1,13,57
40,3,40
60,8,9
49,3,25
59,6,12
48,6,26
19,18,32
11,9,50
43,8,21
11,4,62
12,17,40
39,22,7
21,11,41
18,0,61
9,18,41
16,4,56
34,17,17
11,4,59
21,9,42
9,11,54
40,18,7
37,6,38
9,9,54
13,22,29
21,11,42
41,18,5
10,15,42
22,4,53
16,11,45
0,16,51
5,7,62
31,12,31
14,15,41
18,21,32
51,14,4
0,18,53
27,17,27
26,15,31
6,8,57
33,2,45
30,20,23
26,21,28
47,7,24
25,1,53
37,23,3
41,12,19
37,5,45
32,13,29
13,23,29
33,0,55
36,17,14
12,14,38
18,19,36
42,0,46
36,2,48
27,6,46
6,20,39
38,6,35
17,15,35
16,1,60
0,22,43
20,15,37
24,14,41
23,19,35
6,16,40
45,18,2
35,16,16
20,16,33
55,12,4
30,2,50
36,5,40
33,3,43
61,6,11
12,10,44
16,6,53
24,23,26
31,8,38
48,7,24
33,21,11
47,8,18
42,0,44
3,10,59
35,6,36
33,18,19
39,2,44
28,12,33
9,11,46
18,10,42
17,14,42
36,10,35
2,15,49
20,14,41
23,9,45
10,8,51
23,11,45
11,16,38
43,5,32
56,11,7
49,4,26
30,6,43
31,7,39
35,16,18
9,9,53
31,12,33
39,15,23
22,8,47
48,6,30
6,20,32
8,13,43
25,7,47
57,3,24
25,14,35
19,11,46
56,1,26
45,0,43
30,11,38
35,13,34
8,9,52
20,16,35
28,5,48
7,8,60
43,4,32
58,8,10
44,18,3
21,1,61
22,9,48
9,18,42
4,16,45
37,16,24
41,12,21
33,1,53
4,13,49
46,16,8
57,5,14
24,16,39
46,6,27
48,0,41
45,8,23
38,0,49
17,2,56
42,1,44
41,11,24
52,9,15
27,2,57
3,18,50
40,6,39
63,3,16
55,6,19
44,7,24
49,8,21
39,6,36
9,22,28
17,16,33
55,10,8
3,16,46
51,9,18
44,1,38
62,9,10
32,13,26
14,7,48
0,9,59
36,6,39
43,8,22
50,1,31
10,7,57
42,13,20
9,18,32
12,14,45
41,9,24
10,11,44
45,11,14
2,11,54
33,22,11
10,7,55
21,4,50
29,6,50
40,10,26
24,2,57
29,21,14
37,17,9
45,6,31
40,9,37
40,5,32
13,7,49
16,13,43
11,12,48
14,23,29
50,16,3
19,10,47
12,7,54
10,22,33
29,10,37
28,4,50
7,9,53
30,1,50
33,7,36
26,18,23
34,8,34
8,8,54
48,3,26
34,11,31
9,12,45
12,19,30
30,17,21
45,11,16
49,16,3
33,16,23
43,6,31
33,20,13
55,14,0
11,23,27
31,10,39
7,17,43
41,14,10
3,23,29
12,13,39
40,19,5
36,15,20
33,6,45
32,4,44
7,17,38
34,16,20
60,8,11
48,13,9
62,4,20
8,7,60
58,11,4
61,10,2
29,14,31
15,12,44
32,9,35
16,10,43
23,19,33
19,11,43
32,11,35
41,9,27
16,1,58
17,3,56
25,16,33
39,15,11
1,9,62
26,14,36
48,16,3
26,3,50
24,22,23
44,9,22
51,15,5
56,11,10
32,1,46
13,15,40
34,6,37
36,6,42
10,6,63
61,11,4
9,15,38
5,11,56
61,6,12
38,12,20
44,8,21
61,2,23
60,7,12
22,9,45
30,17,30
4,17,39
37,12,22
25,3,51
1,14,52
22,1,61
54,2,32
2,16,49
5,9,56
7,14,43
29,16,35
17,4,51
40,15,17
13,10,51
63,8,10
10,3,60
58,2,28
34,14,34
26,2,51
56,10,6
30,15,31
35,15,32
26,5,49
55,9,14
6,5,63
58,3,20
1,22,43
18,13,42
4,5,63
48,14,8
59,11,3
50,12,15
36,18,12
11,1,63
32,2,51
40,15,19
17,5,50
23,11,40
28,5,49
31,5,45
27,16,33
56,3,24
34,16,25
43,16,9
40,16,20
50,4,25
3,14,52
35,4,48
34,11,27
32,3,48
15,18,33
16,5,55
5,14,47
13,14,37
43,13,16
63,2,17
30,3,49
19,12,38
11,3,61
32,12,34
48,0,40
38,14,22
57,12,2
58,12,1
15,10,52
46,21,0
49,15,3
24,19,26
25,8,48
37,22,7
54,9,19
29,23,8
55,3,24
27,15,36
58,13,3
6,14,47
54,5,23
59,4,21
8,13,44
19,16,33
49,12,11
47,6,27
39,12,28
51,7,23
34,14,22
24,20,24
38,5,36
61,12,1
50,6,22
56,3,22
22,5,49
21,10,47
49,8,19
31,21,18
59,5,16
19,4,53
10,17,33
23,23,24
42,14,17
14,18,39
28,1,55
3,9,59
31,23,8
12,15,38
27,6,45
24,6,50
39,16,9
13,9,50
5,7,58
39,8,29
27,4,53
37,8,36
17,18,32
25,12,42
63,4,17
9,14,41
46,13,11
38,1,46
1,22,39
21,7,44
19,9,45
60,8,13
35,14,20
20,11,40
38,20,7
28,7,44
45,7,26
18,20,33
6,15,44
51,3,26
19,11,45
37,12,23
2,9,61
42,8,26
35,7,41
4,19,49
5,19,39
3,11,59
22,14,39
41,1,43
26,12,38
58,3,18
1,8,61
20,4,57
45,2,33
14,3,59
0,17,52
55,10,9
16,0,63
60,6,14
8,6,61
7,21,30
2,14,53
51,18,1
32,5,41
25,22,19
36,11,26
59,6,13
8,19,32
34,17,19
60,7,19
38,17,17
53,1,27
29,3,52
46,10,21
54,6,20
47,7,28
27,15,39
31,18,18
28,12,37
39,13,27
25,7,45
22,3,57
14,8,54
52,1,31
50,2,28
21,8,47
53,12,5
38,14,23
14,8,50
12,18,35
5,22,28
62,3,17
50,3,30
26,15,36
35,7,38
56,14,3
44,11,21
5,22,30
18,9,46
31,6,40
35,6,40
44,2,40
33,13,31
17,15,36
22,12,38
48,4,29
5,15,48
40,22,6
11,14,41
27,16,30
35,0,48
30,21,13
37,2,48
59,0,24
54,12,5
39,6,32
15,3,59
1,21,35
30,9,37
43,18,4
20,23,30
37,15,27
10,20,32
35,3,42
8,16,43
15,9,43
27,22,19
6,18,33
39,4,39
46,8,23
3,12,53
27,0,54
28,4,46
37,5,37
21,13,43
53,16,3
49,3,31
52,2,29
19,1,55
37,20,5
29,19,29
62,5,11
11,12,42
27,19,22
40,9,30
30,11,37
26,18,24
60,9,9
62,3,15
63,8,5
55,4,18
49,13,7
11,10,50
21,12,38
23,0,61
55,6,20
39,18,18
19,3,57
0,17,49
50,8,19
9,12,50
18,7,50
28,12,38
41,3,35
7,20,30
23,7,47
3,17,47
19,7,52
44,5,30
6,9,55
34,9,32
20,5,49
47,7,27
35,17,19
6,14,48
37,17,12
20,0,60
18,14,40
4,7,61
13,15,39
34,8,36
44,9,21
21,2,52
11,11,44
9,14,45
29,3,49
16,11,41
8,22,28
46,2,32
24,13,40
41,20,6
26,20,21
16,13,37
52,7,18
11,13,45
31,23,6
1,21,39
48,9,21
47,12,14
7,13,47
18,6,49
30,16,25
46,8,27
10,14,46
22,8,49
35,6,42
25,18,29
23,7,50
26,0,58
51,4,26
43,18,9
10,4,60
7,20,31
6,21,39
38,1,43
27,7,43
5,20,38
47,11,20
3,19,40
22,16,34
40,15,16
37,13,21
54,3,23
32,22,7
1,15,52
40,3,39
21,1,53
0,20,49
31,13,33
33,6,44
16,10,44
40,10,23
22,11,41
24,16,35
17,5,48
38,16,16
42,19,8
35,8,33
33,12,35
4,14,53
2,11,59
53,1,30
47,11,21
46,15,7
0,19,41
4,16,49
35,22,4
52,6,22
2,22,38
19,4,56
6,13,50
6,20,31
30,3,51
37,4,40
28,16,30
16,5,51
29,1,56
1,19,40
40,5,35
4,14,48
22,6,46
43,12,21
45,19,1
14,11,50
2,20,39
27,0,58
17,0,62
41,13,20
4,5,62
61,9,9
0,13,59
40,14,15
58,2,29
3,8,60
51,1,31
52,8,16
0,15,51
6,10,54
23,2,55
57,4,17
11,7,57
40,8,37
25,10,41
46,16,10
61,1,26
26,7,43
28,1,57
1,10,62
30,20,22
38,5,43
25,20,26
52,9,14
25,23,20
25,4,48
17,6,52
24,22,26
21,1,57
40,0,41
14,9,50
8,19,40
28,13,33
34,10,38
48,2,28
4,9,59
12,19,33
4,11,59
49,7,26
29,7,43
18,21,30
31,19,17
13,13,41
49,3,28
17,9,49
13,5,53
4,7,60
26,10,40
12,12,44
14,6,55
20,15,36
46,0,37
59,9,6
0,16,53
59,11,6
15,5,53
42,13,16
35,12,27
62,3,16
27,1,51
3,19,35
21,0,56
50,19,0
39,19,8
12,20,32
27,22,17
5,6,61
16,7,49
58,2,24
8,13,46
12,8,54
46,5,30
51,9,15
53,15,0
22,1,54
23,18,34
8,8,53
10,23,28
26,17,30
54,6,22
32,4,42
43,5,31
23,9,44
5,6,62
49,2,31
49,1,31
9,22,31
7,3,63
11,2,63
51,11,15
28,12,35
52,18,3
12,11,43
55,13,6
34,21,5
37,11,25
5,7,61
58,14,0
0,14,50
21,12,43
15,23,30
23,11,44
18,17,34
49,15,4
59,12,1
23,6,50
58,0,28
9,12,47
48,18,0
51,10,18
23,20,31
39,11,23
48,15,7
24,3,53
46,11,16
47,13,9
25,6,52
33,22,5
39,22,0
45,4,27
39,19,18
47,2,29
16,19,31
24,5,51
8,18,34
45,5,32
17,7,46
31,23,18
60,0,25
5,10,61
37,13,26
15,1,61
48,5,30
29,13,34
32,17,19
54,5,20
43,5,28
55,6,15
32,10,36
39,14,28
17,20,32
61,10,3
45,19,0
25,7,49
33,4,48
26,11,41
27,12,38
21,9,45
50,8,21
14,11,47
22,6,50
1,18,44
39,6,33
7,14,49
52,4,24
25,8,46
24,20,26
26,17,31
62,4,13
19,0,57
13,18,40
11,17,37
22,5,53
8,11,50
14,5,56
45,18,4
2,15,50
17,19,37
55,1,24
16,12,43
4,19,36
27,7,47
51,2,28
33,17,23
14,16,33
38,6,34
18,9,47
31,21,13
46,18,1
29,2,49
18,0,60
38,13,21
29,6,45
49,3,27
15,15,43
35,11,29
44,3,40
37,11,23
62,10,6
10,6,58
14,9,47
60,10,8
47,14,8
34,16,18
38,2,45
38,6,40
0,18,45
2,10,58
17,23,30
13,11,42
44,12,16
5,14,45
44,9,24
56,5,22
45,6,27
5,9,58
17,4,52
29,15,36
17,10,44
30,18,20
37,18,7
27,19,20
50,7,26
11,18,32
59,6,14
14,19,32
53,8,18
30,14,32
46,8,21
46,1,35
9,5,61
14,9,52
57,9,7
42,8,32
42,8,23
9,8,55
43,1,44
1,21,38
4,19,37
12,17,34
1,20,39
32,18,17
43,7,24
9,16,41
31,14,29
18,1,59
3,10,58
39,13,23
16,16,35
28,4,53
24,4,48
52,2,31
12,9,51
10,20,29
47,6,28
41,8,32
44,7,22
4,10,56
12,6,57
5,20,33
39,2,46
41,4,36
4,18,42
11,21,32
44,0,42
28,4,48
35,2,43
28,16,27
28,6,44
46,10,20
30,21,20
33,4,45
26,19,27
1,9,59
31,10,38
53,2,27
37,14,22
57,10,9
33,2,44
0,14,54
32,2,49
19,22,30
60,10,7
27,4,49
48,3,29
62,7,7
8,14,44
4,21,30
55,13,10
51,14,3
57,11,7
37,6,34
39,3,39
4,15,44
6,20,38
21,17,37
43,14,16
34,11,30
41,6,39
31,20,18
39,15,21
52,8,18
9,11,52
4,7,63
24,15,38
32,9,34
40,12,26
39,17,19
43,10,23
24,1,56
3,18,49
41,9,26
11,14,39
36,7,42
55,9,13
11,11,45
49,5,27
23,4,52
24,22,24
33,20,9
26,4,52
58,2,26
1,18,45
2,8,60
2,18,44
15,2,60
40,8,25
49,7,28
3,19,41
59,6,20
58,11,6
58,2,23
27,0,57
34,15,20
60,8,7
26,22,18
28,0,54
19,11,39
32,12,28
36,9,34
43,7,32
45,12,21
30,18,21
58,9,6
32,7,44
54,1,29
63,7,7
43,12,22
21,15,35
6,19,34
9,3,63
41,20,3
7,19,38
55,1,29
1,22,33
63,11,1
37,10,27
59,5,18
22,17,33
5,10,56
9,17,44
39,22,6
40,23,3
14,8,51
29,16,25
21,1,56
42,3,39
43,15,10
20,2,54
35,8,36
28,9,41
24,6,48
37,2,43
29,23,9
32,17,20
31,17,21
25,17,33
48,7,26
48,1,31
10,18,33
37,8,32
32,0,55
10,8,50
37,12,26
19,4,49
6,13,52
15,16,40
47,10,19
2,12,52
15,14,36
53,1,28
13,7,55
55,13,3
1,14,49
32,16,21
2,22,32
45,4,30
20,5,47
21,10,45
16,10,42
26,16,36
63,13,3
10,21,33
25,1,51
5,7,60
53,7,21
27,20,24
5,16,46
51,12,9
16,1,57
36,19,7
0,14,57
53,15,4
21,5,55
10,7,58
6,7,59
46,2,33
0,8,63
10,8,54
38,10,30
32,9,36
50,0,33
29,12,34
5,4,63
34,16,23
54,7,18
45,5,25
8,20,30
62,4,16
1,23,35
32,8,43
48,0,36
61,9,3
9,19,31
28,21,20
52,12,7
42,17,10
43,6,29
28,20,17
30,6,49
1,18,47
29,13,31
32,18,18
7,17,36
28,5,51
25,6,47
48,11,15
44,9,20
21,13,37
54,8,20
44,4,39
30,15,30
29,20,20
27,13,36
30,18,29
26,5,50
38,0,44
13,15,36
33,10,35
33,5,41
14,10,47
41,2,42
21,14,36
4,17,45
63,3,19
0,22,37
59,13,1
45,16,8
34,9,38
10,11,49
35,12,26
20,2,61
52,5,21
16,8,48
20,3,59
29,17,30
41,3,37
22,1,53
27,13,32
28,2,54
50,10,11
42,10,21
4,19,41
12,5,54
23,20,34
55,7,21
43,19,2
21,8,45
34,16,31
18,18,37
17,3,54
38,2,44
15,2,63
56,6,20
47,2,30
8,13,49
32,6,45
45,17,6
61,8,6
17,7,45
1,22,40
50,12,9
3,18,43
17,0,59
20,19,30
56,1,28
26,7,44
32,21,18
27,5,52
43,14,17
44,11,20
45,8,20
60,6,19
4,7,59
45,19,8
50,7,27
28,5,47
15,0,60
58,5,17
44,18,11
31,2,50
23,10,41
18,23,30
20,2,59
1,19,45
44,11,17
11,5,59
11,15,47
56,9,10
35,20,7
28,1,53
40,18,6
15,8,46
30,18,28
37,7,34
26,6,51
37,4,45
2,19,44
6,7,62
53,11,8
6,18,34
45,13,20
11,4,57
55,6,21
45,18,8
4,20,35
40,21,6
58,3,23
54,9,11
22,12,43
32,12,30
26,11,43
21,17,33
34,4,44
56,4,17
26,0,53
0,23,35
10,11,48
47,0,39
4,21,32
37,1,48
31,22,9
37,0,51
20,10,45
10,15,45
41,3,38
7,7,61
20,17,33
40,8,28
34,10,32
18,13,44
35,9,31
40,17,15
40,9,23
24,7,46
39,12,22
51,9,12
17,2,55
31,13,31
55,9,11
31,3,50
4,19,47
42,21,0
16,1,61
41,3,42
60,13,0
46,0,44
62,9,4
26,9,43
12,12,41
62,11,4
33,23,5
28,3,51
16,17,36
35,15,22
27,0,59
2,12,54
35,9,35
46,3,28
54,8,12
46,7,21
22,16,37
25,13,37
19,0,59
26,18,27
10,6,57
38,10,28
23,11,39
32,3,49
21,0,57
17,1,62
38,23,1
2,13,53
62,1,20
1,18,53
59,9,8
3,20,36
19,0,58
22,9,41
27,14,33
29,4,48
47,7,20
32,20,13
25,15,35
20,3,54
37,19,7
57,8,11
47,11,16
25,8,45
13,9,52
56,4,18
41,4,34
17,7,53
21,15,38
62,7,12
44,18,5
43,1,36
37,16,17
62,6,9
30,15,24
30,16,30
14,7,50
32,14,24
39,9,24
38,10,24
63,12,3
59,6,19
40,10,28
56,9,8
5,23,27
11,8,56
46,7,22
31,22,6
30,21,12
50,10,12
50,20,0
36,19,8
33,18,20
33,12,33
1,12,56
35,7,36
54,4,20
7,5,61
18,4,56
28,10,42
1,19,41
17,7,55
24,23,22
14,17,32
46,5,31
34,20,10
2,9,57
62,4,12
32,5,42
61,1,19
17,3,58
1,14,54
37,18,10
44,13,18
2,11,57
61,9,6
52,4,22
33,1,48
12,3,61
41,15,16
10,11,50
29,18,20
38,15,15
3,6,61
38,1,44
19,2,58
34,14,25
14,21,29
27,14,38
4,14,51
9,6,60
14,9,46
24,2,50
3,18,39
20,16,37
47,11,15
41,7,27
11,7,52
46,8,19
12,12,42
24,2,56
16,9,48
60,12,3
21,4,55
35,3,47
51,8,20
10,9,50
45,9,22
33,7,42
39,7,30
3,17,41
48,1,37
14,11,46
30,11,36
7,16,40
24,4,50
27,20,21
29,3,48
38,20,5
6,8,61
42,12,17
46,8,25
16,4,54
35,15,33
3,18,45
33,14,31
38,11,28
9,16,40
38,6,42
44,1,40
54,13,6
61,4,16
39,8,27
43,1,38
20,17,32
46,14,8
5,15,43
31,1,49
29,6,44
48,6,28
3,15,46
56,5,25
58,0,27
0,16,52
39,16,10
47,16,4
6,20,40
45,11,20
14,16,36
27,9,43
30,0,51
27,1,55
41,17,8
12,10,50
24,0,54
45,3,34
49,10,18
26,20,25
41,1,41
14,9,51
47,7,30
38,2,41
29,21,20
34,7,36
4,18,40
50,10,16
1,15,55
18,16,34
27,6,49
14,11,51
13,12,45
4,22,30
54,14,2
53,0,40
55,1,26
10,12,43
9,11,49
22,0,63
10,14,39
27,18,25
47,10,16
46,6,25
44,6,26
51,2,30
36,13,23
34,14,20
29,17,27
2,16,46
10,12,41
36,14,21
1,14,58
12,12,48
27,18,26
55,3,26
0,15,54
47,10,21
60,2,25
23,23,23
30,19,22
0,18,43
53,7,22
46,13,13
56,4,25
55,0,33
23,9,48
1,18,41
8,21,29
23,4,54
52,5,23
27,4,48
21,1,58
37,6,43
54,9,12
27,19,27
20,2,53
19,7,44
27,3,51
22,17,34
36,14,27
21,15,34
35,2,47
38,0,45
25,17,32
7,8,63
18,16,35
52,19,0
29,20,17
27,7,44
37,6,35
62,4,14
12,4,59
18,19,31
59,9,9
44,11,16
12,11,42
25,10,42
0,7,63
1,17,54
28,21,17
5,20,40
13,12,48
26,19,30
9,11,47
17,8,44
25,12,37
59,2,28
39,13,22
26,9,41
49,4,28
20,12,43
40,17,7
43,17,5
41,15,20
9,7,53
35,13,21
18,11,42
28,9,39
30,3,46
55,13,5
24,3,56
34,5,40
59,1,24
2,10,59
41,3,39
15,11,48
15,9,48
4,20,41
3,6,62
35,13,22
48,6,25
59,1,23
59,3,21
22,8,46
5,16,49
47,16,5
35,16,24
17,6,49
38,17,9
25,8,47
19,8,51
51,10,13
1,23,31
28,21,18
39,1,46
30,9,38
5,15,46
5,19,47
63,2,15
10,21,30
44,10,18
51,8,24
40,2,40
58,0,24
15,11,46
32,14,29
43,20,1
20,5,51
39,7,35
13,17,35
1,17,47
16,17,33
59,5,13
12,14,43
19,4,57
45,8,30
29,0,50
34,6,43
36,7,38
9,7,62
6,15,48
6,18,41
0,21,43
51,8,16
16,0,60
19,17,32
24,3,49
13,4,58
47,5,24
41,7,28
21,11,39
28,2,49
32,20,15
27,8,44
14,20,34
39,1,50
53,9,18
17,17,38
14,6,50
12,12,49
55,12,9
29,8,38
9,4,61
9,13,47
34,18,14
40,8,31
63,5,14
2,22,39
7,21,29
21,5,51
7,18,35
55,4,25
13,11,50
11,12,45
0,23,38
24,5,54
37,16,11
9,6,57
46,5,28
25,4,52
47,1,31
46,1,36
38,13,25
14,2,58
58,1,28
2,21,35
31,19,22
12,10,46
40,17,14
33,16,20
38,16,17
34,16,19
26,7,48
10,3,61
61,6,18
11,7,55
26,19,22
53,9,20
15,21,31
53,5,24
56,8,19
37,2,42
33,12,28
0,12,58
27,19,26
5,18,42
25,9,43
24,2,58
10,8,60
25,21,27
4,18,43
19,12,46
40,14,13
18,20,31
31,22,17
44,16,11
38,9,29
40,16,22
0,18,52
8,6,63
27,23,13
60,4,18
28,17,31
45,18,5
47,8,22
25,11,43
8,16,41
25,18,26
45,10,18
30,2,47
27,18,31
40,3,45
7,13,53
28,18,21
33,7,37
36,0,50
12,17,32
45,14,11
48,14,7
10,14,42
22,7,49
48,17,1
25,18,27
4,12,54
62,1,22
40,7,36
3,7,60
40,9,27
52,7,25
41,9,31
11,21,34
15,14,42
51,7,20
9,13,42
6,12,48
12,9,47
6,17,42
26,15,39
21,0,62
38,16,18
18,6,51
25,1,59
37,14,20
44,5,32
50,12,10
10,10,52
45,2,35
1,22,35
23,1,59
38,22,4
32,20,11
23,23,30
59,4,18
57,5,16
44,7,26
42,13,12
45,3,32
40,12,22
24,1,52
24,22,22
29,13,33
10,14,43
23,8,47
23,17,33
35,19,8
47,0,40
19,7,48
19,2,54
25,19,24
10,9,49
40,8,29
40,11,27
54,10,18
37,7,35
4,18,39
8,8,56
2,8,61
12,11,47
14,6,58
14,15,39
39,14,14
47,18,0
20,15,35
38,8,39
32,15,24
13,13,46
3,7,59
36,7,36
29,17,23
12,14,41
42,15,20
10,18,32
0,19,47
56,5,20
20,17,36
34,0,49
45,17,9
50,3,26
23,15,36
55,2,25
22,6,51
43,16,8
27,4,46
19,12,44
22,11,43
46,9,19
2,21,32
46,15,8
62,6,8
36,15,22
12,4,55
28,8,40
26,2,55
26,22,19
57,9,9
60,4,17
2,17,48
9,22,29
55,8,20
53,4,21
23,11,43
6,7,58
32,17,25
51,16,0
31,4,50
24,4,51
27,11,38
26,21,21
2,15,52
29,17,31
39,10,23
20,13,37
13,11,41
18,8,44
36,2,45
60,5,15
39,16,11
12,4,57
35,1,44
23,3,50
59,8,12
26,11,40
50,7,20
1,11,58
19,11,40
11,22,29
3,7,63
33,21,10
22,3,53
14,12,40
27,18,23
36,3,44
18,13,39
10,7,61
22,2,56
11,20,30
62,8,9
61,6,10
27,15,34
17,1,56
63,2,16
36,23,4
2,13,55
15,15,36
13,16,34
52,11,8
47,1,35
18,19,33
20,12,44
50,5,22
37,4,41
33,8,44
20,4,51
0,17,46
49,15,6
34,8,41
63,9,3
16,15,40
46,4,27
55,13,4
53,10,18
43,15,9
14,0,63
15,8,54
41,12,17
48,0,33
34,16,26
50,2,27
42,10,18
47,11,14
54,11,6
22,9,43
56,3,28
45,1,42
36,7,35
38,17,23
36,13,33
30,20,18
1,19,49
10,22,28
4,23,28
26,3,51
23,8,48
54,0,33
10,15,46
24,14,36
14,6,54
5,9,59
60,13,4
27,12,37
50,15,4
14,8,48
2,19,43
51,9,13
12,15,47
31,12,37
49,6,21
29,10,39
63,11,3
4,19,40
61,1,20
45,6,24
60,11,5
60,2,18
36,14,33
63,4,13
42,15,11
23,22,24
17,14,39
34,2,45
37,0,47
5,18,36
35,1,47
48,5,27
45,8,22
60,3,19
49,2,32
23,15,35
9,23,27
52,5,24
36,5,43
39,15,16
3,18,47
26,12,37
28,10,36
28,11,38
57,4,21
28,23,17
58,8,8
43,13,18
47,7,31
31,21,10
58,5,15
18,0,63
37,6,39
58,0,23
28,7,43
4,20,44
60,11,1
26,17,32
40,6,33
28,14,37
26,16,29
46,9,18
10,10,56
29,3,50
9,14,44
60,1,21
41,11,21
58,1,22
10,11,45
32,1,51
62,11,7
21,15,37
15,9,44
35,9,36
6,7,61
61,6,13
37,16,23
58,10,5
19,13,42
23,9,47
28,12,34
2,20,47
62,3,18
9,10,50
25,8,43
42,12,21
2,14,51
39,15,24
21,1,54
7,7,55
7,16,42
51,16,3
44,12,14
16,4,58
54,5,21
2,23,29
48,4,25
43,9,25
2,17,45
53,1,33
26,15,34
13,8,47
17,8,49
24,3,58
25,11,39
23,10,44
52,16,1
13,2,63
16,17,40
51,9,16
28,14,30
10,5,59
24,10,40
43,12,15
7,11,53
62,5,10
7,8,62
45,8,24
42,12,20
36,14,20
24,5,53
31,5,44
40,5,38
10,20,33
28,13,38
3,19,37
33,15,22
55,8,22
12,10,45
32,19,14
26,22,28
12,17,33
16,11,40
63,0,26
15,18,31
13,6,53
6,14,45
28,20,24
47,8,27
58,10,8
10,20,31
33,16,21
23,4,50
25,21,31
36,15,19
47,4,26
61,8,9
61,11,3
12,4,56
49,9,26
35,14,32
40,11,20
28,18,22
4,6,62
26,14,38
19,0,61
19,7,49
35,8,37
29,9,41
20,13,39
38,0,43
10,2,62
24,6,53
42,9,22
34,21,7
33,4,43
32,3,45
21,11,44
5,5,62
7,17,41
35,18,17
42,11,22
17,9,46
39,7,36
46,19,2
8,23,27
43,10,24
5,8,57
48,6,21
39,4,38
58,10,6
36,17,10
6,11,50
48,15,8
4,11,57
49,12,9
27,6,44
36,18,9
55,1,27
48,14,6
15,4,56
5,13,48
48,18,2
18,3,53
1,13,51
38,7,35
57,14,3
15,15,37
62,7,9
39,10,27
52,9,19
42,10,26
23,4,48
37,9,30
10,15,36
27,3,50
60,6,18
7,9,60
37,10,26
45,7,27
13,14,46
18,1,60
35,2,44
43,13,23
36,16,17
39,21,7
18,15,39
26,13,40
35,20,9
1,20,44
23,9,42
34,17,15
29,15,31
26,6,52
42,10,31
60,6,17
31,20,15
11,17,34
40,16,9
38,16,11
48,13,14
17,16,36
10,5,63
5,19,46
21,8,51
7,19,32
8,11,52
39,8,36
43,6,26
42,15,19
32,16,22
16,23,30
36,9,31
18,5,54
18,2,57
11,19,33
20,22,30
17,13,44
52,3,25
36,5,42
17,0,58
42,8,31
15,12,48
42,3,37
43,8,27
3,11,55
44,14,15
55,4,26
24,3,48
23,0,59
44,18,4
20,13,43
0,11,60
54,3,25
40,1,42
51,12,8
20,9,47
20,8,44
7,6,61
59,9,10
32,13,27
46,3,30
17,17,37
43,17,7
0,9,60
54,6,19
39,0,44
3,15,50
3,10,56
11,7,51
24,11,39
47,3,28
19,2,61
31,3,47
61,8,11
35,8,41
16,2,60
26,1,59
14,4,56
8,13,47
63,9,8
2,19,41
23,7,46
57,10,7
39,1,43
28,12,36
1,16,53
50,10,13
22,9,46
27,9,41
36,9,39
25,17,28
46,13,20
29,12,39
41,4,38
47,3,31
38,3,41
39,12,18
63,7,13
16,8,45
21,18,30
20,6,46
31,18,19
42,7,26
33,8,39
32,2,48
52,17,3
29,8,41
12,1,62
28,13,32
32,7,38
16,15,36
18,14,39
19,14,36
37,18,12
1,23,33
55,7,17
12,13,44
9,12,48
60,5,17
17,12,38
11,16,34
12,14,37
34,20,11
11,10,46
31,10,40
51,16,4
25,11,40
56,7,21
19,8,50
59,0,27
11,2,61
17,5,52
2,19,45
43,3,39
32,18,22
45,0,42
56,5,16
18,8,49
15,10,48
40,1,41
26,2,50
42,7,25
12,6,58
26,2,58
7,10,58
9,9,50
44,10,17
29,3,53
17,12,42
19,13,40
14,20,29
11,12,47
59,8,10
11,15,45
23,1,56
27,12,34
37,1,42
36,0,48
34,9,39
11,18,31
61,1,21
56,13,3
58,5,16
36,4,45
5,17,42
16,14,37
39,10,26
4,10,62
60,2,22
43,14,10
40,9,36
2,18,49
25,5,47
53,15,5
43,8,28
41,14,12
43,2,40
47,5,32
27,5,49
5,17,38
10,12,46
40,18,8
46,8,18
22,4,54
19,14,40
2,20,38
4,15,46
7,19,39
30,5,49
56,3,19
28,2,57
55,16,1
40,5,34
13,5,55
56,3,23
13,14,41
38,12,25
46,16,7
25,23,19
28,10,40
0,21,41
46,12,19
33,7,40
57,2,22
40,2,41
58,2,19
6,19,38
1,12,54
17,2,58
43,12,16
19,15,39
31,21,19
17,5,51
37,1,47
15,17,35
27,17,31
15,4,61
39,7,32
17,14,36
30,14,28
0,19,51
31,0,52
50,9,17
44,18,8
36,14,28
53,8,13
26,1,50
15,13,42
49,11,14
46,1,37
39,6,37
27,1,52
55,9,9
39,3,40
21,0,55
2,15,56
23,2,56
46,5,24
4,18,41
43,9,21
23,8,51
20,4,59
24,23,30
41,4,41
45,9,27
53,5,21
45,14,9
39,18,7
43,18,6
12,9,49
59,11,4
16,8,44
21,2,53
34,7,37
18,7,49
13,23,28
23,10,45
28,6,50
46,10,26
58,7,12
42,14,20
60,0,24
14,11,41
41,8,28
22,10,40
63,6,11
45,1,37
49,1,29
6,21,38
10,21,31
29,4,49
30,15,32
63,1,18
31,23,5
52,8,13
29,0,54
45,4,31
38,4,44
58,2,21
16,5,50
35,11,30
51,10,11
50,9,18
56,6,16
34,0,47
57,14,1
20,2,56
43,2,39
42,4,37
13,0,63
56,2,23
57,2,30
56,8,13
57,11,4
5,14,50
30,8,39
39,21,6
37,14,18
14,12,48
9,13,40
55,2,22
25,18,33
1,18,49
6,7,60
16,22,31
30,7,40
8,15,38
31,8,37
27,23,14
62,0,25
1,14,53
48,11,12
53,13,11
15,7,54
27,11,39
54,10,8
47,9,21
9,18,44
21,13,39
27,10,39
24,8,48
28,2,56
30,6,50
53,5,27
46,11,19
59,14,2
19,9,51
23,14,36
44,10,22
11,14,43
41,0,44
37,4,42
13,3,60
26,10,41
34,6,40
60,8,6
39,8,28
27,8,46
6,13,51
16,4,52
20,1,58
27,10,41
17,12,41
21,9,47
61,11,0
30,11,35
8,15,40
54,15,2
58,1,29
40,20,8
17,0,60
35,9,30
13,8,48
40,19,8
39,18,6
21,5,54
10,14,38
14,10,52
41,5,32
7,19,42
21,3,53
56,6,14
48,1,38
1,23,34
26,22,20
10,8,52
59,10,6
24,23,28
2,9,59
6,18,38
48,14,10
9,14,42
35,3,41
3,7,62
32,20,19
24,2,52
49,10,15
48,9,26
36,20,4
43,7,26
11,16,43
22,2,51
44,7,23
18,13,38
47,17,2
48,16,4
32,11,33
5,17,47
32,22,10
27,23,16
26,23,25
5,15,42
1,10,63
46,10,27
32,22,6
38,7,39
4,13,57
7,20,43
34,20,5
22,11,39
37,5,42
36,12,25
63,3,17
9,14,50
14,13,44
11,18,36
61,0,21
26,2,52
49,0,33
37,2,45
31,6,43
3,19,36
26,15,32
12,7,51
17,6,56
57,13,3
15,7,55
11,10,47
53,16,2
14,3,61
26,5,47
18,16,38
46,1,34
10,15,41
47,8,25
30,16,29
41,16,8
17,17,35
51,8,18
33,1,47
26,23,18
35,8,39
0,10,58
41,19,4
11,13,49
9,20,31
18,3,52
27,19,30
20,18,32
51,6,21
14,14,41
8,18,44
20,4,58
59,0,23
11,6,63
39,19,6
0,23,40
11,7,53
11,14,48
29,1,54
30,15,34
47,2,31
30,19,18
21,12,42
34,20,7
0,10,59
56,3,27
4,17,46
31,19,20
30,1,49
1,7,62
45,16,9
37,1,45
62,9,5
18,5,50
43,16,11
35,14,21
30,17,22
53,0,29
5,15,47
37,8,39
1,10,59
34,12,28
43,13,14
30,16,28
37,14,17
52,5,22
51,11,14
7,15,51
36,4,39
23,2,51
4,19,45
57,0,29
36,4,43
33,9,35
62,5,12
25,19,27
7,19,33
34,22,5
43,11,20
57,0,35
35,16,17
33,11,29
35,5,38
42,10,19
53,4,22
25,5,50
24,4,53
14,18,31
26,4,48
27,0,60
49,8,20
62,11,0
62,8,6
21,4,49
7,15,46
32,6,42
30,1,56
4,15,50
39,1,42
26,4,49
37,7,37
44,15,11
5,12,50
34,7,38
43,9,20
59,0,25
2,19,49
41,5,39
24,6,46
25,14,36
30,5,46
30,0,52
7,18,39
30,14,30
14,18,33
49,2,30
48,4,32
33,8,37
33,11,35
57,4,22
47,5,26
35,4,47
28,18,24
13,7,54
33,6,42
42,12,15
16,9,44
15,8,51
27,3,47
12,6,55
21,4,58
12,17,38
61,11,1
32,21,7
54,1,32
4,18,49
57,3,20
53,3,24
5,12,53
54,10,17
27,17,28
22,0,58
44,12,19
40,0,42
18,18,36
23,12,41
26,10,43
11,11,46
1,10,57
58,5,14
38,18,16
21,12,41
28,6,45
13,7,50
31,23,10
60,0,22
56,2,26
33,12,29
59,4,16
14,10,45
11,13,47
57,3,21
21,8,49
6,23,27
47,8,26
22,12,42
27,17,26
37,0,46
4,10,55
43,6,30
8,9,59
11,9,53
50,7,23
23,6,51
26,9,44
49,18,2
29,6,48
10,5,61
48,9,17
47,16,3
44,8,27
15,3,54
54,7,19
48,7,21
50,6,23
12,19,32
4,15,45
43,12,20
34,21,11
13,4,59
63,0,23
26,14,33
15,5,50
61,0,26
40,8,26
9,11,53
14,4,59
26,17,29
3,12,50
30,21,18
16,21,31
49,15,5
40,15,20
39,16,18
29,15,26
39,8,31
27,11,41
45,5,33
13,19,35
47,6,23
31,16,30
4,21,41
47,5,25
44,10,21
21,13,38
46,4,33
36,0,47
26,12,40
15,11,44
26,23,26
33,1,49
30,9,39
30,14,34
11,9,51
35,21,5
23,11,42
25,22,27
25,0,56
30,13,34
19,16,35
16,8,53
44,3,34
57,8,10
42,18,7
15,6,51
61,7,9
52,8,14
14,17,40
42,18,5
6,10,59
20,11,46
30,1,54
23,5,50
35,6,38
11,5,58
50,5,26
28,15,29
24,3,54
8,7,57
31,4,45
13,8,50
42,6,38
15,7,51
4,11,53
42,12,19
50,8,26
37,5,39
15,6,53
59,12,2
28,5,50
34,22,11
54,8,19
38,3,39
36,8,35
37,16,18
38,12,21
19,7,51
62,0,22
37,9,28
37,15,17
43,5,30
8,4,63
1,22,34
37,12,28
38,16,23
31,5,42
23,4,49
26,14,31
46,8,22
8,10,50
14,3,57
5,20,42
3,8,59
9,21,31
5,10,60
11,16,37
32,17,22
32,6,43
37,16,16
52,17,4
37,11,28
31,2,46
27,15,30
24,10,41
50,15,5
29,10,40
38,9,36
30,16,27
55,3,23
10,21,29
44,11,15
27,16,32
11,11,48
24,13,41
11,9,48
32,16,25
39,15,14
59,12,3
3,10,60
49,6,26
46,0,36
40,0,45
23,2,50
46,2,31
16,2,56
38,21,6
13,11,44
27,17,25
38,12,27
31,3,46
34,21,6
3,22,29
51,10,14
45,10,23
24,1,54
56,14,2
2,21,33
23,15,38
15,8,45
23,1,54
18,5,49
19,8,49
56,1,24
33,23,4
47,1,32
3,17,45
27,0,53
29,8,44
12,16,34
31,13,28
20,3,51
30,15,33
57,10,8
52,11,10
7,6,63
14,5,53
46,17,4
34,12,27
23,12,40
6,12,51
44,13,21
37,17,10
16,10,46
25,18,32
7,15,50
48,5,22
34,8,42
52,1,28
62,5,14
33,3,44
11,12,49
35,18,11
22,9,42
2,21,46
50,15,3
7,8,54
6,17,36
25,5,49
35,10,39
44,15,12
52,0,33
37,15,18
37,4,39
13,11,46
34,14,21
56,3,21
9,5,60
13,8,51
26,17,33
2,20,34
4,21,34
28,0,58
45,15,7
18,7,52
11,15,37
7,13,48
56,13,6
46,7,25
16,12,44
27,10,42
38,4,43
49,16,5
49,9,20
41,6,33
10,9,53
14,10,44
32,11,31
34,21,9
31,21,11
26,8,45
1,22,46
23,9,41
56,12,10
23,1,58
23,0,63
40,20,3
3,20,44
50,8,18
18,10,45
21,3,59
5,11,52
10,10,51
45,8,29
9,7,54
9,15,37
40,22,8
11,4,58
17,16,35
44,8,29
40,4,38
34,4,42
6,12,52
20,1,61
52,3,24
53,1,32
38,18,6
17,3,59
46,5,33
19,8,43
51,19,0
34,13,23
56,7,15
38,14,27
3,14,51
5,19,37
58,12,4
41,17,9
24,1,59
32,12,35
13,8,55
59,5,19
13,9,53
10,11,53
41,20,7
43,10,18
15,13,41
29,8,42
9,6,63
9,21,32
29,2,50
59,3,18
55,5,23
32,4,45
18,20,30
31,9,40
46,11,22
2,12,56
24,13,39
20,5,48
13,5,54
20,2,60
42,13,19
20,18,35
38,16,10
11,15,43
48,3,30
46,7,24
22,16,33
2,7,61
9,15,36
15,11,45
38,13,26
1,13,52
45,6,32
8,8,62
40,14,12
50,9,16
16,6,50
33,9,33
23,8,44
24,11,41
7,14,42
37,1,51
61,6,9
39,17,9
11,18,38
44,15,9
10,10,54
40,7,29
56,4,21
41,7,33
53,6,23
9,11,50
7,20,32
46,9,22
21,1,55
19,1,63
32,14,30
11,20,33
26,9,45
29,20,21
1,12,59
29,18,24
16,9,43
7,11,49
12,18,31
32,10,35
16,11,43
24,9,41
0,19,43
37,13,27
52,10,12
59,3,17
48,11,14
52,8,24
50,11,16
41,1,42
34,13,26
35,17,13
40,12,20
31,22,12
21,4,59
37,15,15
57,3,23
61,3,16
29,1,49
8,8,61
25,0,58
17,3,63
38,16,12
38,4,42
0,13,55
21,2,57
31,22,10
38,0,46
34,0,46
37,13,22
43,7,25
11,10,49
32,2,52
10,19,31
54,6,16
36,0,46
26,5,52
9,10,48
1,14,56
41,6,32
30,5,50
42,14,15
19,2,59
18,17,37
43,0,41
34,5,43
1,19,39
4,14,47
32,1,49
37,3,45
63,3,15
24,20,25
38,23,6
49,6,25
56,8,10
1,19,46
44,13,20
29,9,42
48,4,27
22,18,32
18,10,50
52,18,0
36,14,23
52,5,25
13,17,38
19,2,53
25,15,36
18,1,56
41,10,27
48,7,27
23,8,49
26,7,45
32,8,39
4,10,53
60,9,4
38,18,9
55,8,14
2,14,54
54,17,1
30,0,57
60,1,23
54,9,10
60,5,19
31,16,23
60,7,11
31,11,33
0,10,60
42,22,0
8,14,47
33,14,23
18,4,51
45,16,7
32,13,28
28,17,26
30,4,46
17,19,31
12,13,45
43,12,23
51,8,17
42,17,8
53,13,10
44,19,2
37,5,44
17,3,57
2,10,56
44,10,20
18,17,33
19,8,46
3,22,32
39,15,19
49,1,37
5,20,34
36,10,39
32,0,54
59,2,19
17,6,50
36,9,32
54,4,22
7,18,37
14,10,48
19,15,40
37,2,47
16,7,46
27,13,38
17,16,39
48,4,28
29,16,29
41,10,26
29,5,50
24,5,49
21,7,48
18,3,56
26,22,25
9,10,52
43,4,40
51,5,22
63,7,5
45,7,21
56,5,24
52,8,23
17,1,63
26,4,47
36,6,41
43,12,24
14,17,41
8,19,45
15,7,48
12,15,40
4,13,48
0,23,31
46,7,27
17,5,56
55,5,25
17,15,41
19,7,47
26,0,62
35,8,34
4,11,56
56,4,20
4,10,58
58,9,11
19,10,42
32,2,46
53,8,14
4,20,31
55,12,10
26,23,28
55,12,5
29,10,35
42,10,22
54,11,8
46,9,26
1,22,32
0,16,54
31,23,11
16,0,59
62,7,11
24,8,46
44,17,6
12,22,29
10,21,32
36,20,5
41,16,19
29,18,22
29,14,36
1,15,51
21,3,55
28,7,46
43,18,5
7,11,51
11,4,56
34,2,49
43,17,11
22,8,45
52,14,5
33,11,31
6,9,61
29,14,30
50,11,14
9,12,51
31,23,9
19,18,36
43,16,12
25,15,38
4,9,56
55,2,23
32,6,40
6,6,63
55,11,6
35,19,10
31,13,30
46,16,5
28,23,11
63,6,10
37,6,36
13,3,57
43,14,11
14,14,38
50,15,2
36,12,33
33,14,25
19,4,51
44,13,13
42,7,31
40,13,15
60,13,2
39,18,17
31,16,31
23,21,32
19,1,58
34,1,49
23,18,32
24,4,52
42,8,28
7,7,60
20,14,35
55,7,22
36,5,37
34,8,35
47,21,0
2,16,45
56,1,29
10,8,56
16,6,52
56,10,8
1,23,38
17,15,38
33,5,40
41,2,41
9,6,59
13,4,56
40,6,30
5,17,39
55,5,17
49,2,27
52,7,16
36,6,38
46,9,20
36,15,16
26,7,47
41,5,33
16,3,58
7,18,36
27,23,18
7,9,55
30,11,39
38,22,7
51,3,28
35,10,35
2,13,57
9,6,62
6,7,57
24,14,40
50,1,28
39,14,23
29,19,22
5,20,41
43,20,6
27,14,36
13,4,57
9,17,46
42,14,18
25,0,53
34,12,35
2,11,55
41,7,26
26,16,32
31,14,33
15,0,61
49,17,0
55,5,18
12,3,58
18,6,48
42,8,24
6,15,41
13,10,47
42,16,15
32,19,18
55,14,4
42,7,24
51,4,30
38,13,23
44,4,29
56,9,9
59,10,5
34,11,32
39,16,23
39,13,24
52,15,4
53,11,7
51,7,21
2,13,56
52,7,24
37,14,19
21,14,39
27,17,30
2,15,55
60,7,13
9,15,42
9,10,49
39,11,28
37,5,43
42,13,17
16,3,61
36,10,34
18,10,43
28,23,12
49,11,16
42,12,18
35,1,45
31,18,17
34,19,13
1,7,63
48,2,37
32,11,34
33,2,48
34,3,42
56,2,22
26,14,37
34,15,31
22,12,40
10,5,62
60,4,15
43,2,38
35,2,48
63,10,0
0,20,46
30,17,20
35,0,47
59,1,22
23,8,45
30,7,41
7,6,62
3,7,61
27,13,37
11,8,54
37,14,26
53,10,10
19,6,46
60,1,26
20,15,38
0,13,57
40,1,44
56,11,9
32,19,17
63,8,9
43,15,12
40,10,24
4,13,53
43,19,8
4,14,46
49,9,19
47,7,23
4,20,32
15,5,52
63,4,19
40,7,32
35,5,39
5,21,38
13,18,31
35,6,41
10,15,38
54,5,22
58,9,7
23,23,32
51,9,17
15,2,62
13,1,62
36,2,42
30,3,54
12,20,33
37,12,27
23,1,52
54,11,7
37,8,31
51,2,31
7,8,56
2,13,54
30,6,41
33,10,33
27,2,49
62,10,5
36,22,4
10,12,53
37,3,40
33,2,49
5,18,38
10,14,47
12,18,38
16,4,60
5,15,44
38,7,31
38,14,26
16,3,63
4,12,52
10,6,60
45,1,35
21,10,40
2,10,60
41,14,14
25,3,48
36,9,33
27,2,53
57,0,24
53,14,4
40,14,19
57,7,14
44,14,12
20,9,46
18,18,31
0,17,53
18,21,31
9,17,34
8,14,45
29,17,32
41,3,36
59,12,0
20,16,36
41,5,31
52,6,26
63,4,11
35,8,42
28,2,53
4,17,50
37,21,7
30,13,32
34,14,24
26,21,19
15,4,59
40,10,29
33,5,42
14,8,55
30,16,24
7,20,39
31,17,30
12,6,52
10,12,49
0,21,37
45,15,8
27,12,39
16,6,54
32,21,12
41,11,19
32,7,45
13,6,59
7,19,45
2,18,46
31,1,54
28,0,55
17,7,54
34,4,43
53,0,31
5,20,32
24,8,45
43,14,19
55,0,29
11,2,62
28,23,13
21,12,40
21,17,34
9,13,41
16,8,50
12,20,35
29,0,57
43,4,33
17,11,39
15,9,45
10,7,56
2,16,50
16,4,55
21,11,45
2,21,44
34,6,39
39,9,37
31,21,17
47,10,22
13,20,30
55,3,25
48,12,15
31,0,55
40,7,31
24,16,34
19,12,45
12,5,55
47,0,35
39,16,16
35,20,11
30,6,42
19,17,35
31,13,27
40,20,6
5,11,53
28,19,20
18,0,57
46,10,16
27,5,46
48,11,16
28,16,31
9,4,60
30,21,21
53,5,20
29,17,33
5,9,53
23,5,56
37,2,51
60,11,2
53,6,26
63,5,13
56,7,13
20,2,55
14,15,36
42,13,23
23,8,50
9,11,51
12,11,54
10,4,61
8,9,53
30,7,44
45,7,23
45,17,5
43,1,37
27,3,48
29,7,42
51,12,7
45,17,7
22,8,50
55,9,10
47,12,12
40,11,21
10,20,30
27,14,35
0,11,57
14,15,40
21,0,60
51,8,23
51,8,19
55,11,10
22,18,36
44,14,17
13,5,60
47,23,0
27,11,36
20,1,54
40,19,7
31,17,31
36,23,5
9,16,46
44,4,31
14,10,51
33,15,24
3,19,39
44,1,37
0,22,36
16,18,32
5,17,43
46,4,29
61,10,6
52,17,2
32,0,53
34,18,20
54,2,23
5,19,40
1,20,41
32,14,25
54,2,26
13,10,49
11,5,55
47,9,24
53,5,25
3,19,49
42,5,31
9,9,51
12,8,49
42,11,23
32,13,35
38,14,17
20,4,49
52,0,34
42,13,18
61,8,7
6,9,56
7,12,49
8,14,40
37,16,13
8,16,40
46,5,32
42,5,30
30,20,19
15,15,41
63,2,20
7,17,40
60,10,4
62,2,20
3,23,30
10,10,50
23,16,33
26,20,27
41,16,9
38,5,42
3,18,42
36,8,32
39,23,0
30,8,40
3,20,41
33,18,14
17,6,48
28,14,34
15,23,28
27,8,47
5,21,30
61,5,13
41,11,26
49,7,27
16,12,38
26,18,32
37,7,32
43,15,16
60,4,14
31,14,30
3,20,32
8,10,52
2,7,62
42,20,1
17,17,34
2,21,34
54,13,5
32,22,9
26,18,28
38,11,23
12,11,53
51,1,32
32,5,40
20,0,61
18,12,42
45,1,43
32,12,29
6,17,35
36,18,14
8,21,30
38,9,35
23,3,49
18,15,40
20,7,51
34,23,5
0,14,53
28,4,49
51,5,21
59,7,14
42,8,27
8,17,45
27,20,20
25,8,44
48,3,31
47,12,19
16,3,57
6,12,58
15,13,40
20,1,62
26,13,36
52,10,19
63,1,20
47,16,7
36,0,49
21,13,36
33,14,26
63,6,8
43,1,41
27,20,27
1,11,57
26,19,29
22,7,50
33,15,31
24,12,42
13,8,52
13,19,31
6,12,54
6,22,29
51,15,2
7,4,63
24,6,49
48,15,4
26,0,57
25,2,50
48,2,31
13,20,29
8,15,39
32,9,38
29,18,21
47,14,9
18,4,52
34,9,37
31,3,45
34,5,41
17,6,53
13,16,39
8,14,51
9,15,39
39,11,25
5,21,33
42,20,3
27,2,51
4,6,60
39,12,23
60,5,16
40,0,43
33,7,44
25,5,51
13,19,30
27,13,39
11,5,57
45,0,37
4,20,33
47,13,10
8,14,46
3,17,43
23,15,34
4,15,51
40,12,29
41,21,6
35,18,15
11,4,60
30,15,28
4,11,55
32,9,37
41,0,48
15,12,46
15,12,42
13,12,43
21,3,56
51,0,30
5,17,37
3,13,52
0,14,51
7,23,28
35,13,23
32,23,9
38,2,43
36,10,33
56,8,20
45,15,9
18,22,31
7,18,42
41,7,32
49,16,4
15,6,49
5,11,60
43,5,29
21,10,44
19,6,48
38,17,16
30,1,53
0,8,61
20,9,44
16,1,63
3,9,63
13,7,59
9,20,32
34,1,47
57,11,5
61,2,17
17,1,60
0,20,42
3,20,34
15,13,47
18,17,36
45,13,14
62,9,3
57,13,2
62,11,3
26,16,33
4,17,49
6,14,50
46,4,32
2,19,46
44,20,1
48,5,24
19,12,42
7,15,39
33,9,34
10,15,37
21,3,58
32,20,14
22,12,39
15,11,41
20,19,34
17,0,61
32,3,44
38,7,42
6,13,45
9,13,51
32,19,22
25,21,20
38,11,30
60,8,12
52,1,33
26,0,55
52,6,18
25,15,34
49,9,27
29,23,10
13,1,61
62,6,11
50,5,27
31,19,19
40,15,11
38,17,8
17,2,61
44,7,25
42,18,6
30,12,32
16,13,42
7,8,61
60,9,8
12,9,46
45,9,18
26,11,39
47,4,27
40,9,29
40,22,3
37,23,5
17,19,36
22,17,36
19,18,31
45,9,17
26,19,21
20,5,52
19,2,60
9,20,30
25,16,35
61,5,15
59,12,4
63,6,12
34,14,33
47,2,33
61,10,4
32,16,23
21,13,41
19,10,43
6,18,36
41,12,20
25,23,25
53,0,28
37,19,6
38,18,18
29,20,22
2,8,63
17,3,60
56,0,29
43,0,44
52,2,26
51,2,29
35,17,16
45,8,25
3,11,53
39,22,4
35,7,42
11,17,36
25,9,44
29,11,37
2,21,38
26,18,30
13,18,32
44,5,28
29,17,28
2,15,47
17,18,34
58,3,22
27,2,56
26,21,30
16,19,32
40,10,27
30,7,39
14,14,39
24,0,60
32,13,30
14,17,33
23,16,36
46,14,9
52,0,29
4,9,55
18,7,51
1,14,50
35,4,42
6,15,46
38,7,37
13,9,45
15,8,47
45,12,14
18,3,54
40,5,36
58,5,23
53,15,2
55,8,13
3,14,50
4,11,51
11,22,28
24,5,46
43,9,26
10,10,49
53,11,9
26,20,20
6,8,58
32,22,8
3,14,56
39,12,20
57,1,27
24,16,37
52,18,2
32,1,52
54,7,15
44,20,0
29,0,53
52,6,25
39,14,20
63,7,9
12,16,36
41,20,4
30,20,14
42,16,9
63,9,2
16,6,51
1,13,56
23,5,54
50,9,27
15,23,31
8,12,49
15,8,53
33,18,24
46,10,19
4,16,43
33,13,26
6,20,37
59,8,7
53,0,30
46,18,4
28,3,49
28,3,50
28,13,35
43,1,40
29,19,23
46,8,26
48,1,36
37,3,42
4,19,43
61,12,4
44,0,44
12,8,52
19,9,50
36,9,30
5,14,48
38,20,6
35,4,44
21,2,54
52,13,11
23,10,40
40,13,22
53,4,23
9,13,44
37,10,28
10,10,48
6,17,40
37,5,41
32,10,32
33,3,48
13,11,43
20,1,60
8,12,50
56,10,9
9,7,58
32,21,9
61,4,17
29,7,41
40,14,23
20,13,40
51,16,5
44,0,38
25,21,22
58,12,2
58,11,8
50,7,21
58,9,8
55,14,3
54,1,26
43,12,19
2,12,55
16,4,53
54,0,28
39,12,27
41,6,38
12,6,56
4,23,29
21,16,35
37,22,6
13,12,46
10,5,60
16,16,38
34,5,39
49,13,8
33,14,27
45,11,15
30,12,36
47,14,7
38,8,30
19,18,34
60,13,1
20,12,39
58,7,11
8,15,37
8,14,39
50,9,20
8,20,32
12,17,35
59,3,22
6,21,40
14,14,45
15,18,32
43,12,13
39,12,24
2,18,40
42,3,41
47,12,15
22,5,54
56,2,25
31,18,22
28,17,30
59,13,3
11,7,59
34,15,19
10,19,30
17,5,55
35,14,25
63,11,7
37,9,31
46,12,14
61,14,0
8,15,41
11,16,41
56,1,25
3,17,48
25,0,55
50,13,8
13,13,40
29,19,19
9,4,63
40,15,13
8,12,48
44,11,23
63,0,21
37,18,9
25,2,54
20,11,43
6,18,40
0,20,44
1,14,55
1,11,56
30,8,42
44,1,41
57,10,10
4,9,57
36,6,43
9,21,29
32,8,37
20,9,43
42,7,28
19,5,52
42,1,40
19,6,50
31,1,48
7,16,44
34,8,37
48,17,3
23,4,56
14,17,38
40,9,25
48,4,31
3,19,38
52,13,4
34,17,16
52,17,0
49,4,31
20,4,52
15,8,49
14,14,44
1,15,50
57,2,20
42,21,1
40,16,8
17,12,44
34,4,41
55,4,27
42,16,16
27,19,24
6,9,58
56,1,34
31,2,48
41,6,29
6,11,58
31,10,36
20,7,48
55,7,19
42,2,40
36,11,25
27,8,42
24,5,50
13,12,47
9,7,55
23,2,58
22,3,58
35,20,6
25,23,28
39,9,26
38,13,19
46,18,3
21,9,46
32,14,26
7,9,59
45,5,28
33,2,46
41,0,42
38,14,18
7,7,58
46,15,6
46,1,33
25,18,28
34,14,23
12,11,44
36,3,41
22,4,51
7,11,59
53,1,29
2,20,35
9,9,59
41,10,28
33,16,19
21,7,50
52,13,6
24,3,52
37,8,38
38,8,34
37,9,32
0,9,63
6,7,63
36,12,34
0,23,34
42,10,23
9,9,55
13,19,34
28,20,22
1,20,37
12,15,35
58,4,22
44,6,25
53,6,25
44,7,29
41,13,14
43,18,7
42,6,28
4,17,47
1,17,45
38,3,46
19,12,39
35,11,27
43,4,30
41,17,15
15,5,56
32,15,29
19,13,37
30,0,56
1,15,54
11,20,31
33,16,25
8,18,33
21,16,36
10,13,45
8,7,63
7,22,28
37,6,41
16,19,33
36,14,18
19,3,56
11,3,59
9,15,45
45,9,19
38,13,18
30,4,50
17,4,56
7,17,42
22,11,42
22,6,48
3,21,35
50,10,26
34,2,46
10,13,47
41,11,18
36,0,45
7,11,58
49,6,24
31,20,19
27,1,57
6,18,44
45,8,27
32,7,37
24,19,27
8,13,45
37,8,33
21,13,40
26,7,49
28,13,34
18,1,61
15,14,44
39,10,24
6,20,41
35,19,17
46,3,34
38,23,2
11,21,33
8,3,63
2,22,31
14,0,62
60,2,19
25,4,51
0,12,57
14,17,37
41,13,24
36,11,27
15,15,39
42,14,11
1,11,61
38,15,16
14,7,56
34,19,12
38,11,26
4,19,44
41,16,20
16,3,54
11,14,45
29,0,52
46,10,25
9,2,63
16,15,41
15,4,60
26,17,35
21,6,48
19,11,44
46,6,23
5,19,36
34,21,10
32,2,45
25,4,53
31,6,42
17,5,53
1,17,46
30,4,49
7,13,45
0,20,47
25,22,22
49,5,22
20,7,45
7,10,52
14,15,35
35,5,40
13,13,44
38,9,26
2,10,57
4,8,61
8,23,28
45,6,30
40,16,10
11,18,33
28,5,52
40,13,24
20,13,41
8,16,38
16,7,51
24,16,36
35,13,32
9,11,48
3,14,49
50,6,24
60,4,16
11,22,33
63,12,4
1,9,61
19,9,44
5,9,63
33,14,32
53,19,0
39,17,15
12,11,46
41,13,23
39,15,20
38,12,23
34,16,17
28,14,38
12,16,40
54,8,13
13,14,44
19,16,36
41,12,18
60,5,18
21,7,46
20,2,57
53,9,13
59,3,27
10,3,62
57,8,9
52,7,17
18,16,39
57,4,18
47,6,30
45,10,21
14,1,60
9,8,54
60,12,2
52,12,8
24,1,57
38,22,5
37,15,23
24,10,42
58,13,1
61,9,8
45,10,16
18,4,50
30,8,38
11,14,47
36,13,20
5,18,46
41,15,14
55,10,7
31,18,23
1,22,38
1,14,59
62,12,2
29,16,28
18,3,57
40,4,37
50,0,30
15,2,57
31,8,43
31,15,31
20,14,42
22,13,43
1,12,58
23,8,46
45,1,40
21,3,50
38,9,33
33,10,36
19,5,54
40,10,25
42,14,19
22,0,62
52,0,40
53,1,26
39,1,44
20,5,53
56,12,6
52,2,25
38,8,31
12,10,52
28,8,42
11,6,57
31,15,25
13,10,43
48,6,29
4,11,60
54,5,19
13,10,42
44,13,16
10,12,45
17,7,52
36,10,36
28,22,14
18,13,41
63,5,12
15,9,49
51,17,1
31,19,16
19,10,45
29,16,26
38,17,19
17,1,61
24,3,57
7,9,58
22,1,56
4,10,61
8,9,55
14,3,60
2,21,39
3,11,54
18,6,54
12,16,37
6,8,63
21,11,43
3,13,49
30,10,38
2,19,47
52,9,13
44,5,27
19,9,48
38,15,14
53,8,19
53,12,7
45,20,0
13,3,61
24,9,46
53,9,17
47,1,33
42,6,32
4,9,60
0,18,50
51,1,30
9,5,63
23,22,31
0,15,48
41,13,17
35,12,35
30,2,54
20,13,42
39,3,44
24,20,23
16,11,44
54,4,23
42,12,14
29,19,18
32,17,18
6,8,54
43,10,21
43,14,18
34,7,42
48,0,35
42,15,12
41,13,15
39,0,42
14,13,43
26,5,51
15,7,47
10,8,57
47,4,29
33,12,27
35,4,40
3,21,36
52,8,19
34,2,43
21,20,31
35,5,45
1,13,50
22,4,55
25,3,53
15,20,30
59,8,13
5,17,49
34,10,39
60,6,16
47,4,28
56,12,9
15,5,54
14,8,45
53,2,28
55,15,2
25,1,52
39,6,39
3,13,56
56,5,17
15,3,60
14,23,28
26,0,59
27,6,51
57,13,1
53,2,30
48,15,6
19,15,37
24,10,45
22,5,51
35,12,25
28,2,48
55,8,12
10,11,52
40,23,4
11,3,62
3,9,57
52,4,27
33,8,41
36,4,40
39,13,21
14,5,55
22,5,46
31,15,23
0,21,38
20,4,48
33,0,52
33,6,40
6,21,30
10,9,52
5,12,49
24,7,45
2,17,42
29,15,33
3,11,57
60,4,19
5,9,61
40,0,46
39,7,37
15,1,60
62,8,8
14,11,49
28,23,10
16,15,35
21,4,51
44,4,32
11,16,36
32,19,21
25,20,27
5,5,61
36,8,36
4,12,56
24,14,37
41,0,47
13,2,61
55,11,8
31,17,22
36,19,12
22,11,40
9,17,45
18,1,57
63,3,18
44,14,16
14,4,60
31,20,16
39,12,19
25,22,20
8,15,42
39,5,39
55,14,1
36,10,28
53,4,26
9,7,63
33,10,32
27,11,43
40,3,42
20,0,57
7,15,38
38,8,33
50,10,17
24,8,42
28,19,21
51,4,25
48,6,31
24,23,24
54,7,17
44,1,36
33,8,36
12,8,53
9,5,57
54,5,24
6,19,41
9,16,36
20,8,43
39,23,1
63,5,11
10,21,34
7,11,57
61,5,18
21,6,46
8,9,61
29,21,18
42,5,38
57,2,27
29,9,39
7,6,59
0,23,32
44,16,7
53,14,5
41,4,35
25,17,37
16,6,56
19,14,38
6,14,51
10,11,51
1,12,55
29,14,32
50,4,24
9,14,38
4,14,50
37,6,40
50,17,0
22,2,53
63,10,3
10,8,58
62,13,3
25,4,54
26,22,30
18,12,38
28,15,30
37,13,28
57,2,29
5,10,59
14,11,48
30,12,33
56,7,14
53,17,2
19,8,44
31,19,23
45,18,7
28,11,36
45,7,28
27,13,33
48,2,30
29,1,57
37,0,50
11,4,63
58,0,25
48,6,22
10,16,35
35,10,30
23,8,43
1,9,63
24,7,49
8,11,51
11,18,37
5,14,49
49,11,15
4,22,33
10,18,34
41,17,16
14,14,43
10,19,32
30,22,11
9,9,61
38,8,29
25,2,53
48,6,24
55,3,27
22,12,37
59,2,26
39,10,31
39,14,17
45,17,8
34,19,11
51,17,0
25,21,23
26,5,48
50,11,12
16,13,40
29,3,47
11,15,41
20,20,30
56,0,31
60,3,22
56,11,6
56,13,1
53,16,1
31,14,28
29,2,53
47,0,37
61,8,8
31,15,30
4,13,51
13,19,38
29,4,50
26,21,31
4,19,39
27,3,52
3,16,49
25,17,36
23,18,35
30,17,33
23,17,36
23,13,38
46,14,10
61,3,17
53,8,20
41,2,40
21,0,59
29,8,43
6,14,46
20,11,42
56,3,20
29,11,36
3,14,57
35,0,46
44,7,28
25,18,31
30,17,23
8,7,55
59,7,13
28,14,32
48,9,25
6,13,48
17,13,40
12,5,56
63,6,9
20,9,42
43,12,18
17,11,45
34,2,44
29,0,55
11,3,60
0,8,62
38,14,16
48,5,31
27,5,51
51,15,3
62,4,18
63,2,22
23,8,42
33,17,21
42,3,38
35,7,35
25,12,39
28,6,51
33,8,42
36,4,46
17,9,45
14,7,49
17,4,53
22,14,38
53,13,6
23,3,56
7,10,51
5,13,51
4,12,57
49,9,17
13,9,54
26,18,31
25,5,46
23,21,31
47,13,13
25,6,46
62,0,26
30,14,26
55,8,18
15,8,52
11,23,28
32,6,41
6,13,46
22,18,33
43,15,17
49,6,23
18,6,52
1,16,50
50,14,6
61,2,22
45,14,12
41,13,21
50,7,19
33,19,17
33,10,38
57,3,22
58,3,19
39,22,5
44,17,9
53,7,18
3,13,57
21,12,45
39,7,31
16,9,46
38,3,40
40,16,16
28,0,52
4,14,52
16,20,32
30,19,29
2,9,63
14,12,44
36,7,37
17,13,41
36,8,31
30,13,33
39,2,40
56,14,0
12,10,54
41,16,11
57,2,28
16,17,34
20,8,48
16,17,35
45,11,22
63,9,7
17,11,40
46,9,17
24,3,59
2,12,51
39,19,7
33,13,29
5,8,63
36,8,34
38,10,31
12,17,43
53,14,2
35,2,45
31,20,21
3,23,31
8,17,36
36,9,38
42,8,30
34,1,48
32,13,34
19,9,46
27,16,31
53,6,21
58,6,14
26,16,31
63,3,13
22,8,48
59,7,18
36,23,3
19,16,38
57,12,4
19,15,35
49,5,28
40,11,24
43,20,2
28,13,37
4,17,43
33,1,50
21,18,31
3,12,54
5,17,41
9,7,61
63,11,0
39,6,35
16,3,55
8,13,51
11,7,56
14,13,42
52,12,11
0,13,54
56,4,22
47,18,1
36,19,11
37,7,33
5,9,60
53,2,24
58,1,30
54,14,1
26,10,42
6,9,59
11,10,53
1,19,44
21,22,30
29,7,45
62,3,19
13,21,29
56,6,21
15,16,35
40,14,20
32,11,32
15,1,59
35,23,3
48,14,9
52,0,32
17,17,33
27,23,17
21,5,47
41,18,7
27,0,56
54,3,22
45,6,28
57,1,23
44,15,8
35,15,18
56,3,26
16,5,56
1,13,53
47,12,13
35,20,8
32,17,21
6,8,56
42,18,8
49,1,30
13,14,39
49,17,1
25,11,42
61,2,20
62,2,16
49,1,28
57,2,26
30,6,46
52,3,27
9,18,34
36,13,21
15,13,38
5,20,39
9,8,53
29,3,51
20,14,39
42,19,5
56,8,12
59,13,2
17,18,37
31,13,34
35,1,48
36,19,6
2,18,41
26,1,51
57,12,5
47,9,23
7,17,45
15,5,58
31,19,15
19,14,37
8,18,40
37,17,11
52,15,5
8,6,57
30,10,39
11,8,51
31,18,21
11,5,56
51,7,22
37,0,45
43,3,35
39,11,26
7,15,42
59,11,5
18,9,43
33,8,35
38,19,7
40,14,14
3,17,49
18,11,43
38,3,47
21,2,55
52,16,3
33,9,38
27,7,46
20,17,34
4,16,42
38,3,42
38,7,38
47,5,30
29,9,43
34,21,8
34,10,35
47,0,36
53,3,26
45,12,13
47,17,4
28,11,37
39,8,34
25,9,42
42,1,43
58,0,35
16,16,37
13,15,37
4,23,30
15,19,32
0,12,59
39,11,29
36,6,40
33,4,42
7,15,41
39,17,8
33,14,22
38,23,0
48,2,29
57,6,15
19,5,53
49,13,10
16,17,32
32,18,15
56,5,27
21,14,35
48,11,13
2,7,63
2,20,36
17,13,38
29,2,54
14,18,32
13,18,33
24,7,44
56,2,21
52,6,24
62,9,7
38,12,22
48,5,23
18,11,39
1,21,37
46,11,15
11,15,42
55,5,16
21,1,59
28,0,51
22,18,31
2,20,48
24,6,51
35,15,25
34,13,34
15,10,44
15,3,58
42,0,41
15,8,55
31,12,32
39,9,29
22,15,38
48,8,25
62,1,24
42,7,30
19,19,32
54,12,4
34,15,32
43,6,33
45,9,24
34,19,9
31,5,41
22,1,59
44,8,25
43,9,23
56,10,10
10,12,44
56,8,14
31,11,36
10,13,46
36,2,46
15,14,45
6,6,61
21,4,56
47,15,6
40,11,23
60,11,7
2,23,31
63,9,5
60,9,7
55,7,13
24,10,44
41,0,46
30,10,36
26,15,38
48,9,18
45,1,36
34,13,33
5,20,31
8,10,55
60,6,13
43,19,5
6,18,39
22,5,47
58,0,26
19,11,41
25,6,48
42,14,16
48,13,15
1,15,47
21,5,48
5,18,40
35,15,23
21,16,34
59,5,15
6,19,37
35,2,46
20,14,37
19,21,30
63,8,6
2,20,37
15,14,37
42,8,25
55,8,17
4,13,52
48,0,37
56,12,7
12,10,51
3,8,63
37,8,35
32,7,43
34,4,48
44,1,39
3,9,58
3,11,58
6,6,62
38,9,27
10,5,57
39,8,37
14,14,36
9,12,52
22,4,49
51,5,25
6,16,43
50,0,34
44,11,18
32,1,50
14,20,35
6,19,40
32,8,38
6,18,43
20,4,53
9,18,45
44,9,18
17,22,32
31,12,38
30,20,21
31,11,35
0,19,44
5,12,54
8,16,45
31,9,35
22,2,52
45,10,20
23,12,43
30,10,35
27,19,21
17,9,50
17,4,58
46,3,31
44,2,36
8,16,35
41,9,28
26,20,22
63,10,7
4,19,34
59,9,11
39,1,49
41,0,41
43,2,36
53,12,11
29,17,26
54,2,29
41,10,25
30,20,20
49,5,26
20,6,51
8,5,59
41,20,5
59,2,22
41,7,30
0,15,55
8,12,47
5,12,51
0,13,53
9,19,32
18,0,59
36,13,26
24,0,56
24,5,47
25,6,45
5,22,34
6,18,37
34,1,46
42,4,35
26,13,39
13,8,54
2,14,56
48,9,24
18,0,62
11,17,35
14,19,31
21,7,47
26,16,34
29,6,42
14,19,30
30,2,55
38,6,33
37,20,6
31,20,22
33,17,18
30,10,37
26,1,55
35,18,12
57,4,19
15,10,43
3,5,63
42,15,10
55,0,26
41,5,37
24,23,25
26,19,31
19,17,37
6,15,47
52,1,27
54,8,16
15,13,44
52,0,30
33,17,20
34,13,32
39,3,45
52,4,26
49,4,24
41,12,15
30,10,40
0,13,51
8,5,62
60,6,12
63,5,10
44,0,40
27,23,12
13,17,32
24,1,58
40,15,23
58,0,29
23,3,58
12,17,36
44,12,18
16,15,38
14,9,54
2,11,53
28,20,21
40,8,30
48,12,13
42,17,9
24,21,31
2,10,61
57,6,14
47,4,30
47,14,10
46,11,14
13,2,60
54,8,17
50,17,1
39,2,43
30,6,45
37,4,44
27,0,55
47,15,7
45,6,26
29,22,12
2,13,52
2,14,50
57,14,2
13,7,53
11,13,42
24,19,25
30,4,47
57,2,25
43,15,11
32,5,44
36,18,13
56,2,29
25,17,35
34,19,10
52,7,22
46,12,15
8,16,36
5,15,49
25,20,25
24,22,31
19,18,33
38,9,31
14,8,53
39,12,29
31,18,20
13,10,54
32,3,43
56,2,27
5,6,60
25,0,54
60,3,16
18,8,43
14,16,38
0,18,46
20,14,40
53,5,22
34,13,25
56,1,27
43,8,24
12,17,37
33,1,45
0,13,58
8,19,44
26,20,29
46,16,6
0,22,40
60,3,18
58,6,15
17,14,41
25,18,36
25,5,54
43,6,28
23,14,37
36,8,41
29,15,30
25,19,22
19,3,55
39,14,21
37,4,46
6,16,44
39,5,36
27,5,47
58,2,27
37,18,17
15,9,55
23,4,51
50,16,1
21,7,45
50,11,15
0,18,54
34,5,44
43,6,27
6,15,42
59,5,20
20,9,45
38,21,5
31,10,35
52,16,2
17,8,45
12,22,28
19,15,38
13,14,38
19,9,42
41,12,24
49,1,38
4,22,29
45,7,24
61,10,5
63,4,12
22,10,44
42,1,38
38,13,24
60,0,26
13,3,56
53,9,12
6,22,28
23,10,46
21,18,33
27,21,18
56,5,19
29,4,47
30,0,55
35,14,23
50,9,15
10,12,47
24,9,44
63,7,10
27,4,52
9,14,40
7,12,53
23,13,37
36,12,35
15,16,41
3,15,45
58,4,20
2,21,31
47,6,29
40,21,4
26,19,26
50,16,4
36,8,37
53,15,3
7,10,60
39,5,37
30,2,53
62,10,7
52,0,35
45,16,5
14,9,48
29,16,24
15,6,55
41,15,15
5,19,43
38,15,12
4,8,58
36,14,32
59,8,8
0,21,36
44,17,12
11,14,46
56,6,22
8,12,52
34,15,21
62,0,21
56,7,19
42,12,23
39,10,29
46,10,15
14,11,42
3,18,48
13,6,58
10,16,34
40,12,21
0,14,52
16,14,40
0,21,40
40,21,5
48,0,39
2,14,52
20,1,55
51,6,23
32,15,30
33,11,30
22,22,30
35,13,35
13,7,52
9,5,59
58,8,9
63,9,6
38,9,28
53,18,0
46,18,2
41,17,14
39,15,15
53,16,0
32,0,52
29,21,16
43,14,15
1,8,59
40,22,5
34,14,32
25,4,50
14,6,52
47,10,25
36,6,36
57,2,23
38,11,29
12,16,35
53,10,9
57,7,12
8,4,62
6,16,39
41,18,8
15,10,46
55,2,24
6,14,49
38,7,34
18,5,55
53,7,20
0,19,46
15,13,39
41,14,13
12,19,35
25,2,49
48,7,19
15,2,59
34,14,31
26,8,42
29,10,36
41,10,21
59,11,2
7,14,51
34,2,48
15,7,50
23,12,39
2,23,30
41,4,40
42,7,27
22,0,60
25,21,21
37,13,19
14,13,38
58,2,20
5,12,52
12,9,52
38,4,37
12,23,28
45,0,38
62,7,6
41,17,11
46,6,30
25,0,60
32,10,39
40,6,36
40,18,16
48,7,23
39,0,46
7,9,54
35,2,42
31,12,30
32,21,11
10,13,40
24,9,45
1,16,46
24,15,37
44,14,11
18,13,37
37,3,39
9,6,55
6,16,41
16,2,57
20,6,47
32,6,39
39,0,51
37,9,29
12,18,32
5,19,33
31,21,14
43,19,6
62,4,19
11,8,53
24,5,52
10,5,58
39,4,40
44,0,43
22,22,31
35,15,20
31,19,18
11,19,31
52,12,10
17,10,45
26,10,44
49,1,36
27,9,44
26,17,36
34,1,50
4,19,33
37,4,43
33,18,16
40,21,2
61,5,11
46,0,40
61,3,23
20,2,52
34,20,8
13,12,44
57,12,3
48,18,1
26,8,46
29,11,34
38,19,6
32,15,23
2,19,38
7,18,45
13,8,53
46,12,20
21,2,56
14,19,39
22,23,31
47,4,31
33,20,12
44,9,19
11,23,33
45,17,3
4,19,48
53,4,24
21,0,58
31,14,34
9,10,54
42,14,12
0,15,49
10,13,43
41,13,19
3,19,48
46,9,24
13,18,35
17,12,45
22,18,34
36,11,34
17,3,55
59,7,10
34,4,45
35,19,9
20,12,42
22,1,57
9,8,59
47,7,19
17,11,42
34,22,4
60,9,10
50,5,24
32,10,34
35,9,32
38,7,32
3,21,34
33,3,42
28,14,36
9,10,47
44,7,27
60,6,15
12,8,50
10,16,36
48,8,21
5,17,45
33,6,43
5,18,43
4,21,33
10,6,62
58,6,16
25,20,21
31,8,42
9,14,39
1,12,57
63,4,16
52,6,19
45,11,19
11,8,50
15,9,52
10,11,46
28,8,46
0,23,39
14,22,30
4,17,40
35,19,12
31,6,41
44,15,10
7,11,50
1,21,46
24,16,33
50,1,30
51,0,35
62,5,16
6,12,57
45,6,23
5,17,40
22,7,46
17,9,42
15,5,60
40,14,16
30,2,51
59,7,9
28,19,23
43,11,21
50,7,22
5,18,35
9,4,62
28,19,19
47,4,25
14,13,45
26,7,46
56,10,7
16,3,60
23,19,34
15,6,56
28,16,29
30,22,13
60,10,5
4,19,38
52,9,12
43,1,39
2,16,47
11,10,54
20,1,56
43,2,37
28,20,18
26,1,57
8,9,60
19,23,30
1,17,49
57,0,28
21,5,49
25,1,57
8,14,41
58,1,21
29,12,36
37,0,44
45,5,29
22,19,32
22,13,40
19,3,58
50,0,31
32,15,25
21,3,57
31,11,39
1,16,55
36,12,28
19,19,30
46,19,0
49,5,23
5,21,29
3,21,30
8,15,43
16,5,52
29,9,40
35,19,6
16,12,46
19,2,55
53,1,34
46,1,43
47,7,25
46,17,7
20,0,59
28,1,52
56,8,11
59,4,15
14,13,47
60,1,25
23,10,43
12,2,62
30,13,37
23,16,35
21,4,48
38,0,50
42,14,10
0,17,47
59,1,26
29,18,23
41,16,15
36,4,38
58,11,5
41,14,15
33,2,50
13,17,34
19,10,40
12,6,53
39,15,13
28,22,16
48,1,30
40,22,0
25,13,38
37,1,43
9,5,58
22,14,40
24,11,40
55,8,19
38,15,18
39,9,36
12,20,29
24,3,50
34,11,34
35,23,5
29,18,28
19,3,59
36,10,38
36,5,44
2,15,48
26,9,47
41,6,31
59,4,19
36,8,38
9,13,45
23,1,55
15,9,51
62,1,23
39,5,40
50,11,10
39,6,31
9,21,30
11,15,46
33,20,10
43,9,22
40,9,26
17,2,63
12,4,62
43,0,42
40,11,26
50,18,1
54,13,3
28,23,14
31,9,39
7,8,53
8,16,39
31,3,44
8,16,44
46,13,10
35,12,33
40,5,33
19,17,34
37,23,4
35,17,15
3,20,38
1,18,46
30,21,15
3,12,52
50,2,30
38,6,38
60,8,10
43,11,24
34,9,34
12,19,31
43,9,24
22,16,36
31,1,52
38,18,8
48,10,18
62,2,17
34,10,31
41,7,29
7,10,53
9,3,62
29,9,37
38,19,5
18,11,41
42,15,15
30,23,6
13,2,59
45,2,34
53,2,26
16,11,46
30,16,23
17,15,39
30,14,33
60,3,17
45,6,25
23,18,33
49,6,28
8,15,45
31,6,39
37,14,28
50,9,26
27,4,51
57,0,31
58,11,3
44,6,27
15,3,56
45,16,10
3,20,33
44,1,42
8,7,61
46,9,23
23,13,40
43,7,28
4,11,54
23,14,38
60,1,24
17,17,36
26,12,42
29,23,13
0,13,56
41,15,9
18,14,43
18,5,53
32,19,15
16,9,53
40,16,11
40,14,24
20,1,59
20,19,35
35,14,22
51,3,30
20,4,56
35,18,14
60,5,13
24,8,47
14,10,49
1,19,43
57,9,10
6,18,42
24,0,57
3,21,44
15,17,32
1,23,29
5,11,51
24,23,23
26,20,30
38,11,22
22,7,44
24,6,54
60,10,3
16,7,53
5,8,58
45,13,12
13,4,55
24,0,53
16,16,33
21,16,38
47,11,19
0,23,37
52,1,32
51,18,0
48,0,32
29,11,38
38,8,38
39,9,31
62,12,4
30,8,44
59,0,29
43,3,33
35,10,38
4,18,47
46,0,43
62,8,10
20,4,50
24,18,32
5,16,41
28,21,16
29,5,46
42,4,40
39,14,19
13,10,53
20,11,44
9,10,55
11,20,29
30,15,25
39,13,28
6,4,63
24,21,32
41,14,17
47,9,19
22,10,42
23,3,55
57,13,0
42,13,13
32,21,13
40,9,24
35,9,39
47,9,18
63,1,22
5,10,52
35,6,37
37,14,27
39,16,15
58,1,23
1,13,59
33,17,25
8,12,51
42,13,21
61,12,0
15,4,58
18,8,50
2,11,56
20,0,56
40,15,12
57,0,26
39,13,19
20,4,54
11,8,49
24,6,47
3,18,40
34,10,33
25,0,59
7,17,34
54,16,2
38,10,25
53,2,32
13,17,39
11,15,36
10,21,28
53,3,25
30,23,7
41,8,27
10,8,55
52,8,15
57,16,0
55,0,34
62,6,13
33,7,38
52,10,10
49,13,14
23,2,52
42,9,21
28,18,31
45,9,23
9,14,51
29,15,34
54,6,24
17,1,59
53,8,17
48,12,12
28,3,52
4,6,61
13,19,33
60,3,20
8,10,49
42,9,25
58,0,30
30,19,28
45,7,30
31,10,34
59,2,23
7,7,63
36,8,33
46,12,13
12,6,54
47,1,36
20,10,41
30,4,51
14,21,30
28,0,56
20,5,55
2,20,40
63,6,13
13,3,58
3,9,60
24,21,24
25,5,52
45,0,40
11,10,48
4,11,58
29,22,15
15,12,39
22,3,54
61,7,11
51,17,3
53,7,16
37,11,27
4,9,58
50,13,7
10,17,42
36,19,9
32,22,12
35,10,32
33,12,32
22,3,50
13,10,44
19,6,52
22,7,45
0,14,55
29,21,17
45,1,34
31,17,20
30,19,17
29,1,48
35,14,24
8,17,37
31,13,37
38,0,48
46,4,26
47,13,19
7,8,55
26,8,43
26,9,46
15,15,40
53,3,23
61,7,10
14,6,59
5,11,59
2,19,40
3,13,51
47,20,0
21,0,63
11,17,43
3,14,48
5,17,46
40,22,2
47,9,22
24,4,54
32,19,13
39,20,5
25,7,44
31,15,26
56,7,22
14,18,34
15,10,45
41,17,7
44,19,1
15,5,57
17,12,46
15,14,43
12,2,63
42,9,23
59,0,22
0,16,55
20,7,47
15,0,63
55,4,23
27,15,31
43,13,12
17,5,49
20,14,36
25,16,37
16,8,46
16,12,40
16,16,36
43,3,37
34,7,41
36,1,48
57,9,11
1,13,55
38,4,41
33,5,43
54,3,24
30,22,18
52,13,10
48,7,29
55,4,19
15,1,58
28,4,52
44,3,33
54,5,17
37,5,38
62,6,12
2,14,55
25,23,18
41,22,1
34,7,39
54,14,4
41,9,25
51,15,4
20,10,47
32,8,45
19,7,45
15,4,54
30,18,19
5,13,54
17,13,39
11,8,52
42,17,6
40,14,18
51,2,27
49,19,1
10,7,60
22,15,36
63,8,8
35,13,33
11,20,34
58,8,12
39,20,8
39,11,22
61,5,12
29,15,28
60,3,23
5,15,51
27,18,28
48,1,33
52,9,18
16,20,31
33,15,20
63,1,24
22,15,34
43,3,40
27,23,15
33,11,38
26,5,46
19,4,54
21,19,33
8,10,51
34,7,35
58,10,7
24,14,35
51,7,19
15,10,47
48,19,1
1,17,48
0,19,42
37,1,50
33,21,9
0,16,50
40,16,15
19,8,47
52,11,9
7,18,33
7,12,48
47,15,5
2,9,60
28,9,43
35,14,26
19,5,48
3,6,63
15,16,36
2,18,45
23,5,52
29,22,13
29,12,32
25,0,57
1,8,60
31,9,43
37,23,6
58,15,0
30,18,30
36,12,22
23,1,57
13,13,38
31,22,19
37,7,42
32,15,27
2,20,46
13,12,40
28,1,56
54,4,25
15,4,53
60,4,20
10,14,40
32,23,5
5,8,61
57,15,0
25,23,30
53,9,19
7,8,59
0,19,45
42,6,30
49,8,18
63,1,17
27,4,50
47,15,8
8,18,45
54,9,17
2,17,43
13,10,48
40,22,4
54,9,18
17,15,40
12,7,53
42,6,31
13,11,47
47,3,29
51,6,20
38,5,44
24,0,59
31,12,34
48,8,18
7,14,45
24,23,20
9,16,35
13,20,33
36,12,26
21,8,48
44,6,29
19,19,31
1,19,47
27,10,44
5,9,62
12,1,63
35,18,10
55,2,26
6,11,52
45,4,28
25,19,31
24,22,21
45,5,26
28,11,40
3,8,62
53,7,25
22,16,35
15,22,30
40,12,17
43,6,32
48,17,2
5,13,50
42,9,27
20,16,34
57,1,24
55,6,16
0,17,50
0,21,44
19,16,39
29,16,23
34,3,49
27,15,33
54,12,7
30,15,27
19,6,51
7,13,52
31,4,47
53,2,31
34,4,40
35,5,41
3,22,31
19,4,50
22,19,34
28,7,45
32,17,24
57,2,24
52,15,2
7,10,50
46,0,42
48,3,28
28,14,35
17,18,31
0,11,61
24,9,47
25,23,31
21,6,47
6,19,32
29,0,58
40,7,28
56,11,5
18,16,40
19,7,46
58,3,24
4,20,36
33,14,24
24,2,53
61,8,10
12,18,33
8,7,54
37,6,42
23,3,53
58,9,10
55,6,23
52,13,5
48,19,0
15,17,33
20,15,34
28,16,28
8,5,63
53,14,3
33,21,13
61,0,22
21,14,37
30,21,19
49,16,2
12,21,33
0,9,61
16,14,42
39,16,12
19,10,51
2,19,42
20,12,40
10,8,61
35,16,26
39,3,38
17,20,31
42,2,36
52,16,4
44,0,41
50,12,8
1,18,43
42,9,26
17,18,33
22,2,58
56,12,3
9,14,46
24,21,26
39,4,37
60,8,8
27,19,28
57,1,30
22,6,45
28,9,40
26,1,56
50,11,13
7,19,41
54,16,0
35,10,33
39,6,40
35,13,26
54,12,8
7,12,46
21,10,46
40,14,21
60,9,6
46,7,23
7,16,39
18,15,37
53,8,16
23,6,46
38,2,42
50,8,27
17,21,32
4,17,44
24,2,59
31,20,13
50,6,21
40,13,17
56,0,25
39,11,27
15,4,62
45,5,27
22,7,48
26,23,19
4,8,59
60,2,23
2,13,50
4,7,62
6,12,49
22,17,35
49,7,21
49,17,2
18,16,33
39,17,10
63,7,11
26,12,41
1,21,43
44,3,35
32,7,39
44,6,30
3,17,42
8,12,45
14,5,60
22,1,58
36,16,18
57,11,6
40,13,21
24,14,38
14,4,58
28,11,35
7,12,58
60,5,12
44,17,7
55,1,33
33,16,24
53,2,25
57,1,26
14,19,34
61,1,18
40,13,18
34,23,4
41,10,22
42,10,25
46,9,21
12,3,63
14,10,43
23,6,48
9,16,45
36,1,46
26,21,29
48,12,11
3,16,45
59,7,11
34,3,44
14,7,52
30,23,9
38,22,6
14,8,47
26,16,35
30,14,37
56,4,19
20,18,31
17,7,50
5,10,54
53,1,31
22,19,33
37,16,12
63,0,24
50,0,32
17,19,32
31,13,29
56,14,6
43,11,22
40,15,15
62,5,13
34,17,24
44,10,23
55,3,22
31,16,21
1,14,51
29,6,49
55,8,21
4,20,40
6,17,37
32,23,4
42,6,33
56,9,14
16,2,62
12,12,43
7,16,38
8,6,59
30,23,8
31,15,24
47,9,26
7,10,59
6,8,55
9,15,46
23,5,46
31,5,43
47,6,21
44,17,4
22,6,54
57,5,23
46,14,12
9,8,52
0,20,45
21,0,61
25,16,38
28,1,50
54,1,33
31,0,54
17,21,31
38,9,30
17,4,54
31,17,29
42,9,20
15,15,42
36,4,42
18,8,45
19,13,39
27,16,29
15,23,29
59,1,29
43,19,4
36,13,25
24,1,53
40,7,37
29,19,28
13,16,35
1,16,47
30,0,58
16,2,59
15,3,61
45,5,30
0,22,34
11,17,33
38,14,15
13,9,51
26,6,46
62,10,2
16,12,42
52,14,4
49,6,22
47,8,24
6,12,50
16,5,54
30,1,48
24,15,36
11,6,59
44,12,21
47,5,29
3,20,35
19,1,60
17,9,44
43,13,20
46,9,27
39,7,39
48,21,0
31,7,44
41,13,22
36,18,8
28,6,48
24,21,25
4,15,48
40,14,17
56,0,26
11,14,44
50,6,26
15,8,44
17,11,44
40,11,25
56,15,0
26,6,48
17,8,50
33,21,6
57,1,21
30,8,37
42,15,13
25,23,29
51,11,11
12,13,38
46,0,38
14,2,62
25,3,55
7,7,56
51,1,28
28,17,27
7,11,48
34,15,22
18,7,45
8,8,59
14,2,59
10,13,42
13,9,49
20,11,45
28,17,23
36,12,24
38,0,47
38,16,14
39,22,1
9,9,60
52,16,5
55,9,19
39,3,41
7,13,49
7,12,47
8,15,44
40,10,21
34,18,15
41,15,21
30,8,43
28,17,29
19,12,41
33,17,17
3,12,51
52,7,21
51,13,7
35,19,7
16,7,48
62,7,10
18,3,55
52,0,31
63,9,4
8,16,37
31,17,23
8,10,53
62,0,23
57,14,0
35,8,35
14,14,40
23,15,37
29,0,51
35,6,39
51,4,24
9,10,51
0,21,45
24,8,44
5,18,44
9,17,41
1,21,44
13,18,37
0,23,33
14,13,39
35,20,10
19,3,52
1,23,39
10,23,33
32,18,25
12,21,32
25,13,36
7,18,41
28,6,46
6,18,35
2,21,36
45,9,20
29,21,19
42,11,18
33,15,21
3,20,40
26,1,54
12,14,40
46,5,29
4,17,42
40,6,31
56,6,23
44,19,3
34,11,39
47,6,31
52,15,3
20,3,52
23,1,53
8,6,56
7,6,58
42,10,24
44,12,15
34,3,48
48,8,20
10,14,41
18,9,50
11,13,46
56,6,19
11,9,49
44,4,30
30,19,19
6,11,53
45,9,26
32,16,24
6,9,53
11,11,49
37,6,37
27,0,52
32,14,28
4,16,48
25,20,22
27,10,40
35,1,46
21,6,49
7,12,51
39,23,4
38,12,29
24,17,35
17,8,51
43,8,26
52,1,30
1,10,61
14,2,61
35,3,45
16,8,52
35,13,25
45,3,30
0,20,41
29,2,47
14,17,35
24,2,51
5,9,57
44,13,17
32,12,31
34,8,38
2,21,40
1,15,53
54,6,15
22,0,56
3,10,54
0,22,39
20,6,48
39,13,16
52,17,1
24,20,32
62,11,1
36,19,5
30,20,16
34,0,50
44,9,25
37,3,46
26,13,37
43,11,17
34,17,20
51,12,15
35,4,45
46,17,8
14,12,43
18,15,36
41,17,12
52,13,7
61,11,5
7,12,52
6,5,61
17,9,43
1,20,38
2,6,63
24,23,32
15,13,45
15,2,61
12,17,39
5,10,62
39,2,45
17,11,43
44,5,31
25,9,45
42,7,33
59,6,11
37,7,36
47,9,17
10,2,63
58,4,16
3,16,43
41,14,19
62,2,22
37,12,25
45,3,31
23,2,59
5,14,46
38,4,38
28,4,51
62,13,0
61,4,13
54,1,28
32,1,48
5,10,53
34,15,25
58,1,27
52,6,23
33,6,41
18,4,53
55,5,21
49,3,29
54,2,24
51,7,24
33,0,48
43,1,42
42,13,15
12,17,42
49,0,31
25,19,23
29,14,34
55,11,5
4,16,44
41,16,16
34,11,28
25,10,44
7,17,44
7,20,38
34,19,14
38,12,28
0,10,61
6,19,43
27,18,27
19,10,44
52,4,23
16,0,62
12,13,49
57,1,25
31,22,11
54,7,14
41,4,37
6,17,41
35,0,49
32,4,43
39,13,29
26,14,35
37,7,38
6,11,51
3,19,47
35,7,40
30,12,34
55,11,7
25,7,48
15,1,62
31,17,19
16,18,31
16,13,41
7,11,52
18,4,55
35,15,24
18,5,51
34,5,42
2,16,44
27,19,31
12,7,52
15,22,29
10,3,63
19,9,47
16,4,57
41,16,14
51,10,19
63,0,20
40,4,35
42,2,39
29,15,35
40,16,19
26,8,44
31,21,12
9,7,57
46,20,0
40,17,8
8,14,43
25,14,39
45,8,21
7,6,60
2,11,60
2,22,30
27,10,43
9,17,36
43,17,6
20,3,57
43,1,43
6,15,45
30,11,34
43,3,34
11,5,63
39,2,39
22,20,30
10,15,47
38,15,17
33,3,45
53,3,27
3,18,41
62,0,20
49,5,29
2,12,53
27,11,42
22,2,55
16,7,54
42,15,17
62,4,17
56,13,4
44,2,34
29,5,51
33,19,19
29,0,56
28,16,25
29,20,19
39,13,20
5,19,38
38,17,11
47,3,30
63,6,14
9,9,56
15,8,50
40,1,40
37,2,44
41,7,38
49,14,8
5,18,47
55,7,15
47,1,34
29,7,44
14,1,62
4,19,42
46,3,33
45,10,17
34,12,33
28,1,49
44,16,12
13,2,58
51,0,31
28,19,22
32,23,6
11,19,32
30,19,20
46,19,1
54,2,27
19,9,43
4,18,38
55,4,22
53,10,11
28,9,38
11,9,52
4,17,41
48,4,30
41,19,5
3,16,48
23,4,53
50,13,9
52,7,20
23,17,35
23,5,51
9,17,35
39,18,8
54,13,7
36,14,24
37,18,6
10,16,42
42,10,20
55,12,7
1,21,36
0,11,58
41,11,22
21,4,54
12,14,39
33,12,26
59,7,12
2,8,62
38,5,41
33,12,30
18,14,36
55,7,14
24,15,39
44,12,17
47,7,21
48,23,0
22,21,30
54,8,14
44,9,23
45,15,10
54,5,25
47,17,3
44,3,31
38,18,17
25,20,24
40,12,28
16,7,50
32,8,36
40,6,37
39,0,50
28,10,39
24,4,49
15,6,57
0,11,59
10,6,56
23,16,34
61,1,24
53,6,22
8,22,29
26,6,49
13,1,63
60,5,20
28,17,24
13,22,28
33,13,34
14,22,29
0,13,52
40,4,39
33,0,47
27,5,50
21,16,37
38,12,24
9,8,57
49,18,1
3,21,41
46,5,25
41,2,39
31,14,27
21,6,51
23,7,48
5,18,41
22,0,55
28,8,41
25,6,49
41,9,22
14,12,42
34,15,26
5,21,39
17,11,46
39,7,38
6,11,57
23,6,45
39,1,41
8,5,61
57,10,6
19,14,39
3,8,58
33,21,7
46,16,4
5,14,44
63,7,8
5,21,41
34,16,16
14,3,62
35,14,34
6,17,39
6,19,33
49,8,24
13,6,55
24,15,34
37,17,13
33,16,22
27,21,20
34,9,36
29,12,37
60,4,21
60,10,6
54,0,27
5,11,54
54,7,16
54,3,26
34,3,47
39,14,13
27,15,35
47,13,12
18,11,45
46,8,24
10,17,34
37,1,44
35,9,33
0,17,51
33,5,39
53,13,4
20,3,55
12,23,27
62,6,14
44,11,14
40,8,27
7,14,41
56,7,12
31,10,37
40,19,6
23,3,52
12,13,47
34,12,32
21,18,32
30,9,40
15,3,62
42,1,39
11,12,46
3,23,28
45,5,31
39,2,41
59,2,20
27,3,49
26,14,39
37,21,6
51,14,5
35,10,28
29,13,36
6,6,59
6,17,38
55,2,27
57,6,16
41,13,13
6,13,49
16,12,41
35,11,26
5,9,54
45,12,15
44,10,24
36,16,24
55,4,24
57,3,25
28,21,19
47,10,17
0,17,45
30,13,30
20,3,53
2,6,62
5,11,55
48,3,27
49,5,25
59,10,4
4,16,46
36,15,23
15,16,37
45,4,29
3,10,57
54,4,21
7,17,37
17,21,30
25,10,40
12,15,37
61,7,14
25,16,36
62,4,15
38,6,36
25,2,51
29,11,40
47,5,31
53,8,21
57,5,17
23,4,57
9,16,42
46,14,19
36,5,39
30,7,43
11,12,44
62,13,1
21,20,30
19,8,52
36,15,18
55,4,20
53,13,7
9,18,33
55,0,28
56,8,21
2,21,43
56,4,28
28,19,30
28,16,26
2,18,43
13,5,56
14,13,46
17,3,62
18,2,60
37,13,25
34,11,29
3,10,55
33,4,44
50,17,2
32,6,44
45,0,44
25,10,45
17,22,30
36,13,32
15,4,57
25,15,39
19,5,55
5,9,55
27,20,19
61,9,7
4,6,63
12,3,60
41,20,2
44,16,9
9,10,56
6,15,43
60,1,20
1,11,54
32,18,21
14,16,40
2,11,58
31,17,24
34,20,6
48,13,10
44,21,0
24,3,55
56,13,9
44,2,33
12,11,45
30,2,49
40,11,28
40,14,22
23,7,44
27,17,24
42,9,24
58,0,34
14,4,55
14,9,49
3,17,44
28,3,53
27,19,23
37,22,4
35,22,5
26,22,31
26,14,32
13,6,54
38,12,26
7,14,48
41,8,26
20,5,56
8,9,51
14,4,57
32,20,18
36,17,11
5,18,37
3,13,50
21,14,41
44,12,13
51,5,26
28,15,31
10,12,48
58,8,11
39,10,25
36,10,29
49,0,34
44,13,15
15,13,46
48,7,25
36,16,14
47,8,23
16,12,39
48,13,8
40,21,1
50,9,19
47,8,19
19,6,53
20,3,50
39,5,34
1,20,46
54,17,2
39,10,22
40,6,38
10,10,53
15,14,41
56,5,21
22,0,57
8,6,58
35,10,29
11,22,32
41,22,0
51,3,29
9,6,58
44,8,23
58,2,22
38,7,33
36,14,19
13,19,32
57,6,13
21,4,53
60,12,1
2,12,57
34,14,26
25,22,25
45,10,15
38,11,25
13,15,41
11,14,38
35,5,44
45,7,29
23,13,42
63,10,1
16,2,63
43,13,19
26,22,26
14,5,58
29,10,38
12,15,36
56,13,2
1,11,60
17,18,36
46,17,5
37,4,38
41,14,11
4,20,34
40,6,32
56,12,4
35,16,15
14,16,37
61,3,20
46,7,26
22,13,37
36,17,12
51,5,23
13,14,45
52,3,26
54,2,28
11,6,58
3,21,33
16,15,37
37,10,34
15,16,33
35,12,34
42,5,32
0,11,56
10,12,50
58,13,2
55,5,22
35,20,17
17,5,54
36,17,13
24,14,39
47,4,32
42,15,9
38,11,21
30,20,15
33,21,8
17,10,42
26,0,60
14,15,38
32,3,52
38,13,17
17,12,40
7,19,40
3,22,33
7,16,43
7,18,43
47,5,27
10,9,56
1,15,48
49,0,37
40,10,22
14,13,40
8,5,60
14,12,46
0,20,43
45,8,26
46,6,26
46,11,21
43,21,0
3,14,53
35,13,24
16,14,39
14,5,59
37,8,34
9,17,42
49,11,12
5,6,63
60,11,4
33,4,49
62,12,1
60,7,9
43,13,17
37,15,16
48,8,26
26,23,31
1,14,57
10,13,49
46,13,19
18,2,54
35,23,4
62,6,10
27,13,35
63,12,2
18,12,41
46,13,14
25,4,47
46,14,11
16,7,47
13,17,37
2,23,32
54,6,21
45,4,33
1,21,47
60,7,10
33,20,11
23,3,57
1,18,42
31,22,7
21,15,39
37,7,39
38,2,40
29,20,16
16,2,61
53,7,24
43,13,13
44,14,10
30,14,27
27,14,31
33,5,44
26,19,24
26,14,40
35,5,43
20,12,38
38,1,45
25,20,23
54,5,18
12,21,29
8,17,40
15,17,40
39,11,20
27,18,22
25,6,54
60,7,15
29,12,33
1,6,63
60,1,19
28,1,54
19,2,57
32,19,19
21,5,57
39,20,6
40,21,3
41,19,6
12,9,54
5,20,36
22,9,44
47,13,11
55,13,2
11,19,30
22,5,50
39,16,8
33,18,18
29,14,33
8,9,56
3,15,49
29,19,21
44,10,16
11,6,55
2,19,48
38,12,19
48,10,17
33,12,34
23,0,55
59,0,28
51,1,35
4,10,54
6,10,58
26,18,29
43,4,31
32,21,10
56,12,5
40,12,24
31,0,50
11,6,54
23,7,45
8,17,34
14,19,35
32,16,20
20,12,41
31,14,25
25,1,60
29,19,20
12,16,38
5,22,29
38,7,36
55,14,2
32,18,20
11,7,58
17,2,62
42,1,46
52,3,29
33,18,17
11,21,29
11,17,42
34,17,25
47,10,20
11,16,39
8,11,49
4,11,52
59,3,20
51,1,29
44,17,8
0,18,49
41,11,20
22,11,44
5,19,41
5,8,62
15,16,38
41,9,32
34,23,3
20,1,57
17,2,59
20,18,34
55,5,20
60,6,11
45,4,32
43,17,12
13,13,47
18,5,52
39,15,22
17,13,42
14,11,45
9,6,61
38,10,29
46,4,31
41,5,34
61,7,8
25,16,39
36,15,24
38,3,43
20,0,63
58,1,24
8,13,48
48,5,26
3,15,48
7,15,40
15,16,34
39,14,24
21,5,53
11,10,51
60,12,4
38,23,4
45,10,19
43,16,17
49,0,36
13,6,51
42,19,6
43,16,7
7,15,45
21,3,52
21,8,46
47,17,5
51,6,25
7,5,63
38,16,19
2,12,58
56,4,27
37,9,33
11,13,41
6,19,36
0,22,38
54,10,9
16,8,49
7,7,62
11,7,54
33,19,12
22,10,46
36,4,41
27,2,55
38,17,10
33,10,39
36,22,5
10,9,54
8,17,35
41,2,43
17,16,37
59,5,14
24,9,43
23,0,56
37,0,49
37,22,5
25,6,50
26,22,29
47,18,2
56,14,1
48,12,14
9,12,43
53,7,17
12,11,48
37,3,44
46,4,28
19,0,62
24,17,33
12,9,48
15,7,49
30,5,45
21,6,53
53,15,1
0,19,48
39,21,8
26,6,47
31,2,49
22,13,36
5,20,35
28,14,31
61,6,15
24,12,38
41,14,23
5,21,32
34,4,47
50,18,0
3,22,30
18,7,47
43,0,43
11,10,52
28,10,41
59,2,27
21,10,41
42,14,13
25,12,41
55,0,27
53,8,15
10,11,54
46,15,10
38,23,3
14,20,30
19,4,55
59,0,26
42,3,35
15,7,56
36,21,5
33,13,25
24,15,35
53,0,34
31,8,44
52,2,30
15,0,62
51,16,2
21,11,40
21,7,51
46,6,29
46,11,20
3,8,61
48,1,34
48,1,40
1,12,53
40,15,14
38,1,50
34,11,33
7,16,41
34,17,18
0,15,56
15,4,55
40,18,15
12,19,36
57,3,19
47,12,11
22,18,35
7,7,59
39,14,16
36,3,40
11,13,39
23,5,53
21,3,54
56,0,30
37,15,24
15,6,52
56,0,24
63,5,15
13,9,47
2,15,51
29,23,11
33,1,46
35,12,24
57,1,22
5,8,59
30,14,29
9,7,59
23,7,49
34,9,33
36,1,47
24,4,57
34,18,13
41,8,29
20,7,53
18,2,56
20,7,44
28,17,28
46,13,12
47,6,26
27,21,19
24,9,48
38,5,40
52,18,1
30,0,49
49,12,14
39,0,45
26,3,53
36,8,42
36,16,23
32,10,33
1,10,56
32,21,8
19,12,43
26,2,49
47,6,25
3,17,50
17,1,58
26,0,61
13,13,39
59,1,21
40,3,38
2,9,58
51,10,12
60,11,3
57,7,11
18,9,51
24,9,42
59,1,25
42,4,34
0,18,48
22,2,54
12,18,37
32,9,39
39,10,30
39,16,22
12,9,53
4,21,40
20,10,46
18,8,47
57,0,27
24,11,42
2,8,59
5,5,63
31,16,24
12,12,45
6,8,59
60,2,20
28,12,39
54,6,17
62,9,8
28,15,35
33,17,19
42,11,19
63,8,4
3,16,44
30,0,54
42,7,32
33,8,45
19,16,37
5,21,31
20,10,40
40,8,36
15,17,34
7,22,29
43,10,19
43,5,39
42,11,17
58,6,13
51,8,21
25,9,41
32,18,19
21,7,49
40,16,14
61,0,23
38,14,20
35,15,17
8,11,47
33,15,23
36,17,15
4,18,48
35,11,28
29,22,11
12,12,40
49,11,11
56,4,24
13,16,40
54,0,32
26,0,56
39,7,33
55,8,11
40,9,28
28,22,17
25,12,40
9,12,46
53,7,15
61,11,2
22,10,41
38,8,35
25,11,41
7,17,39
12,14,46
27,3,55
14,12,41
3,20,43
18,15,38
26,3,49
3,20,37
29,21,21
19,10,41
22,8,43
8,7,59
38,5,39
26,2,53
17,12,43
25,22,26
41,21,2
28,8,43
30,19,21
25,7,43
22,0,59
7,5,62
54,15,0
17,6,55
8,7,62
55,6,17
52,1,29
22,13,41
37,12,21
18,17,32
35,11,34
5,19,32
23,6,47
8,9,54
4,9,62
47,19,0
39,8,33
54,10,10
49,21,0
11,18,34
49,14,5
19,5,51
40,17,16
0,16,47
27,18,30
5,8,60
6,9,54
33,15,25
27,1,56
13,18,34
12,14,47
21,3,49
19,5,57
12,12,53
36,4,44
41,15,11
4,18,37
36,21,4
52,3,30
28,1,51
1,20,43
4,20,45
7,19,43
45,20,1
35,9,34
9,16,37
54,3,21
43,4,37
15,3,55
8,17,44
27,2,52
30,17,29
53,0,33
58,1,26
52,8,17
24,12,40
4,18,45
37,1,46
43,15,18
25,1,54
51,4,27
21,6,50
56,2,28
59,4,17
3,21,31
0,14,56
30,0,53
49,14,6
16,13,38
63,4,14
49,10,17
41,8,30
14,16,39
36,2,44
42,17,7
45,18,3
34,10,37
49,7,25
34,3,43
42,3,40
1,23,32
36,9,36
28,13,39
62,10,3
40,2,42
12,19,38
39,0,49
1,16,49
8,20,31
42,3,34
10,4,63
58,2,30
50,1,29
51,11,9
28,20,20
25,22,31
38,16,13
15,12,47
58,4,23
59,2,21
5,18,45
18,2,55
49,18,0
34,12,26
39,8,30
59,6,18
15,5,51
53,7,14
22,10,45
17,10,41
27,12,35
6,11,59
42,13,14
4,15,47
40,13,28
16,15,39
33,10,34
29,5,48
30,20,29
29,16,33
14,3,56
26,21,20
19,8,48
27,14,32
15,14,40
50,11,11
24,0,58
22,13,39
53,4,27
1,19,42
53,7,19
58,9,9
31,23,7
36,18,10
56,4,26
26,4,53
29,5,49
37,2,46
17,12,39
38,2,46
33,13,27
39,17,18
22,0,61
38,15,23
23,17,34
16,5,57
15,22,31
29,4,51
20,10,44
28,8,45
12,14,42
52,6,21
26,3,52
0,17,48
44,17,5
15,9,53
25,13,39
6,20,30
2,17,49
30,3,47
5,15,50
50,2,31
42,8,29
18,12,44
2,18,42
17,7,51
23,5,47
14,2,60
0,15,53
14,8,52
36,20,6
17,18,35
8,19,33
38,5,37
18,14,42
61,8,12
52,16,0
3,12,56
29,4,46
35,4,43
54,7,13
1,17,44
35,5,42
49,2,29
30,14,31
48,0,34
52,5,26
38,13,28
14,17,34
26,1,52
37,10,33
5,18,39
11,12,41
63,2,18
16,14,36
54,6,25
40,15,22
44,4,33
35,1,49
38,16,22
41,8,31
22,17,32
24,10,43
35,17,18
31,12,36
17,9,51
5,16,47
30,19,16
14,3,58
44,10,19
14,9,44
57,1,29
57,9,8
10,16,41
13,13,45
49,4,29
38,11,24
48,15,5
56,4,23
9,12,44
43,13,15
0,15,50
10,7,54
10,9,48
38,18,7
10,12,42
36,2,43
52,10,11
14,9,55
3,16,47
38,13,27
14,7,55
33,9,39
34,8,40
33,7,43
60,0,27
45,7,22
52,7,23
34,15,23
40,13,19
16,6,49
38,19,17
14,8,46
19,17,33
63,8,7
44,13,12
35,11,35
51,1,36
30,18,23
27,6,50
30,13,31
37,10,25
38,3,45
9,8,56
46,15,9
23,11,41
4,10,60
62,10,4
22,14,37
42,3,36
19,13,43
15,19,31
41,3,40
38,21,7
57,11,8
29,16,32
62,8,5
10,19,33
0,22,33
36,3,45
24,2,54
41,4,39
17,11,41
24,7,48
6,17,44
26,6,44
24,8,43
20,17,35
24,6,45
37,2,41
4,16,50
57,11,3
39,6,38
8,8,60
27,5,45
31,14,26
34,16,24
35,19,13
57,2,21
1,10,60
36,15,17
50,16,2
29,1,55
14,7,53
7,18,34
40,23,0
39,11,21
56,16,0
28,4,47
31,4,43
6,10,53
16,16,40
8,4,61
42,6,29
14,2,57
12,12,46
32,18,16
33,4,41
16,16,34
62,10,1
10,4,59
51,13,6
61,2,18
30,18,22
35,16,23
4,15,43
16,7,52
45,11,21
14,10,46
33,17,16
63,0,19
16,10,45
21,15,36
29,3,46
31,7,42
1,17,43
53,17,1
18,6,46
36,13,22
21,17,32
18,20,32
33,17,24
36,18,11
49,9,25
14,11,44
24,0,55
62,12,3
7,23,27
15,8,48
55,2,28
33,6,39
11,16,35
0,20,40
41,12,22
18,12,39
49,6,27
26,23,29
39,9,30
37,17,17
18,2,59
8,6,60
43,7,27
50,14,5
54,8,18
63,1,19
28,9,42
19,1,56
47,12,20
18,19,32
11,14,42
63,0,25
26,19,23
7,15,43
60,6,10
26,15,35
32,2,47
17,4,57
4,18,36
4,10,57
60,12,0
16,18,33
55,1,28
31,6,44
41,2,46
56,5,18
57,3,29
3,9,61
39,11,30
45,9,21
33,18,25
35,14,27
35,16,19
34,20,9
52,9,16
47,0,41
30,3,50
41,14,21
46,9,25
35,16,22
5,15,45
8,10,60
34,3,45
36,12,23
32,1,54
14,12,39
6,12,47
19,2,56
22,1,55
22,6,49
35,3,44
63,5,9
33,11,32
1,17,53
49,9,18
41,5,38
25,14,38
7,13,51
42,19,4
52,2,28
49,8,27
62,5,15
5,14,51
1,22,37
4,21,31
4,13,50
18,18,33
25,5,53
16,3,62
9,15,41
41,10,31
53,5,26
40,12,23
39,20,7
12,8,51
53,17,0
9,23,28
3,18,38
29,13,32
41,19,7
25,19,26
54,6,18
23,17,32
52,6,20
0,19,49
13,17,33
20,2,58
44,2,35
5,18,34
63,11,2
16,9,49
10,13,41
16,22,30
34,13,24
29,16,30
61,7,7
36,1,43
12,19,29
29,8,45
50,14,4
40,1,45
42,0,42
26,20,26
52,5,27
43,9,27
44,8,20
11,15,38
14,10,42
42,9,31
28,22,13
2,18,48
3,17,46
56,3,25
41,3,41
45,17,4
40,5,39
8,17,41
46,3,29
41,1,40
0,16,48
28,10,37
11,17,39
41,7,31
62,0,24
32,19,16
34,15,24
42,2,37
34,17,23
5,21,34
5,7,63
23,3,54
23,10,42
29,13,35
38,15,22
18,1,58
1,23,30
21,5,50
31,2,47
20,6,53
41,1,46
13,2,62
29,7,40
4,19,46
49,12,10
33,19,14
60,7,8
7,16,36
49,10,16
54,2,25
29,1,53
4,8,62
21,17,36
36,3,43
37,11,26
40,15,10
29,15,32
34,11,35
61,3,15
22,3,55
3,21,38
1,20,47
23,2,53
25,3,54
10,4,58
40,20,5
49,0,35
12,16,39
2,16,55
35,4,41
5,12,55
47,4,33
1,11,59
43,12,14
47,1,40
61,1,22
48,10,16
22,20,34
15,10,42
33,22,10
41,9,23
33,21,12
35,18,13
30,19,23
0,12,56
35,20,12
58,14,1
3,15,47
16,2,58
42,12,16
27,6,52
20,8,52
11,5,62
62,12,0
37,3,41
52,3,28
48,4,26
39,1,40
36,1,44
47,3,32
35,15,19
1,19,48
14,15,37
14,16,35
13,20,35
48,12,10
25,13,40
44,8,30
24,7,47
30,21,16
18,2,58
13,8,49
13,16,41
6,8,62
8,13,50
39,5,35
29,14,35
5,21,40
41,16,12
31,16,22
7,19,44
57,1,28
1,22,31
39,12,21
63,12,1
39,14,15
49,0,30
15,21,30
43,18,8
27,2,50
29,11,35
2,17,47
29,13,30
41,11,23
41,9,30
18,6,55
41,18,6
48,16,5
45,7,25
27,8,43
46,6,24
39,21,5
18,8,51
19,13,41
35,8,38
30,23,10
39,22,2
41,12,16
22,15,35
27,14,34
6,5,62
9,7,60
40,4,34
26,4,51
8,6,62
18,6,47
41,14,20
48,1,32
18,10,41
2,18,47
26,13,38
59,1,27
15,10,51
43,17,9
14,12,47
29,15,27
31,9,36
7,16,45
36,14,22
44,17,11
41,15,10
55,6,14
37,13,23
18,5,48
39,12,25
22,3,49
4,12,51
45,6,29
12,16,42
25,14,37
51,6,24
24,12,39
15,13,37
29,5,45
41,15,12
45,3,33
11,17,38
0,9,62
28,3,48
33,3,49
40,22,1
23,6,49
58,4,18
33,0,54
29,22,21
0,20,39
22,1,60
37,15,26
63,7,12
52,20,0
42,16,12
4,15,49
30,17,28
36,12,27
19,15,41
19,16,34
58,4,17
37,16,14
54,7,20
14,19,38
31,11,34
44,3,39
22,2,57
33,12,31
24,19,31
43,10,20
1,9,60
54,14,3
29,2,48
37,9,35
28,2,51
37,0,48
54,15,1
16,7,55
36,6,37
38,5,38
21,8,50
33,7,41
10,23,27
22,12,41
31,14,31
9,12,49
49,4,27
32,0,48
54,15,3
25,10,43
45,10,22
5,19,34
46,10,17
25,16,34
2,19,39
49,1,32
26,6,45
51,17,2
33,0,53
26,16,30
51,13,5
43,13,21
13,3,59
53,0,32
47,9,25
42,5,33
42,12,22
50,4,26
37,11,24
47,2,36
32,0,49
52,14,3
43,11,15
51,6,22
60,3,21
44,12,20
7,14,46
23,5,49
28,23,15
56,2,24
13,10,50
31,18,29
47,2,32
1,16,54
17,15,37
27,6,48
52,15,1
23,12,42
34,22,10
2,13,51
53,6,18
63,4,18
49,4,25
25,14,40
25,3,52
59,5,17
28,15,28
26,0,54
49,7,19
37,11,35
62,3,21
12,2,60
52,10,18
63,2,19
12,15,42
45,0,39
3,16,50
8,19,31
48,8,24
7,13,50
25,8,49
26,3,48
17,14,37
37,21,5
27,16,34
18,1,63
2,20,42
5,19,42
29,8,40
39,9,25
40,2,39
62,2,18
9,8,60
5,16,42
9,13,50
33,22,12
48,8,22
21,2,58
38,3,44
19,14,42
61,13,0
25,8,42
7,9,52
16,5,53
18,8,46
47,7,26
27,9,42
14,11,43
49,5,24
56,7,20
16,6,55
15,11,42
63,3,14
60,6,20
63,13,4
2,21,37
47,8,21
16,4,62
6,21,29
33,11,33
46,5,27
11,9,54
4,20,39
41,14,16
7,16,37
1,15,56
39,19,5
58,7,10
55,15,1
53,2,29
17,6,51
42,20,2
36,10,30
27,8,45
57,10,5
53,6,20
13,17,40
22,19,35
14,6,51
43,11,16
14,9,43
42,19,7
17,7,56
10,13,48
52,12,6
28,23,16
10,6,54
6,10,52
49,19,2
1,20,48
14,13,41
49,9,21
20,3,58
23,9,46
47,13,14
25,20,31
24,23,21
28,8,39
35,11,33
44,5,29
61,5,14
25,7,46
24,23,31
46,4,30
26,1,53
28,18,30
34,6,38
27,1,53
28,19,24
50,2,32
27,7,45
31,22,8
48,5,28
36,9,29
1,16,48
28,17,25
53,6,19
18,10,46
50,5,23
35,7,37
51,9,14
59,4,20
27,14,37
35,12,32
17,7,49
18,11,40
19,14,41
39,13,17
10,6,61
14,10,50
35,3,43
19,1,61
33,5,45
45,0,41
0,19,52
3,22,34
1,11,55
20,21,31
28,5,46
35,9,38
41,11,17
50,3,31
50,13,6
7,14,50
13,5,57
57,0,25
62,1,18
3,12,57
37,10,35
51,16,1
47,6,22
41,6,30
1,18,48
55,7,20
34,9,35
37,13,20
29,17,21
26,8,47
49,8,28
46,3,32
31,0,56
22,5,48
34,0,48
20,15,41
61,4,18
14,16,34
1,18,54
45,2,32
47,0,34
29,6,46
32,17,17
52,4,25
55,3,21
36,13,28
9,21,28
50,8,20
14,9,45
27,13,34
27,3,53
36,5,41
27,5,48
45,16,6
29,17,24
50,1,32
62,1,21
44,2,39
23,13,36
20,4,55
47,3,27
36,16,16
12,13,46
58,14,2
29,17,22
43,8,23
12,8,48
51,3,25
42,4,33
30,21,14
14,18,38
21,23,30
9,14,43
38,23,7
55,6,22
12,4,58
49,7,20
53,6,24
61,7,12
28,8,44
16,9,45
43,10,22
50,3,27
38,13,20
48,22,0
54,4,26
55,1,25
55,5,19
7,5,60
13,9,46
13,18,38
19,15,36
6,12,53
28,18,23
10,10,47
22,14,35
21,4,57
49,8,26
23,14,35
27,14,39
24,13,38
34,19,20
8,11,48
46,10,22
46,7,28
62,8,7
5,11,50
49,0,32
11,20,32
50,3,25
34,18,16
17,14,38
19,3,51
39,17,17
31,7,38
45,19,2
40,12,18
49,13,9
0,12,54
24,22,32
26,5,45
61,9,4
0,22,45
40,21,8
8,8,55
40,20,4
38,8,36
49,12,12
61,4,20
33,19,13
36,0,51
27,16,28
59,10,7
9,7,56
30,23,11
11,21,28
43,3,36
13,15,35
3,19,42
38,6,37
48,6,27
51,5,24
39,0,43
5,8,56
25,21,26
8,16,42
60,2,21
9,13,43
37,12,24
61,10,7
13,6,52
23,0,54
29,1,50
1,10,58
12,20,30
13,16,36
1,21,40
5,23,28
18,7,46
15,11,40
22,10,43
30,6,44
1,21,34
56,5,23
30,12,31
36,6,44
40,13,16
54,1,27
3,19,45
57,0,34
57,3,27
29,17,29
37,9,36
2,9,62
10,12,51
43,8,25
38,17,18
9,13,46
30,11,33
61,7,13
16,6,48
11,13,43
7,13,46
58,1,25
29,17,35
11,3,63
59,3,19
42,14,21
19,7,50
10,17,35
11,4,61
34,12,31
57,0,30
1,8,62
21,12,39
32,22,18
6,16,38
31,4,44
37,9,34
50,14,7
32,0,51
14,5,52
17,2,57
34,12,34
45,14,10
18,17,35
46,8,20
31,19,29
56,1,23
20,14,38
42,19,3
26,18,25
5,22,40
4,12,50
29,9,38
25,15,37
26,18,26
25,12,43
0,21,39
23,2,57
35,10,31
28,20,19
14,12,45
15,8,56
31,11,32
22,13,42
29,23,12
9,5,62
31,8,36
41,8,33
41,0,45
25,1,55
0,20,38
0,10,57
39,10,28
6,16,42
25,21,25
17,3,53
36,5,38
24,7,43
33,18,15
11,11,43
39,16,19
13,11,48
28,20,23
9,14,47
58,12,3
13,16,37
55,15,0
3,21,32
30,20,17
22,13,38
19,10,46
39,23,2
26,4,50
48,0,38
18,13,43
35,10,34
2,23,39
17,1,57
6,19,39
15,12,40
40,11,22
17,6,47
12,3,59
15,5,55
61,5,16
31,22,18
14,22,28
46,1,42
7,7,57
46,6,28
17,0,63
29,8,39
12,13,48
41,21,0
54,13,4
32,1,47
63,7,6
35,17,14
2,20,43
30,5,43
16,1,59
45,13,13
41,21,1
26,21,25
53,17,3
38,1,41
33,9,36
49,14,7
34,6,42
59,1,28
8,10,59
10,14,45
30,15,26
34,7,40
27,17,29
37,14,23
44,0,39
48,7,22
12,7,50
26,23,30
20,5,54
1,13,58
8,14,50
49,6,29
59,14,0
53,12,6
4,8,60
15,7,53
31,20,23
31,8,40
41,1,45
22,3,56
21,8,43
35,21,17
2,14,49
37,18,8
54,12,6
16,1,62
22,7,51
55,16,0
8,10,54
35,0,50
2,7,60
38,4,40
12,10,53
7,18,40
11,13,44
45,12,20
47,10,24
26,12,39
42,15,16
43,17,8
26,21,26
41,13,18
34,5,38
56,9,13
56,0,33
35,4,39
50,10,15
23,2,54
63,4,15
51,14,6
26,19,25
8,14,42
18,10,44
28,2,50
29,18,29
14,1,61
61,1,23
13,5,58
2,22,33
11,6,56
49,11,13
39,15,12
23,23,31
40,1,43
12,16,43
25,2,55
62,11,2
33,19,15
57,5,15
40,15,21
62,2,19
0,21,42
5,19,35
27,22,18
58,3,17
11,15,35
12,15,39
36,13,27
33,8,38
26,17,27
13,14,36
20,13,38
5,10,55
56,5,15
61,4,14
21,13,42
44,16,8
10,7,53
32,21,6
29,15,29
13,21,35
17,16,34
2,17,46
3,11,52
14,5,57
29,1,51
48,6,23
51,10,15
30,22,10
30,2,48
38,1,47
10,9,57
43,4,39
5,13,47
53,12,10
38,13,22
61,2,19
21,16,33
60,5,14
22,9,47
30,16,33
44,16,6
3,21,39
63,10,2
19,3,53
28,21,15
34,16,22
23,18,31
62,2,23
37,3,47
36,3,46
46,10,18
0,22,35
36,1,45
57,7,13
15,15,35
41,21,3
25,19,25
15,9,47
47,7,22
30,22,12
62,9,6
12,5,57
60,1,22
21,5,56
34,10,29
19,10,50
40,16,24
24,13,36
26,1,58
29,2,51
1,23,37
12,13,40
37,19,5
45,12,19
62,11,6
48,8,19
4,19,35
27,4,47
19,20,30
7,4,62
15,11,47
34,2,47
50,10,14
24,22,25
35,20,5
62,1,19
15,17,37
19,1,59
32,12,33
59,13,0
14,14,37
24,21,23
17,4,55
60,0,23
5,16,51
3,14,47
2,20,44
6,16,37
32,20,12
63,1,23
40,7,30
27,18,24
28,22,15
28,2,52
37,5,40
8,13,42
13,10,45
37,3,43
6,23,28
11,14,37
39,23,3
38,2,47
61,9,5
49,10,26
16,0,61
62,6,15
61,13,1
19,11,42
34,1,45
40,4,36
31,4,46
11,17,41
19,17,36
32,15,22
22,8,44
13,7,51
18,4,54
31,13,36
39,9,27
40,20,7
39,13,18
23,12,38
33,21,5
47,6,24
18,0,58
49,7,24
10,6,55
3,20,39
9,13,48
32,19,20
9,15,43
20,11,39
19,13,38
6,17,43
20,6,52
11,13,48
51,0,32
23,22,32
24,4,47
41,10,24
2,10,55
54,16,1
7,12,50
13,10,46
20,16,38
49,3,30
25,3,49
16,3,59
12,18,36
58,13,0
29,21,15
39,14,22
40,16,23
21,2,59
30,1,55
31,9,38
25,1,58
36,11,35
10,11,47
36,9,35
59,8,11
15,11,51
44,16,10
41,4,33
31,11,38
1,20,40
0,23,30
47,1,39
31,19,21
38,14,19
10,5,56
3,19,44
15,7,52
2,17,44
59,9,7
55,7,18
26,15,37
57,3,18
7,17,35
40,15,24
29,22,14
28,22,18
10,8,53
30,6,40
47,16,6
33,16,18
59,3,23
42,2,38
18,14,37
9,10,53
24,13,37
25,23,27
63,0,22
20,0,62
19,1,57
60,11,6
15,13,43
44,8,26
35,15,26
11,12,43
41,15,17
39,6,34
49,8,25
37,13,24
17,7,47
57,3,28
21,14,40
37,8,30
18,15,35
32,18,24
5,13,49
59,16,0
53,4,25
33,7,45
40,6,35
13,17,41
31,11,37
31,0,51
46,0,35
38,10,26
12,12,47
36,16,15
19,5,49
7,18,44
10,4,62
30,1,51
39,2,42
0,12,55
28,11,39
44,15,16
55,0,25
48,7,28
17,6,54
60,7,18
12,2,61
20,3,56
12,15,43
12,10,49
41,8,24
2,22,34
24,17,32
60,9,11
21,21,30
27,1,50
22,4,56
41,12,23
9,16,44
52,0,36
49,7,29
46,5,26
28,6,52
21,11,46
46,17,3
56,6,15
46,2,34
17,8,46
31,9,37
22,3,51
48,13,11
5,16,43
13,16,38
18,9,42
41,21,7
19,0,60
43,11,23
30,16,32
1,9,58
43,20,0
33,22,6
30,10,34
9,15,44
35,19,11
62,3,14
1,8,63
39,0,47
8,7,56
32,14,27
20,8,47
15,6,54
26,0,52
17,16,38
17,13,37
44,8,24
38,1,42
35,3,48
51,11,10
25,5,48
26,17,28
19,12,40
15,6,50
17,10,46
8,15,46
13,5,59
22,4,48
6,14,44
12,22,33
9,8,61
22,14,36
30,0,50
6,13,47
58,6,12
36,11,28
25,22,21
48,7,20
13,12,41
18,11,44
18,14,38
6,19,35
18,9,44
11,13,40
48,5,29
61,6,14
42,6,27
15,14,39
44,3,32
44,7,30
47,19,1
15,12,45
40,13,23
10,14,48
52,7,19
21,3,51
34,6,41
11,10,45
62,7,8
1,12,52
44,13,19
4,10,59
34,20,12
31,2,52
6,6,60
6,11,54
28,5,45
59,9,12
43,11,19
17,4,50
9,6,56
41,10,20
56,13,10
1,15,49
20,7,52
59,15,0
35,14,33
38,15,13
51,8,22
44,8,22
25,13,41
17,2,60
51,0,36
15,3,57
28,0,57
42,16,11
4,18,46
19,0,63
43,2,35
26,20,31
53,5,23
28,3,47
38,6,39
3,9,56
10,13,39
27,6,47
25,6,44
3,11,56
62,8,11
42,21,2
41,15,19
19,6,47
4,8,57
57,4,23
59,8,9
10,9,51
43,0,40
12,5,58
48,20,0
30,1,57
27,12,40
14,8,49
14,17,39
24,12,41
23,7,51
14,16,41
55,12,6
6,19,42
14,6,53
17,17,32
62,3,20
20,1,63
32,5,43
29,16,27
43,19,3
44,11,19
40,2,45
47,3,33
0,16,49
16,17,37
6,20,42
29,20,18
41,0,43
51,3,27
0,18,51
45,4,34
61,4,15
31,7,43
