47,5,48
57,3,26
58,12,53
51,7,50
63,16,46
47,6,53
57,7,35
54,8,55
48,1,31
55,2,29
58,11,39
62,13,58
42,4,36
52,0,29
56,2,23
60,6,21
47,7,45
41,2,32
55,9,51
49,7,46
43,3,56
41,4,42
52,3,33
42,0,29
63,14,57
51,9,48
61,13,47
61,8,20
50,8,40
44,4,48
56,8,39
56,12,55
49,10,43
55,13,56
63,13,50
63,11,34
57,13,45
63,10,19
39,0,35
52,9,43
60,15,61
61,6,26
46,5,33
46,7,57
60,14,59
48,8,60
42,2,58
43,3,55
56,8,37
58,5,29
58,9,36
47,8,54
58,12,43
50,9,61
43,5,34
42,2,45
51,9,54
50,5,54
59,4,22
62,9,25
54,6,34
48,5,37
56,7,37
49,7,41
52,9,48
54,13,56
51,4,34
46,4,36
43,2,52
54,1,28
50,8,44
57,10,53
40,0,52
41,5,42
42,2,63
63,10,32
50,4,35
61,15,49
45,4,38
50,10,60
59,13,44
52,8,56
44,4,43
49,7,43
52,10,59
46,7,56
61,7,18
57,11,42
38,0,45
50,1,31
51,7,51
43,6,41
55,0,25
40,3,46
51,5,53
41,0,50
55,12,60
55,10,58
47,3,51
61,13,37
55,11,45
51,0,22
60,12,57
52,9,40
57,5,19
61,7,32
51,9,47
49,6,39
60,16,62
48,6,47
56,8,52
63,13,53
58,6,30
54,1,18
58,7,34
50,8,57
53,0,21
42,1,62
54,8,39
53,8,38
55,9,37
53,11,44
53,10,41
46,2,31
46,5,49
58,15,58
44,7,47
60,9,36
58,11,42
58,3,23
43,2,35
42,2,55
40,1,52
47,8,61
60,12,49
56,13,57
40,2,45
51,2,31
61,15,50
57,9,54
52,9,53
45,7,44
39,3,43
61,8,34
43,4,60
58,12,45
52,7,53
42,1,30
61,10,34
49,9,61
43,2,33
39,0,42
60,11,52
58,15,63
52,10,58
58,6,33
54,11,45
54,12,58
54,11,61
52,8,58
42,2,30
54,13,61
47,6,38
41,1,38
41,2,38
48,9,48
55,10,48
62,8,17
57,11,40
56,4,20
45,3,53
54,2,21
59,11,52
45,7,61
55,2,20
62,11,31
56,9,38
55,11,43
61,13,42
47,4,54
62,8,18
38,0,41
44,5,53
59,14,45
60,11,55
47,3,49
56,12,44
50,9,59
56,11,38
62,9,31
49,7,44
55,3,32
60,15,62
46,4,51
57,12,48
49,7,59
52,11,61
61,16,45
45,7,45
40,1,41
56,1,24
59,6,32
53,10,60
54,11,57
43,5,57
53,0,28
54,13,62
57,10,54
60,7,31
49,6,48
63,12,53
42,2,54
58,16,46
54,0,24
53,0,23
61,6,21
55,6,35
50,7,41
57,12,57
54,9,41
43,3,49
52,7,49
50,7,57
46,3,49
49,4,32
62,13,40
56,12,58
55,9,52
42,3,37
40,2,46
50,9,44
60,7,18
41,2,47
54,6,35
45,4,47
61,6,24
56,8,38
60,15,43
56,12,59
60,16,44
58,13,46
50,2,31
56,3,24
45,4,32
42,1,50
46,5,45
61,14,46
48,5,51
47,1,31
58,5,18
39,0,38
62,15,43
40,2,40
55,11,60
40,1,60
45,7,53
46,6,44
56,3,21
60,14,61
45,6,48
42,2,46
62,14,44
62,6,25
53,10,57
47,10,59
40,3,41
43,4,57
59,11,50
53,9,58
45,5,56
53,11,58
42,4,49
54,2,28
46,5,46
57,4,31
42,1,48
40,1,47
62,15,44
50,7,46
60,12,51
40,3,36
56,2,29
55,9,48
58,10,56
55,4,18
42,3,41
51,7,38
53,4,34
52,0,19
41,2,57
61,13,41
63,14,51
52,2,30
42,2,37
49,0,29
51,8,41
57,3,21
44,4,57
48,4,49
55,9,40
49,5,49
45,3,36
61,13,57
37,0,46
42,4,52
58,8,34
58,10,53
61,14,41
58,4,19
58,11,55
46,6,53
52,10,61
42,2,57
53,9,42
63,12,56
56,11,45
43,6,38
55,10,42
45,3,34
56,5,32
58,9,37
60,11,35
63,10,33
59,5,24
53,8,48
63,13,38
41,3,46
44,8,56
48,8,49
63,16,43
60,9,35
56,6,33
57,13,61
49,5,48
58,5,33
54,8,50
44,5,57
47,6,41
55,9,56
46,4,37
60,11,39
61,15,62
52,0,28
45,5,54
44,2,52
60,6,26
42,6,62
42,6,36
61,8,19
52,5,31
58,13,57
61,12,51
40,3,39
51,8,46
47,0,30
39,1,44
51,9,55
41,0,51
54,0,23
56,10,49
63,13,57
57,10,55
58,10,51
60,8,35
61,10,37
52,11,54
62,10,36
55,2,23
61,15,60
47,6,58
61,6,27
44,3,53
61,13,50
53,6,52
57,10,50
55,13,58
45,1,30
49,4,52
41,4,46
51,9,60
47,6,56
56,10,57
58,12,58
54,4,34
51,5,35
51,11,60
49,3,34
50,4,31
58,15,46
59,10,55
38,0,46
61,14,61
56,11,41
56,3,28
60,7,20
41,3,45
61,11,52
43,5,47
57,7,30
51,10,48
49,8,49
41,1,60
51,5,52
49,6,49
49,8,57
47,5,49
45,6,45
45,4,36
44,5,61
46,5,40
49,6,38
62,14,42
42,2,62
61,9,35
53,9,56
52,10,52
45,2,31
54,9,51
42,5,51
44,2,50
57,14,61
41,3,42
58,5,21
61,11,37
44,5,43
48,5,55
53,10,59
50,4,32
43,3,47
59,13,58
59,14,58
57,5,30
43,4,43
44,2,51
50,9,41
38,0,39
42,2,59
47,6,51
51,10,62
59,13,42
60,13,51
62,8,20
58,13,61
60,16,63
57,15,63
56,10,50
53,5,36
61,11,35
51,7,40
46,5,54
55,11,46
42,3,38
63,7,23
61,13,51
46,5,58
56,10,38
51,7,54
43,5,60
44,4,35
62,9,32
48,4,35
50,10,61
59,12,58
51,10,54
61,5,25
56,7,35
59,5,31
47,4,53
61,12,57
54,0,18
57,3,27
61,6,22
45,4,50
53,2,19
59,15,46
39,3,42
52,5,34
63,9,28
38,0,43
57,13,55
59,14,46
43,5,46
42,2,53
53,7,38
53,8,51
57,2,26
54,9,57
56,11,58
54,5,35
48,8,59
45,5,43
59,13,57
55,11,56
54,2,17
63,15,46
56,3,19
57,2,27
60,6,19
63,7,24
41,0,52
63,13,40
39,0,45
58,12,48
49,5,32
52,8,47
61,7,30
55,10,47
54,10,41
48,1,30
42,4,62
57,14,45
45,7,54
55,3,29
46,5,51
50,0,30
43,3,57
59,16,44
44,6,48
63,14,41
42,1,31
50,6,55
55,5,32
57,3,22
60,5,24
44,4,56
53,12,60
42,0,31
58,3,26
55,6,36
60,14,60
51,10,63
61,12,39
57,12,43
42,3,42
44,6,60
61,13,59
58,5,31
57,2,25
44,1,31
44,5,62
59,13,60
58,5,20
47,7,52
45,5,53
62,13,50
59,12,56
59,6,19
61,6,29
49,5,36
56,5,30
52,9,41
43,5,35
43,3,63
41,4,41
39,4,41
50,6,47
52,7,56
54,1,24
63,15,59
41,2,56
55,8,37
61,8,18
47,3,34
39,2,40
51,12,59
46,7,60
37,0,45
54,2,30
43,1,63
63,14,42
57,12,46
48,6,53
57,3,25
44,3,31
48,6,44
47,5,47
62,7,20
59,8,35
48,0,30
41,3,53
43,3,43
43,5,38
45,4,33
40,1,33
60,13,57
41,2,40
49,8,61
49,2,33
46,3,52
42,3,60
52,6,54
40,1,50
57,10,38
59,12,51
61,5,26
58,6,17
63,16,48
55,11,59
47,5,46
41,2,54
45,7,63
55,4,32
52,11,44
48,2,32
45,7,37
56,12,43
55,11,58
42,5,60
50,8,59
46,7,61
41,2,59
63,11,55
54,10,43
56,9,39
45,6,61
44,5,45
44,5,54
60,5,22
63,15,61
60,14,45
42,4,50
52,10,49
63,12,33
48,6,43
51,8,49
47,3,35
45,5,58
62,12,57
53,10,45
47,4,35
59,14,59
52,0,27
56,5,18
52,12,44
41,1,54
42,2,48
50,7,48
62,7,24
57,3,20
60,10,53
59,11,54
58,11,48
58,9,53
42,5,57
62,14,46
42,4,59
56,5,17
62,8,29
40,1,31
41,5,44
49,6,37
55,9,38
53,9,46
43,4,47
46,2,32
57,3,29
45,3,50
63,15,47
49,4,35
63,8,30
62,12,39
60,13,48
43,4,51
44,4,44
47,4,52
55,1,24
53,13,63
60,14,48
55,8,39
46,6,51
49,10,59
51,10,49
54,13,55
63,11,29
58,11,53
48,5,54
59,7,32
52,5,36
40,4,46
61,14,47
45,4,54
51,5,34
63,10,30
54,11,60
60,5,23
54,10,49
51,9,43
39,1,45
41,3,57
63,11,31
62,11,36
43,2,49
57,13,46
51,9,58
41,2,35
57,12,59
45,3,48
39,0,40
63,9,31
50,8,45
44,4,46
46,5,57
41,1,52
57,4,29
42,2,36
51,11,62
51,8,54
59,12,57
44,4,37
61,16,43
50,5,32
60,13,44
41,1,36
60,16,49
48,7,41
41,3,41
57,12,45
57,6,33
37,0,47
56,11,43
55,9,41
50,3,33
59,12,41
59,15,44
63,14,59
56,10,54
46,7,44
53,0,22
63,9,19
42,3,46
42,3,58
50,7,45
63,11,33
57,3,23
62,6,23
43,4,36
60,13,49
44,4,40
50,5,36
53,8,52
45,4,39
43,1,49
59,15,63
45,7,59
51,6,55
41,1,56
48,7,57
55,6,34
44,7,56
58,11,40
42,3,50
58,12,44
48,9,59
47,4,49
42,2,56
61,14,51
50,9,62
39,3,38
50,5,49
40,1,48
41,0,49
59,11,41
55,2,27
63,15,52
62,8,24
47,5,54
63,9,29
60,4,26
60,12,42
52,1,30
55,10,49
59,10,51
48,9,49
63,14,49
53,11,59
42,4,37
47,8,58
54,7,38
63,15,42
40,0,49
59,13,47
51,5,36
63,17,63
61,16,63
62,14,47
46,4,50
57,11,47
42,2,31
44,4,54
41,3,47
46,3,51
50,10,41
60,12,34
53,2,18
39,4,43
38,1,40
63,14,50
62,10,35
60,10,36
43,5,59
56,2,22
43,3,39
58,15,62
61,8,31
61,7,17
54,6,37
48,8,54
41,1,31
55,1,22
54,9,49
62,13,51
49,8,43
54,11,43
43,2,34
63,16,60
57,5,18
42,1,34
44,4,42
58,12,49
44,2,34
56,12,60
44,5,40
52,11,60
56,10,55
61,14,50
55,2,24
54,10,45
50,6,50
62,15,48
62,14,48
57,11,41
58,3,27
50,6,49
48,7,54
58,13,48
58,13,45
57,13,42
63,15,51
58,4,25
61,12,49
59,15,61
47,3,53
57,8,53
53,12,59
60,15,63
44,4,41
58,15,47
60,9,34
46,8,58
59,4,27
48,3,52
41,0,33
46,5,36
57,8,37
42,3,45
58,14,47
43,3,52
60,6,27
52,12,60
62,14,43
52,9,59
52,11,62
50,6,54
56,3,30
61,14,48
51,7,49
58,12,50
45,8,44
55,8,53
52,9,58
44,3,37
62,7,23
52,11,59
61,11,39
45,1,29
53,9,57
47,3,50
42,3,62
55,5,34
56,4,18
62,13,57
51,10,59
46,6,60
44,7,48
53,9,45
55,12,59
45,6,54
60,14,47
50,5,50
49,7,42
58,4,23
47,6,42
58,4,27
48,6,39
54,8,54
54,2,29
55,9,49
59,4,26
56,4,19
55,12,58
40,0,35
61,7,27
52,7,37
57,4,19
57,10,56
43,0,31
62,6,21
62,7,29
59,12,47
43,4,49
39,2,45
47,5,52
59,5,18
45,5,49
61,11,51
61,14,49
47,4,37
53,3,29
59,5,21
58,12,55
38,0,44
49,7,40
40,1,34
49,6,54
56,9,51
63,9,18
60,12,39
53,12,61
55,7,33
63,8,28
49,9,63
53,2,30
59,13,43
50,10,54
52,1,21
57,15,46
49,10,62
40,0,51
63,13,55
55,12,56
40,1,46
60,5,28
56,11,47
52,8,50
42,4,51
43,3,48
59,16,47
58,13,58
50,9,43
46,6,52
48,5,50
60,12,35
49,7,58
44,6,61
58,14,62
52,7,54
55,11,44
51,9,42
51,8,48
44,3,47
41,2,42
57,7,36
61,5,23
60,15,47
45,2,30
52,10,53
46,7,63
54,2,18
43,5,45
48,7,53
44,2,49
48,6,38
44,3,55
60,12,50
43,3,54
54,11,59
59,11,56
57,6,30
52,8,57
43,1,32
54,0,17
54,11,58
60,10,34
46,3,35
63,7,21
43,4,40
55,4,17
61,9,18
55,9,53
58,6,20
53,8,49
58,8,35
41,2,60
45,2,29
43,1,52
47,5,37
48,9,63
41,3,43
42,1,35
56,3,29
47,7,44
45,4,49
58,8,37
49,4,36
47,8,60
56,8,53
42,3,48
59,5,30
47,8,63
46,4,35
44,1,30
60,10,35
39,0,41
58,13,41
60,8,17
61,8,32
43,3,34
53,5,32
48,6,46
53,10,42
51,11,63
42,1,63
51,6,53
58,12,57
63,10,18
47,6,57
57,4,32
55,12,57
41,1,51
51,2,30
54,8,56
48,7,55
55,6,32
41,2,36
42,1,33
57,10,40
61,15,45
46,5,44
59,11,57
54,1,17
53,7,53
44,0,29
58,13,59
53,1,29
51,4,33
62,9,29
53,9,48
50,7,55
56,7,33
51,7,48
45,4,48
49,6,46
48,4,53
48,0,28
43,4,45
55,0,24
59,10,53
47,7,51
42,1,61
39,0,53
54,8,49
59,5,19
63,15,44
61,7,19
55,13,62
46,5,50
57,14,46
52,10,42
59,15,58
47,5,53
52,5,32
49,8,58
54,3,17
58,11,51
59,5,20
49,0,28
47,5,55
45,6,62
52,2,31
62,13,42
61,13,52
51,10,60
58,4,20
62,14,49
59,14,60
43,3,35
49,4,53
46,9,58
57,6,34
45,5,59
57,12,44
45,6,59
39,0,34
59,12,40
42,3,61
57,4,21
48,7,60
42,3,43
48,9,53
54,1,25
45,6,51
56,9,49
41,2,43
41,3,54
59,3,25
52,11,48
57,9,51
40,2,41
44,5,63
61,11,38
62,15,62
50,8,42
59,8,17
50,6,38
63,8,18
44,4,36
49,4,34
54,8,37
42,3,59
55,3,17
63,12,37
52,6,53
43,3,45
62,11,53
50,4,33
47,9,61
41,3,36
63,16,47
51,3,33
43,4,56
58,11,41
48,9,58
51,8,40
58,4,29
41,3,50
52,4,33
44,5,60
63,9,33
55,11,41
44,0,31
41,1,33
50,8,58
52,11,43
54,10,48
58,14,46
54,3,32
59,5,29
40,1,56
56,4,32
45,8,56
51,9,46
60,13,39
53,7,52
49,7,57
60,12,40
44,5,47
61,13,49
43,4,50
45,7,58
57,12,47
42,0,62
43,3,46
53,9,49
45,2,49
57,4,17
53,1,30
55,7,37
54,0,28
50,3,32
57,12,56
57,13,60
59,10,54
41,5,41
50,8,41
58,14,61
61,12,50
53,7,50
47,5,38
45,5,37
45,3,35
55,10,40
47,6,43
60,8,33
57,4,18
41,4,44
49,10,60
61,9,34
62,7,26
54,9,40
62,12,54
44,6,55
53,9,39
41,2,48
55,10,45
39,1,46
58,7,35
51,9,59
56,10,52
45,5,45
55,13,61
40,2,35
53,1,19
44,7,54
63,18,62
43,1,33
38,0,35
47,5,45
43,4,59
48,8,53
56,11,46
54,8,51
48,6,55
59,12,42
57,11,48
61,12,41
41,0,48
49,3,32
51,8,56
56,9,53
62,10,29
56,13,58
42,4,57
60,5,25
54,10,47
48,0,29
48,2,31
41,1,53
59,7,17
51,6,49
42,4,41
53,8,56
50,3,34
63,7,22
46,1,29
47,6,47
51,11,59
50,7,51
48,8,61
46,2,29
42,2,60
62,14,40
41,3,58
55,3,18
48,5,38
62,13,52
57,11,45
52,0,23
42,3,55
60,15,44
59,12,49
45,2,50
45,4,37
62,12,56
55,5,33
56,6,35
49,8,42
63,12,38
58,9,38
47,6,40
44,2,48
63,7,26
62,14,58
62,7,25
59,8,34
45,1,31
57,9,52
43,4,44
39,2,39
47,6,59
45,5,55
52,0,20
46,7,40
58,5,22
61,13,58
49,7,45
61,11,53
59,14,61
61,7,22
39,1,42
62,10,30
56,3,27
57,6,35
53,10,43
44,7,41
54,9,52
61,15,44
58,12,52
40,1,55
47,6,45
60,11,53
52,10,44
62,11,54
39,0,32
46,7,59
52,7,55
52,6,51
59,12,43
40,3,45
40,3,35
41,1,55
44,7,53
48,5,36
54,12,56
58,4,22
63,9,20
46,7,58
44,3,46
48,8,58
63,16,45
51,6,52
44,3,54
49,2,31
45,3,30
53,0,26
40,0,54
38,0,40
60,6,31
53,3,33
63,12,54
45,5,60
45,6,63
58,15,45
58,6,19
53,9,55
62,15,60
45,4,55
54,11,56
44,4,55
57,13,47
43,2,54
44,2,53
43,1,31
54,9,56
63,16,49
58,11,52
49,1,30
58,12,56
43,3,38
61,10,54
53,11,55
46,5,43
56,4,30
56,8,33
60,10,52
44,3,36
62,14,41
60,15,49
56,11,54
56,12,45
47,2,31
45,2,32
42,2,41
53,2,29
59,13,41
45,3,49
58,7,18
60,11,50
51,10,41
47,6,55
47,8,53
63,15,50
52,7,52
43,3,42
40,1,45
53,8,54
52,8,49
43,4,52
52,10,60
49,10,61
51,0,20
49,1,31
61,9,36
45,5,57
53,10,46
46,5,55
41,2,37
45,1,32
61,14,57
42,5,46
54,0,26
58,9,52
56,11,48
46,5,47
50,8,47
40,0,36
38,0,37
59,6,20
44,5,41
40,2,37
50,1,29
58,14,60
42,4,43
49,4,51
53,10,54
45,4,40
53,0,24
47,9,53
52,1,29
47,6,46
45,6,56
54,9,46
61,5,24
43,4,61
50,7,38
63,11,36
41,2,41
57,4,30
59,11,55
54,4,32
61,6,20
58,14,63
59,11,51
55,8,38
51,9,45
52,1,19
49,8,59
55,13,63
61,15,61
61,15,46
40,2,38
61,7,29
52,12,63
59,15,59
52,7,39
43,4,41
61,14,44
59,15,62
39,2,38
46,5,37
51,8,57
61,12,53
60,11,56
61,12,40
63,11,32
63,9,32
52,0,22
48,6,41
48,5,47
62,8,19
45,5,40
60,13,45
46,3,50
60,5,26
63,15,43
42,2,35
58,10,38
45,4,51
40,0,34
52,7,51
40,1,51
45,0,29
45,5,62
61,11,34
43,1,51
58,6,18
55,10,51
43,2,53
53,3,32
55,3,31
63,8,22
53,8,39
49,5,35
46,7,45
55,11,42
45,3,33
39,1,43
40,2,44
59,10,52
57,11,38
53,1,28
41,0,32
62,17,62
40,1,32
60,7,34
62,15,59
54,12,62
58,5,30
54,8,53
47,4,48
41,0,31
44,7,55
50,4,52
49,9,60
46,6,56
44,3,48
45,9,59
59,10,37
46,5,39
43,3,61
54,1,23
55,8,54
42,2,61
43,0,29
62,16,63
44,4,62
54,7,36
46,6,45
42,3,56
50,10,43
56,10,47
43,5,41
46,6,58
52,4,34
54,12,59
51,0,28
41,1,49
59,4,29
61,12,35
60,5,20
56,13,61
48,6,56
63,16,44
40,2,43
49,7,56
55,9,39
59,16,46
44,6,56
62,6,26
55,3,20
56,4,31
49,6,55
61,7,31
52,8,39
43,6,57
41,2,46
48,5,53
45,4,46
55,1,26
61,12,37
41,3,55
57,5,32
46,6,57
45,5,48
59,12,53
56,11,57
48,7,44
63,11,35
60,12,37
41,1,46
49,6,56
55,12,54
48,2,33
53,10,58
56,3,17
54,3,30
43,3,37
45,7,56
54,12,60
59,12,50
39,0,39
42,2,40
62,15,42
62,9,17
43,4,37
55,4,19
43,2,50
52,12,54
61,14,43
59,12,55
51,1,30
54,3,31
50,5,37
58,12,46
60,14,43
59,13,46
43,4,39
53,11,60
40,0,47
53,7,39
41,1,48
63,8,24
42,2,34
58,14,48
62,13,41
45,5,63
55,10,54
61,13,43
62,16,45
47,6,44
61,7,20
42,2,49
57,11,57
61,8,30
40,3,38
61,9,31
47,4,36
59,13,51
40,1,43
48,6,49
52,2,32
56,14,61
56,8,36
58,5,17
62,8,30
61,9,33
46,4,53
53,7,51
44,4,61
53,2,20
46,5,38
62,12,55
62,13,39
40,1,35
57,5,31
46,6,43
60,12,38
58,10,50
58,10,54
52,9,49
44,4,39
60,10,37
60,7,17
41,2,45
51,11,61
62,17,63
50,8,43
60,13,42
43,5,36
54,10,57
44,5,58
52,9,47
54,10,58
63,8,20
55,2,28
62,7,22
62,15,45
62,13,53
46,4,46
42,2,42
55,10,50
39,1,52
52,9,54
44,5,46
54,10,59
55,4,20
39,0,48
62,11,56
41,4,43
48,4,34
43,6,46
59,14,44
46,7,51
53,4,33
44,6,41
60,13,58
49,8,60
52,11,63
62,7,28
52,6,38
60,11,38
50,6,48
62,12,38
57,3,30
43,3,41
63,16,63
45,4,45
54,9,39
56,5,31
63,10,29
46,2,33
54,12,61
47,5,36
43,4,34
42,1,32
45,5,61
41,0,59
55,1,28
42,2,52
63,8,29
53,12,62
62,16,46
60,6,32
61,11,55
62,11,55
51,8,44
60,6,22
63,9,30
56,10,40
60,8,34
47,7,57
43,1,30
42,6,57
47,5,40
46,6,40
62,7,30
61,15,47
55,1,27
63,8,23
63,11,54
52,8,52
42,3,40
60,11,34
45,5,38
63,16,61
53,6,36
44,5,56
57,11,55
57,4,20
39,0,44
43,3,51
59,9,37
60,12,48
55,7,36
45,6,37
62,7,27
44,6,53
40,2,42
63,8,31
50,8,46
48,7,59
47,7,53
48,8,62
40,1,42
58,3,22
55,5,18
62,11,38
55,2,19
52,4,31
41,1,59
43,6,62
53,11,54
60,6,18
51,6,50
62,8,22
40,0,32
59,11,39
51,10,46
63,14,48
44,4,63
63,13,39
62,7,19
59,4,25
47,7,59
61,14,45
63,8,25
55,1,23
58,13,44
53,9,40
55,9,54
55,3,30
62,8,31
57,10,48
56,9,54
62,11,37
54,9,55
48,7,40
49,5,50
39,1,47
42,3,52
52,4,35
56,13,60
60,11,37
41,2,39
37,0,44
44,5,42
54,14,63
56,5,33
44,1,51
58,12,47
55,11,54
44,5,44
55,10,41
54,13,63
54,5,34
47,7,58
39,2,41
55,10,57
60,11,40
46,6,37
62,6,27
58,6,34
53,8,47
56,4,27
61,15,43
55,10,46
60,6,20
43,5,62
55,9,55
39,1,41
56,2,26
56,11,59
54,0,25
54,10,46
43,2,51
62,8,25
54,1,29
41,2,55
47,5,51
49,3,33
42,4,46
55,0,26
60,14,44
39,2,43
60,7,19
45,5,50
48,7,42
61,12,56
54,0,27
41,2,53
40,1,37
51,4,35
62,10,31
42,4,58
48,6,57
55,8,33
60,10,55
60,13,41
46,0,30
55,3,19
58,11,50
38,1,46
45,6,49
46,7,41
43,7,53
46,8,59
63,12,52
47,3,52
57,3,24
44,6,54
50,5,51
60,11,51
44,4,58
62,14,59
56,12,57
45,6,60
58,13,43
40,1,38
59,6,18
54,1,26
43,3,36
61,7,21
47,9,54
54,3,29
49,4,50
57,11,50
51,8,58
54,2,31
59,11,49
54,3,18
57,10,41
59,5,28
54,10,50
39,3,41
40,0,53
59,6,17
42,0,61
62,16,62
45,8,59
58,4,28
54,1,27
54,1,21
45,4,52
48,7,56
56,7,36
60,12,56
50,0,28
57,9,38
51,9,44
57,12,60
58,14,58
63,9,21
44,0,30
61,14,60
57,6,31
48,9,50
41,1,58
61,5,22
59,9,36
58,4,24
49,6,32
62,8,21
42,0,63
48,7,43
45,4,35
47,2,33
55,10,39
59,6,31
41,3,49
61,6,25
52,12,62
54,8,52
40,1,44
57,13,59
61,11,54
39,3,39
63,8,19
42,0,51
37,0,43
57,2,24
45,4,56
45,3,52
41,0,58
42,5,42
54,7,54
55,7,35
57,10,52
61,10,53
45,5,42
42,1,53
53,2,31
48,4,50
53,12,58
49,0,30
54,7,37
52,6,37
52,1,20
48,10,58
43,5,40
59,11,38
46,9,59
60,13,40
59,13,45
61,16,44
46,6,61
62,14,50
62,6,24
52,7,50
62,12,52
56,2,24
60,14,49
51,1,29
52,0,21
54,9,50
50,10,62
50,7,40
55,14,63
56,5,20
45,5,44
57,8,35
53,9,47
45,2,51
41,1,47
55,9,50
44,2,32
52,10,54
60,12,41
57,14,47
57,14,63
42,1,51
50,1,30
51,8,42
62,17,45
48,5,48
58,13,60
39,2,42
50,9,60
59,14,47
62,16,44
40,1,40
53,10,44
51,7,47
55,10,56
56,10,51
58,9,54
56,9,50
55,13,60
48,5,49
53,1,21
40,4,35
52,8,40
44,5,48
63,13,56
57,9,39
41,3,48
54,3,28
37,1,47
47,1,30
41,1,32
53,12,63
49,10,63
57,11,43
56,10,41
58,12,59
56,5,34
51,0,29
52,10,46
54,10,56
41,0,53
56,13,54
42,2,38
59,15,45
46,6,63
42,4,61
42,3,63
45,6,53
45,3,54
55,6,33
43,3,60
63,14,40
52,9,55
50,7,56
56,11,55
56,9,55
46,2,51
44,8,53
53,6,35
58,5,23
45,6,44
38,0,47
55,2,21
55,8,55
56,14,63
63,12,55
40,2,47
39,0,46
60,7,30
50,6,53
45,3,51
52,12,59
44,3,34
62,12,37
63,10,17
59,5,23
47,2,32
62,15,47
50,2,32
47,10,58
61,13,38
60,5,27
54,2,20
54,1,20
41,1,61
53,7,37
45,0,30
45,2,52
47,7,54
53,12,57
61,14,42
42,3,57
62,9,34
63,16,62
42,1,52
51,7,56
56,13,59
46,4,33
63,11,37
54,0,22
62,14,45
46,4,55
59,12,48
56,10,56
57,11,58
54,5,33
48,6,48
48,3,34
58,4,26
46,4,48
58,6,32
44,1,50
43,5,37
62,7,21
52,8,55
57,9,37
43,4,42
59,5,27
46,3,34
60,14,40
44,2,33
55,8,51
47,10,54
43,7,41
63,10,35
43,3,62
61,16,62
59,4,24
50,4,34
45,5,51
53,5,34
42,3,44
58,12,41
54,11,55
61,10,35
50,4,51
43,6,40
45,5,33
43,5,49
56,9,37
59,16,43
44,6,52
47,6,54
43,2,48
59,13,59
49,6,40
41,2,58
39,0,37
57,11,51
52,6,36
49,5,51
45,4,34
43,4,48
62,12,53
49,9,43
41,2,49
57,9,53
62,12,51
53,10,40
57,8,36
47,3,33
61,7,28
52,10,43
59,4,23
42,0,50
56,3,20
42,0,30
59,9,53
50,0,29
41,1,37
46,5,42
46,6,41
56,4,17
40,0,31
53,11,46
42,5,41
60,14,51
46,0,29
57,11,46
58,11,54
42,2,47
57,5,17
60,6,23
59,11,53
52,10,45
62,11,32
59,10,39
51,7,53
63,12,39
62,10,37
61,12,34
63,18,61
42,1,47
62,16,43
43,7,46
55,12,61
57,13,54
47,4,34
54,7,53
53,7,54
49,7,39
37,1,42
39,0,47
61,11,56
46,4,47
62,9,18
45,4,53
50,3,31
49,9,62
46,1,30
48,3,51
58,10,40
56,9,52
54,9,47
53,9,41
54,10,44
63,17,43
48,4,52
44,3,56
63,8,26
63,16,42
56,2,21
46,2,30
62,15,49
46,4,38
57,12,58
44,3,49
42,4,48
59,7,34
60,15,50
47,5,39
44,3,50
51,10,61
53,11,43
47,7,63
54,12,57
60,13,59
52,10,47
40,0,50
44,3,35
61,12,38
53,6,53
46,6,59
52,5,35
40,0,55
52,9,42
40,1,53
61,14,59
51,6,51
49,8,44
48,7,58
52,9,57
59,4,21
56,2,27
46,4,49
39,0,52
56,3,22
41,3,44
59,5,32
59,9,35
44,4,52
53,13,62
44,4,47
60,7,33
51,3,32
46,7,62
58,4,30
54,10,42
48,6,54
54,3,19
58,11,57
46,6,42
56,12,54
57,4,28
48,7,45
52,7,38
45,5,52
61,10,36
49,5,54
55,4,31
50,7,39
61,9,32
51,6,38
44,4,53
44,6,40
59,15,47
41,2,44
46,5,56
60,6,28
53,0,18
57,12,42
43,2,55
51,8,43
43,4,58
52,6,52
46,1,31
59,4,28
60,13,47
63,10,31
57,8,38
43,3,40
63,10,34
59,16,63
41,4,45
43,2,63
43,5,53
43,1,50
62,8,28
56,6,36
50,5,53
40,1,54
42,5,36
58,13,49
54,9,48
45,6,50
62,9,35
52,8,48
41,1,34
58,3,25
42,3,51
56,13,62
58,8,36
51,8,47
40,0,33
60,14,50
40,2,39
53,10,55
44,4,38
43,4,38
59,10,38
47,7,60
63,15,49
47,0,29
61,12,52
62,16,61
48,4,51
56,14,62
53,11,61
62,12,40
42,1,49
54,4,33
60,16,46
56,2,28
58,14,59
57,7,34
59,5,22
63,14,47
51,8,50
60,13,50
62,8,33
41,4,35
41,2,34
63,16,51
63,17,42
44,6,45
54,2,19
55,1,25
48,4,36
57,13,43
60,10,38
53,1,22
61,6,28
52,8,41
51,2,32
54,8,38
41,0,56
54,10,40
52,3,32
55,2,30
42,3,49
41,2,61
48,6,45
60,13,46
49,2,32
43,4,62
56,11,42
61,13,48
63,13,51
53,0,27
60,12,55
51,6,54
53,8,50
49,5,37
59,14,43
61,6,23
53,2,21
63,15,45
45,4,44
58,14,45
59,6,30
56,9,40
39,0,43
49,9,59
57,14,62
52,10,48
62,14,60
60,4,24
45,6,58
39,1,40
43,2,36
63,9,17
47,4,50
44,6,62
44,6,47
43,6,47
47,9,59
47,6,52
55,5,19
50,7,52
42,4,60
49,7,47
58,5,19
57,5,33
46,6,62
48,9,61
59,13,50
52,9,45
60,10,54
51,7,39
41,3,39
63,17,61
53,8,55
41,0,30
61,14,40
44,5,59
52,9,46
47,6,39
45,5,46
62,17,61
60,6,30
43,2,47
52,11,58
55,2,22
60,4,25
54,7,52
50,7,47
60,15,46
58,10,39
52,9,44
52,11,46
51,6,36
58,3,24
61,8,17
48,3,50
53,11,57
54,13,60
39,0,51
48,6,42
43,4,35
46,3,33
55,13,57
57,10,51
52,12,61
46,5,53
55,3,21
40,1,39
53,5,35
40,0,37
58,11,49
45,6,36
53,1,20
45,2,33
60,14,46
62,15,46
56,10,48
48,7,49
54,6,36
46,5,41
42,6,41
45,5,39
59,11,40
58,11,56
47,4,51
60,7,32
38,0,36
58,10,52
63,12,36
53,9,54
60,13,38
59,14,62
61,13,53
58,5,32
62,15,61
47,8,62
63,14,60
46,2,50
48,10,59
51,6,37
57,11,49
46,3,48
63,13,52
45,5,36
61,8,33
45,3,47
43,0,30
56,1,26
54,10,55
56,6,32
63,13,58
41,0,57
58,13,47
53,0,19
63,8,21
46,4,54
53,0,25
57,12,55
60,5,21
54,1,22
42,2,39
62,6,22
63,14,58
55,5,20
59,7,33
42,5,59
62,13,49
43,5,48
47,7,61
45,7,62
48,9,62
38,1,47
56,11,44
56,6,34
51,7,57
59,8,36
56,13,63
42,2,51
38,1,42
51,9,41
44,3,32
59,13,48
44,5,52
44,1,32
41,6,41
63,7,25
63,8,27
43,3,44
54,11,44
62,8,32
49,5,53
57,11,56
61,12,55
44,4,45
41,3,59
42,3,39
55,4,33
42,0,32
48,6,40
62,18,63
40,0,48
41,1,35
62,9,33
57,3,28
55,8,52
50,5,52
60,6,29
39,0,36
54,14,56
44,7,40
55,12,44
49,6,47
58,10,55
58,4,21
60,5,29
39,0,54
58,12,40
47,9,58
53,6,37
38,1,45
40,2,36
51,7,55
56,10,39
51,12,62
50,6,51
48,3,33
38,0,38
41,3,35
58,15,59
62,10,34
56,2,25
58,3,28
45,5,41
57,10,39
57,11,54
51,0,21
40,1,36
49,5,52
53,8,40
39,0,33
54,2,22
48,5,46
60,16,43
42,3,36
60,16,47
63,15,48
59,3,24
57,10,49
56,3,31
38,0,42
58,12,42
43,4,46
60,13,43
50,5,35
61,13,40
52,9,52
46,3,53
58,7,33
39,1,39
50,6,37
47,7,62
41,1,57
45,2,34
56,1,25
63,10,36
53,3,31
48,8,63
63,7,27
48,9,54
49,2,30
43,6,45
51,8,45
51,1,31
63,15,60
57,2,23
50,10,63
43,4,63
63,17,62
57,12,54
47,5,56
59,15,43
58,16,63
59,5,26
52,3,31
