63,7,50
16,7,51
51,11,63
50,6,58
51,9,63
4,0,16
52,8,55
11,10,55
5,16,55
9,13,61
7,2,21
52,1,37
57,3,40
54,8,49
16,7,63
21,0,40
5,7,35
19,8,63
0,5,22
41,0,51
15,8,53
14,8,53
60,13,62
20,3,47
0,16,52
8,7,42
44,0,46
63,6,44
46,2,52
0,13,40
54,12,57
2,11,34
5,7,29
12,2,37
44,3,50
12,2,26
45,0,62
3,2,5
6,6,35
11,5,33
51,2,38
13,8,48
57,8,49
20,6,54
1,4,21
1,2,0
19,5,54
61,5,47
22,3,61
16,10,59
4,1,0
12,3,30
51,7,63
61,15,60
52,3,38
12,1,32
60,9,47
10,12,55
53,6,46
11,3,38
12,1,26
1,19,60
58,1,38
58,11,62
3,1,1
0,17,55
1,14,47
44,3,58
13,2,36
43,4,55
21,3,50
16,1,30
17,0,35
10,6,37
62,6,49
49,3,39
24,1,57
43,1,56
63,15,62
44,2,49
4,10,37
61,2,43
50,1,37
36,0,63
10,11,59
62,16,61
51,7,47
45,2,50
57,3,43
7,10,47
6,5,24
14,8,49
4,15,55
48,4,51
16,0,38
2,17,63
13,1,17
61,13,57
54,8,58
19,6,47
17,0,39
1,11,35
55,1,37
1,15,49
3,11,39
27,0,63
59,1,38
56,9,59
1,7,23
50,7,50
47,5,62
57,12,61
9,4,31
56,3,41
8,8,41
21,3,51
4,3,20
46,3,58
60,11,52
6,6,27
3,10,41
8,11,50
44,1,54
5,8,29
61,1,41
3,10,39
6,9,37
14,6,45
51,4,41
14,0,33
60,11,54
27,1,58
5,8,38
17,7,52
52,7,58
8,6,27
8,7,38
49,6,49
43,1,50
13,3,34
15,2,28
42,0,53
55,9,63
51,8,59
60,14,63
10,5,32
20,5,59
46,6,45
4,7,30
45,1,58
56,10,51
0,9,27
8,8,36
27,0,62
56,11,59
21,4,54
2,2,18
16,7,47
1,10,35
48,3,57
61,14,59
44,0,61
49,3,44
50,4,41
11,6,36
14,7,46
45,2,56
60,12,61
8,15,53
57,1,40
12,3,25
47,5,52
47,3,55
50,7,47
62,13,59
13,9,63
62,5,47
7,15,53
59,11,56
54,7,49
10,12,54
43,2,56
19,6,62
2,9,34
47,5,58
12,3,36
21,6,61
45,5,48
3,18,63
4,15,62
7,14,56
56,2,40
7,7,31
47,3,50
44,1,43
4,14,50
52,10,63
1,4,20
5,9,40
49,1,39
7,7,34
21,4,62
19,4,46
18,7,62
59,4,45
63,3,42
58,3,43
5,12,49
4,8,29
5,7,31
55,5,45
2,11,42
50,5,42
4,15,53
63,0,41
6,7,36
1,12,42
16,2,38
22,4,57
12,4,38
55,4,40
6,1,18
54,8,51
56,10,52
27,2,63
63,5,44
50,5,52
63,0,30
51,8,56
4,16,58
63,9,53
56,9,53
50,4,60
24,4,62
8,1,20
52,8,57
5,6,28
52,8,59
57,6,47
50,5,54
2,10,36
47,3,60
4,2,6
6,9,40
27,0,61
46,4,62
4,7,29
1,0,8
7,15,60
6,14,53
9,5,35
6,10,46
2,18,58
16,7,53
17,3,43
6,14,59
13,1,30
3,2,19
44,4,56
1,12,40
46,2,61
4,8,31
10,15,59
31,0,62
23,2,58
11,6,43
60,10,53
22,2,49
41,0,53
48,3,59
48,8,53
12,10,61
4,13,42
27,1,57
18,7,59
51,6,49
5,15,55
63,11,53
20,5,53
4,10,33
22,4,56
58,8,47
41,1,53
7,8,40
5,10,46
59,3,42
43,2,53
17,4,45
24,2,62
3,16,58
54,3,41
7,13,59
10,4,36
43,3,55
22,1,50
58,11,57
50,5,57
2,10,35
51,7,46
13,1,36
52,8,54
12,3,37
3,16,53
58,11,53
20,2,47
13,3,32
14,2,37
10,6,42
9,8,44
17,8,60
45,3,50
46,2,47
6,6,29
9,12,52
43,0,51
11,4,30
8,2,23
12,12,61
7,13,58
16,7,58
55,9,60
15,1,36
52,5,40
15,9,54
45,1,54
23,4,63
4,16,62
0,13,45
56,10,56
44,1,51
10,3,30
7,10,46
55,11,60
46,0,40
24,5,61
49,3,61
16,0,26
41,2,52
2,2,4
0,19,58
26,1,56
53,7,57
4,11,47
54,8,50
51,7,51
11,1,26
8,2,22
57,9,50
6,12,43
9,13,52
19,6,60
1,9,30
2,11,40
2,4,2
3,9,33
12,1,15
1,17,63
57,12,60
20,5,61
3,1,5
15,4,44
58,11,55
19,6,55
44,3,52
3,5,23
60,12,56
8,2,20
24,4,61
17,6,46
59,0,38
48,2,43
3,6,25
15,0,29
55,9,56
60,7,46
2,3,0
9,2,26
50,5,61
11,2,26
50,6,49
60,1,41
61,13,59
18,5,44
16,3,40
11,5,32
13,4,40
57,10,52
5,13,50
43,1,55
55,6,47
20,3,48
3,14,50
7,4,26
5,1,0
52,7,53
9,2,27
25,1,56
7,7,35
12,2,33
16,9,60
13,2,32
5,14,51
9,7,39
56,9,60
13,1,32
59,11,54
51,6,63
24,1,54
2,13,46
56,4,43
60,12,58
32,0,63
18,0,40
6,4,26
7,9,43
5,9,29
43,4,51
58,1,40
58,3,39
18,6,61
48,4,55
10,10,49
3,17,63
57,11,62
4,8,32
4,13,50
1,12,41
24,2,60
16,6,48
22,0,42
46,2,44
4,2,0
9,5,41
0,8,25
10,13,60
46,5,56
56,12,54
19,6,48
45,2,54
1,1,6
16,7,60
26,0,57
3,11,42
55,7,48
56,11,60
16,6,49
3,1,6
45,4,48
17,7,55
18,6,63
2,11,41
17,6,44
63,14,60
3,11,36
63,1,32
24,1,47
6,9,41
8,8,39
14,3,37
12,1,33
16,1,40
47,7,58
44,3,51
53,9,48
58,6,45
60,2,41
0,0,8
49,8,55
15,7,47
5,12,46
3,9,38
43,1,60
14,3,41
44,1,57
1,15,51
52,3,39
55,8,49
20,3,46
62,9,51
13,11,60
5,9,37
7,6,31
16,7,56
46,4,50
63,11,55
22,3,60
58,11,59
47,3,45
7,14,52
44,0,63
59,12,53
12,4,30
45,2,55
17,7,62
8,12,53
44,1,50
10,1,22
4,11,38
50,8,54
4,11,45
11,3,39
49,4,48
4,16,55
20,4,60
56,8,48
25,1,62
23,3,57
9,3,27
50,5,58
0,6,23
46,6,57
51,2,39
63,10,54
9,1,21
16,0,34
41,0,49
48,3,43
46,5,51
43,0,48
4,12,41
10,4,34
15,3,35
17,8,63
44,0,47
23,2,52
55,9,50
50,7,49
8,14,61
43,1,52
8,11,49
13,0,29
2,8,26
46,3,62
9,12,51
4,10,39
8,4,27
9,11,48
5,10,36
1,2,5
61,0,38
5,10,42
13,4,41
20,5,55
4,6,23
1,0,17
10,2,27
1,9,27
63,15,63
52,6,47
0,14,48
15,9,58
19,6,59
9,3,28
12,10,57
62,10,54
15,6,46
19,3,46
63,5,46
58,3,40
18,1,38
58,12,60
11,10,51
60,0,40
47,6,60
7,5,26
58,9,48
10,3,25
3,11,37
61,2,41
55,5,43
42,0,55
4,12,48
61,15,63
46,1,62
49,5,43
47,4,43
46,4,48
10,4,32
7,5,28
18,6,47
45,0,61
14,3,36
26,1,60
17,7,61
2,2,1
49,3,42
11,5,36
6,10,45
25,1,60
3,9,37
58,4,41
16,1,32
9,10,46
63,8,50
43,2,44
14,11,56
14,1,27
63,2,43
56,4,41
62,7,49
62,5,46
60,7,48
16,8,56
15,9,50
61,9,52
2,12,40
18,5,52
9,1,22
22,0,40
0,12,33
6,15,55
49,4,42
57,4,44
13,3,37
16,1,31
13,3,40
51,9,49
43,0,49
14,6,42
16,2,31
60,1,39
50,8,59
60,13,58
59,0,39
4,1,19
18,4,49
11,10,49
48,1,40
0,2,3
21,3,49
10,7,45
62,11,55
2,15,51
6,8,41
8,4,26
54,9,58
43,0,43
15,1,37
60,5,44
4,10,41
63,2,42
3,15,53
23,3,63
44,0,58
46,7,51
7,13,61
63,14,61
13,7,48
2,18,62
27,2,57
7,1,19
6,7,38
16,8,60
1,0,7
1,5,23
54,7,47
16,6,45
18,3,41
60,8,46
3,17,61
47,4,62
47,5,60
46,6,61
18,4,48
46,3,54
1,16,49
50,4,61
51,6,45
10,4,40
42,0,48
50,6,51
58,10,50
58,2,41
11,11,50
7,6,32
20,5,62
50,8,55
54,8,47
11,12,61
44,0,42
22,3,56
23,4,60
49,7,57
6,6,36
58,2,42
47,4,61
3,11,43
43,0,45
7,11,45
11,3,37
12,0,25
42,1,59
50,5,62
52,7,45
50,5,59
20,1,40
49,5,62
4,13,41
61,14,60
47,3,63
17,6,43
12,0,14
47,5,50
23,2,54
47,0,39
1,4,0
62,12,55
48,1,38
54,2,39
55,10,50
10,11,62
11,9,50
60,14,58
2,6,22
2,7,26
3,13,47
6,15,57
25,1,55
12,3,29
58,10,54
10,10,51
41,0,50
60,12,57
54,8,63
57,5,45
9,0,20
51,9,56
9,11,52
44,1,44
19,7,63
14,1,36
11,6,38
15,10,58
46,5,44
45,2,44
60,7,45
22,1,48
62,12,57
11,7,44
6,14,61
4,15,52
8,13,60
59,8,48
10,4,39
8,0,1
57,4,43
7,13,63
48,4,53
59,12,55
49,5,44
13,5,38
19,2,43
56,8,50
0,1,5
61,12,58
56,9,58
11,0,20
52,9,56
4,12,43
12,11,62
51,6,61
10,11,61
8,9,47
10,3,33
43,1,54
14,8,48
41,0,54
59,9,48
18,1,41
46,2,54
12,10,54
4,6,27
15,8,58
18,6,55
10,9,44
6,5,26
16,4,44
4,9,30
0,11,34
12,11,59
53,8,63
18,0,38
55,10,54
9,12,56
24,2,57
55,3,39
47,3,47
46,4,58
3,1,17
23,4,62
50,6,56
57,11,57
17,0,30
61,11,54
1,10,26
15,8,59
60,5,41
3,0,3
10,12,58
1,18,55
49,6,56
50,4,46
0,4,3
13,1,35
13,11,58
11,8,46
10,8,44
61,14,63
53,5,43
42,0,63
13,9,53
10,6,33
9,12,61
15,6,47
46,4,59
9,3,24
18,8,63
44,1,60
15,2,37
45,3,52
63,5,43
54,9,53
43,2,59
53,1,37
59,11,52
22,1,46
45,2,47
52,5,43
1,11,32
20,5,57
21,2,51
16,2,40
8,10,46
61,15,61
13,3,38
49,8,61
54,7,48
22,3,63
47,4,54
10,12,52
60,6,46
5,0,17
44,1,63
12,0,21
53,6,47
0,12,35
9,13,55
13,10,52
56,2,41
25,0,53
19,2,44
3,9,32
16,7,62
51,8,55
11,10,53
54,11,53
43,1,53
24,1,62
52,6,44
4,4,20
17,9,61
3,3,21
43,3,51
8,0,17
0,3,6
6,4,24
1,1,3
48,4,44
48,3,45
6,14,57
16,9,59
6,7,37
19,4,52
51,8,49
0,3,0
51,8,61
63,3,44
10,9,48
51,4,43
1,18,57
12,0,27
48,6,43
18,5,51
12,4,37
8,7,40
59,10,48
0,2,4
57,2,40
16,3,41
23,0,44
52,9,62
1,2,3
41,2,51
12,1,29
14,8,55
59,13,58
46,4,54
61,4,42
19,3,45
12,10,63
61,6,47
59,11,53
2,4,20
15,10,57
2,11,45
9,4,36
9,12,55
23,3,59
12,5,42
47,3,53
22,4,63
60,15,57
7,13,53
22,2,55
56,9,50
6,6,32
11,0,22
24,2,58
1,11,41
49,4,46
47,7,61
60,9,51
59,6,46
49,5,55
12,12,62
4,1,18
50,5,51
49,4,41
23,2,63
6,1,17
10,10,45
11,11,62
59,14,58
9,7,40
4,0,17
8,12,54
1,16,52
14,9,52
0,1,9
20,6,63
47,6,50
11,2,32
10,12,53
8,4,33
12,10,51
15,8,62
50,5,44
0,2,7
62,4,45
60,11,51
49,5,51
27,1,60
11,4,31
3,8,34
3,13,48
48,2,61
62,14,62
48,2,42
6,12,50
26,0,62
61,6,43
5,12,48
21,0,42
11,10,47
0,4,20
5,3,20
49,4,50
8,8,37
50,5,63
22,0,44
4,7,27
17,8,55
50,5,60
58,12,59
2,17,55
46,1,45
16,9,53
49,6,61
0,11,32
1,1,17
47,6,55
6,3,20
21,5,59
23,1,52
3,14,42
14,7,47
25,1,63
7,3,23
1,6,24
51,7,59
2,12,44
56,8,49
62,0,40
6,14,55
5,8,40
48,3,60
18,8,56
15,9,51
18,5,53
0,18,62
50,6,55
63,0,33
48,4,56
9,5,31
1,14,46
56,0,38
18,2,43
48,4,46
55,10,56
20,0,41
49,6,43
58,11,60
6,9,42
3,10,44
51,7,62
15,8,50
44,4,51
19,0,40
7,6,37
2,10,30
0,18,63
10,2,26
10,5,35
15,8,63
61,13,61
57,9,52
52,6,42
54,10,56
55,7,45
20,2,48
53,8,47
61,15,58
44,0,57
53,9,55
57,11,52
58,6,47
49,6,44
10,4,30
17,6,63
23,0,43
55,9,51
49,5,57
46,2,49
5,11,46
9,7,35
51,7,55
1,15,50
15,3,37
19,5,50
13,6,43
11,2,31
51,7,50
7,15,59
19,5,52
7,15,62
46,2,40
23,2,59
46,5,58
16,5,44
48,2,44
13,9,49
9,8,36
1,0,16
48,7,47
42,1,53
45,5,57
29,0,62
4,3,21
11,5,41
13,2,33
6,7,40
62,11,52
12,8,49
46,1,40
44,2,59
3,16,63
3,3,4
7,5,35
9,12,47
10,13,57
54,5,43
14,10,57
11,2,25
2,12,46
7,6,27
27,0,57
45,3,49
10,3,36
54,8,55
6,7,39
4,0,0
58,7,48
24,1,49
60,6,45
43,3,56
60,13,60
61,13,63
12,2,28
54,9,54
56,1,39
51,5,41
16,9,58
10,11,56
54,11,54
20,0,40
16,8,54
15,9,55
51,6,51
24,1,56
10,6,38
8,3,28
45,2,57
61,1,40
4,7,28
7,10,42
2,6,23
2,7,27
57,5,43
2,16,55
22,4,58
5,9,39
2,17,57
2,12,41
57,6,45
47,3,49
60,11,55
13,9,58
62,0,39
50,7,54
0,18,54
27,1,59
11,9,49
4,7,24
14,1,38
53,7,60
51,6,60
8,13,53
47,4,60
59,14,59
1,13,42
10,10,47
15,10,50
6,2,20
9,11,50
48,6,44
7,13,51
20,4,55
24,0,50
0,13,38
16,6,52
17,0,37
8,14,59
53,9,59
0,11,36
54,9,52
63,0,32
57,8,50
8,6,32
59,13,63
8,4,28
10,8,47
40,0,49
5,6,27
19,4,53
59,14,61
63,8,52
16,7,54
13,3,29
12,1,23
57,10,57
12,1,35
11,3,24
16,8,52
0,3,20
5,7,27
3,11,41
62,1,38
47,2,43
6,12,44
20,3,50
62,8,50
1,18,59
45,4,56
8,7,37
1,13,41
13,3,35
15,1,30
16,7,50
25,1,57
9,3,30
17,5,43
61,9,53
11,7,45
50,7,61
5,11,42
18,8,62
59,11,51
53,7,63
4,9,39
51,7,54
7,8,37
5,1,2
18,4,46
20,3,51
54,8,60
18,6,56
46,3,53
11,4,29
49,4,43
16,0,30
5,7,30
20,6,60
59,6,48
6,12,51
13,0,28
10,5,33
0,15,48
3,16,54
42,2,54
10,0,21
1,3,4
55,9,61
60,3,44
2,2,19
0,12,34
48,2,40
12,1,34
3,14,51
56,10,59
14,7,48
62,0,30
24,1,59
58,0,38
53,8,56
60,13,61
14,2,33
0,1,18
61,5,46
2,4,4
18,5,49
3,17,60
1,13,43
43,0,56
50,8,46
10,3,29
5,9,42
4,11,39
51,6,46
8,6,30
49,3,63
1,10,28
13,8,51
46,2,45
53,7,50
57,0,38
59,10,50
9,9,45
46,4,51
48,5,58
10,13,62
18,2,38
7,13,60
19,1,40
12,2,34
5,0,16
13,5,36
26,1,62
7,14,60
56,7,48
1,5,21
3,2,0
12,2,32
59,11,55
9,4,34
52,7,49
10,11,53
50,6,59
50,9,55
58,7,43
63,3,45
17,4,47
52,6,41
6,4,21
24,1,60
5,8,34
56,10,61
17,7,58
8,6,38
13,0,18
10,15,60
58,11,51
1,10,34
52,7,51
27,1,63
43,0,55
6,15,58
25,0,52
60,9,52
13,0,32
27,0,56
9,7,41
20,5,56
14,9,50
2,1,3
52,5,45
46,1,44
6,14,60
26,0,56
59,10,54
62,9,52
9,12,50
19,5,44
17,6,52
2,1,5
51,6,48
51,8,57
3,16,55
11,3,31
55,11,54
14,9,54
6,10,47
1,14,49
18,6,43
49,6,52
46,3,49
58,9,51
49,4,55
20,7,62
22,0,41
54,10,55
24,3,62
9,10,45
6,0,0
48,5,46
11,10,48
7,8,43
7,14,58
21,2,52
51,5,62
26,2,63
27,2,58
63,11,56
7,10,45
42,0,52
55,9,57
63,3,43
23,3,56
55,6,45
10,3,28
5,5,25
5,13,51
5,1,19
51,6,54
21,3,56
58,5,46
10,5,39
5,10,45
0,0,16
57,7,48
0,12,32
4,9,38
13,4,38
26,2,57
2,0,8
45,3,61
6,9,38
56,13,61
2,1,17
3,18,58
7,11,50
11,3,32
43,1,49
4,12,42
7,6,26
12,0,16
53,8,50
58,12,61
0,1,17
59,15,63
10,7,40
2,9,25
7,1,17
14,4,41
3,0,6
7,11,49
8,5,30
22,1,47
23,3,62
24,0,49
47,3,52
0,19,55
54,6,46
29,0,61
1,13,47
48,5,61
49,5,56
4,16,59
13,10,59
49,9,56
63,10,52
58,12,63
0,10,26
12,9,50
52,6,48
47,3,48
51,8,60
14,0,36
17,8,53
59,8,50
2,10,38
48,6,60
60,10,51
9,10,48
50,8,47
25,0,54
54,9,60
1,2,19
17,6,49
47,3,44
15,2,38
52,6,62
52,5,41
3,9,31
58,6,46
17,7,60
14,10,56
57,8,44
11,6,42
45,0,43
1,17,54
3,16,59
48,5,52
5,12,45
61,2,38
48,4,58
62,14,60
3,16,62
45,1,44
16,1,39
21,4,60
57,9,51
2,7,23
42,2,53
7,5,25
16,0,32
55,12,57
8,6,40
6,7,30
0,0,9
26,0,58
4,8,27
3,10,37
9,11,47
0,13,43
61,0,39
46,2,42
53,8,51
52,7,50
43,0,46
6,6,28
15,0,34
2,8,28
61,4,44
14,0,27
2,9,32
16,8,58
13,0,26
6,8,38
52,11,63
46,0,62
21,1,45
61,6,45
61,2,42
0,2,8
43,2,49
4,8,37
2,11,43
13,9,57
4,2,1
61,14,61
9,5,32
26,0,60
61,1,38
0,15,49
14,4,43
8,6,37
11,11,52
63,11,54
58,12,57
55,2,40
8,6,36
57,6,46
17,5,47
24,1,51
47,6,57
11,4,40
57,11,63
11,10,54
51,6,59
5,0,4
9,3,26
8,1,17
19,4,44
53,2,39
47,3,58
15,9,56
59,4,43
4,10,45
1,12,38
8,7,35
50,3,42
8,13,59
52,6,60
63,5,45
17,0,36
1,17,56
12,10,56
51,6,53
8,1,18
1,13,46
50,6,57
15,1,35
15,2,39
42,0,57
63,7,49
15,2,35
44,2,52
9,12,53
8,14,54
4,0,2
55,7,46
47,5,55
22,3,57
15,2,41
5,9,44
14,9,48
49,1,38
10,2,31
6,8,31
44,2,60
54,10,59
4,9,42
2,17,62
9,7,38
44,1,49
8,12,52
61,8,51
5,6,26
49,4,59
55,10,55
11,12,58
16,8,62
16,10,61
7,8,44
56,11,62
6,0,4
15,0,38
54,2,40
26,3,57
31,0,63
49,8,56
44,2,43
3,9,29
46,0,41
12,3,34
18,8,61
58,9,47
11,5,34
0,3,8
15,7,50
57,10,61
3,13,43
0,0,10
51,5,46
10,0,19
4,13,49
19,5,56
1,17,58
53,8,55
14,10,49
6,6,33
21,2,45
52,6,59
49,5,60
4,1,3
2,13,42
17,1,37
16,3,43
23,2,49
41,0,57
21,4,50
44,2,50
2,15,49
10,12,47
11,11,55
52,2,39
4,11,42
58,11,63
56,2,39
14,10,61
50,5,50
56,6,45
47,0,38
48,2,62
1,12,33
14,2,28
13,4,33
19,3,40
54,9,51
8,11,48
2,16,54
7,15,57
21,5,60
5,12,42
56,9,62
8,6,34
21,7,58
5,0,0
4,15,54
23,2,57
43,0,53
4,11,46
48,6,57
3,10,34
50,4,63
55,6,46
2,13,48
11,7,43
51,9,51
19,4,43
11,12,59
19,4,48
6,0,3
6,10,40
0,11,30
55,12,61
5,14,53
42,0,54
7,9,39
56,9,52
60,13,57
4,9,37
48,4,48
10,12,59
10,0,18
10,5,34
2,10,33
8,3,22
10,6,43
11,1,22
0,7,25
13,3,41
26,0,61
16,5,46
47,2,61
24,1,58
61,11,56
11,4,25
16,8,55
55,4,43
2,1,4
62,14,61
12,3,27
25,0,56
46,3,52
12,11,61
51,7,49
48,5,55
44,2,55
0,13,34
51,3,42
25,0,47
42,0,50
54,1,38
3,13,49
0,13,42
54,11,57
24,2,56
63,4,46
51,5,44
5,8,36
49,7,53
44,3,56
52,6,45
53,9,58
16,7,57
3,0,16
49,2,40
45,1,53
7,11,43
11,11,56
59,7,47
59,9,50
62,15,60
49,6,53
56,10,49
8,9,42
50,0,38
16,6,46
17,4,44
6,11,47
47,7,56
54,9,56
10,11,48
13,1,37
58,3,41
4,5,23
7,13,54
58,10,51
12,8,47
13,2,29
46,3,63
48,4,47
3,2,20
54,11,56
44,4,57
0,14,42
61,3,42
50,6,53
6,5,23
57,13,63
16,9,63
61,17,61
0,12,39
6,5,28
12,6,43
18,0,39
11,2,24
45,2,53
46,5,61
60,14,61
7,9,45
46,0,39
51,6,41
17,2,42
61,14,58
13,4,37
22,1,42
17,5,50
3,10,43
8,9,36
48,3,62
52,5,44
57,10,59
47,3,61
23,0,45
60,11,56
12,1,28
57,11,60
62,15,62
19,3,48
1,2,2
62,3,45
52,7,54
17,7,54
61,6,46
63,4,44
1,8,28
12,5,41
2,9,26
8,6,35
46,5,45
51,6,57
0,0,17
11,3,25
50,4,42
8,8,43
46,2,59
10,11,51
5,9,38
45,0,41
12,1,17
51,9,50
49,3,41
24,1,48
51,9,60
15,8,52
25,2,60
45,0,39
47,6,51
59,8,46
20,2,46
46,4,56
47,5,61
62,11,56
62,16,60
62,1,40
0,3,4
10,4,38
25,1,53
14,4,36
54,9,48
9,10,50
1,13,45
60,10,52
13,3,36
3,9,36
57,7,49
53,5,45
53,2,40
55,3,40
57,3,42
3,16,61
21,4,61
50,2,38
18,5,50
62,14,63
40,0,50
8,4,34
56,12,62
18,5,48
10,11,55
14,3,32
6,4,25
11,9,48
2,2,3
0,9,26
17,6,53
13,2,37
6,5,29
10,1,21
15,8,57
54,8,57
49,5,47
8,6,28
57,12,63
10,14,61
27,1,61
56,7,44
61,14,62
54,3,40
48,3,49
3,1,0
2,0,6
12,11,60
18,6,54
45,1,49
60,14,59
42,1,56
13,9,60
15,4,43
26,0,55
15,1,38
10,6,36
53,1,38
12,3,40
1,3,21
48,4,57
6,5,27
49,2,41
15,2,34
42,2,52
13,1,33
7,5,32
8,12,50
13,0,30
10,9,45
52,4,43
1,12,46
51,5,45
51,8,63
2,5,21
14,10,60
52,1,38
1,10,29
3,3,20
14,1,37
51,10,55
50,8,51
0,3,5
12,7,44
9,13,51
44,2,58
52,7,62
54,10,57
53,4,43
2,1,2
2,9,31
46,6,62
0,9,28
19,5,55
21,4,58
25,0,48
16,2,41
50,2,39
53,7,62
20,1,45
8,14,56
7,6,34
59,10,52
20,2,45
8,8,38
4,15,59
3,1,3
9,14,62
6,0,17
59,12,63
7,12,50
21,1,42
27,0,60
15,9,49
2,17,60
53,2,38
4,9,41
48,5,50
22,4,61
7,4,23
4,11,41
17,3,42
8,2,19
9,7,42
49,5,54
8,9,44
0,18,59
11,4,36
21,4,55
7,5,30
14,9,49
46,5,50
5,0,3
54,10,60
7,11,44
16,8,61
19,2,42
20,3,53
12,2,36
63,2,32
23,1,53
47,6,54
14,4,37
10,2,28
46,6,50
4,0,3
19,1,42
22,3,62
32,0,62
20,6,55
13,7,47
44,0,62
16,8,63
6,14,58
46,2,62
48,4,60
13,9,54
8,5,37
2,4,22
59,6,47
8,6,41
14,2,39
23,1,51
52,8,51
47,3,59
10,12,61
1,17,59
4,14,53
21,2,46
15,10,61
15,9,57
24,0,52
9,7,36
17,8,58
48,6,59
16,2,32
45,0,58
18,7,54
43,4,52
6,9,44
17,5,48
8,14,52
62,4,46
6,10,43
4,8,33
5,9,43
15,8,61
48,6,53
8,9,38
6,11,44
16,5,41
18,1,39
21,1,46
49,4,47
9,6,35
7,14,63
0,18,57
7,0,17
12,0,15
9,4,33
32,1,63
7,6,38
0,4,7
18,5,43
14,7,49
46,3,47
48,5,60
8,9,43
18,4,45
60,3,41
15,5,44
44,0,45
44,3,54
45,3,47
15,1,28
16,7,55
13,9,61
19,5,59
60,12,55
19,4,51
4,6,24
62,15,63
45,6,57
60,5,43
0,14,47
8,5,32
10,4,35
5,5,23
14,1,34
15,3,36
1,1,8
1,12,44
3,13,41
9,8,38
10,4,33
18,7,55
9,2,22
12,1,27
8,13,51
0,15,50
8,10,42
48,8,54
55,4,39
14,5,43
58,1,39
57,10,55
4,10,40
44,0,59
11,1,27
46,4,63
15,4,40
50,9,59
49,6,57
57,11,61
3,10,40
9,3,33
60,9,53
1,11,40
13,11,61
61,8,50
49,4,58
19,3,43
58,2,39
61,13,56
63,0,29
57,11,53
56,10,60
43,2,55
50,7,60
22,2,51
52,6,58
55,11,56
53,8,61
49,4,61
21,6,59
9,6,38
18,8,55
63,10,55
45,5,55
1,2,18
58,7,46
57,11,58
22,0,46
51,7,57
19,5,46
53,8,58
18,3,42
53,4,42
53,8,59
14,9,56
47,2,60
63,4,42
1,8,27
6,6,30
47,7,57
45,3,58
11,3,33
63,6,49
15,1,39
13,0,34
61,9,51
6,11,48
57,11,51
5,4,22
61,3,43
8,8,42
6,4,23
16,1,34
12,7,47
2,15,50
0,12,36
10,9,46
13,2,39
49,3,45
52,7,57
9,6,34
57,0,37
3,7,25
51,8,46
8,5,33
1,9,29
3,2,18
49,4,49
19,5,57
43,1,48
4,15,61
21,5,63
51,9,55
50,5,45
14,9,63
7,0,2
23,1,47
25,1,59
42,1,51
10,12,60
3,10,36
61,5,45
48,5,59
51,7,52
2,2,0
10,12,63
42,0,58
3,12,45
8,3,25
12,5,35
1,12,45
0,13,37
45,2,51
1,6,23
48,7,54
13,10,60
43,1,58
1,17,57
24,1,52
58,4,44
46,2,46
7,6,35
49,5,61
12,7,43
9,12,63
5,10,41
15,7,52
50,3,43
63,16,62
8,5,28
8,7,41
24,3,61
19,2,45
52,9,51
19,6,56
5,15,53
11,5,30
12,4,34
14,2,32
44,1,53
46,4,45
49,8,53
48,5,54
53,7,49
0,14,46
2,14,49
53,8,49
58,5,45
56,3,42
50,9,49
6,11,46
22,3,55
51,3,39
2,6,24
0,16,49
15,7,46
4,16,60
47,3,43
2,5,23
5,11,39
43,2,51
0,6,22
1,6,22
59,2,40
56,5,44
5,16,59
55,11,62
50,6,47
13,0,33
8,13,50
52,7,52
12,4,40
7,5,29
5,13,49
8,14,58
2,4,21
15,0,35
19,6,58
50,7,56
6,8,42
48,3,41
15,8,49
59,13,61
9,4,37
21,5,62
11,4,33
3,3,1
13,1,34
11,8,47
19,6,57
19,3,44
15,0,31
4,4,22
45,4,60
12,8,48
58,11,58
21,4,57
4,16,54
20,1,42
20,4,52
10,8,45
10,12,48
48,5,44
49,9,55
15,10,49
16,2,34
22,1,44
2,15,53
49,5,48
13,8,49
8,6,39
53,3,41
45,1,48
47,1,40
23,2,53
19,5,47
0,12,40
18,6,60
63,6,48
15,6,49
5,1,1
55,4,44
45,3,59
4,8,30
13,3,39
2,18,61
1,10,33
3,17,59
10,0,17
2,18,57
17,6,59
20,2,42
55,4,42
50,5,48
13,10,54
54,5,45
9,4,26
45,1,59
7,13,57
10,5,36
43,3,54
15,1,31
46,6,55
3,7,24
13,6,46
47,1,39
4,1,2
15,0,28
12,1,30
56,0,37
46,4,44
11,11,57
3,4,22
16,0,27
7,1,18
63,5,48
52,2,37
48,2,39
47,6,47
10,3,26
14,10,51
12,2,27
9,6,37
49,2,42
10,3,23
9,1,19
14,9,59
18,3,43
51,7,56
1,18,58
49,3,62
10,10,50
1,16,50
7,14,57
51,8,48
48,4,43
50,6,42
5,10,40
46,3,59
18,3,44
57,11,56
3,15,51
18,6,52
20,6,61
48,3,44
53,5,44
14,9,62
55,9,53
9,13,57
57,10,53
54,4,42
48,3,61
13,2,38
5,15,61
5,15,60
16,0,29
52,2,40
48,7,52
0,11,35
9,10,47
10,7,42
16,4,40
60,2,40
3,10,38
0,2,11
0,3,9
10,11,58
59,9,47
61,16,59
52,4,40
59,10,55
60,12,62
45,1,42
17,1,36
11,6,37
17,2,39
54,9,63
19,2,40
14,9,53
44,3,55
15,1,27
11,2,28
14,6,46
51,7,45
15,10,60
26,2,61
11,3,36
9,14,60
15,8,48
2,17,56
60,7,49
9,4,30
15,8,60
6,8,39
14,3,42
4,10,43
52,7,56
47,4,57
11,0,16
50,0,37
15,6,45
16,1,38
57,5,40
14,5,44
11,12,57
15,6,48
24,2,54
15,1,32
52,8,52
12,10,58
2,14,47
50,8,53
1,9,28
44,1,61
23,3,61
47,4,55
56,9,49
60,12,59
0,13,41
1,11,29
12,1,24
10,5,37
5,4,21
2,16,52
14,8,51
46,2,63
58,4,40
14,9,55
11,1,25
56,12,60
8,9,41
55,5,44
17,7,51
5,12,50
45,0,63
8,4,25
7,4,22
18,4,44
46,3,43
5,7,33
13,0,27
59,13,59
59,12,61
42,2,51
46,1,46
15,7,54
11,11,54
45,3,60
7,9,38
0,1,10
10,1,26
63,13,58
14,0,30
45,1,57
60,14,57
62,6,48
3,8,27
13,5,42
15,8,54
12,5,36
17,5,46
6,7,29
45,0,44
17,8,56
56,11,56
10,13,53
12,7,46
12,6,42
11,4,38
47,5,44
56,10,58
56,4,44
44,2,61
22,5,62
15,1,34
12,11,63
59,13,62
9,5,30
21,3,53
3,17,58
22,3,53
1,10,30
4,0,6
10,3,32
16,8,53
4,0,5
21,3,60
27,1,56
0,2,5
10,11,57
51,1,37
58,12,58
44,1,52
10,1,23
2,10,40
9,5,34
45,2,43
16,1,35
18,3,46
8,6,33
44,5,56
3,10,33
22,2,52
49,3,60
43,0,47
6,7,31
15,8,55
2,12,37
0,11,33
8,5,36
0,4,22
7,5,33
3,17,62
15,8,51
17,6,54
8,13,56
23,4,61
47,5,57
2,15,52
11,9,47
9,6,39
26,1,58
43,0,63
16,8,57
45,4,49
27,0,58
13,8,50
19,8,62
48,4,41
18,6,51
12,0,26
50,4,62
28,0,62
5,14,54
50,3,39
41,1,51
63,15,61
21,0,39
8,2,21
12,2,29
21,5,61
47,6,56
10,4,28
26,2,58
62,2,42
55,11,58
48,5,53
1,17,53
2,9,28
46,5,57
4,9,40
62,10,53
57,10,50
0,4,21
60,12,60
3,6,26
50,9,50
40,2,51
2,6,25
51,5,43
44,3,57
56,11,55
11,10,56
1,0,10
52,9,58
43,0,59
55,8,51
16,3,42
51,8,47
18,7,61
55,9,58
20,4,62
9,13,63
25,0,49
2,10,34
10,1,19
50,6,60
52,7,47
16,5,47
2,19,63
21,7,61
60,15,58
46,3,61
54,9,62
60,13,56
62,13,57
63,0,31
0,11,29
14,3,29
18,6,57
7,12,43
63,16,63
60,10,54
52,7,63
45,0,60
9,13,53
45,5,49
46,1,59
11,0,21
11,11,58
28,0,60
46,2,51
49,8,54
8,5,38
7,14,62
13,7,45
20,2,44
48,3,42
43,3,52
55,12,59
18,6,53
12,6,44
11,3,29
54,7,46
48,3,47
48,5,43
13,5,41
10,10,48
40,2,52
7,10,43
15,2,40
57,11,50
17,7,53
48,2,63
0,2,18
18,2,42
61,6,48
26,1,61
61,14,57
56,12,61
0,3,1
6,5,31
52,6,63
63,9,51
23,0,47
17,2,41
57,10,60
53,7,47
51,8,62
24,0,47
61,4,45
0,4,0
11,7,46
0,18,61
9,3,29
8,10,48
1,2,1
25,1,58
60,8,50
50,8,50
15,2,36
63,0,34
54,8,54
41,2,50
8,10,49
56,7,49
62,0,38
49,4,62
13,5,43
20,7,63
57,5,44
3,2,3
55,8,50
17,8,54
19,7,62
12,3,39
1,10,32
50,3,40
15,0,32
48,5,49
46,1,60
18,7,60
60,5,46
52,8,58
48,4,50
13,6,45
45,5,56
13,9,52
21,6,58
25,2,61
9,9,39
58,10,53
56,1,40
2,7,22
2,17,58
20,4,54
45,4,58
26,0,53
7,2,19
44,1,55
27,0,59
47,2,62
50,5,56
6,14,54
3,14,43
2,8,25
60,4,43
61,15,59
4,2,19
2,17,59
43,0,58
15,1,29
6,0,2
60,0,38
20,4,50
44,1,46
5,12,41
42,0,51
13,2,31
56,10,50
5,10,44
63,1,30
54,8,52
60,2,42
3,2,6
35,0,63
59,8,47
47,5,56
14,3,35
4,6,25
47,3,54
46,2,60
47,4,45
15,9,62
10,13,54
43,2,52
10,5,38
59,9,51
2,14,48
53,8,60
1,12,37
44,1,56
14,2,29
42,1,55
12,9,51
9,5,37
3,12,48
55,10,57
44,0,43
3,8,32
40,0,52
5,15,58
50,7,51
1,19,59
16,4,41
21,3,63
0,3,3
12,11,53
15,2,32
9,14,61
32,1,62
19,4,54
51,7,48
16,8,50
61,14,56
50,6,61
14,2,36
9,5,33
11,4,35
13,1,29
4,5,22
15,3,39
56,9,63
17,8,61
11,1,24
17,5,49
47,6,61
14,1,29
0,5,23
48,3,63
11,6,44
3,12,37
12,13,62
53,8,54
61,13,62
60,3,42
5,16,56
60,12,52
12,3,35
49,4,40
44,2,56
18,6,49
0,10,28
51,7,61
14,5,45
46,5,62
54,7,63
19,7,61
12,4,41
25,3,61
45,0,45
45,3,53
47,2,45
2,14,46
11,11,63
44,3,44
7,5,34
0,3,7
2,9,29
1,17,62
14,1,35
55,11,59
9,5,40
21,5,55
45,3,48
5,1,18
3,11,46
57,10,54
9,4,28
50,5,47
62,3,44
40,1,51
15,9,59
52,8,62
49,7,61
2,0,7
19,4,49
45,1,43
13,1,31
44,1,48
51,7,53
2,3,3
8,8,35
5,7,32
51,8,58
13,5,44
10,2,30
63,14,62
3,16,56
57,3,41
5,11,41
0,12,41
51,5,48
45,0,42
46,3,44
52,0,37
48,7,57
51,9,57
2,9,33
62,1,42
1,1,4
40,0,53
47,4,49
22,1,43
1,10,25
6,8,37
49,7,52
4,16,53
1,18,63
55,5,39
47,6,52
5,9,41
1,16,51
13,10,61
50,6,50
52,7,60
2,10,37
50,3,41
50,9,56
4,7,31
4,15,56
22,4,60
21,2,49
4,16,57
57,11,55
62,13,58
1,18,56
2,3,5
20,4,51
14,0,34
47,2,42
21,6,62
51,6,42
51,5,60
10,6,41
55,10,60
10,4,29
52,7,61
3,14,49
18,5,47
14,10,58
59,12,52
9,12,58
1,11,31
18,1,40
50,6,48
22,2,48
3,0,5
54,7,62
3,4,21
24,3,60
8,5,31
49,7,54
7,4,25
1,3,2
60,4,44
7,9,44
51,6,62
50,1,38
47,3,62
17,10,60
17,1,39
14,0,32
2,10,39
18,7,63
21,1,41
17,5,44
1,11,37
0,3,2
24,1,55
49,5,52
20,4,59
18,3,40
7,8,38
3,7,26
10,6,39
9,8,46
3,3,3
0,10,30
55,9,59
63,2,44
14,6,44
55,5,40
49,7,60
10,4,37
55,9,62
1,9,25
46,1,63
51,6,55
11,4,34
51,8,53
11,11,59
51,1,38
55,9,52
8,5,29
3,10,35
12,11,58
14,4,42
45,2,48
63,13,59
17,7,50
18,6,58
15,4,42
7,6,33
21,1,44
47,2,63
61,10,53
63,2,31
63,14,59
51,5,61
1,0,6
5,8,33
18,5,55
52,3,40
9,4,32
6,0,1
58,8,50
8,9,45
57,6,44
0,4,6
11,12,60
9,4,27
10,12,62
1,0,9
5,7,34
11,2,23
7,13,56
11,5,37
4,4,21
5,6,25
12,9,52
52,7,55
60,3,43
17,4,42
6,10,42
46,2,53
14,1,32
50,8,60
46,3,45
46,4,53
47,5,51
25,2,58
18,9,55
3,7,27
57,7,43
52,6,46
6,15,53
50,6,54
12,6,45
11,4,41
56,10,53
22,3,58
11,5,42
9,12,62
48,3,56
14,2,38
56,11,61
59,12,57
0,16,48
60,3,40
7,5,27
9,7,43
20,7,55
43,0,44
20,3,52
49,5,49
14,6,47
52,8,63
47,4,50
13,0,25
48,9,53
1,8,25
5,6,29
8,4,24
55,10,59
48,3,40
45,1,45
3,12,41
8,5,27
3,11,44
16,0,37
16,1,37
8,7,32
4,15,63
61,3,44
16,6,51
14,8,50
5,10,43
12,11,57
15,5,45
54,6,45
50,5,49
58,9,52
16,9,62
49,2,39
42,1,52
5,15,57
53,9,61
42,3,54
59,2,41
2,7,25
49,4,63
2,14,50
42,1,49
19,6,61
16,5,45
50,7,59
61,12,56
4,1,5
34,0,63
1,7,24
2,16,53
17,7,56
3,3,0
7,12,44
14,10,50
10,2,29
44,0,60
63,18,63
47,7,54
0,12,31
12,2,35
61,11,55
61,12,57
58,8,49
17,9,59
8,3,26
3,16,60
5,2,20
12,11,56
9,9,36
62,11,53
13,10,55
1,8,26
8,4,30
13,8,47
62,10,52
60,4,45
7,11,42
54,9,61
59,15,62
14,0,35
3,8,26
3,12,42
6,10,44
59,14,63
4,16,63
0,16,51
58,8,48
9,0,17
11,2,27
6,4,22
48,5,51
46,2,43
4,16,56
25,1,54
25,2,63
55,10,51
5,9,32
49,4,44
4,2,5
54,4,43
54,0,37
22,2,53
4,1,17
1,13,44
1,3,1
8,14,53
58,13,63
3,12,47
13,2,35
59,12,60
7,7,33
42,2,55
49,5,50
7,4,28
0,2,9
47,2,39
59,3,44
55,3,41
4,7,32
43,1,51
24,0,45
26,0,54
5,4,23
57,10,62
9,13,54
7,12,51
12,7,45
10,11,52
1,11,39
55,11,61
19,5,51
4,10,38
23,1,54
54,9,55
22,2,46
1,11,34
7,4,27
12,4,35
2,11,38
12,10,60
4,15,57
25,0,55
10,13,61
14,8,54
11,11,61
45,3,57
6,11,49
48,5,47
57,2,41
7,8,36
0,12,42
15,0,33
11,10,50
14,9,58
2,1,6
55,13,61
5,12,47
42,1,50
19,6,63
7,7,39
47,1,42
52,8,53
14,3,39
14,1,39
46,6,58
0,6,24
53,7,61
46,1,43
45,2,58
53,7,58
12,0,23
25,2,62
25,2,59
49,3,40
9,8,37
59,4,44
62,15,61
53,9,60
60,8,47
4,8,34
13,9,50
50,7,55
5,0,1
0,13,44
0,0,11
6,14,62
11,0,15
9,0,19
13,11,62
26,1,57
2,17,61
17,8,59
5,7,36
61,15,57
13,6,42
20,4,57
1,3,3
10,1,24
4,14,51
49,5,59
18,6,50
56,3,39
3,11,38
58,2,40
47,5,45
46,5,54
13,9,62
2,10,41
55,3,42
54,10,61
63,4,45
57,7,47
11,4,37
17,8,62
19,5,43
1,11,38
59,10,53
47,4,53
7,15,52
7,14,61
58,13,62
48,4,45
5,1,3
13,4,34
45,2,59
2,11,44
4,0,1
12,4,36
18,3,45
11,2,34
6,3,22
57,10,63
48,3,48
19,5,60
50,4,43
62,5,45
0,19,61
61,12,55
47,4,47
0,17,54
4,15,60
53,7,59
22,1,51
45,1,63
8,7,43
46,4,61
9,8,43
0,14,43
50,6,46
8,13,57
61,7,49
15,2,31
2,11,36
51,4,44
6,0,16
19,4,50
9,0,18
62,9,53
56,11,54
8,4,31
22,4,59
5,11,47
4,9,36
9,13,60
21,3,62
55,0,38
7,6,36
17,1,38
10,14,60
14,0,28
14,9,61
63,12,56
6,7,32
11,11,60
1,5,22
57,4,40
10,5,40
5,14,52
9,3,32
46,4,57
5,13,52
4,9,29
7,8,35
17,6,55
16,9,54
52,3,41
42,0,59
7,4,24
11,3,34
20,6,59
63,8,51
59,7,49
18,4,47
5,8,30
18,4,43
51,2,40
54,8,56
56,10,62
1,18,60
51,0,37
8,4,32
60,7,50
4,8,26
43,1,44
5,7,28
7,3,21
0,8,27
23,1,49
3,9,34
7,7,37
47,1,43
20,5,60
6,9,36
47,3,56
57,8,48
0,2,10
55,9,49
44,2,44
4,9,32
19,5,58
62,12,56
3,8,29
51,6,44
17,6,47
5,0,2
62,2,43
49,5,53
9,1,17
9,0,16
11,4,32
12,0,22
6,8,40
20,2,43
52,9,55
19,0,39
48,5,57
44,2,53
57,13,60
47,3,46
46,1,42
7,10,41
8,6,31
60,8,49
4,8,38
59,9,52
16,7,48
18,6,62
58,4,43
20,5,54
63,1,42
59,5,45
55,10,61
63,12,54
46,2,48
12,10,53
54,5,44
42,1,57
16,6,50
20,1,43
0,1,7
15,8,56
5,8,35
19,5,63
16,10,60
63,12,57
45,3,56
44,1,45
53,6,45
0,18,58
60,1,38
3,11,45
22,0,45
16,4,45
52,8,56
12,8,46
12,2,38
5,15,54
14,0,29
50,6,52
51,3,40
46,2,58
51,6,56
49,6,50
18,6,59
8,13,62
63,4,43
21,4,63
48,6,47
43,2,58
0,5,0
9,5,36
5,16,62
51,4,40
53,8,48
6,15,59
62,0,41
50,8,49
9,9,46
6,2,19
22,5,61
42,2,57
55,7,49
58,10,48
5,8,37
6,1,19
49,6,54
42,1,60
61,3,41
8,11,51
4,14,52
9,11,51
62,13,60
46,6,54
4,11,37
2,10,32
23,0,46
24,1,50
57,1,38
2,13,47
7,8,41
2,3,4
8,14,62
8,13,58
59,2,42
0,4,2
51,6,52
3,12,46
51,9,61
44,3,49
18,7,56
52,9,63
48,6,54
6,13,51
47,4,46
5,5,26
17,6,58
14,5,42
1,17,55
49,4,60
13,11,57
50,5,55
6,7,28
3,8,30
50,5,46
62,8,51
47,6,45
48,3,46
59,10,51
24,0,44
9,7,37
8,11,47
53,9,49
54,8,48
58,11,61
1,4,3
54,0,36
46,3,51
11,2,29
17,7,57
62,11,54
13,10,63
2,16,63
2,18,60
1,14,48
60,4,41
1,18,62
20,0,39
0,11,31
9,3,31
15,9,63
15,4,41
17,3,44
5,8,41
62,12,54
61,5,44
10,13,59
1,3,5
6,5,25
5,16,60
53,3,40
9,3,25
57,11,54
7,8,39
7,14,55
16,2,39
60,15,59
48,5,56
22,2,50
16,7,59
13,2,34
46,3,57
1,12,36
7,3,22
7,3,24
7,0,16
45,3,55
22,2,54
17,7,63
52,7,46
49,0,38
17,7,59
8,8,44
9,12,57
20,1,41
48,4,61
47,3,51
1,16,53
14,8,52
13,9,56
1,11,33
7,13,55
16,0,35
3,6,23
45,2,49
8,13,54
6,15,62
3,8,28
54,7,45
9,6,36
4,10,44
0,7,24
3,15,52
48,6,55
11,3,30
20,6,62
10,13,58
43,4,54
6,13,50
9,1,18
11,0,23
55,1,39
55,2,39
60,0,39
14,9,51
19,5,62
19,4,45
13,11,59
54,1,39
11,8,45
10,1,20
7,7,36
55,8,61
15,0,37
12,0,18
14,6,41
1,16,54
18,7,57
52,9,57
12,0,17
19,1,41
9,5,39
11,2,33
52,6,49
44,1,58
3,9,30
10,11,50
20,5,63
51,3,41
14,2,35
26,0,59
10,11,54
46,3,60
52,4,41
61,7,50
11,10,52
63,0,40
10,2,25
13,7,46
63,17,63
14,10,59
13,10,62
3,2,2
4,9,33
0,17,52
0,18,56
21,3,54
3,10,42
6,11,43
46,1,41
2,3,1
5,6,30
6,9,43
9,11,49
5,8,39
17,0,38
23,3,58
53,8,52
3,0,4
45,1,60
47,2,44
13,2,28
57,12,59
5,11,36
51,4,42
10,2,24
14,1,28
11,2,30
50,5,53
42,0,49
12,9,48
48,4,49
13,9,55
47,4,44
9,2,25
17,6,51
22,3,50
0,2,19
22,4,62
53,7,48
51,8,54
19,7,59
0,1,8
61,1,42
8,3,23
44,1,59
6,8,35
6,8,43
60,12,51
21,5,58
17,2,40
5,2,19
3,7,28
33,0,63
55,0,36
0,16,53
54,9,57
19,2,41
17,1,40
46,2,57
1,17,61
48,6,52
52,2,38
55,11,57
5,8,31
5,5,24
56,10,54
61,13,60
59,12,59
49,5,46
8,1,19
5,9,36
8,12,51
8,8,45
5,5,27
41,1,52
54,8,62
4,9,43
1,3,20
59,7,46
7,15,63
51,8,50
63,12,58
22,1,49
4,1,1
12,3,38
55,8,62
8,14,60
13,4,43
11,5,38
0,18,60
53,9,52
59,8,49
47,2,59
11,1,23
1,7,25
59,5,46
4,8,35
12,5,43
41,0,52
22,3,54
16,6,47
21,2,50
1,1,18
15,9,61
61,5,43
59,1,39
58,7,49
51,8,52
51,6,47
3,13,42
17,6,57
8,5,34
56,9,51
23,2,61
1,3,19
20,5,58
2,8,29
8,7,36
24,1,53
10,11,63
10,3,34
10,0,20
16,2,35
4,4,23
49,8,60
10,11,60
47,4,58
56,11,51
56,13,60
48,4,40
14,0,31
46,3,50
45,4,59
10,0,16
8,8,40
26,2,62
22,3,52
51,5,42
52,9,53
28,0,63
5,11,45
9,10,49
21,3,48
9,2,23
2,11,39
14,2,40
51,6,50
1,11,36
46,3,55
56,7,47
47,1,41
60,8,51
13,9,59
51,10,57
9,13,58
47,2,41
12,9,49
23,2,56
9,5,27
17,5,51
60,12,63
58,11,54
6,14,63
56,4,39
42,0,56
17,4,46
7,10,44
59,12,62
0,10,29
9,4,29
46,2,56
16,7,49
9,12,59
15,0,36
51,7,60
13,1,28
0,2,6
45,2,52
60,5,45
41,3,51
6,6,34
11,1,28
1,2,7
7,14,53
11,4,24
50,10,55
46,3,48
54,8,59
9,4,24
10,2,23
6,9,39
24,0,48
0,1,6
43,2,54
18,2,41
47,2,58
0,4,1
63,1,31
47,3,57
49,6,60
53,7,51
2,10,31
21,7,62
7,5,31
15,11,60
7,11,47
2,4,1
15,9,60
15,7,51
19,5,61
51,9,53
16,5,48
4,8,28
59,15,59
11,6,32
59,11,62
45,3,46
44,0,41
1,7,22
52,5,42
4,9,35
24,2,59
1,17,60
9,12,48
0,15,47
1,1,5
3,1,4
12,10,52
53,0,36
4,6,26
63,10,53
55,1,38
6,3,21
26,1,63
18,0,37
9,2,21
49,5,58
52,9,54
45,2,60
54,10,53
11,2,35
61,0,40
4,15,58
61,10,54
54,8,61
9,14,54
14,3,33
9,14,53
46,1,61
48,6,61
12,3,24
15,7,53
18,2,40
8,4,29
7,7,38
56,5,45
57,7,46
9,4,35
4,16,61
55,10,58
9,13,50
42,3,53
45,2,61
11,11,53
3,0,17
62,1,41
45,4,50
55,0,37
56,10,55
9,9,47
45,4,55
15,11,61
2,0,5
15,5,46
48,7,60
7,13,52
49,6,62
56,8,51
16,2,37
24,3,63
55,10,53
23,1,50
11,12,62
11,5,43
3,15,54
9,4,25
25,0,57
21,4,53
62,6,45
54,10,58
50,7,48
42,0,60
59,11,57
14,5,41
17,4,43
0,1,11
4,11,40
0,3,19
12,10,59
19,5,48
2,17,54
9,13,62
43,0,50
45,1,46
5,15,62
15,3,40
2,18,63
7,11,48
16,0,31
5,10,39
52,4,39
9,6,40
11,4,39
15,7,48
7,6,39
47,4,56
22,0,43
10,1,25
3,1,2
23,2,60
0,9,25
21,0,43
52,7,48
6,13,53
20,1,44
12,5,37
24,2,63
2,3,20
56,10,63
24,0,51
63,11,52
63,5,47
57,10,58
9,15,60
46,6,51
1,11,30
14,11,57
41,1,54
7,15,58
53,5,42
45,5,58
0,12,38
54,10,54
19,4,47
8,13,55
13,0,17
50,2,40
4,7,26
7,9,42
9,7,44
21,3,57
20,4,58
9,6,41
14,9,57
44,4,55
3,2,1
57,10,51
4,2,20
24,0,53
0,10,31
16,8,59
5,15,59
2,3,2
2,4,19
9,2,24
58,9,50
56,1,38
60,6,47
4,12,47
62,6,46
10,14,59
46,4,55
63,9,52
11,3,35
12,2,24
48,4,54
16,7,46
47,2,46
10,3,31
61,16,61
58,6,44
20,7,58
57,11,59
6,14,52
42,1,54
1,9,26
9,6,31
3,12,38
0,13,46
62,3,43
9,13,59
62,7,50
45,2,46
7,14,54
10,14,53
4,13,48
50,5,43
59,14,62
0,16,50
59,3,43
46,2,50
2,5,22
11,3,23
43,0,54
4,12,46
14,1,33
3,12,43
1,18,61
6,15,60
6,13,52
57,1,39
58,10,52
13,6,44
54,1,37
14,3,40
13,10,57
10,12,57
8,3,27
60,4,42
2,7,24
2,9,30
44,2,57
17,3,39
16,4,42
2,2,5
40,0,51
50,5,41
47,4,51
54,6,47
6,15,63
44,0,48
24,2,61
15,0,27
13,4,42
62,12,58
9,1,20
10,8,46
49,4,45
21,4,56
19,3,47
41,1,50
9,12,54
23,2,62
22,2,56
13,10,56
62,10,55
3,5,22
46,6,56
22,1,45
13,3,33
58,5,40
20,4,53
58,3,42
56,6,46
0,13,36
10,12,56
50,9,51
9,14,59
7,6,30
12,10,62
59,1,40
58,11,56
45,1,47
47,4,52
4,0,4
16,1,29
2,1,18
2,12,43
18,5,54
51,6,58
0,0,12
2,3,21
0,12,37
10,7,43
7,2,20
22,3,59
20,4,63
8,10,47
48,2,41
5,15,63
53,9,54
25,1,61
17,6,50
14,9,60
3,16,57
26,1,59
45,3,44
3,11,40
16,4,43
1,12,39
61,5,42
7,9,37
6,12,49
7,11,46
19,5,53
2,12,36
15,3,42
48,3,58
55,9,55
1,2,4
43,1,63
1,4,2
53,0,37
12,9,53
21,2,47
5,2,17
29,0,63
19,1,39
55,7,47
16,9,61
50,4,45
10,5,42
48,4,59
5,11,48
51,8,51
6,6,31
18,6,48
7,9,46
3,6,24
56,10,57
53,8,57
8,9,46
12,2,31
60,11,53
50,7,46
3,8,33
53,8,53
1,3,7
20,3,49
61,4,43
11,5,40
2,3,19
5,1,17
10,5,41
12,1,31
21,3,55
14,2,34
6,12,48
23,1,46
8,9,39
58,5,44
5,8,32
54,9,59
60,5,47
0,13,47
6,15,61
4,11,44
2,2,2
51,9,58
9,8,40
59,12,56
0,13,35
7,2,22
21,0,41
43,3,59
46,4,60
47,6,58
51,7,58
10,3,35
8,0,16
47,2,40
9,5,38
62,17,61
43,0,52
4,10,36
11,8,48
59,12,58
51,10,63
10,13,52
57,2,39
40,1,52
0,8,26
1,15,48
62,14,59
56,6,47
45,0,40
2,12,42
44,1,47
48,4,52
61,7,48
54,8,53
24,0,46
11,6,33
6,14,56
8,3,24
43,0,57
57,10,56
6,7,34
45,0,59
62,6,47
3,17,57
49,4,57
21,2,48
52,6,61
51,10,62
44,2,54
7,7,30
60,13,59
28,0,61
12,10,55
25,0,50
16,7,52
50,4,44
21,4,59
44,4,52
7,9,41
57,7,44
5,15,56
0,18,53
8,13,52
15,0,30
60,1,40
23,1,48
2,12,45
5,3,21
4,1,6
7,3,20
60,7,47
15,7,49
46,5,55
5,16,63
9,8,39
7,14,59
8,13,63
10,6,40
13,9,51
46,3,56
48,1,39
3,2,4
13,10,58
47,5,47
4,10,42
8,7,39
45,4,57
1,4,1
2,0,4
1,1,7
63,17,62
44,4,50
50,7,53
46,2,55
3,11,35
51,9,62
0,13,39
8,15,52
6,7,33
13,0,31
9,13,56
52,4,42
6,15,56
55,9,54
0,18,55
20,4,56
2,8,27
3,1,18
4,8,36
9,15,59
23,5,61
52,9,52
56,3,40
1,3,0
17,6,56
0,17,53
43,1,59
1,12,43
51,5,63
12,2,25
13,4,36
5,9,33
61,4,46
56,4,42
9,6,42
3,17,56
10,9,47
20,6,58
8,5,35
7,7,41
52,7,59
21,1,47
6,8,36
45,1,61
2,0,17
10,11,47
10,7,44
57,6,43
6,11,45
43,0,62
17,6,48
48,7,53
23,3,60
17,9,60
7,8,42
3,8,31
58,7,47
0,14,45
49,3,43
45,4,62
10,14,54
12,1,25
6,9,45
61,13,58
2,0,16
23,2,55
10,3,27
51,4,39
3,9,35
2,11,37
59,7,48
1,10,31
24,2,55
7,12,49
44,0,44
22,2,47
21,3,52
21,1,43
9,8,45
48,6,58
53,9,53
8,13,61
48,6,49
44,2,51
20,4,49
63,1,41
47,7,47
59,8,51
0,3,21
7,7,40
13,10,53
58,11,50
49,5,45
6,7,35
12,0,24
9,12,60
48,0,38
17,5,45
60,13,63
41,1,49
25,0,51
43,0,60
48,6,56
60,6,48
54,3,42
4,5,24
15,3,41
