9,12,41
44,0,37
22,8,49
61,7,49
29,6,51
38,13,56
59,15,59
1,17,48
44,18,58
36,2,39
22,3,35
34,2,42
12,6,35
13,0,26
41,8,47
44,2,40
47,1,38
17,15,59
37,1,38
52,5,44
57,2,41
52,3,42
28,4,46
34,14,61
36,2,41
8,2,28
23,10,61
43,4,41
9,19,49
13,22,60
39,14,56
15,13,51
9,19,48
0,13,44
5,14,44
33,9,55
9,0,25
1,10,39
43,3,40
57,9,52
32,13,61
60,5,47
7,0,25
49,8,46
20,11,57
0,11,39
52,21,58
48,14,55
0,5,32
23,2,35
55,19,61
11,9,37
10,17,45
17,15,62
43,0,36
39,8,47
1,9,38
6,9,38
44,18,59
14,6,34
45,10,48
37,11,54
42,13,53
32,6,48
9,8,36
9,20,55
16,12,46
37,12,55
55,11,52
55,16,59
46,16,56
57,0,39
42,18,61
1,7,35
13,14,46
47,23,63
56,1,41
12,15,49
12,3,30
1,8,35
54,4,43
37,13,58
29,9,58
16,4,33
41,12,53
54,0,37
7,4,30
6,1,27
10,20,56
18,10,45
19,13,60
8,20,53
24,7,48
59,6,48
35,3,41
37,4,42
10,6,34
1,14,44
9,19,54
53,4,42
16,15,58
52,5,43
28,3,44
27,7,54
62,3,44
46,14,55
61,6,49
33,9,54
31,8,54
60,3,44
6,1,26
15,1,29
19,10,49
45,22,63
16,8,38
7,0,27
37,17,63
15,6,36
45,16,56
54,10,51
20,4,37
40,4,42
50,23,59
5,1,27
44,14,55
28,1,39
29,2,41
16,5,34
0,4,30
10,22,61
10,20,58
54,11,53
15,8,39
63,2,44
6,8,36
42,0,35
63,6,50
4,16,45
21,6,42
30,1,38
15,18,63
0,4,31
25,4,46
20,11,59
50,21,57
8,21,45
61,6,48
15,16,62
31,2,41
39,6,44
35,2,39
2,2,29
0,17,48
53,19,58
18,10,49
50,18,57
28,6,52
15,15,57
1,21,54
54,9,50
29,4,47
50,11,52
43,14,54
12,21,62
4,2,29
12,16,52
10,23,63
51,21,59
15,6,35
8,20,50
45,5,42
14,20,59
37,6,45
9,19,45
31,5,49
22,2,34
28,7,55
35,6,46
9,11,39
27,8,56
44,6,45
20,1,31
9,14,44
13,11,40
11,16,46
5,13,41
29,10,59
43,17,59
23,12,63
23,7,46
39,3,40
22,3,37
27,10,58
58,16,62
1,23,57
4,1,26
47,23,62
3,0,26
0,7,36
58,7,48
40,15,58
1,1,27
6,16,45
37,11,52
56,2,40
26,7,52
26,0,33
18,3,32
36,4,42
11,17,52
37,5,45
57,15,60
14,12,45
33,7,50
13,18,56
6,10,38
29,0,39
3,15,44
52,2,40
1,10,38
48,10,49
33,6,47
42,11,51
0,21,53
19,8,45
2,7,35
11,18,56
3,7,34
33,14,62
35,15,62
37,12,56
44,20,62
41,2,40
43,8,47
59,7,50
29,8,56
61,16,63
9,6,33
37,1,39
23,0,30
53,22,60
11,18,53
9,20,57
42,5,43
6,2,29
6,23,58
47,23,61
9,20,56
27,2,40
30,7,52
48,23,62
28,6,51
7,22,49
31,13,63
55,5,44
36,16,63
43,2,39
50,20,57
52,14,55
23,11,62
24,6,48
6,10,39
11,14,43
16,11,45
36,13,59
30,12,60
28,12,61
56,5,44
7,9,38
38,14,56
20,1,32
48,0,38
29,2,43
44,15,55
42,17,61
8,13,40
46,12,51
5,7,34
7,3,30
11,3,31
22,3,34
34,12,59
6,21,48
8,15,44
13,22,59
8,17,44
14,11,42
53,23,61
48,10,50
7,4,32
55,12,55
1,16,47
2,22,55
43,17,57
31,0,36
48,11,51
22,9,54
21,0,29
28,0,36
47,22,62
49,0,38
7,10,39
16,13,54
37,1,37
10,18,54
44,11,51
17,14,60
17,11,50
51,7,46
61,10,54
37,3,42
21,5,40
50,9,48
40,0,36
51,1,38
36,6,46
59,8,51
54,21,60
62,4,47
12,10,39
4,7,35
18,13,60
56,4,43
44,1,37
33,12,58
23,0,32
23,5,42
8,0,26
59,15,60
63,9,54
61,3,44
46,3,40
38,8,48
45,9,48
46,15,55
34,2,41
16,1,28
24,1,33
46,17,56
8,19,53
36,1,38
61,12,56
29,9,56
36,8,50
54,7,48
10,2,29
11,17,50
19,14,61
34,8,50
47,21,56
0,10,38
24,1,35
4,14,43
52,0,37
0,5,33
49,2,39
41,17,59
21,4,37
12,7,35
1,21,50
13,13,44
5,22,54
30,12,61
24,6,49
19,12,55
34,6,47
56,21,63
51,13,55
59,12,57
30,7,53
45,2,40
24,8,53
32,7,49
16,17,63
14,9,38
33,6,48
43,10,50
2,21,49
34,8,52
51,18,57
38,10,52
58,11,55
15,19,59
0,19,51
3,1,27
43,1,37
26,2,38
25,1,34
1,2,28
6,21,47
56,15,59
38,2,40
18,4,33
37,3,41
16,15,57
51,2,40
63,13,60
13,14,48
5,23,50
35,15,63
14,1,28
6,20,45
45,0,37
61,15,62
34,13,59
63,5,47
14,16,57
15,14,54
4,13,42
33,14,61
20,10,55
19,13,61
62,12,58
36,8,49
21,4,36
27,9,57
55,16,58
12,19,57
23,3,37
38,9,50
34,1,39
31,7,51
26,7,53
13,17,56
62,8,52
11,16,47
3,13,43
8,21,58
7,21,51
53,8,49
20,7,42
37,8,49
44,10,48
3,13,42
52,19,58
46,22,60
41,4,41
23,3,35
12,0,27
13,5,34
25,5,47
23,9,59
32,12,61
46,21,59
58,6,47
19,1,29
17,14,61
54,22,60
24,5,46
7,7,35
23,7,48
15,15,54
22,6,41
18,9,45
2,0,25
9,19,51
31,11,59
18,9,43
28,9,59
5,23,52
31,0,37
61,12,57
32,12,60
40,9,48
32,5,48
60,14,60
58,1,40
17,8,40
8,20,56
2,4,32
43,19,63
8,22,59
19,6,37
7,11,39
43,7,45
11,16,51
15,13,47
0,23,58
13,18,58
39,16,60
6,20,46
62,15,63
54,22,61
22,8,50
12,15,47
18,7,38
20,9,48
24,8,57
34,11,57
42,15,57
20,8,42
49,9,48
19,2,33
4,23,52
57,10,52
62,12,57
40,3,40
17,11,48
18,6,38
9,23,60
17,6,37
14,20,62
34,10,53
18,5,35
22,10,55
38,0,37
7,20,44
4,11,40
23,11,61
56,4,44
20,4,35
10,10,40
11,1,27
36,10,53
58,5,47
23,8,55
8,20,57
45,0,36
47,9,49
41,15,56
25,5,45
20,9,46
6,1,28
9,16,44
15,7,38
49,20,57
39,0,36
22,11,61
52,15,56
2,12,40
53,22,63
63,10,54
52,5,45
10,6,33
23,6,47
29,1,38
16,14,55
22,8,48
4,1,28
19,12,59
56,15,58
31,1,39
4,21,50
32,4,46
35,13,58
24,10,60
62,8,51
0,16,46
19,5,37
59,1,41
6,22,54
14,14,48
18,2,31
57,8,50
6,5,32
54,7,47
43,18,60
11,9,39
47,4,41
57,15,58
23,2,36
38,11,54
41,3,39
18,8,42
0,9,38
59,15,61
43,13,53
3,4,31
5,13,42
8,20,52
58,11,54
39,16,61
58,3,44
25,6,52
36,9,50
46,5,43
18,12,51
25,2,39
25,5,48
1,15,45
54,8,48
25,7,53
44,9,48
17,12,50
19,8,41
53,7,48
0,2,28
10,23,61
44,21,63
46,2,40
20,8,44
2,2,28
49,10,50
5,4,31
50,7,47
19,14,63
17,10,46
59,11,55
16,11,44
28,0,34
23,1,33
23,4,39
63,13,59
60,0,41
9,21,46
4,15,44
27,0,34
60,14,59
32,6,49
51,9,49
6,22,50
47,4,42
9,19,56
52,20,59
34,13,61
46,12,52
11,13,44
36,15,62
62,9,53
39,13,56
59,2,43
25,4,45
16,2,30
28,2,41
28,7,53
60,13,58
12,12,42
32,7,50
38,10,51
3,1,28
22,8,52
47,22,60
42,14,54
18,11,49
2,10,39
60,9,53
42,1,37
13,6,34
39,15,58
15,16,58
58,2,42
20,12,58
12,13,45
34,7,48
40,1,38
11,0,26
36,15,60
54,0,38
22,5,39
3,8,37
61,16,61
35,8,51
59,3,44
54,6,47
34,9,53
31,9,55
9,0,26
30,8,55
15,17,59
61,2,44
16,13,49
59,13,57
1,21,53
55,14,56
36,15,61
30,1,41
38,14,58
43,19,60
35,14,60
50,6,44
0,21,55
11,1,28
33,4,45
36,0,36
12,5,32
20,11,54
22,12,62
26,0,36
3,17,48
61,7,50
58,17,62
55,18,59
26,3,40
5,15,44
55,18,62
63,8,53
2,12,41
25,10,62
52,13,54
44,10,50
47,9,48
55,21,62
11,2,28
29,0,34
32,8,54
30,4,48
54,16,58
52,23,63
17,14,57
42,7,45
0,21,52
6,22,55
40,11,52
13,8,38
53,23,63
13,9,39
23,1,32
54,10,52
4,19,46
49,6,45
8,9,37
49,11,52
41,0,36
62,0,41
29,1,40
52,0,38
60,2,42
8,8,36
54,5,44
55,7,48
47,10,49
18,1,29
35,12,57
38,16,60
52,22,59
5,5,32
26,6,54
62,13,58
18,11,48
54,5,45
29,8,54
31,4,44
60,5,46
59,4,46
0,14,44
11,17,48
22,0,32
6,7,34
43,19,59
30,5,50
37,13,57
56,13,56
15,1,28
25,5,44
48,6,45
14,1,29
5,12,41
39,7,47
62,15,62
39,0,37
29,1,39
50,15,55
50,13,54
10,2,30
38,7,46
57,15,59
41,11,51
23,8,51
30,13,63
57,5,45
15,15,53
41,5,43
7,11,40
2,4,30
22,9,55
46,22,61
46,21,61
32,1,41
7,10,38
15,10,42
34,0,37
31,10,56
24,7,54
12,17,53
57,5,46
44,8,47
33,13,61
10,18,48
61,11,55
6,23,60
27,12,63
63,14,60
60,1,42
55,17,59
15,14,52
27,4,48
17,13,57
1,2,29
16,0,28
21,5,39
9,20,46
16,17,61
0,21,54
51,6,46
7,14,43
15,13,50
3,17,47
47,1,37
49,21,58
31,7,50
38,4,43
31,8,52
46,22,63
55,21,59
19,4,34
10,11,39
11,22,61
40,2,40
42,8,47
26,2,40
9,18,45
24,3,37
18,12,54
27,10,59
33,1,40
2,16,47
7,21,46
13,12,43
42,7,46
30,4,45
55,12,54
42,2,39
8,19,43
10,23,62
55,7,47
16,4,34
28,0,35
49,4,43
7,21,47
40,12,53
24,4,40
55,4,44
4,17,45
2,15,44
57,7,48
26,9,59
39,14,58
13,20,62
63,1,41
13,20,58
36,1,37
26,8,55
2,12,42
9,20,53
46,19,57
24,6,45
14,0,28
1,4,31
45,21,59
39,4,42
52,11,52
12,17,56
38,1,37
7,21,58
7,6,34
5,7,35
15,13,52
40,3,41
32,5,46
55,21,61
0,9,37
12,13,43
19,0,28
2,11,40
31,3,41
13,20,59
56,15,57
7,13,42
35,8,50
12,4,33
45,4,41
53,23,60
57,8,49
23,12,62
42,6,45
21,10,55
17,4,34
60,15,61
47,0,37
6,22,51
37,14,59
55,19,62
32,1,38
19,7,41
21,2,33
50,4,43
25,8,56
1,22,53
9,2,28
8,13,41
18,13,55
45,11,51
48,9,48
48,12,52
16,11,48
10,17,48
19,12,58
45,21,61
15,20,59
32,2,42
13,16,55
36,11,55
60,6,48
33,8,53
24,7,49
12,13,42
7,14,42
61,4,47
63,8,51
5,23,56
60,15,60
17,4,33
13,19,59
42,18,60
21,7,47
60,16,61
47,7,46
32,3,42
3,5,32
11,20,57
26,8,56
35,7,48
49,7,46
60,10,54
56,18,60
17,12,51
25,12,63
41,9,48
48,5,43
29,4,46
44,18,57
47,17,56
17,0,28
7,21,48
22,8,53
0,13,43
57,0,38
49,15,56
51,16,57
16,15,62
32,11,58
49,10,49
8,20,43
16,15,59
20,4,36
27,7,56
21,8,49
3,11,39
51,18,58
62,5,47
51,2,39
14,13,46
7,1,27
16,12,49
13,7,35
50,17,57
39,14,57
46,14,53
20,7,44
37,11,55
13,19,61
3,22,51
53,11,51
13,16,57
1,12,42
5,21,47
49,18,57
14,10,39
5,18,45
23,4,41
30,8,53
41,16,58
45,20,60
17,9,40
23,9,54
53,12,54
43,20,62
16,14,58
20,9,51
46,1,38
10,18,49
52,20,58
28,4,47
55,6,46
61,15,61
18,0,28
17,14,59
22,6,44
31,9,56
4,4,30
27,6,52
43,19,62
14,8,39
33,3,44
59,10,52
44,20,61
18,13,59
55,11,53
18,5,36
8,23,60
7,21,52
39,9,49
37,14,60
0,19,50
5,11,39
37,15,61
3,14,44
24,0,33
9,2,29
42,6,44
57,7,47
27,2,38
29,0,36
36,4,43
56,5,45
1,16,46
34,5,45
9,19,53
3,15,45
43,10,49
7,15,44
13,3,32
30,12,62
16,1,29
18,5,37
53,21,59
60,1,41
21,11,60
62,11,56
44,3,40
40,14,57
8,19,52
6,21,51
6,9,37
53,4,43
37,7,48
54,22,62
61,8,51
19,12,56
2,14,43
44,19,59
11,22,60
13,16,51
9,22,60
6,19,45
59,1,40
10,5,33
36,13,58
41,13,53
28,11,60
1,13,43
32,10,55
28,4,48
33,2,42
52,10,50
46,10,49
15,16,61
7,22,50
3,9,36
61,5,48
16,4,32
54,14,57
54,18,59
54,16,59
54,22,59
18,13,54
50,14,56
4,22,50
31,12,61
34,14,62
27,5,51
19,3,34
32,10,57
19,1,31
28,8,56
18,3,33
1,4,32
62,2,44
38,9,49
7,20,46
21,9,49
41,16,57
10,18,55
25,8,57
42,0,37
56,10,51
10,17,50
4,19,47
11,20,58
18,0,29
18,10,48
58,10,53
48,4,43
15,8,38
24,5,45
40,15,56
44,5,42
48,13,53
22,5,38
48,23,61
23,6,44
35,0,38
58,8,51
18,6,36
58,2,43
50,0,38
9,18,52
49,11,50
50,15,56
19,12,53
16,13,55
11,14,46
32,5,47
18,8,43
57,4,45
6,4,32
49,7,47
25,4,43
35,16,63
8,22,58
59,2,41
55,15,59
36,7,49
10,19,55
23,3,36
6,22,49
50,3,41
2,5,32
0,22,55
35,6,47
35,11,54
9,17,43
23,8,50
55,9,51
18,14,63
12,2,30
15,0,28
21,10,52
24,5,47
15,5,34
32,0,35
4,17,46
22,4,36
15,13,49
21,1,31
35,13,57
36,10,52
63,11,57
21,7,43
3,23,54
38,12,53
5,23,53
32,0,38
7,21,50
15,18,61
23,10,59
50,5,43
32,9,55
33,7,48
18,8,40
28,8,57
27,3,46
34,15,62
28,0,37
3,21,51
19,11,54
47,21,59
10,2,28
37,8,48
10,21,58
13,0,28
2,3,29
32,8,53
5,10,39
57,6,48
7,14,44
59,10,54
58,0,38
54,19,58
52,12,54
13,21,60
10,18,46
49,1,39
10,21,59
26,4,45
62,7,51
40,7,45
41,8,46
6,23,59
59,8,50
3,11,40
51,22,59
58,5,46
29,6,49
9,1,28
43,9,48
8,7,34
19,5,38
57,1,40
54,11,52
10,10,39
0,20,50
38,14,57
26,3,41
33,10,55
45,19,58
41,18,62
28,1,41
11,3,30
12,5,34
27,0,37
51,17,57
1,23,55
30,2,41
40,15,57
25,9,58
59,14,58
4,9,38
60,16,63
47,8,46
26,4,48
47,22,59
28,13,63
21,13,63
57,19,63
8,16,44
24,0,32
20,11,55
48,21,58
43,6,45
16,16,61
5,3,29
31,5,47
37,0,36
27,9,58
29,8,55
48,11,50
20,14,63
17,3,33
11,6,33
54,18,58
17,7,38
10,19,46
38,8,47
46,11,51
59,6,47
9,16,45
61,13,58
8,20,49
15,5,35
46,19,56
10,12,42
8,13,43
56,19,62
62,12,56
48,12,53
4,2,28
24,4,42
19,9,48
34,5,47
13,19,58
5,21,54
48,7,46
13,20,60
25,6,48
51,11,51
55,19,63
21,8,50
54,21,61
23,9,55
27,1,37
61,14,59
57,13,57
23,6,46
6,22,52
13,10,40
48,1,39
5,20,46
40,12,52
61,9,53
12,11,41
37,11,53
50,5,44
56,7,49
1,19,48
62,4,45
9,18,50
63,5,49
61,11,56
6,17,45
27,3,45
29,12,63
45,15,56
13,5,33
40,10,49
44,17,56
48,18,56
37,4,43
61,1,41
2,9,38
46,13,53
47,13,54
1,20,51
1,0,25
24,3,41
56,10,52
17,10,42
14,15,55
21,6,39
63,7,52
7,9,37
22,4,38
41,16,60
9,20,47
45,22,62
42,13,54
62,16,62
61,8,50
1,8,36
59,7,48
41,0,37
55,5,45
13,1,29
20,0,29
52,23,60
9,8,37
17,1,29
21,7,46
36,5,45
19,8,43
18,4,35
56,18,63
20,6,38
4,1,27
6,14,42
48,15,55
46,4,41
38,15,59
40,2,39
2,22,53
18,14,60
8,20,55
21,9,52
17,0,27
33,10,54
53,8,48
49,3,42
19,4,36
57,12,55
22,4,37
47,3,41
20,10,50
37,3,40
4,20,48
30,4,47
12,14,46
6,11,39
41,15,57
52,13,55
38,5,43
12,5,33
56,4,45
45,18,56
8,20,51
1,7,34
11,10,39
17,11,47
43,12,52
30,10,58
2,17,48
25,2,36
11,14,44
21,11,59
53,14,55
48,21,56
14,10,42
13,21,61
27,3,43
29,0,37
30,3,45
22,7,45
33,8,51
26,9,58
22,10,60
38,15,58
21,11,58
2,14,44
50,8,48
53,23,59
14,4,33
38,7,47
60,14,58
36,14,60
24,4,44
63,3,46
5,12,40
17,2,31
25,7,52
30,5,48
26,5,50
39,13,54
28,2,43
11,17,49
20,10,49
12,1,29
9,18,44
9,4,30
37,9,51
53,14,56
33,12,57
14,16,58
44,16,56
15,7,36
39,10,51
26,5,48
27,4,47
17,6,36
40,16,58
2,1,28
5,21,53
26,4,44
24,1,34
41,3,41
21,3,36
44,5,44
31,0,38
9,5,32
1,11,39
46,21,58
45,5,43
8,10,39
28,3,45
7,22,58
27,2,43
22,7,49
53,20,58
16,6,37
36,10,51
27,1,38
8,21,48
39,15,60
9,22,61
32,8,51
41,11,50
62,15,61
56,18,59
25,11,63
48,22,59
47,23,60
16,9,39
5,0,26
44,1,38
27,11,62
19,4,35
31,6,48
58,13,56
35,5,45
15,11,43
36,6,47
50,10,50
17,11,46
33,6,49
41,6,44
39,9,50
52,8,47
51,15,57
3,13,41
9,0,27
23,6,43
58,18,62
32,9,53
62,6,50
57,0,40
4,16,44
53,1,38
0,4,32
32,10,54
15,17,60
38,11,53
19,8,42
13,13,45
7,2,29
47,8,47
15,8,37
15,17,63
62,11,57
50,20,58
7,22,48
56,3,43
27,4,49
34,9,54
26,1,36
62,9,52
19,9,46
41,9,47
61,5,46
16,0,27
39,1,38
24,2,38
11,16,48
8,21,46
22,6,42
39,13,55
31,12,60
19,6,38
51,1,39
33,2,41
49,3,40
9,19,52
27,0,33
32,1,39
60,2,43
55,2,40
46,0,36
11,0,27
36,16,62
27,0,35
15,7,37
7,20,55
49,11,51
9,18,51
20,9,47
48,12,51
12,21,63
26,0,35
55,22,63
30,6,50
33,0,35
47,6,44
10,17,47
24,6,50
7,22,56
45,8,46
14,15,53
61,13,57
18,13,61
44,4,42
27,6,51
39,14,55
42,3,39
6,18,46
40,5,43
1,3,30
13,9,38
22,10,59
9,9,37
24,9,60
50,14,54
44,17,58
3,2,28
14,3,30
27,6,53
45,10,50
21,10,53
17,5,34
53,0,38
59,5,46
1,12,41
21,6,41
25,7,54
52,9,48
1,5,32
37,10,51
48,4,42
42,2,40
30,0,36
46,5,44
55,20,61
48,8,48
49,2,40
18,12,57
10,22,60
6,21,55
53,2,41
8,21,57
53,22,61
2,16,46
14,10,41
21,12,62
11,18,57
0,11,40
3,22,53
39,10,49
57,11,53
60,3,43
36,11,54
13,16,56
63,8,52
27,8,57
22,1,31
22,7,47
19,10,47
3,12,40
26,8,57
21,12,59
28,2,39
43,13,54
12,20,59
50,22,59
46,0,37
60,16,62
14,2,31
49,8,47
20,8,47
1,17,47
18,9,44
15,3,32
33,8,50
48,22,60
42,8,46
11,22,62
35,2,41
61,2,43
28,2,44
24,2,37
31,4,45
58,0,39
44,14,54
15,13,48
22,10,58
54,14,56
16,16,63
10,15,45
21,13,62
25,9,60
8,1,28
43,5,43
53,7,47
11,15,47
7,18,44
10,7,35
41,6,45
26,10,60
18,14,58
0,15,47
61,1,43
45,20,57
40,17,60
0,19,48
24,10,62
34,10,54
3,8,36
30,2,43
1,20,48
14,17,57
11,8,36
52,6,46
1,15,44
38,2,39
12,6,34
26,5,47
14,5,35
17,9,43
9,19,44
36,10,54
5,22,53
13,20,63
44,20,59
17,3,32
6,7,35
19,3,33
57,3,44
33,9,52
56,19,63
24,8,54
16,7,38
10,18,52
45,7,45
3,10,38
48,6,44
42,15,56
56,12,55
15,1,30
25,4,44
49,6,44
31,2,42
10,1,28
33,0,36
1,13,42
15,19,61
2,9,37
12,15,51
18,1,30
14,14,52
46,6,44
30,10,59
51,10,50
12,16,49
19,13,63
37,8,50
42,14,56
48,1,37
16,14,54
20,5,36
11,5,33
0,1,28
44,14,53
34,8,49
22,0,31
14,8,37
42,9,47
11,19,57
52,11,51
43,16,57
42,15,55
19,13,58
43,6,44
48,14,54
50,4,42
35,9,50
12,0,26
16,14,56
39,2,38
13,15,49
8,21,49
56,5,46
1,15,46
40,8,48
8,3,31
33,1,39
47,10,50
61,5,47
10,20,46
11,16,52
30,2,42
12,18,58
32,14,63
50,1,39
26,7,56
0,15,46
25,1,36
62,4,46
12,14,47
13,7,36
39,17,63
59,11,54
8,21,50
8,19,54
14,15,52
17,10,47
33,5,45
41,4,42
29,5,48
14,10,40
17,2,32
53,10,50
6,6,33
5,2,29
25,1,35
22,6,43
17,9,44
2,1,26
41,14,54
13,4,32
11,15,46
39,5,43
15,20,61
21,10,57
55,8,49
22,5,40
1,6,33
48,3,41
50,12,52
50,14,55
49,4,42
16,7,37
7,7,34
19,11,52
12,3,31
52,4,42
12,20,57
5,16,45
20,11,52
23,7,52
39,2,39
12,4,32
16,12,48
14,0,26
15,10,43
2,19,48
12,15,46
38,1,39
15,17,58
11,23,62
41,0,35
59,0,39
47,15,55
39,11,53
40,17,62
44,13,53
1,22,54
50,7,46
9,13,42
45,6,44
32,10,56
57,17,62
49,3,41
51,8,47
17,13,52
9,1,27
21,6,40
30,11,59
14,18,61
48,3,40
38,4,42
62,10,54
44,11,50
13,23,59
9,7,34
4,5,31
25,7,56
60,2,44
13,9,40
59,16,63
10,19,52
47,22,61
18,13,56
19,10,50
8,10,38
33,9,53
12,10,40
58,8,49
51,4,43
32,4,44
32,3,43
50,10,51
16,1,30
20,13,62
52,18,58
32,8,52
3,16,45
1,6,34
0,12,42
14,14,51
46,7,45
3,3,30
34,12,57
39,17,62
15,15,59
56,7,47
4,18,47
31,4,46
44,9,47
24,6,47
17,8,41
18,11,47
4,20,46
42,13,52
24,9,56
44,12,52
16,11,43
16,13,51
14,13,49
45,20,59
40,11,50
46,9,47
59,13,58
8,20,44
54,22,63
11,7,36
21,0,30
42,5,42
23,7,50
12,16,53
46,7,46
14,19,63
0,18,48
21,12,63
30,8,56
46,3,41
19,12,57
36,12,55
53,22,59
5,3,30
31,11,58
48,2,40
42,19,61
45,3,41
39,15,59
15,2,29
63,7,50
38,6,46
19,10,48
60,13,59
52,2,39
25,3,39
58,12,56
49,12,53
57,9,51
14,6,36
30,3,44
3,20,48
46,6,45
44,10,49
20,7,40
37,15,60
1,0,26
26,6,53
34,4,43
25,1,37
53,22,62
27,0,36
14,2,29
46,20,57
59,13,56
22,5,42
12,9,39
51,14,54
14,11,44
42,9,49
13,1,27
19,5,35
45,14,53
26,8,58
14,17,58
60,7,50
40,17,61
4,11,39
10,22,63
5,9,38
32,11,59
39,12,54
46,4,42
25,6,51
3,6,33
48,1,38
4,13,41
58,9,51
59,10,53
13,17,57
43,16,56
63,15,63
52,12,52
16,12,50
23,4,38
11,6,35
17,10,43
30,1,40
45,18,57
21,3,35
27,5,49
31,0,35
60,8,50
45,21,60
52,6,45
7,21,49
45,1,38
12,11,42
34,4,45
38,17,62
50,10,49
7,21,45
11,17,47
59,1,42
4,10,38
4,9,37
62,8,53
21,9,53
35,10,52
62,14,60
36,14,61
53,15,57
46,11,50
9,9,38
20,11,53
8,3,29
25,5,49
31,10,57
27,4,46
2,8,35
23,4,40
38,12,55
45,14,55
5,5,33
4,5,32
43,0,37
38,15,60
0,8,37
0,1,27
26,5,49
30,0,34
5,22,49
47,14,54
9,21,59
55,0,38
2,16,45
34,3,42
60,6,47
48,5,44
58,6,48
60,11,54
35,13,59
54,17,58
41,17,60
15,10,40
35,14,59
26,6,52
45,9,47
15,12,49
56,20,63
51,2,41
21,10,58
14,3,31
23,11,63
53,18,58
45,15,55
33,12,60
3,20,49
5,23,57
36,13,57
51,21,58
0,0,26
52,23,62
59,4,44
18,9,42
37,5,43
40,2,38
24,2,35
19,3,32
8,20,54
28,10,58
32,13,62
31,3,43
33,11,56
16,12,47
6,11,40
28,5,48
25,6,49
21,7,45
14,17,59
28,3,43
43,15,56
23,7,51
11,18,54
62,1,41
25,3,40
26,5,46
9,5,33
63,0,42
18,13,53
1,14,43
44,20,63
26,5,51
29,2,42
1,20,50
11,5,34
55,10,51
32,1,40
9,10,38
3,5,31
50,6,46
46,2,38
4,7,34
53,14,57
14,13,48
48,13,54
11,12,42
43,2,38
29,0,38
11,11,41
10,1,27
59,17,62
19,2,32
33,11,57
11,11,40
11,2,30
58,9,52
5,9,37
52,18,57
29,9,57
13,10,41
9,18,48
7,18,45
15,11,45
9,21,48
43,2,40
15,16,57
39,2,40
1,9,37
56,11,52
15,4,34
21,5,38
20,13,60
16,9,40
35,11,56
38,3,41
52,9,50
4,21,49
41,10,49
50,2,40
35,3,43
14,20,61
13,21,59
56,11,54
6,6,34
56,2,41
24,11,63
9,3,31
20,9,50
60,13,57
19,9,44
54,12,53
32,7,51
38,10,50
59,2,42
39,3,41
63,3,44
2,23,56
47,2,40
54,15,57
61,3,45
18,2,32
53,13,54
2,21,51
18,10,46
42,17,58
5,21,52
24,7,51
45,4,42
15,15,56
3,12,41
27,11,61
5,22,52
48,8,47
22,4,39
5,14,42
54,13,55
15,11,42
43,3,41
60,1,40
38,15,61
9,21,58
36,3,41
24,9,58
43,14,55
61,2,42
13,15,51
10,10,38
51,19,58
54,21,62
26,2,39
28,5,51
29,1,37
46,14,54
49,22,59
36,9,51
14,3,32
29,12,62
28,9,57
50,3,42
61,17,63
54,21,59
27,5,48
17,12,53
14,0,27
63,4,47
38,0,36
26,1,35
34,11,55
6,12,40
42,10,50
11,15,48
20,12,57
10,19,47
7,20,52
24,0,31
2,8,36
35,3,42
20,3,34
14,11,43
24,7,52
37,12,54
10,19,53
56,16,61
2,21,53
54,12,54
0,3,29
47,9,47
12,17,54
7,3,29
60,12,55
30,7,51
56,0,38
51,23,59
55,13,55
61,0,41
30,0,39
15,4,33
34,0,36
55,20,60
13,4,31
24,8,56
36,2,40
51,3,42
20,10,56
6,4,31
16,13,50
12,21,61
50,11,50
27,8,55
8,18,44
13,21,62
22,0,29
0,1,26
4,12,40
9,15,44
33,1,38
21,11,56
18,15,62
4,5,33
10,16,46
47,12,51
0,23,56
3,21,50
51,13,54
44,21,60
10,4,31
51,9,48
15,12,45
8,5,32
0,14,45
6,5,33
24,8,55
22,0,30
5,2,28
23,4,42
26,0,32
55,2,41
12,8,38
26,3,44
56,13,55
18,1,31
22,12,61
41,2,39
2,22,54
9,18,49
12,16,51
12,8,37
47,20,56
14,13,45
25,11,62
8,7,35
20,2,31
56,18,61
46,22,59
53,1,40
50,7,45
48,16,56
29,5,51
2,21,52
8,18,43
44,18,60
30,13,62
27,10,60
18,11,51
53,3,41
35,10,54
26,12,62
29,7,54
48,0,37
34,14,63
45,10,49
16,13,53
13,3,31
10,13,43
14,2,30
33,13,60
30,3,43
31,1,41
38,13,57
21,2,34
62,10,55
35,2,40
30,10,57
17,9,42
18,7,40
2,4,31
28,3,46
50,8,47
36,3,42
10,9,38
30,11,61
46,8,46
15,4,32
55,14,57
36,5,44
43,15,55
53,4,44
16,13,52
15,18,62
26,11,63
5,22,56
49,18,56
33,5,46
0,16,47
30,6,51
23,5,40
42,20,63
61,14,60
50,12,53
13,0,27
11,8,37
59,14,59
7,20,50
41,13,54
11,15,45
58,10,52
56,6,46
6,12,41
30,0,38
8,4,30
44,19,60
21,3,34
0,14,43
50,11,51
32,7,52
14,20,63
53,23,62
17,13,56
14,15,51
45,21,63
56,18,62
58,17,63
54,13,54
6,2,28
40,5,44
55,21,63
55,8,48
49,0,36
11,17,51
53,5,45
5,16,44
19,11,50
46,9,48
52,21,59
30,0,35
39,18,63
28,10,60
46,13,54
41,13,55
20,7,45
44,20,60
2,9,36
38,4,41
14,12,43
12,20,58
0,20,48
43,17,58
20,11,56
21,4,35
1,4,30
18,13,58
40,10,50
18,4,34
40,18,62
12,19,58
20,2,32
0,7,34
16,3,31
5,21,49
9,3,30
57,18,62
12,21,60
19,8,44
17,10,45
17,9,41
13,16,54
28,11,61
49,7,45
61,4,46
52,7,46
9,11,40
49,14,55
57,12,54
0,20,49
12,11,40
3,16,47
14,18,62
6,3,29
24,12,63
45,21,62
18,6,37
47,21,58
49,9,49
63,16,63
24,10,61
10,17,49
37,2,40
57,16,59
23,5,45
55,8,50
19,11,53
16,11,46
24,3,40
11,13,43
15,9,40
30,9,57
36,11,53
3,23,55
58,16,60
3,19,48
16,16,60
21,2,32
56,8,48
57,6,46
29,3,43
28,1,37
14,13,47
54,10,50
57,16,60
9,6,34
35,5,46
8,19,50
25,1,33
22,9,50
29,2,39
29,10,60
10,18,50
22,7,48
31,13,61
47,14,55
2,6,34
49,0,37
56,17,60
20,7,41
15,12,47
9,12,42
41,18,61
13,8,37
21,1,32
41,19,63
36,14,59
21,9,48
28,1,40
39,7,45
6,4,30
13,21,63
35,9,52
19,9,47
16,8,40
17,16,60
32,9,54
13,2,30
25,3,38
29,1,41
39,10,50
56,0,39
7,5,33
15,14,53
28,8,55
8,4,31
4,0,26
56,2,42
16,17,60
3,6,34
38,3,40
18,9,46
23,5,41
4,23,53
21,10,56
6,3,30
25,3,42
51,19,57
5,0,25
20,10,54
55,15,57
5,17,45
53,15,58
58,5,45
14,14,53
1,14,45
3,12,42
53,0,37
20,10,53
29,0,35
4,6,34
47,1,39
11,21,58
33,7,49
50,0,37
15,17,61
63,14,61
11,19,56
63,10,55
14,5,34
50,19,57
43,5,42
49,8,48
35,4,44
57,10,53
6,15,44
60,11,56
54,2,41
37,16,62
25,8,58
10,11,40
43,1,38
32,3,44
48,9,49
0,20,51
6,20,47
39,17,61
62,13,59
31,3,44
22,7,44
32,0,36
9,17,45
40,14,56
17,7,37
20,13,63
10,15,46
57,13,55
4,20,49
42,1,38
35,1,38
19,7,42
8,6,34
59,0,40
31,2,43
29,10,58
28,4,49
17,14,58
58,16,61
4,23,54
13,14,47
41,12,51
58,14,58
28,5,50
52,13,53
61,10,53
29,7,53
10,9,37
3,18,47
25,2,38
41,16,59
10,11,41
32,6,47
14,16,56
56,16,59
8,21,56
14,7,36
56,11,53
49,17,57
54,2,40
49,13,54
54,1,40
21,9,51
40,13,53
45,1,37
3,1,26
33,0,38
8,16,43
59,16,61
58,4,45
13,19,62
29,6,50
52,22,58
30,12,63
13,17,58
51,22,58
62,14,61
43,20,63
44,4,41
22,11,60
1,1,26
43,10,48
3,9,38
12,15,48
5,22,50
21,8,46
63,3,45
40,12,54
21,11,57
57,16,61
18,8,41
53,3,42
35,14,62
3,7,35
10,4,32
40,0,37
32,2,40
43,4,42
25,10,61
51,14,56
32,12,59
51,5,43
49,15,55
36,15,63
10,17,52
21,8,48
44,5,43
19,13,62
16,10,41
19,5,36
48,17,56
0,22,56
10,6,35
0,7,35
0,23,57
23,7,49
42,0,36
63,15,61
47,13,52
63,0,40
33,12,59
17,12,49
53,13,55
5,11,40
20,13,61
39,7,46
17,11,45
35,5,44
21,9,55
35,12,56
6,22,58
12,18,56
45,12,52
4,3,30
9,19,47
6,23,51
1,8,37
25,10,60
44,17,57
17,16,63
55,9,50
2,3,30
51,8,48
55,20,62
16,15,60
37,6,46
58,2,41
14,20,60
20,0,30
48,15,56
30,1,39
42,18,62
22,9,56
41,7,46
33,4,44
2,10,38
22,12,63
31,14,63
28,12,63
7,12,41
32,4,45
59,9,51
52,1,40
44,0,36
4,4,31
28,5,49
42,17,60
51,0,37
46,10,50
21,9,54
62,5,48
50,17,56
40,15,59
24,9,57
6,16,44
25,7,50
5,23,54
2,20,48
51,13,53
63,11,56
22,12,60
46,21,57
23,10,58
3,4,32
57,1,41
7,20,53
4,0,25
63,15,62
26,3,42
42,2,38
14,15,56
62,7,50
14,14,47
14,18,58
14,18,59
2,8,37
2,13,43
36,6,45
14,12,44
59,16,62
34,10,55
13,6,35
0,17,47
38,13,55
16,10,42
56,9,50
47,5,44
44,13,52
11,14,45
45,8,47
63,7,51
45,3,40
12,2,29
34,14,60
23,6,45
56,9,51
15,15,58
27,2,39
63,9,53
31,13,62
11,6,34
11,17,53
54,9,49
27,2,41
3,8,35
58,15,59
10,20,47
8,6,33
6,23,50
36,14,58
53,20,59
5,6,34
26,7,55
29,3,44
5,6,33
5,23,59
19,1,30
4,12,41
23,3,39
4,22,51
33,14,63
5,23,58
4,18,46
22,11,59
6,22,56
60,6,49
3,9,37
19,9,45
31,12,62
24,8,52
46,22,62
49,22,58
27,7,55
31,3,42
11,21,61
8,0,25
9,20,49
53,7,46
20,7,43
63,4,46
4,17,47
47,5,42
26,3,45
48,20,57
4,3,29
53,10,51
21,5,37
10,17,51
4,8,36
14,19,61
51,7,47
21,8,47
22,11,62
56,8,49
7,23,59
44,7,45
14,8,38
20,10,51
62,11,55
31,3,45
12,7,36
7,9,36
30,4,46
11,2,29
46,20,58
17,5,36
6,13,42
20,6,42
12,21,59
50,21,58
25,6,50
30,5,49
34,9,52
60,11,55
41,12,52
2,22,52
16,2,31
0,11,41
11,4,31
8,5,33
9,19,43
14,19,59
38,16,61
13,17,55
12,8,36
31,12,59
29,5,50
51,0,36
8,8,37
23,8,53
58,18,63
13,11,42
3,22,50
56,14,57
38,1,38
1,5,33
15,12,46
58,7,49
20,6,39
40,1,37
10,8,37
1,11,41
33,7,51
37,2,39
3,5,33
58,0,40
2,1,27
14,19,62
25,3,43
63,1,42
8,11,39
12,22,59
41,2,38
25,9,57
15,20,60
3,23,52
19,11,51
14,14,49
21,12,61
46,20,56
24,11,62
36,8,48
60,0,39
13,14,49
52,14,56
8,19,51
41,1,38
53,9,49
56,14,58
40,8,47
8,2,29
55,12,53
10,13,42
59,9,52
37,9,49
0,10,39
34,5,46
24,9,59
53,5,44
6,22,48
46,21,60
0,22,54
22,1,33
34,6,48
51,10,51
44,6,44
48,23,59
62,1,43
42,19,62
60,9,51
13,18,57
14,16,55
52,17,57
42,4,41
54,18,57
7,17,45
49,23,59
6,0,26
23,9,56
7,8,35
18,12,53
25,4,41
35,13,60
42,3,40
35,9,53
11,23,60
40,0,35
31,0,39
9,21,47
9,10,39
19,11,55
35,8,49
42,19,63
62,9,54
57,18,63
31,11,60
37,10,52
7,2,28
52,7,47
2,20,49
21,11,61
17,2,30
9,20,50
42,11,50
7,20,54
13,12,42
34,9,51
12,14,48
56,1,39
44,2,38
52,1,39
60,17,63
41,14,55
49,19,57
41,7,45
26,9,60
8,3,30
13,6,36
16,0,29
54,6,46
10,16,48
59,4,45
32,0,37
23,9,58
24,4,39
43,18,59
24,5,43
44,21,61
21,0,31
6,22,57
5,23,55
5,1,28
53,8,47
34,12,58
6,8,35
16,15,56
9,18,43
22,10,57
10,3,30
62,0,40
58,17,61
49,12,51
63,12,59
1,3,29
59,12,55
15,12,48
54,8,49
38,16,62
61,7,51
52,8,48
8,12,41
40,5,42
17,15,60
34,13,60
51,15,56
12,12,43
23,10,60
39,6,45
20,1,30
18,13,57
57,11,54
22,11,63
57,4,44
0,0,25
19,6,40
22,2,35
35,4,43
17,13,55
20,8,43
7,0,26
43,18,58
29,13,63
0,12,41
21,7,42
45,7,46
47,19,56
6,21,53
17,14,56
45,17,56
46,1,37
27,10,61
35,7,49
8,14,43
55,19,60
42,4,42
49,21,57
24,3,38
9,20,54
13,13,46
30,3,46
38,12,54
11,10,40
58,14,57
14,17,56
18,11,53
9,23,63
13,11,41
20,13,59
14,5,33
26,4,43
2,22,51
14,12,46
27,7,53
3,14,43
5,19,46
4,21,48
10,19,57
10,16,45
41,5,44
4,8,35
16,3,33
18,12,52
11,17,55
6,0,25
54,3,41
14,7,37
13,7,37
48,2,39
13,10,39
44,3,41
20,5,39
30,8,54
45,12,51
29,8,53
59,18,63
29,4,48
5,1,26
43,21,63
12,7,37
9,3,29
42,5,44
31,6,51
61,16,62
60,10,53
6,21,54
42,16,58
47,16,56
39,4,41
23,6,48
5,22,48
27,1,36
43,9,47
9,14,43
10,16,49
57,13,56
18,11,52
0,6,34
26,0,34
38,11,52
25,3,41
50,1,38
60,8,51
10,12,41
48,7,45
10,3,31
45,19,57
54,20,58
7,21,55
62,14,59
2,11,39
27,2,42
29,6,52
44,21,62
35,15,61
9,18,53
30,9,56
39,1,37
54,15,58
20,3,33
26,4,47
40,11,51
15,13,46
56,12,54
18,12,56
36,12,57
47,11,50
21,12,60
14,9,40
55,6,47
38,5,44
24,5,42
47,5,43
55,21,60
11,21,59
9,20,58
25,5,46
10,22,62
31,6,49
52,15,57
61,14,61
33,13,59
45,6,43
44,18,56
43,11,51
6,18,45
2,0,26
19,2,31
5,22,55
3,23,53
33,3,42
63,5,48
24,5,44
4,20,47
51,0,38
15,18,59
28,11,62
12,18,57
23,3,38
34,6,46
32,11,57
4,10,39
2,5,33
10,19,54
27,12,62
51,10,49
54,13,56
3,22,52
45,20,58
54,20,59
24,2,36
15,10,41
13,1,28
43,13,52
9,21,57
36,7,47
6,21,50
12,9,38
18,7,39
27,6,54
16,15,61
5,21,48
27,3,42
60,4,46
20,2,33
56,17,61
61,1,42
16,8,39
26,10,61
3,3,29
39,5,44
25,0,32
51,6,45
63,0,41
8,8,35
47,13,53
34,2,40
10,0,26
48,0,36
31,5,48
10,18,53
0,20,52
12,17,55
47,15,56
4,4,32
5,20,47
37,7,47
41,18,63
37,16,63
13,15,52
29,2,44
57,7,49
61,12,58
29,5,49
50,23,60
33,11,58
59,3,43
60,12,56
12,14,44
47,18,56
58,11,53
15,11,44
55,18,60
31,5,46
35,7,47
20,6,41
6,14,43
7,16,44
2,21,50
55,13,56
53,12,53
5,14,43
44,15,56
23,8,49
63,2,43
29,11,60
47,2,39
55,10,52
21,4,38
49,14,54
8,0,27
26,6,50
15,2,30
37,15,59
23,7,47
16,9,41
45,22,61
23,2,33
51,6,44
17,13,53
26,11,61
7,22,57
10,8,36
8,12,40
19,11,56
40,6,44
37,13,56
5,22,51
9,20,48
24,7,50
6,23,57
40,13,54
7,20,45
20,12,59
34,0,38
18,11,50
33,2,40
45,2,39
29,3,46
38,17,63
60,7,49
53,9,50
58,8,50
34,1,38
41,3,40
8,1,27
61,8,52
26,1,38
35,0,37
43,19,61
20,10,52
23,1,34
17,5,35
34,15,63
42,16,57
18,3,34
41,5,42
47,0,36
55,1,40
61,10,55
52,1,38
44,19,58
29,11,61
60,12,57
7,21,56
12,16,50
24,4,43
50,15,57
10,0,27
7,5,32
13,20,61
8,22,60
44,2,39
22,8,47
36,0,37
16,9,42
13,16,52
29,7,52
10,15,44
55,18,61
19,13,59
20,12,60
37,14,58
22,8,51
49,5,44
13,12,44
56,8,50
51,20,58
27,9,59
13,15,48
17,12,54
4,6,33
35,12,58
25,7,55
7,6,33
8,11,40
15,14,51
53,6,46
20,5,38
7,21,57
16,14,57
9,4,31
2,17,47
55,0,39
34,8,51
56,3,42
39,8,48
7,8,36
28,2,42
23,8,54
57,3,43
3,21,49
33,3,43
2,23,54
28,6,53
56,14,56
1,21,52
31,10,58
20,14,62
63,12,58
16,14,59
3,17,46
20,12,61
35,6,48
21,10,51
27,6,50
50,3,40
61,15,60
52,9,49
33,5,47
17,6,38
35,0,36
52,12,53
34,7,50
3,2,29
42,12,51
47,7,45
17,15,63
29,11,59
2,7,34
46,23,63
17,12,48
26,11,62
43,18,61
9,20,44
18,14,62
56,7,48
3,10,39
17,13,58
49,5,43
4,22,52
49,12,52
31,1,38
39,12,53
57,9,50
35,10,53
16,10,45
39,15,57
11,18,55
11,5,32
0,19,49
11,12,41
31,6,50
21,9,50
42,9,48
4,14,44
16,10,43
35,9,51
2,23,55
55,15,58
2,15,46
58,14,59
0,6,33
33,10,56
10,5,32
35,11,55
14,4,32
22,10,56
9,12,40
22,9,52
1,23,56
50,9,49
15,3,31
9,22,59
25,0,33
12,23,59
15,15,55
47,22,58
7,13,41
7,23,61
10,23,60
60,8,52
40,6,45
54,17,59
6,21,56
58,12,54
16,6,35
11,18,52
61,4,45
8,14,44
6,23,56
11,22,59
17,15,61
30,5,47
26,3,43
25,2,37
25,0,34
2,13,42
33,13,62
35,14,61
10,18,51
20,11,58
37,9,50
14,14,50
14,18,63
23,5,43
8,4,32
32,2,41
59,7,49
15,18,60
45,21,57
49,23,60
11,16,49
6,9,36
24,6,46
3,16,46
37,5,44
56,6,47
25,4,42
2,6,33
56,17,62
62,6,48
27,5,50
60,9,52
17,8,39
20,5,37
58,1,41
31,7,52
1,20,49
5,10,38
46,13,52
27,4,45
57,14,57
6,19,46
52,3,41
16,16,62
22,1,32
3,0,25
16,10,44
26,2,37
39,9,48
50,6,45
40,7,46
21,8,45
8,14,42
46,9,49
8,20,46
38,8,49
36,7,48
61,0,40
28,9,58
54,3,43
40,14,55
40,8,46
61,13,59
11,21,62
15,14,50
29,12,61
39,11,52
17,10,44
5,23,51
21,6,43
33,0,37
15,2,31
39,16,59
37,16,61
8,21,47
0,3,30
9,19,55
25,9,59
8,9,38
17,1,30
17,11,49
8,13,42
12,1,28
22,9,53
36,12,56
12,22,60
17,8,38
1,11,40
19,14,62
24,7,53
1,1,28
27,3,44
22,3,36
20,3,35
15,0,27
42,16,59
8,20,45
60,4,45
22,9,51
26,2,41
22,6,46
20,6,40
13,15,50
30,6,52
10,22,59
0,10,40
3,22,54
57,10,51
23,8,52
10,17,46
53,15,56
40,13,55
26,6,48
62,13,60
57,12,56
62,2,43
23,5,44
55,3,43
15,19,60
41,15,58
0,13,42
53,6,45
53,11,52
34,0,35
3,18,48
11,9,38
62,3,45
45,2,38
19,10,51
63,1,43
38,6,44
48,22,58
53,11,53
0,20,53
18,15,63
40,16,60
58,13,57
13,2,29
59,17,63
33,8,52
16,6,36
26,10,59
48,23,60
22,7,46
47,21,57
55,9,49
8,21,55
0,8,36
6,13,41
7,19,45
42,17,59
61,9,52
31,8,53
22,2,33
23,0,31
50,13,53
13,15,53
46,15,56
18,12,55
11,13,42
31,4,47
32,13,63
36,9,52
52,2,41
24,3,39
51,5,44
54,0,39
22,6,45
13,13,47
34,3,43
6,21,46
18,14,61
11,22,63
28,5,47
58,4,44
16,7,36
42,12,52
9,7,36
0,2,29
36,1,39
41,1,37
4,9,36
63,14,62
58,12,55
49,13,53
30,9,55
53,1,39
43,15,57
44,12,51
26,4,46
21,7,44
9,20,45
9,13,43
10,18,47
28,10,59
20,8,46
3,4,30
19,12,54
27,1,39
19,0,30
60,0,40
34,11,56
45,14,54
20,12,62
48,8,46
57,3,42
11,21,63
40,9,49
5,8,36
44,7,46
51,12,53
55,4,43
28,12,62
13,4,33
10,20,57
25,8,55
15,12,44
17,16,61
38,6,45
15,17,62
39,4,43
7,20,51
40,19,63
40,4,41
13,14,50
46,18,56
22,5,41
13,16,53
41,10,50
14,6,35
43,12,51
63,10,56
15,16,59
42,12,53
17,8,42
21,6,44
28,9,56
43,7,46
51,11,52
11,17,54
10,7,36
12,13,44
11,7,35
14,16,54
17,12,52
46,2,39
50,2,39
17,13,54
5,8,35
12,16,54
17,16,62
39,11,51
19,7,39
5,4,32
20,8,45
28,7,54
18,10,47
49,23,61
47,4,43
47,2,38
53,12,52
4,23,51
30,11,60
53,2,40
47,11,51
45,13,53
42,14,55
52,4,43
54,4,44
19,7,40
10,19,56
40,16,61
24,10,59
37,10,53
17,0,29
42,3,41
7,23,60
52,10,51
46,21,56
58,15,60
48,19,57
11,16,50
26,12,63
57,17,61
9,17,44
9,20,43
17,14,55
16,11,47
23,2,34
53,18,57
16,3,32
52,23,61
17,7,39
4,15,45
5,9,36
44,19,61
1,21,51
51,14,55
56,1,40
54,3,42
32,6,50
41,9,49
11,23,61
35,1,39
55,3,42
45,13,52
57,1,39
42,10,49
47,6,45
7,4,31
16,14,53
55,6,45
1,22,55
45,6,45
2,15,45
52,23,59
45,11,50
58,3,43
8,19,44
60,3,45
20,9,49
63,2,45
37,7,46
18,14,59
48,4,41
57,6,47
21,5,41
27,5,52
0,15,45
60,5,48
37,15,62
43,8,46
9,7,35
10,14,43
34,1,40
15,14,55
49,17,56
7,1,28
51,12,52
8,23,61
30,6,49
47,3,40
34,4,44
41,17,61
41,14,56
6,21,52
36,4,44
39,12,52
47,12,52
14,15,54
37,0,37
50,22,58
38,3,42
7,22,59
26,7,54
12,1,27
62,6,49
29,3,45
9,4,32
59,12,56
18,15,60
25,7,51
22,9,57
14,11,41
57,14,58
15,9,39
21,10,54
62,1,42
19,6,39
5,4,30
34,7,49
48,18,57
63,6,49
24,4,41
7,12,40
62,16,63
51,4,42
51,3,41
56,16,60
40,18,63
16,5,35
7,21,54
12,14,45
43,11,50
13,3,30
9,19,50
1,5,31
43,17,60
12,15,50
54,6,45
15,16,60
54,1,39
26,1,37
57,2,42
46,8,47
10,14,44
38,14,59
9,11,41
46,5,42
43,14,53
56,17,59
12,4,31
59,5,47
16,16,59
54,14,55
5,18,46
26,2,42
14,9,39
44,8,46
27,11,60
30,0,37
16,14,52
16,12,51
49,1,38
28,1,38
31,1,40
63,12,57
26,6,51
9,23,61
28,2,40
15,9,41
40,16,59
31,9,54
48,21,57
23,9,57
55,1,39
7,21,53
19,0,29
12,12,41
27,1,40
11,4,32
4,18,45
