42,4,38
29,18,48
10,9,61
45,5,45
55,1,47
34,6,40
51,5,50
62,6,63
35,0,31
11,1,45
46,3,42
1,2,58
51,12,62
12,3,49
14,0,41
16,2,43
40,11,37
57,5,56
33,10,41
34,18,45
20,12,55
31,13,44
24,5,43
53,4,52
21,6,45
39,9,45
60,6,59
27,22,54
6,7,63
23,4,42
47,13,61
48,11,59
12,3,51
45,11,57
38,14,52
25,5,42
24,3,38
46,20,62
14,12,62
10,0,43
43,13,59
55,10,62
16,10,56
23,18,56
26,20,55
46,10,54
28,20,54
23,21,57
28,9,44
29,18,49
38,14,39
30,19,51
61,5,59
27,21,57
34,4,38
57,0,47
43,5,40
18,8,49
32,7,41
44,6,43
44,18,60
24,14,49
49,7,52
6,1,52
39,0,29
30,13,45
23,16,50
22,7,46
45,14,61
37,18,50
29,16,46
43,20,61
30,2,35
25,21,59
13,7,54
37,9,37
49,14,63
0,0,57
13,11,61
38,9,34
2,1,57
21,19,59
18,9,51
18,17,62
37,14,40
27,4,40
35,5,39
18,15,62
40,5,37
48,7,52
19,0,37
32,2,35
15,11,60
43,21,63
36,18,50
40,6,41
56,8,59
7,7,63
51,11,62
37,9,35
36,21,54
45,13,61
18,5,46
43,2,37
23,4,40
22,10,48
14,0,42
47,3,41
9,5,56
60,5,57
33,7,41
41,11,52
39,5,34
16,8,50
27,20,50
40,13,38
43,15,60
45,10,52
24,20,50
52,0,40
50,3,46
27,20,55
21,6,46
45,9,51
47,1,40
20,18,58
46,4,42
7,5,59
23,3,41
48,7,50
28,8,44
31,19,47
21,8,45
21,15,55
10,6,55
50,4,46
58,6,58
63,5,61
27,20,54
28,8,43
1,1,59
33,17,42
51,5,52
42,21,62
37,11,44
51,7,55
5,0,50
11,8,60
39,13,38
42,17,58
36,20,54
3,0,52
25,7,44
42,12,57
33,20,47
47,5,45
58,5,57
11,0,44
45,10,56
14,2,46
46,1,39
57,3,51
27,7,43
39,11,38
21,14,54
57,4,55
30,20,46
61,3,55
48,2,40
17,6,48
42,18,59
50,2,42
29,4,39
24,19,54
43,14,59
27,12,49
63,1,52
28,10,45
9,4,55
32,8,42
46,8,52
59,7,60
42,12,55
4,3,57
39,4,34
19,14,60
48,13,61
62,4,59
44,9,52
8,3,52
44,6,44
61,6,61
50,4,49
51,11,60
2,2,57
63,0,50
43,8,46
56,0,47
48,8,53
26,16,49
34,21,48
19,8,49
51,4,48
47,2,42
30,20,49
23,15,50
40,15,53
55,4,52
39,20,57
26,19,53
5,4,60
28,3,37
25,1,37
30,1,35
28,22,55
60,8,61
23,20,55
11,3,49
13,8,55
35,20,49
24,4,41
46,11,59
7,4,56
5,5,61
33,9,43
46,12,58
19,11,55
20,0,38
38,8,33
19,9,48
29,12,47
43,5,43
32,22,51
36,9,37
36,16,43
8,7,62
22,10,47
49,1,42
56,7,57
22,14,53
17,9,50
4,2,54
53,1,45
14,8,54
40,0,31
32,5,39
19,5,46
29,11,45
59,1,50
45,5,44
42,20,61
8,7,61
51,5,51
40,11,48
46,21,63
31,19,49
46,10,57
8,4,56
61,2,53
31,19,46
55,9,60
40,11,38
8,7,59
24,23,63
17,10,56
60,6,60
24,7,44
29,8,43
23,18,53
44,9,51
25,19,56
20,17,60
59,8,62
24,22,62
25,19,53
58,6,56
23,10,47
3,3,61
10,9,63
41,20,59
39,10,37
10,3,50
22,14,52
36,6,37
29,12,46
15,1,42
43,11,52
11,2,49
18,12,58
16,3,45
14,10,58
38,2,31
44,9,49
58,1,50
42,19,59
27,21,58
58,9,63
17,13,60
37,16,39
42,5,41
39,15,53
55,11,63
30,7,43
13,6,54
12,5,52
46,6,45
22,20,61
62,1,52
37,10,36
44,11,56
32,6,41
14,12,63
47,4,45
21,20,58
4,1,53
62,2,54
37,3,32
48,1,39
39,7,34
53,11,63
32,17,43
44,7,45
36,6,38
42,13,52
42,7,43
62,6,60
34,1,33
7,6,59
36,9,35
52,7,55
22,1,38
8,8,62
20,3,42
33,22,53
15,4,48
51,9,57
38,10,45
53,1,47
40,9,45
37,18,53
34,22,54
28,22,58
39,10,38
21,20,61
56,1,49
51,4,50
43,8,48
22,13,52
40,4,35
25,20,60
12,0,45
23,0,37
23,22,58
37,9,43
9,5,54
36,12,44
30,23,59
5,0,52
5,1,51
52,10,60
43,12,57
13,5,51
31,22,55
11,0,45
23,21,62
40,20,58
20,16,58
10,5,56
28,0,33
24,1,37
48,6,50
2,3,61
44,3,38
7,1,50
38,7,34
63,6,62
35,23,59
22,19,56
21,17,56
17,9,52
18,5,47
56,5,56
23,19,57
34,3,37
8,0,47
5,2,53
27,5,40
31,17,44
53,0,42
33,21,48
49,3,46
11,6,57
30,22,53
36,19,50
38,15,40
37,9,34
39,17,54
43,0,33
45,10,55
44,5,44
41,11,50
22,11,51
38,3,31
53,10,61
26,1,35
43,0,32
37,16,51
16,11,58
1,0,54
22,23,58
32,20,47
42,9,47
5,6,62
39,0,31
38,18,54
15,0,42
21,3,42
61,3,53
54,1,47
23,14,52
32,3,36
33,2,34
31,4,38
4,0,53
45,0,35
11,5,54
28,18,49
18,1,40
23,1,38
42,10,50
37,8,37
32,13,43
24,12,49
20,12,57
50,4,47
37,12,37
40,18,55
39,2,35
31,12,43
54,2,47
48,11,60
19,9,50
15,3,47
51,2,45
10,2,50
36,18,42
46,13,54
63,0,52
41,5,40
3,1,56
47,7,48
35,13,46
31,10,44
30,5,41
30,14,46
38,14,40
34,15,40
30,20,50
31,0,34
57,9,63
44,14,60
18,10,55
59,1,51
45,11,59
37,23,60
41,6,41
41,19,57
33,3,37
57,1,48
21,17,54
60,3,54
39,10,44
23,7,45
37,12,39
12,2,48
43,10,49
30,21,52
59,1,49
20,9,46
46,20,63
29,6,41
18,3,44
21,20,63
27,21,54
52,6,54
41,14,53
23,21,63
47,11,58
23,19,54
38,13,37
34,21,51
10,8,59
54,2,48
13,8,56
15,6,50
29,21,53
27,0,33
50,1,41
15,13,62
52,2,47
40,17,55
42,18,57
31,21,54
13,4,51
58,2,50
56,6,55
29,7,42
28,6,42
35,3,35
40,23,63
44,5,43
39,19,54
13,11,63
10,4,54
22,17,51
36,5,38
32,22,54
56,2,49
41,12,51
22,12,52
12,5,54
31,20,48
34,0,31
13,7,55
5,2,55
29,9,43
40,7,38
29,14,48
25,18,50
41,0,31
33,5,40
41,11,51
25,6,44
52,9,57
39,11,48
3,1,54
47,10,56
24,20,53
49,0,39
43,0,34
34,18,41
32,23,55
24,20,59
31,18,44
48,5,46
39,7,33
18,18,62
36,5,36
16,14,63
56,9,62
36,14,50
58,2,51
30,23,56
35,17,47
42,13,57
39,3,34
23,18,57
32,4,38
61,2,54
27,23,54
26,18,49
60,6,58
4,2,56
34,22,56
58,2,52
44,22,63
27,2,37
35,21,56
38,16,51
63,6,60
12,9,58
40,7,42
44,3,39
16,10,57
33,1,32
55,4,54
34,17,46
36,8,37
19,9,46
30,13,44
19,15,60
25,0,36
35,4,38
22,14,55
36,15,49
36,14,39
53,6,54
17,16,63
42,8,44
37,19,53
51,8,57
56,3,51
43,18,59
5,4,58
32,5,40
38,21,58
6,3,55
8,0,48
4,4,62
41,2,35
10,8,63
50,10,60
39,23,62
39,14,38
21,18,54
31,22,54
43,6,43
6,0,49
35,15,44
43,5,42
39,13,39
30,20,53
47,11,59
58,7,58
54,10,62
1,2,59
21,18,55
40,4,36
38,11,47
2,4,61
39,18,56
47,20,63
33,23,53
22,14,50
22,2,38
42,3,37
49,13,62
27,18,50
44,23,63
47,4,46
46,0,35
61,8,63
18,9,53
31,8,42
19,17,62
9,7,60
16,12,61
50,5,52
47,12,54
24,22,61
18,9,50
21,1,39
20,10,52
12,4,51
17,7,48
38,10,44
57,2,52
63,7,62
3,4,63
51,0,41
6,1,53
11,2,50
35,14,43
2,2,56
42,14,51
36,5,35
17,2,42
41,20,60
42,18,58
23,17,51
20,21,62
20,20,63
43,19,61
45,9,53
45,6,46
29,10,44
22,14,51
49,4,46
48,3,42
30,6,40
19,18,60
36,22,58
29,16,48
54,4,52
49,8,54
44,2,38
15,7,52
35,12,46
52,10,59
4,3,60
44,17,61
28,23,54
43,20,62
8,5,58
17,9,51
17,1,40
36,8,39
22,18,58
34,14,41
28,18,47
50,9,56
36,14,47
38,9,35
24,4,39
22,20,56
44,20,61
44,17,60
37,10,38
51,12,63
13,5,52
15,6,52
31,20,47
29,11,46
25,20,53
34,21,54
20,4,42
35,23,58
57,5,55
27,10,46
62,3,56
48,0,37
31,22,56
25,9,46
33,0,31
32,1,33
21,14,57
15,7,50
22,19,58
40,15,54
29,21,54
25,5,41
49,5,47
39,2,34
25,23,62
29,18,47
45,8,50
63,1,54
38,11,38
11,3,50
39,9,43
21,8,46
40,10,37
40,9,44
45,23,63
31,6,41
50,0,38
33,18,42
12,0,44
19,4,44
23,9,46
4,6,63
37,14,51
36,11,44
18,11,56
36,6,34
32,19,47
57,4,53
23,11,49
32,18,43
36,9,36
62,0,50
30,20,45
0,1,59
48,1,40
23,20,53
9,0,48
32,4,37
62,6,61
50,13,63
47,1,37
52,12,63
1,2,61
63,7,63
61,1,51
46,7,47
18,12,57
40,18,56
20,14,57
20,10,51
27,3,38
57,3,52
44,9,50
62,5,59
50,1,43
34,20,49
26,20,54
57,7,57
15,1,43
18,9,52
38,14,38
14,2,44
16,11,59
27,11,48
36,5,39
14,6,52
20,2,40
56,1,47
25,20,59
18,12,59
42,19,58
59,6,58
58,6,57
47,8,51
58,4,54
29,14,45
31,16,44
6,4,57
39,11,36
50,1,42
35,14,44
54,10,60
29,10,45
28,21,57
54,0,44
13,10,60
9,2,49
31,2,35
51,2,47
6,6,63
54,1,45
37,14,50
51,0,42
32,20,50
23,21,61
10,0,47
45,1,37
21,0,36
42,6,42
44,11,53
19,7,47
40,13,53
6,2,55
19,2,42
22,12,53
35,15,42
27,5,41
32,21,52
38,16,53
26,7,44
36,8,38
59,5,56
32,19,43
3,2,58
41,22,63
42,14,59
40,20,59
37,12,40
19,18,62
36,17,50
25,15,49
31,7,42
47,5,46
24,19,58
55,4,53
35,15,47
34,7,40
6,5,61
33,17,43
16,13,59
36,17,49
31,3,38
27,0,34
35,0,30
8,7,60
63,6,61
35,20,53
16,14,59
35,16,47
44,19,62
40,7,41
29,19,50
9,8,59
10,8,60
35,19,51
52,1,43
61,6,60
46,7,50
4,1,54
29,13,45
63,0,51
23,19,52
7,0,49
33,13,42
44,10,55
63,3,55
25,10,46
42,5,39
5,5,60
39,7,35
7,5,56
28,3,38
37,22,57
27,21,59
6,4,58
37,12,46
59,7,59
48,12,60
38,22,61
32,14,44
0,0,58
39,8,42
22,12,51
50,12,62
31,11,43
32,20,49
27,8,44
16,8,52
15,13,61
47,13,63
38,13,38
9,8,62
19,3,42
58,9,62
10,0,44
25,18,51
39,7,42
39,21,59
46,1,37
46,3,40
21,16,58
57,8,59
39,22,60
25,21,60
25,6,42
38,11,39
60,4,56
8,5,55
47,6,48
35,20,54
57,6,56
40,0,33
41,3,37
18,8,48
33,21,52
44,0,35
38,1,30
26,0,34
46,7,51
54,3,49
27,10,45
21,13,49
35,17,45
22,15,56
38,2,30
43,10,53
41,12,50
18,2,40
38,15,39
36,2,34
30,22,52
43,9,47
61,8,62
33,7,40
41,21,62
15,3,45
16,9,55
41,6,40
44,7,47
30,20,52
6,3,54
23,3,40
25,4,41
42,21,61
39,1,33
42,4,39
35,18,41
35,19,52
40,6,35
4,4,61
37,12,41
13,2,46
63,2,54
31,3,37
34,12,42
40,8,44
45,16,62
25,20,54
36,12,47
34,6,39
40,12,38
8,5,56
26,7,43
15,3,46
62,7,63
56,2,51
36,18,49
41,13,53
14,5,50
23,0,36
39,13,49
34,19,48
16,4,47
49,4,47
48,13,62
2,5,63
62,2,55
25,19,51
54,7,57
36,12,43
14,2,43
22,8,46
12,7,57
60,1,50
50,2,43
38,0,30
30,12,44
19,20,61
49,5,49
55,5,55
10,0,46
20,9,49
54,6,56
22,11,48
45,2,37
33,22,52
21,18,57
31,2,36
34,0,30
38,13,51
21,18,58
20,2,39
41,14,58
8,2,52
4,3,58
35,12,45
40,8,36
19,8,48
28,17,48
29,0,33
38,20,54
60,5,58
46,5,46
29,0,34
26,4,40
19,3,41
52,9,58
58,1,51
20,21,61
42,3,36
16,7,51
32,0,32
1,3,63
25,20,50
23,20,60
28,9,45
38,7,33
29,18,45
31,20,49
57,4,54
28,5,40
61,5,60
18,14,59
2,2,60
24,20,60
23,7,44
22,3,41
46,17,62
40,2,35
15,6,51
20,5,45
53,0,43
46,13,62
36,13,48
47,19,63
42,9,46
39,18,54
14,3,46
39,23,61
47,8,55
20,13,54
27,13,48
16,0,38
26,3,37
26,7,45
45,1,35
37,23,59
40,0,30
21,11,51
40,11,50
53,9,58
52,10,61
47,2,40
2,0,55
28,22,59
58,3,52
44,4,39
42,13,59
52,3,47
53,1,44
49,4,48
14,11,63
51,8,56
23,4,41
22,19,57
49,1,40
40,9,39
46,3,41
37,22,59
12,3,48
20,4,43
49,13,63
6,5,60
22,4,41
16,7,49
49,7,54
34,20,52
47,16,63
51,4,49
34,12,41
32,4,39
37,15,40
10,1,47
2,1,55
22,21,62
49,2,42
34,13,40
25,20,57
15,11,59
0,0,55
30,18,49
34,20,50
37,17,50
34,4,37
22,16,56
25,11,49
21,13,53
19,4,42
42,9,49
36,15,47
15,12,60
40,19,57
46,1,38
40,8,38
46,19,62
24,15,49
48,9,54
24,19,52
26,10,46
29,15,48
36,19,53
30,2,36
12,1,44
18,16,62
19,11,57
30,18,46
24,14,50
41,4,38
63,4,58
56,4,53
21,17,57
22,9,46
15,4,46
56,2,50
22,2,39
50,5,51
24,3,39
10,4,53
48,12,62
47,12,61
50,6,52
46,10,55
12,8,57
48,5,47
63,3,56
54,11,61
12,0,41
17,13,62
40,13,52
24,16,50
18,1,41
39,16,54
35,10,39
37,13,50
20,17,59
28,19,51
41,9,47
61,1,52
33,8,42
18,10,54
19,10,52
57,8,61
40,8,43
47,5,47
59,5,57
18,6,47
48,10,57
40,18,54
52,2,46
14,1,44
17,3,44
38,11,45
20,3,41
52,3,50
37,18,52
7,4,57
12,9,60
22,1,37
23,2,39
45,9,54
29,22,57
39,4,33
42,6,43
33,20,52
20,13,55
25,12,49
62,3,54
40,12,50
46,11,53
61,2,52
31,4,39
20,13,57
36,17,42
33,10,43
36,4,34
44,7,46
37,14,41
17,8,51
36,21,55
2,2,59
47,10,57
45,3,41
43,7,46
11,9,62
62,1,53
42,23,63
57,7,58
41,0,32
48,7,51
40,11,49
23,1,37
24,8,46
46,9,53
24,3,40
5,2,54
42,13,56
28,21,56
15,5,49
34,0,32
19,20,63
61,0,50
11,6,54
24,0,36
14,5,52
34,1,32
36,6,35
36,4,36
1,4,63
3,2,56
40,12,51
19,14,59
13,3,46
45,0,34
19,21,62
5,3,56
59,8,61
20,8,46
32,0,33
16,8,54
22,16,54
39,9,44
8,6,59
16,4,46
39,13,50
41,7,43
18,4,45
35,19,48
49,5,50
55,8,58
35,14,46
23,6,43
22,18,59
34,13,42
49,5,51
29,2,36
26,3,38
36,17,43
31,8,43
47,11,55
36,10,43
20,1,40
0,2,62
35,17,43
38,21,57
26,18,51
35,14,49
36,9,38
44,4,40
49,2,41
22,17,50
57,9,61
50,3,47
11,4,51
13,5,53
32,18,44
47,5,48
37,13,49
35,11,40
25,0,34
14,10,60
40,5,38
16,8,53
33,22,49
26,22,60
43,1,34
17,5,47
15,9,56
37,3,33
55,4,51
27,6,42
45,9,49
28,2,37
56,8,60
22,22,58
8,2,50
9,0,45
9,3,52
25,1,36
61,4,55
28,22,54
36,17,47
41,7,44
35,12,44
25,2,38
40,2,34
17,0,40
12,0,42
44,16,61
15,8,55
13,4,48
37,16,40
31,20,52
52,4,51
24,0,35
55,10,63
15,8,54
23,5,42
15,11,61
34,17,41
21,1,37
40,10,47
20,14,58
36,12,38
23,2,38
33,1,34
1,1,55
47,7,51
32,2,36
23,14,51
59,2,52
41,10,49
42,11,54
26,6,42
22,16,53
57,0,48
37,15,51
0,0,56
42,0,34
50,0,41
57,0,46
24,19,51
2,0,52
38,20,56
21,13,56
18,13,60
13,6,52
34,19,47
48,11,58
33,23,57
45,4,41
40,16,55
35,9,40
16,11,60
29,17,48
43,11,56
36,7,35
20,13,58
28,18,48
42,10,48
45,9,48
25,21,53
31,13,43
53,12,62
41,9,48
62,5,61
36,4,33
55,9,59
40,21,59
46,4,41
3,3,57
37,8,35
19,12,58
20,8,48
51,1,43
22,16,50
18,10,56
44,10,53
8,1,49
59,6,57
53,9,59
43,1,35
16,5,48
61,4,57
17,4,46
22,20,57
33,23,58
14,7,55
25,19,54
39,18,55
28,23,60
31,23,57
53,5,54
16,6,50
20,11,52
53,4,50
15,6,49
43,3,37
36,0,31
44,4,42
57,9,62
45,9,52
47,2,41
32,22,49
22,17,56
18,15,61
1,0,53
33,17,40
11,1,48
40,15,52
5,4,61
56,3,53
42,2,35
23,10,48
21,0,37
22,20,62
39,0,30
41,8,43
30,1,34
20,6,45
16,10,58
46,2,38
36,14,38
46,5,44
48,2,41
18,4,44
37,11,45
19,17,60
24,19,53
59,8,60
47,14,62
51,0,40
24,20,52
46,8,50
37,11,46
22,18,52
28,2,36
17,14,63
33,18,43
34,8,40
8,1,50
36,3,32
35,18,44
6,4,55
44,1,36
11,7,57
41,4,39
14,5,51
26,21,60
16,7,50
44,11,55
17,4,47
17,5,48
36,17,48
39,8,43
25,2,36
36,16,47
11,2,48
36,23,59
2,4,63
7,2,53
55,5,54
24,7,45
39,12,51
10,5,54
58,3,53
56,9,60
29,21,52
21,16,54
19,16,60
34,11,41
9,9,63
36,16,49
43,2,35
62,8,63
20,15,57
51,4,51
7,2,51
47,18,63
26,19,50
49,5,48
12,10,61
19,13,57
33,9,41
41,18,57
43,19,59
40,7,43
35,17,44
23,18,54
20,11,56
2,0,54
50,10,58
44,3,40
47,8,54
54,6,55
44,20,62
18,3,43
31,19,50
54,11,62
22,5,44
35,13,39
28,22,57
21,21,58
44,10,52
48,0,38
16,2,44
43,6,42
35,14,48
12,6,56
35,15,43
54,0,45
53,2,47
20,10,48
35,18,45
29,12,44
23,19,55
45,1,36
50,11,60
27,13,49
44,13,59
31,21,49
17,15,63
40,13,54
32,1,35
55,7,58
43,12,55
44,10,50
46,8,51
39,21,57
37,12,38
35,20,48
10,8,62
31,19,44
17,12,59
42,20,60
49,0,38
10,3,52
34,10,40
40,23,62
28,22,53
36,6,36
39,10,39
34,23,57
41,21,60
28,10,46
26,22,62
30,23,53
54,8,58
41,5,37
35,18,46
22,22,61
50,5,50
36,10,42
48,2,42
26,14,49
20,20,61
46,5,45
0,1,57
15,5,50
58,5,55
42,2,37
21,21,63
56,5,55
28,11,47
25,19,50
45,4,43
35,14,39
17,12,60
41,12,52
26,4,39
33,10,42
46,11,57
39,15,52
28,11,48
17,18,63
24,19,56
61,4,56
4,4,59
60,7,62
33,11,41
61,0,51
36,12,41
52,5,52
13,7,56
55,2,50
22,22,62
1,2,60
30,19,45
49,10,57
25,4,39
55,3,51
36,11,45
41,8,44
25,22,61
38,11,36
54,7,56
21,13,54
33,19,44
12,2,46
35,18,49
19,19,61
53,8,56
28,1,36
44,11,58
22,12,49
47,13,60
39,8,35
16,7,53
25,3,40
19,12,56
39,12,38
49,6,49
6,6,62
62,0,49
58,7,59
24,21,53
18,13,61
53,1,46
11,8,57
27,23,62
25,9,45
33,4,37
38,9,40
46,7,48
12,6,55
35,18,43
20,11,54
33,20,50
37,10,44
59,0,50
22,15,50
36,17,40
5,3,58
14,8,55
42,11,52
12,7,56
51,8,55
27,9,45
37,13,48
40,3,36
21,14,56
31,12,44
36,22,57
33,21,51
18,2,41
35,14,45
35,2,33
37,11,39
1,0,56
50,9,58
30,6,41
26,21,54
25,4,40
35,16,40
48,4,47
6,5,58
23,15,49
52,3,48
14,6,54
8,6,58
20,11,50
27,7,44
54,4,53
27,19,51
12,8,58
16,7,52
40,10,46
1,3,62
19,15,61
49,6,53
47,6,50
14,2,45
37,21,56
34,21,49
16,0,39
54,8,59
17,10,54
17,2,41
25,6,43
60,8,63
38,14,51
25,10,48
18,17,61
62,1,51
40,19,58
36,1,32
32,23,56
30,21,53
27,14,49
30,3,38
16,14,62
33,5,38
25,23,63
9,7,61
55,6,55
29,23,55
7,6,61
12,6,54
35,16,46
4,5,63
10,9,62
43,4,40
29,20,53
40,6,38
29,23,60
8,4,54
24,22,63
57,2,51
53,2,46
21,13,50
26,20,50
37,17,52
37,5,33
56,10,61
36,14,43
55,11,62
29,19,49
7,1,52
45,13,59
35,1,31
18,14,62
21,2,40
37,10,43
35,23,57
35,15,46
21,16,55
4,5,61
37,22,60
26,12,49
40,15,56
42,8,45
18,7,48
46,9,56
56,10,63
26,3,39
35,12,40
45,12,59
19,5,45
43,10,50
38,10,39
9,7,58
45,2,39
19,1,38
42,7,44
41,7,37
37,9,36
22,6,44
9,2,50
45,18,61
56,8,58
14,0,40
26,2,36
34,5,39
18,13,59
23,6,44
48,0,39
33,15,42
56,0,46
11,2,47
3,0,54
59,4,56
22,0,35
38,17,53
31,5,40
39,22,61
25,14,49
13,1,44
53,8,58
43,17,59
46,14,62
28,18,51
36,5,33
37,2,32
51,6,54
49,1,41
42,12,54
40,16,53
37,11,36
36,23,58
25,11,48
10,0,45
35,7,40
44,10,49
39,12,37
14,3,45
39,12,48
34,10,41
27,3,39
27,15,49
24,21,62
15,12,62
38,10,34
35,15,39
59,7,61
19,11,56
34,20,48
49,6,51
62,5,60
59,3,53
43,11,54
36,12,42
23,21,58
3,0,53
44,16,60
22,19,55
25,20,56
21,14,55
22,21,58
4,1,52
13,0,44
55,10,61
14,1,43
19,10,54
31,19,45
43,10,51
23,0,35
49,9,56
47,5,44
16,12,60
44,10,51
15,2,45
14,6,53
21,5,43
19,2,40
10,8,58
19,4,43
52,8,56
54,2,49
44,5,42
35,21,53
38,9,41
61,6,59
32,15,43
36,10,37
29,5,39
20,14,56
52,1,42
50,1,40
19,20,62
50,8,57
27,14,48
35,18,42
60,7,60
37,8,34
37,15,41
14,11,62
31,19,48
19,13,58
48,6,52
41,23,63
40,8,42
63,2,53
52,0,41
13,1,45
41,13,54
40,14,56
17,12,58
24,10,48
33,16,42
7,5,57
29,22,55
58,0,47
9,6,57
16,9,56
36,13,42
33,4,38
40,10,38
45,19,61
24,17,49
2,0,53
24,1,36
43,12,58
22,6,43
60,4,55
44,21,62
36,12,46
40,8,45
35,22,56
44,5,41
13,6,53
53,3,51
15,7,53
27,20,51
29,2,37
35,17,46
39,2,31
30,10,44
31,1,35
20,20,62
53,11,62
41,13,55
14,11,61
22,22,63
36,15,39
15,12,63
38,6,33
39,13,51
59,2,51
22,19,52
44,2,37
29,19,52
30,19,47
19,7,48
62,5,58
36,7,34
33,6,40
22,23,57
29,14,47
23,19,58
49,3,45
31,5,39
8,2,51
39,16,53
28,1,35
49,10,58
45,4,42
40,7,39
35,11,44
33,22,54
42,5,40
13,4,50
23,20,59
24,20,61
38,2,32
27,22,55
57,10,62
4,2,57
24,5,42
36,11,38
52,2,45
34,22,51
6,5,59
9,3,53
21,3,40
53,11,61
37,10,34
47,8,53
45,10,57
56,6,56
4,1,55
50,12,63
50,11,59
0,3,63
31,7,41
31,21,45
48,0,36
28,16,49
28,10,44
35,7,39
23,20,52
21,23,57
40,20,60
61,5,58
36,12,45
40,16,54
45,8,52
42,11,51
53,6,56
21,15,54
21,21,62
36,3,34
31,21,46
5,4,57
20,17,58
63,1,53
20,0,37
41,14,52
20,3,43
48,3,45
37,14,39
53,12,63
27,1,34
30,0,32
16,9,54
53,0,45
62,3,55
26,21,57
50,7,54
28,20,52
30,5,39
19,19,63
60,3,55
28,7,43
42,13,51
40,14,55
33,21,50
16,12,59
9,5,57
49,6,50
41,7,42
14,8,57
21,5,44
21,3,41
60,2,52
46,13,61
24,21,60
19,0,39
53,7,57
50,2,45
46,2,40
19,19,62
20,18,59
43,10,52
31,7,43
41,10,48
42,11,50
24,20,54
47,0,38
33,19,48
27,23,60
22,7,45
38,12,49
12,4,50
39,20,59
45,21,63
39,9,40
11,6,55
32,7,42
12,8,59
43,7,47
0,1,58
13,0,43
56,4,54
13,4,49
59,3,52
36,23,60
55,0,44
30,3,36
63,4,57
21,18,60
31,10,43
9,1,48
3,1,55
29,3,38
21,1,38
34,23,56
44,12,56
43,13,58
39,8,33
45,5,42
34,5,38
30,20,48
20,13,56
17,3,43
40,6,36
41,19,59
9,8,63
30,8,42
35,13,45
38,12,48
10,8,61
13,9,59
22,6,45
3,4,61
19,10,51
29,22,56
63,6,63
39,11,47
15,0,39
21,12,49
59,5,55
42,17,59
40,13,55
16,0,41
25,20,51
30,15,44
20,5,43
53,6,53
39,13,52
24,6,42
27,19,49
57,6,58
23,8,45
42,0,32
11,8,58
36,16,40
47,12,60
59,9,62
35,5,37
28,19,52
19,1,39
21,20,62
43,1,36
44,21,63
57,1,50
11,1,46
27,21,55
34,21,53
45,8,51
30,5,40
32,13,42
32,21,53
56,10,62
22,18,57
10,6,56
23,18,55
19,6,47
42,1,34
11,9,59
28,22,56
37,12,48
24,1,35
10,6,57
9,4,53
21,22,57
47,9,56
30,19,46
27,17,49
37,7,34
41,13,52
60,5,56
18,19,62
60,4,57
46,6,46
26,5,42
2,4,62
33,5,39
41,22,62
41,19,58
43,9,48
40,8,37
15,2,44
12,1,45
29,23,58
60,1,51
49,6,52
55,3,50
19,11,54
63,0,49
40,14,52
13,10,63
29,23,57
17,2,43
56,9,61
13,6,55
37,21,55
47,10,58
30,19,49
17,19,63
21,10,48
27,22,59
40,1,33
16,3,44
8,6,60
30,19,48
25,2,37
37,17,51
34,17,40
11,0,43
34,17,45
33,19,47
32,14,42
5,0,49
27,18,49
47,10,53
43,5,41
19,4,45
61,1,50
47,15,63
20,9,48
18,0,39
39,9,39
50,12,61
48,13,63
46,2,39
15,0,40
40,9,37
45,12,60
39,9,34
43,7,44
39,2,32
41,13,51
40,4,37
42,4,40
3,0,51
37,12,49
42,12,52
18,4,46
30,21,48
39,11,39
34,2,34
30,9,44
50,6,53
40,12,37
41,18,58
9,7,57
16,13,61
17,4,45
36,14,42
44,1,37
27,8,45
32,22,50
37,19,54
17,8,50
27,9,46
51,2,44
10,2,49
49,8,56
36,16,41
52,11,61
50,7,53
54,0,43
48,4,45
40,7,35
20,0,36
30,8,43
39,10,45
11,7,56
39,10,36
30,3,37
37,10,35
30,18,45
24,2,39
46,0,37
6,0,48
0,2,60
49,4,45
28,12,48
24,20,51
45,6,45
26,9,45
35,6,39
33,22,47
41,14,51
29,14,46
26,21,59
46,9,55
39,3,32
9,6,56
29,23,56
29,18,44
18,5,45
30,22,55
46,8,53
26,9,46
40,9,46
47,0,36
22,18,53
55,6,57
38,9,44
48,8,54
39,17,53
55,6,56
13,10,61
39,7,41
21,4,42
1,4,62
20,11,51
54,9,59
27,11,49
53,2,49
35,22,55
26,10,47
51,10,59
36,2,32
40,6,40
35,2,34
40,8,39
32,8,43
39,1,31
55,0,45
52,0,43
7,1,49
33,20,51
40,20,57
44,15,61
33,14,42
35,21,51
44,12,59
38,10,35
35,1,33
54,1,48
7,5,60
45,20,63
12,1,47
21,9,46
15,10,59
31,0,32
37,13,51
34,20,51
40,7,37
37,1,32
37,10,45
27,8,43
42,14,52
41,11,49
29,22,58
38,17,54
30,11,44
33,23,55
26,0,33
27,20,56
37,20,56
45,14,62
33,3,35
20,16,60
3,3,58
11,0,46
14,4,49
8,4,55
13,2,45
33,21,47
32,6,40
44,13,60
38,20,57
27,6,41
20,10,47
9,0,46
23,22,62
60,0,48
28,9,43
47,6,47
25,8,45
45,3,39
39,10,47
51,9,58
49,11,60
33,2,35
8,8,63
16,1,41
52,5,53
37,21,58
28,16,48
0,3,62
4,3,56
21,10,49
57,7,59
22,20,58
60,0,49
4,2,55
26,19,51
21,17,58
11,4,52
50,0,40
43,21,62
51,1,42
40,14,53
44,11,54
19,1,40
37,11,47
2,2,58
54,1,46
5,5,62
29,4,38
25,21,61
43,4,41
52,8,57
25,20,58
44,12,57
43,11,53
36,11,41
36,13,50
61,3,54
23,19,60
25,3,38
19,11,53
20,19,61
29,15,47
48,12,61
47,10,55
38,23,61
10,7,60
22,23,61
21,12,52
21,21,57
32,23,52
41,13,56
36,8,36
27,21,56
15,9,57
5,6,63
29,18,50
63,2,55
47,1,38
17,11,56
37,22,58
48,6,48
25,13,49
41,0,33
35,13,47
47,0,37
33,22,56
22,8,45
48,6,51
45,11,56
17,11,59
36,19,51
36,7,37
26,8,45
13,3,48
36,10,36
14,0,43
18,11,58
44,6,46
26,13,49
45,17,62
33,8,40
28,14,49
15,10,58
34,19,45
21,14,58
24,18,49
12,2,49
39,9,35
35,4,37
30,20,51
62,7,62
20,16,59
43,17,60
35,19,50
7,1,51
50,3,45
37,10,41
43,23,63
57,8,60
34,20,53
21,23,58
36,15,41
48,7,53
14,9,56
27,4,39
50,7,55
62,4,58
55,3,52
37,9,42
43,8,47
47,8,52
19,2,41
38,22,58
58,8,59
20,12,56
37,20,54
2,3,60
8,5,57
36,22,56
22,21,57
31,0,33
45,8,48
42,22,63
9,1,49
59,0,48
58,4,53
18,18,63
4,4,60
18,4,43
54,11,63
44,12,58
34,18,47
21,9,47
28,23,58
31,21,52
60,7,61
45,20,62
58,8,61
29,11,47
20,22,62
12,1,46
20,1,38
32,20,48
18,1,39
6,0,51
61,7,61
10,7,58
15,5,48
53,6,55
30,7,42
36,19,52
9,4,54
2,1,58
42,2,36
37,0,30
45,6,47
49,3,43
36,20,53
10,4,52
44,9,48
21,22,62
28,21,52
26,20,57
29,5,40
33,0,33
32,9,43
36,0,30
23,6,45
45,8,49
6,2,53
30,19,50
45,19,62
40,21,61
21,10,50
18,9,54
22,18,51
23,12,49
21,2,39
36,18,47
38,8,42
34,21,55
14,5,49
22,4,42
47,17,63
30,23,58
24,11,48
38,22,59
8,7,63
38,12,36
41,20,61
31,11,44
43,12,59
39,6,35
19,10,50
13,9,58
26,21,58
49,8,55
47,12,59
42,14,58
28,4,38
56,7,59
48,10,59
37,10,42
17,8,52
56,3,52
38,11,48
37,19,52
10,5,55
55,5,53
31,6,42
54,3,51
43,12,54
15,10,57
21,17,55
48,9,56
60,8,62
6,4,56
45,16,61
26,8,44
7,3,53
41,5,39
57,10,63
47,3,42
22,13,53
35,1,32
3,1,53
4,5,62
56,6,57
30,4,38
35,4,36
43,6,44
26,2,38
38,20,55
30,21,54
48,8,55
16,11,57
7,6,60
54,5,52
39,12,50
38,19,54
35,13,43
23,5,43
30,6,42
45,4,40
38,13,39
28,21,55
36,1,31
4,0,52
39,11,37
41,4,37
24,21,61
57,6,57
34,3,36
37,18,51
15,12,61
57,3,53
18,19,63
46,6,47
27,11,47
60,0,50
32,3,37
39,9,37
34,18,43
26,20,56
22,19,60
11,8,61
14,11,60
20,2,41
33,21,49
53,4,51
17,3,45
11,9,63
25,1,35
35,20,52
16,6,49
47,7,49
34,9,41
35,22,57
16,1,42
43,12,56
18,11,57
55,0,47
14,7,54
40,1,34
38,13,49
19,9,47
59,8,63
34,13,41
22,6,46
39,19,55
27,16,49
18,3,42
36,8,34
28,6,43
26,11,47
46,14,61
39,3,35
39,7,39
63,5,60
33,20,49
29,2,35
24,17,50
23,13,49
52,6,55
25,0,35
37,14,38
45,2,38
48,3,44
38,21,56
53,5,53
12,10,60
51,2,43
45,17,61
62,4,56
24,10,47
24,6,44
34,16,40
46,7,49
21,22,58
54,6,54
58,0,48
44,8,48
46,13,60
29,1,34
44,6,45
34,18,44
33,3,36
19,13,59
17,14,62
6,2,54
28,5,41
41,1,33
19,8,45
20,19,60
24,5,41
24,8,45
16,2,42
40,9,36
19,14,58
26,23,62
33,0,32
38,10,36
39,21,58
24,18,55
22,17,55
42,5,42
23,5,44
22,18,54
29,19,51
37,4,33
43,11,50
31,20,51
49,3,44
17,14,61
22,14,49
9,1,50
22,21,61
43,4,38
15,8,53
42,12,56
46,19,63
41,3,36
16,3,46
14,10,59
5,3,55
35,13,44
56,0,48
26,1,36
50,11,61
35,17,40
47,9,55
35,2,32
62,4,57
38,18,53
23,23,61
51,10,58
36,16,42
13,8,57
21,19,60
27,21,51
11,4,53
32,22,55
50,8,55
39,6,40
27,23,61
50,2,44
33,20,48
23,14,49
58,0,49
37,21,57
14,4,50
25,7,43
35,21,48
47,0,35
29,16,47
41,9,45
21,6,44
36,10,41
40,4,38
22,15,53
47,19,62
41,6,38
40,2,36
38,15,53
43,13,60
24,6,43
18,14,61
31,3,36
39,8,36
22,4,43
46,11,55
50,0,39
17,11,58
44,0,34
48,10,58
32,19,45
34,5,40
36,14,41
35,16,43
40,0,32
25,20,55
37,23,58
57,0,49
45,9,50
36,16,39
35,20,51
13,9,57
11,7,58
24,19,57
14,3,48
54,4,51
39,20,56
23,23,62
12,8,56
39,18,53
35,17,41
29,13,47
21,12,51
33,9,42
6,1,50
33,19,43
1,1,57
58,7,60
45,7,49
12,2,47
33,1,33
45,13,60
34,19,46
44,18,61
29,22,52
32,21,50
24,19,50
60,3,53
33,11,42
19,10,55
4,0,51
39,11,49
23,17,50
21,19,57
52,1,45
6,1,51
6,4,59
40,14,51
54,5,53
21,10,47
14,1,42
52,5,51
15,1,41
47,12,53
26,22,61
23,11,48
33,19,46
30,22,56
7,3,54
20,10,50
40,22,62
38,3,32
35,19,47
34,19,49
45,7,46
21,18,59
49,0,40
42,13,55
40,22,61
22,2,40
20,11,53
21,5,45
43,3,38
42,12,53
22,11,49
27,9,44
28,10,47
49,2,43
20,10,49
34,3,35
62,0,51
51,3,49
1,1,56
39,10,35
32,21,49
43,11,55
23,1,36
33,23,52
39,8,40
9,8,60
31,21,53
30,0,34
51,3,46
27,1,36
39,9,46
45,1,38
18,2,42
22,20,52
61,3,56
43,20,60
25,22,62
45,12,58
24,20,58
39,14,39
26,11,49
48,14,63
30,22,49
37,7,35
37,11,38
49,12,62
37,13,38
38,0,29
43,9,49
54,10,61
35,17,42
41,1,34
14,8,56
39,20,55
44,4,41
32,10,43
29,5,41
8,1,48
44,0,33
21,15,56
61,5,57
33,8,41
40,17,54
11,5,53
36,18,51
49,9,57
53,9,60
52,9,59
52,11,62
36,13,41
8,6,61
31,20,45
46,11,58
27,22,61
42,11,53
30,21,49
7,2,52
26,11,48
23,22,61
22,19,54
21,12,54
26,18,50
34,9,40
30,14,44
50,4,48
8,3,54
37,16,41
46,6,48
36,11,39
38,22,60
24,19,55
21,11,50
46,4,43
44,1,35
42,13,58
34,18,42
18,0,38
22,13,49
7,3,55
45,7,48
35,3,34
62,2,52
30,18,48
47,7,50
23,20,58
58,9,61
36,11,42
38,19,53
45,10,54
33,21,54
34,4,36
6,2,52
17,13,61
27,19,50
51,3,48
53,7,56
28,17,49
28,23,61
36,8,35
38,8,34
16,8,51
38,3,33
31,6,40
12,11,63
51,1,41
36,11,43
5,1,53
36,17,41
38,11,46
32,23,57
29,1,35
54,0,46
18,16,61
40,5,39
35,6,40
37,12,47
11,9,60
22,21,63
39,8,41
20,15,58
49,2,44
33,2,36
56,0,45
26,19,49
21,21,61
34,11,40
42,22,62
28,13,48
32,19,46
25,16,49
49,12,61
24,18,50
20,9,47
10,1,49
35,12,39
30,4,39
38,12,47
39,22,62
52,7,54
0,0,54
36,13,43
37,1,31
9,2,51
36,4,35
5,4,59
36,9,39
60,7,59
10,1,48
38,12,37
29,18,46
27,23,63
19,12,57
31,14,43
16,13,63
41,18,56
22,0,36
34,21,52
41,12,53
45,11,58
33,9,40
48,4,44
47,9,54
37,1,30
53,0,44
39,7,40
23,18,51
34,22,55
50,6,51
19,16,61
26,1,37
38,10,46
36,4,37
22,23,62
28,13,47
36,7,36
36,13,39
30,23,57
48,1,38
63,4,59
62,2,53
4,0,50
5,3,57
42,8,46
51,2,46
35,8,39
55,0,46
27,2,36
36,14,48
63,3,57
13,3,49
21,4,43
47,14,63
36,13,49
29,17,44
35,21,54
14,9,58
53,7,55
53,3,49
35,15,40
13,10,62
35,18,48
59,3,54
24,18,56
37,10,37
10,3,51
9,5,55
6,5,57
36,14,49
29,15,46
22,3,40
17,9,54
47,11,54
7,0,47
48,5,49
58,8,62
27,18,51
49,11,59
40,21,62
51,6,52
41,14,57
50,9,57
60,1,52
12,4,52
40,13,51
47,13,54
38,9,43
39,12,49
19,0,38
55,7,56
37,20,55
37,6,34
25,17,49
63,1,51
53,3,48
51,9,59
9,0,47
60,2,53
43,6,45
39,21,61
15,2,43
0,1,60
38,13,36
46,4,44
2,1,56
26,2,37
38,15,52
38,10,40
61,7,63
59,4,55
17,10,55
32,1,34
45,14,60
37,2,31
29,21,55
41,1,35
52,3,49
10,7,57
58,3,54
23,20,57
26,23,61
30,23,52
41,19,60
41,10,47
44,19,61
20,19,62
35,14,47
15,7,51
24,2,37
44,10,54
59,9,63
1,1,58
36,18,48
51,13,63
12,7,55
43,19,60
12,10,63
39,19,56
20,4,44
25,19,55
36,19,49
29,11,44
36,15,50
2,1,54
33,17,41
14,3,47
28,4,40
18,10,52
32,20,51
15,4,47
45,10,53
42,10,49
39,19,57
33,22,55
13,3,47
41,21,61
29,10,46
41,14,56
32,12,43
29,20,52
35,16,45
28,0,34
24,18,51
18,14,60
39,8,34
19,18,61
4,4,58
32,20,46
52,7,56
38,16,52
56,5,54
24,0,34
50,5,49
50,8,56
40,9,47
28,21,54
40,6,39
9,8,61
11,9,61
39,4,35
29,9,44
37,0,29
35,14,40
23,18,50
3,2,55
27,3,37
48,7,54
54,5,54
21,12,53
4,3,59
18,10,51
5,5,63
34,22,57
35,21,55
9,7,62
49,10,59
52,4,50
24,16,49
7,7,62
29,7,43
59,0,49
42,19,60
28,18,50
36,2,33
25,7,45
48,4,46
35,9,39
19,17,61
34,12,40
48,10,54
12,5,53
20,15,59
47,7,52
42,21,63
42,8,47
42,3,38
62,6,62
28,23,59
11,8,59
53,3,50
42,1,35
51,6,53
36,5,34
51,7,54
28,23,62
13,2,44
26,5,41
54,12,63
38,5,33
31,23,56
49,11,61
36,20,55
35,11,39
37,11,41
44,15,60
25,21,54
31,16,43
54,5,55
56,4,52
20,10,53
19,5,44
33,12,42
33,14,43
18,17,63
21,12,56
22,17,52
16,7,48
50,10,59
18,9,49
23,19,53
17,1,39
29,6,42
16,6,48
32,21,51
9,3,51
21,15,57
22,0,37
2,3,62
23,8,46
19,6,46
39,3,33
21,11,52
27,0,35
25,22,63
21,7,46
37,11,40
31,14,44
46,0,36
54,2,50
39,14,52
17,5,46
42,0,33
30,18,44
31,20,46
36,10,38
0,2,61
41,6,42
47,2,39
17,0,38
19,10,53
41,8,46
37,13,47
25,3,39
47,10,54
55,2,49
41,6,37
11,3,51
36,13,47
55,9,61
22,20,60
31,15,44
52,0,42
22,19,59
5,1,52
21,19,61
44,8,47
27,23,55
28,18,46
38,21,59
38,4,33
28,14,48
39,1,32
37,13,37
23,20,61
38,8,41
36,5,37
23,15,52
36,12,39
35,16,39
33,21,53
22,17,54
26,0,35
7,4,55
21,19,58
44,11,57
13,11,62
22,13,50
41,13,57
11,10,62
53,2,48
28,21,53
39,21,60
37,16,52
7,4,54
47,4,43
8,3,53
23,22,63
30,14,45
26,17,49
35,13,40
54,8,57
36,10,39
3,5,63
27,6,43
2,3,59
40,17,56
49,1,39
12,0,43
21,11,54
52,12,62
53,8,57
19,8,46
12,9,61
23,3,39
15,8,56
52,1,44
35,15,45
39,13,37
37,13,40
51,7,56
36,6,39
40,18,57
39,12,36
24,13,49
25,17,50
19,7,46
50,4,50
17,1,42
24,2,38
43,18,60
55,1,48
34,2,33
55,8,59
44,14,61
29,22,53
28,4,39
42,12,51
17,11,57
39,9,36
41,9,46
35,10,40
21,11,49
6,3,56
17,8,53
45,5,43
16,5,47
32,19,44
34,19,44
40,15,55
9,6,58
7,6,58
48,9,57
32,22,52
53,5,52
31,20,50
24,9,47
17,8,48
5,1,54
41,7,41
21,11,53
55,2,48
36,7,38
36,0,29
36,3,33
27,20,53
50,3,44
43,11,51
58,1,49
46,12,54
54,9,60
47,9,53
47,6,49
36,13,44
3,4,62
43,4,39
51,10,60
27,22,58
24,4,40
56,1,48
17,1,41
47,11,53
8,6,57
34,19,50
33,19,45
36,20,52
51,3,47
55,7,57
45,0,36
39,5,33
33,22,50
40,8,35
45,7,47
26,20,53
20,14,59
61,0,49
23,19,59
38,10,43
42,9,48
24,21,52
24,18,52
11,1,47
20,18,60
25,19,52
25,10,47
17,13,59
23,18,52
13,2,47
46,10,58
9,7,59
15,10,56
18,0,37
22,22,57
20,1,39
11,6,56
14,9,57
26,23,63
41,2,36
28,1,34
15,9,55
28,6,41
35,3,36
28,23,57
36,15,42
46,18,62
39,10,40
33,6,41
28,15,49
31,4,37
23,22,57
35,8,40
38,21,60
33,23,56
51,1,44
43,2,36
46,10,56
32,11,43
56,11,63
22,5,43
34,14,40
36,21,56
35,16,44
27,1,35
33,18,41
3,3,59
39,10,46
34,18,46
45,6,44
36,3,35
17,17,63
26,6,43
22,9,47
14,4,48
54,3,50
19,6,45
30,9,43
30,19,44
41,12,54
57,1,49
17,8,49
23,21,52
48,1,41
33,7,42
22,14,54
40,1,32
40,9,38
14,7,53
20,5,44
20,8,45
11,10,63
40,6,37
41,8,45
15,0,41
59,4,54
43,22,63
47,4,44
46,1,36
12,1,43
27,19,52
27,10,47
21,13,55
32,14,43
39,20,58
21,20,57
30,18,47
21,16,57
40,21,60
3,2,57
57,5,54
17,9,55
43,14,60
26,6,41
57,2,50
52,4,49
51,11,61
22,18,55
7,0,48
36,13,38
14,6,51
59,6,59
61,7,60
43,7,45
61,7,62
11,5,55
39,6,34
43,3,39
47,13,62
18,13,58
40,19,54
59,2,53
17,7,49
63,7,61
35,18,47
39,1,30
58,4,55
28,22,52
6,0,50
27,20,52
58,10,63
29,13,46
29,3,37
46,10,53
41,17,57
46,9,54
9,8,58
28,15,48
27,22,60
32,22,53
52,6,53
60,2,51
26,20,51
22,18,56
37,16,50
12,10,62
12,3,50
23,9,47
63,5,59
48,9,55
15,13,63
1,3,61
25,19,57
18,10,53
46,11,54
20,7,45
38,12,39
34,1,34
25,18,49
36,23,57
22,17,53
22,14,56
36,15,48
19,6,48
45,18,62
18,11,55
40,5,36
7,5,58
46,12,53
22,5,42
30,0,33
17,0,39
6,6,61
39,2,33
34,2,35
42,7,45
47,18,62
56,7,58
16,13,62
14,4,47
18,6,48
47,1,39
35,5,38
19,7,45
57,9,60
48,6,49
20,11,55
5,0,51
35,19,49
19,9,49
40,10,48
37,10,40
38,1,31
22,13,51
40,7,36
34,19,43
38,9,42
28,23,55
26,20,58
37,11,37
48,3,43
24,11,49
27,22,51
32,16,43
40,16,56
31,9,43
3,4,60
38,10,41
38,18,52
39,10,34
13,10,59
19,8,47
19,3,43
13,0,42
46,12,59
46,9,52
29,23,59
38,13,50
58,5,56
48,5,48
44,2,36
38,23,60
42,6,41
52,8,58
40,19,56
7,6,62
24,9,46
22,11,50
16,0,40
45,15,61
9,1,47
53,10,60
12,9,59
46,12,60
52,1,46
47,3,43
1,0,55
17,9,53
17,10,57
40,14,54
58,8,60
37,15,39
16,1,40
28,20,53
26,19,52
37,14,52
17,15,62
31,1,34
3,3,60
37,13,41
45,3,40
13,1,43
49,7,53
34,23,58
30,22,54
29,12,45
28,22,60
26,5,40
29,20,51
35,14,42
32,9,42
40,12,49
16,1,43
39,5,35
