14,3,54
30,0,42
27,2,50
36,1,9
15,3,57
29,3,15
18,2,29
11,1,50
18,3,46
16,3,57
25,3,13
15,1,28
29,2,17
22,2,11
10,1,47
24,3,25
14,4,62
17,3,49
55,0,60
12,1,45
36,1,6
25,3,42
23,0,4
30,1,25
19,1,23
18,2,40
10,0,42
56,0,56
23,4,53
11,1,54
58,1,62
25,1,3
30,1,24
24,2,50
25,2,3
6,1,63
31,2,20
16,4,54
32,0,24
31,0,41
13,3,61
22,3,31
18,2,25
21,3,31
20,0,7
55,1,62
14,0,26
24,0,3
28,3,3
29,1,28
27,1,30
37,0,10
22,3,23
61,2,59
26,1,46
31,2,5
62,2,56
22,4,55
29,1,29
24,3,32
35,0,15
23,0,0
24,3,57
26,1,51
17,4,57
26,1,49
27,1,33
17,1,28
39,0,8
26,2,38
56,0,54
20,2,18
16,1,38
33,0,28
25,2,13
22,3,54
22,0,6
37,0,6
29,3,18
15,1,32
21,3,41
6,0,54
23,3,43
23,3,61
23,0,3
38,0,7
16,3,52
20,4,52
18,1,22
32,1,13
19,3,50
11,0,38
30,1,28
57,0,56
16,2,34
26,2,56
25,1,4
14,2,54
26,3,14
29,1,31
4,2,63
24,2,63
15,2,47
25,2,10
26,3,16
31,3,4
0,2,62
35,2,2
25,3,46
2,1,56
25,2,43
14,2,50
24,2,17
15,2,34
12,3,57
19,2,39
4,1,58
38,1,2
16,4,56
23,2,7
26,3,13
21,1,17
28,1,50
4,0,59
13,2,57
25,3,14
29,3,5
33,1,12
16,1,36
29,2,20
16,2,37
23,3,41
1,1,59
63,2,58
13,0,40
36,0,9
60,2,59
23,3,39
34,2,1
25,3,48
27,1,62
26,2,4
22,0,4
15,0,26
20,5,63
36,2,2
24,3,29
3,2,63
1,2,63
25,2,38
29,1,32
28,1,54
17,3,39
37,1,0
16,0,27
24,3,15
18,3,50
23,3,53
36,0,14
26,3,25
15,1,27
63,1,50
56,1,63
15,0,27
9,2,62
27,2,22
28,0,54
19,5,61
16,1,32
20,2,33
23,3,21
60,2,61
31,1,20
28,2,1
2,1,58
17,1,34
21,1,11
17,0,14
19,2,21
21,2,11
27,3,17
30,0,41
12,1,52
14,0,31
25,3,18
38,0,5
27,1,1
26,2,37
18,1,23
24,3,52
32,3,3
19,3,30
9,1,55
17,1,24
12,2,53
19,2,36
30,2,7
27,2,58
33,2,15
24,3,9
2,1,62
15,0,25
23,4,38
16,5,60
5,1,59
59,2,58
21,4,45
11,2,58
36,0,7
28,2,21
20,1,18
24,2,53
33,1,8
17,1,21
13,0,27
15,3,59
59,1,58
62,0,51
33,1,15
28,0,44
39,0,2
20,2,21
22,3,20
31,3,1
31,1,27
60,1,55
27,1,42
19,2,23
27,1,49
12,2,52
5,0,60
24,3,62
26,1,55
25,3,34
6,0,59
2,2,62
55,0,59
23,3,29
29,0,38
14,1,39
23,3,27
32,1,12
5,1,62
30,3,15
8,2,59
19,0,17
29,0,42
19,0,13
19,0,14
15,0,31
16,3,41
27,1,40
4,1,60
19,1,19
26,3,26
25,0,0
31,1,16
12,0,39
32,0,26
6,0,58
30,0,37
19,2,30
25,2,11
22,4,53
53,0,61
24,3,16
34,1,7
60,3,61
8,1,53
22,1,12
29,0,58
32,2,14
3,1,61
27,2,42
28,0,43
20,3,33
18,2,22
5,0,55
31,1,28
25,3,27
24,3,53
31,0,25
22,4,35
23,3,31
16,1,39
27,2,36
31,2,1
26,3,17
20,4,58
18,2,33
16,0,15
23,3,24
8,0,50
14,0,25
29,1,37
28,1,53
26,3,15
1,1,56
17,1,30
0,2,57
23,3,23
32,0,29
25,2,30
30,1,29
18,2,41
16,0,20
33,1,16
23,1,13
20,3,35
7,1,52
16,3,56
60,2,62
33,1,13
26,3,22
23,2,13
30,1,27
20,3,26
35,0,11
36,0,13
18,2,27
23,2,19
26,2,54
24,2,9
35,2,1
28,3,10
23,3,58
23,3,45
21,3,46
10,0,45
32,0,20
13,1,44
17,0,17
35,1,4
22,1,8
17,2,33
61,3,62
23,2,18
21,3,37
27,1,59
24,2,57
22,3,25
25,2,12
30,3,9
12,3,62
2,0,58
19,2,40
13,3,62
26,3,8
18,3,49
22,1,10
14,0,29
32,3,4
32,0,25
26,1,2
13,0,29
26,1,4
30,0,38
20,1,17
19,2,32
34,1,14
19,2,24
2,0,56
5,1,63
24,1,3
10,0,38
27,1,34
29,3,11
23,2,8
14,3,59
20,1,19
31,3,3
55,0,63
23,2,15
22,3,52
54,0,60
18,4,55
13,3,59
27,2,40
22,3,29
22,3,27
60,0,52
31,1,22
8,0,47
30,1,20
28,1,41
1,2,58
14,0,22
34,2,6
36,1,1
2,1,57
29,3,2
28,3,12
22,4,38
21,1,13
25,2,49
60,2,57
22,2,15
22,3,24
22,0,0
18,4,60
11,3,62
17,2,34
31,2,14
30,3,6
7,0,56
27,3,18
11,1,52
21,4,54
33,1,10
27,1,52
16,4,55
9,0,49
38,0,1
62,3,60
33,0,22
20,2,20
7,0,50
9,3,62
15,1,36
31,3,2
16,0,28
62,2,57
59,1,57
6,2,60
10,0,47
62,3,58
24,2,52
61,0,49
18,0,17
32,1,16
21,2,18
34,1,3
25,3,44
26,2,59
26,1,63
28,1,38
16,3,39
29,0,61
29,2,24
15,2,52
22,0,1
24,3,55
19,3,44
6,1,60
17,0,22
23,3,46
17,1,20
26,1,1
61,2,58
27,2,31
29,0,51
26,1,53
29,2,1
23,3,51
28,1,39
26,1,5
59,1,61
22,3,59
8,2,57
33,2,16
28,1,63
28,1,37
18,2,32
19,4,53
24,3,37
28,0,56
31,2,7
32,1,20
33,0,17
13,2,56
22,4,39
28,0,49
16,0,25
19,3,37
16,2,39
1,0,55
61,1,55
59,1,59
33,0,19
15,0,20
22,3,62
14,0,23
24,2,55
17,3,55
31,2,11
22,4,34
21,4,48
62,2,59
18,3,52
14,2,52
18,4,62
19,3,47
23,3,36
28,0,48
31,0,34
29,3,7
23,3,16
24,3,22
19,3,43
28,1,59
27,1,53
25,3,32
3,0,57
11,2,50
34,1,13
0,0,52
22,1,14
35,0,10
30,0,44
15,4,56
13,4,60
26,4,16
26,1,43
27,1,44
15,0,33
22,2,14
62,0,49
31,0,35
15,2,53
60,3,62
23,0,5
17,3,52
36,1,4
6,1,58
23,1,11
33,2,2
23,3,19
29,2,0
30,0,43
18,1,20
10,1,49
13,0,36
24,2,54
10,3,60
58,1,63
10,1,48
34,1,4
25,2,63
58,0,55
32,1,18
20,2,26
30,2,25
17,3,44
61,2,62
15,1,42
28,2,6
18,5,58
18,2,23
13,0,39
21,5,56
37,1,1
62,2,54
18,1,18
25,3,20
24,1,6
27,1,31
12,3,61
38,0,3
24,3,43
16,1,35
12,1,44
5,0,58
19,3,32
60,0,50
33,1,21
11,1,48
14,1,42
35,0,7
11,2,57
29,0,35
19,4,55
63,4,63
21,0,5
28,2,20
27,2,43
27,3,27
13,2,49
31,2,13
15,0,21
29,3,16
26,2,31
26,3,9
32,2,8
16,4,60
4,0,56
22,2,12
22,3,56
20,1,12
58,0,57
26,1,58
8,1,55
26,2,29
23,3,37
12,2,51
28,3,18
18,3,40
28,2,22
63,0,49
17,2,42
15,2,42
22,3,37
0,2,60
20,0,12
21,2,27
32,1,22
62,3,59
10,1,52
27,2,37
25,3,28
24,3,61
63,3,59
5,0,57
3,0,55
4,0,58
35,0,8
58,1,57
12,0,42
28,2,24
28,1,60
27,3,9
26,2,9
36,0,4
25,2,52
18,2,38
21,1,10
17,2,29
14,0,32
26,2,58
59,1,55
9,2,56
20,3,36
17,1,31
7,0,55
14,2,49
23,3,30
27,3,23
24,3,34
29,0,59
22,3,44
21,4,49
56,0,55
26,1,50
26,2,50
18,0,16
16,4,62
31,2,19
31,1,18
61,3,63
28,3,20
26,3,21
58,1,60
17,2,31
29,3,10
19,2,27
11,0,36
12,0,40
30,0,31
25,1,1
33,2,7
26,2,26
23,1,4
17,3,42
10,0,50
27,3,16
25,2,59
32,2,3
22,3,61
9,1,51
18,2,39
15,4,60
27,2,61
11,1,51
6,1,56
33,2,6
29,0,50
19,2,26
11,2,53
19,4,57
18,5,62
21,3,38
20,4,47
32,2,12
33,2,8
62,1,55
21,4,63
25,2,60
58,2,60
24,3,19
17,1,33
16,0,17
18,3,48
37,1,2
15,1,43
19,3,38
57,0,60
60,1,56
30,3,7
22,0,3
22,3,47
25,3,8
24,1,0
13,0,42
18,1,28
38,0,11
28,1,51
19,2,25
21,4,52
13,0,26
29,3,9
20,3,29
6,0,51
20,3,48
20,3,49
35,0,14
21,0,7
26,2,46
16,2,50
16,1,23
25,1,7
29,0,44
24,3,56
35,0,9
14,3,60
19,1,15
6,0,56
14,1,45
15,1,40
23,3,12
63,2,55
14,2,48
19,4,54
34,2,0
28,1,30
8,1,52
21,2,21
20,3,27
21,4,55
28,2,25
19,5,63
21,3,45
9,2,58
20,2,25
34,1,8
14,2,44
24,1,7
58,0,56
28,0,62
13,1,49
21,4,51
26,2,55
28,1,62
21,4,47
17,2,41
30,3,10
62,3,62
10,1,55
24,1,2
15,0,23
39,0,5
34,1,6
59,2,61
17,2,46
23,2,9
25,2,54
62,0,48
32,1,23
31,0,37
27,2,57
26,1,48
24,2,46
55,1,63
23,3,57
30,0,48
7,2,60
35,0,13
39,0,0
30,0,56
17,5,63
24,3,12
58,2,63
26,1,52
20,2,23
16,3,50
21,2,23
27,2,4
0,1,57
8,0,53
28,2,0
28,2,23
56,0,60
27,1,48
32,1,25
23,2,11
9,0,51
32,0,21
19,4,58
30,2,5
28,0,63
3,1,59
36,0,5
26,2,49
21,4,37
35,0,19
19,3,49
35,2,3
9,1,49
21,5,57
26,3,10
26,2,45
15,0,22
30,0,58
34,0,11
63,2,56
18,2,37
7,1,56
31,2,8
10,3,61
27,2,60
32,0,27
26,2,33
2,0,57
13,2,51
27,2,29
21,4,44
24,1,5
5,0,56
16,2,45
30,3,4
16,2,43
30,0,45
13,0,34
18,3,54
12,3,63
20,3,25
20,4,46
19,1,24
20,4,59
20,2,28
30,2,10
15,0,24
26,2,2
1,2,59
11,2,55
35,0,18
30,2,8
10,2,56
4,0,57
15,1,34
29,1,35
31,2,22
29,3,4
26,3,18
29,0,31
26,2,36
22,0,7
28,0,47
34,0,20
12,4,63
21,3,33
6,0,53
15,4,62
14,0,34
9,1,56
29,3,14
28,1,48
17,3,46
13,2,55
29,1,36
58,0,53
32,2,1
20,1,15
36,0,15
34,1,16
0,3,63
29,2,11
11,3,59
23,1,6
57,0,54
25,2,7
28,1,33
24,3,58
59,0,55
11,2,56
21,3,43
14,0,24
32,2,5
22,1,5
24,3,11
31,2,15
11,1,45
29,0,53
21,2,15
37,1,3
32,2,6
20,4,57
17,2,40
28,3,21
16,2,38
34,1,10
17,3,48
27,2,27
20,4,48
37,0,4
10,0,48
61,0,53
16,0,22
27,1,55
34,0,22
25,3,39
18,1,19
15,2,49
60,1,58
1,3,63
23,3,33
6,2,62
10,0,46
18,3,36
16,1,31
27,1,57
9,0,43
30,0,60
27,2,2
18,2,35
17,4,60
30,1,26
38,1,0
12,2,57
8,0,51
35,0,17
21,0,6
29,2,21
7,2,59
31,1,29
21,2,24
12,0,32
0,3,62
6,1,62
32,2,9
22,1,13
16,1,30
63,2,53
23,0,1
27,2,8
23,3,63
0,2,58
4,1,62
63,3,63
60,0,54
22,2,21
23,2,16
8,1,56
6,0,57
39,0,1
26,3,5
32,0,32
22,1,4
19,3,31
22,3,60
25,2,51
16,3,42
17,4,58
24,2,16
0,0,53
54,0,63
29,2,19
29,3,17
57,0,55
18,4,59
34,2,2
26,2,51
24,0,4
30,1,22
12,3,60
32,0,23
63,1,54
21,2,17
26,2,0
34,2,10
10,1,56
15,1,29
0,2,59
56,0,61
18,4,53
18,4,50
10,0,43
21,3,44
24,2,7
18,0,18
18,0,15
63,3,58
16,0,21
7,0,53
27,1,36
26,1,61
14,1,40
24,3,31
8,0,45
26,1,0
13,3,57
24,2,15
55,0,55
61,1,53
27,3,22
31,0,44
29,1,0
6,2,63
34,0,21
20,3,45
26,2,32
29,0,43
7,1,59
18,2,26
23,3,59
21,1,16
61,1,54
59,0,53
35,1,9
8,0,46
21,1,15
14,3,52
16,3,58
30,3,8
18,2,42
18,0,13
19,3,35
23,1,7
29,2,29
13,0,33
28,0,50
25,2,61
29,2,25
26,3,30
10,0,39
59,3,62
26,1,57
20,3,38
31,2,10
18,0,14
24,2,62
14,4,61
27,1,41
26,3,42
11,0,40
14,1,27
27,2,39
4,1,59
26,2,28
22,2,20
9,2,61
25,2,40
24,3,38
26,2,39
33,1,6
56,0,57
27,3,12
21,3,40
27,2,32
25,3,12
17,4,56
15,2,46
8,0,37
38,1,3
14,1,47
22,4,41
29,1,30
29,0,62
19,4,56
28,3,6
33,0,21
20,2,31
59,0,56
30,2,24
21,3,34
25,2,48
22,3,40
23,4,59
25,3,40
9,3,61
14,2,51
26,1,42
27,3,24
16,4,59
21,0,11
19,5,62
40,0,1
16,2,48
28,0,58
18,1,26
19,3,41
30,0,59
63,2,54
18,5,63
62,2,55
22,3,34
36,1,3
18,3,30
26,3,6
19,1,14
32,2,0
28,2,2
12,0,33
21,3,35
33,1,9
14,2,47
28,1,57
23,3,50
36,0,6
30,2,15
15,3,51
21,4,56
33,0,24
35,1,2
19,2,31
26,3,24
22,1,6
23,4,37
29,1,26
20,4,56
26,2,12
28,1,31
17,1,27
27,1,43
29,2,15
31,0,36
5,1,61
34,1,12
16,2,41
28,1,35
25,2,44
61,0,51
3,1,62
22,2,9
38,0,8
20,5,61
27,3,11
22,2,22
18,3,47
27,2,26
9,0,48
35,1,13
12,1,49
15,3,56
29,3,3
19,3,36
15,4,63
25,3,26
10,1,50
13,1,46
57,1,60
28,3,4
9,0,44
24,2,41
28,1,52
29,1,50
26,0,0
22,4,36
12,4,62
60,0,53
30,0,29
24,3,50
29,0,39
32,2,13
25,2,45
28,3,13
14,1,37
30,0,35
63,4,61
19,5,60
35,1,8
23,3,18
26,1,60
20,3,31
26,2,10
22,1,9
26,2,57
25,2,34
16,3,48
21,4,38
31,0,29
11,0,44
17,3,45
32,0,22
25,4,18
28,3,16
22,3,36
32,3,9
63,1,51
30,2,22
15,4,59
29,0,45
12,2,58
25,1,8
20,3,42
28,3,15
12,1,51
17,1,26
31,0,48
63,0,46
30,3,13
59,3,63
35,1,5
29,0,52
2,2,61
12,3,58
37,0,3
6,1,59
25,3,37
15,0,32
8,3,62
19,4,52
27,2,5
28,2,27
25,2,42
23,3,28
24,2,47
22,2,13
13,4,63
12,1,42
57,0,59
30,2,6
32,1,11
30,1,30
23,3,52
24,3,21
0,1,56
60,0,51
20,0,8
23,3,49
60,2,63
24,2,51
21,0,12
22,3,63
10,0,41
12,0,35
18,2,43
31,1,15
6,2,59
12,4,60
58,1,61
7,0,51
31,1,23
34,2,11
19,4,49
27,1,60
22,3,18
23,3,54
12,1,47
33,2,9
30,0,62
12,1,43
14,2,46
22,4,62
13,2,54
26,2,41
9,0,45
21,3,36
6,0,50
21,1,18
7,1,51
17,0,16
32,2,2
14,0,27
17,3,54
29,0,57
29,0,41
26,2,53
31,0,33
57,0,53
13,0,31
60,2,60
34,1,9
10,3,63
18,1,21
25,2,58
11,0,45
26,2,35
19,2,35
36,0,10
31,0,31
21,2,25
15,1,33
9,1,52
28,0,40
19,3,52
20,1,14
25,2,39
14,1,33
26,1,54
20,3,37
26,2,8
36,0,8
31,1,17
17,4,62
34,1,11
22,3,32
26,1,47
16,2,29
27,1,37
26,2,27
21,4,59
26,4,15
20,1,21
22,4,40
30,0,53
31,3,9
11,2,52
12,0,36
20,4,62
5,0,59
33,2,10
14,1,41
23,2,12
19,4,50
14,0,35
59,1,60
18,4,49
57,2,63
21,3,29
15,3,55
29,2,2
15,1,35
59,2,60
30,0,32
27,1,56
1,2,60
57,1,63
28,0,61
21,2,13
32,1,17
25,2,14
16,2,47
8,2,60
7,1,54
16,4,58
12,0,27
25,3,21
29,1,34
13,1,42
24,3,44
24,0,0
11,1,49
21,4,35
14,1,36
11,1,47
19,1,21
28,3,19
10,1,51
34,0,18
19,4,62
56,1,61
21,4,61
21,2,22
13,1,28
27,3,15
62,1,52
16,0,24
11,4,63
16,3,53
27,1,54
53,1,63
12,0,43
32,1,10
36,1,7
1,3,62
15,2,38
63,3,57
19,0,10
27,2,6
29,3,6
1,1,55
61,3,59
30,2,17
61,2,61
19,0,12
59,0,51
25,1,0
23,3,17
27,3,19
24,3,45
26,2,47
26,1,59
26,2,63
20,4,63
20,2,27
13,1,50
25,2,35
20,2,19
33,1,14
60,1,59
14,2,42
21,3,30
31,2,9
24,3,35
23,3,40
3,1,63
31,2,2
26,2,3
35,1,14
27,3,5
24,2,44
8,1,58
6,1,57
30,0,50
29,0,36
23,3,44
16,1,25
15,3,58
21,3,26
55,0,61
20,4,53
32,3,8
31,0,43
24,1,1
34,1,15
20,5,62
10,3,62
31,2,17
24,2,56
24,1,9
27,2,28
63,0,48
29,0,55
26,3,20
16,3,54
20,0,14
16,1,28
61,0,50
22,3,42
29,1,39
13,4,61
11,0,37
34,0,12
20,3,41
23,3,56
33,1,19
20,3,32
27,3,21
12,0,41
18,3,51
14,4,63
16,2,44
11,3,60
23,3,42
8,2,61
34,2,4
24,3,39
12,0,34
26,2,43
8,0,52
28,2,3
4,1,61
22,3,17
32,0,30
28,1,36
33,0,23
25,3,35
28,0,52
38,0,10
26,3,29
20,0,11
26,1,3
22,3,30
14,3,61
17,2,37
27,3,20
27,2,55
63,3,61
9,1,53
16,2,33
61,3,60
27,2,25
12,0,26
34,1,5
30,2,11
27,2,35
25,3,50
39,1,0
33,0,15
16,3,47
22,4,48
8,2,62
28,1,34
24,3,20
24,3,8
25,3,23
13,2,47
24,3,41
63,3,60
17,2,38
21,4,58
25,2,55
24,2,58
29,2,3
25,2,8
17,1,23
30,0,40
26,2,44
28,3,11
13,0,30
24,3,33
23,3,38
19,3,51
14,0,30
34,0,13
1,1,58
0,2,61
33,2,5
1,3,60
3,1,60
31,1,26
25,1,2
63,2,57
7,1,55
14,2,53
26,2,52
18,0,20
29,3,13
30,3,2
33,0,25
25,3,24
20,2,30
36,1,0
26,2,48
13,1,45
9,2,60
30,0,34
19,4,51
12,1,50
25,3,31
15,1,41
11,0,41
3,2,62
56,0,59
20,1,16
12,2,55
14,3,56
19,2,34
33,1,11
33,0,20
56,1,60
25,3,30
5,2,63
30,1,21
63,3,55
5,0,53
1,2,57
23,4,60
62,1,53
23,3,47
62,1,56
16,1,29
27,2,38
18,4,57
1,2,61
31,0,42
14,1,46
16,1,26
57,1,59
28,0,55
27,2,34
25,3,16
24,2,12
32,1,15
1,1,57
18,3,42
11,0,35
17,0,19
0,3,61
20,2,29
12,0,44
28,2,19
27,3,7
31,0,26
13,3,60
13,1,37
20,1,20
36,1,5
28,2,30
16,2,42
20,4,51
32,1,21
24,2,61
33,0,18
37,1,7
33,1,20
32,2,15
17,3,56
27,1,2
14,3,57
34,1,2
53,0,62
0,1,55
13,3,58
6,0,55
27,1,63
24,3,17
17,3,53
32,2,4
13,1,40
60,0,55
54,0,61
22,3,53
60,1,53
32,2,11
25,2,53
29,0,32
35,0,20
18,3,38
25,3,15
28,0,41
16,0,26
29,0,40
30,2,2
22,0,5
26,2,5
25,2,56
18,2,34
30,2,18
33,1,5
24,3,48
24,3,46
24,3,13
11,2,51
35,1,16
0,2,63
23,3,34
40,0,7
21,0,9
35,1,7
35,1,0
19,1,16
28,1,45
35,2,0
11,2,59
37,0,9
13,1,39
62,2,60
0,0,54
9,0,47
6,0,52
22,4,51
29,0,56
1,0,53
25,3,36
19,0,11
61,2,57
22,4,57
11,1,53
14,3,58
22,4,59
27,2,3
14,1,35
22,3,39
22,4,56
7,0,54
38,0,4
22,3,21
26,2,62
10,2,59
21,3,28
23,1,9
22,0,2
23,4,50
29,1,49
13,3,55
3,0,54
28,2,28
23,2,17
21,3,25
11,0,43
62,0,52
60,2,58
27,2,9
61,1,57
22,3,51
30,0,28
24,3,36
15,2,44
20,4,50
24,2,14
21,3,27
28,1,29
62,2,58
57,1,61
12,0,38
21,4,50
22,3,46
18,2,36
62,3,57
3,0,59
14,3,55
17,3,51
22,4,60
6,2,61
40,0,0
7,0,49
17,0,23
13,0,28
59,0,54
19,2,38
8,2,56
24,1,4
32,1,24
12,2,54
62,3,61
28,2,5
11,2,49
30,0,47
25,2,6
27,3,13
30,1,23
24,3,40
22,1,7
28,1,47
59,2,62
34,0,23
2,1,61
62,4,63
27,2,23
27,3,25
22,4,49
59,2,59
26,2,7
29,2,27
24,3,59
17,4,59
33,2,1
19,3,40
27,3,14
12,1,48
14,1,44
19,3,34
31,0,30
29,2,16
30,0,63
30,2,19
16,4,61
18,3,53
28,1,40
23,3,48
57,0,57
16,2,46
32,2,16
15,2,40
28,0,60
13,2,50
56,0,62
21,2,12
12,1,46
14,4,60
19,1,17
14,2,45
28,3,14
21,1,12
11,1,44
61,3,61
28,2,26
21,2,26
26,2,1
30,3,3
15,1,30
15,2,51
38,0,2
27,1,61
20,3,44
25,0,1
18,2,30
29,3,8
31,2,6
18,4,54
9,1,54
23,1,10
63,3,62
23,1,8
10,0,49
22,2,19
34,0,16
39,0,4
26,2,30
23,1,5
2,2,60
31,1,24
26,3,27
8,1,54
30,0,46
62,1,51
18,0,12
19,2,29
20,3,46
24,3,24
59,0,57
17,2,47
17,4,54
27,2,46
25,3,41
24,2,48
13,1,43
60,1,54
24,2,10
26,1,41
14,2,43
17,2,43
36,0,11
36,1,2
33,2,0
61,1,56
27,3,26
17,0,20
31,2,16
30,0,30
13,3,56
22,3,49
17,4,55
28,0,51
27,3,10
19,0,15
23,0,7
21,3,23
28,1,55
24,3,42
16,3,49
13,2,48
17,2,35
33,1,7
26,3,12
21,0,10
54,0,59
13,0,35
30,0,55
24,3,27
37,0,7
25,3,17
11,0,39
58,2,61
30,0,61
29,2,28
17,3,47
2,0,54
22,3,28
29,2,22
11,4,62
0,3,60
22,3,55
21,4,60
13,2,52
59,2,63
36,0,12
20,4,54
62,1,54
28,1,58
18,3,45
25,2,32
19,1,20
28,1,56
30,2,0
24,3,26
26,2,60
33,1,18
24,2,13
17,0,15
10,2,57
13,0,37
29,2,23
25,2,41
29,1,61
29,0,46
31,0,32
24,3,14
10,2,58
22,3,41
16,2,36
17,1,22
22,2,17
27,3,6
7,1,58
9,0,50
32,0,28
20,3,40
30,0,57
29,0,34
13,0,41
22,3,26
18,3,44
12,0,31
15,1,31
30,2,13
14,2,55
20,4,60
28,1,43
11,0,46
22,3,57
28,3,7
20,3,34
63,1,53
20,3,28
31,2,18
29,0,33
22,4,37
24,2,49
10,2,55
8,3,63
58,1,58
10,2,61
21,4,62
28,3,5
20,3,39
13,0,32
28,0,57
12,0,37
26,3,11
7,2,62
31,0,38
13,1,48
63,0,47
18,0,19
2,2,63
17,5,62
22,3,58
29,2,12
9,3,60
3,0,56
56,0,58
8,1,59
26,1,44
4,1,63
15,4,58
1,0,54
34,0,25
29,0,48
55,0,58
22,4,46
25,2,46
30,2,21
27,1,47
27,2,1
22,0,9
21,3,42
18,1,24
16,1,27
32,1,14
21,4,57
30,2,9
26,2,34
23,3,32
16,1,34
25,3,38
23,3,25
22,3,45
21,4,53
17,4,61
37,0,5
27,2,24
11,0,47
18,4,52
29,0,49
22,4,58
32,2,10
10,1,54
24,3,60
30,3,5
22,3,35
12,4,61
19,3,46
34,0,10
22,3,33
23,3,35
19,2,33
35,1,3
25,2,50
16,0,23
1,0,52
13,1,38
25,3,25
33,1,17
13,4,62
14,0,28
25,2,37
31,1,21
2,0,55
27,2,33
37,1,4
29,0,60
23,3,62
30,2,20
14,4,59
30,2,1
24,2,59
56,1,62
16,4,57
30,0,49
38,0,0
19,3,39
17,4,63
29,1,33
22,2,18
30,0,39
24,3,23
23,1,12
0,0,55
31,2,21
27,1,38
28,1,49
21,2,20
3,1,58
15,3,52
29,2,26
9,2,57
37,1,5
9,1,57
19,0,16
23,3,20
29,1,40
33,1,4
2,0,52
24,3,54
16,0,18
29,1,27
18,3,39
28,3,9
26,2,6
26,3,23
25,3,33
7,3,63
18,1,25
31,1,19
19,4,63
27,1,51
25,3,11
22,3,50
9,3,63
11,0,42
17,0,18
17,1,29
29,0,63
8,1,57
29,0,37
8,0,48
28,3,27
14,1,34
16,2,35
61,2,60
7,1,61
57,1,62
28,3,8
24,2,45
37,0,0
15,3,54
21,2,19
31,0,39
20,0,13
7,2,61
29,0,47
39,0,9
32,2,7
25,2,62
30,2,14
32,1,19
20,5,56
9,2,59
15,2,50
63,4,62
24,3,18
28,1,0
30,2,23
24,3,49
30,0,36
25,2,9
33,2,4
15,4,57
10,2,60
61,1,52
33,0,26
25,2,57
22,4,50
7,1,60
22,0,8
58,1,59
28,1,61
19,4,60
16,2,40
1,0,56
28,0,45
59,0,52
16,3,51
29,2,30
15,2,43
15,1,39
16,2,49
27,1,32
25,2,33
28,2,29
14,0,33
26,1,45
25,1,5
24,2,60
28,1,46
7,0,57
14,0,37
27,2,30
16,1,24
15,2,48
59,1,56
23,3,55
30,2,12
26,1,56
9,0,46
62,0,50
7,3,61
52,0,63
17,3,36
31,3,5
32,2,17
10,3,59
30,0,51
17,0,21
37,0,11
20,4,49
24,3,30
2,0,53
2,1,60
21,3,32
53,0,63
1,2,62
22,1,11
37,0,1
19,2,28
17,2,45
16,4,63
38,0,6
21,4,46
7,0,48
2,2,59
16,5,62
14,1,26
58,2,62
23,0,2
17,2,32
15,0,19
19,2,22
21,1,14
14,3,53
13,1,47
55,0,62
31,1,25
20,3,30
34,0,27
29,2,13
25,2,31
27,3,8
15,0,30
21,2,16
19,3,48
37,0,8
33,0,16
24,3,51
19,1,22
2,1,59
27,1,35
21,3,24
31,0,28
14,2,41
20,2,22
11,2,54
15,2,45
19,3,45
35,1,6
25,3,47
38,1,1
32,0,36
33,2,3
29,3,12
10,0,40
23,2,14
25,2,36
24,1,10
19,3,33
31,0,27
63,0,50
28,1,42
9,0,52
19,4,61
17,2,44
63,4,60
30,2,16
34,2,7
26,2,11
7,0,52
12,2,49
27,1,0
16,1,40
63,1,52
29,2,14
24,3,28
57,0,58
20,0,9
18,2,28
25,3,19
31,0,46
31,2,4
28,0,46
7,3,60
25,3,43
34,2,3
26,2,42
17,3,50
17,1,32
29,2,18
24,3,63
10,0,44
16,0,19
62,4,61
13,0,38
20,4,61
12,2,50
58,0,58
11,1,46
34,0,14
18,0,11
24,3,47
14,1,38
16,5,63
18,4,58
35,0,12
18,2,31
22,3,22
5,0,54
12,2,56
62,3,63
13,1,41
16,1,37
20,4,55
34,0,15
15,0,29
30,0,33
34,0,19
18,1,27
22,4,52
13,2,53
28,2,4
60,3,63
21,3,47
24,0,1
55,0,56
22,3,48
31,2,3
17,2,36
15,0,28
27,1,39
27,2,7
21,0,8
31,2,12
12,3,59
19,4,59
15,1,37
25,3,22
22,2,16
10,1,53
8,2,63
61,2,56
11,3,63
18,3,41
26,1,40
23,3,60
18,1,17
60,1,57
17,1,25
38,0,9
17,2,39
25,1,6
22,3,38
35,1,1
30,3,11
28,0,42
28,0,59
25,3,29
28,0,53
15,3,53
26,2,61
27,1,45
31,0,24
28,1,32
23,3,26
26,2,40
25,2,47
6,1,61
15,2,41
16,3,55
24,2,8
33,2,11
5,1,60
37,0,2
20,2,24
18,4,61
16,1,33
20,1,13
18,3,43
19,1,18
29,1,38
22,4,47
9,0,42
20,3,43
19,2,37
61,0,52
24,1,8
18,3,34
28,3,17
7,2,63
15,1,38
7,1,57
17,2,30
22,4,54
7,3,62
27,2,44
27,4,16
15,4,61
23,4,56
30,1,35
30,3,16
28,1,44
24,0,2
62,4,62
23,0,6
22,4,61
27,1,50
18,4,56
39,0,6
14,0,36
9,1,50
30,3,12
25,3,9
8,2,58
8,3,61
33,1,22
20,0,10
54,0,62
58,0,54
25,4,21
19,3,42
26,3,19
27,1,58
11,2,60
19,3,28
26,1,62
8,0,49
21,3,39
25,4,19
39,0,3
11,3,61
34,0,17
24,2,11
22,3,43
27,1,46
14,1,43
26,3,28
3,0,58
22,4,63
23,3,22
35,0,16
20,3,47
29,0,54
31,2,0
