34,7,35
21,23,59
50,10,44
40,3,23
27,3,2
22,22,61
42,7,48
21,23,62
35,7,25
23,18,15
61,3,24
41,15,56
37,12,58
46,15,55
42,14,55
35,7,41
32,7,10
48,4,37
40,16,61
51,17,52
53,7,37
39,2,32
37,6,40
5,16,8
40,3,36
19,20,41
32,16,62
27,18,17
30,10,19
62,4,25
48,14,51
5,8,4
27,15,48
45,3,35
15,18,15
26,15,45
30,14,51
41,17,62
47,17,58
24,19,18
57,7,33
18,21,42
34,9,49
12,14,10
27,16,38
55,22,59
28,12,45
36,8,46
49,19,59
29,12,23
28,20,19
38,4,31
12,22,19
27,14,13
62,1,20
7,9,5
38,7,51
41,11,54
5,7,2
39,13,56
47,2,32
22,19,45
30,11,18
17,20,17
21,21,36
18,22,38
18,21,44
34,9,45
31,13,59
36,12,56
27,14,12
25,23,26
54,21,59
46,6,41
21,20,19
62,19,51
37,6,21
12,18,14
32,3,5
40,2,11
3,23,21
35,13,59
23,22,54
46,4,36
30,13,23
33,0,0
55,17,48
12,18,12
31,9,14
24,21,57
0,6,3
46,9,44
41,2,29
23,21,58
43,0,23
40,2,36
32,10,18
26,22,28
63,16,43
23,21,54
16,16,13
44,0,13
25,17,14
28,0,0
34,8,16
59,7,34
33,9,20
37,6,39
16,23,48
16,6,5
52,18,53
55,12,44
42,16,58
58,22,53
23,15,13
57,21,56
38,3,34
32,10,19
56,19,49
20,20,41
5,18,13
2,9,5
50,16,48
32,11,52
29,17,25
36,5,36
39,3,30
37,6,20
17,22,50
21,20,50
58,1,21
36,14,56
44,0,16
29,18,29
58,1,22
40,4,39
44,1,34
58,5,29
33,8,21
35,7,21
27,13,12
40,6,44
5,7,3
3,6,2
38,4,21
32,12,57
42,2,16
62,10,35
63,3,23
27,17,56
16,22,20
42,2,32
32,14,59
19,21,40
59,3,27
60,23,53
28,15,37
33,7,14
40,12,55
49,3,35
53,12,44
7,17,9
1,12,7
55,7,36
45,17,59
63,18,48
7,19,13
30,11,26
35,8,16
48,14,50
28,16,52
0,21,22
56,20,54
41,2,33
26,16,37
60,12,40
37,0,4
47,3,35
27,13,44
47,20,61
24,16,48
39,14,60
61,4,24
32,11,47
31,9,39
31,3,5
57,19,50
35,9,54
13,14,10
25,15,42
1,13,8
34,7,24
18,21,47
54,18,48
25,15,44
25,14,11
41,1,10
19,11,10
35,11,54
51,17,57
49,6,37
25,15,13
51,2,30
8,13,8
22,6,7
31,10,15
18,17,13
23,16,41
43,6,44
25,19,57
32,10,22
27,17,36
53,5,32
28,16,57
62,22,55
4,18,13
46,1,32
23,17,14
19,9,10
16,17,14
53,22,62
2,6,1
33,9,42
43,18,61
23,2,2
28,17,18
16,2,0
26,3,2
36,11,56
5,9,5
22,22,62
55,20,52
33,8,34
25,20,18
26,16,13
6,12,7
57,22,53
36,6,16
44,0,17
45,6,41
30,10,36
26,16,39
33,8,31
40,7,47
53,1,25
54,11,42
53,22,63
35,7,13
35,7,24
58,22,59
12,5,2
27,7,7
48,0,29
8,21,15
19,20,46
52,20,59
32,9,39
39,6,47
5,22,17
29,15,28
61,13,40
31,9,26
26,7,7
27,5,5
4,23,18
41,1,9
32,9,18
7,14,8
15,20,17
26,15,38
60,8,33
60,11,38
23,17,40
25,9,9
28,16,20
10,6,3
24,17,37
26,14,46
39,10,53
14,12,10
42,14,56
25,20,33
23,20,60
42,1,28
0,15,12
39,3,10
32,8,14
34,7,29
15,19,17
18,9,9
40,5,43
13,4,1
38,4,27
46,6,42
37,8,50
30,10,35
39,0,4
29,18,23
1,23,24
57,12,42
57,17,49
23,19,51
30,16,50
27,22,23
35,7,28
41,14,57
31,10,44
7,23,19
28,13,16
42,4,40
31,10,29
3,23,20
25,10,11
22,20,37
37,5,19
49,8,43
38,4,38
22,14,12
24,19,35
36,9,53
30,10,41
15,9,7
59,16,46
61,16,47
29,11,16
55,0,24
37,5,38
30,14,59
54,9,41
24,20,35
45,8,47
41,13,54
20,22,20
34,4,6
23,7,7
57,20,51
63,15,44
13,20,17
24,17,47
53,15,46
7,16,9
42,6,45
62,11,36
23,15,12
29,12,45
56,8,35
1,14,9
20,7,6
50,18,58
48,17,58
41,8,48
0,14,10
52,3,30
52,10,42
6,13,7
13,8,6
23,21,55
30,11,25
24,16,41
33,7,28
30,11,39
14,18,13
58,8,36
23,2,0
43,1,15
17,7,7
39,8,49
40,18,62
54,7,35
1,18,16
0,11,8
19,22,35
21,18,43
16,23,50
62,22,53
36,2,5
13,10,9
6,16,8
41,4,39
58,5,28
7,13,7
32,8,26
25,19,56
23,1,0
38,17,63
34,1,2
38,8,52
43,0,28
63,20,52
56,21,51
45,0,16
17,16,12
29,1,2
29,16,22
31,11,24
24,16,40
27,9,11
54,13,45
38,2,7
50,14,47
21,8,8
56,8,37
18,21,39
36,6,30
60,10,37
57,3,26
36,10,54
61,17,48
17,23,39
57,22,57
51,20,61
59,11,38
42,1,14
22,10,10
25,16,44
36,8,47
31,12,52
28,11,14
37,5,23
31,10,21
26,2,1
29,18,32
60,4,26
39,4,15
34,10,54
32,2,4
33,9,22
26,19,17
18,23,23
42,2,34
63,18,49
61,8,30
30,13,33
31,11,32
46,16,56
27,21,23
62,8,32
35,6,20
47,0,29
38,5,16
63,9,31
39,10,49
54,14,46
45,15,56
36,8,51
27,13,43
50,0,27
59,3,25
27,18,59
41,12,55
7,11,7
35,8,45
35,8,49
24,5,5
19,23,52
37,6,23
17,12,10
21,13,10
33,2,3
52,9,40
30,13,55
1,19,17
27,22,29
26,15,42
33,11,59
40,8,52
34,12,59
40,0,7
43,15,56
28,17,51
62,19,49
61,6,29
31,9,13
34,7,22
2,17,13
32,8,27
51,6,37
23,16,14
41,1,28
47,17,57
32,6,9
26,18,53
43,9,50
21,8,9
37,16,62
33,11,50
45,2,35
62,17,46
48,1,30
22,19,18
47,9,46
34,4,8
28,5,7
42,10,53
26,4,3
35,6,19
54,1,24
47,1,33
16,23,42
28,21,21
24,17,41
4,10,5
47,2,34
48,20,62
59,22,52
39,16,61
19,21,37
52,10,44
43,2,35
39,4,38
0,17,16
37,7,46
40,2,20
54,7,38
17,23,43
27,12,11
23,17,46
48,13,52
17,17,15
31,13,56
43,8,47
28,4,4
25,18,16
34,7,30
41,7,47
25,17,15
33,14,62
28,13,14
50,11,46
60,20,53
17,3,1
48,19,60
7,20,15
59,12,40
15,15,11
18,17,15
28,17,20
12,19,15
26,18,51
28,17,28
43,11,53
36,3,8
27,17,55
36,5,30
29,17,63
31,12,51
50,19,58
30,13,48
5,14,7
23,19,38
41,2,30
25,4,3
35,6,23
37,12,56
51,4,33
18,23,45
25,22,21
32,0,0
5,20,14
38,4,15
55,20,53
28,2,1
16,21,20
17,15,12
51,14,47
37,5,26
32,13,60
32,9,21
60,15,44
60,9,36
2,23,20
63,7,30
29,19,26
25,18,34
18,21,20
61,11,37
40,4,17
26,8,10
29,16,50
1,5,0
62,6,29
59,23,53
35,7,27
32,8,29
44,9,48
32,16,63
24,16,45
36,6,34
52,17,56
24,8,8
22,23,23
32,12,55
35,7,23
55,20,58
21,19,18
48,10,47
13,18,14
40,2,35
28,12,42
23,17,41
30,12,45
43,11,52
31,0,1
44,19,61
50,20,62
32,9,17
30,11,21
27,16,16
19,17,15
38,11,57
50,8,40
3,18,14
61,20,53
36,16,63
51,6,36
43,1,35
30,2,2
53,18,54
25,20,63
27,18,61
19,20,17
40,2,31
27,16,37
36,9,49
30,13,35
50,0,29
2,12,8
29,15,18
19,8,7
36,7,14
58,15,45
45,8,48
33,9,19
31,9,25
30,13,24
26,11,11
38,7,49
43,18,60
21,20,18
22,20,36
40,14,58
22,13,11
45,7,43
56,23,61
31,6,9
25,9,11
25,18,57
44,12,54
50,8,42
25,19,34
63,12,37
49,1,30
58,4,27
32,9,27
61,17,47
32,10,31
41,15,59
36,5,32
24,2,0
55,18,49
24,17,48
33,8,35
26,17,16
26,9,11
32,9,40
15,6,5
53,18,53
34,7,31
47,13,50
30,1,2
54,22,62
34,7,40
34,7,37
14,21,19
33,8,12
32,12,51
36,5,11
20,6,6
46,2,35
57,22,55
38,5,24
38,1,5
37,15,61
42,0,12
18,22,51
19,23,35
6,23,19
38,12,57
47,0,31
33,16,62
41,3,39
2,21,19
23,19,52
41,4,40
7,8,4
39,10,55
10,12,9
43,0,13
53,2,29
61,9,36
23,17,43
45,1,32
63,1,18
35,10,57
63,23,54
25,8,9
33,8,39
21,20,44
1,7,2
11,23,20
23,18,49
57,11,40
35,5,9
26,5,6
50,21,61
18,14,10
43,3,39
56,17,48
3,12,6
37,12,55
36,3,6
56,1,24
5,19,14
45,8,45
27,16,13
53,18,52
28,6,7
7,4,0
23,11,11
3,19,17
13,23,22
15,5,1
41,2,37
19,19,18
41,3,18
44,3,36
55,21,57
40,16,59
11,5,1
1,11,8
38,3,8
43,1,24
11,8,4
33,1,3
13,10,8
38,5,14
14,5,1
45,14,54
26,19,34
22,21,20
51,17,50
55,13,45
27,15,38
19,20,40
23,21,20
36,8,49
3,22,19
45,16,56
26,14,43
20,21,50
4,17,12
16,8,7
49,15,53
34,8,44
12,7,5
48,5,37
48,1,32
28,17,60
62,16,44
43,10,50
62,15,43
53,8,38
36,5,13
57,16,48
29,15,31
30,15,60
37,5,40
12,9,7
58,22,51
20,20,46
8,5,0
24,19,59
29,17,24
51,17,48
38,3,36
8,22,18
44,0,14
36,13,54
29,14,48
57,3,27
14,5,3
29,9,10
45,4,37
50,9,42
0,9,6
36,6,12
52,8,40
24,6,7
57,3,28
5,12,6
32,13,50
25,18,37
44,18,59
33,9,17
33,9,30
16,10,9
27,21,22
23,18,45
40,1,9
39,9,48
53,11,44
24,17,43
34,5,10
33,3,6
19,23,23
40,2,29
54,19,52
23,21,63
31,10,23
27,8,10
2,18,16
39,1,8
35,2,4
15,18,14
20,8,8
34,3,7
7,16,8
47,18,60
26,15,40
34,8,45
35,11,58
38,9,47
27,18,53
3,21,18
30,3,3
34,7,33
39,9,50
27,13,45
46,19,60
62,15,45
50,7,38
23,19,35
40,8,47
26,5,5
35,16,62
33,10,47
37,12,54
3,20,18
20,20,50
21,13,11
19,22,51
18,22,36
60,3,25
28,18,62
35,7,38
60,17,49
62,18,49
62,7,31
37,7,50
42,1,34
27,14,43
45,5,39
37,13,58
0,13,8
25,1,1
53,17,48
24,14,11
22,18,38
0,23,24
20,6,7
23,18,44
33,10,51
8,9,5
44,5,40
34,7,38
39,12,56
61,4,25
29,14,55
45,9,47
51,16,51
43,14,55
18,23,52
39,2,8
55,13,44
62,22,52
43,2,34
35,8,20
17,15,11
28,20,24
31,10,31
59,8,33
31,12,57
35,7,32
40,15,59
26,19,53
26,23,25
58,12,41
4,22,17
47,15,54
2,13,8
26,23,26
60,5,28
13,23,21
4,20,16
14,16,12
0,20,20
50,15,47
37,5,30
30,13,28
27,17,49
25,20,32
19,15,12
29,15,49
52,18,50
34,7,36
3,22,20
38,4,11
57,20,50
21,19,50
34,6,12
1,20,19
27,21,25
20,19,42
27,14,46
48,13,50
35,15,63
22,21,63
29,8,9
47,20,63
28,19,27
4,23,20
48,6,40
22,21,52
42,3,37
59,17,50
63,0,17
42,5,44
40,2,12
49,8,40
16,4,1
31,9,28
58,2,25
27,17,16
14,6,3
39,4,21
49,16,49
0,5,1
39,0,5
31,10,32
44,7,44
60,16,48
38,4,24
3,16,9
52,2,28
48,18,58
41,1,24
21,22,61
19,21,38
25,15,41
23,20,53
56,20,53
31,10,16
13,16,10
54,17,48
17,23,37
35,7,17
22,5,5
26,15,39
17,22,41
55,6,35
19,6,5
51,21,61
57,6,31
38,3,12
32,15,60
24,21,19
41,3,15
51,7,37
35,7,33
2,19,16
14,17,13
27,15,39
40,9,46
36,16,61
20,23,34
7,23,18
59,2,22
38,9,46
47,17,59
54,15,45
32,12,58
34,9,19
60,19,50
15,16,12
55,10,41
47,11,48
29,13,20
42,8,47
39,3,19
28,19,19
35,3,7
28,15,35
16,21,19
57,2,24
27,14,38
53,1,28
26,4,5
20,17,14
28,17,53
29,3,3
53,19,58
44,2,37
40,4,40
23,17,47
49,2,32
54,0,25
3,18,13
10,4,0
28,18,33
45,10,49
19,5,4
46,5,39
28,14,36
28,12,41
25,16,48
35,7,34
36,6,17
41,16,59
34,14,63
26,18,18
63,6,26
26,21,30
44,18,60
11,19,13
13,17,11
39,2,30
27,3,3
61,2,21
42,10,51
43,8,48
5,18,12
9,8,4
31,10,36
11,8,5
59,9,36
9,10,6
29,1,1
33,8,26
56,0,22
32,10,33
0,19,17
20,20,48
19,19,16
19,8,8
57,21,55
59,18,51
29,6,8
29,18,63
49,11,46
54,10,40
17,23,22
22,18,49
38,10,48
17,18,16
45,15,55
42,5,43
47,2,33
55,20,54
53,11,43
57,1,24
53,8,39
36,7,45
57,22,51
50,10,43
46,8,43
58,14,45
23,14,12
60,19,51
23,21,57
33,11,56
42,2,36
60,10,38
40,3,28
18,2,0
13,3,0
42,16,60
28,18,23
51,9,43
41,9,50
22,22,53
1,7,4
22,22,63
32,8,12
33,8,28
32,10,30
50,7,40
62,20,51
33,8,37
34,10,48
32,14,60
31,8,10
48,9,45
32,10,47
0,9,5
57,5,30
33,8,24
11,19,15
18,15,12
37,4,36
33,9,26
35,11,56
2,17,14
4,16,10
51,8,41
17,6,5
34,7,12
54,12,44
26,16,48
55,20,50
41,2,28
28,21,23
50,17,57
30,7,9
45,5,41
37,1,6
58,23,54
3,17,12
50,22,63
25,16,39
22,18,45
24,4,4
49,0,27
37,4,29
1,4,0
59,3,26
30,11,20
27,2,2
52,17,52
17,14,11
58,1,24
13,22,19
30,12,27
53,9,39
56,20,56
49,14,51
34,9,50
56,0,24
11,18,13
59,13,42
59,6,30
55,10,40
38,9,55
33,15,61
3,21,19
59,18,49
41,2,26
30,10,25
48,19,59
56,2,25
34,15,62
15,13,10
50,8,41
42,16,57
7,21,15
19,20,49
36,7,43
63,8,32
26,17,51
30,15,51
19,18,15
24,20,57
25,15,40
61,16,46
63,21,52
27,16,48
42,2,25
38,8,46
53,19,54
43,19,61
29,12,47
28,17,35
31,8,12
20,23,23
37,5,34
41,2,17
21,18,41
59,2,24
36,12,55
22,23,22
45,0,28
22,21,61
31,17,63
26,19,18
52,14,46
27,6,7
39,11,55
18,20,42
39,2,10
27,20,21
51,4,35
49,16,54
18,5,3
40,1,11
61,3,23
60,15,45
27,22,25
49,14,47
36,5,23
42,17,58
30,14,33
16,18,16
55,11,41
35,7,31
21,21,35
52,2,31
4,19,13
54,8,39
41,1,11
8,12,8
52,0,27
34,8,42
12,22,18
12,21,18
53,3,29
42,6,43
9,5,0
30,14,32
39,13,57
59,5,28
38,2,8
48,6,39
40,18,63
29,12,17
33,10,45
38,4,37
53,4,31
61,1,19
29,13,26
43,1,17
33,8,33
35,8,19
27,13,13
54,20,53
40,3,13
30,12,47
45,12,53
28,17,16
35,13,55
41,2,19
25,20,52
31,10,42
26,14,11
29,19,23
38,10,49
32,8,37
51,11,44
2,19,18
20,20,40
16,23,21
29,17,32
22,22,59
46,15,56
6,6,1
21,22,58
48,16,57
20,19,49
30,15,49
50,4,33
47,13,54
29,15,59
51,10,42
10,10,6
59,23,59
28,20,25
48,11,47
25,17,48
29,14,35
35,6,36
21,19,38
26,18,61
28,15,16
37,4,33
30,11,22
63,6,28
33,10,53
49,10,46
36,6,22
38,7,45
34,0,2
29,20,29
44,6,42
42,5,42
25,19,59
16,23,40
39,3,24
24,21,55
51,0,27
17,2,0
40,4,21
51,2,29
24,17,44
24,19,57
29,3,4
40,3,14
28,17,54
52,18,55
53,19,57
19,14,11
19,22,37
26,18,54
51,2,31
59,21,52
24,17,14
35,6,24
22,21,54
37,9,55
49,18,57
32,12,53
21,23,33
34,8,39
14,20,17
26,19,60
14,23,22
43,14,54
16,17,13
18,22,52
52,9,41
31,9,29
46,17,59
50,0,28
31,11,48
38,8,53
10,22,19
10,16,10
28,16,53
56,21,54
31,11,29
30,16,30
3,7,2
26,19,33
10,8,4
19,12,10
25,19,62
42,1,16
53,9,41
58,7,32
11,20,16
29,1,0
51,8,40
37,5,13
22,6,5
26,20,20
45,7,42
62,13,40
58,22,55
45,10,51
29,12,36
39,9,49
30,5,7
30,11,32
25,21,21
2,16,11
37,14,60
40,3,25
23,10,11
1,19,16
43,0,12
56,2,26
38,1,4
50,0,26
37,11,55
32,11,45
8,11,6
50,9,44
48,18,57
27,10,11
54,3,29
19,21,50
28,16,59
38,2,10
53,19,51
8,9,6
3,18,12
57,12,41
46,0,31
39,1,7
31,14,58
20,22,52
62,21,54
20,19,43
19,20,18
25,16,13
36,10,56
34,8,17
62,14,43
28,18,20
20,19,47
35,9,53
28,18,52
20,3,2
19,19,17
57,15,47
38,16,61
17,23,51
10,22,18
34,8,23
35,6,22
7,10,5
31,14,59
38,4,16
21,19,39
58,20,51
63,7,29
34,10,56
53,18,48
1,10,7
18,22,39
19,21,36
16,23,47
51,3,31
17,23,44
30,1,1
45,0,27
37,9,50
30,3,5
24,23,22
41,2,38
58,4,28
34,7,14
32,4,6
50,20,60
34,7,20
52,18,48
20,6,5
33,9,45
6,19,14
47,16,55
38,5,22
27,21,21
21,20,51
4,21,17
39,10,47
15,23,21
24,4,3
28,16,16
30,15,30
63,22,54
3,20,17
29,17,33
61,18,48
31,13,53
33,6,11
35,1,3
47,19,61
0,16,12
37,11,56
0,7,4
29,16,24
31,11,33
40,4,42
40,10,47
24,20,54
43,1,20
33,0,2
29,14,28
16,23,22
57,21,53
24,16,46
26,1,1
18,13,10
46,9,45
29,11,17
56,21,53
21,19,43
38,6,46
8,14,8
17,4,3
58,23,60
14,10,9
21,19,40
34,7,19
25,22,30
24,19,51
1,5,1
43,17,59
51,17,49
29,11,18
28,19,31
38,11,49
30,5,6
61,20,51
49,14,48
6,13,8
35,7,14
3,5,1
52,19,59
58,4,29
21,7,7
59,5,29
63,8,29
24,6,5
55,10,42
63,14,40
21,18,46
36,14,55
49,14,49
18,10,9
25,17,50
45,9,49
8,21,17
13,19,16
36,7,49
61,9,34
19,3,3
29,16,30
20,14,10
28,15,50
26,11,12
27,13,40
57,14,44
28,17,19
43,10,52
5,6,2
61,7,32
48,15,54
14,9,7
56,1,23
20,20,49
37,7,52
2,13,7
36,8,52
29,12,35
52,20,60
51,18,56
63,10,32
49,17,56
3,8,3
17,9,8
43,0,32
49,16,48
37,9,48
22,8,9
39,3,26
63,21,53
27,18,16
31,11,45
30,14,57
49,7,40
49,15,52
12,7,4
41,6,45
28,13,12
25,15,47
53,6,35
35,1,4
23,7,8
30,12,24
26,20,32
52,21,60
39,14,57
63,0,18
2,17,11
4,12,7
50,16,53
40,3,37
52,17,51
16,6,4
46,2,34
32,4,5
34,9,44
28,16,55
39,10,54
38,7,52
19,10,10
57,9,38
39,4,14
44,6,44
52,0,26
38,11,56
40,7,49
21,21,51
5,19,13
33,8,23
26,22,27
63,5,25
55,3,30
45,4,38
13,8,5
31,2,3
38,4,30
32,15,62
26,14,44
10,5,1
17,13,10
24,16,43
1,8,3
52,18,49
17,22,51
37,10,47
58,23,59
42,17,61
2,15,9
4,19,15
35,13,60
42,4,41
11,22,18
42,9,49
55,20,49
48,1,29
55,18,48
60,13,43
12,20,16
34,10,52
31,10,27
20,22,22
54,0,24
18,13,11
60,5,29
28,1,1
12,6,3
12,16,10
56,15,47
60,3,23
39,2,34
36,5,12
17,22,42
23,19,50
41,9,52
35,5,12
24,20,58
20,7,7
19,20,42
15,14,11
61,11,38
31,13,55
24,21,54
18,7,6
45,2,36
29,17,31
46,10,50
59,9,37
19,1,0
19,2,0
21,22,34
7,19,12
22,21,62
57,11,41
53,6,36
7,10,6
41,7,49
25,21,30
16,15,12
26,9,10
36,1,3
54,19,56
27,9,10
25,3,3
54,11,43
25,20,55
27,0,0
29,5,5
8,7,2
35,8,17
44,11,51
40,4,38
50,11,47
20,2,2
30,13,21
63,16,46
55,22,60
30,14,55
7,8,5
57,4,28
17,16,13
29,15,23
63,10,36
23,21,52
22,7,6
55,21,60
15,6,4
58,12,42
19,8,9
61,16,45
37,5,25
29,17,52
63,17,45
24,18,50
34,7,41
19,3,1
51,4,32
46,20,61
51,14,46
42,19,63
21,21,53
26,6,6
52,3,31
57,21,57
32,9,13
30,15,50
2,20,17
35,2,6
44,4,40
53,4,33
43,0,22
33,11,54
51,16,54
19,21,46
50,3,33
42,0,29
21,19,45
39,14,59
56,10,41
21,20,49
18,18,16
28,15,49
39,2,9
60,17,47
49,9,42
42,13,54
28,9,11
39,7,51
36,17,63
30,11,45
35,8,44
25,18,58
8,20,14
36,15,62
36,7,42
13,19,15
58,15,46
48,8,42
36,11,55
27,12,14
39,8,50
26,0,0
9,14,8
53,13,45
26,20,19
46,10,49
20,1,0
18,22,50
19,20,48
26,22,23
37,8,48
22,18,48
40,1,8
49,12,47
53,9,40
3,21,20
37,10,48
26,15,47
36,5,24
28,3,4
53,3,30
30,12,30
41,8,50
15,19,15
41,1,27
60,1,21
63,9,34
44,0,25
29,12,22
35,6,29
52,18,51
29,11,38
11,16,10
34,10,55
27,19,32
56,10,40
11,10,8
10,20,14
41,5,42
34,15,63
57,13,45
29,14,54
27,15,47
21,3,1
51,19,59
38,5,39
2,4,0
45,2,34
45,1,34
60,2,21
57,23,61
31,7,10
40,2,28
47,1,31
25,23,27
25,5,5
42,1,18
38,16,62
9,16,10
28,13,44
19,22,20
52,18,58
17,10,10
59,6,29
53,15,45
31,13,52
28,13,45
45,1,33
30,7,10
48,8,43
27,18,18
55,19,51
30,11,37
29,19,30
58,12,43
19,21,52
42,2,22
23,18,17
29,15,24
35,6,15
22,23,54
26,18,60
49,3,33
56,21,57
61,6,28
31,9,34
31,11,34
29,16,23
2,18,14
20,20,18
42,4,42
47,6,41
18,3,2
29,13,47
7,8,3
55,12,43
51,5,36
44,7,45
0,15,13
35,7,39
44,0,15
6,21,17
19,16,13
15,21,18
58,18,50
60,11,39
44,0,19
40,8,51
48,5,39
20,20,19
22,18,46
24,17,49
34,0,1
38,4,25
22,22,32
27,16,35
62,17,48
52,6,37
30,10,16
54,19,57
49,7,41
24,16,14
62,9,35
13,23,20
57,18,50
40,3,17
56,22,60
26,17,49
2,16,12
41,3,16
22,19,39
29,13,19
62,23,56
21,20,37
62,9,32
33,4,7
31,12,53
59,14,44
40,7,46
44,0,23
49,13,47
30,14,49
56,11,42
43,10,51
58,3,25
41,5,43
29,17,28
43,6,43
39,3,33
55,1,26
42,16,56
46,18,59
30,12,28
48,17,57
19,20,43
42,1,26
28,13,43
33,5,8
17,21,42
23,14,11
35,10,58
44,0,18
30,16,33
44,4,38
52,6,36
29,15,34
21,7,8
0,17,14
28,6,6
41,19,63
19,17,13
24,19,52
9,10,7
62,7,28
60,5,27
52,0,25
38,4,36
44,21,63
41,13,55
61,1,21
24,23,23
20,19,18
29,11,44
27,16,55
40,4,25
32,15,63
28,19,28
24,23,31
35,9,49
1,12,8
60,16,46
10,19,13
55,2,28
39,10,50
35,9,51
30,13,20
22,19,37
24,22,32
51,3,33
13,17,13
52,17,50
31,4,6
9,8,5
45,3,36
61,15,45
12,7,3
1,15,10
37,5,37
54,2,28
23,2,1
57,6,33
54,6,34
16,23,49
36,7,20
32,9,43
62,12,40
45,0,30
36,13,56
60,2,23
38,8,47
41,2,18
62,16,46
22,16,12
30,12,19
3,17,11
20,4,3
29,11,25
4,22,18
39,3,38
39,0,7
48,11,49
18,23,37
22,21,57
40,14,56
48,12,48
46,7,44
27,4,4
40,9,47
25,8,10
19,21,19
27,14,40
49,7,39
5,23,18
50,6,38
37,5,33
33,9,47
23,20,59
37,5,16
33,0,1
58,13,43
33,10,44
8,10,5
32,9,14
35,6,21
18,21,48
34,3,5
63,14,41
31,9,27
31,14,52
31,1,2
11,10,7
39,4,24
29,12,16
34,10,50
35,13,56
26,3,3
30,14,48
35,6,27
19,20,38
28,21,29
40,3,16
32,10,45
46,9,48
26,22,24
51,10,44
18,3,0
36,7,17
21,18,15
15,15,10
6,18,11
48,4,36
19,21,41
24,21,62
23,8,8
30,10,37
22,19,17
39,3,13
0,22,22
56,9,38
25,19,17
12,8,4
42,1,13
42,9,51
29,13,23
23,20,62
5,9,4
26,14,40
32,3,4
3,16,10
9,7,4
43,2,36
29,15,29
45,6,43
28,16,51
56,23,63
39,4,26
35,17,63
37,5,27
51,0,25
58,7,34
29,17,29
34,11,59
26,15,43
38,10,47
37,4,10
52,19,58
35,8,47
0,11,7
63,10,33
18,22,49
58,8,35
56,23,60
36,1,5
55,21,59
61,22,55
62,1,19
28,15,18
49,3,34
23,18,50
24,21,32
26,20,18
43,5,42
22,21,58
25,20,56
33,6,9
10,6,2
7,17,10
10,9,6
27,14,42
56,7,35
15,8,6
0,10,7
46,0,29
27,7,9
28,19,23
33,8,42
28,20,30
55,19,50
54,20,52
1,18,15
17,19,16
44,0,21
54,9,40
28,17,34
53,19,55
63,17,46
2,7,3
47,5,37
55,7,37
28,13,13
30,6,9
30,16,59
62,11,38
28,18,28
33,13,58
37,14,59
39,4,27
6,11,7
14,15,10
2,12,6
59,10,36
27,15,17
23,16,42
17,22,48
37,7,45
27,14,45
44,20,62
3,21,17
38,3,32
18,15,11
8,11,8
23,20,35
41,18,63
53,1,27
53,20,58
30,17,61
59,16,47
26,21,31
31,10,33
55,3,28
39,3,27
38,4,19
23,22,22
34,2,5
14,11,10
50,5,37
41,2,12
33,11,58
27,8,9
46,3,37
44,3,38
19,16,12
47,16,56
36,12,58
58,17,49
52,1,27
36,4,9
30,11,23
37,10,56
32,9,24
37,0,2
4,21,18
54,22,61
36,7,44
28,21,28
29,14,23
15,5,2
43,1,14
54,21,60
43,9,49
57,2,25
50,16,56
33,8,19
9,11,8
24,3,3
26,8,9
30,10,22
43,17,58
22,18,39
7,18,11
27,17,35
48,6,38
16,14,11
8,12,7
35,13,58
21,19,44
38,5,20
23,21,21
35,0,2
48,21,62
22,18,43
42,8,48
37,6,13
1,23,23
38,10,55
54,20,57
39,3,18
48,0,30
51,18,57
45,11,51
26,17,35
3,9,5
48,18,59
54,6,35
43,7,47
39,6,43
36,11,58
36,6,32
23,20,18
34,8,15
51,1,27
46,20,63
28,12,15
26,18,17
48,10,45
53,1,26
39,3,17
40,8,49
15,20,18
53,20,60
4,16,9
22,20,18
23,18,39
24,19,34
49,0,29
33,9,25
31,10,35
29,11,43
29,17,19
37,9,47
28,16,36
32,9,12
52,17,48
43,1,32
55,3,29
14,8,5
2,5,1
7,15,8
58,14,46
34,7,34
27,15,37
33,10,48
36,10,57
49,8,42
37,3,10
60,13,41
55,9,40
50,3,34
52,4,34
4,9,4
21,22,60
46,7,41
60,11,37
52,14,45
37,5,31
11,11,8
46,0,30
25,16,45
2,11,6
46,12,51
27,16,57
21,22,35
1,18,17
30,8,11
32,14,61
7,12,7
48,14,49
30,10,38
47,6,40
22,17,44
30,11,27
30,11,34
34,7,26
29,11,39
22,18,16
23,20,52
52,4,33
42,0,11
30,7,8
43,0,17
62,0,16
51,19,58
25,17,39
29,16,27
61,7,30
21,19,37
29,16,28
43,0,16
22,17,15
28,5,6
61,8,32
12,23,20
54,19,49
52,22,63
43,1,16
17,22,45
32,10,23
21,19,41
31,7,9
62,22,54
6,5,0
35,9,52
34,11,55
49,4,36
60,12,39
38,5,21
50,15,53
0,6,1
15,18,16
28,12,39
36,6,19
14,15,11
24,21,21
16,8,8
0,13,9
25,19,33
16,19,17
41,12,54
16,5,3
36,7,40
29,16,54
28,5,5
37,11,58
25,22,22
59,19,52
34,8,18
30,11,28
33,8,41
37,5,18
24,19,60
19,4,4
50,13,47
24,7,7
30,9,13
55,22,62
38,15,61
32,9,31
20,20,38
43,16,58
35,16,63
37,7,43
47,18,58
23,21,34
38,3,9
26,10,12
29,12,40
48,7,40
40,3,39
38,4,35
60,2,24
53,0,26
17,22,46
34,5,8
28,18,19
54,6,36
29,15,20
24,18,38
33,10,50
47,10,46
23,23,23
1,17,14
45,2,33
13,18,15
46,3,36
27,18,52
30,16,28
47,11,51
32,9,30
55,4,30
37,13,54
21,21,19
5,15,8
32,9,19
29,14,24
35,9,48
32,12,50
62,10,36
32,12,56
24,17,40
53,19,53
45,11,50
33,7,29
29,9,12
41,2,15
40,1,31
41,5,44
30,10,39
34,7,32
34,7,25
55,1,24
55,19,54
35,14,61
63,16,45
63,10,34
57,1,23
47,14,53
55,0,22
30,12,33
62,4,23
32,16,61
40,10,50
28,21,30
34,8,31
35,0,3
29,16,31
38,12,53
29,13,18
17,11,10
47,2,35
0,17,15
59,4,28
29,15,22
62,6,28
43,0,15
19,22,21
31,11,47
28,16,49
58,0,22
56,3,28
32,8,28
35,7,26
2,11,7
35,8,21
36,12,59
1,21,21
28,16,56
14,20,18
1,9,5
53,0,24
3,11,6
17,5,3
57,7,34
39,2,31
43,13,54
58,16,47
27,17,34
59,2,23
55,0,23
40,8,46
51,12,45
42,9,52
12,8,6
49,4,35
17,21,40
57,16,47
51,13,46
49,11,47
38,2,6
28,19,18
24,19,50
42,0,31
44,0,11
54,10,41
62,14,41
12,10,8
44,12,53
24,18,16
21,21,52
45,11,52
36,2,6
1,13,9
28,13,15
50,9,41
16,5,2
43,16,56
33,11,57
31,10,34
19,2,1
52,21,62
22,18,41
38,9,54
42,16,59
10,20,15
33,7,35
55,5,32
50,16,52
41,17,60
62,14,42
40,2,10
31,12,54
20,2,0
60,17,48
17,18,15
58,18,51
31,11,44
62,21,52
40,2,26
20,10,10
57,20,49
6,10,6
33,9,24
10,16,9
57,1,22
43,0,26
16,12,10
47,12,53
24,21,33
40,5,44
0,16,13
42,1,31
59,7,32
23,20,58
28,21,22
29,14,49
29,15,58
37,7,42
55,4,29
57,23,52
58,22,54
63,12,38
63,1,17
30,12,26
18,21,46
61,9,35
38,2,9
3,23,18
34,14,61
38,6,42
59,14,43
9,15,9
37,5,36
0,5,2
28,18,22
30,10,17
42,2,37
27,14,44
4,7,2
51,22,62
24,20,59
46,12,54
29,17,51
49,5,37
53,0,25
11,22,19
37,6,14
24,20,62
3,14,7
51,21,62
21,22,22
39,8,47
29,15,52
2,6,2
18,22,47
11,21,18
28,17,33
29,15,54
59,7,33
20,20,45
60,14,42
12,5,1
46,9,46
55,5,33
31,13,49
58,1,23
38,6,47
20,21,37
63,7,28
5,17,11
48,19,61
25,16,46
27,20,32
54,2,26
63,1,19
41,15,58
20,20,47
58,3,26
28,6,8
41,2,35
62,8,33
26,17,37
44,0,28
56,20,50
55,5,31
25,23,24
36,6,28
32,9,33
26,18,16
57,4,30
2,22,21
54,4,32
60,19,52
25,18,50
38,5,38
34,4,7
58,22,56
34,9,43
48,8,41
23,16,43
31,17,62
10,18,11
34,12,61
29,17,23
45,1,31
38,14,60
40,10,53
19,23,22
27,20,20
54,20,58
17,23,46
57,0,23
45,13,54
7,6,2
25,19,55
7,11,6
35,10,54
22,22,55
9,6,2
14,5,2
45,0,29
58,23,51
4,14,7
33,8,30
33,13,60
17,8,7
27,20,31
28,17,58
30,3,4
36,11,60
58,19,51
2,16,9
3,15,7
38,4,17
61,18,50
16,20,17
37,4,11
34,6,9
32,9,32
2,21,20
29,12,43
16,4,2
44,10,51
1,6,3
60,0,20
38,4,18
55,2,26
48,3,33
36,5,14
58,23,62
31,6,7
40,1,32
38,9,48
52,15,46
5,4,0
21,21,20
44,7,46
31,10,37
38,14,61
60,5,26
29,8,10
43,1,18
1,15,11
35,9,50
20,13,10
4,13,7
56,7,34
43,3,37
22,21,55
35,6,25
4,8,3
48,10,46
36,13,57
49,2,33
55,23,63
43,9,48
32,9,16
30,14,58
34,9,46
21,1,0
50,17,49
44,16,57
33,9,41
27,18,60
20,2,1
63,2,20
27,19,33
47,4,38
35,3,6
20,21,44
39,18,63
26,16,49
21,22,53
52,11,45
29,19,21
17,22,44
40,8,48
10,23,20
48,14,52
43,0,27
53,14,45
32,10,44
34,8,14
32,11,53
57,21,54
41,1,33
23,10,10
40,14,59
36,6,42
22,19,51
35,10,55
31,9,41
51,16,46
4,14,8
49,0,28
52,13,46
54,6,33
39,3,16
44,18,61
7,6,1
50,19,59
31,16,61
20,4,4
19,11,11
4,20,17
56,11,40
59,6,32
5,11,6
11,7,3
38,12,58
15,22,20
38,17,62
6,23,18
27,17,60
50,4,34
41,2,36
30,0,0
22,18,47
16,9,9
33,3,4
29,15,32
39,2,11
47,4,36
36,10,58
28,15,55
28,20,26
36,14,61
42,8,50
9,4,0
33,8,16
38,5,17
31,10,22
48,16,56
54,8,38
58,23,57
28,12,44
30,17,30
40,2,13
10,17,10
54,3,31
56,9,39
17,17,14
23,17,15
26,1,0
24,19,36
13,21,17
27,22,24
45,14,55
58,0,21
25,6,6
22,17,40
61,5,26
36,6,27
37,13,55
47,1,32
3,19,14
35,7,15
32,9,41
31,11,23
10,21,16
41,2,22
43,0,29
52,21,61
59,5,27
36,6,40
48,2,32
39,4,18
33,9,43
36,1,4
14,21,18
40,3,20
55,19,49
51,17,47
61,12,40
54,7,36
60,6,29
29,16,52
32,5,7
37,7,48
20,22,53
43,1,23
28,16,19
58,23,52
24,7,8
45,18,60
57,23,62
36,2,7
9,13,8
23,6,7
37,6,22
58,10,38
35,6,28
46,1,33
36,5,38
50,2,31
29,4,5
23,22,33
5,14,8
53,3,31
34,11,61
30,14,52
62,11,37
15,17,14
9,17,10
7,13,8
27,19,19
59,12,42
14,8,6
61,21,52
31,11,30
40,7,48
63,2,19
25,22,31
32,8,13
36,6,39
37,6,16
34,7,28
9,7,3
47,20,62
49,15,48
33,11,51
61,2,23
37,4,34
35,6,38
20,17,15
9,18,11
36,13,58
30,10,34
23,9,9
0,13,10
19,20,45
42,11,52
40,10,48
58,2,26
28,16,15
18,23,22
32,12,49
31,15,61
20,21,38
55,15,46
28,17,50
44,0,26
6,17,11
58,6,31
55,17,47
40,2,32
52,20,61
24,15,12
28,15,34
31,16,63
28,16,35
57,22,60
61,18,49
32,9,34
21,17,15
47,18,59
34,8,22
62,5,26
45,17,58
26,16,36
44,2,36
25,19,52
40,2,25
28,9,10
31,10,28
38,6,43
37,4,31
57,0,21
60,0,19
62,12,39
61,10,37
21,22,33
34,8,34
25,4,4
56,9,37
26,18,59
3,9,4
14,11,9
16,5,4
54,5,33
38,3,10
27,20,19
38,1,6
33,10,54
24,21,63
30,14,21
37,6,44
50,9,43
18,22,21
20,9,9
37,7,51
55,12,45
11,7,4
29,15,19
55,20,55
38,9,50
27,13,11
41,2,11
38,5,43
6,22,17
27,17,57
26,20,63
58,7,33
18,10,10
24,20,63
20,20,43
28,12,11
19,23,36
21,6,6
36,6,31
32,12,52
40,10,54
1,7,3
19,21,51
37,16,61
43,0,10
29,15,56
0,7,3
2,8,3
6,9,5
29,17,61
48,21,63
37,7,47
46,2,33
30,14,29
46,8,44
17,22,39
31,15,60
41,1,30
53,18,51
22,16,13
57,21,51
28,3,3
7,18,12
26,14,42
55,4,32
19,13,11
47,21,62
43,9,51
6,7,2
40,15,60
40,8,50
3,17,13
11,5,0
1,15,12
51,5,34
8,11,7
36,5,39
45,6,40
33,14,60
50,13,46
31,9,15
35,6,37
36,6,21
56,20,57
51,17,51
25,18,54
40,17,62
15,4,2
53,19,52
50,6,37
29,14,25
29,15,21
15,22,21
54,15,46
28,18,32
56,7,36
29,11,37
56,15,46
11,12,9
32,8,11
34,8,25
21,3,2
14,8,7
21,19,42
17,22,49
46,10,47
30,12,32
30,15,28
32,10,48
16,8,6
29,4,6
49,2,30
8,18,13
18,22,46
36,6,24
35,4,9
28,18,61
24,21,20
39,0,6
43,0,14
34,7,21
39,6,48
56,4,31
30,13,22
35,15,62
36,12,53
6,12,8
45,19,62
50,17,55
1,10,5
39,4,41
29,13,25
30,18,63
20,19,40
29,13,27
27,11,13
24,17,45
35,4,8
41,1,23
53,16,46
22,3,2
43,6,45
46,3,35
16,7,5
29,14,47
55,6,34
24,16,44
46,18,60
40,2,21
63,13,40
43,17,60
39,3,22
47,13,49
33,7,38
12,13,10
0,14,9
41,14,56
4,23,19
41,9,51
26,19,62
39,4,20
44,8,47
37,5,20
41,2,21
30,10,40
18,21,43
12,22,20
61,5,27
50,10,45
24,22,30
24,22,21
23,19,17
15,16,13
62,6,26
49,1,29
16,14,10
21,19,47
28,16,18
56,6,32
26,23,29
50,21,62
26,18,57
15,5,3
51,16,52
30,15,52
62,12,38
53,18,49
2,14,7
13,21,18
28,21,25
24,18,51
25,20,19
30,11,43
52,12,45
17,21,41
27,21,20
42,1,10
37,6,43
52,22,62
4,20,15
31,14,50
14,22,20
33,10,46
24,18,36
41,8,51
32,8,35
43,1,22
21,2,0
27,14,37
17,13,11
24,19,58
30,10,18
53,6,34
28,14,18
35,12,60
33,10,49
47,19,60
42,1,29
26,18,55
15,21,19
47,12,52
40,3,18
39,4,39
36,5,34
6,8,3
24,3,2
28,15,48
13,12,9
5,10,5
38,1,7
16,20,18
24,18,37
27,18,62
39,4,22
27,1,0
38,6,45
49,20,61
31,10,41
29,16,25
31,11,19
45,0,15
41,2,20
34,10,57
39,4,12
6,17,9
44,7,43
58,23,58
36,0,3
22,6,6
48,15,49
31,13,54
28,1,0
52,13,45
34,11,58
60,6,30
40,17,63
39,15,59
60,1,20
30,11,30
59,17,49
58,5,31
44,4,39
41,2,32
44,17,58
59,0,20
36,5,10
43,0,30
28,19,30
33,9,15
5,10,6
58,16,48
8,19,13
57,22,56
25,18,35
41,2,14
38,3,35
23,17,45
45,7,45
25,19,53
42,12,54
20,20,42
54,4,30
33,9,16
10,23,19
18,21,38
44,5,42
39,4,40
9,20,15
62,23,55
35,9,55
4,10,6
35,8,15
35,8,46
43,5,43
29,11,40
54,5,32
30,12,34
34,9,53
37,5,29
41,3,17
25,18,51
26,18,35
57,8,36
31,14,51
37,8,53
27,16,36
38,7,48
37,5,35
49,19,60
22,18,42
60,15,46
12,11,8
4,6,1
36,5,29
38,7,46
53,21,62
63,3,21
55,6,33
24,20,61
42,1,23
33,14,61
54,16,46
21,18,42
28,17,27
41,1,32
18,8,8
25,19,58
39,3,23
26,15,12
48,11,46
20,7,8
47,6,39
57,9,37
12,17,12
37,10,53
36,6,20
60,13,42
54,3,28
25,16,43
10,19,14
31,3,4
29,14,56
56,23,62
23,18,47
34,8,30
32,9,22
56,8,36
1,8,4
32,7,11
63,4,22
38,4,20
25,14,12
42,14,54
32,11,49
26,16,38
35,7,18
38,5,40
59,13,41
42,0,26
28,21,24
14,18,15
35,7,43
23,9,10
38,3,29
10,9,5
38,13,59
34,8,21
9,20,14
34,11,56
29,19,24
24,19,61
32,10,41
29,13,34
41,3,25
13,5,1
27,6,6
46,6,40
34,10,47
55,8,38
45,10,50
17,23,40
59,0,19
39,3,11
39,5,42
28,20,28
42,3,39
54,14,45
62,7,30
29,14,19
59,18,50
18,9,10
57,23,51
42,18,63
33,9,40
30,11,46
30,11,15
55,16,46
24,17,46
27,11,11
36,6,35
49,20,60
47,7,41
20,21,36
29,0,1
10,10,8
25,13,11
33,8,17
62,21,53
51,10,43
18,8,7
47,15,55
53,12,45
12,23,21
11,6,2
37,11,57
53,18,50
54,9,39
4,4,0
24,15,13
32,9,38
29,17,60
1,8,5
30,13,30
57,5,32
45,19,61
34,1,3
22,22,33
23,21,61
13,22,20
52,17,54
36,6,29
27,16,14
62,8,30
43,5,44
32,12,54
42,1,32
30,0,1
48,15,51
33,5,7
22,18,44
17,4,1
39,7,47
18,16,13
43,18,62
35,0,1
30,14,34
31,5,8
22,22,57
1,16,10
40,2,19
29,20,24
25,23,23
3,8,4
40,9,52
29,17,30
53,18,57
54,19,51
56,4,29
1,17,15
39,4,16
53,5,34
40,1,10
43,0,21
42,1,35
17,23,38
28,12,14
36,9,55
5,23,19
36,5,35
27,17,51
34,11,57
39,13,58
48,5,38
37,2,5
16,3,1
28,18,26
6,4,0
41,1,13
40,2,37
56,22,58
44,16,56
11,17,11
59,11,40
23,18,46
38,10,54
39,8,52
13,11,9
31,9,36
36,5,31
18,21,41
28,19,22
7,19,14
32,10,43
26,17,54
50,4,36
11,13,9
13,6,4
23,18,37
9,14,9
32,2,2
40,17,61
13,6,2
38,11,55
37,7,44
52,17,49
20,19,41
32,10,17
4,20,14
31,5,6
35,9,46
55,22,61
34,3,6
20,15,12
20,20,44
29,14,26
35,6,11
4,22,19
37,5,28
33,7,11
52,17,53
30,10,21
10,15,9
39,10,46
59,14,45
20,21,20
58,15,47
1,6,1
30,13,32
0,16,14
20,21,52
7,22,17
58,2,24
23,4,3
56,16,48
34,9,48
28,10,12
50,16,50
52,16,46
33,11,48
26,18,50
28,15,57
38,4,23
49,19,58
33,12,56
45,20,63
15,10,8
22,19,48
6,14,8
35,7,36
29,17,27
28,14,35
43,19,62
54,5,34
20,16,13
2,10,6
63,13,39
38,6,44
27,18,58
33,12,61
50,4,35
0,20,18
36,8,50
17,19,17
33,11,60
63,2,21
50,16,54
25,23,29
33,3,5
9,17,11
18,6,6
27,14,41
60,21,54
38,7,50
42,6,44
62,2,20
12,9,6
29,16,34
4,16,8
24,10,11
12,18,13
35,8,50
22,9,10
53,10,41
30,11,40
25,17,37
54,2,27
50,12,46
44,0,22
29,12,25
7,5,1
41,16,58
40,3,24
21,15,11
43,20,62
21,20,38
37,1,4
42,3,38
18,21,40
45,11,53
43,0,11
13,9,7
35,6,30
34,6,11
18,22,45
30,11,36
6,17,10
36,6,23
58,5,30
63,9,32
57,1,25
59,10,37
29,12,15
32,10,32
17,22,47
42,2,18
29,14,20
32,5,8
32,8,36
60,22,53
55,2,27
46,21,63
30,15,29
30,16,51
51,7,39
28,16,17
38,5,25
18,23,43
58,10,39
26,18,58
38,10,56
54,23,63
34,8,43
37,1,5
45,5,40
23,21,56
27,17,53
29,4,4
20,15,11
8,17,10
39,1,6
62,9,34
62,13,41
0,18,17
19,22,52
44,10,52
38,9,49
21,23,22
30,11,31
33,12,60
30,11,42
33,10,52
43,12,54
47,14,54
38,5,41
63,23,56
40,2,33
48,20,61
19,13,10
62,19,50
17,5,4
29,13,37
25,19,18
10,7,4
26,21,29
9,23,18
38,4,28
19,14,10
10,6,1
52,10,43
27,21,29
29,6,7
28,20,21
62,8,31
29,14,36
36,11,57
56,13,44
59,4,26
19,22,36
29,5,6
41,0,10
49,21,62
19,21,39
39,7,50
26,19,61
42,2,21
36,13,55
0,19,19
60,10,36
29,15,53
43,2,37
10,5,0
56,6,33
13,7,5
41,14,55
18,23,53
3,4,0
41,3,38
32,10,42
24,14,12
59,6,31
16,9,8
49,22,63
17,23,41
28,19,20
42,17,59
14,7,4
55,8,37
22,17,41
18,21,49
8,7,3
16,22,21
24,16,13
42,8,49
26,17,36
0,21,21
34,10,53
14,18,14
40,3,22
58,6,33
26,20,33
31,6,8
39,17,62
58,22,58
59,23,52
58,17,48
25,17,38
39,3,12
57,14,46
28,14,15
44,1,35
18,5,5
28,15,36
56,6,34
39,3,35
44,1,31
34,14,62
29,15,55
0,5,0
40,4,18
31,2,2
8,18,12
47,13,53
11,20,15
40,13,55
23,19,36
58,3,27
40,3,12
63,23,55
31,10,43
31,9,12
35,10,50
30,15,58
41,1,31
39,4,37
59,1,20
51,19,60
0,12,9
63,19,50
4,9,5
63,5,26
34,9,52
62,5,25
28,12,16
33,7,10
36,8,44
29,17,34
31,10,25
39,8,46
28,7,9
42,0,8
31,13,50
61,10,35
58,23,56
22,20,50
40,6,48
45,0,32
18,22,20
21,7,6
49,11,48
39,4,36
20,16,14
30,4,4
55,8,36
37,12,53
32,9,29
30,12,48
6,11,6
55,20,51
48,15,50
29,15,25
29,13,24
42,1,15
59,13,44
29,14,18
28,8,10
43,0,31
28,18,31
9,12,8
29,16,19
3,10,6
62,7,29
61,0,20
41,2,23
44,0,24
30,4,6
34,7,13
48,12,49
32,9,15
41,7,48
34,10,51
61,8,31
11,18,12
36,6,36
26,20,31
50,18,59
5,8,3
18,19,16
26,2,2
29,19,22
63,3,22
55,16,48
25,20,53
29,16,32
5,21,16
19,21,47
51,16,47
63,12,39
4,18,11
56,11,41
26,19,52
48,3,34
31,9,37
21,16,12
40,6,46
38,5,23
33,12,58
2,10,5
32,2,3
44,2,35
47,7,42
28,10,11
27,18,34
45,9,48
27,3,4
52,11,44
27,14,47
6,21,15
30,12,21
0,8,4
41,3,37
54,12,45
54,4,31
40,2,22
29,16,60
9,20,16
29,16,21
31,10,19
49,10,44
24,18,15
22,16,14
53,2,27
8,6,2
14,19,16
60,18,49
18,20,19
32,15,61
40,3,27
40,3,19
37,3,7
54,10,42
6,19,13
23,19,18
33,9,33
28,15,56
15,7,4
16,23,39
57,7,35
35,7,42
36,10,55
1,6,2
24,20,33
18,8,9
44,0,27
23,22,21
52,19,57
10,17,11
26,7,8
36,9,54
3,22,18
51,4,34
23,21,19
25,16,47
30,13,56
34,7,17
21,3,3
4,11,6
36,8,53
15,7,5
25,5,6
29,14,27
35,8,18
23,17,49
1,15,9
46,3,34
59,22,53
43,5,40
28,2,2
33,9,32
8,16,8
57,23,59
52,7,38
30,12,35
31,9,40
57,23,53
28,13,47
33,6,10
28,20,27
14,6,4
25,21,32
58,9,36
23,17,48
32,9,35
41,1,26
6,6,2
30,14,28
35,11,57
37,9,53
36,6,38
26,23,27
42,0,27
57,0,22
34,6,13
33,14,63
23,17,39
18,4,3
21,19,46
44,9,49
53,21,61
30,10,42
44,1,33
21,19,17
56,22,61
37,11,53
34,7,18
56,11,43
23,21,53
34,1,4
33,7,12
27,17,58
47,9,44
46,17,58
28,13,39
5,17,9
9,21,17
38,11,50
43,8,49
48,16,49
12,19,14
47,13,51
41,1,34
52,17,55
55,14,45
21,22,59
28,12,38
7,21,17
9,5,1
18,23,21
21,9,9
57,23,60
49,16,51
60,8,34
4,19,14
44,14,54
11,21,16
20,20,37
24,17,38
24,20,56
28,13,46
41,0,8
10,22,17
56,18,49
23,19,37
56,21,56
39,9,52
37,10,49
32,13,59
41,2,34
43,16,57
29,14,22
29,16,33
55,19,56
27,13,14
46,8,45
59,15,45
25,22,23
44,3,37
27,21,28
37,5,32
50,2,32
53,2,28
27,4,5
32,13,58
39,17,63
11,4,0
58,11,39
41,4,42
58,6,32
18,22,37
10,18,13
23,16,13
28,16,34
29,13,22
41,10,52
58,13,42
48,1,31
3,13,6
27,15,36
31,9,11
57,9,36
30,10,27
40,11,53
27,13,46
63,13,41
26,16,14
53,2,30
20,3,3
37,13,60
42,7,47
60,9,34
59,0,21
32,10,20
39,8,48
22,19,38
2,14,9
21,15,12
17,23,36
42,6,46
0,12,8
17,23,52
28,12,43
31,12,55
49,12,48
1,11,7
10,12,8
48,14,48
29,11,42
35,7,29
26,20,30
57,17,48
8,7,4
38,13,57
24,16,39
57,6,32
56,20,52
16,6,3
29,2,3
10,20,16
35,12,61
32,11,55
26,23,24
40,0,8
26,15,44
63,17,47
59,4,27
30,11,44
39,5,44
30,11,24
31,4,5
50,1,30
63,4,24
22,20,19
16,15,11
53,20,59
27,19,63
57,11,42
57,4,29
11,16,9
51,1,28
8,17,11
33,8,29
15,6,3
36,12,54
28,17,29
8,6,1
40,9,51
53,23,63
15,8,7
39,10,48
14,16,11
38,8,51
18,16,12
31,9,38
15,4,1
24,9,11
42,1,24
13,16,11
54,16,47
57,11,39
30,16,60
13,15,10
60,12,41
42,1,12
4,12,6
25,16,38
24,1,1
43,1,13
36,15,61
3,19,15
29,14,17
27,17,61
39,3,32
29,11,13
44,8,46
59,10,39
28,21,27
47,1,30
57,21,58
25,23,30
21,23,34
33,13,61
22,23,63
50,2,30
37,5,21
21,18,47
42,2,33
47,10,48
48,13,48
23,3,2
58,11,40
41,1,8
28,18,27
12,16,11
17,22,21
33,7,13
35,6,33
35,8,51
28,18,63
25,3,2
24,20,53
60,20,52
35,5,11
29,16,58
54,19,58
30,17,62
17,21,20
37,6,45
17,22,38
25,15,45
30,13,27
53,11,42
28,19,32
33,15,62
26,23,28
14,13,10
36,6,15
10,7,3
17,3,0
17,22,20
39,9,53
32,6,8
52,2,30
31,10,26
29,16,53
30,11,29
24,18,17
33,8,32
19,7,7
11,9,6
54,20,59
50,5,36
24,9,9
57,22,58
41,1,12
25,9,10
61,13,41
15,9,8
55,23,62
43,0,20
50,16,55
33,11,55
23,23,22
24,13,11
52,18,56
15,23,22
9,9,5
63,4,23
36,7,47
50,18,57
46,4,38
27,18,32
39,14,58
0,6,2
37,5,22
30,11,14
31,9,35
17,6,4
51,18,58
34,16,63
36,13,60
3,18,15
22,18,40
29,8,11
40,0,5
57,8,37
30,14,35
42,4,39
55,15,47
53,14,46
11,23,21
46,12,52
31,5,7
12,12,10
35,12,59
2,8,5
21,18,44
40,3,15
11,9,5
27,16,17
63,6,27
11,11,9
63,9,33
61,11,39
47,17,56
28,13,40
25,20,54
63,20,51
29,11,15
56,21,58
34,10,49
12,11,9
3,19,16
8,19,14
40,0,6
22,4,3
46,5,38
35,5,8
17,6,6
39,3,31
28,16,58
22,22,34
37,2,6
36,5,25
29,16,59
53,18,55
8,16,9
37,4,37
36,11,54
25,15,46
33,15,63
29,11,19
54,1,26
19,21,45
47,0,28
52,4,32
26,15,41
35,12,58
20,19,17
34,8,26
25,8,8
52,5,35
29,12,46
42,17,60
44,17,59
26,18,52
9,22,18
1,20,18
31,10,40
60,9,35
0,15,11
5,6,1
44,1,32
56,21,52
33,8,22
4,6,2
56,12,42
42,1,22
37,7,49
29,18,62
36,6,33
25,17,49
6,22,18
47,15,56
33,9,21
45,3,37
31,8,11
42,0,10
22,7,7
47,11,50
10,14,8
54,8,37
36,14,60
39,3,21
31,10,39
20,19,46
23,22,32
5,20,16
50,17,56
37,17,62
29,9,11
10,14,9
25,18,17
44,9,50
43,1,21
25,19,61
8,16,10
56,14,45
2,13,6
21,18,39
22,2,1
19,20,47
20,14,11
60,18,50
35,6,31
18,21,50
49,5,38
51,16,48
43,1,30
22,23,62
28,14,46
47,7,43
38,10,46
17,21,43
41,6,44
59,15,47
42,0,25
39,7,48
41,1,35
17,7,5
29,16,61
40,9,48
48,9,43
27,18,51
22,5,4
52,11,43
26,14,45
40,9,49
11,21,17
37,5,24
38,6,41
51,11,46
43,1,19
22,15,12
37,5,12
34,13,59
33,6,8
8,22,17
60,7,33
58,11,41
43,19,63
28,13,41
28,20,20
17,17,13
35,10,56
59,10,38
46,4,37
14,14,10
57,14,45
53,19,56
44,8,48
36,7,41
3,15,8
27,16,15
22,22,22
58,9,37
51,15,47
27,1,1
32,4,7
42,15,57
27,17,59
52,9,42
49,4,34
8,19,12
52,23,63
58,14,44
40,5,41
46,16,57
47,5,38
13,5,2
35,7,30
20,16,12
29,10,12
41,4,41
30,10,14
56,2,27
41,11,53
35,2,5
45,16,57
20,21,45
41,8,49
1,19,18
52,3,32
16,23,41
57,12,43
44,0,20
35,4,7
42,1,33
58,13,44
57,21,52
2,20,19
57,2,26
49,16,56
36,5,26
10,13,8
15,17,12
50,6,39
17,22,40
30,10,15
59,16,48
13,13,10
9,21,15
33,7,27
10,11,8
26,18,56
27,19,62
36,6,26
19,6,6
62,0,18
48,16,55
35,11,60
56,20,55
21,5,4
4,7,3
29,19,25
21,23,63
22,20,35
35,7,19
49,6,39
0,22,23
37,5,15
14,17,12
52,7,37
13,21,19
56,16,47
30,17,63
32,10,21
23,21,59
26,17,55
20,5,4
61,8,34
39,9,46
37,12,59
44,11,52
33,12,57
36,9,50
55,17,49
1,21,19
29,14,33
22,2,0
24,23,30
27,17,50
60,2,22
1,9,6
35,6,35
37,8,49
27,22,28
22,23,59
39,3,15
30,13,57
40,2,34
32,8,34
10,13,9
30,10,20
41,3,24
61,6,27
28,13,42
46,17,57
21,19,48
51,17,55
46,19,61
47,8,44
33,8,20
53,4,32
52,18,52
48,0,28
51,6,38
28,4,5
49,9,44
51,3,32
25,21,20
41,2,16
3,16,11
1,23,22
37,0,3
18,22,44
5,12,7
53,5,35
51,12,46
29,18,25
39,6,45
29,18,31
61,14,43
27,22,26
4,5,1
48,13,51
32,11,46
63,10,35
49,16,55
24,5,4
27,17,15
59,11,39
52,16,47
35,8,43
31,12,49
33,8,14
22,1,0
49,9,43
30,15,31
54,22,63
54,19,54
30,11,35
62,0,17
20,13,11
11,23,19
40,3,38
39,4,19
17,8,8
52,1,28
29,20,25
38,4,26
30,11,41
38,4,33
29,18,24
30,6,8
40,4,19
31,10,14
43,7,44
26,17,58
54,2,29
48,16,50
39,1,9
29,11,20
2,15,10
42,15,55
44,15,55
39,4,13
40,7,50
49,13,48
24,20,20
63,22,55
40,2,23
61,14,42
60,1,22
52,18,54
6,21,16
9,18,12
40,11,54
61,5,28
59,23,58
32,10,24
29,7,9
27,21,24
41,2,27
61,12,39
28,14,48
25,21,31
41,16,61
25,6,7
17,4,2
29,11,41
61,0,19
36,8,45
63,11,37
30,14,54
38,0,3
46,20,62
46,7,43
5,18,11
28,12,13
25,16,40
59,2,25
15,21,20
33,11,49
62,4,24
60,4,25
23,23,31
26,21,22
29,15,26
55,16,47
27,20,30
33,8,38
20,21,51
40,13,57
58,0,20
21,18,16
24,20,52
56,0,21
25,17,36
49,19,61
34,7,15
23,4,4
39,7,49
48,14,54
39,11,56
19,21,49
22,14,11
60,0,18
37,4,27
44,13,54
21,18,40
37,10,57
23,13,11
60,0,17
34,12,60
48,7,41
61,21,53
0,23,23
29,12,24
56,21,50
29,12,41
35,8,52
35,14,62
18,12,10
32,12,48
24,2,2
42,1,30
29,18,30
36,4,8
19,18,16
45,6,42
35,9,47
52,1,26
50,16,49
22,4,4
35,7,35
29,11,14
32,11,51
49,17,57
54,17,47
41,15,57
27,15,13
36,6,37
46,1,34
12,12,9
14,7,5
9,23,19
26,18,34
42,1,17
52,17,47
48,13,49
31,11,46
57,22,54
58,23,55
37,4,13
26,22,29
10,21,17
24,6,6
42,9,50
9,15,8
26,10,11
2,22,20
30,9,12
44,0,29
47,12,50
20,23,35
5,21,15
42,11,54
57,13,44
38,4,12
59,19,51
47,4,37
35,11,61
37,4,32
4,21,16
21,4,3
6,10,5
58,23,53
36,0,2
48,17,56
44,11,53
39,3,14
21,21,34
31,13,51
25,7,8
27,21,26
43,7,45
61,10,36
27,17,54
25,20,62
38,5,15
23,20,19
14,10,8
18,17,14
21,9,10
0,10,6
54,19,50
36,6,18
59,1,23
25,18,15
22,23,33
32,10,16
18,22,48
28,13,37
34,13,61
24,21,53
36,9,52
28,20,23
45,20,62
61,2,22
23,17,42
21,6,5
28,17,57
58,8,34
62,3,23
38,4,32
59,8,35
54,12,43
22,17,42
42,2,14
34,8,33
31,12,48
48,14,53
30,11,19
27,16,49
32,8,38
3,10,5
5,16,9
37,3,9
22,21,33
29,17,62
29,2,2
30,13,54
21,16,14
29,15,27
20,18,16
63,14,42
55,11,43
34,2,4
12,8,5
21,22,21
28,2,3
32,12,59
17,23,50
26,6,7
37,4,12
61,13,42
45,8,44
1,22,21
31,13,57
29,18,26
36,2,4
23,5,5
38,3,33
26,19,63
39,16,60
19,9,9
29,11,36
26,4,4
48,11,48
0,23,22
43,20,63
49,14,52
30,2,3
43,5,41
63,5,24
62,15,44
25,7,7
50,3,31
16,7,7
46,16,58
1,16,14
6,15,8
50,6,36
23,18,16
59,17,48
26,17,14
34,8,19
50,7,39
2,23,21
19,21,43
22,17,14
24,17,15
54,1,27
25,20,61
32,1,1
2,7,2
28,14,37
28,16,50
36,6,13
54,11,44
23,22,63
55,21,58
36,5,33
42,2,19
37,8,47
59,23,57
12,10,7
19,4,3
54,19,53
8,4,0
38,3,11
29,10,13
49,6,38
42,1,11
38,11,53
22,8,8
36,7,18
23,6,6
42,2,15
56,1,25
37,4,9
20,21,19
27,7,8
38,13,58
2,20,18
31,10,38
33,8,13
45,21,63
18,23,36
36,6,25
33,8,25
53,21,60
32,13,57
19,21,20
55,7,35
17,21,19
32,11,50
29,17,22
30,14,56
22,22,60
23,21,33
25,19,60
14,20,16
16,13,10
4,17,11
27,17,17
35,6,12
30,16,61
60,14,44
3,20,16
36,11,59
21,4,4
26,17,57
31,10,24
23,20,61
41,16,60
43,15,55
32,9,23
23,5,4
39,5,40
37,5,17
30,9,11
30,13,29
28,14,47
25,20,20
55,20,57
10,18,12
38,9,53
26,8,8
42,1,19
50,1,29
44,5,41
44,19,60
13,19,14
50,1,28
59,15,46
53,19,59
29,10,14
61,15,43
27,22,22
28,14,40
63,11,36
57,8,35
63,19,48
62,5,27
61,22,54
15,10,9
20,22,36
55,20,56
62,18,48
20,23,53
15,7,6
51,17,56
39,9,47
58,23,61
19,20,19
20,19,16
32,9,20
24,21,31
21,5,5
28,15,15
24,18,35
28,17,59
40,16,60
49,15,54
56,21,59
39,6,46
6,20,14
44,6,43
47,3,36
10,8,5
0,4,0
11,17,10
48,15,55
16,7,6
35,7,22
50,15,54
14,9,8
35,8,42
8,5,1
22,20,51
20,8,9
52,7,39
15,10,10
35,6,32
19,3,2
22,21,21
33,1,2
36,3,7
47,10,47
63,19,49
44,0,30
26,15,48
33,9,18
50,15,52
51,11,45
10,10,7
38,3,28
48,22,63
52,1,29
15,4,0
52,5,34
36,4,11
38,4,13
46,5,40
51,16,55
45,16,58
33,8,15
3,7,3
37,10,54
56,20,51
26,21,21
55,10,39
49,11,45
37,4,25
43,1,12
24,20,18
27,21,30
48,4,35
52,6,35
24,17,39
33,8,18
31,12,47
50,11,45
40,3,26
28,18,30
37,4,28
11,17,12
28,14,39
29,15,50
51,0,26
0,20,19
15,19,16
19,23,53
29,16,18
41,1,25
53,7,38
41,2,25
50,17,50
21,14,12
25,18,56
55,7,34
50,16,51
27,22,27
47,12,51
29,12,38
39,3,37
12,10,9
35,7,16
61,15,44
56,13,45
51,9,41
30,10,26
23,20,36
22,17,43
35,7,40
43,0,25
26,23,23
14,17,14
50,14,48
23,23,32
27,18,19
29,12,39
17,23,48
59,1,21
7,20,14
62,17,47
63,0,16
43,0,24
40,3,35
21,19,49
30,15,32
27,14,14
18,14,11
7,22,18
11,19,14
23,18,38
32,10,25
28,7,8
26,22,30
25,19,51
40,6,45
38,15,60
61,8,33
29,14,21
16,10,10
37,6,15
7,7,2
40,2,30
41,2,13
3,13,7
26,17,50
62,2,21
35,7,37
39,3,36
2,5,0
8,8,3
25,1,0
30,13,53
27,16,50
53,7,36
63,22,53
42,19,62
16,23,46
61,20,52
20,22,21
28,14,38
12,6,2
22,22,56
37,4,30
17,23,49
5,5,1
25,22,29
36,13,61
36,5,28
28,11,12
38,3,31
61,6,30
24,19,33
46,11,51
42,18,61
5,19,12
47,21,63
13,6,3
33,4,6
21,21,37
39,8,51
27,14,39
53,10,42
6,8,4
36,6,41
61,21,54
33,9,34
33,11,53
62,18,47
24,5,6
24,1,0
29,16,29
3,19,13
49,16,52
41,0,9
30,12,29
35,7,20
34,7,27
39,3,25
26,22,22
26,15,13
2,21,21
31,0,0
58,21,51
9,11,7
1,22,22
46,14,54
37,6,18
17,23,42
26,19,19
25,16,14
11,6,3
59,3,24
29,12,26
24,20,34
59,8,34
8,8,5
57,10,39
20,18,15
47,9,47
36,5,27
63,8,30
22,21,56
26,17,15
22,15,13
59,5,30
55,9,38
37,4,35
43,1,33
56,12,43
37,2,7
49,20,62
40,12,56
32,0,1
31,12,56
32,9,37
27,2,1
57,0,20
47,11,47
30,11,16
63,18,47
37,13,56
18,2,1
22,7,8
56,3,29
8,21,16
32,9,28
27,5,6
9,18,13
40,10,49
55,4,31
21,20,45
14,22,19
46,1,31
56,21,55
31,11,28
46,7,42
57,10,40
24,8,9
25,2,1
62,2,22
28,12,40
42,7,46
57,19,49
53,11,45
31,14,49
54,19,55
49,15,51
62,16,45
56,17,49
35,5,10
21,10,11
38,4,39
33,8,40
52,8,39
26,14,41
37,17,63
62,20,52
33,12,59
9,22,17
41,10,53
43,4,39
18,5,4
17,22,43
51,22,63
29,13,35
23,22,31
49,15,55
63,21,51
18,21,19
37,11,54
36,12,60
28,15,17
38,0,4
24,9,10
49,10,45
32,7,9
18,23,51
2,17,12
37,9,54
58,10,37
41,1,29
29,12,20
61,14,44
43,4,41
18,18,15
39,3,28
48,2,31
36,7,46
37,8,52
35,6,14
22,18,15
47,5,39
44,0,12
61,1,20
17,23,45
52,17,46
32,9,25
19,7,6
4,5,0
28,17,52
30,14,53
55,19,55
42,2,35
5,21,17
25,18,59
21,22,62
59,12,41
28,12,12
45,0,14
34,5,9
22,10,11
1,10,6
24,18,49
15,9,9
44,1,30
15,16,11
27,15,12
52,12,46
35,6,9
22,22,54
26,12,12
31,11,43
54,1,25
30,17,29
30,14,22
22,21,19
3,6,1
13,9,6
51,8,39
57,17,50
30,4,5
48,9,44
19,20,44
39,9,54
31,10,45
6,18,12
56,20,49
54,7,37
54,21,61
56,4,30
9,21,16
8,23,18
38,8,50
22,21,53
35,8,48
57,13,43
39,4,23
45,4,39
2,18,15
21,17,14
37,9,49
59,9,35
29,11,26
39,4,25
44,20,63
34,11,60
24,20,19
15,17,13
37,4,26
27,21,27
43,1,34
30,14,31
1,16,12
30,11,38
35,6,16
31,10,30
19,4,2
39,11,54
50,16,47
29,12,18
18,21,45
48,13,53
36,3,9
3,20,15
33,16,61
25,21,63
56,0,23
33,2,4
26,12,11
41,16,57
28,18,18
42,15,56
20,19,48
43,0,18
5,20,15
55,11,42
42,2,20
18,11,10
8,15,8
16,21,18
16,16,12
21,23,60
42,0,9
22,21,59
18,3,1
41,18,62
46,11,49
12,20,17
18,19,17
50,21,63
39,5,41
49,2,31
9,6,1
28,17,61
63,15,43
30,12,46
56,5,31
44,19,62
37,10,55
28,13,38
37,5,39
32,1,2
12,20,15
22,22,21
40,14,57
17,23,21
60,6,31
13,7,4
38,5,19
29,20,21
21,10,10
33,8,36
0,21,20
28,14,17
55,1,25
30,13,31
57,5,31
30,10,13
0,14,11
37,8,51
29,0,0
20,20,39
30,13,34
34,13,60
3,15,9
25,18,36
42,1,20
43,1,31
31,10,18
28,19,21
1,16,13
30,10,12
17,9,9
27,17,18
23,20,51
51,5,35
40,2,24
57,18,49
62,13,39
60,8,35
33,1,1
34,8,41
40,2,27
29,14,34
48,3,35
32,11,54
38,10,50
54,0,23
29,13,46
47,0,30
62,3,22
6,19,12
60,6,28
38,4,14
49,16,50
1,14,10
33,9,46
29,17,21
30,12,20
22,21,35
36,4,10
37,6,17
34,7,16
15,3,0
28,16,54
33,9,44
30,12,31
17,7,6
21,2,2
22,22,58
8,10,7
47,8,42
19,17,14
21,22,20
11,9,7
44,0,31
21,23,53
45,18,59
38,12,54
61,0,18
38,4,22
53,22,61
53,19,50
60,16,47
22,19,50
60,7,31
63,8,31
63,20,50
7,7,3
39,7,46
43,3,38
50,3,32
30,11,17
42,0,30
46,14,55
61,19,50
25,15,12
46,13,54
49,1,31
30,11,33
61,7,29
49,8,41
61,0,17
40,5,42
26,21,20
49,14,53
41,7,46
28,11,13
32,11,48
34,8,40
5,5,0
3,17,10
42,18,62
31,14,60
36,13,59
30,14,30
46,10,48
24,16,47
41,3,19
38,3,30
39,16,62
19,22,22
35,6,10
41,2,24
46,9,47
32,10,46
30,14,50
47,12,49
50,17,48
54,20,56
50,12,47
34,7,23
38,5,37
31,14,53
22,20,52
51,16,53
43,7,46
42,0,28
47,3,34
52,0,24
17,21,18
27,19,18
23,3,3
14,4,0
18,23,44
38,7,47
20,9,10
30,15,53
62,1,18
29,17,20
53,8,40
14,23,21
25,18,55
24,2,1
46,8,46
35,6,39
35,6,26
23,21,62
12,4,1
56,14,46
18,7,7
14,9,6
29,15,33
13,16,12
49,3,32
42,10,52
57,22,52
36,11,53
11,5,2
27,14,15
35,12,56
19,15,11
10,9,7
42,1,21
50,19,60
33,11,52
53,10,43
25,19,54
1,21,20
28,14,16
22,19,49
46,11,50
13,10,7
5,22,18
56,5,32
25,16,42
24,22,31
8,18,11
60,14,43
35,6,34
44,0,32
40,4,41
57,10,38
19,21,48
3,5,0
16,19,16
28,20,22
57,22,59
25,16,41
51,1,29
9,9,6
40,3,21
60,3,24
13,7,3
62,6,27
17,9,10
23,20,34
22,3,3
39,15,60
58,2,23
22,2,2
40,9,53
56,12,44
42,11,53
32,1,3
31,10,17
24,22,22
26,14,12
4,8,4
52,2,29
26,15,46
33,7,37
31,11,31
6,20,15
34,8,24
14,4,1
34,7,11
20,23,22
39,7,45
31,1,1
56,10,39
21,19,16
44,15,56
47,16,57
31,13,58
29,19,29
33,5,9
18,20,18
8,10,6
39,5,21
29,5,7
63,16,44
29,12,37
41,6,46
9,19,13
63,11,35
29,18,22
2,23,22
60,4,27
42,1,27
1,16,11
62,9,33
43,4,40
7,17,11
23,18,48
38,5,42
61,7,31
1,17,13
41,0,7
36,8,48
43,0,19
53,5,33
39,4,17
38,14,59
48,2,33
36,5,37
55,9,39
46,12,53
22,23,32
39,3,20
0,19,18
27,13,42
33,9,31
26,22,26
47,8,43
31,3,3
18,6,5
17,23,47
11,13,10
45,3,38
26,17,56
38,18,63
29,7,10
5,13,8
48,7,42
63,7,27
56,5,33
40,4,16
40,2,14
25,23,28
26,13,12
52,18,57
24,20,55
38,4,29
59,13,43
29,20,30
29,12,42
20,20,51
60,21,53
19,20,39
50,5,35
42,2,17
30,8,10
13,12,10
37,6,41
19,5,5
62,10,34
29,16,26
27,13,41
21,14,11
34,6,10
51,0,28
32,9,36
7,21,16
61,3,22
29,15,57
37,2,8
47,9,45
26,18,33
2,16,10
12,4,0
49,18,58
29,16,20
20,19,39
39,3,34
16,18,15
22,21,60
36,6,14
14,22,21
51,7,38
28,19,63
62,20,50
29,12,44
30,15,59
2,15,8
13,18,13
8,8,4
38,0,5
23,21,60
27,18,33
8,20,15
2,8,4
13,20,16
35,6,40
37,6,19
37,13,59
16,18,14
36,7,50
33,4,8
45,0,31
38,4,34
29,16,51
45,19,60
34,9,47
4,15,8
37,10,50
24,16,42
44,10,50
18,4,2
51,20,60
0,8,5
58,12,40
22,9,9
6,5,1
39,6,44
54,18,49
40,11,55
49,18,59
30,16,62
58,3,28
36,7,19
35,13,61
62,15,42
40,1,7
41,0,6
47,14,55
29,13,36
7,12,8
29,14,58
8,23,19
0,18,16
56,22,59
48,2,34
32,9,26
29,18,21
37,12,57
30,12,22
18,20,17
6,16,9
25,15,43
5,17,10
30,12,23
38,6,48
28,20,29
34,2,3
56,5,30
47,13,52
33,9,23
40,13,56
37,14,61
53,17,46
53,17,47
29,20,26
37,6,42
23,6,5
60,7,32
61,4,26
22,21,36
59,1,22
12,21,17
13,4,0
29,14,57
34,9,51
49,5,36
61,19,51
41,17,61
37,5,14
46,0,27
33,8,27
34,8,20
19,21,44
27,15,14
1,20,20
56,3,27
2,19,17
30,6,7
39,3,29
57,15,46
58,17,50
63,15,42
58,22,57
21,2,1
16,3,0
52,5,33
15,11,10
24,21,56
36,16,62
21,16,13
2,12,7
23,21,32
46,11,52
4,18,12
26,22,25
24,20,60
35,6,13
49,15,49
2,14,8
32,8,39
51,9,42
29,17,26
33,16,63
20,22,35
42,1,25
59,20,52
31,16,62
12,17,11
39,12,57
31,10,20
45,8,46
35,11,59
15,14,10
33,7,36
43,0,9
29,13,15
19,20,50
39,2,35
45,12,54
14,3,0
24,19,17
23,8,9
5,13,7
29,13,17
39,5,43
34,8,32
30,12,44
30,15,33
16,4,0
20,5,5
51,17,54
7,5,0
47,11,49
28,8,9
25,2,2
29,7,8
3,16,8
49,21,63
13,17,12
23,17,44
40,15,58
37,3,8
53,18,56
39,2,33
22,21,34
45,7,44
34,7,39
27,12,13
9,19,14
38,5,18
32,9,42
6,7,3
50,20,61
44,14,55
30,16,29
14,19,15
9,16,9
38,11,54
4,17,10
27,19,31
8,13,7
17,20,18
28,21,26
51,17,53
54,3,30
55,14,46
18,6,4
