57,2,6
57,6,2
45,3,0
52,5,1
58,4,3
55,0,8
52,3,2
45,1,4
29,0,0
45,4,0
55,7,0
48,2,5
63,5,3
63,8,1
51,5,0
59,7,0
55,6,0
56,3,5
61,8,0
43,3,2
41,0,3
61,1,8
62,7,1
62,6,3
58,5,3
47,3,2
63,9,0
62,0,9
34,1,1
45,3,1
53,1,7
38,2,1
38,1,1
42,0,5
44,0,4
57,5,2
61,2,7
37,2,0
43,2,3
44,4,0
63,0,10
63,0,9
58,7,0
53,4,3
33,0,0
50,0,8
38,1,2
45,2,3
56,5,1
57,0,9
53,1,5
51,1,6
50,3,3
54,3,2
34,0,1
53,0,7
53,2,5
45,1,3
38,1,3
50,1,7
62,4,4
63,6,2
63,8,0
62,8,0
54,5,0
63,4,6
58,6,1
56,2,6
38,0,3
45,2,2
50,1,6
56,5,2
52,3,4
42,2,3
48,1,5
47,2,3
44,0,6
54,6,0
46,2,3
48,3,3
48,2,4
49,4,1
51,3,3
44,1,5
57,7,0
60,4,5
44,3,0
61,3,5
60,8,0
35,1,0
57,5,3
39,1,1
39,1,2
57,4,4
41,2,1
56,0,7
57,1,7
60,0,10
40,2,0
44,0,5
40,3,0
58,7,1
53,5,1
48,2,3
52,1,7
36,1,0
59,2,7
55,4,2
62,1,8
48,0,8
40,3,1
60,1,8
56,6,0
54,1,7
54,5,1
31,1,0
30,0,1
50,5,0
49,3,3
59,0,10
48,3,2
41,1,4
61,4,5
63,5,4
33,0,2
55,1,7
59,2,6
28,0,0
57,1,6
54,2,6
61,9,0
38,3,0
42,3,1
47,2,4
56,1,7
62,3,5
54,4,2
46,4,0
60,5,2
33,0,1
51,1,7
63,4,4
39,1,3
48,5,0
45,2,4
45,4,1
57,6,0
58,6,2
48,4,2
32,2,0
52,4,3
46,4,1
62,7,0
50,0,9
52,0,7
57,1,8
51,4,2
53,5,0
56,4,4
53,4,2
36,0,3
56,4,2
43,0,4
56,4,3
51,0,7
46,1,6
54,3,3
46,3,3
58,0,9
40,0,5
37,0,3
61,6,2
48,0,7
36,0,2
58,1,8
41,3,0
58,2,7
61,0,10
42,3,0
33,1,1
35,0,3
46,3,2
59,0,8
57,2,7
56,0,9
40,2,2
37,1,2
46,1,5
37,3,0
52,3,3
61,7,2
43,2,2
35,2,0
62,4,5
42,1,4
43,3,1
52,0,8
60,6,2
63,4,5
32,0,0
58,3,5
43,0,5
58,4,4
37,1,1
43,2,1
59,1,8
62,2,8
54,1,5
43,1,5
50,4,2
63,1,9
50,2,4
43,4,0
41,0,4
44,3,2
41,1,2
50,3,4
61,2,8
46,0,6
60,5,4
62,3,6
44,2,2
63,7,1
49,0,7
52,2,4
55,5,2
39,0,3
58,5,2
30,0,0
41,3,1
53,3,3
63,2,8
53,3,4
52,4,2
43,0,6
58,0,8
43,3,0
39,2,2
39,0,4
57,0,8
52,2,5
52,5,0
60,6,1
58,2,5
63,7,2
61,0,9
40,2,1
54,4,3
40,1,3
51,5,1
39,2,1
47,1,5
60,1,7
47,3,3
41,2,2
63,1,10
48,1,6
62,6,2
48,4,1
59,7,1
63,2,7
61,2,6
36,3,0
60,3,5
58,3,6
44,1,3
52,1,5
58,1,7
56,0,8
56,7,0
54,0,8
60,5,3
59,6,1
61,1,9
40,1,2
51,1,5
43,1,4
55,2,5
47,1,6
49,3,2
34,1,0
55,4,1
55,1,6
53,4,1
58,2,6
47,4,0
34,2,0
45,0,7
42,2,2
56,1,8
57,3,5
62,0,10
61,5,4
42,0,4
36,2,0
37,0,2
59,5,2
35,1,1
46,0,7
63,3,6
62,5,3
53,3,2
56,2,5
54,4,1
49,2,4
42,3,2
63,5,5
59,5,3
59,4,5
55,0,9
53,0,8
55,0,7
53,6,0
59,8,0
60,1,9
60,7,0
45,1,5
51,0,9
61,3,6
49,5,1
60,2,7
32,0,1
57,3,6
57,4,3
48,4,0
42,1,3
45,3,2
54,0,9
49,1,7
47,4,1
59,3,4
52,2,6
52,1,6
50,0,7
56,3,4
54,2,5
34,0,2
49,0,8
47,0,6
31,0,0
62,8,1
49,2,5
49,1,5
59,6,2
57,6,1
54,0,7
57,3,4
60,7,1
38,0,2
54,1,6
63,0,11
50,4,1
47,1,4
49,4,2
36,1,1
58,6,0
59,4,3
44,3,1
61,4,4
35,0,2
37,2,1
45,0,5
54,3,4
40,0,4
31,0,1
55,2,6
43,1,3
35,0,1
55,2,4
53,2,4
47,3,1
51,2,5
51,2,4
52,0,9
61,6,3
47,0,7
56,6,1
60,3,6
41,0,5
63,6,3
54,2,4
38,2,0
42,4,0
53,1,6
44,1,4
50,1,5
38,0,4
62,7,2
49,1,6
39,3,0
59,0,9
59,1,9
46,2,4
51,3,2
51,3,4
60,2,6
32,1,0
60,4,4
46,2,2
59,3,5
55,3,3
47,0,8
41,4,0
49,5,0
39,2,0
59,4,4
55,3,4
46,3,1
63,1,8
55,3,5
51,4,1
62,2,7
55,5,1
55,5,0
45,0,6
47,5,0
36,0,1
62,3,7
63,3,7
62,5,4
61,8,1
55,4,3
61,7,0
40,0,3
61,7,1
62,9,0
51,0,8
36,1,2
62,1,9
57,5,1
50,2,5
50,5,1
57,2,5
61,5,3
56,1,6
42,2,1
41,1,3
59,1,7
33,1,0
47,2,5
59,3,6
49,4,0
32,1,1
44,2,3
50,3,2
60,0,9
48,0,6
49,3,4
52,4,1
46,1,4
58,3,4
