40,9,1
61,0,2
41,9,2
43,10,1
31,12,0
22,1,9
42,9,4
33,12,3
44,1,8
19,13,0
36,4,7
40,11,1
15,2,9
4,9,0
59,5,1
20,11,1
9,10,2
3,4,6
35,11,4
11,14,0
21,7,4
0,9,2
7,1,10
4,6,6
24,0,10
10,10,3
12,7,3
32,13,0
31,8,6
39,12,3
12,10,2
19,10,0
12,6,6
39,3,8
13,5,7
38,10,3
34,11,2
20,10,1
6,6,6
52,6,1
41,0,8
28,10,1
26,12,3
17,0,11
32,6,6
25,13,1
35,9,4
40,5,9
17,9,5
21,11,2
17,11,1
34,11,4
12,2,9
22,6,5
15,3,9
18,8,5
13,5,8
2,4,5
28,11,3
15,2,10
45,8,3
3,3,9
28,13,1
45,7,3
43,3,8
43,10,2
18,4,6
37,12,0
29,11,2
21,3,9
9,13,0
1,2,8
63,1,2
34,9,4
33,11,3
11,13,0
21,10,0
42,6,5
44,7,5
50,2,5
11,0,10
58,0,2
8,11,3
22,6,7
43,8,1
34,4,8
40,13,1
15,6,7
40,6,5
35,12,4
38,10,4
22,10,1
47,0,6
23,6,7
11,6,6
16,5,6
10,14,0
2,6,3
2,10,0
13,9,5
7,8,2
41,13,0
20,13,1
30,14,0
19,10,3
24,13,0
12,11,0
42,12,1
10,4,7
39,9,5
2,8,4
8,5,6
45,2,7
47,3,5
11,9,4
44,2,8
46,6,4
18,7,3
51,0,3
10,7,8
44,8,2
28,5,6
32,14,0
12,8,3
28,14,0
32,2,9
38,8,4
43,9,4
36,10,1
36,2,8
47,8,2
17,5,7
10,10,1
51,5,3
32,12,4
27,3,7
21,12,0
17,2,10
31,13,2
12,9,4
16,7,3
29,9,6
46,7,2
38,7,6
5,11,2
39,8,4
25,12,0
20,8,3
35,4,7
60,4,0
38,11,1
42,1,8
4,2,8
32,9,5
38,10,0
19,8,6
11,5,5
0,6,7
15,8,1
44,8,6
48,9,0
18,6,7
6,8,6
8,8,3
7,6,5
28,6,6
8,5,7
19,9,4
39,5,8
18,4,8
8,6,7
5,11,3
0,5,4
11,5,6
20,9,2
60,6,0
5,12,0
23,14,1
44,11,0
21,9,1
52,2,3
39,9,4
2,8,5
37,14,0
1,7,2
19,11,0
21,5,7
5,9,0
30,13,0
45,6,5
36,12,0
28,3,8
2,3,9
23,4,8
8,7,7
20,11,2
19,9,0
44,9,0
37,11,1
24,11,0
2,3,6
10,7,3
48,5,5
36,12,3
40,12,3
12,5,5
46,0,7
24,7,4
22,7,3
18,5,5
23,4,9
27,8,5
37,11,0
36,13,2
4,10,2
32,9,4
2,3,8
43,7,4
34,6,7
41,12,2
15,10,4
0,7,5
36,9,5
47,11,0
13,5,5
3,9,3
47,9,0
42,8,1
10,8,7
0,8,1
33,15,0
6,9,2
2,9,0
16,5,5
41,12,1
29,7,5
32,11,3
6,10,3
32,1,9
31,12,1
43,5,6
9,10,4
29,6,6
32,15,1
19,3,8
9,4,10
45,6,3
19,6,4
5,13,0
6,2,11
21,6,4
37,7,5
60,3,2
21,9,4
3,5,6
28,9,4
31,3,8
18,6,3
3,7,7
10,5,8
30,10,3
14,6,6
7,3,8
20,10,0
15,12,0
31,12,3
47,7,2
6,11,2
52,9,0
24,12,0
7,10,4
15,9,3
9,10,1
31,10,5
29,0,8
54,8,0
16,1,10
5,2,9
47,9,1
16,9,3
12,11,3
21,5,9
39,14,1
32,5,8
53,1,3
19,4,6
45,6,4
19,2,8
7,13,1
11,8,6
4,6,4
29,9,2
23,2,9
9,8,4
19,8,3
37,0,8
0,12,0
5,3,9
49,7,1
20,7,4
46,6,3
59,6,1
32,7,6
25,6,7
44,8,4
51,8,2
8,7,5
36,11,0
6,9,1
33,14,0
51,1,3
3,1,9
0,9,0
35,10,3
33,4,9
14,4,9
40,5,8
49,2,4
11,4,8
61,3,1
32,14,1
35,11,1
44,2,7
1,6,6
43,4,6
9,4,8
60,2,2
2,4,6
49,6,3
8,13,1
59,2,2
2,8,3
4,9,3
34,2,8
53,3,2
53,9,0
48,3,4
15,12,1
8,8,4
6,9,4
11,7,7
57,5,0
28,8,6
16,10,5
26,3,9
18,0,11
29,10,3
26,7,5
20,10,3
22,8,6
8,10,1
8,9,3
22,9,4
41,9,0
31,6,8
6,8,3
26,8,5
13,2,9
31,3,9
12,5,8
32,12,3
2,12,0
30,12,2
0,5,7
14,5,7
50,5,2
6,4,7
36,6,6
14,4,10
7,10,1
42,6,7
23,3,9
1,8,0
1,3,6
7,11,3
3,7,5
61,1,1
46,4,6
20,9,6
24,4,7
29,14,0
41,7,6
12,1,10
2,9,4
5,8,5
41,3,8
1,8,1
10,10,0
27,13,3
7,3,10
1,7,5
39,10,2
15,10,5
1,8,5
31,13,0
20,7,6
41,11,1
6,3,10
33,14,1
27,8,7
23,6,5
56,5,0
48,1,6
39,13,2
17,7,4
31,5,8
0,11,0
48,3,6
14,11,0
12,3,8
45,10,3
1,4,8
20,4,7
37,11,2
31,16,0
26,2,8
37,8,6
36,7,6
42,3,7
0,3,7
10,8,6
8,12,0
19,0,10
26,4,7
58,8,1
13,8,2
1,6,7
21,13,1
21,8,4
57,5,2
22,7,7
1,2,9
13,1,10
50,0,4
49,0,6
1,1,9
9,5,7
38,12,3
13,4,8
53,5,1
5,10,1
59,6,0
18,11,1
34,4,9
14,4,7
58,5,0
36,8,4
62,3,0
15,6,4
39,0,8
60,8,0
58,4,1
5,5,8
50,8,0
59,3,2
15,11,1
39,3,7
15,9,1
8,9,1
48,2,6
5,12,1
2,9,3
29,7,7
31,11,2
8,11,1
0,5,3
12,13,1
6,13,0
27,7,4
23,10,1
5,7,6
19,7,4
9,8,2
23,12,2
48,7,1
26,11,2
20,7,3
26,9,2
5,8,4
16,7,6
27,9,6
59,7,0
29,8,5
14,3,8
16,8,4
4,4,6
26,6,5
34,12,3
52,4,3
23,9,2
20,9,4
6,7,5
24,9,4
42,6,6
35,5,8
22,7,5
17,0,10
8,9,5
26,2,9
6,12,1
30,9,3
16,1,9
10,12,0
0,5,5
28,11,2
28,9,2
38,11,3
12,10,3
28,7,4
38,12,0
40,10,4
38,9,3
8,4,8
23,11,2
35,12,1
26,5,8
1,9,2
50,7,2
31,2,9
21,10,1
10,9,3
31,12,2
44,8,5
35,3,7
13,11,3
26,1,9
18,7,7
49,6,1
59,4,2
5,9,2
15,10,0
23,10,4
30,13,2
26,12,2
35,9,3
44,7,6
17,10,3
35,11,3
8,12,1
21,1,10
20,4,9
45,7,2
34,10,5
17,7,3
46,4,7
13,7,4
1,4,5
7,7,6
4,6,5
12,6,5
47,6,2
24,12,3
9,10,0
11,8,5
45,3,7
9,11,1
2,4,7
13,11,2
10,0,11
57,6,0
37,5,6
20,7,5
17,4,6
26,13,1
46,5,3
9,8,7
0,11,1
60,7,0
5,7,4
46,8,0
26,4,8
35,15,1
51,2,3
8,10,0
44,4,7
46,9,2
38,10,1
23,2,10
11,3,9
23,3,8
0,9,1
9,7,6
36,9,4
25,8,4
44,8,3
38,3,8
24,6,6
36,13,3
16,6,7
10,5,10
15,13,0
3,4,5
17,9,6
16,3,10
8,10,5
28,10,4
46,4,5
31,10,4
20,5,9
23,4,7
21,5,6
15,7,4
47,6,5
16,11,3
22,5,6
32,12,1
50,8,2
39,11,3
19,9,6
11,1,10
18,7,5
23,7,4
22,10,4
39,9,3
16,2,10
44,6,6
24,14,0
0,7,2
9,9,3
33,3,8
16,10,1
9,4,9
38,10,2
61,1,2
38,1,8
8,1,10
51,3,3
17,1,11
1,7,1
49,2,5
6,8,2
60,4,1
0,5,6
6,6,4
35,10,2
10,8,4
52,5,2
6,10,2
36,13,1
28,4,8
28,8,4
34,12,2
28,15,0
14,9,4
16,10,4
45,7,5
40,9,4
45,5,7
63,6,0
31,8,7
33,12,0
48,3,5
43,8,6
22,13,2
32,10,6
54,3,2
8,3,9
2,7,7
16,12,1
23,11,1
16,0,10
42,9,2
54,6,0
38,0,8
23,9,1
34,12,1
11,7,4
18,9,3
25,5,6
1,10,0
22,10,2
51,4,3
39,6,5
1,11,1
22,8,2
31,8,5
56,4,2
45,9,1
21,8,5
54,5,1
42,0,8
12,10,0
36,5,8
15,8,2
4,10,1
40,11,0
30,8,5
51,0,4
47,7,4
34,7,6
55,0,2
52,6,0
48,5,4
29,13,3
18,11,3
5,7,5
56,5,1
32,12,2
3,8,4
53,6,1
26,12,0
3,11,2
32,7,7
13,7,7
41,5,5
54,2,2
27,0,8
63,3,1
5,5,9
19,7,5
17,11,0
39,14,0
12,9,3
42,11,2
40,8,5
36,0,9
55,5,2
19,4,7
30,7,7
61,2,1
18,2,8
8,4,10
31,11,3
10,13,1
33,3,7
6,4,8
12,13,0
27,5,7
47,10,0
11,6,8
38,13,0
6,6,8
42,7,4
23,7,5
10,7,7
26,13,2
24,10,3
3,9,2
0,10,1
12,8,6
16,13,0
30,9,6
27,0,9
14,9,3
34,3,8
36,0,8
10,8,5
40,12,0
17,8,3
30,14,2
14,11,3
13,10,1
50,0,5
24,10,5
11,11,1
25,9,2
25,4,7
36,7,5
51,6,2
49,5,2
2,6,2
50,7,0
20,6,4
43,6,3
58,3,2
63,2,1
20,3,8
16,11,1
40,7,3
52,6,2
31,10,2
63,1,1
9,7,4
4,12,0
29,7,6
16,5,7
8,6,5
44,4,5
13,13,1
4,3,7
47,8,0
35,4,8
16,7,5
23,8,3
34,3,7
7,5,9
17,4,7
50,7,4
44,9,4
41,8,3
32,13,1
46,5,4
43,13,1
13,5,9
16,9,1
8,8,7
34,8,6
7,6,7
27,13,0
37,6,7
56,6,0
18,7,6
36,13,0
42,4,7
29,9,3
45,10,0
26,11,1
30,13,1
12,6,7
17,5,6
21,11,0
52,1,3
40,4,7
12,7,7
59,4,1
37,8,5
51,7,2
45,5,4
22,11,3
4,9,2
11,10,0
32,11,2
32,10,4
9,3,8
42,9,6
42,9,0
46,10,2
22,13,0
13,6,6
33,11,5
46,6,6
53,3,3
22,7,6
14,9,2
44,8,0
35,6,6
22,5,7
53,7,1
19,7,3
9,2,9
33,14,2
30,3,8
18,9,1
6,8,5
39,12,1
46,8,2
38,14,1
25,11,1
38,9,5
17,5,9
43,5,4
43,9,1
33,9,5
29,5,7
61,5,0
45,12,0
19,7,2
8,6,6
17,13,0
41,2,8
10,3,8
14,11,2
8,2,9
12,4,9
38,9,4
15,7,8
20,7,7
48,0,6
48,12,0
40,10,5
35,0,9
18,2,10
14,6,5
17,6,7
1,0,9
48,6,3
20,1,9
6,7,3
49,3,4
40,8,4
33,9,4
38,6,5
46,9,0
21,5,8
22,3,8
40,11,2
3,8,5
41,0,9
20,3,9
23,7,6
0,6,3
6,6,7
6,5,6
33,13,1
14,7,4
21,8,2
27,14,1
40,9,2
22,11,1
48,6,5
24,5,8
43,8,3
45,6,6
11,10,4
35,7,6
7,10,0
27,13,1
3,10,2
20,10,5
19,5,5
51,9,0
21,2,10
33,10,3
18,8,2
58,0,3
46,6,5
9,8,5
43,12,2
1,4,6
1,7,4
19,5,6
3,11,1
25,12,1
9,8,6
53,2,2
26,12,4
36,12,2
25,3,10
22,12,1
9,3,9
29,0,9
17,12,0
38,12,2
36,5,7
44,7,2
28,3,7
43,7,3
56,7,1
18,9,0
28,12,3
27,7,5
11,6,5
28,8,3
43,13,0
9,6,5
40,10,2
3,6,5
24,6,5
15,5,6
21,8,3
0,6,5
11,6,9
62,0,2
48,9,1
48,10,0
32,9,6
15,4,9
30,9,5
25,7,5
29,11,3
16,3,9
52,7,0
0,8,2
40,8,3
0,6,4
41,9,3
37,14,2
31,0,10
46,9,1
20,6,6
50,2,4
44,9,3
39,10,0
54,9,0
42,5,5
25,5,8
27,12,0
26,6,6
50,3,4
27,9,3
28,12,1
38,9,6
20,2,10
41,7,5
20,3,10
3,6,3
3,11,0
28,11,0
39,1,8
24,4,9
35,10,5
43,6,6
44,10,4
42,7,5
47,4,6
51,6,1
12,2,10
55,6,1
30,8,6
2,5,8
44,12,0
40,5,6
58,3,1
42,8,3
53,6,0
29,6,8
18,13,1
27,4,7
8,3,8
19,8,4
7,7,5
1,9,3
33,12,2
4,8,1
9,7,5
27,9,2
28,7,7
46,12,0
1,3,8
7,9,4
19,6,5
43,3,7
14,12,2
30,12,1
38,8,6
10,10,4
1,5,7
46,3,7
3,8,0
37,4,8
6,5,7
45,1,7
44,6,4
57,7,0
31,9,5
25,10,2
3,10,1
7,6,6
27,7,6
22,10,0
19,3,9
31,11,5
12,7,5
6,0,10
49,4,3
3,9,0
60,0,2
38,6,6
33,8,5
43,6,7
34,14,1
23,8,5
15,7,3
27,11,3
0,7,1
31,15,1
44,7,3
11,11,0
2,5,6
31,13,3
13,3,10
11,2,10
22,5,8
35,15,0
20,12,2
52,8,0
29,11,4
45,9,0
55,7,1
10,6,5
13,11,0
24,8,3
63,3,0
2,7,4
36,4,8
40,8,2
45,12,1
39,13,1
36,10,5
0,4,5
25,4,8
0,4,4
30,5,7
41,5,6
12,4,7
8,12,2
4,7,3
56,8,0
41,14,0
33,9,6
7,3,9
53,6,2
12,7,6
33,8,6
50,9,0
9,9,4
35,0,8
2,10,2
35,7,5
10,11,3
47,4,5
41,10,2
55,6,0
16,0,11
13,5,6
50,1,5
3,5,7
24,7,6
49,7,2
18,8,7
3,7,1
50,3,3
13,9,2
31,4,8
2,7,3
45,11,0
56,1,3
35,8,6
54,0,3
13,14,0
41,8,4
34,15,1
15,7,5
17,4,8
0,10,2
44,3,6
13,10,5
28,6,7
16,2,9
13,10,4
44,11,2
40,10,3
28,12,2
51,3,4
11,10,2
32,12,0
45,5,6
30,0,8
25,3,9
41,6,7
21,4,7
5,0,10
50,1,4
29,5,8
2,8,2
0,2,8
17,10,4
30,16,0
1,5,4
26,5,6
28,9,5
36,3,8
31,6,7
17,8,5
40,7,4
6,5,5
26,1,8
8,7,6
44,9,2
29,12,0
27,5,6
7,4,10
4,6,3
7,5,6
18,8,6
5,6,5
24,3,8
14,12,0
35,8,4
26,11,3
50,4,3
29,13,2
44,11,1
36,11,4
33,13,3
4,4,8
10,9,6
27,6,6
62,1,2
36,12,4
23,0,10
25,12,2
16,2,8
22,12,0
38,8,3
57,3,2
33,5,8
3,8,3
5,2,10
2,0,9
9,11,2
12,7,4
38,7,7
49,6,2
11,4,10
39,6,6
11,4,9
39,11,0
44,9,1
42,5,8
16,3,7
23,12,1
47,2,6
44,13,1
28,13,0
46,4,4
5,9,4
3,6,4
28,7,6
14,0,11
6,7,6
32,6,7
41,8,5
43,9,5
34,8,5
45,6,2
30,8,4
20,5,8
14,9,1
45,8,1
36,3,7
17,3,8
24,5,7
14,9,5
17,1,9
56,1,2
48,7,3
34,12,4
0,10,3
4,5,7
25,6,5
15,10,3
39,10,3
13,6,7
5,6,7
10,4,10
1,6,5
12,12,1
23,13,1
29,12,3
46,8,5
14,9,0
18,12,3
32,11,6
17,9,0
42,11,0
54,0,2
36,11,1
11,12,0
62,6,0
57,4,2
62,5,1
0,3,8
13,8,4
19,4,8
15,0,10
32,11,5
22,9,1
47,12,0
57,0,3
10,8,3
13,0,11
43,9,2
30,10,6
22,11,0
34,5,7
42,7,2
13,8,5
11,5,7
24,1,9
50,4,4
35,12,3
42,9,1
42,7,6
43,11,2
62,5,0
6,7,4
39,12,0
11,8,4
43,4,7
50,7,1
19,1,9
40,5,7
59,1,2
36,10,3
20,4,8
9,6,7
14,12,1
35,6,7
11,6,7
42,2,8
8,9,4
16,4,7
47,7,1
41,11,0
1,6,2
40,12,1
10,6,8
57,1,2
2,6,5
1,9,1
27,8,3
45,7,1
49,0,5
26,9,3
24,4,8
63,5,1
30,15,0
14,0,10
38,13,1
25,10,1
44,10,0
35,12,2
7,9,6
10,3,10
44,0,8
19,9,5
5,8,1
3,5,8
17,8,4
46,8,1
19,0,11
45,11,2
25,1,9
7,9,1
19,1,10
47,6,4
31,13,1
7,11,1
3,6,7
35,13,1
39,4,8
35,2,8
0,7,3
35,14,1
14,3,10
54,2,3
48,6,1
29,12,1
15,8,3
44,5,7
27,2,8
1,3,7
10,5,6
51,4,2
42,13,0
32,16,0
24,8,4
48,6,4
13,12,0
41,6,8
56,0,3
2,7,1
42,11,1
42,3,8
5,6,6
23,14,0
17,7,7
36,1,8
29,11,0
15,7,6
42,5,7
48,5,3
19,10,2
6,11,1
20,9,3
14,1,10
2,2,9
19,12,3
23,11,0
2,0,10
1,5,8
33,11,1
6,10,1
47,10,1
51,1,4
30,14,1
16,10,3
12,1,11
57,5,1
36,12,1
4,4,7
2,1,9
44,5,5
30,10,2
37,10,2
34,0,9
23,13,0
35,9,5
12,8,4
56,2,2
63,4,0
35,11,5
46,7,4
0,3,6
10,0,10
45,4,6
1,4,4
13,10,0
5,10,2
40,14,0
12,4,8
58,6,1
43,7,2
26,13,0
4,7,4
4,7,7
23,11,3
22,10,3
39,0,9
15,3,7
32,14,2
5,9,3
21,4,8
9,0,10
29,15,0
39,12,2
16,8,5
50,6,3
39,7,5
26,0,9
16,8,3
20,12,1
49,3,5
29,1,8
22,11,2
44,3,7
39,4,7
13,4,7
6,3,9
53,2,3
17,1,10
17,4,9
42,8,2
1,9,0
21,12,1
22,9,2
41,9,1
13,8,3
10,9,5
22,6,6
14,5,5
62,3,1
31,15,0
2,10,1
25,6,6
2,7,2
34,13,1
54,4,2
31,10,3
42,10,2
20,13,0
39,7,4
13,4,9
1,8,4
41,4,6
29,9,5
2,5,4
11,11,2
14,5,6
15,9,2
37,2,8
25,7,6
1,10,2
11,9,2
29,14,2
15,5,5
48,6,2
19,10,1
32,13,2
43,5,7
17,8,6
23,9,3
25,13,0
43,7,5
34,10,3
40,1,8
42,8,6
0,0,9
30,5,8
42,9,3
52,8,1
7,13,0
17,9,3
3,4,7
40,7,6
10,5,7
37,0,9
31,11,1
49,8,0
0,1,9
4,7,5
4,4,9
10,13,0
55,2,2
19,2,10
40,10,1
33,7,6
26,7,6
7,9,5
41,4,7
33,13,0
29,5,6
23,10,2
41,7,3
5,4,9
10,2,10
33,6,7
22,4,7
51,5,2
15,4,7
7,10,2
12,3,9
18,12,2
22,8,3
1,7,3
38,5,6
6,13,1
21,9,2
34,7,7
15,11,2
0,2,7
25,5,7
49,5,3
44,5,6
12,9,2
17,8,1
20,5,5
44,12,1
45,5,5
30,7,5
49,9,0
2,6,4
21,5,5
16,6,4
23,8,7
0,4,6
37,4,7
29,9,4
35,4,9
44,6,5
22,12,2
49,8,1
23,7,7
17,7,6
9,12,0
42,7,7
60,2,1
25,14,0
20,12,3
2,12,1
1,3,5
49,4,4
3,1,10
43,7,6
1,8,3
28,10,2
40,7,5
45,3,6
11,12,2
28,5,8
35,9,6
12,5,7
48,8,0
31,12,4
18,10,2
45,13,0
37,12,2
13,12,2
34,11,1
13,4,10
17,9,2
4,9,4
8,6,8
27,13,2
24,8,6
26,14,0
3,6,6
19,13,2
9,12,2
29,3,8
46,6,2
2,5,5
62,4,0
4,12,1
12,11,2
28,4,7
29,4,8
3,2,9
41,9,4
11,7,5
16,8,1
54,6,1
48,7,5
31,7,7
7,11,0
38,0,9
14,8,5
18,6,5
45,1,8
35,13,0
17,8,2
45,10,2
10,9,2
34,0,8
20,8,2
17,7,2
52,3,3
46,5,7
5,5,7
24,11,4
45,8,0
9,12,1
15,9,4
49,6,4
31,14,1
32,6,8
30,12,0
7,8,3
17,6,4
20,9,5
38,4,7
11,12,1
12,3,10
16,11,2
42,8,5
1,0,10
24,3,9
28,6,5
0,8,0
29,13,0
39,11,1
31,9,6
20,8,6
10,11,2
4,1,10
50,6,2
31,1,9
5,3,8
25,11,3
19,8,1
25,10,4
13,10,2
37,8,3
12,8,7
0,7,0
18,8,1
37,13,1
29,4,7
55,3,1
5,8,3
12,12,2
23,10,3
9,9,2
49,2,6
27,11,2
63,4,1
20,8,4
7,9,2
37,9,3
1,1,8
18,10,0
12,0,11
20,8,1
34,9,6
45,8,4
12,8,2
20,6,5
9,6,8
19,8,2
2,6,6
5,6,8
44,10,2
49,9,1
2,9,1
43,12,0
32,10,5
31,0,9
32,4,8
47,6,3
52,5,1
28,5,7
19,12,0
19,6,3
20,9,0
34,9,5
53,0,3
24,9,2
48,7,2
9,11,0
7,11,2
40,9,3
6,3,8
40,11,3
2,11,1
3,7,4
14,5,8
4,11,2
11,7,6
8,8,5
11,4,7
46,10,1
26,15,0
50,6,1
41,10,1
14,8,3
24,11,2
12,9,5
1,2,7
30,9,4
31,9,4
44,10,3
18,3,8
29,8,4
13,9,4
11,2,9
27,11,1
13,7,6
19,3,7
37,6,6
4,5,5
38,7,5
45,10,1
46,3,6
26,7,4
58,7,1
21,7,5
20,13,2
18,10,1
23,5,6
18,5,7
4,5,6
46,10,0
31,11,4
39,7,7
14,8,2
4,8,6
15,1,9
28,7,5
9,5,8
40,9,5
3,2,8
43,10,0
0,6,8
58,4,2
38,8,5
21,6,6
45,8,2
33,5,7
10,8,2
51,7,0
36,8,5
16,6,5
13,12,1
8,13,0
60,1,2
8,11,2
2,3,7
60,3,1
24,14,1
21,2,9
44,8,1
15,3,8
21,9,5
3,9,1
59,0,2
39,2,8
20,9,1
8,9,2
8,7,4
11,9,1
9,9,1
25,10,3
41,12,0
37,5,8
50,7,3
42,12,0
36,14,0
51,5,1
46,11,1
5,11,1
29,12,2
12,5,9
15,0,11
37,7,7
7,12,2
27,8,4
33,15,1
4,7,2
39,5,6
21,4,9
8,5,8
37,13,2
28,1,8
31,14,0
4,11,1
24,10,4
3,8,1
14,7,7
59,5,0
38,12,1
23,12,0
40,12,2
2,11,0
22,0,10
61,4,0
4,13,0
32,2,8
3,2,10
22,2,9
18,1,9
27,1,8
26,10,3
31,7,6
11,7,3
10,12,2
28,14,2
4,9,1
37,3,7
48,4,3
18,2,9
23,10,0
15,11,0
11,3,8
33,13,2
34,13,0
16,9,5
14,7,6
51,2,4
2,4,8
9,5,6
21,1,9
5,13,1
43,8,5
32,5,7
7,10,3
20,2,9
28,11,1
5,10,0
45,11,1
32,3,8
9,6,6
41,9,5
43,8,4
8,2,10
7,4,7
16,6,6
34,12,0
36,15,0
0,6,1
18,9,6
61,3,0
12,10,4
21,3,8
22,10,5
52,0,3
15,6,5
60,7,1
0,10,0
46,8,3
37,10,3
34,11,5
28,12,0
7,5,8
5,7,7
9,2,10
6,12,0
42,5,6
33,2,8
40,14,1
39,13,0
11,5,9
27,15,0
10,3,9
36,10,2
44,5,8
7,8,5
18,0,10
12,12,0
10,4,9
48,8,1
15,4,6
15,9,0
18,12,1
25,7,7
1,10,1
12,8,5
27,10,2
8,10,4
16,3,8
27,9,5
27,4,8
42,10,0
61,4,1
46,1,7
26,8,3
33,7,7
50,8,1
7,8,4
26,7,7
19,10,5
55,7,0
44,5,4
20,4,6
1,4,7
34,4,7
48,7,4
52,3,2
17,10,0
22,12,3
53,7,2
19,10,4
30,11,2
2,13,0
43,8,2
21,6,5
18,6,4
55,1,2
39,6,7
24,11,1
13,11,1
33,11,2
35,2,9
24,11,3
9,9,5
0,6,6
22,3,9
13,2,10
27,3,8
10,1,10
32,11,4
34,6,6
44,3,8
14,7,3
22,13,1
11,9,5
46,7,3
5,7,3
26,3,8
17,3,9
24,10,1
3,5,5
3,4,9
1,11,0
63,0,2
5,1,10
39,9,2
41,6,6
3,5,4
8,11,0
24,9,5
48,5,2
1,5,5
17,9,4
55,0,3
7,6,8
20,0,10
19,8,5
46,2,7
4,6,8
35,3,8
42,6,4
42,4,6
14,10,4
18,9,2
6,5,8
39,10,1
23,9,4
18,5,6
6,6,5
56,3,2
54,3,3
18,9,5
18,7,2
60,5,0
16,9,4
53,8,0
4,3,9
23,6,6
14,6,4
16,10,2
30,11,1
20,5,7
15,6,6
18,11,2
0,1,8
14,2,10
18,7,4
14,6,8
26,10,1
24,2,10
10,9,4
25,0,9
41,8,2
5,8,2
27,6,5
21,6,7
54,4,3
55,4,2
32,0,9
0,4,8
29,10,6
34,13,3
26,0,8
47,4,4
8,7,8
5,5,5
41,8,6
44,6,3
25,3,8
35,13,2
5,9,1
41,6,4
63,5,0
45,9,3
10,9,1
4,10,3
40,10,0
16,12,0
7,4,9
28,8,5
4,3,8
29,8,6
4,10,0
7,7,4
43,1,8
25,2,9
39,11,4
48,11,0
12,10,1
53,6,3
11,6,4
35,14,2
37,14,1
47,8,4
25,8,6
47,7,5
41,7,4
32,15,0
14,8,4
24,5,6
6,8,4
20,5,6
32,3,9
41,11,2
34,10,4
39,11,2
55,8,0
24,7,5
57,1,3
10,6,7
24,9,3
43,2,8
14,10,1
30,1,9
10,7,5
25,0,10
53,4,2
5,8,6
28,2,8
16,7,4
30,4,8
38,5,7
9,4,7
46,9,3
2,5,7
45,0,7
62,4,1
20,12,0
10,11,4
52,4,2
15,10,1
3,3,7
2,10,3
0,9,3
26,10,2
21,7,3
53,7,0
3,7,3
36,5,6
33,10,4
47,8,3
39,8,3
43,6,4
45,4,7
17,5,5
7,9,3
17,10,1
26,8,4
33,4,8
0,8,3
6,10,4
26,8,6
29,14,1
6,9,3
36,14,1
2,2,8
40,6,6
13,3,8
25,11,4
6,11,3
26,10,4
28,15,1
56,4,1
17,11,2
25,9,4
29,6,7
11,0,11
36,10,4
13,7,5
41,5,8
58,1,2
37,5,7
49,1,6
23,8,4
40,3,8
41,6,5
27,8,6
46,5,6
19,9,3
45,9,2
7,12,0
36,8,6
7,8,6
7,12,1
17,8,7
49,7,0
18,6,6
14,7,8
37,12,1
2,4,9
38,7,4
19,11,3
35,12,0
8,10,3
9,7,7
10,10,2
21,6,8
4,5,8
39,9,1
52,7,1
26,12,1
24,10,2
36,9,3
42,8,4
18,3,7
58,2,2
11,5,8
45,7,4
19,2,9
16,8,2
1,6,3
13,0,10
20,1,10
58,7,0
0,5,8
36,11,3
46,11,0
47,5,4
37,7,6
25,8,5
29,10,2
7,5,7
5,4,7
58,5,1
37,13,0
19,3,10
9,7,8
22,8,4
38,3,7
15,9,5
47,2,7
35,11,2
39,15,0
26,6,7
35,14,0
46,5,5
6,2,10
30,0,9
6,10,0
16,11,0
29,11,1
11,1,11
36,11,2
25,11,0
38,14,0
27,12,3
44,10,1
23,9,5
44,7,4
47,3,6
18,11,0
27,6,7
11,10,3
59,3,1
37,8,4
34,2,9
26,9,4
53,5,2
16,9,0
37,11,3
42,9,5
40,2,8
26,11,4
13,3,9
10,11,1
57,4,1
24,15,0
13,9,3
6,4,9
5,4,8
20,8,5
3,9,4
57,2,2
58,8,0
38,11,0
28,11,4
31,9,7
37,9,2
27,12,1
33,12,1
26,5,7
34,9,3
43,0,8
13,6,5
43,9,0
15,1,10
28,8,7
56,7,0
30,10,4
43,11,0
50,5,4
34,11,3
27,10,1
8,10,2
15,5,9
44,13,0
13,6,4
12,6,4
33,2,9
7,2,10
6,1,10
62,2,1
46,7,5
30,6,7
0,6,2
32,10,3
18,12,0
4,8,2
37,3,8
45,2,8
48,4,5
37,9,4
33,11,4
51,8,1
11,8,2
27,7,7
7,0,10
28,14,1
21,11,1
11,10,1
38,9,2
34,3,9
3,8,2
3,4,8
35,10,4
10,7,4
9,10,3
38,11,2
47,7,3
9,8,3
43,5,5
22,9,5
13,13,0
40,0,9
21,0,10
54,7,1
44,4,6
0,4,7
35,5,7
5,5,6
18,4,7
17,5,8
22,8,5
17,2,9
45,7,6
23,4,10
9,11,4
16,8,6
1,6,4
49,1,5
24,1,10
10,4,8
5,9,5
17,2,8
41,10,0
48,4,4
2,8,1
33,0,9
55,9,0
62,1,1
10,12,1
13,9,1
40,13,0
53,4,3
46,13,0
16,5,9
8,5,9
3,3,8
11,3,10
45,0,8
4,7,6
14,2,9
39,5,7
43,11,1
10,5,9
54,5,2
41,5,7
13,7,3
1,8,2
1,5,3
4,8,4
4,3,10
7,7,7
31,5,7
5,11,0
17,9,1
42,13,1
22,1,10
14,11,1
22,4,8
30,6,8
17,3,7
34,15,0
51,7,1
34,14,0
43,12,1
8,8,6
2,9,2
0,3,5
55,5,1
22,2,10
11,11,3
28,9,3
34,13,2
27,14,0
15,10,2
16,10,0
12,5,6
24,8,5
39,8,5
11,9,3
33,10,5
6,7,7
51,8,0
7,4,8
2,8,0
43,6,5
25,10,0
30,6,6
14,13,0
33,4,7
6,11,0
4,6,7
37,10,1
25,13,2
3,7,2
17,10,2
33,16,0
4,8,5
37,10,4
46,7,1
56,6,1
28,13,2
3,12,0
41,4,8
47,5,5
0,7,4
8,4,9
23,5,7
24,0,9
16,4,9
15,5,7
22,7,4
16,4,6
14,10,3
32,8,6
19,9,2
25,12,3
5,4,6
25,7,4
11,13,1
45,4,5
26,11,0
15,5,8
4,8,3
8,3,10
13,10,3
34,10,2
38,6,7
19,11,2
3,10,3
19,7,6
29,2,8
43,8,0
9,11,3
58,6,0
14,10,2
55,3,2
39,10,4
2,7,5
27,11,0
9,1,10
44,4,8
47,8,1
42,7,3
11,8,3
4,2,10
14,4,8
47,5,3
40,4,8
14,10,0
5,6,4
10,7,6
14,6,7
14,5,9
35,8,5
24,2,9
42,10,3
17,7,5
44,7,1
37,12,3
17,6,6
3,10,0
10,6,6
2,6,7
12,11,1
12,9,1
19,9,1
33,3,9
38,2,8
25,8,3
29,13,1
54,7,0
18,10,3
14,3,9
4,2,9
15,6,8
20,11,0
1,5,6
25,9,3
9,14,0
28,0,8
30,7,6
41,13,1
3,6,8
61,2,2
18,13,0
40,0,8
8,4,7
17,12,1
5,10,3
29,10,1
24,10,0
46,8,4
4,11,0
20,10,2
24,9,6
54,6,2
50,5,3
35,10,6
41,10,4
17,6,5
50,6,4
19,12,2
24,6,7
45,8,5
18,1,10
27,12,2
4,5,9
29,10,4
