11,8,4
17,11,5
27,22,45
26,20,30
31,22,24
36,20,14
34,21,15
47,22,17
20,14,12
27,20,27
13,21,33
40,22,16
47,22,18
18,13,8
22,19,38
33,16,4
27,19,17
32,18,11
30,23,42
19,16,26
12,13,17
13,7,0
40,21,13
28,23,43
7,9,4
11,8,3
5,23,33
36,23,21
9,14,15
10,12,13
24,17,24
0,7,0
18,15,25
27,21,33
35,19,11
26,18,18
6,23,33
24,20,42
9,17,23
29,13,0
12,22,34
48,17,9
20,13,19
27,15,4
3,19,24
1,18,23
11,10,9
7,9,5
23,15,11
19,13,9
30,22,25
44,16,4
24,17,16
9,18,26
48,16,7
37,16,2
36,20,12
2,16,16
6,13,12
48,17,8
31,22,25
22,15,10
23,15,9
11,11,11
8,19,28
8,22,32
40,23,17
34,15,0
14,10,5
25,18,21
14,18,26
9,19,27
16,15,22
24,23,51
33,22,19
14,7,0
9,8,2
21,19,37
34,16,2
3,15,17
0,10,4
27,22,51
15,18,27
29,23,48
1,7,1
45,15,3
23,23,50
41,20,12
49,15,5
36,23,19
23,16,12
33,22,23
15,17,26
45,19,10
27,20,24
19,14,16
10,12,14
43,15,0
4,12,11
22,17,26
32,21,18
26,18,17
25,23,49
20,13,7
37,19,8
25,18,18
5,19,24
12,8,5
19,14,21
49,13,0
32,15,2
0,19,25
33,16,1
31,23,35
3,17,19
9,21,30
15,22,39
11,18,26
19,13,11
25,19,30
27,23,47
1,11,7
15,10,13
47,19,12
4,23,33
25,16,12
14,10,7
29,23,41
5,13,13
10,14,17
36,19,10
36,16,3
42,18,6
25,14,3
29,23,50
44,20,14
22,15,8
19,15,23
48,14,1
16,14,20
14,23,38
16,12,12
27,19,23
5,23,35
8,13,13
21,15,16
18,23,45
19,19,35
31,19,14
45,19,12
19,13,12
15,22,40
25,23,48
36,19,8
19,18,33
5,6,0
8,13,14
1,11,6
30,21,28
30,16,4
15,12,14
33,15,3
20,11,1
27,18,18
15,17,27
14,17,24
13,13,15
4,10,5
46,20,15
14,10,12
13,22,36
23,17,20
24,19,35
24,20,22
45,23,20
13,8,1
22,18,32
30,23,45
41,16,2
44,23,21
9,9,6
29,17,11
28,22,38
2,20,27
26,20,21
0,19,24
7,13,13
21,21,43
20,20,36
24,19,18
40,16,2
4,21,30
45,20,14
24,18,29
25,21,47
4,8,4
31,23,28
42,18,7
0,9,4
9,22,33
31,20,12
4,23,34
25,19,32
46,18,9
18,13,15
29,20,20
16,20,33
34,17,7
7,11,10
16,11,13
18,23,44
26,19,28
2,21,29
10,22,34
20,19,33
39,23,19
15,23,41
29,22,32
12,23,39
5,7,2
26,18,14
4,17,21
7,22,33
6,17,22
20,14,15
33,22,21
20,14,9
41,17,6
31,23,34
11,8,5
39,22,17
11,15,20
15,11,9
16,23,40
16,10,7
8,13,12
1,16,18
32,19,11
30,17,7
37,21,15
12,8,7
13,12,14
10,10,9
26,21,42
28,22,32
38,17,3
23,15,10
14,10,13
14,18,27
15,20,33
25,17,13
6,21,30
24,16,18
13,9,2
3,18,23
23,18,28
31,16,3
43,19,11
1,12,8
4,17,20
34,18,10
29,22,39
7,17,21
18,22,40
26,21,30
22,14,10
4,12,9
12,16,22
20,22,43
46,20,14
16,11,10
20,14,20
17,20,35
18,16,25
22,12,1
31,21,25
24,15,10
15,13,16
28,20,24
34,18,9
15,22,41
44,19,9
33,14,0
26,22,39
8,16,19
31,22,26
30,22,33
23,16,10
4,15,15
18,12,19
28,22,47
17,14,22
2,9,5
25,21,34
25,17,20
17,11,3
6,21,28
13,8,0
16,12,3
25,17,14
26,22,50
22,18,29
28,15,4
16,12,17
38,21,15
22,17,19
36,19,12
27,15,6
21,20,37
25,19,26
26,21,47
23,19,38
11,19,28
17,11,12
14,10,8
23,18,27
13,14,20
47,21,16
2,8,2
23,20,35
36,18,9
18,16,24
29,18,15
18,18,29
48,20,15
21,13,7
16,11,11
32,19,14
32,23,30
36,20,11
49,21,18
9,20,30
21,11,2
11,17,22
40,21,15
47,17,6
23,17,17
16,17,28
8,21,31
6,23,35
31,15,2
25,23,53
30,18,11
32,22,23
28,21,30
20,22,44
20,19,36
26,19,24
6,12,12
11,20,31
1,13,10
8,15,17
0,23,34
19,11,3
11,10,10
12,8,3
19,13,8
24,17,14
29,19,20
1,11,8
38,20,10
15,17,24
28,23,50
13,9,6
22,20,40
9,15,19
34,23,21
27,19,24
17,12,13
38,16,1
4,8,3
19,13,16
22,13,3
11,13,14
34,18,7
18,19,34
29,14,1
12,17,25
26,19,21
28,22,44
30,20,18
32,18,10
17,17,26
5,13,11
4,18,21
6,7,1
17,12,10
28,13,1
41,19,9
1,22,29
34,19,9
29,20,23
22,18,31
22,20,39
33,20,15
19,21,41
11,9,5
33,17,6
14,9,4
48,15,5
4,12,10
24,12,2
32,23,31
13,18,28
22,16,20
2,22,31
22,12,3
34,19,10
36,19,9
9,7,0
17,9,0
30,22,24
22,13,6
47,17,8
9,9,5
32,21,20
24,11,0
24,19,34
13,19,27
2,9,4
11,22,33
28,21,33
32,22,21
37,22,19
30,19,16
45,15,2
21,21,39
28,23,44
11,20,28
27,18,13
5,8,4
13,19,29
21,17,28
34,22,22
43,17,5
28,15,6
18,17,28
36,15,0
31,22,27
5,12,10
35,18,9
11,20,30
26,13,1
11,23,36
3,19,23
48,21,19
10,8,4
39,15,0
34,19,13
33,18,7
22,17,27
21,15,12
11,14,16
27,15,7
14,11,13
49,21,19
14,14,20
1,16,17
13,10,11
20,15,12
31,18,8
8,9,6
26,22,37
26,22,47
28,14,4
25,16,10
28,17,10
24,23,48
7,18,25
25,16,13
11,14,17
8,17,21
36,21,16
7,20,27
30,18,13
43,18,7
24,20,40
33,15,2
4,11,7
26,16,7
21,18,32
35,22,17
36,14,0
24,23,49
30,14,2
29,18,12
22,13,7
7,16,19
45,20,13
3,16,17
20,14,16
17,11,7
25,20,40
0,17,20
27,16,10
30,18,10
11,20,29
16,22,42
49,13,2
41,16,3
13,12,16
44,21,13
2,20,26
44,21,15
35,23,24
2,12,10
23,21,41
9,18,24
20,13,10
31,19,17
5,21,28
2,12,9
30,22,32
47,21,15
1,20,25
24,22,47
24,13,4
8,6,0
27,19,22
12,17,23
29,15,3
25,19,28
27,22,38
28,21,27
28,19,19
44,18,9
25,16,8
4,23,32
12,10,9
44,22,15
49,22,20
15,10,8
19,14,12
29,21,24
10,17,22
30,18,14
8,23,34
27,22,42
38,15,0
21,21,40
12,16,23
23,21,42
15,11,15
33,21,18
18,20,38
38,22,15
28,19,23
46,16,4
2,23,33
16,10,3
12,10,10
24,19,36
32,20,18
17,11,16
21,14,14
13,21,34
15,10,7
20,11,4
2,20,25
22,15,18
19,17,29
27,18,11
2,14,13
0,16,17
35,18,6
1,15,14
12,8,6
14,20,33
21,16,21
19,16,27
27,23,52
25,18,13
47,16,6
15,9,4
49,23,24
44,17,5
24,14,4
44,18,8
11,22,32
3,21,27
12,19,29
26,18,20
39,17,4
29,23,44
6,8,4
43,16,2
3,9,4
30,21,26
28,19,18
25,20,38
31,18,12
32,15,0
18,14,21
47,18,10
30,19,11
18,12,10
16,9,2
32,19,12
21,15,17
21,14,7
25,21,20
31,14,0
5,17,19
26,13,0
26,22,36
36,22,19
17,23,42
22,18,30
18,11,5
48,14,2
26,18,12
18,15,23
19,10,0
6,10,6
38,16,2
10,8,3
20,21,40
10,10,10
13,9,10
20,22,40
33,17,5
11,23,35
23,21,34
16,9,0
20,15,26
27,22,35
18,19,33
20,16,27
2,11,7
18,10,3
4,18,24
43,17,6
3,8,2
24,15,7
39,19,9
7,17,22
17,11,13
25,18,20
31,15,3
27,22,41
38,22,17
21,16,29
25,19,29
13,9,9
22,17,25
11,13,15
32,18,9
16,17,27
23,17,28
11,23,37
17,21,40
21,15,24
13,15,20
24,13,2
46,17,5
31,20,17
29,20,25
28,17,12
31,23,38
35,15,1
19,22,41
35,23,20
13,13,17
21,12,3
17,22,40
43,22,17
24,17,15
37,21,14
28,18,17
17,11,10
11,21,32
49,18,11
26,17,10
11,11,12
17,12,16
34,22,21
19,15,14
13,14,17
27,22,47
27,22,36
40,18,5
2,23,34
31,15,4
16,12,11
37,17,5
29,14,3
26,15,7
46,15,1
40,21,12
24,21,45
10,22,32
26,18,16
46,20,12
29,22,34
34,20,14
28,23,48
14,10,11
25,20,31
30,19,12
24,19,28
25,20,41
13,9,8
21,19,35
30,22,31
13,23,41
3,7,0
17,20,37
19,21,38
10,13,15
27,23,55
33,21,16
32,16,5
24,17,20
47,21,17
23,20,41
37,22,17
41,18,8
21,12,4
26,17,13
27,20,28
30,23,46
12,15,19
13,17,23
21,14,9
35,18,7
30,21,21
3,11,8
28,22,40
22,16,18
38,23,20
17,16,23
7,10,7
20,16,26
2,10,6
22,16,14
44,22,16
7,13,12
21,14,8
27,21,38
27,18,20
17,12,8
23,18,29
10,18,24
24,16,15
26,21,43
8,18,23
0,17,19
10,14,16
6,17,20
13,10,12
6,12,10
20,17,28
44,19,10
5,14,15
8,11,10
21,23,45
47,19,13
27,21,35
22,12,4
27,17,14
47,23,22
27,13,1
15,12,17
17,16,25
32,15,3
29,19,14
40,23,20
28,20,25
31,19,12
6,21,31
15,11,7
11,17,23
19,15,25
29,23,33
1,10,5
19,14,14
42,19,9
9,12,11
17,10,3
34,23,25
14,9,7
7,22,31
26,17,14
2,11,9
12,23,41
28,20,20
33,15,1
44,23,19
23,16,22
32,22,25
23,15,12
17,11,9
27,21,28
21,15,20
27,16,6
24,18,25
2,15,15
23,16,24
47,14,3
24,18,18
1,7,0
16,23,42
41,20,10
18,9,1
0,15,15
37,20,11
24,17,17
9,16,20
34,22,23
35,20,13
42,21,13
45,19,11
33,19,12
24,15,6
35,21,14
45,18,9
10,7,1
36,23,22
0,7,1
13,11,12
20,19,35
5,21,29
43,23,20
26,22,45
5,20,26
16,21,39
17,15,24
27,22,48
17,20,34
25,22,49
35,19,12
21,19,38
10,20,30
18,21,38
49,20,16
17,10,2
4,17,19
20,15,21
46,23,20
3,20,25
20,13,5
36,18,7
13,16,23
0,14,12
7,12,11
23,18,25
33,20,16
41,18,5
28,18,11
0,18,22
21,14,16
4,13,12
3,14,13
15,11,11
19,20,36
32,19,15
23,16,18
29,22,28
26,19,27
5,10,8
3,8,1
44,15,0
17,19,30
28,19,16
18,10,0
16,16,25
46,18,8
9,8,5
27,17,15
31,16,6
8,21,32
48,23,21
25,21,32
20,13,11
16,20,32
18,22,42
13,15,19
35,19,9
46,21,16
40,17,4
37,18,6
30,19,17
25,22,47
23,19,39
29,22,29
19,13,10
24,16,14
4,9,6
29,21,29
21,15,13
36,17,4
21,15,11
27,18,17
38,18,6
44,16,3
14,10,10
2,22,30
26,21,39
7,12,10
15,14,18
25,21,44
27,14,2
31,23,32
19,14,23
21,20,40
11,19,27
28,17,9
6,13,14
3,16,18
29,23,51
14,21,34
14,9,10
22,15,19
13,9,5
15,21,36
19,18,32
17,23,43
46,18,10
26,20,34
20,23,47
5,12,11
30,22,27
6,11,9
12,7,0
19,14,22
25,19,27
16,23,44
15,10,3
11,15,21
33,20,13
10,17,23
35,15,2
8,7,1
5,18,22
18,13,11
34,14,1
12,21,31
9,10,9
49,18,9
26,22,51
24,18,21
20,17,30
25,17,18
22,16,17
30,23,35
32,23,34
33,22,20
20,15,23
31,17,8
4,16,18
28,15,5
28,22,30
18,10,2
2,18,21
34,19,12
33,18,9
20,22,42
15,22,37
7,23,33
29,22,41
7,11,8
32,23,27
3,23,32
28,20,23
22,22,44
1,17,18
7,18,23
14,19,29
22,20,38
7,21,30
22,17,30
44,20,13
37,18,8
27,21,41
5,9,5
45,16,5
26,21,33
14,10,4
41,16,1
23,12,3
29,16,5
0,22,31
42,23,18
10,13,14
30,23,39
21,22,42
44,16,2
1,13,11
33,20,17
34,19,11
36,21,15
25,18,25
16,13,17
5,22,30
3,10,5
5,23,34
48,20,16
28,14,1
17,16,24
16,12,15
26,23,50
29,15,5
16,14,11
26,21,34
23,16,20
39,22,15
2,22,32
10,8,6
48,18,12
15,20,30
11,22,36
8,20,28
15,22,36
13,9,4
16,13,19
32,21,22
42,16,2
12,11,10
12,8,1
49,18,10
17,18,30
12,9,9
30,22,28
20,14,21
20,20,37
23,22,44
37,23,18
9,17,21
20,14,18
23,19,32
15,12,15
16,11,8
23,12,0
14,16,23
21,13,5
11,10,8
48,19,12
48,16,5
31,18,10
32,14,0
41,22,15
15,13,17
29,16,4
49,23,21
15,23,42
13,22,37
43,22,18
22,15,15
8,23,35
26,14,5
17,20,36
29,22,36
37,22,16
13,12,15
15,15,20
10,9,7
22,15,20
12,12,15
25,19,25
28,18,10
26,18,21
5,20,28
12,12,13
19,15,24
18,19,32
22,19,34
9,10,8
15,14,20
18,14,23
22,15,14
24,20,35
35,20,15
21,11,3
16,21,36
39,21,12
6,16,19
11,11,10
34,20,12
6,20,29
25,22,48
13,10,10
8,8,2
5,11,10
34,23,23
22,23,48
33,17,7
32,20,19
3,7,1
49,19,13
28,23,46
25,19,21
19,21,39
9,7,3
29,18,10
48,18,9
39,18,6
37,23,20
17,12,7
27,17,13
42,20,10
18,13,10
15,18,29
23,17,24
28,21,28
11,21,30
37,20,12
47,15,3
3,22,31
39,15,1
27,18,19
1,22,32
28,17,8
6,10,8
5,11,9
3,11,9
27,21,31
26,20,31
5,17,20
45,23,21
5,19,26
15,18,26
0,11,8
23,19,34
40,19,8
23,23,48
44,17,6
6,8,2
16,18,28
19,22,42
12,22,33
31,20,21
21,23,48
25,18,23
6,18,24
4,15,16
4,9,5
41,15,1
31,20,19
17,11,4
20,15,19
20,11,3
8,20,27
5,17,21
10,16,21
10,21,32
12,19,28
13,14,19
17,12,6
20,14,24
31,21,20
6,21,29
38,23,18
26,17,16
18,12,16
31,19,10
2,19,23
24,20,44
20,13,20
17,11,15
18,17,29
6,15,16
5,15,15
8,20,29
24,18,23
25,14,4
43,17,4
8,8,3
10,15,18
28,20,27
16,10,5
30,14,0
10,11,12
4,11,8
16,12,4
42,19,8
19,11,5
27,22,46
22,17,28
33,22,24
25,14,5
5,19,23
47,18,9
25,23,52
18,12,9
34,21,16
28,16,6
30,21,25
21,16,24
37,19,11
15,16,23
26,21,21
21,14,12
2,19,25
24,19,22
18,13,14
32,14,1
15,10,9
38,23,17
28,23,45
45,21,14
7,14,14
6,9,4
12,11,13
31,23,31
9,7,1
39,16,3
19,23,45
21,13,8
21,15,25
24,17,19
35,16,4
25,20,34
34,21,19
3,19,25
29,23,47
18,15,24
29,15,4
21,17,29
20,18,32
15,15,23
49,16,7
10,11,9
28,22,36
22,11,1
20,14,10
13,21,32
40,20,10
49,14,2
9,20,29
18,15,15
28,21,29
18,13,20
33,21,17
42,22,17
12,10,8
29,21,25
30,22,29
43,21,13
45,21,15
17,18,28
4,22,30
42,16,3
16,16,23
43,20,12
19,14,17
23,17,25
2,17,20
11,18,27
15,18,28
20,16,28
18,14,15
22,23,49
10,10,8
3,12,11
30,15,2
3,20,27
6,8,3
18,13,19
16,17,26
27,19,26
7,7,2
25,18,27
21,15,15
25,19,24
5,22,33
18,13,13
22,19,37
27,21,30
14,9,8
21,13,2
13,19,28
18,21,40
2,9,3
5,18,23
12,14,17
24,22,48
31,21,24
23,13,5
44,23,18
31,23,36
5,20,27
29,23,39
18,21,37
8,16,21
25,22,35
32,23,33
27,23,51
20,12,6
25,21,37
38,22,18
6,18,22
10,21,31
34,23,29
29,14,2
28,17,11
8,9,3
38,16,3
30,23,38
32,20,15
19,13,15
1,17,19
13,18,25
20,22,41
39,21,13
21,14,18
26,15,4
17,14,20
45,23,18
32,20,17
27,14,4
23,13,2
17,21,39
37,21,13
42,17,3
6,20,28
28,23,36
39,21,14
33,23,29
16,12,16
21,20,38
10,13,16
26,18,13
10,21,30
16,21,35
15,9,3
4,18,22
10,7,2
27,22,50
19,16,28
47,19,10
7,19,25
41,22,17
19,13,19
10,10,7
29,17,7
17,22,43
6,20,26
25,13,4
3,15,16
7,16,18
10,18,25
26,17,15
20,21,39
15,8,1
45,22,19
7,22,32
28,23,37
17,11,11
9,6,0
26,18,11
31,18,9
28,22,46
32,17,5
16,13,11
13,17,25
35,22,20
43,19,8
4,21,29
22,14,9
33,22,25
40,16,1
23,21,45
23,22,45
21,22,46
24,17,13
12,14,18
3,14,15
7,18,24
29,16,7
22,13,4
48,23,24
28,23,41
24,17,25
23,14,7
27,20,23
24,15,9
3,22,32
33,14,1
16,11,9
22,21,42
33,23,31
19,17,28
8,14,17
5,16,17
45,23,19
16,8,0
15,23,40
24,20,32
22,18,35
25,17,11
35,15,0
26,22,40
10,19,28
24,20,36
12,7,2
46,17,8
14,10,9
6,11,8
16,9,1
10,15,19
33,19,10
6,11,10
13,8,3
11,22,35
28,19,13
23,17,29
11,13,16
31,16,4
40,20,12
30,20,16
27,22,49
28,16,8
40,17,5
29,19,19
20,12,4
38,21,14
9,14,16
23,20,42
24,19,37
48,19,14
10,8,5
42,23,20
26,17,12
25,20,21
25,19,31
23,16,15
26,14,3
38,22,14
0,14,14
27,23,48
25,21,36
12,16,21
18,14,22
11,9,6
9,12,12
27,14,3
14,10,6
41,19,8
15,10,10
3,21,30
13,13,16
13,11,11
23,22,46
28,23,47
13,16,21
19,23,44
28,20,22
15,11,13
7,7,0
14,19,30
1,14,12
7,7,1
39,17,5
32,19,13
26,20,29
27,22,34
25,20,30
28,23,51
27,20,29
33,20,12
16,11,6
39,20,13
22,18,34
17,20,33
21,15,19
14,11,12
19,12,4
38,18,5
27,19,16
25,15,7
19,13,14
37,19,10
31,23,30
40,19,9
14,9,2
18,22,43
7,15,16
0,18,21
17,15,22
7,14,15
18,10,1
26,23,51
43,15,2
40,21,14
32,16,4
12,23,40
36,23,24
23,21,44
27,18,10
14,15,20
23,18,30
13,17,26
37,23,21
30,13,0
13,21,31
25,20,35
49,14,1
48,20,13
43,20,10
43,16,1
32,16,2
0,18,23
38,23,21
21,19,34
24,14,5
15,16,24
34,15,1
9,20,28
35,21,18
28,19,22
20,18,34
43,19,9
19,13,6
16,14,21
28,19,20
23,17,23
2,13,12
22,19,32
8,11,11
9,11,11
41,23,20
8,9,7
13,12,13
28,21,31
8,20,30
27,21,42
7,13,14
26,15,5
37,23,23
1,21,28
20,14,22
41,22,14
5,19,25
11,17,25
26,18,19
0,22,29
43,21,14
48,13,0
39,20,12
29,13,1
9,21,31
19,14,15
48,22,21
9,7,2
28,18,16
24,19,30
26,20,33
4,20,27
23,19,37
5,8,3
28,13,2
28,18,14
19,19,33
26,18,15
31,21,19
48,18,10
38,22,16
38,19,10
2,13,10
15,11,14
31,20,18
32,21,17
2,11,8
23,16,13
11,15,19
23,21,43
33,23,23
10,22,33
10,11,10
24,23,52
25,20,20
47,22,20
22,16,15
35,23,23
24,20,43
16,22,41
19,13,7
20,15,25
12,22,36
3,7,2
7,21,31
15,19,29
25,20,36
49,18,12
36,18,8
25,18,14
18,13,18
44,14,0
32,23,26
14,9,3
11,8,2
17,17,28
21,15,23
29,17,10
33,23,28
16,18,27
9,23,34
18,18,32
19,14,20
13,22,38
25,23,54
28,15,3
17,22,39
25,21,45
12,12,14
17,21,35
28,23,52
38,19,9
34,22,19
21,20,39
27,23,43
7,20,28
42,23,19
8,8,5
3,21,28
23,11,1
19,21,40
26,20,28
10,23,35
28,17,7
18,12,6
24,21,41
15,10,5
15,15,21
47,16,4
8,13,15
12,18,26
43,20,11
1,21,27
12,21,32
35,23,21
16,18,30
0,22,32
11,7,2
21,17,32
49,23,22
8,8,4
19,10,1
40,19,10
3,16,19
2,8,3
30,19,13
24,16,8
11,14,18
20,13,17
0,13,12
22,20,41
23,12,2
26,18,23
22,13,5
26,21,45
32,18,8
34,23,27
22,16,25
27,21,40
30,23,47
24,19,39
16,15,21
33,23,27
0,18,20
8,22,33
9,23,36
17,10,4
31,13,0
27,16,8
33,23,24
27,22,39
16,13,12
49,22,19
15,10,12
22,14,6
33,19,13
18,18,31
0,16,16
35,20,14
20,19,34
16,11,3
0,12,10
2,14,14
39,19,10
19,9,0
25,20,33
15,14,19
20,16,29
19,15,22
1,12,9
8,7,2
37,14,0
4,16,19
29,23,52
9,13,15
48,15,4
22,22,41
22,14,8
33,18,10
2,13,13
28,22,31
8,10,7
16,19,31
20,23,45
18,13,12
30,23,31
26,22,48
23,14,8
36,18,6
23,16,23
2,7,0
2,17,19
11,7,3
2,16,17
47,23,20
36,15,2
29,15,2
21,15,18
30,20,17
20,14,14
3,22,30
6,7,2
24,16,16
35,17,7
24,19,23
13,10,9
4,14,13
25,17,17
1,18,21
8,15,19
8,9,5
20,18,30
31,20,14
41,21,14
32,17,8
21,21,42
39,23,20
1,12,10
18,12,13
33,16,3
18,11,3
25,21,39
5,11,7
45,18,7
40,22,15
18,21,39
32,22,26
36,15,1
47,16,5
43,16,3
2,23,32
24,16,12
13,10,6
49,17,7
49,13,1
37,23,22
12,9,8
48,16,6
37,17,4
41,21,12
36,23,23
39,18,5
9,14,17
40,18,8
18,19,31
13,13,18
24,12,0
30,17,6
1,18,20
46,14,2
27,20,30
27,19,18
36,22,18
8,21,29
0,23,32
8,14,15
24,12,1
37,17,6
7,14,16
25,13,1
24,17,18
36,21,13
29,22,33
33,18,8
30,23,32
31,21,22
24,19,33
15,8,0
30,17,9
37,21,16
37,15,0
30,22,34
30,21,27
33,16,2
26,21,41
26,18,22
15,10,4
18,23,43
11,18,25
27,16,9
24,18,28
21,16,28
25,16,11
9,9,7
21,22,45
30,17,8
4,8,2
44,20,12
49,15,3
22,23,47
4,10,6
23,17,21
28,22,45
26,22,35
33,19,11
9,22,32
13,14,18
33,16,5
5,18,21
32,23,35
25,15,8
4,22,31
26,22,38
27,21,43
17,12,11
8,23,36
30,23,37
28,12,0
17,9,2
14,9,9
24,19,29
25,21,38
17,11,6
31,19,13
15,22,38
35,21,16
22,15,17
27,21,36
13,9,3
6,19,26
14,22,38
49,19,12
19,17,27
6,22,32
12,7,1
22,17,29
23,18,31
6,16,18
27,19,25
4,19,26
8,17,23
44,21,16
0,23,33
29,20,19
23,13,4
39,18,8
26,19,25
22,17,31
41,23,19
48,23,22
8,19,25
5,10,7
42,22,15
18,17,26
26,17,11
33,20,14
44,17,7
20,18,31
36,21,17
16,23,43
46,15,3
49,20,15
11,16,21
11,7,0
36,16,4
9,17,22
3,17,21
19,11,4
40,17,3
17,12,12
18,16,27
30,20,22
25,17,15
22,15,22
22,15,9
2,18,23
30,21,24
33,22,22
42,18,8
9,13,14
21,16,18
21,12,5
47,22,19
14,17,25
21,13,6
30,20,21
43,15,1
11,16,23
12,15,20
15,23,43
22,11,0
20,14,8
27,23,45
1,14,14
7,12,12
9,15,20
34,21,18
21,15,21
24,21,44
18,13,21
8,12,13
4,6,0
16,11,7
24,17,23
32,17,7
28,16,5
14,11,11
13,19,30
8,17,22
20,14,17
6,14,16
13,20,31
27,22,30
8,19,26
24,22,44
26,14,2
8,7,3
7,19,26
14,9,5
45,18,10
0,12,9
7,23,34
31,18,11
40,18,7
15,16,22
36,17,5
24,23,50
30,23,41
27,18,16
10,9,6
25,17,16
46,20,13
26,22,49
5,18,24
8,10,8
12,9,7
2,10,7
31,15,1
26,21,37
44,23,20
13,20,32
29,19,16
23,23,51
6,19,24
44,20,11
12,23,36
32,20,16
10,7,0
16,22,37
26,21,35
40,23,18
46,23,21
21,22,43
15,21,33
10,14,18
28,22,43
19,11,2
34,23,28
26,20,32
30,23,36
1,17,20
40,23,19
4,19,24
21,10,0
10,13,13
29,23,37
27,19,20
24,17,22
12,8,2
22,22,46
29,18,14
8,9,4
16,23,41
13,16,22
19,19,32
17,16,26
39,19,8
13,16,24
8,11,9
15,20,32
34,15,2
24,22,46
46,16,6
8,12,10
35,17,5
23,22,43
4,13,11
49,16,5
34,14,0
19,15,26
30,16,6
45,15,0
18,20,34
32,20,12
10,19,27
10,22,35
27,20,26
6,10,7
26,21,29
23,21,35
8,18,24
15,11,6
24,19,38
3,10,6
14,21,33
24,15,8
1,23,33
25,12,2
48,21,16
43,23,17
18,15,14
24,20,31
17,22,42
4,10,7
19,13,22
30,21,22
11,21,33
24,21,46
24,16,10
22,23,50
18,13,16
6,22,31
24,13,3
6,19,25
43,18,6
4,19,25
23,18,33
32,17,6
29,21,27
13,8,4
31,19,15
46,23,22
12,20,30
41,17,5
7,9,6
27,18,15
7,11,9
16,19,30
29,23,42
4,22,32
35,23,25
20,23,44
5,8,1
29,23,49
31,21,21
10,11,11
49,20,14
21,21,41
25,18,15
47,23,23
32,23,28
3,23,33
18,9,0
38,15,1
8,22,34
20,14,11
32,23,29
22,14,7
14,15,21
34,22,18
4,11,9
14,23,40
25,20,37
12,10,11
5,9,4
26,19,23
48,22,20
46,19,12
14,22,40
14,8,0
4,23,35
23,22,47
9,13,13
13,15,22
42,21,15
17,15,21
7,21,29
10,6,0
29,21,31
18,20,33
11,14,19
22,18,33
1,23,34
43,16,4
26,21,44
6,18,23
14,22,36
6,20,27
5,9,6
49,21,17
11,12,12
25,12,0
27,20,25
1,20,26
5,7,1
28,22,39
15,19,31
41,22,16
14,12,14
15,9,0
23,16,11
28,20,26
36,22,17
7,6,0
47,18,11
31,20,15
47,23,19
18,12,11
38,21,13
22,20,35
25,18,26
11,21,31
8,19,27
3,20,26
37,16,4
23,20,39
34,23,24
38,17,5
39,18,7
27,21,37
13,23,39
3,12,9
28,13,0
8,16,20
19,14,11
15,21,34
30,15,4
39,16,1
24,21,34
0,12,8
17,12,14
29,19,17
25,23,51
31,23,33
23,15,7
39,20,11
25,21,21
3,12,10
46,22,17
39,20,10
41,20,11
23,17,22
41,23,18
35,17,4
10,12,12
30,23,34
20,15,24
31,20,20
13,7,1
26,19,20
47,13,1
13,23,43
35,23,26
3,11,7
38,20,13
21,15,22
26,16,8
16,10,4
22,19,35
47,18,8
19,20,37
37,19,9
0,21,29
14,21,32
42,20,12
23,19,35
25,16,9
16,11,12
1,19,24
22,15,13
20,20,39
43,22,16
24,14,7
24,21,43
44,15,1
11,16,20
10,23,37
12,22,35
43,20,13
46,19,11
30,23,43
29,21,22
28,22,33
11,15,18
21,14,13
46,15,4
34,17,4
16,21,37
27,12,0
14,8,2
45,14,0
21,16,25
22,15,21
22,16,27
37,20,14
23,14,6
22,22,45
16,16,24
30,19,14
3,8,3
21,17,30
21,22,44
38,15,2
38,17,4
12,21,34
13,8,7
30,19,15
8,12,12
6,22,33
17,11,8
48,13,1
4,7,1
12,13,15
13,23,42
15,23,44
22,16,19
29,23,32
33,21,19
28,14,2
46,17,7
2,15,16
8,15,18
1,20,27
17,19,33
32,16,3
6,13,13
35,18,8
3,15,15
18,14,14
16,18,29
32,20,11
47,23,21
32,15,1
23,16,19
28,16,7
16,22,40
31,20,16
15,13,19
18,13,9
20,13,9
0,19,23
21,23,47
41,21,13
6,7,0
38,19,8
9,23,35
29,23,36
21,17,31
22,16,28
2,10,5
1,15,15
26,23,53
15,20,31
21,12,2
29,17,9
27,17,10
20,10,1
17,17,27
28,14,3
17,23,45
17,12,17
48,20,14
24,16,11
18,12,12
4,21,28
27,23,53
23,19,33
2,21,27
17,22,41
1,8,3
26,15,6
27,18,12
5,21,31
11,9,8
4,18,23
3,14,14
13,23,40
11,8,6
26,19,22
18,20,35
45,21,16
9,8,4
16,14,19
6,19,27
43,22,15
43,23,19
33,23,26
49,14,3
18,22,41
27,19,14
19,18,30
21,18,33
20,13,6
4,7,2
28,22,42
4,20,28
28,19,15
5,15,18
22,21,43
21,14,15
22,22,47
12,20,29
3,13,12
0,14,13
26,13,2
1,21,29
25,13,2
17,15,23
38,18,8
2,19,24
12,14,19
3,18,21
20,14,23
7,17,20
9,16,19
28,22,34
14,9,6
24,20,34
0,20,25
23,16,21
16,19,29
7,10,6
11,19,29
1,18,22
26,19,26
5,16,19
30,22,26
46,15,2
7,8,4
11,7,1
13,11,13
4,19,23
26,22,46
23,14,5
27,21,29
37,18,7
29,21,30
32,18,7
22,16,16
23,16,16
21,18,34
30,21,23
1,9,3
1,19,25
37,15,1
29,23,43
23,16,14
22,22,42
19,20,35
8,7,0
21,14,17
28,19,21
44,16,5
14,16,24
16,11,4
28,22,37
29,22,35
33,23,25
1,23,32
49,16,6
27,21,27
5,15,16
47,13,0
3,9,3
21,15,10
4,7,0
23,19,31
18,11,4
10,23,36
12,9,5
1,14,13
29,19,15
36,20,13
34,17,5
26,13,3
36,22,16
7,20,29
19,20,39
18,20,36
25,18,22
16,15,23
30,23,44
27,19,19
34,19,8
20,16,25
30,16,5
13,15,21
25,18,24
10,17,24
23,23,49
20,19,37
27,23,54
27,22,43
3,13,13
18,12,7
0,8,3
31,17,6
14,17,26
34,16,4
48,22,18
19,22,43
6,12,11
14,20,30
35,17,6
39,23,17
14,18,28
35,23,22
47,14,2
16,21,38
9,18,25
17,23,44
21,18,35
1,22,30
47,14,0
30,18,9
42,20,13
8,21,30
0,9,5
38,20,11
5,22,32
34,16,5
1,10,7
15,10,11
14,20,32
29,22,31
17,12,18
9,21,32
15,14,21
25,23,50
24,19,27
19,23,46
16,17,25
13,18,27
6,6,0
41,17,4
20,11,2
46,22,19
3,17,20
20,17,29
20,18,33
23,12,1
23,18,32
11,16,22
30,14,1
30,20,15
36,19,11
48,15,3
21,14,11
39,22,14
26,17,17
24,16,9
16,22,39
35,22,19
41,19,10
49,15,4
15,21,35
48,17,7
13,20,30
17,13,18
17,15,20
33,20,11
42,21,14
35,21,17
23,20,34
29,21,26
12,18,25
7,15,17
25,21,41
28,22,41
3,18,22
25,21,35
22,15,16
19,19,36
3,9,5
5,21,30
49,21,16
31,17,7
9,18,23
31,14,1
26,16,11
0,21,28
21,16,27
16,11,14
35,22,21
20,21,41
38,20,12
17,20,32
39,22,16
19,11,1
0,17,18
12,20,31
5,8,2
22,10,0
5,22,31
14,23,43
23,11,0
28,21,32
34,20,16
46,17,6
29,22,30
26,21,40
5,10,6
37,15,2
18,12,14
41,15,0
17,14,21
25,22,50
45,16,4
14,21,35
2,17,18
14,19,28
17,12,15
1,8,2
13,22,34
33,23,30
28,18,12
27,13,3
23,15,8
20,14,19
19,13,18
10,19,26
42,23,17
2,8,1
5,14,14
7,14,17
18,14,20
7,10,8
47,19,11
21,19,36
26,14,4
27,16,7
28,23,49
42,19,10
2,12,8
1,10,6
48,22,19
49,17,9
2,17,21
4,20,25
23,18,26
0,13,11
34,21,17
16,11,5
18,11,6
47,20,13
24,17,21
5,16,18
8,10,9
24,19,32
29,23,40
5,14,13
27,22,40
21,15,14
36,22,20
34,18,8
16,10,2
4,9,3
3,23,34
22,19,39
31,19,16
19,18,31
19,10,2
27,17,9
22,22,43
44,21,14
46,21,15
28,23,53
26,23,52
14,23,42
27,23,49
48,21,18
4,21,27
49,19,14
43,21,15
21,13,4
20,13,8
2,7,1
11,23,39
4,14,15
42,22,16
14,22,37
2,21,28
17,21,38
25,21,42
34,17,6
26,21,38
46,23,19
18,12,17
26,20,20
29,20,22
41,18,6
29,22,38
14,16,22
20,23,46
3,13,11
0,22,30
49,22,21
14,12,15
32,22,27
16,12,14
48,14,3
27,19,21
18,15,22
15,9,1
48,21,17
28,23,54
25,19,22
32,23,32
16,19,32
5,17,22
14,22,35
34,16,3
6,15,17
7,23,36
15,21,37
22,19,36
35,16,2
25,18,17
39,21,15
25,20,32
25,22,46
14,11,14
25,18,19
33,19,14
22,21,41
48,18,11
33,19,8
44,18,7
45,22,18
28,23,42
17,18,29
37,23,19
15,11,12
23,17,26
22,23,45
4,9,4
42,17,5
9,23,37
15,15,22
45,16,3
46,18,7
9,19,28
22,16,24
27,23,50
29,16,6
30,15,3
13,18,26
22,16,21
15,10,6
10,20,29
26,21,36
28,20,28
5,13,12
22,12,2
19,16,25
25,21,46
2,21,30
27,19,15
2,15,17
40,22,17
5,16,20
29,19,18
27,22,44
24,18,30
29,20,26
29,23,45
12,12,12
19,14,19
12,9,4
14,15,22
27,17,8
41,18,7
31,21,23
24,18,17
24,20,41
35,21,15
45,20,12
11,12,13
31,22,23
45,22,17
22,16,22
40,20,11
39,16,2
19,22,44
29,23,34
28,19,14
45,17,5
29,23,38
0,11,6
27,15,5
19,13,13
32,20,13
45,14,1
17,21,37
35,16,3
14,8,1
17,21,36
18,11,2
24,20,39
32,22,24
9,16,22
8,12,11
26,21,32
42,17,6
0,10,5
10,7,3
31,19,11
18,19,35
13,20,29
0,13,10
15,16,25
10,12,11
5,12,9
17,13,19
20,17,31
19,12,8
24,19,31
46,22,18
46,19,10
24,14,6
6,14,15
29,20,21
44,18,6
28,21,25
8,11,8
27,13,2
28,18,15
6,23,34
40,15,1
45,18,8
21,11,0
20,10,0
36,21,14
45,17,7
10,20,28
40,18,6
2,14,12
29,18,11
42,21,12
0,16,18
23,19,36
35,20,12
18,16,26
27,18,14
47,20,14
12,19,27
19,13,17
45,22,16
46,14,0
43,18,8
13,11,14
45,15,1
8,14,16
48,23,20
0,8,1
30,18,12
20,22,45
19,12,7
29,21,28
38,17,6
18,18,28
1,19,23
28,21,26
31,23,29
24,18,24
15,13,18
1,9,5
9,11,10
3,10,7
25,21,40
9,22,34
11,9,7
19,13,20
17,19,32
44,22,17
25,15,9
20,20,38
8,18,25
14,22,39
27,13,0
14,13,16
0,11,7
22,16,23
14,14,19
26,16,9
13,17,24
1,15,16
17,19,31
18,18,30
17,9,1
25,11,0
10,9,8
41,17,3
37,20,13
23,23,47
22,11,2
6,15,18
8,18,26
18,12,8
2,15,14
0,15,14
35,19,10
38,18,7
38,23,19
14,13,17
11,22,34
20,12,5
25,15,6
17,12,9
31,16,5
13,23,37
4,13,13
30,23,33
19,20,38
24,16,17
15,9,2
0,15,16
25,22,34
6,9,6
10,16,22
29,20,24
12,23,37
32,21,21
14,13,18
24,20,37
6,16,20
28,19,17
10,9,5
16,21,34
31,22,29
27,17,11
18,12,5
26,12,0
33,21,21
14,23,41
12,8,4
43,19,10
25,17,12
0,9,3
48,19,11
17,11,14
13,23,38
28,23,39
31,23,37
20,12,3
37,16,3
0,8,2
4,16,17
11,17,24
11,23,38
7,8,2
0,10,6
33,21,20
18,13,17
15,11,10
15,11,8
17,13,20
22,16,26
0,20,26
0,21,27
1,16,16
21,23,46
48,19,13
3,21,29
8,22,31
36,17,6
34,20,13
14,20,31
22,15,11
25,21,43
44,19,11
25,12,1
24,16,13
24,18,26
46,14,1
2,16,18
27,21,39
29,22,40
27,17,12
19,13,21
27,23,44
26,23,54
40,15,0
17,18,31
19,19,34
23,16,17
16,22,38
47,15,4
34,23,22
12,13,16
30,20,20
21,14,19
31,20,13
30,22,30
19,12,5
21,16,26
16,9,3
25,18,16
12,23,38
13,9,7
44,17,4
49,23,23
42,15,0
47,20,15
28,20,21
36,23,20
9,19,26
31,22,28
26,22,44
18,12,15
27,22,37
25,20,42
0,20,27
22,23,46
13,22,35
20,14,13
29,22,37
40,16,3
48,23,23
12,9,6
15,17,25
42,20,11
43,18,9
25,13,3
46,21,17
17,10,1
9,12,13
12,11,11
13,11,10
47,17,7
32,21,19
15,19,28
12,17,24
23,18,24
2,18,22
16,20,31
19,14,13
29,21,23
24,22,45
29,19,13
32,20,14
16,20,35
19,17,30
6,17,21
12,11,12
23,13,3
26,12,1
1,8,1
23,20,40
14,23,39
13,8,2
5,15,17
21,11,1
43,23,18
23,17,18
18,17,27
1,9,4
32,22,22
12,15,21
24,18,22
29,23,46
1,22,31
9,17,24
26,19,29
30,23,40
6,9,5
30,20,23
35,22,18
23,17,27
16,20,34
28,18,13
7,23,35
30,19,18
28,22,35
10,18,26
22,17,23
44,15,2
26,22,41
22,15,12
23,20,38
7,15,18
15,12,16
14,12,16
9,10,7
11,12,14
47,14,1
42,16,1
30,20,19
1,13,12
29,17,8
7,17,23
26,20,27
5,7,0
44,22,18
27,21,34
31,22,30
23,17,19
19,12,6
45,17,6
24,20,33
12,21,33
7,16,20
7,19,27
35,14,0
25,19,20
16,11,15
4,14,14
4,20,26
12,18,27
49,17,8
25,20,39
16,10,6
10,15,20
42,15,1
25,17,19
7,8,3
14,14,18
42,17,4
23,15,13
5,11,8
29,18,13
9,11,9
26,16,10
34,22,20
9,15,18
27,20,31
31,14,2
9,8,3
4,15,17
46,16,5
16,13,18
20,15,22
19,14,18
2,13,11
15,19,30
21,16,23
29,23,35
41,23,17
47,15,2
18,20,37
45,19,9
46,16,3
18,12,18
21,22,41
39,17,3
9,15,17
20,15,20
39,23,18
37,22,18
24,20,38
10,16,20
25,14,6
6,14,14
27,21,32
46,13,0
34,20,15
27,20,21
36,16,2
24,18,27
9,16,21
34,23,26
38,14,0
21,14,10
47,21,18
26,21,46
