11,22,7
10,22,9
54,18,9
5,23,1
9,22,7
29,23,3
55,21,19
57,16,7
60,22,35
8,22,5
23,23,3
59,15,9
12,19,3
52,18,9
15,21,8
48,20,15
45,22,21
57,21,21
54,17,7
56,18,6
57,20,18
61,21,35
55,17,9
59,16,5
61,19,22
58,21,24
61,14,6
52,18,2
59,17,1
53,23,25
58,18,16
20,22,4
59,18,1
53,18,7
11,23,12
56,16,8
49,20,13
4,23,0
20,21,4
44,21,1
43,22,0
58,20,22
59,15,3
5,22,2
61,20,24
57,20,19
46,21,3
60,17,14
13,21,8
11,22,11
11,19,2
63,19,31
43,22,3
44,21,10
51,23,25
62,21,32
13,23,9
44,23,18
57,19,17
61,18,19
58,20,21
58,17,2
62,18,18
43,21,2
1,21,0
60,16,2
45,21,9
51,18,11
60,17,13
44,22,7
9,21,2
59,16,11
18,22,4
48,19,0
23,22,2
61,20,31
43,23,18
14,22,8
57,22,29
60,18,19
16,20,2
54,21,20
59,22,30
46,21,4
12,21,9
43,22,16
13,20,5
51,19,5
23,21,1
2,23,4
55,18,2
13,22,12
62,18,17
62,19,26
49,19,15
44,23,20
17,22,4
53,21,18
58,22,27
61,20,26
51,19,8
62,20,24
57,23,34
59,15,1
47,20,3
58,17,12
52,18,6
21,22,5
58,20,19
51,19,9
13,22,10
61,15,2
26,23,2
57,19,16
45,23,23
62,17,17
57,21,20
54,18,8
18,19,0
61,20,32
16,18,1
43,23,13
55,19,15
60,19,21
16,23,9
59,16,6
58,22,26
50,18,8
43,23,6
36,23,1
58,21,22
14,19,5
18,21,3
56,16,7
48,19,10
24,23,4
15,20,6
6,22,3
59,20,23
58,23,34
59,22,29
61,17,15
54,18,14
53,23,26
52,22,23
44,22,21
46,22,22
0,22,1
15,23,12
41,22,1
60,17,16
39,23,6
11,19,1
62,21,34
20,21,0
60,15,7
3,22,1
16,22,6
19,21,4
49,20,7
59,22,35
41,23,8
63,15,9
63,14,7
48,19,1
1,23,2
47,21,8
10,23,8
48,21,13
55,22,24
55,17,7
63,20,32
25,22,0
6,23,5
46,21,12
42,22,0
52,21,19
55,22,25
19,20,1
16,23,11
63,13,0
49,22,22
14,22,10
59,17,14
60,19,18
56,17,9
29,23,0
11,22,8
53,17,7
62,20,32
62,19,21
36,23,0
53,18,4
20,23,7
56,17,2
61,15,10
54,18,11
40,23,4
33,23,1
46,21,18
62,21,33
44,22,18
46,20,1
62,20,25
31,23,1
57,18,16
13,19,0
18,22,6
55,21,22
44,23,16
59,18,18
48,19,2
51,18,2
34,23,2
21,23,8
63,15,2
42,22,1
20,21,1
54,23,25
29,23,2
47,20,4
54,17,1
59,15,2
6,23,3
56,17,8
59,21,23
48,21,17
50,20,16
63,18,24
49,19,6
48,19,9
54,19,15
57,20,21
50,18,10
56,21,22
61,18,16
53,17,8
62,14,4
45,23,17
41,23,2
59,20,21
47,22,20
58,22,30
57,21,23
38,23,1
21,21,3
57,22,27
16,21,5
58,16,11
60,20,26
8,21,3
51,23,24
44,22,14
63,13,3
28,23,3
24,23,2
55,21,21
25,23,5
48,20,14
40,23,3
54,20,18
57,17,8
61,16,11
44,22,4
55,18,3
7,22,3
49,19,9
51,19,0
0,23,2
8,21,0
47,20,17
14,19,1
58,17,4
63,20,30
37,23,4
58,23,35
48,20,18
62,15,1
50,22,21
14,21,8
55,17,2
2,22,2
61,18,17
17,22,5
61,15,6
63,17,19
38,23,4
41,23,14
11,23,10
53,18,8
43,23,15
14,19,2
44,22,12
13,23,11
16,22,9
10,23,12
42,23,4
48,20,8
49,20,4
18,20,2
45,21,16
13,22,9
47,20,8
44,23,17
43,23,19
10,21,3
10,20,2
48,19,13
45,21,15
41,23,7
49,20,18
63,18,22
60,17,3
58,22,29
46,20,3
47,21,10
45,22,18
41,23,9
58,19,17
4,22,0
52,23,24
16,22,8
55,17,12
42,23,12
43,23,23
14,20,4
12,23,14
46,22,16
58,19,19
47,20,14
49,20,12
15,21,5
54,18,15
42,23,8
18,21,4
46,21,5
39,23,2
54,21,19
14,19,4
59,22,31
51,22,20
63,14,2
58,18,14
59,16,2
55,23,26
58,16,9
46,20,12
16,19,2
45,22,4
41,23,10
41,23,6
61,14,1
52,18,10
59,22,34
62,19,24
59,19,18
56,16,9
51,19,15
47,20,7
49,23,24
51,18,0
63,13,5
52,19,5
60,21,32
59,18,16
17,21,4
55,21,20
47,23,24
59,17,4
49,21,19
57,17,11
53,19,14
50,19,12
43,22,14
42,23,17
40,22,0
55,23,28
22,23,3
60,19,20
46,21,14
62,19,20
41,22,2
16,20,4
63,19,27
54,19,14
59,21,30
46,23,22
39,23,0
9,20,2
61,21,33
56,21,23
0,21,0
18,23,9
49,19,2
62,14,1
53,19,15
11,20,3
50,19,8
47,20,10
31,23,2
63,16,15
56,23,28
43,23,7
48,23,22
49,19,7
53,21,21
63,16,14
16,22,7
46,21,20
50,20,11
17,21,2
55,18,15
40,23,9
59,21,31
47,21,18
13,21,6
46,22,8
62,20,31
54,18,13
47,20,1
56,17,3
61,21,32
51,23,23
61,14,7
5,22,3
13,19,4
51,22,21
8,22,2
10,22,7
50,19,10
58,22,35
11,20,4
15,21,6
62,16,14
12,21,5
53,18,9
50,21,18
63,19,29
54,17,0
9,21,3
22,21,1
43,23,17
34,23,1
52,19,7
54,23,26
41,23,11
24,23,6
52,20,18
25,23,3
55,17,8
45,21,0
42,22,4
50,19,6
15,22,9
51,21,20
15,22,10
27,23,3
53,21,19
45,23,20
21,22,3
28,22,0
44,23,21
10,20,1
49,20,15
47,21,7
21,21,0
58,16,7
52,21,18
42,23,18
53,19,7
63,17,17
45,22,7
61,15,7
30,23,1
54,23,29
45,21,5
18,22,5
17,19,0
13,19,3
51,18,10
56,16,0
16,19,0
10,22,8
5,21,1
46,21,1
46,20,10
59,15,8
60,18,16
49,20,8
8,23,7
15,19,2
57,21,25
10,23,10
60,20,23
57,23,33
51,18,12
13,21,9
62,20,34
63,15,14
61,20,29
3,22,0
50,20,8
17,22,8
60,18,4
56,22,25
62,19,27
19,22,7
19,20,3
12,21,10
57,19,19
60,15,2
9,23,8
63,14,0
54,18,5
3,23,1
62,14,7
59,16,1
51,20,17
37,23,1
45,22,6
56,17,7
49,22,20
32,23,0
5,23,5
60,15,0
47,20,11
8,22,4
57,17,1
48,19,12
57,23,31
46,21,11
60,20,21
59,16,4
15,18,0
62,19,28
56,19,6
54,22,22
62,18,19
57,19,18
61,18,18
17,20,2
56,17,11
58,16,2
55,18,5
48,20,13
5,22,1
56,20,19
2,23,3
43,23,5
45,22,12
3,22,2
62,14,2
43,22,9
40,23,6
49,19,1
59,16,3
22,21,2
63,19,25
39,23,3
46,21,17
60,18,17
63,16,16
48,21,19
55,23,25
62,16,15
9,21,0
53,20,17
23,22,1
5,23,4
58,21,23
20,21,3
46,21,15
63,14,9
51,23,22
56,18,16
41,23,13
59,22,28
58,15,5
60,16,13
59,16,12
40,23,2
12,23,13
50,19,0
46,22,17
58,21,26
51,20,18
57,17,4
44,22,9
58,21,28
46,20,0
6,23,6
53,22,21
50,23,22
57,17,5
60,18,15
48,20,0
47,20,6
21,22,4
10,20,3
13,18,2
46,22,14
62,19,29
58,16,5
15,20,2
42,23,15
59,22,32
44,22,10
5,21,0
61,16,4
60,21,31
58,16,10
45,23,19
47,20,9
25,22,1
54,18,2
54,17,6
17,21,6
62,14,3
56,19,16
11,21,4
30,23,0
19,23,6
22,23,4
55,17,10
39,23,1
53,23,23
8,23,3
47,20,5
43,22,13
45,22,14
4,22,1
11,21,7
54,17,8
61,14,0
55,23,30
50,19,5
52,23,23
39,23,5
56,17,1
16,21,6
14,20,7
46,20,2
60,22,32
52,20,16
42,22,5
58,16,3
44,22,6
63,16,13
44,21,11
42,23,20
56,20,21
51,21,18
52,20,17
49,20,5
56,21,21
57,19,6
60,15,10
48,20,12
61,18,20
54,23,24
42,22,3
6,21,0
46,20,13
45,21,17
54,17,12
0,22,0
45,22,15
58,20,23
56,18,15
18,20,1
49,20,10
10,23,13
18,20,3
39,23,4
16,21,3
51,19,2
55,17,0
57,17,13
14,22,11
51,19,16
62,15,12
48,20,5
49,20,3
56,22,23
63,13,1
62,15,10
52,18,13
45,21,18
48,20,3
59,20,25
44,21,4
2,23,2
48,21,20
61,15,9
60,22,34
60,15,8
31,23,0
20,22,6
58,19,20
60,17,15
57,18,15
54,17,10
24,22,0
61,20,28
17,20,3
50,19,4
45,21,2
43,23,9
62,20,35
18,22,7
61,22,34
59,21,22
57,23,28
43,21,0
45,23,22
59,19,20
55,18,6
57,23,30
41,22,0
61,15,3
57,23,35
45,22,20
61,19,24
57,18,13
27,22,1
7,21,1
53,17,10
41,22,3
49,19,3
21,23,3
42,23,19
2,22,0
44,22,11
51,19,6
49,19,0
53,18,13
49,19,5
60,16,8
40,23,5
52,19,2
24,22,3
9,22,6
59,22,33
63,19,34
11,22,9
35,23,1
13,18,1
28,23,2
17,23,9
43,22,1
57,17,6
56,20,18
32,23,1
63,14,4
63,16,17
52,19,13
53,19,17
49,23,22
56,18,14
0,23,4
45,21,4
45,21,11
54,23,27
58,18,15
50,20,6
9,21,4
47,21,13
11,21,6
62,14,0
11,22,10
4,22,3
57,16,5
62,16,12
20,22,3
4,23,2
51,18,8
54,17,2
13,19,5
60,19,19
3,23,3
60,16,12
12,19,0
9,23,10
57,18,6
37,23,0
45,21,10
18,19,1
61,17,16
52,19,8
19,23,9
52,19,6
12,20,3
42,23,13
60,21,33
59,16,0
60,21,30
61,15,1
44,21,9
49,19,16
20,20,2
14,23,12
46,22,19
57,21,24
41,23,3
15,22,7
63,15,3
4,23,4
51,22,22
57,23,32
53,20,18
14,18,1
15,18,1
13,23,10
4,22,2
44,23,22
62,18,20
14,19,3
63,14,1
48,23,23
4,23,1
45,22,8
43,23,14
48,20,7
63,19,26
53,17,9
58,19,16
50,18,9
59,20,20
55,16,7
48,20,16
37,23,3
60,20,24
36,23,2
12,20,6
63,17,16
59,21,24
55,17,13
44,22,16
10,23,11
51,20,8
12,22,12
48,20,11
4,23,5
46,20,11
12,20,4
51,18,1
61,14,2
54,22,21
48,19,14
12,20,5
10,19,1
63,15,12
48,22,20
61,16,12
45,21,1
41,23,12
42,23,10
60,20,25
19,22,4
48,19,11
15,20,4
34,23,0
60,22,33
12,23,9
52,20,7
43,23,24
53,18,6
63,19,23
11,23,13
11,23,9
44,22,13
24,23,3
59,17,15
42,23,21
16,23,10
46,22,20
51,19,1
0,23,3
13,20,4
20,21,2
41,23,5
47,20,13
62,19,23
4,23,3
60,15,4
14,18,0
46,21,10
15,23,10
49,20,17
55,19,14
59,15,10
63,20,33
59,17,0
63,14,5
45,21,3
55,22,27
41,23,16
59,21,32
45,21,14
63,13,4
12,19,1
61,15,8
47,23,23
56,17,13
8,21,1
13,18,0
19,23,8
11,23,14
12,21,6
54,18,0
56,21,24
51,19,13
58,15,8
23,21,0
56,16,6
21,21,1
21,20,0
45,22,17
51,18,7
62,18,21
60,15,9
49,21,20
10,22,6
55,22,23
60,18,18
47,21,9
55,17,6
52,19,4
15,22,8
10,21,4
63,15,11
54,18,12
15,23,9
52,19,15
55,18,4
48,20,10
14,21,7
48,20,1
15,19,3
55,18,14
58,17,11
43,22,10
60,15,6
40,23,1
12,21,4
56,18,4
43,21,1
60,21,26
60,16,9
45,22,5
21,21,2
43,23,8
60,17,5
11,20,2
18,23,8
12,22,10
56,18,7
60,21,34
57,23,29
61,16,14
57,17,0
50,19,1
11,21,5
56,19,15
12,21,7
56,23,32
16,20,3
41,23,15
49,19,13
50,19,11
44,23,23
62,16,13
60,20,27
9,21,1
60,21,35
57,16,6
6,23,4
20,23,5
60,15,1
47,21,14
23,22,3
53,18,11
20,20,1
43,23,12
15,21,7
58,15,7
54,22,23
53,18,14
12,22,11
43,23,20
54,20,19
45,23,24
57,16,9
48,22,22
47,21,3
23,23,4
45,21,13
20,23,8
51,21,19
63,18,21
43,23,10
60,16,1
59,15,0
22,22,1
62,15,3
60,22,30
11,22,12
47,21,5
50,20,0
61,15,11
9,22,3
51,19,7
9,20,0
63,18,18
18,21,5
62,19,22
13,21,7
52,18,4
60,21,29
63,20,35
59,20,22
42,23,11
48,21,18
59,17,13
43,22,15
58,23,33
52,18,11
57,20,20
19,19,0
41,22,4
58,17,0
63,19,24
61,19,20
21,22,2
17,23,8
11,20,0
47,20,15
10,23,7
57,16,0
61,15,4
5,22,0
62,14,8
26,23,1
46,21,0
54,17,11
43,22,2
11,22,5
60,22,31
59,18,17
35,23,2
8,23,8
60,17,4
52,18,7
62,14,9
42,21,0
48,21,12
58,17,3
55,19,13
62,21,35
52,23,26
40,22,2
42,23,7
63,20,34
56,17,10
50,23,25
23,23,6
57,22,26
12,21,8
46,22,21
58,16,0
9,20,1
61,17,4
50,19,9
60,16,11
14,22,9
17,18,0
13,23,13
47,20,0
61,21,30
4,21,0
50,19,13
10,22,5
42,23,16
24,21,0
59,18,15
7,21,2
43,22,8
59,21,25
60,16,4
43,23,21
46,22,18
16,18,0
44,22,5
59,16,10
13,19,1
50,19,15
12,23,12
50,21,17
55,23,31
10,22,4
55,18,11
63,14,8
7,23,6
59,17,12
63,19,33
58,15,6
62,15,11
61,21,29
9,23,7
61,20,25
44,23,19
47,20,12
43,22,7
49,19,4
50,21,19
46,21,13
8,22,3
38,23,5
25,22,2
43,22,6
61,20,23
7,20,0
17,21,5
43,22,5
57,17,12
44,22,8
44,23,15
61,14,8
54,21,21
62,14,6
56,16,10
47,21,16
53,18,1
49,21,18
52,18,0
58,22,28
56,22,28
57,16,10
56,22,27
62,17,15
39,23,7
0,22,2
61,15,0
43,22,11
10,21,2
62,19,25
51,20,15
58,17,14
53,19,5
41,23,4
53,23,27
42,22,6
44,21,3
54,19,17
30,23,2
63,14,3
59,15,4
25,23,4
13,22,11
50,21,20
53,20,7
52,19,3
47,22,22
45,21,7
59,20,24
61,20,22
40,23,8
45,22,16
44,21,0
61,15,5
49,19,12
51,20,16
51,22,23
24,23,5
11,23,11
17,21,3
57,16,3
54,17,5
44,21,12
3,21,0
49,20,6
49,20,9
52,18,5
50,22,20
59,19,19
18,23,7
59,16,7
57,19,7
17,20,1
49,19,8
50,19,14
8,21,2
55,23,29
62,15,9
50,23,23
53,18,12
55,22,22
12,22,9
46,21,16
11,22,6
55,17,5
16,20,5
25,21,0
62,20,26
56,17,0
21,23,7
54,23,28
27,23,0
58,21,27
53,19,16
58,22,31
63,19,28
44,22,20
3,23,4
27,23,1
22,22,3
17,19,1
45,22,19
45,21,8
27,23,2
60,16,10
45,21,19
58,22,34
57,17,7
60,16,5
54,19,13
56,23,33
45,23,18
1,22,2
16,23,8
18,22,8
47,21,6
55,20,20
19,22,6
58,16,1
57,16,11
28,23,0
19,22,5
44,22,3
60,16,3
52,19,16
2,21,0
54,18,7
58,16,4
17,23,10
51,19,12
60,16,0
19,21,3
53,17,11
10,21,5
57,18,7
59,15,7
7,22,2
56,23,29
37,23,2
26,22,1
54,22,24
53,18,5
48,20,9
6,22,2
58,23,32
51,19,3
59,19,21
59,18,14
47,21,20
47,22,21
54,18,3
10,19,0
2,22,1
58,16,8
57,17,2
14,21,9
56,17,6
49,19,14
60,19,22
50,20,7
59,21,27
12,19,2
21,23,6
62,20,27
56,18,13
3,23,2
58,16,12
57,18,14
62,17,16
55,18,13
62,20,33
59,21,26
22,23,7
53,18,0
47,20,16
19,21,2
51,18,13
26,22,2
48,20,2
22,21,0
50,22,22
17,22,9
7,22,4
59,23,34
40,22,3
44,23,24
23,22,4
63,19,30
6,22,4
16,21,4
6,22,1
55,19,17
22,22,4
13,23,12
53,23,24
59,15,5
43,23,16
10,23,6
58,22,33
49,22,21
17,22,6
63,14,10
53,20,16
43,23,22
57,22,24
17,22,7
17,23,11
55,17,11
49,20,14
16,22,4
10,23,9
62,17,18
63,18,20
49,20,16
50,23,24
44,22,19
42,23,6
52,22,21
55,17,4
58,17,1
23,23,5
50,19,2
43,23,11
56,20,20
33,23,0
44,22,17
57,21,19
54,20,17
61,19,19
16,21,7
46,20,14
14,21,6
18,21,2
16,22,5
42,23,5
57,17,3
55,20,19
56,23,34
22,23,5
25,23,2
43,22,4
52,22,22
61,17,14
49,19,11
51,18,9
44,22,15
29,23,1
61,21,34
53,22,24
49,20,2
52,21,20
59,15,6
42,23,9
46,23,23
42,22,2
54,22,25
22,22,2
15,23,8
53,22,22
10,20,0
44,23,12
5,23,3
63,14,6
56,23,27
61,20,30
50,19,16
7,23,3
58,17,13
60,20,22
46,21,8
57,16,8
14,23,10
63,20,29
53,18,2
43,22,17
12,23,11
48,20,17
54,17,9
46,21,7
45,22,11
20,22,5
58,18,13
57,22,30
18,23,10
7,21,0
39,22,1
45,21,6
52,18,14
35,23,0
16,19,1
9,23,9
50,20,18
54,21,22
7,23,7
58,18,17
58,21,25
62,20,29
24,22,1
57,22,28
45,22,22
55,23,27
9,23,6
49,19,10
16,20,1
14,20,5
61,17,17
22,23,6
51,19,14
59,21,29
15,20,5
11,20,1
26,23,3
63,19,22
15,19,1
9,22,4
48,19,15
1,22,0
48,22,21
47,21,4
43,22,12
11,19,0
24,22,2
9,22,5
8,23,4
46,21,9
63,14,11
53,19,4
63,20,28
46,21,2
56,19,18
53,22,23
28,23,1
63,18,19
60,15,5
56,17,5
53,18,10
51,19,4
57,22,25
63,15,10
57,16,1
36,23,3
61,21,31
1,23,4
56,23,31
60,21,27
57,16,2
40,23,7
52,23,25
45,22,9
46,22,7
47,23,22
21,23,4
58,19,18
56,17,4
56,22,26
46,23,24
26,22,0
61,16,13
40,22,1
52,18,8
56,23,30
58,23,31
8,23,5
46,21,6
27,22,0
38,23,3
54,18,6
47,21,19
21,23,5
57,21,22
59,16,9
63,18,23
47,21,17
63,19,32
61,14,3
20,20,0
59,19,17
62,15,8
38,23,0
62,17,14
44,22,2
59,21,28
3,23,5
11,21,3
44,23,11
15,23,11
52,22,20
48,23,24
38,23,2
62,14,5
47,21,0
8,20,0
58,15,9
52,21,21
61,14,4
12,20,2
8,23,6
57,16,4
19,20,2
58,22,32
61,19,23
13,20,6
52,18,3
52,18,12
62,20,30
19,20,0
14,18,2
47,20,18
50,19,3
13,20,7
63,15,13
50,18,11
48,20,6
55,18,12
55,17,1
54,19,16
61,14,5
58,16,6
7,23,5
6,21,1
47,20,2
52,19,14
26,23,4
14,23,11
53,20,19
63,20,31
7,23,4
46,21,19
53,18,3
53,21,20
20,23,6
42,23,14
56,17,12
13,19,2
45,22,10
61,19,21
50,19,7
58,20,20
55,20,17
48,20,4
1,22,1
60,15,3
60,21,28
63,17,18
52,18,1
62,20,28
12,22,8
60,20,28
55,22,26
44,21,2
55,20,18
1,23,3
14,23,9
15,20,3
54,18,4
19,23,7
50,20,17
39,22,0
50,18,12
56,21,20
12,23,10
49,20,11
55,19,16
54,18,1
55,17,3
56,22,24
49,23,23
45,21,12
56,19,17
46,20,9
61,20,27
47,21,15
14,20,6
51,19,10
45,22,13
