31,14,46
21,8,39
2,10,58
5,1,37
58,12,56
50,12,35
3,6,46
42,17,47
7,11,51
42,11,37
28,8,39
22,21,56
47,7,29
50,11,32
61,4,22
10,6,37
8,14,60
4,3,40
13,5,35
41,18,47
51,14,40
5,3,40
57,0,17
46,5,26
46,19,50
43,19,48
30,3,32
17,5,33
60,7,37
5,12,57
51,1,20
46,20,49
13,16,61
40,20,52
41,1,21
4,10,58
38,0,19
40,23,56
59,8,35
16,18,59
38,4,29
20,17,51
42,22,60
56,10,34
43,15,43
62,4,27
42,0,17
62,10,43
10,11,48
40,19,50
52,4,24
57,10,36
15,14,49
60,9,47
34,9,38
51,16,43
10,11,49
38,10,37
30,18,53
26,3,34
13,12,46
62,8,32
59,2,20
9,12,53
52,10,32
60,7,29
18,22,62
62,11,63
44,21,58
9,15,57
19,17,51
46,2,20
7,8,46
39,1,18
60,4,21
32,6,34
28,10,42
19,18,53
15,20,62
27,10,42
28,9,40
27,15,49
15,17,54
8,15,60
49,18,50
35,1,27
0,8,52
63,3,27
42,22,59
21,11,42
19,7,38
48,18,50
5,9,52
23,23,63
62,3,24
0,9,60
14,13,50
11,15,61
34,2,30
55,4,22
52,7,26
59,4,21
52,12,33
5,11,52
0,4,48
5,11,58
23,8,39
38,5,31
55,11,39
2,0,36
60,1,17
0,8,55
22,5,34
47,19,62
59,13,60
53,4,24
49,15,39
60,8,36
0,10,63
4,3,39
59,0,15
25,5,35
33,0,27
8,16,63
53,16,48
6,9,48
30,11,42
37,3,30
60,5,24
52,16,46
46,0,17
9,15,62
63,8,42
49,18,58
37,16,48
62,6,39
31,3,32
9,5,37
50,12,34
16,10,40
10,14,52
63,5,37
9,15,59
34,23,58
63,9,53
55,14,47
24,17,52
50,17,49
27,19,54
47,19,51
38,0,13
47,18,46
4,4,43
49,10,30
58,7,29
22,3,32
41,10,36
34,0,27
7,5,42
24,0,27
18,10,41
24,7,39
41,21,53
55,14,49
18,5,34
62,6,40
61,9,55
54,15,56
50,6,25
30,17,50
27,4,35
62,5,27
17,16,53
20,11,42
51,16,46
24,23,62
22,2,31
57,1,17
36,13,43
16,13,46
16,10,41
7,14,61
49,17,46
57,2,19
37,0,25
42,1,20
10,13,55
10,14,53
63,4,37
42,20,52
45,14,40
32,15,49
8,7,45
9,10,49
10,17,59
35,5,33
10,17,62
24,5,34
51,11,31
51,19,60
62,11,61
50,13,36
6,6,43
59,12,56
18,18,55
36,10,40
12,6,35
13,1,30
51,16,54
19,14,48
9,13,52
10,16,58
42,19,49
3,6,48
35,23,58
7,10,50
10,7,40
35,10,39
41,13,42
43,2,22
35,0,26
56,12,45
36,3,30
38,18,49
20,14,48
52,16,50
26,8,40
58,12,50
53,15,48
22,0,27
16,15,52
12,0,29
6,8,47
6,4,41
35,13,45
16,18,60
53,7,27
19,15,50
11,10,43
48,17,45
40,2,27
58,7,27
57,9,32
15,13,45
16,18,55
41,6,32
32,10,42
22,13,45
9,0,29
25,15,50
55,8,28
21,23,62
54,16,60
44,11,37
44,22,62
14,1,28
40,2,26
62,5,29
40,0,18
45,21,63
36,15,46
54,13,39
44,1,18
47,3,22
17,6,33
44,4,24
45,0,15
22,0,28
6,14,58
57,8,30
4,0,35
50,17,46
16,4,32
19,22,61
58,7,28
7,1,33
48,11,35
34,4,32
33,18,51
57,15,55
51,16,52
28,5,36
23,9,41
34,10,40
55,13,47
18,13,45
59,12,60
42,18,48
36,1,28
20,1,29
51,17,58
52,16,54
14,10,42
34,21,55
59,0,16
39,0,24
26,1,31
17,13,47
61,6,34
38,8,35
54,10,30
56,3,21
21,21,56
63,6,30
29,5,34
27,13,45
8,9,48
40,1,23
6,9,49
60,6,27
13,13,51
46,8,29
45,14,39
41,3,27
54,16,58
32,15,48
0,1,40
53,13,35
6,5,41
25,2,32
3,11,57
30,19,55
40,20,51
61,4,31
22,12,45
57,4,22
38,18,50
13,14,53
54,14,53
37,11,39
30,11,44
44,3,21
17,2,29
31,21,56
27,3,31
53,15,46
30,1,29
55,13,44
35,10,37
8,11,48
23,18,54
8,11,54
10,7,39
50,7,28
19,3,31
24,2,30
58,10,40
46,6,28
53,2,19
40,11,37
43,18,47
33,6,36
53,0,17
13,8,39
38,9,36
19,16,49
9,5,36
2,2,41
47,21,57
4,12,60
30,2,29
43,7,32
52,15,49
50,17,58
40,7,33
15,15,54
50,17,52
43,22,62
10,8,42
36,8,35
5,9,51
17,14,47
48,19,61
8,11,50
52,11,31
37,17,50
16,19,63
43,11,36
37,12,42
32,8,38
23,4,34
10,6,38
39,1,24
18,9,40
59,11,50
30,13,47
10,0,30
26,13,46
40,9,37
1,7,51
26,8,38
23,15,48
62,9,49
63,4,32
19,16,48
45,9,33
3,10,53
42,7,33
5,2,37
47,19,63
15,5,33
54,12,36
4,6,44
29,6,37
4,5,42
9,9,46
7,1,32
30,22,57
53,17,49
12,6,36
18,21,62
11,8,43
35,17,50
59,0,14
56,14,47
60,10,52
40,18,48
0,1,39
55,3,22
58,11,52
44,21,57
22,10,41
9,0,30
7,4,37
12,7,37
43,21,58
43,14,41
44,8,33
60,6,31
4,11,56
57,12,42
33,19,52
63,9,60
18,8,38
47,20,58
9,3,36
38,0,16
63,3,32
63,0,16
51,17,57
15,8,39
0,6,52
30,3,31
26,16,51
25,10,41
2,1,40
27,7,38
47,20,59
49,0,17
31,22,57
43,9,33
17,14,48
11,14,52
57,13,47
12,11,48
6,10,54
8,12,53
20,21,60
30,16,49
9,12,51
30,7,37
57,9,33
63,3,24
47,2,20
53,11,33
27,5,35
62,10,60
50,5,25
33,20,53
30,3,33
2,2,40
35,14,46
29,16,50
35,7,35
51,14,37
40,19,51
10,13,56
23,0,29
51,5,25
46,5,25
30,3,30
53,10,32
13,1,28
51,17,55
46,21,63
20,6,36
60,1,16
11,17,62
60,0,14
10,15,62
1,6,52
49,1,19
30,10,41
28,13,47
58,11,40
41,4,29
23,0,27
5,10,53
45,21,57
50,18,56
15,15,52
59,13,59
38,10,39
28,18,52
12,16,57
46,20,53
7,4,40
12,6,37
17,6,34
56,12,39
7,9,43
32,7,36
54,13,45
42,8,32
27,16,51
58,5,24
41,0,20
52,15,43
53,2,20
45,10,35
13,15,54
10,11,51
21,20,58
56,14,55
22,11,42
13,0,27
24,23,60
3,10,57
13,16,58
4,7,48
39,13,42
41,2,20
12,12,47
62,10,44
1,8,57
55,16,60
63,8,43
24,18,52
4,1,36
20,5,35
11,11,46
56,10,33
20,6,34
11,10,44
26,8,39
38,22,55
0,8,59
57,5,24
40,7,34
60,10,44
55,11,34
34,7,37
1,0,37
38,16,46
21,14,48
14,15,52
58,11,41
35,10,40
4,4,41
50,8,29
1,11,62
44,6,30
47,10,32
54,13,38
41,14,44
8,13,50
47,5,25
48,10,32
9,14,56
62,10,58
16,14,48
54,8,29
55,14,43
19,2,29
17,15,49
59,6,29
21,23,61
16,15,53
20,4,33
7,14,56
3,9,56
15,10,42
39,0,19
10,1,31
14,7,36
63,0,15
52,2,20
49,18,47
46,4,22
10,14,57
1,9,58
3,8,53
54,10,31
60,8,27
4,10,57
20,17,53
25,7,39
38,15,45
25,0,27
60,6,32
53,17,50
38,3,29
49,9,30
36,22,55
33,4,33
9,11,51
32,3,32
14,15,53
47,20,52
35,8,37
50,1,20
44,22,58
24,7,37
36,0,24
52,17,60
14,10,44
60,12,59
36,6,34
32,20,55
43,2,21
12,16,55
24,16,50
34,21,57
4,9,49
48,20,58
39,17,46
56,15,61
13,17,59
5,7,48
5,13,59
13,4,33
16,7,36
30,8,37
44,16,45
63,7,45
55,2,20
60,11,51
56,13,56
51,15,44
33,9,40
21,15,48
44,1,19
30,2,30
51,17,62
15,12,46
39,7,33
8,12,55
62,6,37
55,14,48
28,1,29
46,20,62
48,5,22
12,7,40
60,5,23
42,13,41
7,12,54
6,2,36
57,12,47
18,13,47
59,6,26
41,15,45
23,6,36
53,14,48
54,16,57
18,10,39
6,12,56
53,5,23
14,18,57
34,5,34
49,11,32
45,17,44
53,12,34
34,2,29
45,20,62
8,10,46
57,11,46
8,12,54
33,13,45
6,14,62
55,13,54
3,7,51
4,3,42
22,8,39
2,10,61
51,15,46
51,0,18
18,18,58
40,9,36
51,0,17
9,12,49
38,1,15
59,9,29
62,4,24
62,5,31
50,19,53
53,13,38
16,0,26
32,12,44
44,9,34
17,18,58
59,12,59
62,5,34
60,11,60
3,0,35
16,1,29
51,6,25
7,9,49
20,16,49
19,16,51
62,1,19
7,14,58
12,15,58
15,16,56
61,9,44
41,16,46
39,23,57
34,14,46
41,2,23
12,13,53
42,8,34
5,14,63
58,12,43
41,1,24
49,13,37
8,10,49
36,21,56
50,18,62
36,18,51
30,20,55
38,19,52
43,22,60
43,5,29
7,12,55
61,7,36
45,6,26
46,7,28
37,18,49
61,11,58
25,7,37
42,20,53
60,8,41
30,14,48
14,15,55
36,13,45
3,0,36
31,19,54
35,16,49
42,22,54
15,19,60
38,11,40
56,1,17
57,13,49
42,4,27
39,6,33
20,20,56
14,14,52
43,20,50
53,14,45
41,17,47
48,5,25
24,2,29
63,6,40
8,13,55
41,6,30
16,6,36
51,14,38
57,12,41
18,0,27
40,17,46
57,12,50
14,4,32
17,1,28
46,19,55
16,1,28
62,8,47
8,15,62
8,14,63
59,5,23
37,18,50
57,11,47
0,9,58
8,14,62
6,11,51
58,11,43
61,1,18
55,3,21
28,7,38
18,15,50
31,11,43
21,12,45
61,5,28
29,8,38
45,19,49
13,7,38
21,21,59
29,16,49
5,10,54
61,8,36
46,15,41
33,2,30
45,8,30
11,11,49
61,6,36
59,10,51
6,9,51
28,17,51
43,10,34
9,7,44
45,16,43
27,23,59
61,12,60
42,20,51
41,13,40
61,9,49
45,7,28
63,10,59
3,11,63
42,22,56
2,10,59
51,2,21
32,12,43
55,11,36
24,3,31
50,14,39
18,14,45
8,8,40
9,17,60
3,11,56
44,14,40
50,18,54
60,12,60
39,1,19
31,8,39
46,17,45
50,8,28
46,17,46
58,6,25
14,17,56
12,7,38
47,6,27
13,8,40
25,0,28
31,6,36
43,21,55
20,12,44
7,2,35
48,20,55
34,0,26
63,6,38
20,3,32
11,14,51
56,13,52
59,5,22
38,7,34
25,10,43
40,11,38
4,12,63
31,3,31
8,12,57
30,13,46
63,8,48
61,11,47
31,0,27
18,19,54
31,14,47
21,22,63
36,1,27
30,8,38
3,12,63
13,3,31
34,16,48
12,11,46
47,15,42
14,19,62
54,13,40
14,4,33
27,22,58
60,12,58
59,13,61
37,23,59
54,11,34
47,0,17
31,4,33
50,18,53
62,10,53
23,5,35
22,12,44
27,2,31
12,6,38
19,2,31
8,16,60
36,8,36
4,11,55
43,3,24
1,8,55
51,4,23
2,0,38
53,14,38
12,8,40
23,13,46
38,11,41
15,13,47
25,0,30
63,4,28
4,12,61
4,9,55
28,2,32
53,15,40
26,6,35
37,4,32
25,22,57
6,3,39
12,16,61
36,17,49
17,14,49
10,10,44
35,13,43
51,16,44
22,16,51
32,9,40
30,9,39
39,10,38
19,19,56
49,15,41
27,0,29
55,10,32
1,5,46
46,21,59
13,9,40
21,17,53
55,0,16
2,2,42
60,7,39
43,10,36
24,17,50
14,18,54
39,18,47
46,3,21
56,10,31
61,0,13
23,21,59
47,18,45
56,7,27
36,17,50
36,17,48
9,12,50
40,0,15
14,0,27
17,19,61
9,7,42
26,0,29
8,2,32
33,8,39
40,10,38
5,15,59
41,19,51
53,15,56
52,15,45
15,17,58
52,16,62
0,0,38
63,3,28
18,17,52
39,13,43
38,12,41
25,3,33
61,11,44
26,18,52
55,12,39
21,20,57
20,15,48
9,14,58
35,8,36
56,4,22
63,3,25
58,8,30
11,13,54
62,10,63
51,18,52
1,8,52
0,10,57
13,7,37
40,1,25
25,22,60
4,7,47
54,9,29
47,21,62
22,7,38
34,15,46
54,12,39
8,6,40
24,23,63
56,10,38
12,14,49
49,17,52
3,7,50
33,14,44
38,5,32
14,5,35
28,20,57
34,10,38
25,0,29
54,13,41
37,4,31
27,20,56
32,22,59
41,23,62
38,1,17
7,13,62
61,6,38
50,15,38
18,21,61
29,23,59
14,16,56
60,5,32
61,10,60
17,11,42
16,6,35
18,6,36
58,12,51
44,4,23
60,7,35
22,10,42
10,9,45
43,4,26
22,15,49
16,19,61
48,18,44
5,10,52
18,19,60
54,15,53
52,12,34
33,0,26
58,1,17
11,13,53
29,5,36
44,21,53
40,18,49
47,5,23
38,15,46
20,21,58
9,14,53
46,11,34
63,3,26
51,17,53
35,10,38
15,8,38
43,21,54
50,11,34
27,20,57
14,18,56
52,4,22
40,2,25
25,6,38
49,14,37
49,18,60
30,21,57
42,23,62
24,16,49
31,6,35
57,13,61
33,3,31
8,17,60
50,19,51
31,7,37
42,23,59
0,11,62
9,13,53
1,2,43
31,6,37
7,14,59
55,14,56
6,1,35
45,4,25
4,10,53
24,22,60
51,17,49
26,3,32
56,14,52
34,3,30
53,11,32
24,10,42
53,12,36
16,8,38
63,4,36
14,13,49
5,5,44
38,9,37
59,6,25
53,16,56
1,3,44
58,4,21
55,5,23
40,17,47
32,0,27
9,1,31
19,14,46
46,12,37
61,8,41
56,14,58
14,17,62
22,17,52
39,18,46
15,2,29
43,1,18
56,4,21
53,14,42
2,5,44
57,14,61
0,9,62
57,9,35
37,1,25
51,3,21
11,7,38
30,5,34
33,0,25
12,4,33
48,16,41
54,13,46
18,10,42
6,15,60
31,8,38
3,13,63
23,20,56
8,14,57
53,15,53
51,16,55
48,18,47
16,13,47
21,23,63
13,15,51
36,23,58
9,1,30
29,17,51
62,9,54
21,1,28
40,12,40
5,7,46
30,4,34
62,6,26
57,9,31
23,21,58
18,8,37
35,5,32
18,14,46
11,17,59
58,8,35
61,9,53
17,20,62
13,4,32
61,9,48
20,19,57
12,14,50
56,6,26
13,13,50
50,15,39
44,6,29
28,1,31
17,0,28
20,21,56
29,6,35
25,21,57
11,4,33
37,17,49
48,12,35
20,9,39
15,18,61
37,15,47
43,0,17
33,1,27
7,11,52
2,4,45
33,2,28
29,6,36
43,15,44
46,20,54
57,12,44
40,16,45
28,2,31
55,16,55
31,13,46
58,11,44
21,2,31
43,0,15
28,2,30
8,8,45
19,20,62
62,7,45
38,0,17
12,16,60
32,10,41
37,10,39
7,10,48
39,15,45
60,7,38
58,11,54
48,5,23
57,13,63
57,14,58
6,6,45
59,1,17
61,7,38
29,13,46
19,10,41
59,2,19
2,10,56
40,14,42
35,6,35
34,12,43
57,8,28
53,16,55
42,12,40
62,4,33
13,15,55
47,18,47
61,4,23
30,23,59
60,10,54
31,22,58
50,7,26
15,16,54
63,4,33
43,22,61
12,18,62
63,5,35
44,20,51
37,23,58
16,17,57
49,0,18
31,12,44
9,10,46
53,14,47
18,15,48
36,14,45
19,9,40
62,9,55
39,18,50
13,17,55
5,11,55
62,5,38
43,21,61
3,5,45
25,2,31
49,19,60
15,11,45
16,2,29
17,18,60
10,18,61
15,9,39
59,12,51
57,13,57
4,8,52
58,10,45
34,18,52
48,20,61
2,3,42
10,5,38
55,1,17
44,2,19
26,21,57
16,10,42
28,9,41
23,17,52
47,4,22
19,4,34
22,21,60
59,7,30
33,6,35
34,9,37
50,16,41
9,3,34
13,17,62
55,12,37
34,8,36
56,13,50
14,2,29
55,6,26
3,9,53
42,0,15
18,16,51
31,3,30
27,4,34
45,0,18
45,6,27
55,14,44
49,18,62
9,16,57
41,20,53
9,14,55
7,9,44
54,14,52
62,10,46
25,1,31
14,16,59
33,14,47
52,15,47
47,14,39
34,23,59
56,14,42
25,5,36
14,5,34
41,23,55
57,8,32
45,20,55
17,7,36
33,7,37
8,17,63
26,18,54
39,14,43
61,5,35
6,6,42
36,0,18
44,13,39
10,3,32
19,18,52
16,11,42
31,9,41
59,11,49
27,7,39
56,11,40
12,17,62
30,1,30
19,14,45
63,1,17
7,7,44
1,7,53
13,3,32
62,5,26
33,17,50
48,19,54
61,7,29
61,6,31
31,22,59
49,17,45
10,13,51
20,17,49
16,9,39
48,19,60
43,13,41
24,0,26
10,14,56
25,20,57
31,10,41
62,5,32
42,6,31
62,12,63
28,0,29
55,13,51
62,6,38
60,3,20
32,15,47
34,20,53
57,13,58
37,14,44
25,6,36
6,8,49
27,2,30
9,8,43
31,17,50
15,1,28
19,20,57
30,11,43
48,4,21
62,8,42
54,15,63
26,20,57
4,7,46
13,17,63
5,3,36
55,13,50
42,3,24
2,8,53
63,2,21
39,4,31
63,9,51
26,9,39
17,9,40
45,20,60
11,13,49
15,18,57
60,5,25
46,19,49
15,10,38
33,23,59
27,3,34
38,16,47
41,0,21
46,0,18
31,10,42
48,5,24
42,0,16
29,18,53
17,19,59
42,1,19
57,8,31
51,7,28
51,13,35
50,9,29
46,2,21
7,3,37
61,4,26
12,1,30
54,7,27
29,16,51
60,11,54
19,13,45
24,8,39
37,7,34
14,1,29
32,8,36
50,16,49
6,3,38
45,1,19
58,0,17
61,4,30
29,4,35
63,9,56
14,18,63
56,11,37
55,8,29
57,12,45
49,5,25
41,11,39
45,21,53
10,15,59
11,18,61
8,12,51
12,3,32
51,16,47
55,12,42
60,12,62
51,18,47
46,20,55
54,15,46
21,1,29
28,20,56
21,20,56
5,10,56
4,10,52
61,5,34
53,16,44
53,16,61
42,1,15
55,11,35
24,6,36
50,17,51
43,5,28
33,18,52
14,9,40
5,5,43
10,2,32
59,8,33
63,4,30
50,2,20
27,0,30
31,23,59
32,18,51
62,8,44
30,10,42
63,4,34
56,14,61
29,13,45
50,2,21
56,14,44
59,11,48
8,5,41
51,17,46
39,21,53
14,17,60
29,0,28
44,0,16
23,22,62
7,10,46
53,6,25
63,3,23
62,4,26
59,13,62
23,11,43
10,7,42
44,21,61
46,1,19
26,9,40
22,9,40
52,7,27
13,7,39
9,14,50
16,17,56
3,3,41
7,6,42
62,6,29
8,16,61
52,15,52
23,18,53
0,5,48
40,20,53
52,15,50
54,14,41
27,8,40
57,12,57
3,8,50
14,9,39
60,7,27
6,9,50
6,11,50
40,4,28
49,18,53
44,2,20
59,9,39
6,13,60
59,4,23
12,10,46
40,18,47
4,6,46
6,7,46
37,1,17
14,7,37
39,0,18
46,18,47
45,22,57
7,11,55
38,7,35
46,10,34
7,14,62
58,11,53
8,3,34
61,11,61
51,1,19
20,8,38
63,7,43
39,0,21
27,10,43
42,2,22
57,12,53
51,1,18
8,4,39
4,8,51
12,17,60
14,19,59
23,17,51
25,15,48
53,5,25
45,20,56
44,5,27
59,10,46
27,14,48
55,9,29
25,20,56
56,13,54
7,5,40
58,11,46
16,18,58
29,2,30
46,9,31
58,10,42
17,9,39
50,18,51
4,0,34
49,18,51
50,16,42
46,19,52
61,2,20
26,10,43
25,12,44
30,14,46
58,13,58
49,13,35
16,8,39
19,16,52
6,10,53
31,10,40
46,15,42
9,9,47
40,21,55
9,14,54
61,10,47
26,1,30
7,0,31
59,4,22
6,13,58
21,9,39
60,11,62
29,5,35
19,14,47
56,12,47
4,1,37
49,7,27
34,9,39
59,6,27
38,9,35
58,7,32
29,4,34
51,18,53
19,5,33
47,0,18
44,9,32
3,2,41
34,18,50
44,15,42
33,17,51
10,9,43
25,1,29
47,16,42
43,13,39
0,6,49
1,8,53
8,13,56
45,20,54
11,6,39
60,11,59
42,23,63
58,12,58
6,10,51
23,23,62
27,14,47
53,6,26
10,7,37
19,1,27
32,13,46
18,5,35
51,13,37
42,16,44
29,20,54
7,12,50
45,20,49
49,16,45
28,3,34
28,21,56
44,0,18
58,7,31
63,10,52
56,1,18
11,10,46
50,15,41
14,9,41
49,17,43
10,16,61
26,7,38
41,15,44
29,10,42
20,12,45
17,19,58
59,11,58
52,17,49
48,1,19
43,5,27
32,13,44
51,14,39
13,11,46
58,10,43
21,9,41
11,6,36
11,10,45
18,9,39
40,0,22
19,15,48
59,10,42
8,3,35
32,21,57
19,15,49
25,4,35
25,23,60
52,3,22
4,10,56
41,8,32
16,16,55
9,10,45
4,13,63
29,9,40
51,8,28
59,7,33
49,18,49
49,5,23
23,8,40
22,5,35
6,7,43
61,2,19
38,23,58
58,1,18
19,20,61
1,11,60
15,14,47
16,12,46
26,5,36
10,15,56
54,15,50
56,12,41
24,6,35
12,18,63
56,11,38
22,18,54
36,7,35
47,2,21
41,2,21
38,21,54
50,1,18
54,13,44
19,19,57
58,13,63
23,9,40
1,12,61
1,7,54
9,13,54
57,12,48
40,2,24
1,5,48
39,10,37
18,4,33
15,19,59
11,3,33
60,10,51
25,17,52
39,14,45
7,7,45
9,9,44
56,10,32
3,9,54
51,12,33
17,3,31
14,16,53
54,8,28
9,5,40
49,12,35
61,7,39
56,0,16
59,8,37
51,3,22
45,20,52
45,20,51
60,12,63
55,6,25
26,18,53
60,3,18
56,7,26
44,22,59
44,8,32
27,21,58
15,19,61
32,5,33
47,9,31
12,0,28
11,16,58
61,12,47
58,11,51
54,16,61
21,0,27
9,3,33
53,14,41
55,14,53
10,14,49
61,10,54
25,3,34
2,5,47
15,3,32
0,2,42
18,2,30
10,15,53
54,15,42
46,16,43
21,7,38
3,6,49
47,14,38
48,16,42
23,16,49
12,17,58
11,15,58
48,7,28
40,0,23
9,15,58
29,1,28
62,4,29
53,4,22
57,11,38
56,13,43
20,17,52
51,4,24
52,18,57
57,15,46
52,16,47
3,7,48
21,8,38
36,7,34
0,6,51
23,6,35
56,9,31
2,11,60
1,10,59
58,9,29
56,8,28
6,2,37
19,6,35
7,12,58
8,6,43
21,8,40
59,5,24
32,22,58
22,9,39
21,5,35
33,12,43
45,2,21
14,14,47
29,19,53
52,17,48
54,15,47
22,19,56
48,3,21
59,10,49
46,6,27
47,12,35
3,5,44
51,17,54
3,3,42
9,15,56
62,8,41
44,3,23
59,11,57
5,2,39
52,8,28
57,6,25
53,15,59
37,5,33
55,7,26
22,11,43
17,6,35
21,0,29
29,23,61
3,10,60
56,14,56
22,18,53
40,0,19
49,18,52
42,14,42
34,19,53
0,4,45
14,18,55
42,9,34
26,7,39
7,9,47
34,15,47
8,12,56
38,1,25
30,22,58
6,3,40
24,3,33
55,13,40
3,4,44
15,6,36
15,2,31
35,17,49
52,5,24
55,15,58
14,3,31
53,14,43
22,14,47
11,4,35
50,4,23
37,20,54
17,5,34
58,5,23
19,12,44
38,1,26
42,1,18
37,0,24
32,8,37
41,23,57
4,11,57
44,5,28
20,2,31
19,3,32
49,16,41
34,4,33
30,16,50
61,8,47
61,0,14
5,14,57
1,0,38
37,15,45
17,8,37
54,14,56
39,0,15
21,21,60
43,1,17
7,14,54
41,6,31
13,1,29
53,3,22
32,1,29
9,14,61
57,13,46
29,14,48
26,20,55
11,6,37
9,6,37
46,17,44
36,0,23
54,0,17
63,8,56
47,3,21
56,11,34
38,23,59
45,2,19
15,12,45
55,6,24
52,14,41
4,11,61
46,14,39
46,13,38
41,19,49
8,4,37
41,0,18
48,21,58
41,23,60
7,13,57
37,14,45
60,5,27
42,13,40
60,9,41
58,9,34
17,2,30
10,10,45
63,5,30
6,14,63
34,19,52
43,2,23
36,15,47
58,7,26
48,6,26
62,4,22
40,23,62
59,2,18
24,18,53
23,7,39
12,9,43
0,8,57
17,10,42
59,11,53
27,17,52
28,10,41
51,18,54
52,0,17
12,8,39
18,6,35
21,10,41
21,12,43
6,1,33
5,11,57
14,6,36
41,8,33
27,6,37
54,11,33
2,5,46
10,12,50
53,9,29
49,3,22
31,16,49
20,18,52
42,1,17
53,15,50
36,12,41
42,3,25
63,5,39
41,22,57
35,12,42
26,19,55
22,15,48
52,13,38
61,1,17
43,16,46
32,12,45
63,8,52
47,15,41
40,8,32
20,22,63
5,2,38
17,16,52
33,20,55
11,13,52
28,4,35
8,4,35
26,19,54
21,17,51
22,21,59
44,22,57
4,8,49
14,16,58
17,18,56
50,16,48
45,3,21
61,8,45
0,9,59
45,20,57
13,6,35
6,1,34
48,19,49
54,5,24
60,7,36
62,11,44
35,22,57
24,0,28
14,12,47
38,2,26
43,8,32
42,2,18
23,17,49
48,0,18
55,1,18
12,12,48
61,5,23
60,10,43
61,10,52
9,11,52
62,9,44
60,6,29
10,14,55
45,10,34
33,18,53
14,14,53
32,23,58
57,14,47
31,5,34
34,10,41
9,13,55
38,19,51
61,6,39
1,6,47
8,14,61
20,10,40
40,1,24
45,22,61
21,21,61
43,3,22
56,14,51
41,7,32
42,22,58
19,21,59
60,0,15
12,12,49
26,13,47
40,1,20
55,14,45
45,17,45
58,14,56
12,12,50
2,6,50
8,10,51
6,13,57
41,9,34
0,2,44
42,6,29
40,9,35
25,13,47
58,12,59
23,2,31
27,17,51
57,8,29
37,0,26
0,3,43
63,2,23
20,0,28
25,3,31
57,10,37
5,15,63
60,8,39
55,15,63
12,9,41
56,11,39
12,4,34
5,6,42
16,17,53
63,7,41
23,22,59
27,6,38
31,13,45
26,2,32
5,14,60
54,15,60
33,15,47
46,20,57
61,11,46
63,2,20
4,2,40
19,20,60
45,7,30
39,11,39
39,16,46
45,18,48
57,5,23
59,11,56
36,11,42
9,13,57
53,16,45
6,14,59
17,20,61
10,15,58
40,5,29
20,16,50
63,1,20
10,13,54
55,11,37
61,8,42
25,13,45
7,7,40
51,17,51
61,5,30
3,11,59
16,3,30
52,1,20
12,9,44
8,7,44
39,13,41
13,16,57
9,13,56
58,8,36
50,16,46
8,15,57
6,7,44
49,19,58
41,2,19
50,17,63
18,20,59
36,22,57
17,17,54
21,14,47
43,4,22
53,8,29
40,4,30
23,19,55
60,10,46
45,7,29
55,11,33
9,17,63
52,16,60
55,10,31
30,21,55
28,23,61
33,9,39
22,5,36
18,16,50
44,10,35
50,19,61
42,16,46
8,1,32
62,4,28
5,1,35
20,13,45
33,16,47
37,5,31
56,15,56
23,22,61
20,9,41
15,20,60
43,2,24
38,21,53
15,19,57
6,11,57
7,13,51
14,17,58
53,15,47
62,10,56
6,8,46
15,18,60
61,7,40
5,4,42
53,15,51
17,19,56
55,10,30
62,10,50
54,15,54
60,11,55
0,5,50
63,8,47
57,10,38
11,8,40
57,9,37
8,13,58
42,4,26
57,13,60
24,14,47
56,12,44
5,12,59
17,4,33
30,18,52
4,1,38
13,9,42
41,5,28
47,16,41
13,13,49
62,8,46
49,18,48
16,8,37
37,6,32
20,4,34
5,6,44
14,17,55
29,2,31
38,4,30
7,6,41
44,8,31
22,16,50
59,8,26
63,3,30
12,14,52
21,13,45
38,14,45
60,6,30
33,22,59
52,15,44
52,5,25
46,7,29
43,2,19
37,1,16
63,0,18
14,17,57
46,18,48
5,0,34
7,15,62
12,3,31
32,17,51
62,5,35
4,11,58
8,7,40
30,15,47
19,17,54
42,4,28
36,1,25
25,15,49
49,19,62
47,21,58
6,14,57
48,11,33
28,22,58
14,13,47
55,15,44
19,21,63
14,7,38
26,23,59
61,10,58
63,10,61
23,10,42
33,5,34
28,17,52
10,10,46
50,18,49
60,9,39
22,9,41
29,14,47
35,7,36
31,4,32
43,3,23
48,19,63
56,8,29
52,16,55
57,12,49
34,23,60
50,9,30
57,9,34
9,17,62
43,20,51
46,9,32
36,6,33
0,7,49
57,11,40
25,6,37
31,20,56
23,1,31
60,11,57
9,10,47
19,6,36
15,18,58
0,6,48
2,8,51
12,5,34
33,9,38
26,12,43
16,16,54
13,14,49
37,6,34
8,5,39
33,20,54
55,14,59
43,13,40
28,12,45
15,0,28
59,7,34
47,20,57
47,8,28
56,14,46
46,13,39
4,13,62
17,4,32
62,7,42
39,19,50
52,16,49
58,10,41
53,1,19
50,14,37
44,21,54
27,12,46
51,17,52
55,15,62
28,5,35
54,14,48
1,8,54
25,8,38
49,19,59
24,2,31
19,8,39
45,5,25
56,5,22
50,15,40
5,9,50
50,19,54
63,6,42
17,14,50
52,17,52
39,8,34
59,11,47
58,8,28
44,18,47
49,11,34
10,5,36
54,15,59
44,19,48
10,4,34
59,9,38
19,4,33
49,12,34
30,12,45
31,19,55
5,11,54
14,11,44
34,22,57
44,0,17
26,10,41
49,13,36
62,9,57
62,0,16
30,17,51
58,8,37
45,18,46
51,16,49
38,17,48
14,18,62
42,14,41
13,19,62
5,3,37
19,4,32
29,18,52
56,14,57
60,3,21
57,12,56
8,10,48
52,13,36
54,4,22
27,12,45
14,13,51
21,6,35
60,2,18
41,14,42
25,14,48
60,10,48
38,23,57
3,7,49
13,14,54
0,7,54
47,19,53
19,5,35
48,4,23
8,13,60
0,4,46
57,13,53
55,0,18
51,9,30
50,18,50
52,9,29
28,23,59
62,3,21
55,13,41
30,19,53
36,22,56
46,1,18
1,6,49
42,15,45
62,10,55
49,17,49
39,18,49
61,11,54
47,20,54
17,11,43
2,8,54
25,10,42
56,9,29
12,14,53
36,19,52
61,3,19
14,10,43
14,6,35
42,3,19
20,20,60
48,19,48
1,5,49
22,17,51
54,10,32
7,15,60
44,18,48
13,16,59
52,15,40
4,12,59
47,0,16
53,13,40
10,3,33
62,2,22
42,22,57
18,18,57
61,11,62
29,2,32
26,12,44
28,20,55
46,7,27
61,6,30
57,13,56
53,10,30
28,1,30
51,16,45
42,15,44
61,6,33
18,19,56
58,12,54
8,14,59
23,12,45
44,7,29
51,4,22
8,0,31
41,21,54
53,16,62
31,17,52
22,22,62
9,4,38
20,0,27
15,11,44
25,19,53
42,22,62
11,0,28
3,2,38
63,7,49
10,8,43
60,7,33
50,16,45
54,6,26
23,12,44
33,1,28
58,12,42
22,4,34
13,19,61
60,8,28
17,3,30
1,1,40
41,11,38
32,9,39
51,11,32
54,11,35
0,9,61
52,0,18
11,15,59
13,8,41
6,3,36
57,14,56
43,3,25
47,18,44
41,21,55
8,13,57
35,18,52
11,18,62
19,8,37
2,5,48
45,21,54
7,16,62
4,9,50
43,7,30
22,22,63
52,17,50
41,2,18
51,15,38
56,15,46
25,12,45
53,16,50
19,23,63
55,13,49
6,2,34
63,8,46
43,10,37
48,20,60
35,18,51
44,20,52
48,11,34
48,6,25
50,18,60
39,12,40
26,4,33
48,13,37
34,10,39
60,6,33
40,3,27
48,3,22
56,13,53
62,5,30
36,9,38
25,8,40
56,15,55
41,0,16
47,13,38
53,12,38
3,8,51
58,8,33
24,19,54
24,6,37
50,13,37
2,11,63
59,3,21
6,13,62
52,15,39
56,14,59
21,1,30
40,10,36
7,13,59
22,4,33
46,18,46
44,7,31
30,0,28
52,17,57
22,18,52
54,15,49
39,2,27
5,0,35
25,18,52
45,17,46
14,8,39
40,1,19
50,17,47
36,8,37
43,9,35
19,5,34
36,16,47
50,0,17
34,17,49
22,8,40
1,1,39
18,5,33
0,8,56
61,10,44
59,8,39
49,16,42
62,11,62
29,21,58
7,2,36
29,14,46
8,11,52
63,8,41
8,12,50
30,5,36
49,17,54
26,0,27
15,3,31
2,1,38
53,3,21
51,17,60
0,7,55
18,18,56
34,15,48
33,10,40
36,9,37
27,23,61
16,14,51
8,6,42
2,6,47
61,9,43
7,2,34
61,11,43
57,13,59
23,4,33
34,1,28
56,14,53
35,5,34
59,10,45
21,17,49
53,16,53
15,11,43
60,9,42
45,8,31
9,4,36
39,22,55
40,1,18
58,11,48
41,1,22
3,1,38
45,3,22
8,14,58
50,0,19
22,2,30
18,3,31
63,9,58
35,12,43
47,16,43
24,7,38
50,18,58
41,9,35
59,12,63
1,3,45
47,18,48
48,19,55
49,13,38
55,9,31
62,10,52
47,19,57
50,18,55
15,12,47
51,16,51
11,17,63
47,16,44
31,3,33
55,15,54
48,12,34
37,0,23
42,2,20
46,3,22
58,2,19
2,7,50
16,18,56
63,7,47
48,18,55
14,13,48
38,6,32
43,7,31
12,13,48
58,11,49
56,13,46
41,12,40
59,1,16
54,14,47
15,17,59
50,16,44
20,21,57
37,19,51
1,4,44
47,11,35
32,1,28
11,16,61
46,12,36
39,22,57
31,19,53
57,8,33
54,12,34
1,9,56
49,2,19
21,0,28
62,7,40
47,7,27
57,3,20
47,6,25
28,15,49
35,23,59
40,12,39
11,17,60
20,22,61
3,13,57
20,12,43
51,18,57
21,18,54
16,19,62
47,17,45
35,9,38
2,6,48
9,11,48
40,22,57
20,4,32
3,12,57
31,4,34
29,1,29
53,16,57
44,22,63
1,7,52
57,14,55
25,8,39
51,8,27
0,0,40
49,9,31
56,12,42
26,9,41
38,2,28
15,19,63
60,9,45
54,16,53
39,4,30
50,18,46
37,2,27
17,18,59
62,3,26
53,15,55
2,4,44
19,21,60
36,4,30
62,10,57
7,6,40
10,16,54
1,0,39
63,7,42
37,8,35
10,1,29
53,15,45
39,2,18
35,11,38
61,11,60
43,22,53
50,18,57
59,10,47
2,8,52
34,14,44
17,17,53
34,22,58
33,11,42
45,11,35
23,1,30
60,6,26
50,17,60
62,7,43
30,20,56
55,4,23
59,12,58
33,13,46
40,17,48
42,1,22
2,11,59
23,5,36
50,1,19
10,16,63
45,21,59
39,0,22
54,12,35
63,8,51
3,10,58
42,20,49
7,7,41
39,19,51
42,21,54
61,10,56
46,11,35
14,2,30
56,6,25
5,10,51
50,17,56
52,6,25
37,13,42
59,10,50
13,10,43
52,15,46
51,18,60
25,19,55
35,15,48
30,20,54
10,14,59
11,3,31
29,11,43
57,12,46
20,19,54
53,16,59
30,21,58
14,1,30
2,8,50
37,21,55
48,12,36
2,11,62
57,10,39
15,16,57
34,16,47
7,8,42
47,4,23
57,0,15
2,12,62
23,7,37
62,8,50
45,21,58
11,15,56
50,4,24
57,5,22
17,18,57
18,14,47
13,2,30
8,11,51
62,0,18
34,1,27
5,9,48
39,23,58
1,11,63
60,9,48
12,2,31
33,15,48
21,22,62
14,11,45
61,4,21
47,8,29
32,6,36
25,11,43
38,1,27
54,7,26
36,19,53
60,8,38
63,5,38
0,5,47
41,5,30
10,6,40
50,18,47
10,15,55
12,13,50
33,23,60
38,12,40
59,8,31
49,14,38
38,13,42
62,8,51
48,6,24
21,4,33
2,12,63
43,4,24
15,14,52
16,12,44
51,18,56
19,18,56
60,13,60
37,4,30
54,12,38
6,4,39
48,17,48
33,14,45
37,12,43
16,9,40
18,2,28
23,20,57
14,15,51
18,20,58
18,1,27
58,11,47
34,13,45
19,6,34
36,9,39
62,9,58
13,16,60
44,20,54
53,15,54
27,9,41
12,15,49
5,17,63
8,15,59
31,15,47
16,12,43
63,9,63
57,13,55
19,11,42
27,22,59
57,15,56
18,16,52
27,8,39
18,12,43
39,7,34
28,8,40
26,20,56
46,4,23
15,16,53
57,11,45
4,9,52
44,1,17
22,3,31
31,20,54
42,0,14
28,11,43
28,16,50
1,6,48
46,5,24
45,12,38
48,0,17
9,6,42
44,13,41
36,10,38
2,7,49
37,1,26
9,2,33
45,0,17
57,12,54
20,1,28
21,3,32
28,3,32
52,17,53
44,11,35
49,18,54
55,3,20
42,12,39
42,19,51
40,18,50
11,11,48
43,22,58
49,19,53
6,8,48
57,2,20
41,17,48
41,23,59
54,15,51
63,3,29
23,1,29
63,8,49
38,23,56
45,4,22
9,8,45
56,13,57
55,13,46
47,19,54
61,6,29
57,7,25
35,2,28
60,1,18
55,2,19
31,11,42
39,8,35
35,1,28
58,11,42
48,16,40
7,13,54
21,22,60
5,11,56
45,5,27
61,5,33
61,9,51
50,3,22
25,16,50
17,18,55
53,16,58
58,6,26
6,3,37
6,2,35
62,6,31
10,6,39
26,22,58
44,2,21
61,9,46
5,1,36
7,14,63
2,7,51
60,11,46
50,13,35
48,16,43
26,11,42
39,2,26
45,22,60
31,21,57
54,14,43
60,9,46
41,2,24
58,7,25
10,15,52
3,11,61
9,10,50
26,9,42
26,12,45
56,13,47
8,16,62
63,8,54
33,21,56
29,20,56
40,7,32
41,19,50
21,11,44
15,10,41
56,4,23
30,1,28
34,3,31
41,3,25
28,0,28
40,21,54
41,4,27
3,12,61
21,3,31
43,17,46
53,12,37
11,2,31
0,5,46
1,9,59
51,17,45
36,0,25
20,11,43
41,14,41
5,7,47
16,15,50
16,0,28
39,22,56
42,18,49
18,17,53
61,5,31
21,16,49
17,20,63
56,10,35
4,9,48
9,16,62
21,6,36
0,7,52
15,14,51
31,2,29
11,16,62
38,3,28
50,10,32
9,14,59
41,14,43
52,6,26
61,5,32
37,19,52
20,8,39
14,16,54
63,8,57
19,12,43
32,21,55
37,20,52
56,11,42
52,10,29
52,18,59
18,16,53
49,10,32
7,3,35
47,17,43
28,21,57
44,9,33
56,13,45
51,17,47
49,9,29
17,13,45
12,16,62
38,0,15
35,0,25
5,14,59
49,11,33
11,18,60
54,15,48
25,9,40
54,1,19
16,17,58
40,23,59
43,18,49
54,5,25
51,1,17
12,9,42
54,2,19
43,6,29
57,9,36
44,21,60
62,7,41
24,5,36
62,4,23
19,7,37
39,11,38
5,14,62
14,14,50
22,3,33
7,12,56
22,21,58
51,15,43
10,4,35
47,13,37
44,15,43
6,2,38
33,16,48
10,14,58
34,5,32
45,14,42
39,1,25
26,11,44
12,13,51
8,2,33
24,9,41
7,12,51
48,17,44
24,17,49
15,15,53
0,2,43
25,22,58
47,13,39
25,18,53
15,17,57
51,18,63
14,12,46
60,8,35
47,9,32
50,20,53
13,18,61
5,0,33
60,6,34
34,16,49
18,16,48
32,11,42
56,13,55
53,14,44
61,3,20
44,13,40
43,6,30
37,11,40
25,21,58
24,1,30
25,16,51
36,10,39
15,20,61
38,11,39
59,9,43
55,14,58
53,8,28
56,14,63
53,16,63
58,12,48
5,7,44
58,12,53
60,6,25
20,20,59
14,10,41
52,16,63
39,9,36
36,23,59
13,7,36
62,3,31
47,20,53
57,11,39
62,1,17
48,18,48
63,9,57
46,14,40
17,1,29
48,20,57
9,6,39
7,5,39
24,20,55
45,13,39
59,12,57
19,20,59
59,6,31
11,16,52
62,6,36
57,14,46
21,15,49
62,8,49
61,11,59
37,18,51
25,2,30
57,0,16
9,4,37
37,12,40
7,13,61
24,13,46
44,17,47
61,2,17
40,11,39
8,10,47
30,7,36
63,9,54
17,11,44
8,4,38
14,3,32
38,10,38
18,20,61
13,15,56
26,10,40
9,14,57
34,6,35
27,7,37
52,13,35
15,10,43
60,8,40
50,19,60
49,16,40
58,10,38
5,6,45
21,15,47
53,1,18
57,4,21
18,21,63
62,9,56
22,23,63
27,2,32
32,23,60
38,0,24
25,22,59
59,10,40
0,3,44
60,2,17
5,13,58
11,5,33
27,9,40
61,0,15
6,11,53
19,19,59
48,8,29
37,0,13
45,1,18
13,9,43
24,13,45
30,2,32
32,18,50
53,16,54
46,20,51
29,11,44
38,2,27
47,1,19
0,10,61
62,8,54
50,17,59
42,11,38
43,19,50
60,4,23
45,7,31
19,16,50
34,11,42
48,4,22
49,8,28
55,13,52
30,6,37
54,14,54
2,7,53
25,11,44
10,17,63
54,15,61
24,22,58
50,5,24
55,14,57
18,19,61
62,6,30
58,9,37
63,2,24
45,19,48
0,7,53
42,15,43
14,8,38
59,13,63
46,20,50
50,17,62
14,18,61
57,6,24
48,18,57
52,14,40
44,3,24
6,4,42
26,22,60
47,19,55
2,11,56
11,16,59
44,16,43
30,14,47
41,13,41
17,8,38
29,3,32
62,3,22
20,19,56
59,6,24
44,12,38
2,10,60
29,7,37
24,5,35
61,5,25
34,20,55
3,5,43
49,1,18
54,14,45
53,15,57
0,0,39
55,12,41
57,11,43
43,9,34
11,13,50
18,3,30
53,0,18
10,7,43
31,5,33
35,13,44
31,0,26
42,1,14
63,9,62
35,23,60
20,10,39
43,21,63
1,1,38
17,19,57
12,10,44
10,13,50
57,11,42
5,4,41
63,2,22
20,2,29
16,13,48
14,18,59
9,7,40
47,18,49
18,17,54
16,3,31
10,9,44
58,11,45
27,21,57
13,5,33
10,16,60
63,4,25
63,1,18
60,9,43
32,22,57
20,7,37
8,14,55
18,12,44
54,6,25
50,17,53
1,11,61
14,0,28
58,8,32
22,22,61
48,7,26
35,2,29
17,19,63
42,13,42
24,3,34
15,18,56
45,6,28
61,0,16
9,15,60
24,10,43
24,1,31
45,20,53
31,12,45
7,10,52
15,2,30
22,23,62
20,17,50
56,11,35
15,13,48
20,20,57
11,5,36
13,9,41
25,4,33
9,14,49
36,7,36
56,14,43
24,17,53
26,3,31
35,3,29
11,5,35
33,13,44
55,13,48
38,14,44
54,1,18
53,7,26
50,0,18
6,5,43
32,13,45
32,3,31
41,22,55
44,17,46
45,5,26
37,4,29
43,16,44
59,10,43
60,8,29
56,12,49
61,9,52
16,6,34
47,18,50
12,15,55
16,17,55
35,19,52
11,8,42
44,7,30
15,3,30
41,12,39
11,11,47
41,11,37
40,8,35
35,4,31
31,7,36
62,4,25
24,19,55
4,13,59
16,20,63
63,4,29
48,19,53
60,5,31
28,4,33
46,9,33
62,4,32
34,12,44
36,14,44
46,12,35
19,17,48
46,7,30
11,13,55
21,10,40
19,13,46
14,18,60
18,18,53
33,22,57
61,3,18
19,22,62
11,14,54
27,1,30
47,15,40
42,3,18
10,16,62
40,22,55
28,0,30
5,11,53
43,8,33
35,3,31
36,21,55
19,9,39
38,18,51
12,1,29
21,12,44
46,19,48
46,20,60
2,0,37
7,4,39
5,3,38
55,14,50
35,14,45
61,10,57
41,23,58
38,13,43
26,17,52
42,16,45
6,1,32
56,12,40
12,16,59
24,20,56
54,8,27
27,20,55
48,19,57
15,15,51
26,11,43
14,19,63
23,3,31
39,1,17
20,23,63
17,15,50
14,16,57
22,7,37
5,15,60
0,5,51
16,0,27
34,7,35
62,2,20
59,7,28
55,15,59
19,10,39
47,1,18
1,3,42
40,0,20
41,18,48
54,2,20
42,5,30
53,11,31
53,17,58
3,0,37
46,10,32
27,15,48
47,19,50
61,7,41
4,9,51
44,19,49
1,10,60
36,11,40
33,16,49
17,17,55
61,3,21
33,5,33
9,14,60
5,1,33
39,21,54
35,21,56
45,21,62
63,0,17
5,10,55
3,6,45
62,2,21
32,11,43
55,15,53
4,6,47
4,1,35
28,18,53
3,11,60
46,8,31
60,2,20
50,18,59
11,9,45
37,19,53
57,7,26
62,4,34
6,12,50
61,9,42
5,13,63
16,9,38
25,9,41
27,0,28
52,8,27
37,3,29
47,20,61
42,21,52
53,5,24
53,16,49
45,4,23
9,9,45
7,12,57
24,16,51
13,12,48
35,20,53
22,1,30
55,4,21
62,11,43
19,10,40
21,21,57
63,7,46
3,9,52
16,18,57
14,5,33
13,15,57
62,9,43
56,13,42
52,16,56
9,16,61
28,4,34
59,8,29
52,16,51
2,8,55
44,20,50
22,22,60
10,7,38
23,13,47
60,0,16
8,6,41
19,8,38
63,2,32
56,15,62
15,5,34
32,10,39
62,10,51
35,11,40
40,1,22
35,11,37
19,15,47
54,4,23
52,18,61
55,13,42
24,14,48
60,11,56
40,22,56
37,23,57
61,10,46
32,17,50
49,6,25
13,6,36
41,18,49
28,14,48
33,3,30
52,15,41
40,13,43
57,14,57
59,9,30
15,7,36
56,14,62
46,19,53
33,11,43
15,18,62
40,16,46
28,12,44
35,9,37
17,7,37
14,17,61
10,3,34
11,16,63
38,21,55
55,10,33
7,13,58
56,3,20
54,15,58
15,13,49
27,21,56
10,4,36
59,12,52
7,8,45
8,3,33
17,18,54
60,8,42
39,1,26
59,11,54
9,3,35
47,19,49
6,11,55
4,2,38
13,18,63
16,20,60
6,11,56
61,12,63
13,3,33
62,8,53
31,9,40
41,4,28
49,17,51
52,13,37
2,9,55
15,4,33
18,22,61
63,7,44
5,8,47
13,10,42
52,17,61
45,20,50
40,15,45
11,17,61
12,19,63
51,11,33
40,8,34
20,15,49
41,15,43
51,17,48
26,22,57
30,17,52
50,16,47
12,17,59
8,7,43
9,12,54
39,4,28
60,11,53
48,18,54
35,18,50
46,2,19
22,13,47
41,1,19
8,7,41
9,16,63
62,9,51
62,5,33
9,13,50
49,5,24
49,5,22
29,19,54
51,6,26
29,12,45
20,21,62
45,11,37
10,14,50
14,11,43
54,16,49
3,5,46
59,11,46
48,15,41
41,10,38
61,9,54
5,6,43
33,0,28
14,20,63
48,18,49
63,4,31
18,14,49
39,5,30
43,18,48
4,13,60
37,8,37
0,5,49
4,11,53
24,9,40
41,16,45
30,13,45
45,19,50
55,15,60
23,18,52
10,0,28
62,10,62
47,20,63
59,10,52
52,17,59
49,17,44
13,10,44
58,13,61
5,3,39
31,17,51
11,15,52
18,3,32
42,10,37
23,5,34
11,15,60
10,13,52
45,15,43
27,23,60
11,5,34
37,22,55
28,11,44
49,15,40
39,0,20
56,10,37
44,22,60
0,6,53
57,13,62
37,11,41
4,4,42
44,15,44
51,18,51
23,8,38
59,9,37
38,20,54
32,17,49
44,5,25
46,20,52
20,18,54
58,9,35
58,11,50
9,14,51
28,16,49
20,10,41
58,10,39
23,10,43
35,11,41
52,1,17
12,2,30
42,10,35
58,12,57
57,14,49
52,14,38
33,19,53
30,6,35
29,15,49
0,2,41
58,9,30
61,4,25
62,8,45
9,7,41
29,21,55
24,2,32
18,19,59
63,5,40
52,14,39
23,15,49
26,6,36
8,3,36
7,9,46
40,12,41
63,7,51
49,7,28
54,0,18
62,4,31
40,5,30
6,13,61
8,13,54
60,10,47
41,22,56
2,10,57
15,1,29
48,18,52
11,14,53
23,16,50
10,5,37
34,11,43
18,15,47
23,2,32
5,14,58
14,19,60
42,22,61
50,18,61
11,15,55
31,1,29
2,4,42
21,15,50
25,7,38
60,7,34
44,16,44
7,7,42
33,23,58
4,8,50
57,12,52
61,2,18
41,1,15
18,14,48
17,12,44
50,7,27
43,20,52
31,6,34
48,20,59
52,10,30
53,15,60
62,10,59
56,11,36
43,2,18
7,9,48
13,8,38
49,18,56
1,4,45
15,14,50
27,18,52
35,0,27
45,16,45
9,7,43
48,18,56
6,13,59
13,17,56
34,4,31
15,18,59
32,11,41
53,1,20
33,21,57
10,14,54
5,12,58
12,12,51
10,15,57
16,15,51
26,21,58
5,5,42
57,12,43
51,8,29
24,10,41
22,19,55
23,0,28
29,7,39
63,4,26
43,22,55
55,15,55
18,1,29
61,10,51
19,21,62
9,8,44
24,12,44
12,15,54
37,17,48
39,5,32
14,14,51
16,11,43
57,9,30
24,23,61
60,10,53
39,15,46
17,8,39
58,3,20
59,10,48
11,12,49
30,9,40
32,2,31
14,2,31
18,2,29
60,2,19
52,8,29
16,4,33
9,15,54
50,17,50
15,10,40
41,2,25
43,4,25
1,2,42
58,9,36
38,0,23
25,12,46
37,10,38
48,7,27
39,12,42
9,13,58
13,16,55
18,19,55
57,12,51
62,2,18
10,2,31
31,18,53
8,12,52
38,0,18
40,4,27
20,2,30
52,16,61
12,17,57
36,20,53
56,11,33
22,0,29
6,14,60
45,21,56
3,8,52
4,9,53
19,19,58
23,16,51
15,4,32
54,3,22
61,12,59
31,2,31
28,23,60
49,8,29
50,10,31
21,23,60
52,16,44
29,22,59
9,6,41
13,18,62
62,1,18
58,12,47
48,11,32
2,9,56
43,4,27
62,7,31
27,11,44
58,10,44
34,11,41
11,0,29
59,1,18
27,18,53
9,10,48
2,4,43
62,9,52
56,14,54
45,15,42
11,1,31
38,14,43
24,12,45
32,20,54
19,18,54
34,20,54
35,6,34
43,23,58
49,17,47
47,2,19
53,15,43
30,8,39
25,13,46
49,19,54
32,6,35
40,3,26
1,10,62
34,8,38
36,4,31
11,3,32
59,6,30
12,10,45
8,2,34
44,5,26
23,14,47
61,10,50
54,16,50
10,15,54
59,9,41
54,15,44
31,7,38
7,8,44
60,6,28
1,8,56
45,14,41
37,2,29
42,10,36
42,21,53
44,6,27
33,21,55
1,2,40
58,2,18
30,8,40
4,8,48
3,12,62
55,12,38
39,1,20
36,2,27
44,2,22
37,8,36
24,4,35
33,15,46
1,3,43
13,20,62
26,21,56
63,10,62
15,17,56
42,14,43
37,0,16
54,14,49
28,19,55
29,13,47
8,9,46
5,13,57
24,4,33
48,18,45
47,20,60
44,11,36
60,9,44
23,15,50
1,7,50
9,5,38
63,8,55
18,11,42
22,15,50
15,7,37
59,7,27
4,2,39
37,22,56
55,15,61
15,9,38
46,4,24
47,11,33
22,21,57
48,2,19
22,2,32
23,21,57
6,14,61
11,16,57
21,14,46
51,5,24
46,13,37
51,17,61
39,3,27
16,12,45
39,14,44
63,8,50
13,15,52
11,16,60
7,13,55
56,15,47
39,3,28
41,0,15
29,15,48
6,0,33
13,14,51
42,22,55
53,13,36
18,7,36
6,0,31
52,17,62
32,19,54
10,15,50
42,7,32
8,5,40
52,14,42
48,15,40
49,14,39
45,10,33
43,12,39
52,16,43
45,20,58
61,7,32
63,9,52
56,13,49
59,8,38
5,13,60
47,6,26
18,10,40
13,17,54
28,21,58
6,13,63
20,6,37
8,9,47
61,9,45
33,11,41
3,0,34
32,21,56
45,13,40
26,17,50
45,1,17
55,16,56
11,12,50
59,10,41
20,18,53
27,11,42
29,1,31
26,16,50
61,9,50
55,15,57
52,1,18
58,2,20
42,23,58
22,11,44
9,15,63
36,16,48
47,12,37
12,16,54
52,17,58
11,14,56
47,19,58
21,16,50
51,17,63
18,20,60
60,5,21
34,5,33
4,5,43
33,22,58
61,1,16
33,10,41
52,3,21
30,5,35
26,2,30
20,19,55
46,19,51
61,0,17
14,0,26
54,14,50
63,7,50
10,13,49
63,9,59
57,9,29
58,0,16
0,10,60
33,6,34
40,0,21
5,12,61
25,23,61
23,3,33
36,4,32
2,11,61
35,22,56
23,10,41
46,6,26
4,8,47
47,19,56
62,5,36
59,7,29
34,7,36
55,14,60
14,12,45
44,5,24
6,4,40
44,20,53
39,3,29
61,6,26
44,14,42
43,12,38
59,9,40
54,16,63
18,1,28
15,9,40
54,5,23
24,11,44
21,7,37
7,5,41
9,13,51
61,6,35
35,10,41
5,9,49
24,0,29
11,13,51
3,7,47
61,10,43
21,6,37
42,8,33
28,6,37
25,5,34
50,12,33
19,7,35
20,21,59
27,12,43
53,13,37
62,9,59
41,3,18
1,9,55
45,8,32
27,13,46
7,3,36
56,12,46
42,21,55
14,17,54
39,19,52
46,20,63
28,19,54
9,6,40
11,6,34
6,13,51
13,12,50
26,20,54
5,8,49
6,12,55
21,9,40
26,4,34
62,9,47
13,6,37
39,6,32
61,10,59
7,11,54
35,2,30
41,7,33
39,16,47
29,10,43
55,15,56
28,7,37
1,4,43
0,1,41
23,17,50
50,17,61
24,17,51
48,9,30
11,7,39
9,11,50
42,3,27
34,18,51
2,9,59
50,18,63
56,2,19
32,16,49
28,13,45
35,20,55
60,11,47
50,16,43
1,10,63
40,13,41
24,8,40
41,20,52
8,7,42
53,14,39
2,3,41
26,23,60
52,17,56
9,17,61
27,5,34
53,15,42
38,17,49
27,3,33
43,22,57
56,14,50
63,4,35
36,12,42
11,9,44
63,10,60
43,0,14
58,0,15
16,19,56
50,10,30
53,4,23
42,2,21
45,4,24
29,0,29
38,22,57
56,9,33
59,9,31
14,14,48
25,14,47
3,10,56
43,22,59
49,18,57
8,14,56
59,7,36
31,0,28
20,18,55
58,13,56
29,21,57
1,2,41
63,9,61
10,0,29
52,16,48
60,11,58
54,3,21
32,16,50
43,21,57
22,22,59
28,15,48
49,18,55
10,10,48
10,14,51
44,12,37
51,16,50
52,2,21
15,16,55
46,8,30
1,10,58
45,19,51
10,8,44
45,21,61
3,2,39
6,13,56
47,5,24
10,15,61
54,13,42
39,4,29
20,18,51
48,18,51
2,6,49
27,4,33
53,2,21
15,15,50
36,0,27
30,22,56
62,2,19
12,5,36
12,15,50
43,10,35
29,23,60
41,16,47
0,10,62
21,21,62
18,12,45
17,6,36
61,10,55
53,11,34
45,12,37
12,13,49
39,8,36
55,8,27
32,5,34
43,0,16
5,2,36
13,10,45
9,12,52
12,11,47
60,0,13
57,14,62
36,22,58
48,19,52
58,13,54
21,5,34
32,0,26
21,17,50
37,7,35
58,7,30
40,16,47
53,16,52
39,2,25
10,17,61
56,14,60
11,15,51
24,12,46
9,4,34
36,14,46
57,14,59
34,2,28
3,1,39
40,21,53
30,15,49
25,19,54
51,12,35
14,17,59
59,8,34
33,8,37
22,20,55
10,11,50
27,3,32
22,8,38
9,18,61
57,13,48
38,22,56
39,15,44
42,11,39
4,14,60
41,1,23
46,6,25
32,23,59
40,3,28
54,13,43
51,16,53
16,14,49
7,0,32
26,5,35
49,18,63
25,9,39
45,11,36
22,23,61
62,5,28
12,13,52
49,17,50
19,22,63
48,19,58
52,16,45
40,14,44
46,21,60
34,10,37
12,7,39
61,8,46
37,0,17
13,13,52
60,10,45
19,18,51
52,16,53
41,10,37
19,3,30
32,0,28
61,5,27
17,10,40
41,0,19
11,4,34
31,15,48
20,22,62
63,9,47
47,20,55
63,8,53
22,14,48
20,21,61
37,5,32
23,14,48
38,1,16
26,15,49
19,18,55
33,4,31
41,2,26
27,1,29
63,10,63
43,23,59
13,18,56
3,11,58
31,21,55
28,13,46
12,8,38
12,16,58
21,10,42
13,14,52
11,2,30
19,10,42
40,11,40
45,9,32
32,18,53
32,2,29
52,12,35
34,17,50
16,14,50
58,9,38
54,11,32
22,1,29
40,4,29
39,9,37
39,10,36
43,22,63
10,17,60
30,22,59
59,5,21
25,17,51
53,15,58
45,2,20
47,17,44
19,12,45
5,8,50
47,10,33
51,10,30
58,6,24
26,23,58
51,2,20
49,2,21
48,2,21
62,6,32
17,19,60
59,8,36
40,23,57
46,20,61
6,12,58
2,9,54
43,17,47
48,1,18
15,0,27
38,9,38
22,20,56
56,12,50
35,19,53
52,11,33
45,20,63
13,19,63
10,12,49
39,11,37
43,19,49
6,12,60
48,14,40
41,8,34
15,0,26
27,13,47
56,12,48
39,11,40
21,4,34
56,5,24
13,16,54
6,0,30
62,8,48
46,20,59
54,14,55
43,11,37
50,17,55
32,4,32
10,5,35
8,8,43
39,17,49
21,18,53
8,0,29
38,0,25
60,7,28
10,15,60
35,9,39
9,16,59
24,21,57
56,12,43
9,12,55
61,6,28
6,12,57
8,11,53
6,12,51
43,14,42
17,12,43
20,21,63
32,10,40
12,5,35
54,3,20
5,11,59
39,10,39
9,1,32
20,20,61
44,22,61
11,10,47
4,7,49
50,14,38
31,20,55
59,3,20
17,16,50
28,7,39
10,12,53
44,12,39
3,10,59
12,15,56
49,4,22
42,22,53
9,16,60
45,20,61
4,6,45
39,9,35
17,0,27
10,10,47
39,1,16
51,12,34
26,19,53
58,5,22
63,5,36
16,17,54
12,17,63
29,7,38
39,17,48
42,2,24
19,21,61
33,7,36
0,6,50
27,15,50
47,10,34
42,9,35
26,15,50
45,12,36
8,3,37
16,10,38
16,19,59
57,3,21
15,14,45
39,21,55
51,16,56
60,8,37
46,14,41
45,21,60
54,14,51
47,18,52
38,1,18
43,1,19
26,6,37
44,21,56
6,10,52
44,19,50
7,1,31
18,0,26
21,2,30
5,7,43
10,18,62
22,20,57
48,19,62
9,2,32
60,10,55
58,8,34
27,19,55
2,2,39
28,22,59
2,1,39
55,13,43
47,19,61
1,10,57
6,6,44
39,17,47
60,12,61
2,7,52
57,12,55
11,9,42
53,14,40
31,2,30
10,8,38
25,4,34
44,4,26
4,11,59
49,7,26
27,17,50
25,23,62
36,12,43
27,1,31
19,11,43
58,13,62
1,6,51
29,12,44
20,7,38
37,14,43
46,10,33
6,5,42
54,15,52
27,16,50
35,11,42
52,11,32
57,6,26
5,3,41
37,16,47
11,12,51
31,14,48
58,12,52
26,2,31
37,21,54
11,1,30
13,4,34
59,6,23
57,13,51
62,9,50
45,5,24
36,13,44
19,0,27
62,7,44
26,14,48
8,5,38
22,6,36
41,9,36
4,9,54
55,13,45
20,10,42
33,19,54
8,14,54
37,12,41
18,13,46
56,13,44
41,12,41
38,19,50
11,16,56
52,18,60
11,18,59
12,15,59
37,13,43
50,19,52
61,8,39
27,12,44
47,7,28
52,16,52
7,10,49
57,1,18
7,8,43
46,20,56
16,16,52
18,0,28
62,7,32
35,16,48
43,14,43
61,11,57
3,10,55
23,13,45
62,9,42
46,15,40
40,6,31
26,0,30
3,11,62
2,9,58
1,10,61
11,8,41
3,10,54
2,5,45
7,3,38
48,2,20
9,16,56
27,11,43
14,12,48
63,4,27
50,17,54
25,3,32
16,5,33
20,9,40
57,16,55
3,9,51
58,13,55
36,3,29
57,2,18
16,7,37
20,3,33
56,1,19
48,15,39
59,6,32
51,15,45
52,4,23
36,1,26
44,17,45
55,12,40
39,5,31
7,9,50
7,13,60
40,6,32
14,9,42
46,21,58
11,9,43
44,21,59
7,11,50
40,15,44
48,18,46
38,3,30
8,13,59
30,4,33
55,11,38
38,16,48
59,7,32
49,18,61
34,9,40
51,9,29
33,2,29
51,18,55
44,21,62
59,9,42
23,23,61
17,12,45
16,19,57
24,13,47
7,14,55
44,4,25
59,7,31
49,12,36
36,5,33
56,14,49
63,7,48
11,6,38
55,16,61
35,15,46
21,13,47
37,9,36
37,15,46
33,17,49
48,17,47
10,12,51
13,17,61
56,5,23
20,22,60
20,6,35
48,10,33
10,16,59
29,17,52
34,6,34
48,18,53
34,21,56
58,9,33
30,15,48
59,11,55
53,10,31
21,19,54
62,9,53
50,11,33
44,14,41
54,12,40
8,4,36
36,11,39
18,18,54
24,11,43
1,9,60
13,11,45
23,2,30
54,14,44
60,10,50
59,7,26
29,9,41
1,4,47
24,15,49
51,7,27
11,14,55
44,10,34
57,11,41
43,16,45
32,4,33
43,11,38
41,3,19
49,19,61
3,4,42
55,10,35
11,15,57
47,20,56
5,8,46
42,5,29
26,23,61
40,23,61
56,9,34
51,15,42
59,12,61
30,0,27
45,21,55
59,8,30
61,5,24
13,2,31
39,20,53
18,7,37
7,11,53
58,14,63
26,12,46
54,16,52
4,0,32
11,7,41
35,3,30
56,6,24
11,14,57
58,7,33
47,9,30
24,1,29
20,16,51
62,8,43
41,0,17
60,5,26
47,12,36
32,20,56
19,1,29
43,21,56
44,21,55
6,10,49
47,14,40
31,9,39
61,5,29
51,17,50
18,19,58
0,10,59
15,18,63
17,15,51
30,6,36
17,0,26
40,5,31
25,18,54
61,3,22
34,12,42
54,15,55
3,9,55
19,7,36
17,19,62
51,10,32
58,1,16
51,15,39
12,18,60
44,18,46
52,11,34
63,3,31
18,20,63
10,12,52
20,7,36
49,2,20
58,8,31
28,14,47
13,5,34
49,17,48
54,14,42
42,2,25
21,19,56
53,9,30
56,13,51
12,15,57
49,10,31
25,20,55
0,8,53
7,14,57
17,16,51
5,13,61
24,15,50
18,11,43
50,17,48
1,9,57
27,20,54
38,20,53
51,13,36
42,23,60
30,2,31
3,8,49
49,16,44
62,7,39
12,14,54
61,4,24
18,4,32
22,13,46
55,14,54
49,6,26
53,15,44
60,13,61
36,20,54
57,10,34
2,3,43
26,15,48
36,0,17
43,1,15
17,9,38
57,10,40
19,2,30
25,0,26
29,3,33
55,14,51
8,8,46
58,9,39
55,9,30
56,0,17
54,0,16
51,17,56
36,21,54
48,17,46
21,21,58
49,4,23
10,9,46
59,10,44
46,16,44
47,20,62
54,9,30
27,6,36
49,19,56
12,15,52
19,19,55
1,5,47
41,3,26
35,16,47
0,7,56
52,15,42
5,6,46
37,21,56
32,14,46
40,2,19
8,13,53
51,18,59
53,12,35
40,23,60
32,8,39
29,10,41
27,18,54
46,21,56
11,16,53
39,0,16
49,19,63
4,0,33
5,0,31
12,8,41
17,18,53
21,19,55
52,9,30
8,15,54
10,16,56
38,6,33
54,14,46
53,15,49
33,18,50
58,13,59
19,17,52
40,0,17
20,15,47
35,15,47
59,12,53
33,12,44
10,18,60
58,3,21
4,5,44
36,18,50
13,12,47
56,15,63
55,14,55
45,0,16
26,6,38
60,10,57
45,16,44
40,8,33
35,4,32
17,16,54
58,4,22
49,3,21
50,15,42
44,20,55
53,13,39
53,16,60
63,6,39
30,12,44
61,2,21
20,13,46
44,4,21
61,7,35
15,19,56
37,0,18
41,1,20
7,13,56
45,22,56
40,14,43
11,14,58
5,7,45
42,2,19
42,1,21
21,16,51
45,20,59
7,14,60
52,15,51
52,1,19
7,7,43
33,10,39
52,16,59
23,20,55
58,12,46
4,10,55
53,14,46
63,2,31
23,4,35
17,3,32
53,8,27
21,3,33
61,7,33
55,10,34
34,8,37
7,6,43
4,10,51
19,20,58
9,15,61
14,17,53
54,11,36
35,0,15
0,8,58
16,3,32
54,16,62
40,23,63
31,1,28
4,5,45
21,13,46
62,4,30
6,10,50
56,8,27
3,8,54
55,12,43
42,7,31
58,12,49
56,9,30
55,7,27
37,9,38
34,22,56
2,6,46
15,14,48
0,11,63
50,6,26
4,12,62
7,11,56
16,19,60
6,1,36
32,2,30
57,13,54
39,0,23
50,17,57
36,16,49
42,23,61
9,13,49
42,17,46
5,13,62
43,21,52
26,22,59
18,19,57
12,17,61
29,21,56
9,11,49
8,15,63
48,19,56
42,2,23
39,12,41
13,0,28
24,15,48
17,10,41
21,17,52
46,19,54
50,3,21
50,17,45
12,16,56
15,7,38
33,8,38
51,7,26
24,21,58
39,7,32
41,17,46
0,9,57
4,2,37
48,20,62
48,14,38
61,5,26
7,2,33
56,10,36
6,7,45
39,1,15
54,15,43
4,0,36
12,3,33
11,2,32
43,22,54
63,7,52
1,6,50
58,13,60
35,6,33
57,14,63
54,9,28
21,22,61
44,4,22
5,12,60
16,5,34
0,4,47
6,11,54
3,3,40
5,7,42
3,1,37
28,12,43
6,12,59
33,4,32
45,13,38
40,1,17
9,4,35
2,12,61
19,15,46
41,23,63
30,0,29
53,15,52
56,2,20
47,6,24
33,1,29
14,8,40
36,5,32
54,12,37
15,17,60
12,14,55
14,11,46
8,1,31
30,9,41
2,9,57
39,0,17
57,14,60
15,6,35
17,19,54
42,5,28
48,13,38
34,14,45
38,20,52
37,22,57
5,4,40
63,1,19
12,0,27
32,18,52
40,0,16
56,9,32
62,8,52
15,5,35
2,11,57
15,8,37
24,22,59
6,0,32
18,16,49
62,5,37
62,0,17
18,15,49
15,19,62
45,18,47
32,7,37
30,19,54
41,5,29
58,10,37
43,8,31
11,7,40
59,12,54
44,22,56
8,9,44
3,4,43
57,13,52
14,15,54
57,11,44
57,7,27
62,10,61
39,23,59
38,6,34
23,11,44
61,8,43
15,9,41
35,20,54
58,8,29
31,18,52
40,23,58
7,0,30
60,6,24
39,20,52
10,15,63
31,5,35
29,8,40
58,12,55
54,15,62
19,21,58
5,16,63
31,12,43
10,7,41
63,2,19
24,3,32
23,22,60
51,10,31
49,17,53
23,7,38
42,18,47
54,16,48
8,10,50
36,0,26
18,8,39
8,13,51
46,5,23
8,9,43
29,20,55
61,6,37
1,4,46
52,15,48
44,6,28
26,14,47
37,1,27
13,15,53
16,16,53
38,12,42
19,17,53
40,1,16
43,15,42
26,4,35
33,14,46
55,0,17
4,13,61
28,10,43
7,8,47
20,5,34
46,11,36
22,10,40
51,15,40
37,2,28
11,15,53
36,2,29
20,13,47
29,19,55
60,11,61
13,17,60
25,10,40
20,20,58
50,18,52
35,22,58
45,6,29
7,6,44
56,13,48
47,11,34
4,3,41
28,6,36
57,8,27
31,16,50
60,10,56
47,19,59
57,14,54
61,11,63
18,6,34
42,6,30
63,9,55
10,13,53
61,9,47
57,10,35
43,12,40
47,19,60
29,22,58
6,7,42
41,1,18
41,20,51
31,23,60
60,9,40
52,16,58
59,12,62
3,11,53
52,10,31
59,10,39
8,4,34
24,18,54
14,16,55
36,20,55
12,8,42
11,14,50
29,8,39
52,17,63
32,14,47
31,8,37
37,6,33
43,2,20
63,2,25
19,0,28
56,2,18
40,10,37
42,20,50
40,13,42
48,9,29
61,8,40
48,14,39
4,10,54
5,12,62
9,17,59
52,14,37
43,17,45
36,2,28
5,1,34
61,10,53
58,13,57
13,11,47
41,23,61
47,19,52
14,18,58
11,1,29
42,22,63
51,15,41
59,7,35
26,10,42
23,6,37
60,10,49
26,7,37
25,1,30
50,4,22
26,17,51
20,14,47
44,10,36
12,10,43
42,3,26
42,12,38
43,22,56
17,13,46
28,19,53
48,9,31
7,10,51
8,0,30
61,6,32
7,4,38
7,15,63
27,9,42
33,3,32
49,16,43
32,16,48
30,21,56
39,2,17
37,20,53
15,11,42
60,4,22
58,9,31
16,20,61
51,16,48
54,15,57
31,15,49
7,7,46
48,17,43
48,10,31
24,20,57
26,3,33
29,4,33
46,16,42
60,9,49
27,5,36
38,7,33
37,9,37
52,16,57
38,4,31
28,3,33
39,2,28
23,3,32
10,18,59
47,8,30
20,3,31
48,13,36
48,19,59
52,18,58
46,20,58
51,16,42
9,2,31
48,8,28
60,6,35
22,6,37
30,7,38
19,1,28
45,21,52
3,2,40
59,11,52
54,2,21
49,18,59
63,3,33
61,7,37
32,19,53
47,9,29
18,20,62
59,8,27
62,3,23
16,13,49
16,18,61
53,14,49
44,21,63
43,21,53
45,15,41
16,2,30
23,19,54
24,4,34
41,8,35
46,12,38
5,8,48
36,19,51
29,1,30
8,8,44
13,20,63
0,3,45
47,18,51
10,1,30
3,6,47
9,5,39
53,13,41
4,11,60
11,5,37
5,0,32
22,19,54
34,13,44
51,16,57
44,3,22
55,1,19
51,17,59
55,5,24
30,23,60
13,12,49
36,11,41
59,6,28
21,11,43
16,11,44
38,8,36
59,11,51
35,21,55
11,12,48
55,14,52
63,6,41
28,1,28
5,12,56
42,19,50
13,16,56
28,16,51
