13,5,52
6,7,48
12,5,52
26,0,23
25,2,53
14,5,47
4,6,36
19,6,62
30,0,43
33,1,36
25,2,51
9,7,63
24,1,24
24,1,46
30,2,28
36,0,35
21,3,53
48,1,62
38,3,62
4,8,49
1,0,17
20,5,32
2,7,37
37,0,36
12,1,24
17,6,61
14,4,48
23,4,28
4,7,48
45,1,57
0,10,58
7,6,42
29,5,62
14,5,39
16,6,62
27,5,63
15,5,49
41,1,59
22,2,43
31,2,59
28,3,35
11,6,32
6,1,22
3,6,28
8,7,54
26,3,38
23,2,42
46,1,62
5,8,54
7,5,28
34,0,49
19,6,34
27,2,26
24,5,39
24,2,54
8,6,49
31,0,26
29,3,31
41,0,37
37,0,50
2,6,36
18,1,25
40,0,31
16,0,24
48,1,59
34,2,61
20,3,27
36,0,51
18,2,27
2,10,55
8,8,55
35,0,38
13,5,48
10,6,50
27,5,62
20,6,62
13,0,24
46,1,61
24,4,39
15,5,50
20,0,22
47,0,54
0,6,38
9,7,39
29,4,59
19,5,33
48,0,60
11,2,26
9,7,61
26,5,61
18,3,55
37,1,34
18,3,44
25,2,26
27,3,39
40,0,51
29,4,62
10,2,25
20,6,34
43,2,62
17,6,62
5,8,61
3,2,21
9,2,26
21,4,58
1,8,47
13,6,31
0,9,53
38,2,59
29,0,42
16,6,60
27,1,50
4,6,41
1,6,32
14,6,44
2,6,29
6,9,55
16,6,45
23,3,40
5,5,29
13,6,51
30,4,62
42,0,54
52,0,60
30,1,39
27,2,55
3,5,30
14,7,63
0,5,32
24,3,53
4,6,37
10,6,58
22,6,63
18,5,57
19,4,56
1,10,60
6,8,61
2,5,34
33,1,35
6,8,51
1,9,51
8,8,53
40,0,32
39,3,62
35,2,36
29,2,33
35,0,39
19,1,25
1,4,29
9,6,56
20,5,38
52,0,62
7,7,62
8,6,48
26,3,29
2,8,47
26,5,60
28,2,34
37,1,57
24,5,59
37,3,61
35,1,53
7,7,55
2,7,47
13,5,41
28,4,58
15,4,53
10,1,23
25,2,41
0,6,34
17,4,45
25,2,24
30,2,56
46,1,59
27,1,49
6,7,50
1,6,42
15,7,62
9,6,46
31,1,53
18,3,46
2,4,27
7,8,54
47,1,62
17,2,26
20,4,36
23,1,49
24,4,57
41,1,58
5,2,24
7,6,36
19,4,39
30,0,25
19,3,28
49,0,57
13,5,43
29,2,28
3,5,25
18,4,46
8,9,55
22,6,62
7,7,33
30,3,39
11,6,43
8,6,34
5,7,49
44,1,55
28,1,42
12,5,54
0,2,25
25,3,28
4,4,27
21,2,26
2,10,62
13,6,48
21,5,31
19,5,58
0,8,35
7,8,57
12,5,47
9,6,38
37,1,55
38,1,32
20,5,31
15,6,50
10,0,23
23,3,37
3,9,60
24,4,35
34,2,59
3,5,35
1,9,55
16,5,46
25,1,50
36,3,63
21,4,56
34,2,33
34,1,37
31,0,43
7,7,46
36,2,62
7,1,21
1,5,30
0,3,28
14,5,59
29,2,27
47,0,55
30,4,59
19,6,63
12,7,60
8,8,51
4,6,32
44,1,36
5,4,26
33,1,54
14,6,60
23,4,32
43,0,52
19,3,50
19,3,55
16,6,36
20,1,24
11,5,57
12,6,41
33,0,28
26,2,26
4,9,63
2,8,52
7,8,59
13,8,63
12,3,27
37,0,54
28,3,37
12,6,39
23,4,56
2,0,19
6,9,63
3,6,35
38,1,36
27,2,51
4,7,38
26,4,39
28,0,23
7,6,37
30,2,35
3,4,26
16,4,29
13,5,53
32,2,58
28,3,33
16,3,52
18,6,62
42,0,33
14,5,58
29,1,52
25,3,57
30,2,39
21,3,26
22,2,42
34,3,61
24,1,47
26,2,54
17,5,42
8,6,32
35,1,32
44,1,57
9,7,49
10,6,44
27,3,35
8,7,63
22,2,49
12,7,63
1,6,27
11,6,46
16,4,46
12,5,41
9,6,34
14,7,62
36,3,35
1,4,26
38,0,51
25,3,26
17,3,55
12,5,57
25,4,38
19,5,60
3,9,52
12,3,28
6,6,32
20,2,25
21,4,29
2,2,22
30,0,42
15,1,26
48,0,54
2,3,23
19,3,26
26,2,55
32,0,41
12,6,60
30,0,45
39,0,32
8,7,49
37,0,29
0,5,31
10,2,26
7,0,21
15,5,39
36,0,55
2,6,42
7,6,33
25,2,42
9,6,42
21,4,35
29,0,26
5,8,58
34,2,32
13,6,60
19,3,52
8,7,52
0,4,30
7,7,53
28,2,37
22,4,41
32,1,51
35,0,50
9,7,53
17,4,43
18,5,60
27,0,24
15,6,58
31,1,52
2,4,29
4,8,48
21,4,41
51,0,57
10,6,55
24,5,37
15,4,45
23,3,53
30,1,35
14,4,28
17,1,26
20,4,37
34,0,41
12,5,56
0,11,62
16,5,58
40,0,35
31,3,34
39,0,37
1,3,24
3,10,63
15,5,44
26,2,43
16,6,61
8,7,55
12,6,48
37,1,36
17,6,43
23,3,56
21,5,60
35,0,29
47,1,58
7,6,32
28,5,62
32,3,62
5,7,33
8,7,51
18,4,45
25,3,35
39,1,34
17,5,59
43,1,54
18,4,40
19,3,45
23,1,48
8,7,47
17,5,38
24,3,39
17,6,35
46,0,56
13,5,42
29,2,53
26,4,35
26,5,62
5,8,63
24,4,36
37,1,58
30,2,55
48,1,61
28,3,40
1,5,29
29,2,52
34,0,42
3,5,36
11,7,49
32,1,53
8,9,56
0,0,17
13,6,41
0,7,34
16,5,39
16,3,28
13,4,54
29,4,61
51,0,56
20,1,25
19,5,37
32,2,59
42,0,37
21,3,28
21,4,42
3,7,28
33,2,59
16,7,63
11,5,28
9,3,27
34,1,54
31,2,56
0,3,24
20,5,37
13,5,39
30,1,53
20,3,52
26,1,47
8,8,63
25,3,32
2,9,58
3,6,42
22,1,47
18,4,41
16,6,41
31,0,42
1,10,62
2,7,33
8,6,46
9,2,23
29,0,47
4,8,53
36,0,30
22,4,37
2,2,21
22,2,53
32,1,29
5,8,48
24,3,30
16,3,53
17,4,47
30,3,41
12,7,61
0,8,45
23,1,50
32,2,38
3,6,36
10,7,47
23,3,39
12,1,25
28,1,52
30,4,60
25,5,60
8,5,29
9,6,33
18,3,50
53,0,61
29,1,50
24,4,58
45,0,55
27,3,58
2,4,28
16,5,47
15,6,61
1,11,63
34,1,30
18,6,43
19,4,28
35,3,36
24,3,26
24,3,37
15,1,25
10,6,31
14,0,25
14,0,23
15,5,41
39,2,58
24,5,58
49,0,58
5,9,57
21,3,56
3,7,40
11,6,42
4,8,56
8,6,37
2,0,18
3,6,39
0,6,31
43,0,54
32,2,55
50,0,56
20,2,45
8,6,28
0,2,24
25,5,37
23,2,51
11,6,33
9,6,47
7,6,34
17,4,29
33,3,61
0,1,22
24,4,31
4,6,29
15,5,57
25,3,31
29,1,41
37,0,52
0,8,50
40,2,60
39,3,63
2,6,31
0,5,35
26,1,25
0,3,23
6,7,44
6,9,56
19,4,29
14,5,43
28,0,47
3,7,46
37,0,55
19,2,49
17,5,35
23,0,22
25,1,45
2,9,53
26,3,26
1,8,50
20,3,45
6,8,55
36,1,34
17,4,30
17,4,54
20,4,31
20,7,35
15,7,50
15,3,29
27,3,57
32,0,49
31,1,41
15,5,56
3,10,62
32,0,27
6,1,24
42,0,36
4,8,59
7,7,49
10,6,39
16,6,44
12,1,26
4,5,31
23,4,30
26,3,39
17,3,49
38,2,62
5,7,29
39,0,33
31,2,32
16,5,33
11,6,49
17,5,43
25,4,60
34,0,52
17,4,55
16,5,30
12,2,26
36,1,57
42,2,61
40,1,59
15,5,42
40,1,58
32,2,33
28,2,28
34,1,28
3,0,18
31,2,29
26,1,41
6,4,26
2,9,54
46,1,60
35,2,34
8,2,25
5,1,18
12,6,46
4,9,45
25,3,37
25,5,62
32,1,33
27,1,43
16,4,48
29,1,39
13,7,46
8,1,24
22,2,45
31,0,27
7,7,32
32,0,46
16,7,45
7,8,52
21,3,46
26,6,63
5,8,50
19,2,46
22,4,34
16,4,51
6,7,51
1,9,50
6,5,31
4,4,24
11,5,55
45,1,54
43,1,60
36,0,53
4,5,32
20,3,46
6,6,31
34,1,32
2,5,25
5,9,58
6,2,24
1,7,32
2,9,60
4,9,56
1,4,27
40,1,55
21,5,59
33,0,41
17,7,62
4,7,45
26,3,56
32,1,39
51,0,58
5,7,44
21,2,47
9,6,39
4,2,24
33,2,32
24,3,29
33,2,57
27,4,60
14,2,26
18,5,36
42,1,59
3,9,55
29,2,32
32,1,30
35,1,36
18,6,31
18,5,40
24,3,55
14,5,44
3,9,54
36,3,61
25,1,44
0,10,56
27,1,51
13,5,56
24,5,61
38,2,60
9,7,62
41,0,54
22,3,54
15,4,28
25,5,38
18,5,31
13,6,50
35,1,54
15,4,57
11,7,62
0,2,20
17,0,24
18,5,34
4,9,53
33,0,48
20,7,62
37,1,31
10,7,49
44,2,61
29,3,55
13,1,24
44,1,61
3,5,26
22,7,63
6,6,29
37,0,37
24,3,28
28,0,45
34,0,50
29,1,27
18,5,32
5,8,52
12,5,38
34,0,28
21,3,41
3,3,24
15,5,47
39,0,53
0,3,25
6,8,59
36,1,55
11,4,28
7,0,20
21,0,22
28,2,40
9,0,23
51,0,62
13,5,45
26,3,37
26,1,45
5,8,60
38,1,35
10,6,49
47,1,60
4,0,21
14,4,49
20,3,54
5,3,24
24,3,31
9,7,50
24,5,38
10,6,41
34,1,35
11,6,38
0,4,31
10,4,27
1,9,54
38,0,55
22,2,50
28,0,46
14,4,51
7,4,28
14,4,55
25,1,47
22,4,28
4,7,35
4,8,45
16,6,46
10,4,26
19,7,62
16,4,55
19,4,42
19,0,24
29,2,56
11,6,44
18,3,52
11,2,25
16,5,35
31,1,39
29,3,32
30,3,61
7,6,30
25,5,35
7,3,26
37,0,51
12,5,55
20,4,58
28,0,42
20,1,23
28,0,50
12,6,52
1,9,56
22,4,35
33,1,32
10,3,27
20,7,63
23,5,61
39,1,35
21,4,31
18,6,60
53,0,63
34,1,34
14,5,40
27,3,56
28,2,55
8,6,40
19,5,32
24,6,63
15,4,29
35,2,60
15,4,52
31,2,55
0,8,49
36,1,32
6,3,26
14,5,34
25,5,36
26,0,22
20,2,48
7,0,23
2,8,51
19,3,47
32,1,37
3,10,58
28,2,33
26,2,37
17,5,56
1,1,20
1,6,30
2,5,26
16,5,37
1,2,21
5,8,53
17,5,60
22,0,23
32,1,41
50,0,58
0,5,29
24,2,24
21,5,34
5,8,57
0,2,22
19,3,54
20,4,30
22,3,55
17,2,27
11,5,31
12,7,46
8,7,53
24,3,27
49,1,58
3,8,49
24,1,22
23,2,53
33,1,40
24,4,59
16,5,40
14,4,52
6,6,42
33,0,42
21,1,23
38,0,30
1,4,25
25,3,54
5,9,59
40,2,59
1,10,54
36,0,29
0,8,46
32,2,31
3,7,32
26,6,62
40,0,37
1,8,33
49,1,59
8,7,45
13,6,45
24,1,45
29,2,34
34,2,29
20,2,51
10,6,45
11,6,41
25,2,52
7,7,43
8,8,57
18,0,23
11,6,57
10,6,48
30,2,30
2,10,61
14,3,28
26,1,42
7,7,57
21,4,30
11,6,39
6,5,33
2,6,40
14,6,59
3,8,53
29,0,23
18,4,43
52,0,61
29,3,38
7,3,25
19,5,59
31,3,60
34,2,58
38,0,53
6,8,63
34,0,27
5,7,48
33,2,61
34,1,58
4,2,22
30,2,54
43,1,55
41,0,55
24,3,42
10,7,60
13,6,59
31,0,44
29,0,25
6,0,20
40,1,57
6,8,62
17,3,48
47,0,57
18,3,47
11,6,61
23,5,60
25,1,52
33,1,53
5,8,55
16,6,50
9,7,59
35,1,33
5,7,46
25,1,22
13,4,29
27,2,38
8,4,28
39,1,33
14,5,42
44,0,53
28,1,27
13,0,23
45,0,54
18,6,34
1,5,32
11,6,52
23,4,41
8,7,61
8,4,26
30,0,24
28,0,22
40,2,63
16,4,52
31,1,42
18,3,53
25,3,42
21,2,51
27,3,38
44,1,56
31,1,38
2,6,33
48,0,56
10,7,50
6,6,38
23,1,47
50,0,62
14,6,58
2,5,31
50,1,61
27,2,35
2,4,30
1,7,42
10,6,56
28,1,40
44,1,60
22,5,59
1,10,58
45,1,59
47,0,59
22,4,36
30,0,46
41,2,63
1,3,26
2,8,48
9,5,30
3,5,34
33,1,52
20,5,34
7,5,31
10,6,60
1,6,31
22,3,53
38,1,58
9,6,44
41,1,56
4,7,40
30,4,39
33,2,30
5,4,24
6,7,58
45,1,55
27,4,59
14,5,46
10,6,28
20,3,41
26,3,33
1,7,46
20,3,28
1,10,57
12,6,43
5,6,36
38,3,63
16,5,36
23,6,62
3,1,19
8,6,41
28,1,25
38,0,28
23,3,44
2,5,27
2,7,36
18,7,63
20,4,28
19,2,26
18,3,48
8,8,60
8,7,57
23,4,34
40,0,52
31,1,51
44,0,36
7,1,22
51,0,63
16,4,54
32,1,55
16,4,50
21,4,38
12,5,39
32,3,59
30,1,51
32,3,61
30,2,38
36,1,58
35,0,28
25,5,59
23,4,33
12,6,49
20,3,53
10,6,43
29,3,29
42,0,51
19,5,42
1,2,24
8,6,59
12,4,29
18,0,24
26,4,27
28,2,41
21,3,51
21,4,55
15,5,35
2,9,57
3,10,61
36,0,37
4,2,20
27,0,47
30,1,50
23,2,49
1,1,21
17,5,37
1,6,39
20,3,42
30,0,26
43,2,60
35,3,63
18,4,56
28,3,56
33,1,29
9,6,36
20,3,26
0,7,35
5,4,27
25,4,29
17,6,60
29,4,60
3,2,20
9,6,43
4,5,28
17,3,28
1,10,56
26,1,49
43,0,35
6,5,28
33,2,60
5,6,29
22,2,51
33,0,40
20,2,26
5,8,49
4,4,25
19,5,31
31,3,56
47,1,57
12,6,36
27,4,57
13,5,44
14,6,50
5,8,56
7,8,55
16,4,28
46,1,56
6,6,41
8,6,35
23,3,43
8,7,42
4,3,25
34,0,37
39,0,35
21,2,50
30,3,38
25,3,36
32,0,40
27,0,21
14,4,54
23,1,44
21,0,21
19,4,57
10,4,29
38,3,60
32,2,37
6,5,30
6,3,25
2,3,25
35,0,51
32,0,43
36,0,38
2,10,59
14,4,30
20,2,46
38,1,57
10,6,40
31,1,37
31,4,63
1,4,30
22,2,24
24,4,34
28,4,59
17,3,27
6,6,37
20,6,35
5,6,30
20,5,60
0,7,42
33,2,35
14,6,57
22,3,40
24,2,43
5,5,30
7,2,26
10,7,52
28,4,62
6,2,25
26,0,45
15,6,35
5,3,26
3,8,48
26,1,50
6,8,52
41,0,36
7,1,24
14,8,63
0,4,23
2,7,31
8,6,38
27,5,61
24,1,43
27,0,48
52,0,58
14,6,41
21,0,23
41,2,59
28,2,54
15,5,45
25,6,63
11,4,27
31,4,61
4,9,59
38,0,54
12,6,47
15,4,47
5,1,22
31,2,37
6,6,40
35,1,58
9,0,22
25,1,49
14,5,35
46,0,55
33,0,51
46,1,63
39,2,62
31,3,61
15,6,32
20,4,40
23,7,63
4,7,31
14,7,50
5,3,25
25,3,30
30,1,36
27,3,42
2,6,30
28,3,34
24,4,42
30,2,29
34,0,29
21,2,52
1,5,26
43,0,55
14,5,41
18,6,42
9,6,41
4,8,54
17,1,24
6,8,56
23,3,26
26,5,63
7,7,47
2,8,50
10,7,39
39,2,59
2,5,28
3,8,52
11,5,29
39,1,59
27,2,36
23,3,25
16,6,35
16,2,27
22,5,35
34,2,31
11,4,29
2,2,23
6,6,39
6,6,43
9,6,35
5,6,37
4,5,33
1,10,61
0,6,29
22,1,46
20,6,60
36,2,61
26,3,28
40,3,63
28,3,58
10,0,24
25,4,37
39,1,32
26,1,24
15,6,43
24,3,41
49,0,60
17,3,52
22,2,47
10,6,33
21,3,52
13,6,61
17,5,40
14,6,32
15,4,49
33,0,26
15,4,56
10,0,22
33,1,43
13,4,55
22,4,40
24,6,61
3,8,44
2,1,20
43,0,53
2,9,56
36,1,29
26,3,27
3,6,40
42,0,38
1,7,36
21,2,45
12,6,51
28,3,38
31,0,40
26,1,23
27,1,23
12,6,32
5,6,39
35,2,32
34,1,56
49,1,63
16,7,61
1,2,22
2,1,21
16,3,27
35,0,53
37,1,56
25,3,33
10,5,30
18,5,59
33,4,63
21,3,55
15,5,31
33,2,56
34,0,53
21,4,27
25,4,35
19,6,31
28,3,31
41,0,38
9,6,48
33,0,50
36,2,34
11,6,48
50,0,60
35,3,62
19,2,48
26,1,51
18,4,30
28,0,43
1,3,21
31,3,62
6,7,49
7,6,31
38,0,37
22,4,30
16,3,48
4,6,35
22,5,61
13,8,46
23,4,36
19,5,41
2,5,30
26,0,47
16,5,32
8,3,27
17,4,57
5,9,62
1,6,26
38,0,35
25,3,40
7,6,43
8,7,56
30,3,40
11,7,54
19,4,38
9,4,29
18,2,25
1,1,18
42,1,54
8,6,45
3,7,42
15,5,43
17,4,42
13,6,53
45,2,62
25,4,56
19,4,37
12,5,42
3,5,28
31,2,39
31,2,57
44,0,55
41,2,61
31,3,35
20,4,39
10,1,24
1,3,25
9,7,60
2,3,21
3,7,41
31,2,41
39,1,56
37,1,33
32,3,35
30,4,63
30,3,59
34,2,36
39,0,54
7,8,63
0,4,33
27,3,31
29,2,29
35,1,52
24,3,35
6,6,28
18,5,39
15,4,54
14,5,55
1,2,19
22,3,28
5,6,40
45,1,63
10,6,34
7,8,56
35,2,33
28,2,29
0,1,18
18,5,35
13,5,47
4,9,60
13,5,55
3,9,57
52,0,63
12,6,31
17,3,53
1,7,31
45,2,63
16,1,24
25,5,39
16,5,60
17,4,28
13,5,40
0,6,28
37,1,32
31,2,38
34,1,36
3,3,23
38,1,55
24,4,38
14,5,51
14,6,36
23,3,54
4,7,34
24,2,53
40,0,55
13,1,25
22,4,27
4,1,22
24,2,46
5,5,33
29,1,53
9,1,25
47,0,58
4,9,62
3,4,29
12,6,54
36,1,36
41,1,57
34,2,57
19,2,47
10,6,57
30,2,31
33,0,38
8,7,59
30,1,40
23,2,50
23,6,63
8,7,62
29,0,43
15,6,40
21,3,44
39,0,52
21,2,48
29,0,24
28,2,26
17,3,47
5,1,21
2,6,28
0,4,27
25,3,55
27,3,37
47,0,53
6,8,53
24,2,25
21,3,27
36,2,36
1,0,19
28,1,26
5,0,17
3,2,23
6,0,21
8,8,52
24,7,63
2,1,19
45,1,58
11,6,45
14,4,50
18,3,45
14,5,48
25,1,23
13,5,49
27,2,42
7,7,30
35,0,40
39,0,55
27,0,46
0,10,61
26,2,38
10,4,28
4,5,30
18,5,41
21,5,61
0,4,32
40,0,36
23,2,25
22,5,60
21,5,35
17,0,23
25,4,59
28,3,57
37,2,58
3,8,50
20,5,36
17,4,49
8,6,33
12,6,35
4,3,24
28,3,55
12,5,40
16,4,57
9,6,45
7,3,27
26,2,25
5,9,54
15,2,25
34,0,39
15,6,34
0,6,35
7,7,48
5,5,25
32,4,63
40,1,33
1,8,46
19,3,46
15,2,26
8,6,44
11,7,45
9,8,57
0,7,45
22,2,48
15,4,50
6,2,23
11,0,24
31,3,58
15,5,48
33,1,55
27,2,54
11,6,54
4,6,34
25,1,48
15,0,25
22,4,32
3,1,20
50,0,61
35,1,35
1,4,28
10,6,52
12,5,31
44,2,60
16,5,59
1,7,47
23,4,27
27,1,42
26,3,31
27,2,33
42,0,55
7,6,41
8,5,30
29,2,39
15,5,37
32,2,56
0,2,19
15,2,27
19,2,27
21,5,37
20,7,61
29,2,38
22,5,37
4,8,43
22,2,44
3,6,38
13,7,47
37,2,61
18,6,35
26,0,46
11,1,25
28,3,59
34,1,55
25,1,51
0,0,18
15,6,36
13,7,63
35,2,35
13,3,28
23,4,39
21,5,58
18,5,38
17,6,34
12,6,37
10,6,54
37,0,38
31,0,51
10,7,54
33,1,37
26,2,41
15,5,53
44,0,54
28,2,39
30,0,44
19,4,45
17,3,54
35,1,29
14,6,51
28,0,48
23,3,42
13,6,32
23,5,58
9,6,31
13,5,31
13,1,26
48,0,58
0,8,48
32,1,42
21,5,36
45,1,56
2,6,41
27,1,24
27,0,23
16,7,62
27,3,33
27,2,52
11,7,61
23,4,31
35,1,30
7,7,44
11,8,63
1,0,18
18,5,30
27,2,37
22,3,25
23,2,44
3,7,48
21,7,62
6,5,34
10,5,29
44,1,62
36,1,35
22,0,21
14,6,35
43,2,63
48,0,59
4,0,18
37,1,35
48,0,53
22,3,56
17,7,61
2,6,37
18,5,33
0,5,36
34,1,29
37,1,54
49,0,55
14,4,56
28,2,27
28,1,51
9,6,59
38,2,58
20,5,35
26,2,27
32,4,62
4,7,46
24,2,51
7,6,38
36,0,52
4,9,58
47,0,52
6,5,29
2,7,45
24,3,56
19,5,34
27,3,55
16,3,47
42,0,53
0,6,32
33,2,58
0,11,59
25,1,24
15,6,31
20,2,47
26,2,39
27,0,22
17,5,30
0,11,58
5,6,41
24,4,33
19,3,48
25,3,29
3,4,27
24,2,42
9,2,25
28,4,60
17,4,56
7,6,40
27,2,39
36,1,31
10,6,42
32,1,38
46,0,53
44,1,59
26,3,42
16,6,33
4,5,34
8,7,50
27,3,29
37,2,60
10,5,28
24,5,41
13,6,34
26,1,48
20,4,29
3,7,45
19,2,51
19,4,30
27,1,26
19,3,49
30,0,48
0,5,37
4,6,39
23,2,48
4,9,61
29,4,41
0,10,60
19,6,37
2,9,51
26,2,24
25,3,41
25,4,58
18,3,51
2,5,33
14,5,31
30,1,38
28,2,35
16,4,56
14,3,27
12,4,28
5,4,28
20,4,32
27,1,25
0,4,29
1,8,51
7,7,60
9,6,40
12,6,56
2,7,32
25,1,42
1,11,61
29,4,63
26,4,42
24,4,29
3,7,47
43,1,56
30,0,41
18,6,36
24,1,50
30,1,41
30,2,32
29,2,55
27,3,41
24,1,49
48,1,58
34,0,51
30,2,53
35,2,61
29,1,43
43,2,61
11,6,40
19,7,35
22,2,26
41,2,60
43,1,61
27,3,36
23,1,23
1,5,25
43,0,36
21,3,50
1,7,45
12,2,27
2,4,25
0,6,33
1,8,36
22,2,25
48,1,63
11,5,56
23,2,24
5,6,38
36,2,58
33,1,57
35,3,61
12,7,47
8,8,56
4,6,30
19,7,34
24,0,21
18,4,58
8,9,57
27,3,34
18,5,58
16,5,57
27,3,40
2,9,52
22,6,61
21,3,49
33,3,62
40,0,33
2,5,29
45,0,52
39,0,51
14,5,37
13,7,62
32,2,60
1,6,41
15,5,51
9,6,55
11,6,35
30,1,52
49,1,62
13,6,47
31,0,25
10,6,36
1,7,33
2,7,46
26,3,36
15,5,59
36,1,54
33,1,39
4,6,40
28,3,29
8,6,39
5,5,28
22,2,52
9,6,57
11,0,22
39,0,34
25,2,40
7,8,62
18,3,28
6,7,46
15,5,46
3,6,32
24,3,36
1,9,53
32,0,26
12,6,59
32,2,57
26,3,30
2,6,26
32,0,39
0,1,20
7,5,32
2,7,42
38,0,52
28,5,63
22,0,22
18,5,42
12,5,30
49,0,54
1,4,24
51,0,60
14,5,38
0,9,54
34,3,63
39,0,31
1,6,36
1,5,27
37,0,30
7,8,61
15,5,58
37,3,62
9,7,55
46,2,63
26,1,22
6,8,60
19,5,38
16,3,49
21,6,61
0,0,21
21,6,35
34,2,35
5,0,18
27,4,42
39,2,60
22,5,31
35,4,63
51,1,63
32,1,50
0,4,28
4,3,23
2,3,20
12,5,35
4,6,42
36,0,28
29,0,44
33,3,60
21,6,62
12,5,37
31,1,27
50,1,63
3,3,25
2,6,39
32,3,60
20,0,23
7,7,58
12,5,48
1,6,35
17,3,46
3,6,31
24,4,28
10,7,62
11,6,34
30,1,26
22,3,49
27,2,40
31,0,50
6,7,45
29,2,35
19,1,24
25,4,33
34,0,38
38,0,38
1,7,37
15,0,24
31,3,38
40,0,54
6,5,32
22,3,26
22,3,44
10,6,61
9,6,32
0,10,54
7,7,50
8,1,25
19,6,61
12,6,44
29,0,46
42,2,62
30,2,40
28,3,36
7,7,59
39,0,36
22,5,58
0,3,26
41,0,34
15,6,45
6,7,57
13,6,38
33,0,36
5,7,58
23,4,40
19,4,58
4,6,43
13,5,35
50,1,60
7,6,35
28,2,30
22,4,56
8,7,32
15,3,27
43,1,59
32,1,27
47,1,61
49,1,60
40,0,53
13,5,51
8,7,48
24,3,32
2,7,43
11,3,27
49,0,62
13,0,25
27,2,34
24,5,62
4,5,29
0,6,37
24,2,50
43,1,58
10,7,51
13,2,26
29,3,58
11,5,30
39,0,38
22,3,45
20,5,29
12,6,38
29,1,42
11,7,60
20,4,44
5,5,24
19,3,51
42,3,63
16,2,25
20,5,28
4,8,51
27,0,44
13,6,52
24,1,51
3,6,30
17,7,63
26,4,59
21,1,24
46,1,57
38,0,29
31,2,40
14,0,24
5,0,19
50,0,57
13,5,36
21,2,24
28,2,38
28,2,50
8,5,28
25,3,39
14,6,33
39,2,63
23,5,35
48,0,57
45,1,60
15,6,62
4,9,57
10,6,46
15,1,24
9,7,51
42,1,36
1,9,52
39,1,57
2,9,55
11,7,63
48,1,60
25,3,38
13,6,49
27,1,46
51,0,61
44,0,52
5,7,30
4,4,26
20,5,59
34,3,62
28,0,49
2,6,32
3,9,56
23,4,58
29,2,41
35,0,52
43,1,35
14,5,53
18,4,44
27,3,28
27,1,45
22,3,43
14,1,25
42,2,63
24,2,41
3,10,60
20,3,51
16,4,49
25,2,54
11,6,36
15,4,48
0,6,36
24,3,25
32,1,35
17,5,34
23,2,47
2,9,59
20,4,43
3,0,20
13,5,59
38,1,33
20,5,30
1,11,62
1,5,31
1,8,37
42,1,57
47,0,56
18,4,42
16,4,45
10,7,45
18,7,62
27,2,27
19,5,39
21,3,42
29,3,57
23,2,52
22,4,31
29,0,48
32,1,28
0,9,50
3,6,29
25,4,36
2,3,24
22,1,22
32,2,32
34,1,52
11,5,54
28,1,43
6,6,36
29,3,41
37,1,30
6,8,54
38,0,36
33,1,28
27,2,28
5,1,17
0,3,27
8,6,29
21,4,32
16,3,50
0,6,39
10,6,35
27,0,43
32,0,51
24,3,40
5,0,21
8,2,26
1,6,40
16,5,43
26,4,58
40,1,34
9,6,51
4,10,61
23,2,41
20,5,41
6,9,62
31,0,41
12,6,58
16,5,42
11,6,37
19,3,53
0,10,59
4,9,55
5,9,61
29,2,40
28,2,32
33,0,27
21,4,36
12,6,40
43,0,34
48,0,55
1,1,22
34,1,31
25,3,53
17,4,50
25,5,61
35,2,58
21,4,43
31,3,40
23,1,46
15,5,34
5,9,60
8,6,58
8,4,27
5,9,63
14,7,61
31,2,54
1,2,23
45,0,56
23,1,22
20,2,52
0,10,57
7,6,44
14,5,54
34,2,60
8,6,57
1,10,63
19,7,63
6,4,27
33,0,39
30,2,36
23,5,59
19,5,35
16,5,50
10,6,32
16,4,44
29,0,50
16,5,41
6,7,60
30,3,57
14,5,52
31,1,36
21,5,33
0,6,42
36,1,33
24,2,52
16,7,34
36,2,60
18,3,27
12,5,29
20,3,44
10,7,46
2,5,37
28,4,61
44,0,35
21,4,39
12,5,36
14,5,50
21,6,63
18,3,49
15,5,32
23,3,27
9,3,26
8,6,36
21,3,45
46,0,52
3,5,33
1,6,28
37,0,35
32,0,42
14,1,26
25,3,34
33,0,37
1,5,33
17,5,36
5,6,35
26,0,21
17,5,58
14,5,49
23,2,43
23,4,38
19,2,25
23,2,45
7,2,24
4,6,38
8,0,23
13,7,61
1,1,19
33,1,42
14,7,51
4,2,23
28,3,30
42,1,56
24,4,37
9,6,49
28,1,41
20,2,50
14,5,57
20,2,49
28,2,36
27,2,43
23,0,21
37,3,63
30,2,52
10,6,59
33,1,30
25,1,43
11,2,27
2,7,44
11,6,56
27,3,27
27,0,45
12,6,42
13,5,38
14,9,63
42,2,60
4,5,35
16,1,25
17,6,36
37,0,27
8,3,26
40,1,56
31,0,49
37,0,53
0,5,34
9,1,23
1,6,33
15,4,51
42,1,60
19,6,60
17,4,46
4,0,20
6,8,58
6,4,28
31,3,59
28,2,52
4,1,21
13,5,29
19,3,27
33,0,52
31,1,34
33,1,56
39,0,30
9,6,37
4,7,43
46,0,54
3,5,32
4,8,57
20,3,43
29,1,25
27,1,52
16,6,37
24,4,32
8,6,42
12,6,34
10,5,31
38,1,56
24,3,38
9,7,48
6,8,50
21,2,53
24,4,27
13,5,58
6,7,43
34,0,36
13,5,50
10,7,61
26,2,52
38,1,31
50,0,63
12,5,50
22,5,33
24,5,60
10,7,63
0,11,61
24,4,56
3,8,47
15,6,60
15,7,35
18,6,37
20,5,58
21,1,25
17,5,41
3,2,22
3,9,62
16,5,31
38,1,34
2,2,20
23,1,24
20,4,57
28,5,61
13,6,42
31,0,47
3,1,22
35,0,41
0,6,41
27,3,30
13,6,58
5,5,31
31,4,62
12,5,46
35,1,55
28,0,44
3,9,63
32,2,35
14,6,30
17,1,25
6,7,47
32,0,48
14,5,36
28,2,51
9,6,60
43,1,57
1,10,55
5,1,23
16,5,38
15,7,34
15,3,28
1,8,49
27,0,49
26,1,52
34,0,40
36,1,30
28,2,31
42,1,55
31,2,30
24,6,62
45,0,53
22,4,57
4,8,52
3,1,21
32,3,63
25,0,21
25,4,34
35,2,62
6,6,34
22,3,42
0,6,40
15,5,30
12,8,63
11,5,58
9,7,57
12,6,55
37,2,59
49,0,59
6,7,33
22,4,38
13,5,46
18,5,37
36,2,35
5,6,43
31,2,33
29,5,63
42,2,59
5,7,43
19,5,30
33,1,38
47,1,59
24,3,54
17,5,44
5,0,22
26,4,60
0,7,44
29,1,40
32,1,36
29,1,51
8,6,47
34,1,33
21,3,43
26,2,40
37,0,34
15,5,33
46,0,57
19,0,22
9,5,29
49,0,56
41,1,37
7,8,53
2,6,38
27,2,25
30,2,37
20,4,56
18,1,24
25,4,57
27,1,47
11,6,31
14,2,27
28,3,32
15,6,59
9,7,56
1,6,29
30,1,37
4,0,19
11,3,28
23,3,38
5,0,20
1,7,35
29,1,26
11,1,24
26,4,57
5,6,33
30,3,58
24,0,22
4,0,17
10,5,27
33,0,43
2,5,32
29,3,40
3,9,61
21,4,57
19,4,44
19,4,55
24,4,30
26,3,35
44,2,63
1,8,48
17,3,51
26,4,32
27,4,41
20,4,55
32,2,34
23,3,55
3,7,44
17,6,42
0,7,43
18,4,47
49,1,61
12,6,50
6,1,23
17,3,50
1,5,34
35,0,54
16,3,51
0,11,60
12,0,24
5,5,32
35,0,36
32,0,47
5,7,50
33,3,63
14,4,29
26,1,43
23,6,61
25,1,46
30,3,56
27,4,58
19,2,50
22,1,24
13,3,27
42,1,37
24,2,45
7,7,52
16,5,34
9,4,28
4,8,50
53,0,62
7,1,23
5,9,56
26,2,44
23,4,55
2,10,58
3,5,31
3,4,24
11,6,50
13,5,37
20,5,57
15,7,61
30,2,33
3,4,28
9,7,54
36,2,59
4,8,60
26,3,40
39,2,61
28,0,25
20,4,41
32,1,34
15,0,23
34,1,53
16,2,26
22,1,23
3,7,43
42,0,35
13,6,43
15,6,44
31,1,29
47,1,63
0,9,52
4,8,58
13,2,27
31,2,31
24,1,44
17,5,32
4,7,42
30,1,27
16,6,59
29,0,45
31,1,40
28,0,24
26,3,32
4,7,47
29,2,30
12,6,61
26,3,57
13,6,35
17,5,39
7,7,42
7,7,61
30,0,50
7,5,30
9,6,30
17,6,37
37,0,28
13,5,34
33,2,55
25,4,39
12,5,58
16,6,34
26,3,41
30,2,57
0,1,19
41,0,52
3,8,51
26,2,51
0,1,21
25,2,43
21,2,25
23,4,57
15,5,38
18,5,43
8,8,61
34,1,57
0,1,23
13,6,33
18,4,29
19,3,43
21,2,46
6,6,30
13,5,54
15,6,33
30,5,63
5,9,55
0,0,20
22,4,33
22,4,55
9,7,52
0,2,23
15,7,63
27,1,44
20,0,24
1,3,27
36,3,62
10,6,37
31,3,41
16,1,26
8,0,22
9,7,58
20,4,42
16,4,53
36,3,36
30,3,60
0,4,24
4,1,20
39,1,55
19,4,43
4,10,63
10,1,25
5,8,51
31,3,57
38,0,34
31,2,53
46,1,58
32,3,34
40,2,62
1,7,43
7,6,39
16,6,40
12,5,49
33,1,33
1,10,59
53,0,60
2,10,56
26,2,42
25,3,56
0,7,46
35,1,34
0,5,30
3,5,29
18,4,57
42,0,52
24,2,44
2,5,35
32,1,40
0,7,41
27,2,53
19,6,35
28,2,53
3,5,27
12,0,23
29,2,31
8,7,46
4,2,21
14,6,53
35,1,57
24,4,41
7,8,60
17,4,44
41,2,62
41,1,55
6,0,22
24,1,48
40,0,34
32,1,54
8,7,58
41,0,33
7,7,51
29,3,56
15,4,55
29,2,54
11,6,58
31,2,34
4,7,44
16,5,44
28,1,50
9,1,24
35,1,56
5,7,47
22,5,34
19,3,44
44,2,62
34,2,30
3,9,58
25,3,25
1,5,36
50,0,55
16,6,31
12,6,33
32,0,52
21,4,33
14,6,31
23,3,36
10,7,53
7,5,29
9,6,58
27,2,41
36,0,36
22,4,29
27,1,41
1,3,23
35,0,27
10,6,38
35,1,31
23,3,41
13,5,30
25,6,62
44,1,58
5,7,42
8,6,31
21,2,44
22,4,58
3,4,25
30,0,47
29,3,59
0,0,19
13,6,44
23,4,29
5,4,25
0,5,28
29,3,60
26,2,53
38,0,32
5,7,45
16,0,23
30,1,28
0,8,47
2,1,18
42,0,34
23,1,45
18,5,44
30,2,34
20,6,63
9,6,50
11,6,47
17,5,31
15,5,52
1,6,38
2,10,60
1,5,28
9,6,54
32,1,43
7,2,25
12,7,62
2,5,36
31,1,54
10,6,53
21,4,34
1,5,35
25,0,22
22,4,39
38,0,31
3,0,19
19,5,36
21,5,28
19,4,41
21,4,28
22,3,27
41,0,35
13,5,57
14,5,30
5,5,34
20,5,33
25,2,25
3,6,37
9,7,45
31,0,48
31,0,45
30,4,61
6,8,57
19,5,40
2,6,35
32,1,52
4,5,27
41,0,53
18,2,26
18,4,55
2,10,57
20,6,61
1,4,31
20,4,27
31,1,35
18,6,61
7,0,22
21,4,40
18,4,38
23,4,37
13,4,28
1,6,37
4,8,44
31,0,46
29,3,33
38,0,50
18,3,54
31,2,35
31,3,39
17,5,33
33,0,49
8,7,33
7,4,26
21,5,57
23,3,52
42,1,58
17,5,57
27,1,48
8,6,43
12,6,53
36,1,56
30,1,42
5,5,27
21,7,63
11,7,46
6,6,44
3,7,31
15,5,36
21,3,40
3,8,45
22,2,46
30,0,49
9,7,46
9,8,63
32,0,28
22,3,41
0,10,55
20,3,55
42,2,58
36,1,37
4,6,31
5,8,59
7,4,27
5,8,62
11,6,55
14,6,34
41,1,36
2,9,61
8,5,27
1,2,20
45,1,61
40,2,61
26,3,34
5,8,43
7,7,45
14,4,53
4,9,54
15,4,46
24,2,23
3,9,53
16,4,30
11,6,51
11,6,53
3,6,41
22,5,36
10,3,26
49,0,61
25,3,27
52,0,59
23,4,35
16,5,45
14,5,56
14,5,45
8,1,23
39,1,58
37,0,39
41,3,63
28,4,57
22,4,42
3,9,51
21,3,54
5,6,34
31,1,28
13,6,46
1,7,44
6,6,35
21,5,32
35,2,59
21,2,49
6,7,59
5,2,23
15,5,40
10,8,63
29,2,37
36,0,54
19,0,23
25,4,31
13,9,63
7,6,29
2,4,26
35,3,35
5,6,31
32,0,50
1,5,37
0,11,63
51,0,59
22,3,50
37,2,62
26,2,36
36,0,50
2,11,62
26,1,46
22,3,39
8,6,30
26,3,55
2,10,63
33,1,31
33,2,31
19,4,40
33,2,33
2,8,49
8,8,54
38,2,61
26,1,44
12,6,45
29,2,36
16,4,47
24,1,23
10,6,51
3,9,59
11,0,23
32,2,30
7,7,56
10,6,47
45,1,62
20,7,34
11,6,60
33,1,34
36,0,39
30,1,43
29,0,49
35,0,37
28,1,24
27,3,32
9,4,27
6,6,33
21,6,60
12,5,53
0,9,51
30,0,51
7,6,45
30,2,41
8,7,60
0,5,33
15,4,30
18,4,28
50,0,59
20,4,38
5,6,42
14,6,61
43,1,36
12,5,51
21,4,37
31,2,58
27,4,61
11,6,59
15,8,63
50,1,59
14,6,42
8,8,62
