24,5,28
27,16,41
28,7,32
49,15,23
21,7,41
33,23,39
36,12,36
46,17,31
19,2,41
23,18,50
19,1,37
47,16,29
46,16,31
46,9,29
33,10,35
21,8,45
18,7,47
16,6,47
12,0,47
10,5,62
19,10,62
19,8,54
21,15,57
30,23,43
21,2,39
27,18,43
38,20,36
20,10,56
36,0,24
41,8,34
39,8,34
21,17,62
42,3,26
20,14,62
29,20,43
10,4,60
27,17,42
25,7,35
23,5,36
21,0,33
22,21,55
13,1,50
43,7,31
43,14,33
30,22,43
27,12,38
48,14,25
27,22,47
38,22,36
16,4,54
26,5,27
18,6,44
22,20,62
24,6,36
41,6,20
16,6,49
22,1,29
35,16,36
24,4,26
26,7,35
29,1,29
23,18,58
49,17,25
14,0,46
42,4,19
16,6,51
44,16,32
38,0,21
17,7,56
41,2,24
26,10,41
34,22,37
24,5,33
39,11,36
24,23,50
22,23,59
24,12,45
21,3,41
49,9,23
45,11,31
47,8,23
19,8,52
26,11,40
27,12,37
23,23,59
24,8,40
25,10,40
20,13,52
49,11,23
26,8,36
31,20,37
41,7,33
37,23,37
48,17,26
17,1,44
20,14,58
37,19,37
26,10,39
24,7,40
12,4,58
17,8,59
32,22,39
20,15,60
31,18,38
14,2,50
20,5,40
30,15,34
41,2,21
45,8,28
29,16,38
40,3,26
16,0,42
40,2,25
20,13,61
22,23,62
41,4,29
24,5,31
46,7,24
18,10,63
23,15,47
48,17,27
45,17,33
17,8,62
17,0,41
40,2,27
7,0,58
44,14,33
22,15,47
18,1,38
37,6,33
12,3,55
23,23,53
18,7,49
16,5,50
27,11,39
15,3,51
20,12,54
32,6,33
18,10,50
37,1,27
20,14,52
31,7,33
32,8,34
29,17,39
26,6,27
44,5,20
23,0,27
16,8,61
34,5,32
32,10,35
37,1,25
25,16,46
49,9,21
42,20,34
41,15,34
40,23,35
22,23,53
43,23,32
10,1,56
21,16,59
28,6,29
43,14,34
23,20,58
27,20,45
13,6,61
39,1,19
27,15,38
27,19,44
22,12,46
13,5,59
24,14,45
23,16,47
19,11,61
38,2,27
26,8,31
22,1,31
23,23,54
43,4,17
5,0,61
19,11,49
45,15,31
29,4,29
43,7,29
23,7,43
30,23,45
20,8,47
14,4,57
19,9,49
20,2,42
20,14,61
47,7,20
24,3,31
24,18,47
31,5,31
27,3,28
30,16,35
21,17,54
42,3,22
16,3,47
16,6,46
14,0,44
44,8,30
22,17,55
24,13,45
48,15,24
18,6,55
45,16,31
27,8,32
45,9,29
41,2,18
25,19,47
42,4,28
19,0,35
24,19,49
45,7,25
46,7,19
12,5,58
22,14,47
17,1,43
16,2,46
6,1,59
8,2,59
26,3,28
22,2,37
13,4,55
12,5,61
21,15,49
25,20,46
28,18,43
30,5,31
18,8,51
11,3,55
41,7,31
24,21,49
28,10,33
18,4,44
45,11,29
18,8,50
47,13,28
20,8,48
39,10,35
32,22,38
18,11,63
18,9,63
25,7,31
20,2,39
10,3,60
22,17,56
31,10,34
36,0,23
24,15,44
22,17,51
17,6,53
29,2,29
30,17,38
25,3,31
29,19,42
12,2,55
45,5,18
19,9,58
26,19,46
41,3,28
37,16,36
37,3,30
44,18,33
39,21,36
18,13,63
33,0,27
21,16,61
44,4,18
12,6,62
44,17,33
8,1,58
25,6,34
23,22,59
24,4,31
26,1,28
48,15,26
27,13,39
19,15,63
39,3,29
33,1,27
20,10,55
26,0,27
24,6,30
5,1,60
20,11,53
14,2,52
13,6,62
23,3,36
33,9,35
41,2,20
40,7,34
20,0,35
7,2,63
33,11,35
24,3,26
22,17,57
37,18,37
35,3,30
19,8,55
16,6,54
28,21,43
36,22,37
19,13,52
47,16,28
10,4,63
29,7,30
32,1,29
40,4,20
24,17,46
41,3,22
21,14,48
11,6,63
37,1,26
33,7,34
17,6,56
25,7,28
18,5,44
17,6,57
11,1,55
34,6,32
39,1,26
40,8,34
27,2,28
43,11,32
33,11,36
33,6,31
32,15,36
47,10,28
39,3,30
48,12,27
34,1,26
41,3,29
30,17,35
13,0,47
20,9,54
28,16,35
26,16,39
33,1,28
46,7,26
22,21,61
41,3,17
17,9,50
14,5,58
21,0,30
43,12,33
27,1,28
39,16,36
28,21,45
16,6,58
22,22,61
31,22,41
25,10,42
27,5,28
23,1,31
11,4,61
21,7,43
29,10,33
43,6,28
26,16,40
22,20,54
41,7,32
23,2,32
12,1,52
33,16,37
44,13,32
17,9,61
24,1,26
20,12,62
23,21,58
21,18,63
24,3,29
22,21,60
32,9,34
9,1,55
19,2,40
20,15,56
18,9,62
14,5,59
24,7,37
22,1,32
16,8,62
15,2,47
9,3,63
31,16,34
23,12,46
27,16,39
28,15,37
45,7,24
39,18,36
21,1,35
17,9,63
22,3,36
20,1,37
36,6,32
36,6,33
38,23,36
44,5,18
21,21,63
19,13,61
26,8,34
33,8,34
38,12,36
12,2,52
47,13,27
39,4,29
24,0,27
31,14,34
27,8,31
9,4,63
26,18,46
26,21,46
5,1,62
46,6,22
29,12,33
48,10,24
24,6,27
26,6,28
24,2,26
7,1,58
40,10,35
47,7,21
27,15,35
17,5,51
24,12,43
26,19,45
20,0,33
19,13,53
42,15,34
37,2,28
10,2,58
23,5,37
45,6,20
20,14,60
24,7,39
21,19,61
22,2,33
22,10,45
17,3,45
39,1,20
29,18,42
27,23,48
11,2,55
26,7,28
44,7,29
25,12,42
19,14,56
21,13,48
22,9,44
27,15,39
34,0,26
25,20,48
32,17,37
23,12,45
21,9,46
29,8,33
28,11,34
29,18,39
18,3,44
28,16,36
11,3,57
28,19,44
23,0,25
32,6,31
32,23,41
26,17,44
25,4,33
15,0,41
37,21,36
30,8,33
48,15,23
43,4,26
43,22,32
44,10,32
24,6,35
18,0,38
18,8,61
25,8,39
11,3,58
30,5,29
20,16,56
24,6,29
30,22,42
30,0,27
29,17,37
24,13,44
42,7,29
43,4,21
26,8,30
21,12,58
28,9,30
14,5,57
42,4,23
24,3,33
22,22,63
20,8,45
29,5,30
41,16,36
19,5,43
21,13,57
8,1,56
48,11,24
24,5,29
48,14,23
24,0,26
19,10,61
5,1,63
39,17,37
45,6,23
30,21,42
32,16,36
43,10,32
31,6,32
41,15,35
22,7,41
19,11,50
25,16,42
26,11,39
26,15,39
14,6,58
49,11,24
23,10,43
31,18,39
24,5,27
22,0,28
25,19,48
26,22,48
27,17,40
19,2,43
12,5,59
31,21,39
21,5,39
40,8,35
9,1,58
23,6,39
26,11,42
18,7,51
12,5,60
14,3,55
24,16,48
43,8,33
35,11,36
22,4,38
17,2,45
21,10,48
16,4,47
19,9,56
23,13,46
39,17,36
6,1,62
16,4,52
21,1,36
3,0,62
29,20,41
21,21,61
28,9,31
10,3,58
27,6,29
21,16,51
15,6,59
10,0,51
19,15,61
42,8,33
21,18,61
38,1,24
23,1,30
48,9,22
31,5,30
48,14,26
49,8,21
35,7,33
41,3,21
24,11,44
29,16,36
13,2,54
19,4,44
32,7,34
22,16,48
38,1,22
47,10,27
42,4,21
19,9,57
26,17,42
28,18,42
24,4,30
34,15,36
49,9,22
17,6,54
18,8,58
26,12,42
28,12,33
34,10,35
24,8,41
6,2,62
16,6,53
8,3,62
26,18,45
40,1,20
22,14,46
23,2,33
14,6,61
15,2,49
21,0,34
23,0,26
18,7,53
29,23,45
39,6,31
25,6,30
19,12,50
19,10,53
24,15,45
12,1,53
29,17,40
23,2,34
49,14,22
42,21,35
17,9,49
21,1,32
14,0,42
35,22,37
40,15,36
22,16,57
22,10,46
44,5,17
21,11,47
12,4,60
30,6,30
20,13,49
25,11,42
34,5,31
28,8,32
42,4,27
25,6,32
28,15,36
24,7,36
24,2,31
23,22,50
43,13,32
20,11,56
30,14,34
24,3,32
41,3,18
27,19,45
3,0,61
29,21,42
30,7,31
19,14,54
17,6,52
16,6,45
26,9,38
36,0,26
21,17,63
45,5,20
12,0,50
43,4,20
20,9,56
27,9,33
19,5,44
30,7,33
28,15,35
21,5,40
22,18,56
23,20,59
23,4,35
37,0,17
38,11,36
7,0,55
18,12,63
46,11,28
25,7,37
19,9,52
31,2,30
23,11,45
30,20,41
27,9,37
14,4,53
28,20,44
25,19,46
47,14,28
10,1,54
42,4,18
24,20,50
14,1,46
47,15,27
27,11,37
21,15,60
18,9,49
16,8,60
12,2,53
23,7,38
16,5,52
22,22,56
31,21,38
9,2,56
35,0,24
31,19,40
19,11,52
43,19,35
13,2,50
24,3,30
32,11,35
22,2,35
19,12,52
32,21,37
24,8,42
23,17,49
7,3,63
18,9,50
13,4,58
28,15,34
42,12,33
43,4,23
30,7,32
31,19,38
45,19,32
45,8,30
25,7,33
36,17,37
40,3,27
39,1,18
28,7,31
11,4,60
16,6,57
43,18,34
27,15,36
16,5,47
45,7,28
19,8,51
23,14,46
25,5,26
20,16,62
46,6,21
26,22,46
15,3,49
17,7,48
28,5,29
43,8,32
17,4,44
12,4,59
16,0,40
39,1,17
46,13,30
21,10,47
25,17,46
16,5,55
39,1,23
17,6,49
18,7,48
25,10,39
38,1,20
21,22,60
33,2,30
33,23,38
20,15,53
13,1,48
46,16,30
39,2,26
47,12,28
27,0,27
23,17,58
31,15,34
29,14,34
47,16,26
24,16,45
49,10,23
34,4,30
34,20,37
19,9,46
20,10,52
36,5,32
49,10,24
12,6,63
10,4,61
22,21,51
46,12,28
18,8,59
49,10,22
23,9,43
23,14,47
16,6,55
40,1,17
24,21,50
28,19,42
42,4,22
40,22,35
26,9,29
30,21,41
27,23,47
25,17,47
18,5,45
19,2,39
10,1,55
20,12,60
24,8,39
36,10,35
15,3,52
38,9,35
42,13,34
30,1,29
15,1,44
39,1,22
12,0,49
18,7,45
9,3,59
5,1,61
8,4,63
13,6,60
27,14,38
21,16,50
25,16,45
7,3,62
26,6,29
24,2,30
22,20,56
19,12,54
47,7,18
20,10,59
42,5,27
24,6,28
27,14,35
4,0,59
19,14,62
17,6,55
27,11,36
19,12,63
46,15,29
24,5,35
8,2,62
26,4,27
28,10,34
18,9,60
19,8,56
28,5,28
34,1,28
22,2,38
10,4,59
43,5,24
24,5,26
25,0,27
21,4,41
20,16,63
26,4,28
35,21,37
47,11,26
17,7,51
40,4,30
44,20,33
45,6,25
35,18,37
27,14,37
21,16,54
29,23,43
26,15,40
22,23,54
32,7,33
28,20,43
26,9,37
17,7,49
26,8,38
24,7,41
24,1,27
42,16,34
41,3,23
15,8,62
48,14,24
14,1,47
22,20,57
48,15,25
34,17,37
44,15,33
20,14,51
29,6,29
2,0,63
30,18,41
11,1,52
36,8,35
45,5,22
26,10,38
28,13,33
31,23,42
30,2,29
16,5,48
20,14,59
28,14,34
18,7,46
37,7,33
32,15,35
20,3,41
19,10,59
20,4,40
19,13,55
38,0,18
16,9,63
20,5,42
35,2,29
18,0,39
40,16,36
37,23,36
16,2,48
36,16,36
11,1,51
20,0,32
15,4,55
48,8,22
24,2,27
29,12,34
25,7,38
24,10,43
12,0,46
39,5,30
12,5,62
30,18,37
35,15,36
31,22,38
26,5,28
19,13,50
17,5,48
37,5,31
22,20,59
37,4,31
8,0,53
19,2,42
38,15,35
8,2,61
10,2,59
41,3,25
46,8,28
26,11,41
40,1,21
48,13,26
19,15,62
37,16,37
25,13,42
45,8,27
13,0,43
35,12,36
43,9,33
45,9,30
33,20,37
21,0,28
27,7,30
34,2,30
40,2,18
41,12,35
40,1,22
17,1,41
23,23,57
9,1,54
42,10,33
20,13,57
31,1,29
15,3,50
33,5,31
27,13,38
12,1,51
38,0,17
26,7,32
31,7,32
22,22,60
34,7,34
40,7,32
25,5,34
21,20,60
45,6,21
21,12,49
38,6,32
16,3,50
22,16,49
21,3,38
37,2,27
43,20,34
30,1,28
23,23,55
28,0,28
28,17,42
24,5,32
15,4,52
20,14,49
23,19,51
27,9,34
24,1,25
12,3,57
20,0,34
19,13,60
45,11,30
31,23,40
7,1,59
45,7,27
47,8,22
9,0,54
43,6,27
27,13,37
28,14,37
19,3,44
21,15,51
37,0,23
22,19,52
45,12,31
46,14,29
24,2,32
16,6,59
20,9,48
19,11,63
17,6,47
42,3,21
20,14,56
24,10,40
34,21,37
39,13,35
28,15,38
20,16,53
20,11,48
25,8,38
32,5,31
10,1,53
26,17,45
6,3,63
27,10,33
36,18,37
20,9,59
20,2,37
42,6,30
13,3,54
22,22,55
13,5,57
32,5,30
22,18,52
21,2,37
25,21,48
47,16,27
6,0,59
28,14,35
24,7,38
25,7,36
19,15,54
49,8,17
30,16,36
40,1,19
19,15,56
27,18,42
29,0,27
15,7,59
18,8,57
23,2,30
22,21,52
49,15,22
22,5,39
13,2,53
24,11,43
39,7,34
27,17,44
26,8,29
31,23,41
38,1,25
41,3,19
23,3,27
17,4,49
24,4,32
15,7,62
21,1,37
15,2,45
20,13,58
44,15,32
47,8,27
21,2,36
44,7,26
23,5,39
49,8,18
22,23,60
48,8,17
47,12,27
16,4,46
18,1,40
17,4,46
19,8,53
24,3,36
32,23,38
20,12,49
19,10,63
22,11,47
21,13,49
19,12,53
22,0,29
27,10,36
17,1,40
45,16,32
45,10,30
20,15,55
27,22,46
27,7,29
38,1,21
10,0,53
24,16,44
20,11,59
25,3,34
25,7,29
40,3,20
41,6,31
17,5,44
37,10,35
36,13,36
24,3,28
44,13,31
39,6,33
40,20,36
47,8,21
22,11,48
27,9,38
16,5,51
32,1,27
18,6,46
33,8,35
31,20,40
42,19,35
18,7,55
21,18,54
19,9,61
18,7,50
26,7,37
22,3,39
29,13,34
39,2,28
29,6,30
24,6,31
33,7,33
19,14,53
19,9,59
25,10,41
22,16,59
45,5,21
8,1,57
31,0,27
23,7,42
27,5,29
25,16,43
41,5,29
48,8,24
21,13,58
19,6,43
14,5,56
16,5,46
45,13,30
18,2,41
46,10,29
42,11,33
19,9,62
41,22,35
22,20,61
33,4,31
26,13,41
25,23,49
23,9,44
31,1,28
24,16,47
23,6,37
26,8,37
30,10,34
25,4,34
27,13,36
41,6,30
26,9,35
16,5,53
16,1,45
40,3,29
40,4,29
24,19,50
44,8,28
20,12,57
23,11,44
30,11,33
19,11,62
26,18,44
37,17,37
34,11,36
20,10,49
30,21,43
41,6,19
23,7,39
21,1,33
21,9,45
22,0,30
27,20,44
48,7,17
33,14,35
19,7,44
46,7,17
28,10,32
20,14,53
48,11,26
20,11,54
19,7,53
27,4,28
22,9,45
32,3,30
27,10,34
42,3,23
41,5,20
38,0,24
16,0,39
13,6,63
36,11,36
17,9,62
38,13,35
15,7,63
25,15,44
23,19,59
22,18,54
10,0,50
28,17,41
19,10,49
41,5,30
29,16,35
21,1,30
27,9,32
34,9,35
20,13,50
30,18,40
40,6,31
22,21,54
18,1,41
28,22,45
21,12,48
18,7,56
49,8,20
43,19,34
16,6,56
48,9,23
40,2,26
29,5,29
13,5,61
22,15,50
45,6,19
31,21,40
22,5,38
9,0,53
21,19,60
41,3,24
23,22,57
14,1,48
26,0,26
25,9,40
38,16,35
48,8,20
26,10,40
48,13,27
29,0,28
20,4,43
31,16,36
24,23,49
42,3,19
21,14,49
16,7,58
24,14,44
48,7,18
30,18,36
28,4,28
38,14,35
36,2,27
34,6,33
40,2,19
34,1,27
24,4,34
23,23,51
46,7,18
24,10,41
33,21,37
40,7,31
22,2,30
20,16,61
22,20,55
23,23,52
24,3,35
19,1,40
22,6,41
11,5,63
16,3,46
21,15,58
41,6,29
43,7,30
14,4,54
47,15,28
43,14,32
47,7,22
49,16,23
22,17,59
31,4,30
42,14,34
9,2,60
22,19,54
40,13,35
17,7,60
37,0,19
22,0,31
23,0,29
26,1,27
43,20,33
30,19,40
36,16,37
42,8,31
21,6,43
9,3,61
22,23,61
15,1,45
41,4,28
19,1,36
23,21,59
48,16,25
29,17,36
40,2,22
29,16,37
23,18,59
44,5,21
21,7,45
25,6,28
30,4,29
47,8,25
19,13,62
26,9,30
22,4,39
13,0,48
20,16,54
48,8,18
23,3,34
25,5,33
40,2,21
19,7,45
28,18,44
44,14,31
14,0,45
14,1,45
15,5,54
29,14,33
7,0,57
32,16,35
25,23,48
19,0,33
25,9,38
31,22,40
26,12,41
30,20,42
35,0,25
22,18,55
35,10,36
22,5,37
20,11,57
38,6,33
46,10,28
32,17,36
20,10,58
26,22,47
21,10,46
47,9,25
22,18,60
23,21,57
21,19,63
23,0,28
22,15,58
46,7,23
44,8,31
49,16,22
23,8,42
39,4,30
22,6,40
20,3,40
13,0,46
24,17,48
22,22,53
24,13,43
21,18,62
24,4,33
36,4,31
7,2,60
25,11,43
35,17,37
28,19,43
42,3,17
20,15,61
22,2,34
48,9,24
31,20,41
22,2,29
23,21,56
31,19,37
20,16,60
27,9,36
47,9,26
34,4,31
22,16,56
19,7,54
11,3,59
31,9,34
20,16,55
24,22,50
25,21,47
15,6,58
18,2,44
23,7,41
19,7,55
45,5,17
23,1,26
33,3,30
23,22,51
45,17,32
11,2,56
24,22,49
43,8,30
27,21,45
36,2,28
46,17,32
25,5,32
44,7,28
31,20,39
30,5,30
11,1,50
32,22,40
39,11,35
39,0,18
22,17,61
19,10,52
34,14,36
27,18,45
17,4,45
24,16,43
14,3,52
23,11,46
20,0,36
32,10,34
11,4,62
21,17,55
25,3,26
41,11,34
25,6,27
16,2,47
43,5,27
21,0,32
19,10,50
37,0,22
28,18,41
40,6,32
28,1,29
21,11,48
22,20,53
12,1,50
15,4,51
28,13,35
12,4,56
33,19,37
24,5,30
15,4,53
18,6,47
23,4,37
12,0,48
23,19,58
22,20,51
20,8,46
5,0,59
25,6,31
22,1,30
22,1,35
33,5,32
38,0,23
20,14,57
38,3,30
42,16,35
43,4,24
22,19,57
27,16,38
20,14,55
19,9,47
36,0,17
19,10,51
39,0,19
36,1,26
13,5,58
23,22,55
24,20,49
18,3,45
44,7,27
27,10,37
20,11,60
19,7,56
19,0,34
11,2,57
43,15,33
43,8,31
19,7,47
41,7,20
10,3,61
34,8,34
45,8,31
40,20,35
24,2,28
16,6,48
33,15,35
25,2,26
33,1,29
39,23,36
30,14,33
46,8,25
39,10,36
37,10,36
44,12,31
41,7,30
20,7,46
33,17,37
26,8,33
9,3,62
6,2,61
25,7,39
17,6,48
31,18,37
25,16,41
41,2,19
43,16,34
47,8,26
43,4,18
16,4,50
25,18,46
44,6,26
41,10,34
16,4,48
42,5,26
21,17,53
39,15,35
45,14,31
18,7,57
37,2,29
22,16,60
20,3,42
41,8,35
32,4,30
22,19,60
20,1,34
43,5,23
39,1,25
40,19,35
21,16,55
11,1,54
22,18,61
44,6,27
29,22,43
46,7,22
35,5,31
40,5,31
21,20,63
28,0,27
13,3,55
31,22,39
48,10,25
33,5,30
16,5,54
38,3,29
29,7,33
11,3,56
44,5,19
22,7,44
42,5,28
23,16,48
10,4,62
25,14,44
25,6,29
13,7,63
47,15,26
42,10,34
22,7,43
31,2,29
17,1,42
16,7,60
21,1,34
19,12,62
19,14,60
17,6,46
40,6,30
10,1,52
20,15,57
35,5,32
32,18,37
12,3,56
23,16,50
23,15,46
33,2,29
15,7,61
35,2,28
16,5,56
38,0,22
23,3,37
23,2,36
43,6,26
36,15,36
45,6,22
46,13,29
23,7,40
8,3,61
14,4,56
26,13,40
43,13,33
15,0,44
12,3,58
22,21,53
24,9,39
44,6,23
27,8,33
25,16,44
26,20,45
45,8,29
7,1,60
30,19,41
38,5,31
14,1,49
22,21,63
23,9,42
42,7,31
35,1,28
22,22,52
43,15,34
22,22,59
35,10,35
43,11,33
22,1,34
19,15,53
24,3,34
15,1,46
24,2,25
41,2,25
6,0,57
22,17,60
18,9,51
30,6,32
26,16,43
22,2,36
4,0,63
27,10,35
22,18,63
20,7,44
29,23,46
12,2,54
16,3,44
7,1,57
16,7,62
27,20,46
26,7,36
22,21,59
44,4,20
37,15,36
22,3,37
15,1,48
36,6,31
29,7,31
19,12,60
30,8,34
47,15,29
46,8,29
29,1,28
31,17,36
19,7,48
27,7,32
11,5,61
22,20,52
47,7,17
41,19,35
42,3,28
42,3,18
21,16,52
20,9,57
15,1,47
23,1,32
16,5,49
23,5,38
44,5,24
28,23,45
46,13,28
37,0,21
13,0,45
37,0,20
14,2,49
17,8,60
40,1,18
47,7,23
27,8,30
43,16,33
20,9,55
28,23,46
37,3,29
20,11,55
39,7,33
37,8,34
41,3,27
16,1,44
33,0,25
25,6,33
26,23,47
41,5,21
26,6,34
34,2,29
23,10,45
27,16,40
33,14,36
41,20,35
7,0,56
15,2,48
26,9,34
25,14,43
20,1,38
44,12,32
19,11,53
36,20,37
11,0,49
15,5,57
8,2,60
40,12,35
23,14,45
37,12,36
36,1,25
41,17,35
45,15,32
4,1,61
33,9,34
25,1,26
29,9,32
49,17,24
37,1,24
28,17,39
20,12,58
20,13,62
41,10,35
38,14,36
26,16,44
12,1,48
19,13,51
39,1,24
40,2,23
23,22,56
18,10,62
20,14,63
22,15,48
20,4,42
35,8,34
22,21,56
4,0,62
24,4,29
23,20,51
40,7,33
12,3,54
46,7,21
42,4,24
15,1,43
19,4,43
17,5,52
20,14,50
13,0,44
38,10,36
19,1,38
45,13,31
27,8,34
11,2,53
42,3,25
36,0,25
13,3,53
23,1,28
25,5,27
34,3,30
23,1,33
32,21,38
20,10,54
5,2,62
6,1,61
15,0,42
26,4,26
19,8,58
22,8,45
39,14,35
41,4,20
20,7,45
29,17,38
20,1,36
29,16,34
41,8,33
24,9,40
21,8,44
22,22,54
20,10,48
20,6,44
24,1,28
25,18,47
23,15,48
19,8,46
20,7,43
21,16,57
28,11,33
24,10,42
16,2,44
16,4,53
21,6,39
24,2,29
41,14,35
37,9,35
22,20,60
14,5,60
11,2,54
48,9,25
15,6,57
26,7,29
33,6,32
26,14,39
22,16,52
23,17,51
23,16,58
31,21,41
27,6,28
47,11,27
19,8,59
21,15,52
36,23,37
38,1,23
41,23,35
16,1,43
41,18,35
19,0,36
26,13,42
48,8,23
20,15,50
48,17,25
16,1,42
34,16,36
22,19,55
24,0,25
18,2,42
44,6,24
15,3,53
49,8,19
24,12,44
41,5,28
23,17,50
42,4,26
37,0,25
38,2,26
48,16,23
21,19,62
30,23,42
38,8,34
44,6,25
28,20,45
21,15,56
43,17,34
36,3,29
31,20,38
33,4,30
18,6,53
18,7,54
16,3,45
26,23,48
43,5,26
38,0,20
28,10,35
43,22,34
15,5,56
9,2,57
18,6,52
21,4,42
46,6,20
22,3,38
27,21,46
9,1,57
42,6,28
32,0,27
17,7,57
25,9,39
44,7,30
8,0,57
35,9,35
43,17,33
35,3,29
27,9,30
42,17,35
45,14,30
19,8,57
20,6,42
36,1,28
34,11,35
47,11,28
25,6,35
30,16,34
43,5,22
33,0,26
27,9,35
21,3,39
20,15,62
40,5,30
16,0,41
19,7,51
20,13,51
17,0,39
44,10,31
38,6,31
17,3,44
25,4,26
19,10,60
23,18,51
45,6,18
25,22,48
22,22,51
44,5,25
15,2,44
42,8,34
21,2,38
20,15,59
35,6,33
9,3,60
11,5,62
3,0,63
22,17,52
44,4,17
15,2,50
42,5,20
43,4,19
40,12,36
8,0,56
25,7,32
24,3,27
22,18,53
49,12,23
11,0,52
14,4,55
20,10,57
16,4,51
39,2,27
20,15,63
18,9,61
25,20,47
28,6,30
21,18,53
23,16,46
30,0,28
8,2,58
30,18,38
30,6,31
42,5,29
35,4,31
46,15,30
36,7,33
29,15,34
23,16,49
26,12,40
27,10,38
40,2,20
19,12,51
38,17,36
37,13,35
25,4,27
22,12,48
32,12,35
29,19,41
22,11,45
27,17,41
44,14,32
18,1,39
46,14,28
48,16,27
9,2,58
19,6,44
28,9,33
30,4,30
16,7,59
25,17,45
20,15,52
23,6,36
24,18,48
37,0,24
14,2,48
30,18,39
38,8,35
19,8,49
31,18,40
42,11,34
22,19,59
42,6,20
11,0,51
14,0,43
27,23,46
37,22,37
17,7,59
44,8,29
22,19,53
22,22,62
16,4,49
41,2,22
22,21,62
25,11,41
41,16,35
44,5,23
45,6,17
24,18,49
8,3,63
18,7,58
22,1,33
48,16,26
20,15,58
19,13,54
10,5,63
19,0,38
19,9,60
31,18,36
38,1,26
23,19,50
21,0,29
25,6,36
42,7,32
10,2,57
34,8,35
21,16,53
23,8,43
11,4,58
19,11,60
20,2,38
36,14,36
11,0,50
39,3,28
40,15,35
46,7,25
10,2,55
9,2,59
24,4,35
17,2,44
17,7,58
44,11,32
23,20,57
4,1,62
27,14,36
20,9,47
21,5,42
21,14,58
19,11,54
46,6,19
41,3,26
40,2,17
13,4,56
25,0,26
24,21,48
15,0,43
46,8,27
19,9,54
32,23,40
23,12,44
23,6,38
32,6,32
34,2,28
22,8,43
38,2,28
37,4,30
14,0,47
46,6,18
29,7,32
39,5,31
42,9,34
31,21,37
41,13,35
28,20,42
18,7,52
27,8,29
24,9,42
19,9,55
35,4,30
23,16,51
28,14,38
31,17,35
41,18,36
42,4,17
47,9,28
42,21,34
44,4,21
29,18,41
36,1,27
25,5,31
40,14,35
21,15,50
25,12,43
21,6,40
19,13,56
28,23,47
39,2,23
10,3,57
28,16,38
20,5,41
21,16,62
37,8,35
21,16,56
44,11,31
48,8,21
32,23,39
17,8,63
29,9,33
21,17,61
43,10,33
37,0,18
19,1,39
42,8,32
23,8,41
32,2,29
4,1,63
42,12,35
49,12,24
17,6,50
29,11,33
26,7,31
22,10,44
38,15,36
17,0,38
38,5,30
28,1,28
42,7,30
38,7,33
36,4,30
34,23,37
19,8,48
24,19,48
10,3,59
37,6,31
35,7,34
26,9,36
22,16,51
22,18,59
32,1,28
27,9,31
22,14,48
24,1,30
14,6,60
48,12,26
13,3,56
46,14,30
8,0,54
43,5,25
14,7,61
27,13,35
32,0,28
28,4,29
30,17,36
23,22,52
22,13,47
16,7,61
21,3,42
29,18,40
23,4,36
48,8,25
47,8,20
45,7,23
21,4,40
19,14,55
18,2,43
32,0,26
31,0,28
23,10,44
16,3,48
15,5,58
18,6,51
11,4,59
30,9,34
20,13,59
44,5,22
20,2,41
37,13,36
37,14,36
24,2,33
28,8,31
28,13,34
28,12,34
43,17,35
35,1,27
17,8,49
9,4,62
15,6,60
6,2,63
5,0,60
22,15,49
26,20,46
47,7,19
22,6,39
29,21,44
19,0,37
29,23,44
21,15,59
46,7,20
21,22,61
10,0,52
18,8,60
18,0,36
19,7,49
28,14,36
23,23,58
41,2,23
20,15,51
13,1,47
29,13,33
14,7,62
33,22,37
30,11,34
28,17,38
19,7,46
18,0,37
14,3,54
31,19,39
42,4,20
45,10,29
19,3,42
43,4,25
29,8,32
48,8,19
17,5,47
39,2,25
27,0,28
4,0,60
31,7,34
42,5,21
14,3,53
34,10,36
46,10,27
19,11,51
34,19,37
24,16,49
37,21,37
43,18,35
41,14,34
32,16,34
22,23,63
22,4,37
45,12,30
32,23,37
5,2,63
19,9,51
16,3,51
16,8,63
26,20,47
28,22,46
26,17,43
31,6,31
24,9,41
22,0,27
22,20,63
7,2,62
24,6,37
38,0,19
19,14,63
24,20,48
39,7,32
46,6,17
37,6,32
17,0,40
27,17,43
22,16,50
35,14,36
9,0,52
7,2,61
12,4,57
48,10,23
21,14,57
40,2,24
44,8,32
42,4,25
46,12,29
31,0,26
44,16,33
15,6,61
7,1,61
19,7,52
19,12,61
6,0,60
26,21,47
18,2,39
4,0,61
22,11,46
23,21,50
21,20,61
24,16,46
35,0,26
18,6,45
44,4,19
33,16,36
24,5,36
19,3,43
28,16,39
23,21,51
22,9,43
28,9,32
13,4,57
17,6,45
21,16,58
16,6,50
45,6,24
35,16,37
40,16,35
20,16,52
40,21,36
17,5,49
40,18,36
34,13,36
44,10,30
44,18,34
47,14,25
35,20,37
20,3,43
9,0,55
14,6,59
46,11,29
20,1,35
17,8,61
22,13,48
19,9,48
20,11,49
24,17,47
15,4,54
26,7,34
20,12,50
22,7,42
20,9,46
23,1,27
24,14,43
40,17,36
19,8,47
14,2,51
35,1,26
42,3,24
29,20,42
21,6,42
21,7,42
33,6,33
13,2,52
11,1,53
23,20,50
28,17,40
23,23,56
23,1,29
39,1,21
18,1,42
32,22,37
6,0,56
27,18,44
26,7,30
45,5,19
42,18,35
21,16,60
42,20,35
35,6,32
43,13,34
36,10,36
2,0,62
21,21,60
25,5,35
19,6,45
21,6,41
11,0,48
24,4,27
14,6,62
25,8,37
22,12,47
34,18,37
20,10,47
18,8,49
48,11,25
18,6,54
49,17,23
24,1,29
33,15,36
20,15,54
42,3,20
39,19,36
38,3,28
29,15,33
46,15,28
48,7,19
23,6,40
47,10,26
38,19,37
28,22,44
17,0,37
47,9,27
38,4,30
21,7,44
21,20,62
37,20,36
10,2,56
22,14,49
20,5,43
36,3,30
34,12,36
27,11,38
25,10,43
21,5,41
19,9,53
13,1,51
15,2,46
22,0,32
22,7,40
28,21,44
36,8,34
23,3,35
45,7,26
5,0,58
20,13,60
26,16,42
30,23,44
26,16,41
17,6,51
43,4,22
24,17,49
48,16,24
40,19,36
22,16,58
23,2,29
49,16,24
43,19,33
41,3,20
17,7,50
28,8,30
16,3,49
22,18,57
33,18,37
40,8,33
42,3,27
25,7,30
39,8,35
39,22,36
39,6,32
46,8,26
34,7,33
21,3,40
14,3,51
28,11,35
17,2,43
13,2,51
31,16,35
30,17,37
26,8,35
36,2,29
9,1,56
15,5,55
41,2,17
24,4,28
46,9,28
23,19,57
33,23,37
30,22,41
40,9,35
45,5,23
8,0,55
38,7,34
16,2,45
20,6,43
38,18,36
34,16,37
38,17,37
44,17,34
32,21,36
30,9,33
42,12,34
47,14,27
35,23,37
23,22,53
29,22,44
22,19,56
17,0,42
23,16,45
6,0,58
20,12,61
37,11,36
14,7,63
38,16,36
23,2,31
8,1,59
39,16,35
36,9,35
17,8,50
40,11,35
26,9,39
13,5,60
34,0,25
21,0,31
37,7,34
38,10,35
41,17,36
28,7,30
29,21,43
23,15,45
25,22,49
23,5,35
12,1,49
27,14,39
32,2,30
15,7,60
23,3,38
23,22,58
26,7,33
41,11,35
39,2,24
20,11,58
21,16,63
43,7,28
16,0,43
35,8,35
36,5,31
42,6,29
36,7,34
43,5,20
20,12,59
19,13,63
20,9,58
20,2,40
33,2,28
38,21,36
28,16,37
46,16,29
22,8,44
32,18,36
48,10,26
15,8,63
40,3,28
23,2,35
27,9,29
13,1,49
47,8,24
25,13,43
6,1,60
49,9,24
