21,0,19
21,0,23
15,1,43
40,3,39
16,0,43
57,1,35
31,6,41
9,0,21
22,0,49
61,8,23
52,14,12
46,10,23
25,6,40
37,7,38
59,6,26
60,7,28
62,13,12
46,5,41
27,0,48
53,5,31
31,4,0
49,10,26
38,7,21
47,2,43
21,3,40
31,4,36
61,2,34
61,15,7
46,12,24
60,13,13
43,9,9
45,11,19
18,2,43
51,10,24
36,2,40
53,13,16
47,13,14
34,5,8
29,0,52
36,7,21
41,4,37
54,2,42
56,0,38
63,12,16
34,5,42
10,0,20
62,2,36
44,6,40
32,4,47
22,1,20
61,6,28
9,0,24
54,14,15
22,1,12
18,4,40
37,8,16
36,7,24
25,1,10
30,2,4
61,1,34
60,6,28
29,3,19
19,5,38
26,1,4
24,3,43
43,3,40
41,8,24
44,11,26
26,2,10
33,5,16
46,4,36
58,4,30
30,4,25
41,9,13
39,7,6
57,5,28
35,2,45
62,13,17
36,0,43
51,0,39
21,0,10
18,1,46
42,3,38
46,11,3
60,5,29
53,15,19
26,0,49
5,0,18
45,5,34
29,5,40
60,13,18
62,5,30
51,10,29
37,8,14
33,2,48
58,15,9
55,12,17
57,7,27
51,12,21
46,10,24
12,1,27
25,1,18
30,2,44
44,11,21
34,5,9
56,10,20
46,4,41
41,4,44
33,5,14
37,7,11
35,5,7
48,2,40
42,9,26
59,15,8
40,4,38
58,12,19
44,10,2
35,5,33
52,12,18
26,2,46
21,1,22
23,3,30
39,7,25
57,8,27
58,5,34
49,8,31
28,1,45
49,9,33
26,4,33
60,16,6
25,1,20
25,0,48
39,7,8
46,11,7
38,7,7
53,0,41
59,10,21
31,4,11
48,6,32
35,5,41
40,5,38
42,8,4
38,8,12
11,0,29
61,16,6
21,1,28
16,2,37
32,5,45
51,13,23
45,3,40
26,0,48
41,8,28
44,5,40
62,4,30
10,0,26
54,12,24
27,1,6
55,1,38
37,7,6
63,18,6
57,7,25
35,7,39
47,11,6
20,0,25
42,10,28
20,3,38
56,10,28
43,10,23
17,0,24
34,3,46
47,1,42
35,6,35
17,1,46
59,6,29
51,11,21
27,4,36
59,17,0
28,2,47
40,9,20
57,10,21
59,6,31
31,0,48
50,12,4
25,3,23
32,5,29
27,2,46
58,1,34
40,8,10
50,13,3
20,0,15
27,2,24
58,12,22
58,5,29
42,4,43
47,4,39
60,4,29
43,3,41
38,5,42
30,4,22
28,0,50
47,1,41
48,12,4
57,16,12
32,5,25
43,10,6
19,5,36
15,1,38
54,0,39
28,3,13
41,9,14
22,2,43
57,6,25
17,3,34
12,0,20
54,12,17
23,2,31
48,2,44
51,7,30
50,8,26
31,4,38
43,10,10
24,5,41
19,3,39
41,5,37
47,2,41
63,0,34
45,11,0
32,7,42
47,12,6
27,3,15
47,12,23
18,3,38
35,5,5
61,2,30
60,15,10
51,11,25
51,2,36
61,11,15
40,0,48
55,17,2
45,6,40
48,12,22
52,13,4
56,2,33
59,11,21
15,1,35
54,3,31
41,9,27
37,0,50
27,0,53
60,7,27
12,0,23
58,4,34
29,3,27
32,1,46
53,14,15
49,8,33
35,2,44
20,1,26
36,4,43
43,2,45
47,12,19
56,15,11
60,6,29
50,12,7
44,6,33
24,1,8
43,3,44
9,1,25
54,15,18
46,6,36
36,0,52
63,6,28
37,7,32
37,7,2
57,15,11
50,9,25
45,8,36
52,12,25
49,2,38
15,0,44
45,11,5
60,4,32
34,5,1
29,1,1
46,4,37
22,0,12
56,1,33
32,1,47
38,6,41
43,0,45
61,9,23
57,15,3
61,0,33
39,6,34
36,7,4
50,13,8
61,11,13
17,2,33
30,4,39
21,1,49
51,13,13
45,7,30
54,14,9
60,3,29
62,17,2
29,4,41
12,0,25
19,5,35
54,14,20
42,2,42
40,9,25
54,14,17
38,4,40
61,1,35
46,9,32
52,2,39
60,17,3
57,4,35
43,10,19
37,7,29
41,0,44
52,14,6
47,12,0
38,1,46
31,2,48
52,2,41
21,3,43
49,12,22
53,4,32
31,1,48
27,4,39
23,5,44
24,2,42
24,2,19
47,2,38
47,11,1
62,3,26
32,5,36
54,3,33
60,16,9
28,0,48
60,8,24
51,13,18
21,0,45
25,4,12
55,4,33
56,16,6
30,2,48
44,11,24
20,3,39
28,6,41
41,9,32
52,10,25
38,8,35
38,6,3
34,5,32
42,3,43
12,0,37
26,6,43
38,4,45
20,3,32
34,5,12
38,3,46
33,5,5
41,4,39
59,8,19
51,12,25
35,1,49
54,7,25
28,3,20
44,10,0
45,0,50
30,4,23
36,7,37
18,2,30
23,5,42
63,3,25
51,15,10
58,17,1
20,1,20
20,0,12
25,0,52
62,5,25
54,15,6
28,4,17
55,15,11
34,4,39
40,8,30
57,11,23
59,0,40
59,1,33
14,1,31
37,2,41
36,4,39
32,4,2
15,1,32
19,0,48
11,1,25
52,4,40
9,0,37
55,10,29
37,7,16
47,12,14
14,0,39
57,9,23
39,8,34
24,3,32
47,8,28
62,13,9
9,0,22
36,7,10
59,14,18
35,5,31
29,4,12
26,0,46
49,9,28
49,5,35
33,3,3
46,9,33
29,4,43
49,11,24
5,0,19
56,1,42
49,8,27
38,3,40
47,9,31
46,11,1
42,0,47
21,3,32
20,4,40
48,6,40
19,0,22
63,9,15
55,9,28
63,1,34
39,9,16
52,4,33
31,3,44
44,5,35
47,11,21
43,9,31
52,14,18
20,4,37
53,14,2
38,6,38
51,2,42
46,5,33
36,8,20
17,2,32
22,0,6
29,0,48
44,11,13
51,8,26
36,6,8
38,0,49
41,1,42
30,3,45
45,10,4
32,4,20
49,3,42
28,3,42
11,0,40
50,11,22
27,1,4
49,6,35
39,9,18
40,4,40
52,6,30
58,0,35
22,1,45
47,5,41
17,3,41
57,5,36
39,5,35
28,2,43
41,9,6
47,12,8
56,15,15
45,3,44
32,4,45
50,13,0
61,0,38
22,2,42
37,1,43
24,1,17
42,1,41
42,9,28
47,10,29
43,0,48
15,0,23
32,1,44
27,2,18
33,5,34
51,5,38
52,10,27
53,13,19
43,6,33
18,4,42
47,3,45
52,1,40
32,4,29
25,3,41
32,3,2
51,1,44
63,18,5
20,4,34
57,13,18
18,3,36
40,9,12
60,5,34
34,2,43
35,4,40
22,4,42
58,2,34
23,3,32
28,4,36
51,6,30
28,2,49
26,5,40
26,2,20
47,11,4
57,5,30
50,7,29
47,12,2
37,5,37
16,2,38
61,7,19
36,8,14
33,1,52
15,0,49
49,13,16
29,3,23
51,0,40
14,0,22
50,7,34
39,7,10
53,3,34
28,0,51
38,4,42
63,14,10
50,10,23
62,0,35
62,1,35
48,12,0
50,14,21
41,0,49
19,1,44
46,12,16
46,1,43
44,11,27
54,15,7
52,14,2
35,6,19
48,4,42
38,5,39
28,0,49
55,15,10
10,0,31
27,1,45
18,1,26
36,6,9
30,3,10
42,9,22
44,3,41
41,2,48
62,7,26
61,19,4
52,7,32
28,2,0
49,11,25
38,8,36
13,0,48
10,0,21
49,9,25
45,8,33
29,3,21
26,5,42
56,17,1
21,0,46
52,14,13
57,12,15
41,8,6
24,3,48
29,3,30
33,5,37
33,6,27
14,0,43
42,7,32
28,3,44
26,3,24
58,0,38
53,11,24
37,1,49
62,13,14
30,6,43
50,10,26
58,10,18
15,0,43
39,8,25
33,1,43
33,5,8
54,8,26
58,14,10
39,0,44
27,3,24
15,2,30
43,9,28
31,4,25
41,9,16
58,9,25
61,4,27
31,3,46
56,3,38
42,5,38
40,4,44
59,8,21
22,3,43
39,1,46
55,7,25
41,5,36
29,3,12
31,4,15
39,8,15
17,2,39
39,7,36
58,11,15
40,8,36
33,6,20
46,10,4
44,11,22
63,7,22
55,6,30
23,3,43
54,7,30
30,3,9
19,3,38
45,10,23
17,2,44
35,5,42
14,0,47
58,16,1
43,9,5
57,8,21
57,12,17
62,14,13
32,4,27
57,14,11
63,2,37
57,11,16
41,9,3
22,5,38
50,8,31
22,1,18
53,12,22
34,5,40
51,15,19
10,0,40
61,14,13
32,5,33
60,13,15
31,4,7
49,5,37
17,0,25
15,1,28
58,11,24
33,5,26
47,11,28
41,9,23
18,3,42
26,3,14
62,6,22
44,1,43
61,14,11
38,8,23
58,2,39
53,13,17
55,13,16
49,8,28
43,6,42
49,0,46
33,3,41
46,12,12
48,11,3
62,15,7
44,1,48
56,3,34
31,1,50
16,2,29
54,15,2
42,10,18
56,6,32
52,7,30
54,1,41
15,3,32
32,1,45
59,4,30
52,14,19
36,6,5
20,0,20
46,5,35
47,12,24
33,5,12
37,4,38
54,7,29
60,2,32
12,1,26
60,18,4
45,8,30
27,3,16
58,18,5
24,1,9
55,12,22
38,7,4
22,4,34
63,13,16
62,19,5
56,8,29
61,7,24
12,1,32
50,3,39
20,0,44
59,12,17
62,4,28
26,3,11
34,2,49
61,0,35
41,10,26
49,13,25
32,4,43
30,4,32
58,1,38
50,2,40
25,4,10
26,3,32
57,16,5
51,9,24
60,13,10
42,9,5
33,6,14
38,7,6
62,1,31
36,7,23
63,3,30
39,9,20
14,2,30
51,11,24
45,2,46
43,4,37
39,5,38
25,4,41
17,4,36
38,1,45
26,1,0
33,3,2
39,1,44
47,13,23
48,8,33
34,6,38
29,5,44
63,1,31
38,3,38
40,8,2
13,0,23
37,3,44
59,14,10
36,3,40
43,10,15
61,16,7
42,10,16
61,12,15
32,6,41
26,4,12
51,8,31
26,3,46
24,0,48
53,12,17
58,11,17
36,4,41
38,7,24
29,3,42
47,3,43
61,4,32
63,17,9
41,7,37
63,14,11
46,8,28
37,0,49
22,0,0
60,1,34
27,4,47
57,11,24
30,5,45
28,2,46
35,1,46
21,2,42
62,6,21
49,0,42
33,4,44
50,13,12
23,0,7
37,7,20
37,8,4
20,4,35
53,7,33
51,13,14
33,5,36
15,2,42
35,4,42
52,4,32
29,2,49
58,2,33
39,8,1
33,6,12
13,1,42
52,2,35
49,7,28
42,0,43
61,12,12
40,9,14
19,4,43
35,6,36
38,7,23
28,6,39
13,1,26
44,1,44
59,2,31
26,0,3
44,10,1
33,4,5
63,17,1
51,13,19
21,5,36
54,15,16
26,1,48
50,3,37
59,13,17
56,7,32
45,2,44
59,14,11
16,2,28
9,0,28
11,0,35
28,3,10
43,10,25
41,9,26
50,10,30
37,4,44
56,15,10
56,15,6
23,1,48
57,11,20
47,6,35
29,1,0
59,5,28
54,11,19
27,2,19
16,1,26
44,10,6
58,4,29
21,2,45
61,9,19
39,7,29
37,8,17
47,4,34
34,4,43
29,4,46
47,11,7
25,1,8
63,0,40
52,13,1
47,3,44
30,4,40
53,14,4
47,1,46
58,16,8
46,9,30
48,6,39
56,15,12
35,6,1
32,4,11
40,5,41
54,1,39
35,6,41
49,3,38
30,4,47
61,2,28
55,5,34
38,6,36
48,8,31
21,3,31
10,1,24
49,12,0
57,15,13
22,5,37
46,11,0
34,5,20
37,6,3
37,6,41
28,3,24
23,2,43
28,1,46
48,13,18
62,0,32
58,1,40
27,0,2
40,9,17
50,3,38
21,3,45
61,10,16
56,12,15
20,4,39
49,7,36
40,8,23
30,4,24
55,5,28
43,1,47
54,8,24
55,13,22
45,0,44
37,7,13
30,3,43
4,0,18
31,4,6
36,5,44
46,3,43
42,6,41
29,2,44
60,18,3
15,2,29
39,7,3
29,1,4
49,6,37
58,2,32
32,5,17
63,9,17
63,11,17
34,5,4
52,7,27
35,0,49
29,3,14
31,5,13
58,11,21
18,5,38
38,5,43
25,5,42
50,11,27
31,4,10
52,0,45
27,5,45
62,16,10
28,5,37
57,9,25
53,8,24
22,0,20
60,16,10
45,3,43
29,5,43
16,1,38
12,0,47
55,3,32
36,3,42
55,8,28
43,3,43
34,1,43
37,5,41
34,4,1
25,1,51
22,5,41
33,3,0
62,7,20
62,5,24
63,2,28
39,5,42
29,2,50
30,5,39
46,10,30
39,8,20
34,6,15
63,2,35
43,4,40
63,14,7
61,11,17
42,10,22
15,0,37
41,7,32
30,1,49
48,8,34
35,6,25
27,0,49
41,3,40
22,2,44
46,2,44
51,9,30
15,2,32
55,14,5
48,4,38
50,9,27
32,2,43
49,12,2
53,5,30
60,4,28
50,5,37
16,1,41
62,4,33
61,17,4
59,16,3
38,4,41
58,5,32
52,5,33
55,15,18
20,1,50
35,2,46
28,2,7
59,1,34
40,0,47
29,2,47
40,7,36
44,5,36
63,2,31
23,1,9
42,9,32
27,4,43
60,10,20
45,10,1
35,5,37
60,4,27
45,10,28
24,1,21
48,7,29
46,11,21
10,0,36
63,16,8
63,1,29
62,9,17
54,7,26
34,6,10
16,3,32
23,1,45
50,0,46
48,1,45
43,9,27
25,2,26
61,13,16
34,4,41
14,0,35
62,17,1
27,6,41
48,0,44
22,1,11
53,13,15
63,3,24
58,18,4
34,7,35
35,0,48
51,5,36
48,6,33
32,4,19
52,13,5
49,5,36
28,5,36
59,5,31
12,1,37
24,1,11
42,9,27
54,9,29
47,2,39
42,6,36
50,8,29
24,1,5
19,2,30
28,7,40
42,10,11
55,11,20
63,6,31
63,11,15
50,4,35
52,9,28
59,0,38
58,6,25
63,0,35
11,0,28
47,4,42
25,2,30
31,3,6
41,8,25
25,2,42
58,5,33
52,13,16
30,1,46
31,4,17
22,1,51
50,12,8
40,3,46
18,3,45
60,11,21
27,3,22
63,17,5
24,5,38
12,1,39
46,3,39
42,9,9
14,0,40
31,4,21
21,5,42
60,9,21
19,3,41
42,4,39
10,0,25
43,4,44
53,3,40
54,12,20
22,4,39
62,3,36
19,0,20
26,0,1
38,6,5
27,0,0
43,8,36
44,11,15
57,14,14
17,4,37
25,5,39
59,16,6
15,2,33
53,15,17
57,10,22
58,10,19
59,17,4
53,6,32
63,13,9
30,3,48
61,12,18
54,6,27
33,5,22
26,4,44
52,13,7
45,9,31
8,0,21
58,16,5
49,13,15
37,5,43
28,6,42
55,3,39
58,7,23
54,0,37
54,15,0
39,8,26
35,7,37
18,3,31
36,7,22
58,7,24
56,6,27
49,1,46
55,0,44
60,14,13
41,1,47
23,2,25
26,6,41
32,5,35
53,6,34
32,4,32
43,12,24
35,1,42
33,6,38
36,5,6
61,3,33
37,3,46
12,1,34
56,3,31
22,1,50
36,1,51
7,0,20
32,6,16
45,3,39
37,5,35
21,0,13
35,3,46
39,8,19
27,0,3
55,5,36
46,8,27
45,2,40
16,4,32
58,10,24
47,3,37
61,15,9
35,7,18
34,0,50
32,2,50
25,1,44
55,14,8
59,5,26
51,15,18
59,16,7
23,6,38
29,6,43
50,11,28
52,11,20
32,4,39
25,1,17
60,0,34
51,4,39
50,4,40
45,5,40
12,0,45
58,11,18
55,5,37
45,1,43
48,9,27
41,2,42
22,2,45
29,2,1
27,3,46
44,10,4
42,10,24
57,16,14
47,6,31
50,7,27
50,11,26
36,5,35
34,6,12
60,10,18
62,6,25
11,0,36
36,0,44
29,2,45
61,0,37
16,1,36
19,1,26
46,6,33
61,5,30
49,10,31
21,1,46
61,11,18
55,7,24
54,5,29
38,5,38
55,10,27
60,5,26
24,4,38
59,1,40
29,4,31
19,2,45
48,11,27
40,9,10
62,17,8
35,6,17
63,14,16
23,4,38
61,8,19
23,1,1
45,7,32
41,11,26
19,2,39
62,3,28
50,9,26
62,7,18
32,4,26
59,13,20
41,5,35
48,13,23
56,12,17
61,8,24
35,7,36
34,6,25
55,16,1
49,13,14
33,1,51
17,2,30
59,8,20
28,3,43
57,2,36
14,0,33
56,8,27
40,1,47
43,4,36
38,6,39
54,14,13
24,6,40
14,3,35
5,1,21
57,4,31
52,8,29
59,2,30
45,10,32
47,11,12
55,10,19
36,1,50
45,11,23
62,8,26
55,4,37
26,1,7
27,3,18
56,5,28
23,4,42
56,10,19
25,3,30
21,2,30
47,13,19
49,12,1
62,14,9
42,11,28
58,0,39
26,2,7
49,11,21
51,2,43
60,0,38
58,10,25
39,8,29
57,12,18
61,6,29
61,16,11
60,15,9
19,4,42
43,10,14
10,0,30
39,7,1
49,8,34
37,8,19
59,2,33
36,6,4
23,2,44
58,16,3
62,10,14
47,4,40
52,14,16
31,5,35
56,17,2
20,1,27
37,8,15
55,15,4
33,5,19
62,4,26
39,7,38
23,6,41
46,10,3
38,2,47
37,0,51
42,7,39
51,13,24
11,1,28
28,2,2
35,7,35
52,9,32
32,4,9
47,3,41
49,13,17
61,15,10
39,8,8
58,13,19
26,3,29
40,9,23
38,6,34
57,6,27
27,4,41
53,14,17
52,4,38
17,1,27
19,0,45
49,12,12
34,6,36
38,7,11
42,2,41
14,0,42
47,4,35
19,3,31
59,3,35
11,0,27
62,11,16
60,10,19
50,5,39
48,8,27
63,0,33
29,0,51
38,0,47
29,1,51
42,10,3
60,6,27
54,4,30
13,0,34
18,1,48
23,4,39
55,14,10
58,2,35
51,14,16
50,7,33
57,12,16
55,15,14
57,7,26
22,0,50
63,5,24
53,9,24
58,6,24
57,13,14
55,14,12
50,13,15
59,16,1
54,3,32
34,4,3
21,1,23
52,14,10
51,14,13
60,13,14
61,17,10
41,8,5
26,2,15
39,8,9
19,4,34
38,4,43
24,2,21
60,7,26
41,0,45
25,4,42
62,0,34
15,1,46
37,6,2
61,11,19
57,15,4
39,8,36
52,9,26
63,0,37
56,1,41
38,7,38
40,1,44
25,5,36
30,3,1
55,0,38
53,14,19
41,9,10
27,2,5
22,3,33
40,3,43
44,9,31
32,5,11
30,4,9
45,8,29
34,6,35
26,3,42
28,3,31
43,9,10
29,3,47
22,0,19
24,0,49
27,2,43
43,5,38
13,0,40
47,3,40
35,0,47
25,3,28
7,0,26
50,6,36
43,1,44
37,4,39
18,0,22
34,5,30
49,11,22
31,4,22
58,12,15
50,13,21
54,14,11
41,10,15
63,3,27
26,1,50
10,1,23
58,2,37
27,3,20
61,7,25
49,6,33
55,8,29
45,10,2
28,4,46
43,10,1
13,0,39
30,0,48
19,4,38
53,14,10
16,3,31
15,1,34
45,11,22
23,2,26
25,2,24
47,11,27
59,9,23
27,3,12
40,8,8
43,10,26
43,9,8
56,10,25
47,11,8
51,13,0
9,0,19
17,2,31
37,8,11
57,17,6
34,1,47
23,2,42
61,2,31
26,3,26
43,9,6
60,6,23
35,6,9
30,2,5
49,13,12
28,0,52
9,0,25
46,11,18
24,0,9
48,9,25
57,2,37
42,8,5
50,12,3
53,2,35
14,0,30
23,5,43
19,2,43
54,5,28
23,1,26
57,0,36
56,0,41
42,10,23
61,1,31
46,11,26
60,8,26
48,1,41
40,7,3
51,3,33
63,10,18
30,3,46
26,4,38
47,8,34
28,3,8
56,16,14
31,5,19
27,2,7
61,2,38
51,6,31
12,0,38
47,5,40
49,9,34
54,8,27
59,3,38
13,0,20
23,3,40
52,2,37
36,7,39
44,4,36
23,3,47
56,16,2
52,15,18
62,13,13
24,1,14
40,9,18
57,17,4
17,4,38
46,11,28
18,1,49
28,4,37
20,2,30
52,13,3
25,3,10
35,2,41
50,1,45
48,12,18
46,0,49
23,1,0
41,8,10
45,3,41
54,0,41
48,11,22
45,8,34
31,3,0
49,9,30
50,4,33
47,1,45
35,6,8
20,3,40
56,7,27
31,4,26
21,1,25
16,0,44
52,14,3
54,0,38
52,11,21
34,4,46
25,3,12
46,12,15
49,11,27
56,15,9
25,0,50
36,7,20
50,1,42
22,0,47
52,13,12
50,14,4
63,15,12
57,12,22
44,2,42
61,4,25
51,10,23
40,4,36
54,15,13
17,0,44
54,15,9
36,6,12
62,7,28
47,5,36
22,3,47
53,15,7
44,8,36
22,2,28
55,15,5
22,5,39
51,0,48
58,6,27
44,0,45
55,13,17
15,1,47
40,8,13
9,0,32
19,3,32
48,3,36
48,12,13
43,10,20
32,5,24
15,0,35
54,15,5
47,8,27
56,4,32
38,3,43
24,4,33
52,15,9
26,2,43
34,7,36
24,3,44
58,5,26
57,6,32
53,14,20
19,0,25
38,7,36
58,8,22
58,3,31
18,0,23
47,8,29
58,3,34
34,3,43
45,4,40
26,3,20
55,14,17
32,5,22
61,16,12
52,14,0
56,5,29
16,1,37
45,11,4
34,6,17
56,8,30
61,10,17
32,4,1
52,13,17
60,12,19
43,4,38
23,4,40
21,4,39
48,4,37
54,0,43
53,14,18
62,8,23
55,0,36
61,10,15
48,9,32
46,0,47
40,3,42
33,7,29
52,9,25
35,4,41
36,3,39
48,13,24
22,3,44
42,3,44
52,2,36
10,0,27
26,5,41
43,0,44
32,4,7
26,4,36
50,13,13
27,5,37
29,4,45
57,2,32
49,7,32
58,8,20
24,6,41
48,10,31
55,1,36
34,5,21
61,18,7
43,5,36
35,5,4
36,2,44
33,1,49
57,5,29
41,8,27
49,8,30
26,0,50
38,7,29
40,5,37
44,4,38
44,11,0
14,1,46
29,2,46
11,2,36
19,1,24
28,1,50
24,2,24
46,5,40
25,1,4
45,9,26
36,7,14
60,0,40
48,11,23
59,11,18
16,1,44
39,0,49
25,5,41
34,5,7
45,2,42
33,5,18
46,11,9
37,3,40
63,6,30
63,3,31
45,11,26
37,7,3
20,1,23
53,14,6
43,11,14
53,7,25
49,4,41
45,8,35
55,9,29
39,5,41
49,1,45
49,12,19
33,6,41
21,3,33
54,10,20
48,12,10
14,1,27
59,9,18
46,3,42
36,6,25
39,2,45
43,3,42
52,0,42
36,0,48
54,2,43
61,13,12
56,11,20
38,7,31
28,4,34
61,17,5
38,1,48
27,4,37
34,5,35
51,6,29
20,2,48
56,8,22
38,0,51
44,7,35
42,6,39
46,9,25
48,3,41
47,12,9
62,0,36
51,15,20
32,4,40
21,4,34
57,0,41
30,4,16
21,4,40
19,0,19
43,1,48
39,6,38
54,2,35
38,5,37
22,0,46
34,2,46
31,5,36
48,5,38
35,4,43
31,4,14
46,11,25
19,4,37
46,3,40
49,0,43
45,7,36
51,0,42
40,3,45
62,5,23
40,10,14
59,11,14
57,7,30
46,9,34
23,0,48
16,3,41
27,1,47
33,0,49
38,5,35
41,8,26
57,8,24
24,0,51
54,2,37
31,1,45
59,7,23
41,0,47
63,6,20
63,19,3
15,0,24
48,8,26
34,5,37
43,11,28
39,4,45
60,16,8
22,2,26
57,10,26
58,2,38
43,10,27
43,5,41
36,2,47
38,7,2
44,12,26
38,8,20
56,1,38
49,3,39
26,4,10
25,3,11
29,4,22
63,7,24
49,7,35
50,12,21
55,0,42
37,4,45
47,4,38
41,7,36
24,1,6
20,1,44
24,3,30
36,1,45
44,0,49
47,12,16
9,2,24
36,6,38
22,1,23
40,10,15
25,2,25
34,2,41
45,4,42
62,3,33
44,10,29
55,15,2
14,1,30
25,1,13
59,18,0
45,1,46
58,3,29
51,3,35
56,14,13
44,12,24
56,15,5
43,6,36
15,1,25
39,4,43
27,2,21
34,1,49
61,0,34
27,2,51
20,2,45
41,0,48
50,9,24
25,3,43
26,4,17
25,0,47
39,3,44
56,4,37
60,4,26
44,3,43
59,8,22
52,14,20
52,12,21
58,3,36
60,15,13
46,9,26
49,13,19
36,7,16
25,1,14
55,15,6
63,16,5
45,10,26
31,5,15
29,3,25
23,1,18
50,1,40
39,8,10
50,11,24
19,3,37
45,11,12
40,5,44
42,7,36
44,9,2
49,5,33
54,13,19
32,5,37
48,1,40
43,8,33
54,14,19
60,10,22
21,3,34
45,5,36
21,1,21
50,0,45
48,4,33
17,3,42
62,15,12
56,13,22
38,1,50
38,2,41
24,4,42
18,0,51
17,2,37
57,3,31
29,4,32
58,16,10
43,0,43
51,13,7
17,1,28
44,2,47
12,0,46
46,1,45
43,10,13
25,4,34
51,13,2
19,1,25
54,5,30
29,4,20
48,9,28
44,11,28
61,17,3
28,3,22
24,0,7
14,1,33
57,15,8
35,5,3
35,6,10
53,1,39
44,9,28
38,8,13
41,1,41
24,2,16
10,2,23
48,11,28
19,2,42
32,5,23
37,4,43
25,5,40
23,2,48
59,11,24
34,5,39
36,4,44
52,14,17
40,8,7
60,12,15
20,1,21
48,12,16
23,5,38
20,0,46
29,4,24
51,1,40
37,6,35
58,4,28
11,0,45
18,2,42
32,3,40
57,3,35
38,8,11
11,0,39
40,8,4
62,6,24
33,5,10
56,0,36
60,14,11
24,4,35
58,12,13
38,4,37
44,10,9
56,15,13
54,2,39
28,0,2
54,1,35
54,12,23
59,9,24
61,17,7
33,2,49
51,13,20
50,15,19
15,1,45
40,7,34
25,2,47
61,8,17
62,12,15
51,14,1
52,11,23
60,0,43
19,2,29
63,14,17
29,2,4
48,7,36
40,8,35
61,2,35
37,4,40
17,4,35
41,3,43
31,5,41
35,1,50
16,3,42
56,15,14
21,1,45
30,3,2
55,15,17
42,11,23
34,6,7
30,1,47
58,17,9
30,4,37
43,4,42
61,14,10
48,0,47
18,0,50
36,1,42
61,5,31
29,4,17
15,1,23
22,5,40
60,1,39
39,8,37
39,7,30
59,8,23
19,0,46
59,11,16
43,2,46
63,5,27
25,6,41
14,2,27
32,6,29
52,6,34
15,2,38
19,3,35
49,12,23
63,3,26
42,8,3
38,7,33
54,1,36
55,15,8
24,3,31
12,0,24
55,7,26
13,0,33
20,5,42
29,4,23
33,4,46
48,6,37
57,2,39
55,8,23
34,1,44
50,8,28
62,9,15
35,2,43
52,7,29
56,3,35
52,13,9
49,10,22
33,2,44
11,1,32
14,0,23
59,16,9
28,3,11
20,0,48
37,7,18
28,2,5
62,3,32
40,7,0
51,4,35
46,12,13
42,12,24
31,3,2
27,2,16
23,1,12
42,9,10
63,14,9
54,6,28
40,8,28
13,0,24
61,6,23
42,9,24
59,13,12
46,11,6
62,14,12
22,1,14
59,4,34
36,6,27
50,13,7
42,8,36
26,1,45
29,4,35
21,0,22
46,7,31
52,13,2
38,7,27
57,2,35
39,8,24
32,4,41
46,1,46
33,5,2
42,10,12
30,2,49
26,4,43
46,5,34
62,11,15
59,4,29
34,6,30
62,15,10
47,8,30
62,17,0
44,11,17
59,2,37
41,8,35
47,3,36
63,3,29
49,11,23
63,12,10
57,14,15
55,14,6
27,4,46
35,7,15
52,10,26
46,11,13
59,6,28
42,3,45
61,1,36
49,3,35
63,12,15
44,10,27
37,5,36
23,1,28
62,18,3
37,3,45
57,12,14
21,3,41
34,4,44
29,0,47
42,11,24
36,7,36
58,8,27
59,5,32
53,10,27
57,7,29
50,12,24
34,0,49
24,1,24
13,0,43
23,2,22
42,9,13
59,16,2
39,8,18
50,4,38
18,3,32
61,18,3
26,4,42
48,11,6
52,5,34
12,2,30
36,6,13
16,3,39
51,13,22
58,16,14
33,4,39
58,12,18
37,4,42
55,13,19
29,4,27
43,7,34
22,0,11
30,2,1
62,8,17
25,0,3
29,4,16
61,9,22
40,8,33
41,6,42
27,3,41
61,11,22
42,1,45
33,6,21
26,2,18
46,12,23
60,6,25
37,0,44
33,6,30
45,10,24
24,0,5
25,2,12
52,14,7
25,1,15
50,5,35
23,1,24
19,0,23
60,16,12
63,13,13
27,2,23
59,12,21
39,2,41
33,5,21
42,9,3
52,11,24
26,3,43
62,10,18
39,1,41
55,11,18
43,0,42
49,7,31
22,4,45
21,0,8
23,1,21
47,12,12
44,9,27
60,3,28
54,2,34
42,4,41
49,0,41
37,7,36
53,3,39
49,4,33
35,1,43
62,15,8
17,3,39
45,0,48
47,11,26
22,0,8
19,3,34
35,6,40
43,1,46
58,8,25
25,3,34
31,5,39
49,6,34
25,3,47
48,2,37
53,14,16
18,2,36
51,14,14
45,6,41
44,10,8
27,3,17
22,1,28
59,7,28
37,6,0
54,13,16
51,4,41
55,7,27
26,2,23
33,4,7
49,14,4
31,4,39
23,0,14
50,7,28
52,13,22
47,6,38
42,4,40
29,5,16
45,11,3
13,2,31
63,10,14
57,16,0
56,15,7
13,1,30
52,5,36
51,8,25
44,3,45
31,4,8
56,11,17
41,3,38
63,5,30
57,15,9
39,0,47
63,16,6
19,0,50
33,6,16
49,7,29
14,0,24
42,2,47
36,6,0
35,6,37
18,1,44
54,9,26
49,5,38
56,0,43
44,10,3
60,2,34
45,7,31
39,7,28
39,7,0
19,1,43
38,7,9
34,6,13
29,5,41
54,11,26
23,0,47
52,4,34
54,7,27
38,3,44
51,14,15
54,0,40
34,0,48
26,3,15
44,3,40
27,0,50
20,3,43
29,5,46
58,13,17
30,6,42
54,14,12
35,6,18
30,3,6
63,7,19
52,11,22
57,16,2
60,12,14
32,4,6
37,0,46
15,0,45
49,5,31
24,1,48
62,8,25
32,4,23
47,12,5
42,10,2
13,1,28
29,4,14
57,9,27
58,6,26
35,5,38
12,0,21
32,3,42
52,11,25
35,5,32
53,1,37
47,12,17
31,4,9
41,8,9
45,2,47
24,2,25
56,2,37
49,14,20
42,8,28
41,8,4
14,0,37
42,3,42
56,14,11
32,5,43
41,9,7
45,0,47
60,7,20
53,6,29
42,1,48
61,3,35
55,6,29
34,6,37
20,1,47
45,6,37
63,1,38
62,5,29
54,3,38
27,2,48
48,10,29
31,2,50
55,4,34
57,7,31
44,9,1
12,1,42
57,1,37
24,3,45
55,14,4
47,13,24
55,5,35
60,3,34
46,11,17
17,1,25
27,4,38
37,4,37
34,4,0
48,12,23
43,6,35
31,5,14
27,3,25
29,2,0
34,6,18
18,2,38
55,11,19
60,16,11
48,5,41
42,7,31
60,3,36
50,13,22
49,6,29
45,6,39
55,11,22
34,0,51
59,12,14
43,4,39
55,2,37
28,2,4
24,2,26
21,0,16
41,5,39
53,1,43
43,6,37
40,3,41
63,5,21
53,9,33
19,0,18
20,0,11
38,8,25
60,17,6
48,3,37
62,6,23
34,3,40
32,6,42
46,7,35
45,2,39
37,7,10
58,16,7
49,3,40
43,10,11
51,5,30
58,11,19
32,3,4
23,6,39
37,8,36
61,3,27
51,4,33
12,1,28
34,5,28
31,5,40
58,12,21
33,3,42
57,12,19
25,0,49
28,3,45
42,1,44
57,14,17
16,1,25
59,0,37
52,6,28
34,6,22
59,17,2
46,2,39
44,1,47
20,2,42
28,3,47
56,14,18
23,1,10
20,3,37
48,2,46
63,9,16
58,12,14
25,1,19
23,4,34
51,9,29
56,7,24
59,4,35
40,5,39
40,2,45
59,17,8
55,8,26
22,3,41
17,0,48
37,6,31
63,5,23
44,4,37
38,7,1
28,4,33
54,9,23
54,11,23
35,4,38
38,1,42
33,5,27
45,1,48
28,3,16
59,17,5
34,6,41
52,9,27
49,4,36
50,2,36
60,5,27
11,1,26
30,1,50
53,8,33
9,1,23
52,11,27
24,3,27
34,5,10
60,5,32
11,2,27
55,14,18
59,0,35
24,4,40
57,17,5
12,0,44
52,3,33
50,7,30
44,10,19
15,1,36
56,3,32
61,17,1
29,3,16
31,0,49
58,17,5
50,13,5
55,8,25
47,10,23
58,17,4
34,4,2
24,3,33
36,7,18
61,17,0
44,6,37
15,1,40
48,12,25
25,2,13
11,2,26
25,1,12
60,17,12
9,2,26
53,5,28
32,4,33
24,3,47
63,12,17
53,10,21
17,0,43
53,14,14
47,13,15
51,7,36
20,3,31
27,5,36
18,0,47
60,7,29
45,6,35
49,6,32
42,10,17
59,14,13
20,0,45
45,10,7
41,9,19
49,2,39
52,2,38
57,8,23
20,4,44
14,2,37
63,15,11
54,15,3
32,0,48
10,0,28
46,1,47
22,1,49
47,6,32
10,2,24
20,1,25
17,1,40
55,7,30
60,5,28
57,15,14
57,13,13
26,6,40
26,2,16
13,0,25
58,14,11
53,7,30
26,3,33
35,6,16
60,14,14
54,15,12
14,0,41
30,4,14
17,2,35
55,9,27
31,1,51
46,8,33
53,5,35
62,7,23
19,1,27
21,2,29
57,16,3
45,8,31
35,3,43
31,5,11
57,14,13
26,2,49
25,1,2
47,8,31
52,9,23
39,9,13
17,2,40
12,1,40
52,9,33
60,16,2
52,11,26
40,6,40
54,6,29
48,12,6
53,14,9
16,2,31
58,8,30
25,3,24
47,0,43
21,4,38
24,1,13
51,11,26
49,12,20
53,6,28
35,7,14
60,0,39
40,7,1
51,1,46
51,10,28
30,2,50
48,4,36
51,9,23
35,3,47
38,6,6
46,1,41
51,5,39
50,5,31
26,2,5
16,1,34
26,1,44
34,5,26
46,2,41
50,12,6
23,3,33
22,2,30
50,12,23
62,7,21
29,3,7
45,4,37
56,7,30
50,13,17
29,1,2
58,13,11
60,3,30
26,1,49
47,6,36
56,15,16
63,9,18
61,14,9
35,6,21
52,12,19
56,5,35
57,11,17
49,9,31
54,8,23
45,0,43
27,1,5
23,0,1
30,4,41
60,15,8
23,4,33
35,6,3
37,2,44
27,2,25
41,10,18
57,13,20
33,6,13
48,10,26
27,5,41
42,6,35
54,14,0
60,7,21
39,7,34
55,10,20
41,8,31
30,4,18
60,0,37
63,1,33
24,5,39
47,12,10
59,18,6
50,6,34
45,12,15
48,7,32
35,6,30
58,7,22
45,4,41
50,1,44
35,5,36
30,2,47
40,7,30
12,0,27
21,5,37
40,8,14
52,9,24
55,8,24
42,10,14
63,12,11
60,11,18
60,9,18
50,13,6
59,7,27
49,4,38
50,1,46
35,3,39
59,0,34
52,15,19
28,0,47
50,12,10
25,4,43
36,3,41
38,0,44
58,10,20
30,4,36
50,11,23
34,0,52
38,7,0
32,4,21
52,10,21
34,5,3
20,2,41
32,5,30
47,11,10
55,9,25
22,0,17
42,8,30
46,8,31
41,2,44
25,1,5
57,16,13
42,9,33
56,4,36
41,9,18
56,10,22
63,18,8
62,10,16
18,2,31
20,1,45
58,14,19
42,2,48
55,9,30
51,6,35
16,2,43
63,3,28
30,3,0
60,8,20
57,3,39
42,7,35
49,9,27
24,1,12
35,6,20
32,5,20
13,0,38
42,0,49
48,11,24
50,10,25
45,8,32
18,2,40
21,5,39
24,2,0
37,6,1
50,13,11
43,9,3
48,9,26
50,4,42
53,3,38
36,6,37
30,5,38
61,5,28
50,0,41
22,2,22
47,12,26
19,5,41
34,7,40
14,1,23
23,2,45
61,16,8
55,15,13
36,6,31
42,8,32
8,0,23
8,0,19
23,2,9
56,15,1
45,8,28
41,2,43
57,14,18
31,4,35
29,6,39
29,3,28
47,11,22
42,10,15
31,5,43
54,0,42
57,1,40
61,6,24
38,2,40
28,3,48
31,2,1
58,15,14
38,6,37
26,1,51
16,1,45
52,12,23
39,6,40
59,5,29
22,6,41
32,0,49
29,4,19
29,4,15
52,5,30
57,1,34
14,0,38
39,8,11
26,3,12
32,5,40
48,12,11
25,4,35
22,2,31
56,16,5
37,1,47
18,1,45
33,6,15
36,1,46
23,2,20
27,2,45
50,12,27
57,8,26
56,11,19
24,6,38
50,7,31
52,10,24
44,7,34
46,0,45
10,1,26
48,2,42
20,3,41
26,2,12
49,9,24
59,5,33
62,12,11
62,3,30
50,0,43
37,7,25
37,7,19
60,8,22
38,7,37
40,8,21
61,8,26
50,6,32
60,10,23
44,10,11
49,12,8
47,7,30
24,1,7
21,4,44
19,1,42
41,4,45
38,8,17
58,16,9
58,7,30
22,0,10
35,5,8
59,4,28
35,6,39
36,6,1
40,6,41
33,6,29
29,1,50
56,2,32
34,6,40
62,13,16
33,4,2
20,4,41
56,15,4
40,7,4
17,2,29
59,3,30
54,14,2
44,7,36
61,4,31
32,2,49
46,8,30
26,2,27
47,10,27
32,5,16
44,2,44
44,8,35
36,7,11
33,5,40
62,18,5
50,1,43
43,9,34
28,3,27
4,0,19
39,0,48
51,5,32
34,0,47
50,12,2
36,6,23
58,17,0
20,2,43
60,17,9
25,4,40
10,0,22
62,2,29
48,13,14
45,0,45
29,2,2
19,0,47
22,1,46
58,4,37
52,12,20
53,10,26
52,3,41
47,12,11
29,4,18
40,8,29
40,5,43
26,1,6
59,10,17
39,1,47
45,11,7
44,7,38
25,0,46
27,4,44
42,9,11
20,0,17
40,8,26
14,0,48
17,1,38
52,10,28
26,0,47
52,13,18
12,0,40
19,2,28
44,7,37
21,0,18
57,1,41
25,1,7
43,10,17
47,7,33
28,1,51
42,9,30
23,2,49
43,10,3
52,13,8
27,0,47
52,4,31
51,0,44
33,3,4
18,0,44
26,2,9
49,12,3
32,2,44
13,0,42
11,0,25
48,8,35
36,6,39
41,6,35
53,5,32
43,10,4
25,3,13
35,5,30
19,0,16
37,8,13
54,6,33
30,0,51
19,0,24
53,7,26
49,4,35
43,0,47
45,2,43
62,5,26
17,4,39
62,19,2
62,8,22
62,6,26
53,5,34
50,3,42
44,6,34
36,2,42
29,1,48
31,4,45
46,2,46
51,12,24
24,0,46
58,10,22
43,9,7
58,3,33
34,5,25
34,0,45
43,6,38
16,3,33
34,5,2
47,11,24
39,8,21
52,8,26
57,15,1
39,9,17
30,0,49
33,5,39
44,8,30
57,11,22
17,1,43
63,6,21
60,16,4
45,10,8
46,11,10
25,0,51
24,3,41
25,2,15
58,17,6
51,13,1
34,6,21
55,0,35
57,4,32
55,10,24
61,15,12
62,1,36
51,3,39
23,2,28
58,1,35
54,3,35
57,9,22
29,6,41
37,1,45
26,4,13
44,6,32
40,8,5
56,8,31
42,10,20
57,0,35
55,13,14
23,1,20
43,5,35
41,7,39
38,8,24
40,9,24
33,5,3
31,2,46
37,1,48
60,6,26
24,1,15
61,3,32
16,0,24
28,1,0
48,6,30
15,2,43
56,0,44
19,4,32
20,3,33
46,4,39
33,5,38
39,2,44
27,4,17
14,0,36
30,4,26
61,18,4
33,1,44
24,1,10
58,13,14
38,7,26
22,4,38
38,5,45
61,8,21
59,7,21
53,7,28
26,2,44
51,11,28
29,3,8
23,0,0
11,1,36
62,6,29
53,14,0
9,0,20
45,11,10
47,10,30
27,2,6
39,7,2
55,8,32
51,1,45
35,5,6
40,9,16
19,1,49
38,0,46
38,8,10
52,3,40
58,9,23
16,0,41
59,8,25
58,11,23
47,4,36
11,0,20
45,4,36
53,0,44
54,8,29
52,5,38
60,16,3
52,8,24
50,5,30
62,17,4
31,1,49
14,2,35
53,11,23
55,7,28
17,1,47
38,7,13
55,2,39
34,3,41
61,2,33
35,6,0
45,11,20
24,1,18
56,13,13
54,15,17
49,7,34
57,13,19
56,15,0
26,1,46
59,1,39
23,0,4
30,3,42
63,4,30
55,14,16
49,2,37
53,8,27
55,9,24
44,10,23
26,4,45
50,6,33
55,7,32
32,1,49
45,10,9
46,0,48
52,14,14
58,16,13
47,3,42
38,2,45
59,12,20
56,10,18
57,15,5
31,4,29
19,4,40
42,3,46
20,2,28
24,1,23
59,2,38
55,9,22
45,9,32
49,6,31
32,4,42
55,6,34
24,5,37
37,6,6
37,6,5
37,0,47
45,4,39
36,0,46
12,0,35
63,4,24
50,13,1
56,9,28
31,4,23
23,5,39
31,3,42
23,4,37
29,4,28
63,13,17
42,9,15
21,1,27
7,0,21
33,0,46
60,0,33
23,5,41
34,4,38
45,1,41
45,7,33
25,0,4
37,6,33
51,8,29
20,3,44
32,5,12
57,8,25
58,15,10
50,4,36
20,4,45
22,4,36
42,8,27
18,4,41
12,1,43
23,1,47
51,10,22
26,1,5
32,5,31
51,7,32
45,11,17
55,4,30
60,13,12
43,3,39
57,15,2
58,16,6
60,14,9
11,0,22
23,2,27
57,2,40
26,2,28
45,6,33
46,10,27
31,5,18
59,9,21
23,2,8
44,9,29
24,0,47
58,0,34
53,6,33
58,6,29
30,2,2
20,4,36
30,4,44
18,0,46
63,14,12
19,3,43
23,2,23
29,4,10
25,0,1
59,7,22
39,7,32
46,11,4
40,7,5
52,0,44
35,2,50
58,1,33
10,1,35
37,1,41
27,3,43
34,6,16
63,16,9
38,7,10
29,5,15
30,6,41
15,1,30
54,6,32
57,13,15
29,1,49
40,4,37
62,14,16
57,11,15
53,11,22
51,9,26
16,0,23
40,7,33
58,13,18
47,7,29
36,5,37
45,9,29
28,3,28
13,0,44
22,0,13
42,10,13
62,7,25
24,4,36
43,6,34
46,7,32
58,7,27
26,2,6
37,6,32
53,1,41
56,6,26
62,9,16
44,0,46
41,1,48
34,5,6
44,3,39
37,6,8
26,1,1
45,11,29
54,10,27
21,0,24
21,4,42
48,7,35
61,13,11
24,1,46
60,2,36
52,4,39
56,11,22
46,10,25
13,0,26
43,9,4
18,1,27
25,2,23
51,1,42
62,16,5
48,5,33
57,16,4
38,7,28
34,2,42
15,4,32
40,9,13
52,13,11
47,11,2
52,5,31
32,0,51
17,0,49
48,1,44
54,14,10
41,1,45
10,1,25
6,1,21
63,2,33
37,8,18
56,13,18
57,3,37
43,11,19
26,4,47
57,13,12
39,4,46
42,0,45
63,12,18
24,4,43
36,5,38
31,4,27
28,3,9
57,9,26
12,0,36
25,1,6
58,15,7
61,6,22
50,2,44
29,4,30
39,8,13
44,2,43
45,7,38
47,10,24
53,0,38
54,1,34
31,4,44
49,14,3
44,10,13
29,3,11
41,2,45
58,1,37
41,8,33
35,6,29
42,10,27
44,7,39
24,3,26
40,2,41
21,0,50
43,9,30
23,1,25
51,5,31
29,4,42
41,9,11
42,3,40
39,1,49
50,12,0
57,2,33
43,9,2
27,3,31
47,6,39
38,7,20
45,10,10
25,5,37
63,15,6
40,8,22
55,3,37
33,2,42
14,1,36
31,4,19
36,8,4
50,5,38
55,10,21
35,5,2
42,0,48
15,1,41
52,0,38
22,4,43
63,10,15
62,11,14
28,4,35
54,1,42
35,6,31
15,1,37
48,3,38
28,3,29
51,13,15
35,4,39
44,11,16
50,6,29
45,1,44
31,1,47
45,9,27
45,8,38
46,4,44
29,4,26
54,9,22
45,5,41
50,14,20
50,14,19
34,4,5
24,2,27
45,6,38
43,9,29
59,0,42
46,12,21
22,1,15
30,5,15
29,4,11
57,11,18
41,2,47
38,8,18
49,8,29
53,3,32
32,7,41
59,6,24
58,15,11
61,6,21
46,1,44
19,3,33
38,3,42
21,0,9
59,1,32
57,0,37
50,10,22
42,4,38
35,6,2
33,1,50
11,0,32
28,4,40
20,1,48
25,1,49
33,6,39
21,5,40
59,10,19
50,3,36
45,11,13
35,6,7
47,12,13
52,8,32
55,15,7
37,3,47
13,0,32
58,1,36
41,10,19
23,0,19
57,15,10
54,11,22
9,0,33
23,2,0
49,2,42
23,4,43
60,4,35
51,0,43
27,3,28
63,14,13
48,12,3
46,11,20
47,0,47
61,5,29
20,4,33
25,2,14
58,7,29
17,3,33
21,4,36
23,1,15
48,12,12
33,4,42
23,0,51
44,0,44
61,1,37
57,1,33
30,5,43
23,3,41
41,1,46
36,7,5
29,5,37
41,7,31
41,2,46
55,8,27
45,7,39
34,5,36
30,2,45
29,2,6
26,3,28
46,11,12
53,4,34
27,6,43
15,1,24
48,2,39
46,8,35
11,0,37
42,7,34
56,7,31
55,1,42
47,12,21
48,12,14
41,0,43
62,5,22
59,2,36
57,6,29
48,5,35
52,0,43
17,3,32
56,8,24
37,7,7
35,0,50
50,0,42
43,10,28
12,1,25
36,5,0
51,14,12
20,5,41
29,3,22
22,1,22
39,1,42
62,9,19
27,1,46
37,3,41
56,14,17
17,2,43
24,1,0
63,5,29
62,3,27
45,1,47
28,1,47
12,0,31
22,0,14
19,2,31
22,0,9
22,3,34
50,2,37
52,13,19
7,1,24
16,0,22
24,2,48
23,0,11
36,5,3
48,3,43
63,4,28
16,1,40
50,10,28
49,12,7
34,6,19
47,8,33
41,9,9
36,4,40
58,14,12
48,2,41
21,5,41
24,0,3
47,12,18
41,9,33
36,0,45
42,8,0
23,0,50
49,13,20
36,6,19
58,17,3
47,6,37
43,2,43
23,2,16
53,12,19
24,3,40
43,4,45
59,17,3
55,3,35
55,0,43
47,11,5
30,4,29
49,3,43
50,6,30
39,5,39
51,9,25
61,4,28
55,8,31
34,4,6
61,5,24
38,0,43
21,0,15
15,1,26
23,3,48
49,9,26
58,10,23
60,14,18
44,4,43
51,7,26
33,7,39
38,7,19
8,1,27
43,1,45
43,8,31
45,10,31
60,15,7
53,3,36
61,8,20
15,2,31
27,3,27
33,4,3
33,5,15
58,16,12
34,7,15
59,7,26
21,0,14
35,5,35
48,12,2
59,9,19
44,6,39
20,0,24
20,0,22
49,10,28
42,9,7
54,8,25
43,10,9
23,2,30
62,3,29
30,4,12
51,5,37
29,6,40
37,3,39
52,12,22
24,0,50
53,8,25
41,3,39
21,0,21
59,0,36
26,2,8
59,16,4
43,10,32
49,11,26
44,1,42
36,6,34
47,1,48
48,11,8
32,3,44
51,12,18
52,5,39
40,8,0
51,11,22
29,4,38
31,4,18
61,7,20
60,2,30
54,0,36
46,3,41
42,9,34
43,9,11
22,1,17
51,6,36
57,9,24
40,3,38
57,0,42
30,5,42
45,0,49
58,15,13
41,7,40
16,0,48
56,7,28
61,2,32
32,3,45
20,4,43
35,6,28
55,0,41
29,0,50
6,0,25
55,10,23
63,19,2
18,1,41
58,15,12
49,0,45
24,1,22
35,6,14
12,0,22
23,0,46
55,12,21
46,2,40
63,13,11
56,12,18
46,10,5
17,3,38
43,10,7
36,6,6
57,11,21
63,5,25
60,4,34
60,14,12
17,1,45
33,4,45
13,0,30
39,3,39
63,2,36
53,8,32
56,8,25
20,0,47
45,11,30
40,8,12
24,1,44
25,1,48
35,0,44
35,1,47
30,0,50
45,9,30
51,3,34
8,0,24
44,2,39
57,9,21
54,13,18
51,3,40
51,8,30
56,11,18
41,5,38
38,7,22
52,1,44
41,0,42
61,2,39
32,5,6
31,4,28
20,1,24
33,2,47
44,1,41
28,1,3
28,4,45
52,2,34
31,3,4
55,15,0
46,12,25
60,1,38
15,0,22
38,1,47
36,6,28
50,12,5
47,11,9
33,5,43
14,0,34
44,0,48
54,4,31
21,0,51
51,0,45
50,12,20
33,6,17
39,4,42
27,2,15
56,12,16
53,12,20
22,2,49
22,1,8
40,2,44
55,3,36
46,3,37
20,5,36
19,4,35
37,1,44
45,9,25
32,5,19
44,9,33
59,4,33
45,11,25
41,1,44
55,1,43
50,3,35
33,2,46
40,8,31
51,14,20
38,7,3
54,14,6
37,6,29
50,13,9
47,13,25
38,5,41
56,15,8
63,16,11
63,19,4
32,6,38
16,1,43
45,11,9
47,4,41
52,14,8
56,1,34
56,1,40
55,15,1
60,16,5
49,1,43
13,0,22
63,1,30
27,3,29
18,1,42
50,1,37
50,9,30
19,0,44
47,12,15
27,3,48
60,13,16
32,2,45
51,11,20
44,5,38
25,3,22
34,6,27
59,15,7
36,5,2
44,9,34
60,5,24
43,11,16
55,9,21
26,3,48
32,5,21
29,7,40
55,1,37
38,9,17
50,4,41
62,2,35
29,4,33
36,3,43
30,6,40
49,5,40
59,1,35
39,8,23
19,4,39
44,8,32
46,11,30
25,1,50
63,8,21
15,2,28
62,6,20
49,10,25
60,6,30
46,11,27
29,1,46
34,2,45
54,11,27
23,3,45
12,0,28
59,12,13
27,3,21
30,4,8
57,12,21
24,1,45
37,2,46
51,6,37
48,6,34
53,5,38
52,6,32
7,1,23
37,1,42
58,4,33
21,0,25
28,5,45
62,6,30
14,2,43
10,0,37
39,7,26
53,16,7
35,6,33
9,0,26
57,4,36
27,3,13
61,9,24
13,1,24
47,2,42
23,1,14
9,0,29
45,10,3
45,3,42
53,14,11
21,1,16
52,8,27
22,0,52
52,8,30
60,10,24
61,12,17
18,0,49
14,1,34
56,1,35
26,3,31
51,2,40
29,3,6
61,13,17
30,2,3
44,11,20
25,2,11
36,8,19
28,6,40
63,17,8
27,0,51
53,4,31
36,5,36
54,9,27
24,3,34
24,2,30
53,4,30
47,1,43
13,1,35
39,7,33
23,1,49
57,6,30
30,4,15
31,4,41
55,15,3
32,5,38
52,10,23
39,3,46
49,12,4
38,8,19
53,4,35
55,5,33
14,0,28
48,1,42
51,8,28
42,10,26
31,2,4
58,10,21
54,10,24
56,9,20
19,2,44
17,2,38
25,2,16
39,8,22
21,0,17
26,0,51
26,4,41
49,2,44
61,2,36
28,4,32
27,2,44
60,9,22
48,6,38
42,5,42
57,13,21
19,3,45
45,3,38
14,2,42
59,6,23
22,3,48
51,9,31
25,1,46
49,13,21
16,2,35
62,4,25
19,1,28
14,1,38
33,6,28
49,6,30
56,4,35
44,11,30
27,4,45
57,6,26
16,0,45
63,4,26
57,1,36
55,3,31
38,8,15
35,5,0
24,4,39
23,0,5
18,0,45
63,17,6
37,7,22
25,3,32
46,11,11
59,1,41
38,7,8
49,10,23
12,0,43
54,8,30
61,5,23
44,9,30
51,10,26
59,16,13
60,9,24
54,5,32
25,2,43
17,3,37
42,7,33
32,4,25
30,4,27
40,0,46
48,0,48
34,5,19
43,5,43
52,14,15
54,13,20
59,13,13
17,2,42
46,9,29
36,6,20
24,1,16
25,1,0
45,1,42
62,8,19
56,0,40
53,4,37
60,3,32
23,1,16
42,8,29
44,11,14
35,6,11
30,4,43
33,0,51
20,2,31
25,2,10
50,11,25
21,0,48
23,0,15
31,2,2
52,13,21
42,9,2
22,0,15
34,6,9
16,0,46
33,5,33
62,2,32
43,3,46
25,2,50
53,8,31
40,4,39
48,11,0
40,4,45
54,1,43
39,8,16
56,2,35
15,2,27
28,3,12
10,0,19
31,2,45
23,4,41
16,3,38
17,2,45
40,9,21
59,3,37
56,4,29
35,2,47
34,5,31
60,6,22
59,18,5
27,3,45
43,8,34
53,13,18
33,5,1
18,2,46
29,5,38
31,0,53
46,5,37
44,10,16
48,12,9
35,0,52
63,18,2
30,4,45
25,4,13
47,11,0
42,2,45
60,16,13
46,0,46
51,13,21
31,1,52
10,0,23
62,3,31
15,1,31
28,3,32
18,3,43
23,1,44
33,2,43
27,3,42
21,4,37
18,3,44
50,11,21
30,3,49
36,7,3
43,7,38
43,1,41
52,8,28
28,4,47
53,10,24
61,6,26
22,4,41
63,6,23
43,10,5
42,6,34
42,9,0
25,2,21
61,14,16
34,5,5
25,2,27
21,3,46
62,7,22
17,2,28
32,3,0
22,0,18
59,14,14
24,1,49
47,13,20
39,5,36
34,4,40
34,4,4
27,0,46
37,6,26
37,6,42
38,5,44
57,17,1
55,8,30
26,2,17
17,1,42
28,1,2
62,5,32
60,15,11
39,7,27
34,5,11
55,14,3
38,6,40
8,1,24
56,13,16
58,0,37
36,6,24
60,8,18
46,5,38
32,5,10
62,12,12
32,5,18
44,3,44
17,1,26
39,7,9
56,15,3
51,12,23
37,7,12
52,7,31
55,6,33
41,3,44
59,15,10
63,10,13
56,0,42
33,5,9
62,5,27
63,8,17
63,11,16
41,10,25
60,9,17
23,0,13
44,10,7
35,6,24
45,11,21
60,7,25
63,6,25
42,10,25
54,14,14
59,5,25
56,5,30
25,4,44
49,13,8
40,7,37
60,1,40
37,6,28
59,16,11
41,10,17
20,1,46
41,4,43
33,3,40
49,1,40
47,12,20
27,2,12
29,6,42
36,2,41
17,0,23
21,0,0
14,1,32
14,2,38
22,2,29
50,13,2
57,1,42
49,7,33
11,1,37
46,12,26
44,6,41
55,14,9
14,1,28
59,5,27
34,1,46
16,1,48
56,16,1
23,6,40
49,12,13
41,5,40
60,12,13
13,2,35
18,4,38
63,0,39
33,5,32
13,0,46
61,9,21
37,6,7
53,5,29
14,0,46
63,15,7
29,3,15
47,11,23
46,10,29
46,11,14
35,3,40
27,1,51
50,4,34
33,5,7
16,0,39
31,2,49
32,1,48
34,5,0
52,6,33
41,3,41
45,11,18
38,3,39
41,8,34
47,8,32
39,9,19
18,3,39
51,13,3
42,1,46
20,5,39
15,0,48
59,13,11
33,5,11
32,5,32
37,6,37
45,10,6
28,2,8
51,1,37
31,4,24
23,2,29
26,3,17
35,6,32
37,5,39
48,3,40
16,4,36
59,2,39
44,6,36
36,6,3
38,5,36
42,9,21
56,15,2
57,15,16
39,1,45
47,0,45
23,4,35
58,9,20
31,5,38
51,13,10
33,3,46
55,2,33
26,6,42
50,0,48
24,2,23
51,1,38
52,14,1
51,0,46
34,5,18
51,7,31
35,1,44
59,0,39
56,2,38
40,8,15
53,1,40
36,6,10
61,3,29
39,4,39
49,2,46
30,1,48
27,3,47
26,2,14
45,3,45
45,11,14
25,2,29
52,14,4
51,3,41
32,3,41
19,2,46
11,0,31
36,2,45
49,1,41
58,6,31
40,1,46
25,3,44
56,1,37
50,3,41
27,3,26
28,3,19
51,14,19
31,4,40
54,11,20
43,0,49
26,3,47
25,1,16
49,12,5
54,4,39
57,5,31
28,3,23
28,4,38
62,9,18
27,3,11
46,2,45
14,1,35
61,1,33
34,7,39
60,3,33
16,2,39
53,11,27
34,3,42
62,14,14
57,7,23
45,7,34
19,0,14
47,10,25
30,3,8
63,1,35
41,8,3
63,13,14
59,3,34
23,3,29
57,8,22
21,0,49
15,0,40
13,0,28
44,8,29
55,5,29
11,0,23
31,5,42
62,16,11
32,0,46
54,4,38
58,12,16
51,8,32
53,15,20
51,14,7
21,3,44
41,8,30
62,1,33
35,6,15
9,0,23
48,8,28
42,9,6
18,0,25
31,4,30
62,15,13
59,9,26
62,5,28
27,3,32
53,12,18
57,3,36
42,6,37
25,2,17
50,1,38
48,11,21
46,4,35
49,13,23
35,7,13
53,1,35
8,0,27
41,2,41
37,7,31
55,1,39
31,3,49
44,11,25
23,1,22
27,4,35
25,0,5
12,2,26
61,9,16
30,1,52
35,2,40
59,17,10
11,0,33
58,5,30
32,4,5
43,10,16
31,5,12
27,5,42
29,3,5
24,4,34
7,0,27
29,4,40
58,13,15
61,11,16
58,2,36
59,2,32
34,3,44
36,6,36
35,6,27
56,13,17
61,10,14
62,16,9
52,0,39
61,16,5
28,0,1
35,2,42
50,9,28
32,2,48
56,13,15
57,0,40
59,0,41
51,14,3
29,4,47
44,6,38
38,3,41
61,12,19
57,3,38
26,3,22
42,6,33
27,1,52
51,14,18
41,4,40
61,15,13
35,5,39
45,4,43
59,7,30
50,9,29
26,5,44
48,0,43
45,12,23
19,3,44
51,13,16
60,10,17
26,1,8
48,10,30
63,4,23
37,3,48
40,4,42
23,0,9
42,4,37
42,5,41
13,0,36
26,4,34
30,3,20
34,4,42
63,12,12
55,0,40
55,11,26
62,14,11
46,11,22
52,10,29
15,2,44
59,8,24
21,2,48
13,1,31
23,4,45
22,3,45
16,3,36
50,8,25
49,0,48
47,5,34
56,10,27
61,8,22
41,3,42
41,7,33
29,4,39
50,13,19
50,13,18
55,7,29
27,4,33
16,0,25
59,10,20
55,10,28
56,13,19
41,9,1
55,4,38
38,4,44
48,10,23
57,0,39
42,1,47
17,3,44
52,12,24
44,4,40
27,0,1
29,3,45
61,17,8
48,11,5
53,14,7
18,3,35
59,17,6
58,5,28
37,7,30
55,0,39
22,2,25
12,2,34
33,3,45
49,1,42
38,8,16
56,9,26
30,4,31
48,3,39
53,2,33
63,17,0
37,6,25
40,8,32
18,1,25
29,4,44
43,5,42
28,3,26
48,0,46
59,5,30
48,12,1
31,4,31
54,10,23
19,1,46
40,6,39
47,6,30
44,11,12
61,7,22
47,10,28
27,4,42
37,9,16
45,12,16
51,6,28
35,5,40
63,17,2
60,1,37
31,5,16
60,2,31
46,7,30
33,5,23
19,3,40
48,13,15
27,3,14
42,1,43
42,9,1
37,7,26
40,2,43
27,3,9
18,3,33
51,9,27
52,3,38
47,5,37
56,5,27
40,9,19
53,1,42
36,6,40
52,1,37
40,3,44
29,5,39
20,2,29
44,10,5
37,2,45
43,12,23
31,3,41
63,15,10
51,3,42
24,0,52
9,1,27
52,8,25
59,11,19
28,2,1
36,7,15
54,14,4
17,1,41
44,7,32
34,3,47
24,2,29
26,2,19
39,2,40
50,2,41
38,7,5
49,13,10
26,3,41
61,3,28
63,6,29
43,10,0
29,3,10
59,16,10
18,1,28
40,1,43
37,5,42
60,9,19
33,1,47
48,0,49
49,12,21
61,2,29
41,6,33
55,7,33
51,2,37
43,10,30
51,3,38
44,10,20
13,1,38
60,11,19
49,12,26
48,8,32
56,2,39
26,3,13
61,0,39
36,0,51
62,0,33
39,7,31
58,4,35
33,4,4
60,14,15
31,2,3
32,5,44
55,15,16
23,2,46
59,4,27
59,3,29
57,4,28
42,0,44
52,5,29
49,7,30
43,7,37
44,9,4
59,3,31
38,6,35
36,6,29
44,4,41
62,7,24
46,10,6
25,2,48
32,5,28
29,4,34
40,3,40
23,3,42
33,4,1
29,4,36
40,8,20
51,7,27
59,16,5
58,9,24
21,2,31
34,5,34
46,9,27
61,11,20
13,1,34
60,4,30
56,9,24
61,9,20
36,5,41
48,10,27
48,7,30
33,3,43
17,2,46
60,4,33
40,0,42
36,5,39
23,3,31
59,15,12
47,13,21
11,0,26
39,6,37
8,0,22
20,0,49
39,7,35
48,3,44
35,0,45
61,3,31
34,6,32
59,8,26
60,17,10
16,1,39
34,2,48
38,9,16
18,3,41
28,4,14
58,3,37
46,7,34
52,5,35
60,12,20
44,5,37
50,0,39
19,2,40
45,4,45
50,10,24
46,7,29
48,4,34
40,9,11
55,3,33
26,5,39
28,3,15
26,5,43
57,15,7
31,4,32
43,6,40
49,0,47
24,0,6
44,8,31
27,5,38
35,0,53
52,1,41
58,18,6
54,2,40
15,0,38
23,1,13
23,1,23
55,2,34
15,0,50
53,0,43
36,6,33
30,3,5
32,1,50
52,14,11
58,0,36
53,2,39
53,14,1
16,2,32
41,3,45
26,0,2
59,17,9
12,0,26
32,5,26
56,0,35
51,5,35
29,3,43
31,4,33
32,4,28
24,6,39
59,11,15
23,4,44
51,0,41
26,4,16
30,4,34
55,2,40
37,9,17
23,6,42
59,10,22
51,10,25
47,5,32
35,6,6
30,4,7
44,2,45
30,5,41
36,7,13
27,3,23
42,6,38
32,5,42
39,2,48
62,1,34
48,8,30
59,12,19
38,7,32
23,0,12
28,2,50
45,5,35
37,7,35
56,12,19
20,4,42
28,3,21
39,1,48
56,14,16
34,6,26
61,14,12
49,13,3
54,1,40
21,2,46
49,12,10
49,3,34
25,0,45
33,7,40
57,5,35
45,2,41
46,0,43
29,4,29
40,8,3
57,15,6
38,7,39
22,2,23
41,6,36
22,1,47
59,2,40
45,6,32
44,5,34
30,2,46
19,4,33
47,7,32
63,4,27
30,4,11
45,9,33
35,3,41
55,9,23
62,12,16
55,1,35
32,0,47
20,5,40
50,4,32
22,2,47
34,6,24
41,8,2
31,2,0
22,4,37
43,5,40
50,0,47
35,6,23
23,2,47
17,0,22
41,5,43
32,4,8
46,11,5
24,2,28
62,14,8
16,0,42
46,12,20
22,4,40
46,10,26
48,2,45
57,9,28
45,11,1
61,10,18
57,3,33
28,4,42
51,4,38
59,7,25
25,2,18
27,2,8
20,0,16
30,4,19
52,6,29
62,4,29
37,8,20
11,1,27
44,11,11
54,15,11
53,9,32
11,0,34
49,2,43
43,2,44
55,13,18
28,0,0
36,6,22
18,2,37
22,1,44
25,4,38
31,5,33
44,3,42
15,1,42
34,5,29
46,8,32
62,4,24
58,3,32
47,7,31
48,1,43
45,10,25
22,1,26
32,4,44
46,2,43
46,6,39
44,3,38
47,9,25
43,9,1
26,2,13
35,5,43
58,13,12
47,2,40
52,15,10
47,11,25
48,2,43
27,6,40
37,9,19
48,9,30
27,2,10
33,5,44
41,9,21
56,9,22
53,5,37
56,13,14
61,3,30
46,2,47
56,14,14
5,0,21
56,9,23
56,15,17
44,9,32
56,6,29
29,2,48
59,10,24
24,0,4
22,0,45
49,12,24
24,2,44
20,5,43
45,11,15
17,0,47
60,17,0
16,4,39
39,9,15
44,2,41
21,4,45
35,7,12
12,1,41
52,14,21
53,0,39
63,15,8
59,15,9
56,4,30
46,1,42
26,3,34
39,2,47
49,13,4
16,2,44
27,2,22
51,2,45
43,11,23
53,9,27
31,3,47
59,2,34
61,6,25
54,14,18
44,7,33
37,3,42
46,5,39
43,1,42
60,7,23
62,10,15
56,8,23
63,7,18
16,3,37
56,1,39
57,10,20
40,9,22
63,11,13
58,14,15
58,5,27
30,4,21
49,2,45
11,0,21
26,1,2
51,13,5
46,12,19
26,3,16
40,5,40
44,11,23
54,14,3
17,2,36
36,6,2
15,0,42
54,15,1
44,5,41
33,0,45
27,4,40
46,12,14
55,14,13
35,5,1
41,6,39
23,0,17
14,0,45
62,7,29
11,0,44
25,3,48
59,7,24
51,10,30
49,12,25
23,3,34
22,2,24
63,4,25
26,4,39
43,7,32
62,11,12
59,15,13
59,15,14
60,10,15
22,1,21
55,1,40
5,0,24
17,1,48
44,10,25
44,9,35
62,0,40
51,3,37
58,13,20
6,0,27
29,3,46
63,7,20
18,2,39
58,16,2
42,2,44
32,5,15
7,0,28
22,3,30
48,9,31
33,5,25
58,15,8
32,4,46
55,16,2
55,1,34
25,6,42
23,1,19
53,4,38
58,11,16
43,8,35
28,5,41
47,9,32
53,11,20
57,14,19
56,15,18
37,1,46
45,12,26
33,5,41
30,3,47
37,3,43
27,4,34
11,0,41
24,4,44
19,1,48
55,6,31
50,7,32
21,0,12
27,4,16
50,4,37
46,12,18
51,2,41
33,0,47
52,7,28
40,1,42
27,2,49
18,3,40
24,5,36
43,7,36
20,0,19
60,11,15
28,1,1
59,7,29
38,1,49
28,4,43
58,0,41
61,4,30
63,17,3
50,3,34
44,1,46
60,14,17
56,1,44
59,11,17
60,12,18
59,9,17
13,1,29
30,5,16
42,3,39
31,2,43
58,8,23
48,7,28
20,2,27
46,11,2
58,6,28
51,11,27
18,3,37
5,0,22
34,3,48
27,4,32
48,12,5
55,4,29
18,0,24
14,1,29
42,9,12
55,6,28
59,16,0
62,11,13
42,4,45
20,2,47
31,7,42
26,2,48
32,4,0
51,13,9
36,1,43
58,3,39
33,0,52
29,0,49
55,14,19
53,9,26
15,1,29
42,3,41
59,1,38
39,4,41
24,3,25
28,2,9
21,6,41
44,10,12
42,8,34
53,11,26
18,2,29
37,7,17
52,0,40
59,17,1
47,9,27
39,3,40
30,1,51
61,13,13
38,9,18
48,6,35
50,3,40
36,9,19
41,10,16
17,2,41
31,2,47
56,17,6
60,10,21
44,10,26
14,2,36
26,2,11
22,0,51
53,14,13
63,18,1
34,7,29
39,6,39
43,10,2
44,9,7
61,7,21
9,1,24
23,1,17
15,1,33
38,4,38
47,0,49
47,9,33
16,1,27
24,2,45
41,10,14
51,7,28
55,16,0
42,7,37
33,5,24
12,0,34
61,12,14
56,3,36
21,1,26
31,3,45
35,6,22
28,2,48
22,1,48
45,7,35
43,10,21
20,1,49
44,9,6
16,1,47
54,10,26
57,15,15
22,3,31
10,0,35
46,8,34
36,6,32
45,10,27
57,10,24
23,1,27
37,6,4
52,13,20
13,0,45
15,0,47
61,10,19
54,1,37
50,1,47
49,2,36
25,3,45
36,1,48
62,4,27
26,2,26
34,5,33
50,0,44
6,0,22
61,12,13
29,3,9
49,1,44
59,14,12
41,8,29
61,13,15
56,2,36
34,6,39
48,13,16
58,6,30
37,7,28
60,3,35
12,1,35
31,0,51
56,14,15
57,12,20
20,2,44
35,7,40
24,4,41
53,5,33
6,0,24
62,14,10
61,4,26
27,1,2
46,1,48
25,1,11
51,13,8
49,1,39
48,7,34
37,9,20
39,0,42
10,0,24
48,3,42
40,2,40
63,7,21
60,15,12
62,19,3
35,1,48
61,9,18
37,6,40
43,11,17
13,3,35
47,5,39
9,2,23
51,4,31
52,2,40
36,6,11
44,9,25
63,15,13
17,4,32
55,10,22
62,1,32
34,5,24
56,0,37
26,0,0
15,1,27
34,6,29
21,4,35
13,0,31
55,6,27
26,3,44
63,5,26
25,3,26
29,3,44
13,1,39
16,4,37
49,7,27
54,14,5
13,0,21
28,1,52
37,6,9
60,2,37
53,6,30
45,11,2
61,10,24
61,13,18
36,7,12
37,2,40
53,10,23
26,4,40
61,15,15
63,5,28
52,4,37
62,4,31
36,3,45
15,1,44
48,5,39
16,4,42
43,2,41
54,6,34
58,4,36
13,0,29
36,2,46
48,12,26
5,1,22
58,14,18
24,2,47
53,0,37
63,17,4
60,1,35
26,4,37
44,0,47
33,5,29
58,14,13
54,14,16
28,2,6
48,1,39
38,6,33
52,9,30
55,12,19
41,0,46
46,7,33
17,0,50
37,2,47
56,10,23
32,6,40
37,7,8
60,1,33
56,14,12
22,0,7
21,2,47
11,0,24
32,5,8
21,0,11
19,0,21
57,3,30
29,4,37
35,3,44
43,11,26
47,3,38
51,2,39
59,15,11
47,3,39
35,7,16
61,8,18
61,10,22
20,3,46
57,13,16
37,6,36
55,14,14
52,3,39
49,5,32
15,0,46
37,5,44
17,0,45
52,14,5
22,3,32
25,2,49
42,2,46
42,4,42
48,11,25
12,0,29
63,2,26
53,7,27
19,1,45
46,2,42
32,5,27
22,2,48
45,10,30
39,8,6
62,16,7
46,3,44
44,10,15
60,1,32
47,9,26
36,5,5
61,11,14
38,3,45
40,2,47
51,13,11
28,2,45
38,8,21
16,0,50
24,6,42
30,3,4
27,1,48
49,10,29
25,2,19
55,12,16
53,7,34
63,10,17
58,5,35
53,2,37
24,0,45
40,6,36
42,5,37
29,1,47
58,7,28
48,8,29
42,9,14
28,3,7
59,11,23
35,6,38
32,3,43
39,0,46
41,9,15
46,10,28
46,11,24
53,2,34
57,10,25
56,16,13
16,0,49
25,2,9
62,15,11
29,3,18
57,5,27
45,11,28
44,10,21
32,0,50
51,13,12
39,0,45
33,1,46
45,9,28
63,14,8
49,5,39
56,11,21
17,4,42
45,1,45
36,3,47
12,2,35
56,9,21
36,7,38
32,5,14
19,2,41
13,1,25
39,3,38
33,6,42
53,11,21
31,5,37
53,14,8
56,6,30
38,5,40
22,0,16
62,15,9
27,3,30
57,9,20
63,2,34
60,12,12
26,1,47
18,2,45
8,1,23
44,10,31
22,1,24
31,2,44
35,6,12
47,9,29
60,0,35
25,5,38
23,0,16
63,18,3
20,1,43
53,0,42
45,10,0
63,4,31
61,4,29
28,4,41
57,1,38
32,5,13
21,0,20
23,0,6
21,4,33
49,13,11
39,5,37
34,5,22
44,0,50
20,1,28
24,1,50
62,16,6
63,0,32
54,2,38
62,0,39
25,4,36
34,5,38
48,4,35
47,11,29
31,4,1
33,0,48
47,9,28
58,0,40
57,4,34
38,1,41
46,6,32
30,4,30
27,1,3
40,4,41
28,2,44
41,10,24
21,2,44
21,4,41
34,6,11
34,6,28
37,6,30
51,10,27
59,10,23
44,1,45
54,1,38
61,17,6
53,6,35
59,8,27
41,8,36
55,5,31
17,3,43
30,2,0
44,10,30
31,1,46
51,4,37
22,1,27
50,13,4
57,3,32
42,11,25
63,16,7
44,0,43
40,7,29
43,9,0
60,14,10
32,3,46
50,8,34
36,4,46
56,16,15
21,1,44
55,12,18
53,7,35
56,5,32
43,9,24
14,0,29
23,0,49
57,8,28
53,10,28
37,0,43
51,4,40
60,11,16
39,4,40
34,1,50
52,2,43
48,7,33
61,14,8
43,2,40
55,2,35
55,13,15
9,0,27
62,10,17
25,3,25
49,3,36
24,2,43
32,0,52
58,9,19
15,0,39
46,6,31
9,1,29
42,9,25
48,12,15
43,11,24
38,0,50
29,2,5
24,0,1
7,0,24
43,8,30
61,10,23
34,5,27
23,1,8
39,0,51
42,10,33
43,2,47
40,7,31
32,6,39
61,3,34
56,9,25
25,1,9
39,5,40
22,6,40
42,5,39
61,13,14
42,1,42
53,2,38
57,7,24
41,9,25
41,3,47
62,3,25
14,0,49
37,2,49
48,9,29
34,2,44
12,0,30
22,2,46
23,0,45
20,0,50
38,7,25
53,9,23
40,8,24
48,12,21
26,3,27
37,2,48
42,8,35
58,1,41
34,6,14
55,4,31
32,5,41
59,3,32
16,1,42
62,6,28
54,10,21
40,1,48
41,11,25
29,3,26
16,2,36
38,7,34
16,0,47
60,13,17
45,10,5
62,2,28
57,10,27
57,14,10
37,7,23
58,12,17
40,6,34
62,18,0
28,1,4
44,2,40
38,7,30
58,9,26
31,5,10
35,7,38
39,8,17
27,2,17
58,15,6
63,11,12
35,6,42
41,4,38
34,4,45
17,1,39
36,7,17
41,8,8
38,2,44
43,4,41
42,10,21
20,3,34
39,9,14
40,5,35
36,5,43
52,10,22
60,13,11
50,4,39
42,3,47
63,15,9
51,13,4
29,4,13
61,12,16
43,11,3
58,11,20
55,15,9
63,13,10
62,8,18
16,1,28
32,3,1
60,1,36
58,18,0
30,4,17
39,7,7
51,12,19
14,0,25
45,13,23
57,16,1
43,10,31
52,8,33
61,10,20
24,3,24
56,17,5
34,6,20
21,5,43
20,0,21
50,10,29
53,7,32
46,8,29
42,10,19
25,3,31
19,4,41
62,4,32
58,14,14
17,2,34
28,5,43
44,11,18
8,1,22
47,10,26
21,0,47
34,7,38
33,6,40
41,2,40
30,0,52
36,7,19
31,3,5
52,1,39
47,0,46
9,1,26
53,13,20
48,9,33
11,1,39
22,0,48
44,2,46
47,7,34
62,17,5
43,10,12
63,8,18
20,0,23
41,8,32
30,3,22
28,3,18
33,1,45
23,5,40
14,1,37
27,2,20
61,16,9
45,11,24
26,3,30
41,9,12
25,0,2
52,0,41
27,1,50
17,1,44
53,14,3
45,11,27
37,6,38
42,9,8
36,6,21
63,0,38
47,12,25
56,8,28
59,1,37
31,3,43
45,11,8
62,17,3
23,0,10
26,4,48
53,3,33
27,2,9
52,2,42
47,5,33
39,8,28
34,6,23
11,1,35
49,12,6
49,6,36
29,5,42
33,2,45
37,7,4
52,6,27
11,2,35
42,5,36
33,0,50
61,19,3
52,3,37
14,1,24
33,5,0
58,3,30
16,2,41
63,5,31
46,11,19
31,4,37
12,1,36
40,7,2
54,10,22
50,13,14
42,0,46
31,5,44
59,9,22
44,7,31
27,2,11
25,3,29
58,13,13
52,1,42
27,1,1
40,7,32
56,7,26
60,16,7
37,7,9
50,5,36
56,2,40
39,3,45
17,3,31
60,14,16
21,1,50
56,2,34
46,6,38
50,13,23
52,1,38
37,0,48
26,5,45
37,7,1
48,4,40
39,4,37
53,3,37
34,5,23
31,5,34
25,1,1
46,6,35
54,15,4
22,0,21
28,3,25
40,0,50
51,2,38
51,14,10
28,3,17
47,11,11
31,7,41
31,3,3
48,12,24
53,14,5
48,6,31
42,8,2
33,5,30
43,10,18
57,10,18
27,2,14
63,7,25
33,5,42
48,5,37
61,4,33
43,7,35
58,8,26
32,4,31
53,6,27
10,0,32
39,7,4
38,7,35
49,12,11
59,11,20
59,9,25
33,3,44
45,7,37
55,14,11
33,5,17
31,6,43
32,3,48
57,10,19
24,1,19
61,14,15
16,4,33
58,15,5
26,0,4
45,10,11
43,8,32
22,4,33
56,12,21
23,1,11
57,2,38
40,6,35
43,6,39
30,5,37
56,5,36
41,6,41
16,0,40
42,5,35
60,9,20
36,4,38
49,10,27
39,8,14
40,1,41
25,3,42
14,1,26
54,2,33
55,5,32
36,5,42
63,13,12
45,9,34
37,5,40
42,8,33
16,1,35
32,4,24
33,4,6
36,7,25
19,0,49
54,16,7
41,4,41
55,6,32
42,8,1
12,0,42
34,1,45
55,14,7
34,2,47
55,9,26
56,11,23
14,1,43
14,1,42
54,13,17
54,12,19
41,9,24
25,2,28
48,12,19
23,2,24
39,8,27
50,14,12
45,5,38
59,6,27
50,5,32
21,1,24
57,4,29
60,11,20
27,6,42
52,13,0
32,5,34
38,2,46
61,1,38
42,9,4
28,5,44
28,3,30
32,3,47
18,3,34
33,4,0
21,2,28
37,7,21
13,1,27
44,11,19
60,17,11
53,9,22
14,1,25
28,4,44
46,11,15
31,0,52
41,9,5
62,5,31
22,1,25
58,4,31
30,4,10
25,2,20
38,6,2
61,15,11
21,1,43
25,1,22
34,0,46
39,8,7
60,2,35
47,6,34
60,16,1
28,5,40
42,9,31
61,8,25
58,16,11
53,8,26
21,4,43
33,3,47
49,6,38
49,5,41
58,11,22
61,1,32
27,3,19
58,4,32
32,5,9
44,10,22
48,12,20
24,0,0
32,4,10
41,6,37
50,8,30
8,0,20
33,5,31
62,13,10
31,4,34
54,9,24
44,10,10
37,7,39
54,11,24
59,4,32
13,2,30
12,0,41
48,13,22
37,7,24
26,1,3
50,14,3
51,12,22
24,1,47
49,13,22
21,3,42
48,13,20
56,5,37
19,5,37
56,0,39
61,17,12
12,1,31
61,5,26
19,0,15
62,12,13
36,1,49
49,1,47
56,13,21
19,0,51
38,8,22
56,8,32
60,17,1
59,10,16
27,3,33
58,9,22
26,2,24
48,1,47
50,12,19
12,2,31
31,6,42
37,6,27
23,1,46
62,16,8
16,2,30
26,1,9
41,9,8
49,8,26
54,14,7
57,13,17
51,13,17
44,9,3
27,3,10
40,7,35
63,0,36
49,12,14
30,5,44
10,1,29
38,7,12
40,4,43
39,6,36
22,1,13
23,3,44
18,1,43
29,3,24
43,0,46
45,11,16
36,6,30
43,7,31
37,4,41
30,3,21
57,10,23
52,1,36
49,9,29
46,4,40
52,3,34
43,7,33
41,6,40
59,16,8
45,4,44
39,0,43
37,7,14
29,2,3
4,0,22
47,2,44
36,6,26
60,8,23
24,3,42
63,10,16
24,2,22
31,4,13
17,0,42
50,10,27
40,8,9
60,7,24
62,17,6
54,15,8
45,6,36
56,5,31
32,4,30
50,7,36
63,12,13
41,6,34
48,10,25
42,2,43
35,5,34
51,14,17
20,3,42
30,4,20
47,7,36
42,8,31
47,5,38
18,1,47
18,5,39
9,1,28
29,1,3
46,4,42
29,3,29
39,4,38
58,10,17
60,12,16
18,2,28
47,0,44
16,2,33
48,5,40
60,8,19
50,12,25
41,9,20
51,6,32
23,2,17
18,4,37
62,7,27
16,1,33
57,0,38
40,8,11
41,7,34
43,10,24
22,3,40
63,6,22
32,3,5
38,6,1
31,3,48
43,10,22
63,6,24
57,15,12
29,3,20
51,4,32
52,7,33
33,4,43
41,8,0
57,7,28
22,1,43
13,0,37
13,2,34
30,5,40
44,9,26
49,4,37
44,4,42
37,6,39
52,14,9
33,5,13
36,9,20
47,2,45
56,6,31
63,2,27
50,2,42
55,7,31
60,10,16
20,0,13
59,12,18
49,12,9
60,11,17
56,3,37
61,9,17
36,3,44
32,4,4
39,6,35
26,2,45
34,1,48
49,13,24
27,1,49
63,3,33
50,6,35
52,13,6
30,4,35
14,0,32
40,2,46
59,13,14
38,6,0
58,1,39
46,3,38
40,2,42
49,4,40
57,1,39
46,7,36
36,7,9
45,5,37
46,10,31
38,8,14
42,0,42
27,2,13
30,3,7
46,6,37
25,5,43
30,4,38
53,9,28
60,5,25
48,10,28
21,1,20
23,0,8
25,1,21
36,0,50
48,1,46
51,3,36
24,2,17
31,4,43
51,14,9
29,3,17
34,0,44
48,2,38
26,2,21
29,5,45
36,3,46
60,8,21
35,4,45
33,4,41
31,4,46
51,9,28
56,12,22
41,5,42
63,18,4
47,9,30
51,13,6
51,1,41
54,14,1
40,5,42
30,4,42
34,3,45
63,2,32
32,2,47
44,10,28
39,0,50
16,2,34
49,8,32
21,1,48
53,2,40
49,4,39
26,2,22
23,4,36
53,14,12
59,1,36
13,2,43
57,14,12
39,4,44
55,10,26
51,0,38
55,4,36
46,9,31
48,6,36
57,6,31
54,11,18
29,0,53
55,0,37
54,13,15
28,4,39
62,11,17
24,5,42
36,0,49
60,17,5
19,1,47
32,1,51
35,4,46
44,5,39
17,4,43
15,3,33
46,11,16
23,1,50
41,4,42
62,18,2
53,1,38
29,4,25
42,5,40
46,12,17
57,4,30
55,3,34
42,7,38
47,1,47
40,5,36
32,5,39
63,18,0
15,0,41
62,7,19
50,1,39
43,8,29
51,4,36
33,4,8
32,1,52
49,2,41
49,0,44
29,4,21
63,1,37
60,12,17
58,3,38
54,4,32
54,3,37
61,5,25
35,4,44
56,10,21
55,4,35
16,1,46
28,5,39
50,13,20
59,3,33
43,9,25
26,3,23
62,2,33
33,6,19
36,4,42
31,0,50
50,12,22
63,3,32
61,17,9
48,12,7
61,0,36
51,2,35
16,2,45
25,1,45
48,4,39
27,5,40
53,0,40
59,18,4
19,3,42
44,8,34
24,4,37
43,9,26
53,1,36
18,1,40
22,5,43
61,7,26
33,7,30
26,4,35
60,6,24
59,6,25
37,7,5
49,4,34
63,0,31
43,10,8
26,3,10
57,15,0
50,8,27
57,2,31
58,7,25
50,2,38
20,3,45
60,7,22
39,8,35
19,5,40
20,4,38
52,5,37
33,4,38
42,10,32
27,0,52
36,5,4
58,6,33
9,0,31
33,3,48
57,2,34
55,12,15
28,4,31
24,5,40
42,4,44
39,7,5
60,0,41
15,0,36
45,12,27
50,8,32
20,2,46
35,6,26
40,8,1
53,10,22
39,7,37
22,4,44
58,5,31
28,5,42
49,3,41
22,3,42
57,16,6
49,2,40
62,17,7
53,15,18
20,0,52
47,12,4
54,11,21
54,14,8
49,14,12
30,3,44
47,0,48
50,13,10
55,4,32
63,4,32
57,16,15
26,0,52
29,3,13
46,0,44
61,17,2
55,2,32
40,8,6
48,7,31
43,3,38
41,0,50
27,5,44
58,3,35
47,11,3
41,5,41
37,7,15
61,13,10
48,10,24
41,4,36
39,2,46
28,1,49
62,1,30
59,13,18
18,2,41
53,8,30
20,0,14
44,10,14
43,11,18
60,4,31
49,10,30
41,6,38
61,14,14
34,6,8
57,17,2
37,6,34
28,3,46
38,0,45
40,0,44
49,13,18
43,9,32
48,0,42
25,4,39
36,6,7
25,3,33
40,9,15
63,5,22
58,12,20
47,10,31
29,3,48
52,9,29
17,3,35
40,8,25
43,6,41
17,0,46
41,8,1
49,1,38
24,0,8
35,6,34
12,0,39
28,6,43
40,8,27
44,10,24
24,1,20
52,7,26
58,2,31
41,9,17
50,12,1
63,17,7
50,13,16
29,3,4
63,2,30
21,1,17
31,5,17
10,0,39
57,11,19
47,1,44
16,2,42
44,9,5
45,5,39
60,0,36
27,2,26
40,0,43
47,12,3
61,14,17
18,2,44
33,1,48
10,0,29
47,4,37
31,3,1
48,4,41
14,0,31
62,6,27
52,6,31
49,13,13
63,1,36
45,10,29
50,0,40
34,5,41
15,0,25
30,4,33
48,13,17
59,6,30
61,1,39
59,13,19
40,6,37
61,16,10
41,9,22
58,8,21
48,5,34
27,5,43
13,0,27
26,2,25
30,4,28
40,8,34
20,0,18
48,12,8
44,8,33
62,16,12
58,1,32
47,12,1
51,7,29
25,2,22
38,0,48
27,5,39
51,11,23
38,9,20
31,5,32
27,5,16
52,5,32
43,11,12
48,9,24
33,5,20
48,5,32
30,4,46
63,4,29
17,4,33
30,0,47
6,0,23
50,6,31
48,11,7
36,6,35
33,4,40
42,9,20
40,6,38
41,8,7
32,2,46
19,4,36
51,1,39
52,1,43
62,18,6
55,11,23
25,0,6
48,11,4
60,17,2
41,7,35
21,2,43
63,1,32
13,0,35
35,3,45
55,6,26
57,5,32
43,9,33
36,5,1
61,7,23
13,1,43
52,13,23
49,12,18
37,2,42
48,12,27
52,0,46
36,5,40
35,6,13
61,15,8
32,3,3
42,9,23
54,12,18
12,1,30
33,5,35
22,5,42
60,11,14
58,0,42
55,3,38
31,0,47
37,7,37
22,1,16
7,0,23
22,4,35
37,5,38
38,6,4
21,2,41
38,8,27
38,4,39
51,12,20
31,4,16
21,1,47
27,1,0
31,6,40
23,2,21
56,7,25
31,4,20
58,16,0
45,11,11
18,4,39
59,10,18
52,13,10
51,1,43
62,2,30
63,2,29
42,2,40
63,18,7
58,13,16
37,7,27
19,2,47
32,4,22
62,15,6
30,4,13
56,9,27
60,5,30
17,3,36
45,6,34
48,5,36
38,9,19
36,4,37
62,2,34
59,11,22
47,7,35
45,0,46
42,9,29
31,3,7
19,3,36
51,14,21
26,2,47
25,2,44
54,5,33
50,13,24
57,14,16
38,2,48
58,16,4
36,1,47
46,11,23
35,7,17
54,3,39
43,5,39
60,17,4
49,9,32
31,4,12
45,2,45
48,0,45
25,4,37
48,11,26
60,9,23
49,11,28
33,5,28
46,11,8
6,0,21
28,3,14
27,2,47
62,13,11
55,2,38
58,8,24
18,0,48
48,12,17
49,10,24
39,8,12
25,1,47
47,12,7
