3,14,35
0,15,15
6,16,4
23,22,1
11,18,6
2,16,22
1,14,8
0,13,4
18,23,15
7,18,35
2,13,4
3,14,4
1,15,29
9,20,23
15,22,22
2,14,6
15,21,12
8,19,27
0,15,17
23,23,0
15,23,27
7,18,29
11,21,23
4,17,24
13,20,13
9,19,34
13,21,34
18,23,30
1,15,28
9,18,4
4,17,28
15,23,16
12,20,32
23,23,1
1,15,16
8,17,5
14,22,26
17,23,17
23,23,4
21,22,4
15,22,27
22,23,5
14,22,12
3,16,12
8,19,24
9,19,35
6,18,15
19,21,3
7,19,29
8,18,8
10,17,2
0,11,1
9,18,7
2,16,18
1,14,7
18,23,33
24,23,0
16,18,0
5,17,20
1,11,0
11,20,23
14,21,12
1,12,2
15,22,11
14,22,18
6,17,34
1,14,14
2,16,20
8,20,19
13,21,29
11,21,24
0,13,8
17,23,14
6,15,4
13,20,12
0,14,13
13,21,28
2,15,12
5,16,10
7,18,11
8,18,4
12,20,34
7,16,8
0,14,10
5,17,12
13,22,31
16,22,5
18,21,2
9,20,30
11,20,10
1,13,35
25,23,0
14,19,3
15,21,7
13,19,6
11,18,7
4,16,13
9,18,35
1,15,15
15,22,29
12,21,22
9,19,17
19,21,0
13,21,17
8,19,15
11,17,3
13,20,33
17,22,11
18,23,11
2,15,11
11,19,32
5,17,18
18,23,35
1,16,23
14,21,7
15,18,1
2,16,29
0,15,21
15,22,17
14,20,8
7,18,33
20,21,0
8,18,3
18,23,9
10,20,20
9,15,0
8,19,20
9,17,5
17,22,6
10,16,1
9,20,24
11,17,0
5,16,8
12,20,14
11,21,32
9,18,34
14,22,28
2,13,3
1,13,5
3,16,15
10,19,35
9,19,25
6,18,22
15,22,15
15,23,28
10,17,4
13,21,25
1,15,27
2,14,5
20,20,0
3,16,13
5,17,13
1,15,23
16,22,6
15,18,0
5,15,6
0,12,0
15,22,20
9,19,19
7,19,18
5,18,19
7,15,2
1,15,21
11,18,3
2,15,28
1,16,22
6,16,7
4,17,33
4,15,10
3,14,8
1,16,25
9,18,5
10,20,16
9,18,12
3,13,4
16,23,17
0,15,27
0,14,29
14,22,33
8,19,22
5,16,33
17,23,34
14,19,0
14,22,25
7,18,18
12,19,4
15,22,31
14,22,35
7,18,15
21,23,7
16,22,29
11,19,12
4,13,2
10,20,21
15,20,7
17,21,6
6,17,12
3,13,0
0,14,14
17,20,2
11,17,2
6,17,28
3,15,6
12,20,28
20,23,3
16,22,34
7,17,6
5,16,14
0,13,10
12,17,1
8,18,12
0,13,34
11,20,22
17,23,12
6,18,14
12,21,26
1,16,27
10,20,30
0,13,35
16,21,5
6,17,16
13,21,13
18,21,3
1,15,13
12,21,31
1,15,11
7,18,14
11,19,34
15,20,3
16,21,7
8,19,25
17,23,27
10,19,6
2,14,33
16,23,13
7,18,20
7,17,32
6,17,29
22,23,3
8,18,31
8,17,0
17,23,30
20,23,6
10,19,28
8,20,25
2,15,14
16,23,25
12,21,28
8,18,34
6,18,18
25,23,2
11,19,8
6,17,35
5,14,0
13,18,0
9,17,1
24,23,1
11,19,13
2,16,23
9,19,13
15,22,10
13,18,1
13,22,30
17,23,26
5,16,32
17,23,19
7,17,11
10,19,14
6,18,28
20,21,2
7,18,31
14,21,5
24,23,3
7,18,19
3,17,31
2,16,24
0,15,23
10,18,9
11,17,1
3,16,25
4,17,18
5,16,13
7,19,21
5,15,4
14,22,14
8,18,15
18,22,7
22,23,1
7,19,16
16,23,34
6,17,17
19,23,6
1,12,1
3,17,26
13,21,12
1,14,12
0,15,33
14,22,20
10,20,10
11,20,27
13,22,28
0,14,7
3,14,3
11,19,5
15,21,11
7,16,6
16,22,12
10,19,9
4,15,8
20,21,1
5,17,14
15,23,21
12,21,27
14,20,5
3,17,27
16,23,33
4,16,31
13,22,24
2,12,1
17,22,10
11,20,29
8,16,4
3,16,32
14,22,19
11,20,21
13,22,22
0,13,3
11,20,28
14,20,4
15,22,35
6,14,0
15,21,35
9,17,2
9,20,11
0,15,14
5,18,17
3,14,5
4,14,0
5,17,21
2,16,21
8,16,6
7,16,3
6,17,8
8,20,27
3,16,26
17,23,18
1,15,12
14,21,31
5,17,29
11,20,30
11,18,4
3,15,13
17,22,35
10,20,24
17,23,23
26,23,0
13,18,4
11,20,13
0,14,33
11,21,18
3,16,27
4,17,29
4,17,15
13,18,2
11,21,19
7,17,34
3,13,3
13,20,11
6,15,2
7,18,26
10,19,33
10,18,0
0,15,26
1,16,18
19,23,8
13,19,1
15,22,32
3,15,12
13,21,23
7,15,1
14,21,32
25,23,1
12,20,15
13,19,4
11,21,31
6,16,10
0,14,11
10,17,6
17,23,21
2,13,2
15,21,6
4,16,32
8,17,3
7,18,24
14,18,0
7,19,30
12,19,9
13,21,33
12,19,6
5,17,17
13,22,26
9,18,13
16,22,33
15,22,24
4,17,32
14,21,11
8,18,11
4,14,1
3,15,8
4,17,14
20,23,9
5,17,33
3,13,1
12,18,2
0,11,2
6,18,19
1,13,4
13,21,19
11,21,29
17,22,8
16,20,0
14,20,10
10,18,4
23,23,2
2,14,4
14,23,27
0,15,19
0,14,32
11,20,19
23,23,3
20,22,3
4,18,24
16,23,16
18,20,1
16,21,4
4,18,25
22,22,1
18,23,10
3,16,31
9,20,32
14,21,30
9,16,2
8,17,4
4,16,18
16,23,32
17,22,12
1,16,20
7,16,2
4,15,5
6,18,20
17,23,25
14,19,6
16,21,10
14,21,14
19,23,10
10,20,22
9,20,10
8,19,13
3,12,0
9,16,1
6,16,35
13,21,15
4,15,33
1,15,19
6,16,5
12,21,23
6,16,9
3,16,33
17,23,13
4,14,4
5,18,26
3,17,18
1,16,19
18,21,4
10,20,29
8,20,28
3,16,22
1,15,20
17,20,4
3,17,20
21,23,5
12,21,17
18,20,0
12,21,30
9,19,33
15,21,9
9,20,27
14,22,32
0,14,31
0,12,2
13,20,10
13,20,8
0,11,0
21,23,3
11,19,33
1,14,11
3,16,21
0,12,6
19,21,2
18,21,5
9,17,8
11,20,12
1,15,24
14,20,3
4,17,16
11,19,11
16,20,6
26,23,1
17,23,29
5,16,31
16,23,14
7,18,17
12,21,19
0,15,24
2,16,13
4,16,29
9,17,6
11,21,16
10,18,3
5,17,35
1,13,0
13,21,21
11,20,34
0,14,27
15,19,3
6,15,3
11,20,18
0,15,25
8,17,10
8,18,32
14,22,24
15,22,23
8,18,13
7,14,0
11,21,27
11,20,26
2,15,10
16,22,13
10,19,10
23,22,2
9,20,28
7,18,12
15,22,14
15,22,25
13,22,32
4,16,14
13,21,24
8,20,22
13,21,31
2,14,7
22,23,4
6,18,31
10,19,8
2,15,8
16,23,28
5,18,25
12,21,32
7,19,15
5,17,16
8,18,30
17,20,0
11,20,33
6,18,26
9,18,2
7,16,7
12,20,35
3,17,21
17,21,4
9,20,31
7,18,21
19,22,3
5,16,34
3,16,34
3,17,29
3,17,22
0,14,18
10,18,10
7,19,28
8,17,7
9,20,25
8,19,32
12,20,12
16,23,12
16,23,21
15,21,8
11,18,1
15,22,33
6,18,23
19,23,9
16,20,1
21,21,0
3,14,7
6,15,1
16,20,4
10,18,34
9,18,11
1,16,29
14,18,2
24,22,1
15,21,34
1,14,30
4,16,8
10,17,3
3,17,32
9,19,27
14,19,4
3,16,17
19,22,4
2,16,16
1,14,32
7,18,10
17,23,32
5,18,20
16,22,9
14,19,1
16,22,32
1,16,17
12,21,20
4,16,16
12,19,35
4,16,33
16,23,31
5,17,31
15,22,34
1,14,34
18,20,2
14,21,8
4,15,4
10,20,28
6,15,0
6,16,33
3,16,19
5,16,12
12,19,8
1,12,4
20,23,5
5,14,1
6,16,34
4,14,2
0,15,31
8,18,9
1,14,10
3,15,11
8,18,14
18,23,8
9,20,22
4,16,34
14,21,35
7,17,13
17,22,9
13,17,0
21,21,1
21,22,1
14,21,10
20,23,7
9,19,21
12,18,6
15,23,25
17,19,0
3,17,24
10,18,35
0,14,12
13,22,29
15,22,30
17,22,5
18,23,13
8,15,1
13,21,22
13,20,9
7,18,23
15,23,17
7,18,25
17,23,15
10,17,5
15,23,18
22,22,3
3,13,2
0,14,28
15,23,19
10,17,0
4,17,25
7,19,22
11,18,0
0,15,30
3,14,6
8,17,1
10,20,31
6,18,24
21,23,2
20,22,1
18,23,16
10,20,23
1,14,6
7,16,5
9,18,6
8,19,31
0,15,16
10,20,19
3,17,23
6,17,14
10,20,25
6,17,11
10,18,7
1,13,3
15,20,8
15,23,26
5,15,2
17,23,33
14,21,9
17,21,5
11,19,9
9,19,15
2,14,34
8,15,2
7,18,16
16,22,31
7,19,23
11,20,25
4,17,22
10,19,11
4,14,3
0,16,18
4,13,1
12,22,21
16,20,5
3,17,28
16,21,9
16,23,26
11,21,21
12,17,0
0,13,6
5,17,23
16,23,23
12,20,29
2,16,30
8,15,0
17,19,1
10,20,15
7,19,19
14,23,22
8,18,10
17,23,20
8,18,16
10,20,13
7,17,35
2,13,1
4,17,20
14,23,25
17,20,3
0,15,22
15,21,33
7,18,28
2,12,2
0,15,32
7,16,4
3,17,30
7,18,32
6,18,27
6,15,5
20,23,8
4,15,35
3,15,32
13,22,17
1,13,6
1,15,22
3,15,7
8,19,16
9,20,26
2,15,30
13,21,10
12,18,1
13,22,27
6,18,29
18,22,6
5,17,27
21,22,0
6,16,6
12,20,16
11,17,4
15,20,5
3,15,35
19,21,1
9,18,9
0,13,33
8,19,18
12,20,13
7,17,7
5,17,24
9,19,30
3,15,31
3,16,14
8,18,7
1,15,31
11,20,11
8,19,28
12,17,2
18,22,4
1,15,25
2,15,9
9,19,12
1,16,21
3,16,20
15,19,4
8,17,9
6,18,30
4,17,17
1,15,33
1,15,17
9,17,4
3,16,29
3,14,9
17,23,24
16,22,15
9,20,29
13,21,16
8,19,21
8,16,1
9,20,21
6,18,11
4,15,6
4,17,26
11,20,20
5,14,4
17,23,10
14,23,24
8,18,33
15,22,16
9,18,10
0,15,29
6,15,6
24,23,2
0,14,6
6,18,25
0,12,1
6,14,2
13,22,21
1,15,14
13,22,20
17,21,2
8,19,33
13,19,8
11,20,14
19,22,7
12,20,33
1,12,0
17,23,31
12,18,0
1,15,18
12,21,15
13,20,4
22,23,6
4,15,11
12,21,21
17,22,7
7,17,8
4,16,17
0,13,5
5,17,30
14,22,16
7,19,17
15,22,13
7,19,26
15,20,4
20,23,2
6,14,1
2,14,8
1,12,3
5,16,11
10,19,5
7,17,14
16,23,18
2,15,34
15,21,10
7,19,24
0,14,19
5,16,7
12,21,14
7,18,30
2,16,26
16,21,8
13,21,20
8,16,5
8,19,17
18,23,32
0,15,20
3,14,2
10,20,32
10,19,32
4,16,35
8,18,35
14,23,23
21,22,3
15,22,12
0,12,3
18,23,14
11,20,31
4,16,10
10,19,13
13,22,25
14,22,22
9,20,18
4,16,12
13,22,23
22,23,2
13,19,2
22,22,0
1,14,35
19,22,5
5,16,35
10,18,5
9,20,17
19,20,0
17,21,1
10,19,30
5,18,28
13,18,3
13,22,19
12,21,25
5,15,7
20,21,3
7,18,22
11,20,32
22,21,0
2,14,9
19,21,4
5,18,24
10,17,1
12,19,7
1,14,33
6,17,15
13,20,34
2,13,6
21,22,2
5,18,22
10,21,29
3,16,18
8,20,20
0,16,21
2,16,31
1,13,7
12,18,5
9,16,0
2,12,0
13,22,18
20,22,4
8,16,2
4,17,27
0,14,16
9,19,23
2,16,32
19,23,11
16,23,29
16,20,2
0,12,4
9,17,3
6,18,12
11,20,35
13,20,7
19,20,1
16,19,1
15,22,19
4,17,21
9,19,10
5,18,23
2,15,29
14,22,17
9,19,20
11,18,2
10,19,29
9,18,32
7,19,25
19,23,12
5,17,26
6,17,30
17,22,34
4,16,28
9,19,29
14,22,29
6,18,16
14,22,27
11,19,35
13,21,32
7,19,20
15,22,26
5,15,8
5,17,19
16,23,24
3,15,10
18,23,7
12,20,8
16,22,14
4,15,1
9,16,4
12,18,3
17,21,7
9,20,20
8,17,6
6,17,13
14,22,30
5,13,0
6,17,6
14,19,5
12,21,29
13,21,11
2,16,15
16,22,30
16,19,2
9,16,3
15,23,14
5,17,28
3,14,1
4,17,19
5,17,25
2,15,35
11,20,17
5,15,1
11,21,20
16,23,27
7,17,12
1,14,13
14,18,1
13,21,35
5,14,3
4,14,6
4,15,7
16,22,16
16,20,3
23,23,5
20,22,5
14,22,31
9,18,3
8,17,8
10,19,15
18,22,8
10,20,26
0,12,5
10,20,17
3,16,23
16,23,20
11,16,0
8,18,6
5,17,15
11,19,7
12,20,9
19,23,7
4,16,9
9,19,24
1,16,28
8,18,28
3,16,28
9,17,0
10,16,2
8,16,3
9,19,16
3,16,24
0,14,17
16,22,10
14,20,6
14,19,2
14,21,33
0,14,30
14,20,9
10,20,27
1,15,30
8,19,30
5,16,9
5,16,6
12,21,24
16,22,8
4,16,11
0,14,8
10,19,34
6,16,11
21,23,1
6,17,33
11,21,28
6,17,31
10,19,31
12,20,30
13,20,3
4,16,30
24,22,0
2,15,16
1,15,26
4,13,0
3,16,16
8,16,0
3,15,33
5,14,2
14,20,7
2,17,26
14,22,15
15,20,6
5,18,21
8,19,19
13,20,35
10,20,14
15,20,2
8,19,23
2,14,35
1,16,24
17,23,28
2,16,19
16,22,35
12,20,31
20,22,2
8,17,11
2,15,15
0,14,15
7,15,3
9,19,11
0,13,7
20,22,6
2,16,25
13,21,27
13,22,16
10,19,7
10,18,6
18,22,9
15,23,23
6,18,17
1,15,10
14,22,23
7,19,27
7,18,13
9,19,26
16,21,6
15,19,0
13,19,3
7,17,33
15,19,2
5,15,3
5,17,11
2,16,28
18,22,10
9,19,31
15,22,21
11,21,22
11,19,6
1,15,34
14,21,15
9,19,9
1,15,32
12,21,16
15,23,20
5,15,5
12,21,33
16,23,22
3,14,0
3,15,34
4,16,15
12,19,10
2,13,0
14,21,13
11,19,10
13,19,5
12,20,11
11,21,25
1,13,8
9,19,22
21,23,4
0,16,20
7,18,27
7,17,5
3,17,19
7,18,34
10,20,18
7,17,4
13,19,0
16,23,19
10,16,0
8,17,34
5,17,32
1,14,9
18,19,0
8,18,29
14,22,13
7,17,9
11,20,16
6,18,21
0,15,11
10,18,8
5,17,22
0,14,35
17,21,3
12,21,18
1,15,35
13,21,14
8,19,26
10,19,16
16,19,0
4,15,9
17,20,1
18,22,5
2,16,17
4,17,30
11,18,5
19,23,35
4,17,31
2,14,10
2,15,32
3,16,11
1,16,16
18,23,5
15,22,18
16,23,15
17,23,16
4,15,34
12,20,10
5,18,18
8,19,14
2,16,27
4,17,23
2,15,13
0,13,9
14,21,29
9,19,28
8,17,35
10,18,1
8,19,29
17,23,11
9,20,19
0,14,34
15,23,22
2,15,33
19,22,6
9,19,14
7,17,10
11,20,15
13,19,7
2,13,5
16,23,30
23,22,0
5,18,27
13,21,26
10,19,12
2,15,17
17,23,35
1,16,26
21,23,6
11,20,24
8,18,5
15,22,28
9,17,7
2,15,31
13,20,5
2,16,14
17,23,22
12,19,5
15,19,1
18,21,1
14,21,34
6,17,10
13,20,6
0,14,9
18,23,34
13,21,30
6,16,8
7,15,0
9,18,8
9,18,33
1,14,31
22,23,0
0,15,28
18,23,31
13,21,18
16,22,11
22,22,2
9,19,18
11,19,4
18,23,29
8,18,27
11,21,26
11,18,8
6,17,9
21,21,2
15,23,24
9,19,32
3,16,30
4,14,5
3,15,9
18,23,12
14,22,21
12,18,4
0,15,18
6,17,32
3,17,25
