9,22,26
23,16,16
53,20,13
63,19,6
49,22,14
12,5,15
32,16,17
38,17,6
60,23,15
46,15,5
34,6,4
18,5,8
22,11,5
32,22,15
48,15,8
15,13,17
18,3,7
16,22,25
35,20,21
30,18,8
41,22,12
15,5,13
26,13,6
56,12,4
37,0,4
33,19,15
41,11,4
0,19,27
20,20,20
31,19,13
27,7,3
30,22,26
11,0,10
49,19,12
24,3,0
22,16,16
63,16,5
63,3,0
13,16,18
33,7,4
17,23,25
60,12,2
49,21,14
4,1,20
28,21,26
24,14,8
37,1,4
31,21,22
44,18,7
58,23,15
23,23,25
23,10,6
24,23,26
53,22,12
28,2,1
16,19,19
62,16,5
6,20,26
35,21,16
3,22,32
42,11,4
4,19,26
60,18,4
19,4,8
48,19,11
38,20,10
45,19,9
16,2,10
47,19,9
48,16,8
26,15,11
38,17,7
34,20,15
11,4,16
36,21,14
54,22,15
9,17,21
59,3,1
44,10,5
30,21,23
27,14,14
18,2,6
22,12,3
27,18,14
33,22,25
48,18,9
7,21,27
23,8,13
49,2,3
5,18,24
14,19,19
20,8,5
40,22,14
31,17,19
29,20,24
12,14,18
47,1,2
61,3,0
30,19,20
16,11,15
3,17,24
39,18,8
51,3,4
58,20,8
50,16,9
53,4,4
14,12,17
5,17,24
25,14,6
42,9,4
31,16,19
24,13,13
4,21,29
28,7,3
30,20,21
21,11,3
0,17,25
57,2,0
18,2,4
38,22,11
10,1,13
16,5,12
58,18,5
41,0,3
60,18,6
51,0,0
21,2,1
32,20,12
13,23,26
26,1,0
22,8,7
33,18,20
25,12,3
35,21,23
25,19,19
56,22,13
57,21,11
62,4,1
35,22,14
32,11,6
39,12,4
42,11,5
24,16,17
45,22,15
5,0,16
8,21,25
41,21,12
21,7,3
53,7,5
52,16,9
25,14,11
54,13,7
40,14,5
9,8,18
31,20,12
12,23,26
32,16,7
19,2,3
6,14,21
57,13,4
28,17,8
42,15,5
11,2,14
44,21,11
20,19,20
8,23,29
44,19,8
17,10,13
21,19,17
39,23,15
25,20,24
58,23,14
12,23,27
0,1,22
26,17,5
55,15,6
18,10,13
23,19,22
35,19,18
20,7,13
23,12,9
23,12,6
31,6,4
43,20,9
41,15,6
32,20,14
63,4,2
22,19,18
32,17,7
38,23,23
29,21,25
36,20,10
31,20,21
15,2,12
37,6,4
37,15,5
23,12,10
53,21,13
36,22,23
54,16,8
13,13,18
51,21,13
8,17,22
12,7,16
61,21,10
44,21,13
55,8,6
3,19,27
52,19,11
26,3,0
0,3,23
18,6,11
11,6,17
21,14,15
10,0,12
24,23,28
46,5,3
31,10,5
12,11,17
50,8,7
52,4,4
44,17,6
25,5,2
38,2,4
43,13,5
19,12,15
35,20,18
23,17,5
30,6,3
11,9,17
31,18,16
11,11,17
49,1,3
9,0,10
63,15,5
44,15,6
17,20,22
14,19,20
27,19,23
40,19,8
1,14,24
34,20,22
15,13,16
2,5,24
33,21,23
60,21,9
18,3,8
15,5,14
30,16,18
9,10,18
20,15,16
22,7,2
33,12,5
3,13,23
31,16,16
50,21,13
28,1,0
44,0,3
41,4,4
52,7,5
31,17,16
1,20,32
50,4,4
3,22,31
50,7,6
26,4,1
49,14,7
22,6,12
36,23,18
47,7,3
27,4,2
63,22,14
38,23,19
54,6,5
1,21,31
12,13,17
24,17,10
14,2,11
23,11,11
29,18,14
33,23,26
18,2,7
37,21,20
45,17,6
52,8,7
18,1,5
57,12,4
42,21,10
58,10,1
36,22,15
49,21,13
27,11,5
19,12,14
2,14,23
51,1,2
2,22,34
45,23,16
11,13,17
14,18,19
5,14,22
20,10,4
58,7,2
21,18,17
29,0,1
28,9,4
44,20,11
16,7,13
39,19,8
6,23,30
23,9,11
60,11,1
20,4,5
14,12,16
24,14,7
25,15,9
24,12,3
56,21,12
30,10,5
26,21,26
28,12,6
6,0,15
32,17,8
16,19,21
17,0,7
23,23,27
47,8,5
18,4,8
55,20,12
19,22,25
59,13,2
24,15,16
60,10,2
20,7,12
23,19,20
55,15,7
49,5,4
36,21,18
37,7,4
25,15,6
20,10,7
29,16,19
55,22,14
13,12,17
27,17,11
27,9,5
41,23,15
59,3,0
16,3,12
12,13,18
15,8,13
11,1,11
21,23,26
55,10,5
43,4,3
27,13,16
24,2,0
26,12,5
31,20,14
63,2,0
51,19,11
23,23,26
27,9,4
51,2,4
49,3,3
63,1,0
26,13,14
9,5,18
18,0,0
37,16,7
33,22,14
3,22,30
32,19,14
31,12,6
36,12,5
24,19,23
34,17,6
42,18,6
23,4,2
3,12,23
13,12,18
23,12,14
16,3,10
2,0,20
28,23,28
59,18,4
21,9,7
27,16,8
43,22,14
26,18,22
19,5,11
50,14,8
7,7,20
22,22,24
22,7,10
52,20,12
30,15,6
47,21,12
3,18,26
39,13,5
3,15,24
42,21,9
35,15,6
44,18,8
59,4,0
22,13,15
28,15,15
1,1,22
12,20,23
21,5,11
41,19,9
62,17,4
33,14,6
7,18,24
0,4,23
22,21,22
30,19,14
4,4,23
30,17,16
53,19,10
37,19,9
34,21,15
55,10,4
32,18,20
20,19,19
29,17,8
19,5,7
34,22,14
50,8,6
15,22,24
32,21,23
23,16,4
42,2,3
4,16,23
10,16,19
39,5,4
52,21,14
8,1,15
11,19,22
43,23,15
37,17,7
32,20,21
24,13,7
29,3,2
9,18,21
32,19,11
25,14,12
54,11,7
12,3,16
24,14,11
17,9,12
15,10,15
51,1,1
39,11,5
28,9,5
52,10,7
32,17,19
51,21,14
27,18,9
19,1,1
22,10,14
6,12,21
47,18,8
13,4,15
62,17,5
31,20,20
41,17,6
46,7,4
23,14,6
53,20,12
22,7,12
42,14,5
22,6,2
53,3,4
52,19,10
21,15,15
54,19,9
29,18,20
63,21,11
5,16,23
7,13,20
49,22,15
33,15,7
25,13,3
13,22,26
63,14,5
22,11,6
22,9,6
15,12,16
25,20,23
7,23,30
11,3,14
60,4,1
32,21,12
14,20,20
22,8,11
21,18,18
32,21,14
43,6,4
37,2,4
6,7,22
2,8,24
48,16,7
44,3,4
7,5,21
31,3,3
25,11,4
56,14,6
27,1,1
21,5,4
23,13,9
29,18,13
40,6,4
12,3,13
7,15,21
44,22,14
53,2,3
10,7,17
44,16,6
59,20,8
1,0,20
2,23,35
20,9,7
38,23,13
46,6,3
40,10,4
36,22,20
26,14,4
36,21,20
27,21,24
56,3,0
2,9,24
34,0,3
46,22,15
12,0,10
37,23,17
25,6,2
56,13,4
19,7,12
36,9,4
19,3,9
25,3,0
45,21,12
24,15,6
8,18,22
57,17,5
30,17,19
16,20,23
28,13,17
56,5,3
31,19,21
56,13,5
26,10,4
25,15,18
13,22,24
0,12,24
29,20,12
2,2,23
51,6,5
1,20,29
8,11,19
2,22,33
32,18,7
33,11,6
24,23,27
50,18,11
22,11,14
29,16,7
29,13,6
39,15,6
35,16,6
34,20,18
35,23,15
53,20,10
32,14,6
5,11,21
24,18,18
4,17,24
51,8,7
48,2,2
48,15,7
19,8,14
5,2,22
51,20,10
3,23,34
46,18,9
28,18,22
15,10,16
11,2,15
13,17,19
12,4,16
57,19,8
3,14,23
40,23,20
36,21,16
39,23,19
56,19,10
55,18,8
41,21,10
25,12,17
2,7,24
29,14,16
2,18,25
28,16,18
29,19,10
56,3,1
44,6,4
36,5,4
8,9,19
62,9,4
38,22,21
49,8,6
15,3,11
29,18,12
3,23,32
34,16,7
34,1,3
45,23,17
4,5,23
24,12,9
30,23,28
43,13,4
2,11,24
23,11,15
24,22,23
32,14,5
13,17,18
55,17,8
12,19,20
16,18,19
10,15,18
21,12,3
41,0,2
27,16,14
20,23,27
63,4,4
9,14,18
30,19,13
30,19,12
55,2,0
48,23,16
43,4,4
62,15,5
25,10,3
4,22,31
36,23,17
36,11,5
39,1,4
34,11,5
28,21,24
12,16,18
24,19,20
44,9,4
21,7,10
18,8,12
34,9,5
17,2,9
42,3,3
15,11,15
27,12,15
20,11,8
53,13,7
49,6,5
18,20,22
31,5,3
11,19,21
21,14,4
51,10,7
62,15,4
33,18,17
20,21,22
59,14,2
14,5,14
20,9,8
48,4,3
5,23,32
30,2,2
48,2,3
26,20,23
29,15,18
11,23,28
28,19,10
52,22,15
43,22,12
58,8,2
26,16,5
30,7,3
26,17,20
52,1,1
1,23,36
12,0,9
57,19,10
4,19,27
13,2,13
24,8,14
11,23,27
20,6,8
37,22,22
50,6,5
2,1,22
19,13,15
32,7,4
55,21,12
49,20,12
39,23,22
25,15,10
49,22,16
47,15,7
54,22,14
38,23,17
6,23,29
25,16,11
22,18,17
47,8,6
20,8,6
48,17,9
36,22,12
10,2,17
20,6,12
18,4,7
15,14,16
2,20,29
4,20,28
62,20,9
24,17,4
36,21,21
32,23,25
39,22,14
26,11,15
17,23,26
38,22,12
24,19,21
5,6,22
16,11,14
4,0,17
35,3,4
31,2,3
43,12,5
44,11,5
9,22,28
33,1,3
46,22,16
20,18,16
14,7,14
12,8,17
24,16,6
18,21,22
53,23,15
16,0,9
45,19,8
6,5,22
43,15,6
30,18,20
9,19,23
25,11,13
28,12,15
38,6,3
6,10,21
58,3,0
56,8,3
25,12,7
37,9,4
7,8,20
17,0,5
20,6,4
49,7,5
5,23,31
24,10,14
63,2,1
1,9,24
48,8,7
21,9,14
26,22,26
20,6,9
50,19,11
23,23,28
39,23,16
20,5,10
37,13,5
28,14,16
22,2,2
9,11,18
0,21,34
0,19,31
21,4,4
10,6,17
16,9,13
26,4,2
32,18,19
17,6,12
21,11,14
19,6,11
27,8,3
59,20,9
22,15,16
28,20,23
58,9,2
56,17,8
18,3,6
37,19,8
31,18,17
21,9,2
48,17,7
11,21,24
42,23,14
37,21,21
15,20,20
5,0,17
7,16,21
16,17,19
25,15,11
0,22,37
33,20,11
41,16,6
9,4,18
37,21,13
58,13,2
39,18,7
31,20,15
16,0,6
34,18,9
1,11,24
16,19,20
18,3,4
54,20,12
55,8,5
46,20,10
23,8,8
32,20,22
9,4,17
23,8,12
28,17,21
25,14,17
58,22,12
17,17,18
13,8,16
18,3,9
15,11,13
47,20,12
33,0,4
16,11,13
32,18,17
59,19,7
27,20,24
41,10,4
40,15,5
5,23,30
48,4,4
20,10,6
33,17,19
62,18,5
59,9,1
55,1,0
52,1,2
51,16,8
51,20,11
9,0,11
60,22,13
2,22,32
44,5,4
19,8,13
34,3,4
29,15,7
21,7,9
59,11,1
17,17,19
45,20,12
30,2,3
5,10,22
52,21,15
62,18,4
32,18,18
16,23,27
24,17,9
32,12,6
20,5,12
39,17,6
32,21,17
24,9,12
58,6,1
28,6,4
4,8,23
25,9,13
52,0,0
17,13,15
53,8,7
38,19,8
58,7,1
51,17,10
21,8,8
33,19,21
52,20,13
14,19,21
5,14,21
27,16,19
56,22,14
27,17,12
28,5,2
60,4,2
18,18,20
53,23,16
38,16,6
24,10,7
0,5,23
15,4,13
21,12,4
35,23,17
8,9,20
25,17,18
3,8,23
18,3,11
62,23,16
20,7,5
15,1,9
33,18,9
0,14,24
52,19,12
22,11,3
47,7,4
11,18,21
20,7,4
26,22,27
9,12,18
55,22,13
35,15,5
32,15,7
1,17,25
28,2,2
33,21,15
63,17,6
21,14,3
2,20,30
34,16,6
23,11,3
29,0,0
26,12,16
8,14,20
38,3,4
62,3,1
55,13,5
45,20,10
42,21,11
40,15,6
54,7,6
13,15,18
58,15,5
23,14,10
55,9,5
6,1,20
9,12,19
3,23,33
26,13,13
42,17,6
25,18,11
23,14,15
15,17,18
8,17,21
54,20,10
13,23,25
31,18,19
43,18,6
25,17,10
0,19,28
47,16,7
0,22,36
32,19,21
52,6,5
55,14,5
41,20,10
8,0,12
29,0,2
61,14,4
13,19,22
24,18,21
24,9,2
25,19,23
46,23,17
41,18,7
45,9,5
5,0,19
38,22,16
37,22,23
27,22,27
57,23,15
31,21,23
35,22,23
28,17,13
43,8,4
26,15,14
55,20,10
16,7,12
60,11,2
6,16,23
39,7,4
19,7,11
31,19,16
29,20,13
45,11,5
61,10,2
5,1,18
23,10,8
55,11,5
54,23,17
24,11,2
18,8,14
20,4,11
4,10,23
10,3,17
24,7,1
22,8,9
14,7,15
10,2,13
26,16,13
48,17,8
22,20,21
8,20,26
51,14,8
61,11,4
48,6,5
55,23,16
25,22,26
23,12,15
8,19,23
22,8,10
53,12,8
26,21,24
38,23,15
34,7,4
35,8,4
35,0,2
27,19,9
24,20,24
5,9,22
2,15,24
25,11,15
31,20,22
40,22,10
50,3,4
14,20,22
26,13,16
59,18,5
26,17,19
42,22,14
17,13,14
51,23,17
47,8,4
59,4,1
7,19,25
60,9,2
34,23,14
24,8,13
22,8,13
53,23,17
39,22,12
28,22,27
16,8,13
19,6,7
57,14,2
23,8,2
18,0,2
57,16,6
17,16,17
18,3,10
4,1,19
56,12,5
26,19,23
38,22,18
30,20,14
0,20,34
9,0,12
36,21,12
20,4,10
28,15,19
21,10,14
53,1,2
3,2,21
22,7,13
60,17,4
3,19,26
9,18,22
11,1,12
16,10,15
20,14,14
32,20,15
43,21,12
60,6,1
13,11,17
30,0,2
17,15,16
31,21,24
50,23,16
31,19,11
60,5,2
0,19,30
16,8,12
18,0,3
35,21,22
26,19,11
28,19,9
56,23,16
30,20,20
8,22,27
60,7,1
52,0,1
53,22,15
14,6,15
21,13,3
20,2,3
25,23,27
16,20,21
63,22,15
47,17,8
14,2,12
33,19,11
8,0,13
47,22,15
41,23,10
24,20,21
42,5,4
32,13,6
17,0,2
32,19,8
17,3,10
4,7,23
7,12,19
3,7,24
1,8,24
21,23,24
35,5,4
40,17,7
15,18,20
24,13,6
39,10,5
1,22,37
42,13,4
5,11,22
48,18,8
16,14,13
19,23,26
1,2,22
13,3,14
3,23,35
52,8,6
10,1,14
4,3,23
1,22,35
18,0,5
27,18,12
33,19,20
47,9,6
13,6,15
31,19,14
63,20,11
11,2,13
5,21,29
49,4,4
14,20,21
5,19,26
45,10,4
25,18,20
60,15,3
32,19,9
33,19,16
54,23,16
54,3,2
14,23,27
14,21,23
18,18,19
26,16,20
36,23,19
22,14,3
27,15,14
24,11,3
56,18,8
16,10,12
28,3,2
31,15,18
28,16,7
47,21,13
50,22,15
60,16,4
15,16,17
23,19,21
45,18,9
8,23,30
46,2,3
41,20,8
2,16,24
9,1,16
23,10,10
33,18,19
26,15,6
1,21,33
41,19,8
28,18,21
33,20,16
26,12,15
10,17,18
24,16,9
20,13,4
48,5,4
56,23,14
57,18,6
30,18,16
20,17,16
27,2,1
17,5,11
0,17,26
40,22,13
6,1,18
32,20,11
25,19,22
47,7,5
34,22,15
49,8,7
3,9,24
12,8,16
27,15,17
55,11,6
15,2,10
16,13,13
31,15,6
26,23,28
26,19,22
25,16,19
27,5,2
37,11,5
58,19,6
26,10,14
26,15,5
61,18,4
32,22,12
21,3,2
6,15,22
35,10,5
28,5,3
62,18,6
5,15,23
31,16,7
16,21,24
19,15,15
40,23,12
58,23,13
5,20,26
3,21,30
42,21,12
2,1,21
16,16,17
36,15,5
55,23,15
16,12,14
53,16,8
15,23,26
25,18,19
22,4,3
40,2,4
31,1,3
44,4,4
5,7,23
45,7,3
4,17,23
13,15,17
29,16,18
3,6,24
25,20,21
7,10,20
14,17,17
51,3,3
7,9,21
1,12,24
55,9,6
53,17,8
23,16,5
25,18,21
46,3,2
63,15,6
7,3,20
28,10,6
31,18,20
36,18,8
10,0,10
53,18,10
43,19,7
54,1,0
14,0,8
27,15,15
29,16,16
23,11,7
32,6,4
23,7,1
1,5,23
32,18,16
29,20,11
61,8,3
25,11,14
23,9,14
8,12,19
23,18,18
29,7,4
35,22,13
59,11,2
27,14,6
45,6,3
35,21,20
8,0,14
58,11,2
19,5,4
22,10,7
41,21,9
38,23,18
49,23,16
1,21,32
34,21,23
29,18,9
35,14,5
42,1,3
33,18,18
53,2,2
24,18,5
12,1,11
56,6,2
10,2,14
19,10,14
23,9,7
26,18,20
14,11,16
17,14,13
41,15,5
13,19,20
2,22,35
21,0,0
57,10,4
4,22,30
61,4,1
21,10,6
12,22,26
31,11,6
18,9,13
30,0,1
31,0,2
49,20,13
45,15,5
11,17,19
29,19,20
26,23,29
6,8,21
51,20,14
53,18,8
48,17,10
8,6,19
1,21,34
0,18,26
8,15,20
46,21,14
48,22,16
19,1,3
30,16,19
5,22,29
31,8,4
51,19,12
32,21,16
9,21,27
3,21,31
39,20,11
59,21,11
18,16,17
41,22,10
19,7,13
34,15,5
31,21,14
36,23,25
26,13,5
35,20,19
10,12,18
40,22,12
55,4,3
19,10,15
20,10,5
28,17,14
24,12,16
12,9,17
36,9,5
23,9,15
42,12,4
19,3,5
19,13,14
44,17,7
21,8,6
17,13,13
26,15,17
51,9,7
48,23,14
46,10,6
20,23,24
46,21,12
21,15,5
0,17,24
8,19,22
11,15,19
62,4,3
28,4,2
52,11,8
18,19,19
32,17,17
24,23,25
48,13,7
33,20,13
58,21,10
61,20,8
35,20,16
9,2,18
27,19,11
9,21,25
44,1,2
31,20,11
16,3,11
31,22,26
59,21,10
61,21,9
25,21,24
3,17,25
15,19,21
52,22,14
30,16,7
11,3,16
24,6,1
8,3,19
14,11,17
34,21,14
23,16,17
21,15,4
8,18,23
29,5,3
13,7,15
25,10,15
59,21,9
24,14,16
41,6,4
6,12,20
1,5,24
40,21,10
27,6,3
24,12,12
21,12,14
22,14,15
62,23,14
46,15,6
5,20,27
34,21,16
25,13,8
0,0,21
23,13,12
49,18,10
20,22,25
19,7,5
9,7,19
45,22,13
25,17,19
5,7,22
54,5,4
27,9,3
41,13,5
29,21,24
32,19,16
26,9,3
0,0,20
2,21,29
63,17,5
23,8,1
57,15,5
2,17,24
54,7,5
13,9,16
6,21,28
13,4,14
25,13,12
28,22,25
29,20,23
37,0,3
6,5,21
63,23,16
50,18,10
37,22,19
54,14,7
21,21,23
15,0,7
23,15,16
23,10,12
34,20,21
43,18,7
7,0,15
61,21,11
26,16,18
18,10,15
29,15,16
0,1,21
5,1,19
43,23,14
10,21,24
41,13,4
61,7,3
26,20,11
8,7,20
14,14,18
18,2,8
61,15,3
25,20,25
26,17,10
9,9,19
58,3,1
30,5,3
19,19,20
36,22,19
34,22,23
10,11,18
31,22,15
45,21,11
25,7,2
23,17,4
35,22,18
24,10,3
51,5,4
23,22,26
10,17,20
53,1,0
8,16,20
25,10,14
20,11,4
11,22,27
17,4,11
20,1,1
38,12,5
44,13,5
27,0,0
25,17,4
32,8,5
53,5,4
23,11,2
28,19,23
31,13,6
22,22,26
50,6,6
24,10,12
14,1,10
13,7,16
25,15,4
17,0,4
21,12,5
19,19,21
14,2,10
29,12,6
13,16,17
59,15,2
24,15,11
44,2,3
34,8,5
23,9,2
50,16,8
15,8,15
50,15,8
31,19,8
25,9,2
1,18,26
59,19,6
8,20,24
55,3,1
14,1,9
26,11,6
62,5,4
61,19,7
28,18,20
23,21,24
35,18,9
36,22,11
11,10,17
8,7,19
21,14,14
33,18,7
28,20,24
5,3,22
13,5,15
52,17,9
38,21,13
26,6,2
56,7,3
36,22,17
52,23,16
17,12,15
9,22,27
1,16,24
34,21,22
36,21,11
56,16,7
4,2,22
10,20,24
19,6,5
28,18,8
48,6,4
39,17,7
38,22,17
21,19,18
60,13,2
21,9,8
21,10,4
19,19,19
20,3,4
11,7,17
19,4,10
36,21,17
1,21,30
61,16,4
31,18,15
57,7,2
4,23,32
22,16,4
14,16,17
18,12,14
45,23,14
16,5,13
42,5,3
10,23,29
46,8,6
8,4,18
24,19,19
12,2,11
10,9,18
32,4,4
20,8,8
36,10,4
23,16,6
61,6,3
26,11,14
39,21,12
49,4,3
50,17,9
15,0,8
60,18,5
33,20,14
27,20,25
20,7,8
14,10,16
29,17,19
16,12,15
31,20,13
16,0,3
47,21,14
18,1,3
17,2,7
52,22,16
5,1,20
34,19,16
20,8,3
19,5,6
8,14,19
26,14,6
0,20,30
61,18,5
45,15,6
62,21,12
9,1,12
45,21,13
27,16,13
25,12,14
26,16,11
21,1,0
28,14,7
28,15,7
20,1,2
38,0,3
20,10,8
17,22,24
9,23,28
23,8,11
18,5,5
48,22,15
51,23,16
8,15,19
26,14,13
31,17,7
14,20,23
60,3,0
34,19,19
42,23,15
49,0,1
31,22,24
47,2,2
30,14,17
60,6,2
54,10,7
44,10,4
17,0,1
57,8,3
25,16,5
4,23,33
25,9,3
24,12,13
37,20,10
45,5,3
31,21,15
56,18,6
11,20,22
1,21,35
5,22,31
48,1,2
20,20,21
25,12,16
26,8,3
54,1,1
43,3,3
44,0,1
51,21,15
54,2,1
34,6,3
2,20,28
25,17,20
33,16,7
3,3,23
26,15,18
22,8,2
22,13,5
23,12,12
41,12,4
41,2,3
12,6,15
54,4,2
14,9,15
35,13,5
18,12,15
39,8,4
23,13,6
49,2,2
25,21,23
56,20,12
9,10,19
20,12,14
17,14,14
54,21,13
58,14,3
38,23,14
41,18,6
4,22,32
43,0,3
50,1,2
37,18,8
7,18,23
38,23,20
2,10,24
27,23,28
22,20,22
18,7,12
4,12,23
27,14,17
37,8,4
48,21,14
48,7,5
19,8,12
4,23,31
13,23,27
34,23,26
51,4,4
20,0,1
32,21,24
63,16,6
42,19,7
44,20,10
55,2,1
62,5,3
23,9,10
51,20,13
28,12,16
24,13,3
23,13,10
63,20,9
21,10,2
52,14,8
17,19,20
58,15,4
26,15,7
21,16,4
29,7,3
17,2,8
24,13,12
3,23,36
29,18,8
12,15,19
30,23,27
46,3,3
25,21,25
23,11,10
51,4,5
36,19,9
5,15,22
15,3,13
62,19,8
25,2,0
41,9,4
37,22,17
31,17,8
13,2,12
35,21,17
57,19,9
21,6,3
31,10,6
22,3,2
43,0,1
7,19,24
21,22,26
44,23,15
61,10,3
63,3,3
32,0,2
21,13,15
36,2,4
27,15,19
45,19,10
14,3,13
30,14,6
34,15,6
13,22,25
11,17,20
29,19,9
53,22,14
23,9,12
57,4,2
24,14,10
35,21,18
22,21,24
30,22,24
60,19,5
24,15,17
19,2,2
56,15,7
56,9,4
33,20,15
53,19,11
13,1,10
12,1,12
16,0,8
18,11,15
20,6,11
29,17,15
45,1,3
6,6,20
5,5,22
34,21,12
23,18,19
28,6,3
61,22,11
41,1,3
7,2,19
45,13,5
5,1,21
20,7,3
36,18,7
35,6,4
39,6,4
4,20,26
21,13,4
48,8,5
54,12,6
52,12,8
46,14,6
21,8,14
7,5,19
61,8,2
28,1,1
55,7,4
28,17,19
48,0,2
15,20,21
57,10,2
27,11,15
29,14,7
11,0,11
20,8,7
62,20,10
15,2,11
0,20,31
45,16,6
23,7,11
8,2,17
4,19,25
41,3,3
30,1,2
3,15,23
18,17,16
37,22,15
9,13,19
43,22,13
40,20,9
47,3,2
0,8,24
28,16,14
10,7,18
58,15,3
51,22,16
18,23,25
24,20,22
12,12,17
37,12,5
29,15,17
19,0,1
62,3,0
34,19,20
51,17,9
5,18,25
47,23,17
8,2,18
35,21,21
9,13,18
21,22,25
20,21,23
21,6,12
18,3,5
33,21,16
11,6,16
12,20,22
48,8,6
61,19,5
20,6,5
61,23,13
54,9,6
56,7,2
8,5,18
30,15,7
62,16,4
55,12,6
23,14,16
7,17,21
19,4,9
4,0,19
33,20,22
62,6,3
29,23,26
43,20,8
23,12,2
53,14,7
9,2,15
29,9,5
60,21,10
18,4,9
12,21,25
22,17,5
29,16,8
11,14,18
40,16,6
28,20,11
35,0,4
6,19,25
57,14,4
7,18,22
17,14,15
32,5,3
40,21,12
50,5,5
43,2,3
25,13,7
23,9,8
51,17,8
34,14,5
15,20,22
18,17,17
19,9,13
54,3,1
11,22,26
31,15,7
29,23,27
58,22,13
61,23,15
45,10,5
28,15,18
22,17,17
57,15,4
24,21,25
6,2,21
35,16,7
30,20,12
61,9,2
22,12,15
63,21,10
41,4,3
38,2,3
11,13,18
57,7,3
45,4,3
54,11,6
40,8,4
34,13,5
28,15,8
37,22,20
3,20,28
54,19,10
34,19,10
52,15,8
47,3,3
24,10,8
26,17,12
27,18,22
63,22,13
21,20,20
13,10,16
38,22,20
28,14,17
49,16,9
17,3,7
22,15,5
18,19,20
50,14,7
34,21,18
22,1,1
23,13,15
36,8,4
7,1,18
59,15,3
22,18,18
7,15,20
50,20,12
17,16,18
43,16,6
26,9,4
41,23,12
20,18,18
9,9,18
16,15,16
25,8,2
40,1,4
32,1,3
34,18,7
63,21,13
1,22,36
38,22,19
18,0,6
19,2,4
12,17,19
59,5,1
29,19,21
57,5,1
54,20,11
31,6,3
0,13,24
17,1,8
15,12,14
12,0,11
38,22,14
35,23,25
16,0,2
49,23,17
27,13,14
8,13,20
0,2,23
2,23,34
33,18,8
18,15,16
35,23,14
19,1,2
53,2,1
40,18,8
38,14,6
38,23,11
16,12,13
27,13,15
20,20,22
58,18,6
21,6,2
27,16,17
20,16,16
34,20,11
24,17,18
57,21,12
20,10,14
20,4,4
57,11,4
44,14,5
17,12,13
13,18,20
5,14,23
24,10,16
16,2,9
28,14,15
18,16,16
16,17,18
50,22,16
41,23,13
29,10,5
53,15,7
40,9,4
38,8,4
36,1,4
20,12,4
22,1,0
46,21,13
47,4,3
21,20,22
25,10,13
56,18,9
55,5,3
36,21,22
12,15,18
28,11,6
27,20,10
26,17,8
1,20,30
30,19,22
45,23,15
34,18,18
4,18,24
26,2,0
29,19,15
4,13,22
9,15,19
30,22,25
7,1,19
45,3,3
58,4,1
50,23,17
0,5,24
23,9,13
11,8,17
19,18,16
59,21,12
59,17,5
33,3,4
10,10,17
38,10,4
8,0,16
46,16,6
2,14,24
44,1,3
57,19,7
57,22,14
9,23,29
24,22,26
8,1,18
16,1,8
25,13,16
25,17,11
23,2,1
61,20,9
39,23,20
7,20,26
30,16,16
16,15,17
26,23,26
23,6,1
14,10,17
30,16,17
63,18,7
13,3,13
38,13,5
13,13,17
22,8,14
59,12,2
30,20,22
57,16,5
0,9,24
36,22,13
18,4,11
61,22,13
9,0,13
19,6,8
30,19,11
4,0,20
17,15,17
22,23,27
16,9,12
48,22,14
25,22,25
20,9,4
11,5,16
35,22,12
57,17,6
16,0,7
43,21,13
22,3,1
33,20,21
10,15,19
22,20,23
50,3,3
17,1,6
39,20,10
44,18,6
21,19,19
22,19,20
34,15,7
19,6,12
15,19,20
10,2,15
61,14,3
32,20,16
15,0,6
26,15,12
20,11,6
38,11,5
58,18,7
1,4,23
34,23,24
35,9,4
27,21,26
30,21,24
43,10,4
36,20,9
42,13,5
22,7,8
26,15,13
8,20,25
37,23,23
31,23,26
10,14,18
25,14,8
2,23,36
28,13,6
11,22,25
19,21,22
9,20,23
29,4,2
3,4,23
26,12,14
18,5,11
41,14,4
6,0,17
33,19,10
17,9,13
21,5,10
4,1,21
44,7,4
25,16,6
5,10,21
34,19,17
34,23,25
36,20,8
9,1,15
22,12,14
8,1,17
25,18,10
23,5,1
21,9,13
7,0,13
28,4,3
17,11,13
54,16,7
31,21,12
21,4,3
35,20,17
58,9,1
25,12,4
6,8,22
28,19,13
4,6,23
49,14,8
24,12,15
40,23,16
25,14,16
37,23,14
1,7,24
53,6,6
43,17,6
36,0,2
6,4,20
32,20,13
56,20,10
33,6,4
54,3,3
23,20,22
46,9,5
19,14,15
29,19,12
33,17,7
16,13,14
43,20,11
6,19,26
36,20,11
26,18,11
16,13,15
23,12,11
17,9,14
61,13,2
24,10,9
9,0,14
35,21,13
6,0,18
6,22,29
60,16,3
57,21,10
7,0,14
50,21,14
43,9,4
32,21,22
49,3,4
1,19,29
23,15,5
32,10,5
27,16,18
9,2,16
9,18,20
8,1,14
18,2,10
11,20,24
56,21,11
48,7,6
12,7,17
21,22,24
46,16,8
57,15,6
24,5,1
56,23,15
52,16,8
34,20,10
36,16,7
24,4,1
21,13,14
44,23,16
14,3,12
62,21,11
47,5,3
27,17,21
37,14,5
15,1,10
32,10,6
38,19,10
6,20,27
34,19,18
39,23,17
26,17,21
28,18,9
52,20,10
27,14,15
25,13,13
62,13,4
12,2,13
50,5,4
21,16,16
30,17,8
32,18,8
19,15,16
58,19,9
35,21,15
43,11,4
8,10,19
42,6,4
4,9,23
36,14,5
12,21,24
36,23,16
11,16,19
32,22,16
59,22,11
24,8,2
9,16,19
37,23,19
26,20,25
17,11,14
32,20,17
40,3,4
0,21,32
30,11,6
16,20,22
31,18,9
35,21,14
23,3,0
5,2,20
63,4,3
37,20,11
20,18,17
23,10,2
46,0,1
18,10,14
23,22,25
39,19,9
6,14,22
29,19,23
0,20,32
20,5,11
35,20,20
58,22,14
59,23,14
39,9,4
33,23,25
10,0,11
11,2,12
22,7,9
52,20,11
52,7,6
61,12,4
16,23,25
10,19,23
48,23,15
2,18,26
24,12,7
19,3,4
8,21,26
44,23,14
20,2,2
53,22,13
29,10,6
24,10,13
21,8,2
4,2,23
19,17,17
18,8,13
30,18,15
57,11,3
25,14,9
57,3,1
29,11,6
17,4,12
41,5,4
53,10,7
18,18,18
13,20,22
63,3,2
25,11,16
21,2,2
31,14,6
17,11,15
29,19,14
42,19,8
61,3,1
60,19,7
22,14,4
38,18,7
3,22,34
27,3,1
6,18,24
14,8,16
46,22,14
48,5,3
14,22,25
39,22,13
22,17,16
6,0,16
60,15,2
44,22,13
26,18,9
39,11,4
8,22,28
50,1,1
57,18,7
32,18,9
42,15,6
1,20,31
4,14,22
34,21,17
10,3,16
28,17,9
44,8,4
51,6,6
26,18,21
43,1,3
33,9,5
35,21,19
53,15,8
53,7,6
27,20,23
54,5,5
54,12,7
32,16,18
7,17,23
23,20,23
33,14,5
62,8,3
19,23,27
33,12,6
31,0,1
58,17,4
44,19,10
23,13,16
15,20,23
36,4,4
25,14,5
27,19,12
20,18,19
34,4,4
51,20,12
8,23,28
12,1,10
25,15,8
26,13,17
41,20,9
34,21,13
23,9,9
63,20,10
27,18,11
0,21,35
34,17,7
52,5,4
49,6,6
55,7,5
17,22,25
23,7,12
0,2,22
7,20,25
23,15,17
21,1,1
55,4,2
15,8,14
30,20,11
54,21,12
37,23,24
2,22,31
2,21,30
35,23,24
43,19,8
46,15,7
28,16,19
3,20,29
12,19,22
52,2,4
56,10,5
40,14,4
33,10,6
28,23,27
58,16,4
29,19,8
22,19,19
4,23,34
47,15,6
35,22,16
15,10,14
36,0,3
40,23,14
24,18,19
0,0,19
5,21,28
54,17,8
60,20,7
13,3,12
17,2,10
30,16,8
56,3,2
54,15,7
32,4,3
36,20,19
7,6,19
46,8,4
43,14,5
56,10,4
12,18,19
8,1,16
15,19,19
28,18,14
38,22,13
25,15,17
24,11,16
6,21,27
61,11,2
23,11,9
10,5,17
15,7,12
7,0,16
22,13,6
10,18,21
23,10,9
47,19,11
60,5,1
29,9,4
14,15,17
23,19,19
27,3,2
11,18,19
24,7,2
60,14,3
45,12,5
43,21,11
29,17,16
39,23,18
1,18,27
49,21,15
43,11,5
43,17,7
17,14,16
52,21,13
34,21,21
25,14,7
37,21,19
56,16,6
8,8,19
57,8,2
55,12,5
20,17,17
24,12,6
39,2,4
3,6,23
22,9,9
10,5,18
8,12,20
30,19,21
14,5,15
0,14,25
39,23,23
1,1,20
5,12,21
5,21,27
0,7,24
28,15,14
35,15,7
0,16,25
47,23,15
17,6,11
36,15,6
9,6,18
19,5,5
19,21,23
62,22,13
51,18,9
5,19,25
42,20,10
46,16,7
42,0,3
29,8,4
41,22,13
10,12,17
41,14,5
46,7,3
6,3,20
34,22,24
3,1,20
33,20,12
52,3,3
56,4,2
20,9,13
51,18,10
62,19,7
35,18,8
36,22,18
21,3,3
31,20,16
15,3,12
12,3,14
21,11,5
39,23,21
57,12,3
24,13,16
54,23,15
23,10,15
57,4,1
1,1,21
10,22,26
15,9,15
5,2,21
32,23,27
61,12,3
21,21,22
10,13,18
5,22,30
59,16,4
25,23,28
29,21,23
11,21,25
55,23,14
61,6,2
56,19,9
21,10,3
27,12,16
12,2,12
25,16,9
8,3,18
26,12,4
54,18,8
19,18,18
25,16,10
30,23,26
23,13,11
23,15,3
0,10,24
20,23,25
27,15,8
9,16,20
35,23,26
3,2,22
7,23,29
55,16,7
11,16,20
52,9,7
51,16,9
12,4,15
18,0,4
56,11,4
17,10,12
34,23,15
31,9,5
9,19,22
63,19,8
22,20,20
36,3,4
13,10,17
42,4,4
7,20,27
31,19,20
10,13,17
6,3,21
29,13,16
19,3,10
31,23,27
29,18,15
42,20,8
35,9,5
52,11,7
44,8,3
50,9,8
34,20,17
51,8,6
33,20,10
48,7,4
46,23,14
8,2,19
3,0,18
33,19,18
8,21,28
47,19,12
20,4,9
25,11,3
32,7,3
29,22,27
23,16,18
6,4,22
27,19,10
46,19,9
47,17,7
13,21,24
30,15,18
22,9,2
9,1,13
9,14,19
46,23,15
52,2,3
47,23,16
25,3,1
29,4,3
22,15,6
26,20,24
25,13,17
37,15,6
9,1,14
36,23,24
48,19,10
3,20,27
23,18,20
55,17,7
36,0,4
11,12,17
2,2,22
26,16,12
19,23,25
7,22,29
29,19,13
59,23,13
17,0,0
15,21,24
54,2,0
16,13,16
28,15,6
19,20,20
23,2,0
59,18,6
27,17,9
21,14,5
16,18,18
38,10,5
12,16,19
39,15,5
26,17,11
10,6,18
27,15,18
23,1,0
54,8,6
14,4,14
15,9,16
19,5,8
17,5,12
27,19,13
24,15,10
2,4,23
28,13,16
10,19,21
23,17,18
27,6,2
55,22,15
23,18,5
13,0,9
55,9,4
6,4,21
27,20,11
12,3,15
21,19,20
24,14,12
61,9,3
15,23,25
32,8,4
41,21,11
42,16,6
48,3,2
35,21,11
22,11,2
62,21,10
31,19,15
62,22,14
34,20,16
59,17,4
53,16,9
46,0,2
44,15,5
22,17,4
1,22,34
24,22,25
23,3,1
62,8,4
27,16,7
12,14,17
34,18,8
62,10,4
59,23,15
14,21,24
23,13,3
36,7,3
32,22,25
1,0,19
39,1,3
34,14,6
22,6,1
20,22,23
61,12,2
43,5,4
47,20,13
20,3,5
18,6,6
2,21,33
11,19,23
54,15,6
27,16,12
35,23,18
57,3,0
20,15,15
31,21,16
22,9,8
26,16,19
16,10,13
17,18,20
56,18,7
47,13,7
17,1,9
28,16,15
53,11,8
18,2,3
16,14,14
62,22,12
8,4,19
18,2,9
34,2,4
30,8,4
15,9,14
26,15,19
24,9,14
60,23,14
16,18,20
31,16,17
38,22,22
18,13,15
6,9,22
29,15,6
24,16,10
35,2,4
26,14,17
20,14,15
3,1,21
38,20,11
55,19,10
63,3,1
37,22,16
27,18,13
4,20,27
55,19,9
27,18,21
25,18,22
7,4,20
20,23,26
33,17,18
10,17,19
7,21,28
18,1,6
15,11,14
14,18,18
35,20,12
54,4,3
26,14,7
20,16,15
6,9,21
40,1,3
2,0,19
17,12,14
20,5,5
27,15,7
11,3,15
18,5,7
15,16,18
38,7,4
63,21,12
39,0,3
54,18,9
47,22,14
20,5,9
10,1,11
62,14,4
33,5,3
22,9,10
3,22,33
24,21,24
30,20,13
32,21,15
2,5,23
18,17,18
35,22,15
32,22,24
19,16,16
22,12,2
3,16,24
57,23,14
38,15,6
34,19,9
34,22,16
34,21,20
7,19,23
37,18,7
24,13,9
21,6,10
38,19,9
48,18,10
24,22,24
38,23,12
3,14,24
52,5,5
53,0,0
50,10,8
53,8,6
35,22,19
34,7,3
25,5,1
22,7,11
26,14,18
21,6,9
33,21,14
56,4,1
12,22,24
18,7,11
53,22,16
54,13,8
58,20,11
22,15,15
63,21,14
56,4,3
54,8,5
9,7,18
1,10,24
51,15,8
1,3,23
5,8,23
34,12,5
22,21,25
27,4,1
28,8,3
28,19,11
51,10,8
20,8,13
22,13,3
28,18,12
30,18,19
2,21,32
10,18,20
14,14,17
17,20,23
15,9,13
6,2,20
8,17,20
17,3,11
11,20,23
29,1,1
35,7,4
21,5,2
25,12,13
28,15,17
35,22,24
19,4,11
38,9,4
41,22,11
27,2,0
60,21,11
25,19,21
39,20,9
7,14,21
49,17,10
10,16,18
24,15,3
17,10,15
30,18,10
27,17,8
34,2,3
43,0,2
19,18,17
36,20,20
36,19,10
12,10,16
27,12,6
55,21,13
61,14,2
29,6,3
18,6,5
9,2,17
26,23,27
15,0,9
14,1,11
30,0,3
6,17,23
27,1,0
38,23,22
60,14,2
36,22,16
53,17,9
56,14,4
36,23,15
20,7,6
52,6,6
46,1,2
29,18,21
35,19,20
19,20,22
63,18,5
49,5,5
34,5,3
46,17,8
4,0,18
36,22,22
54,4,4
24,14,6
59,16,3
37,21,18
18,5,6
48,6,3
28,16,8
46,2,2
38,6,4
30,12,6
30,21,25
44,21,12
23,7,13
0,20,33
49,19,11
61,17,4
56,10,3
6,15,21
4,2,21
41,17,7
49,16,8
45,2,3
23,8,9
61,5,3
47,20,11
16,4,12
20,3,3
12,18,21
39,16,6
44,6,3
26,14,12
11,1,13
20,7,9
33,4,3
29,18,16
15,13,15
46,1,3
38,22,15
34,20,20
21,6,11
55,10,6
42,18,7
5,13,22
18,7,13
18,14,15
40,19,9
0,23,38
10,14,19
24,3,1
29,1,2
15,18,18
21,11,4
24,21,22
29,23,28
39,21,11
57,7,1
56,9,3
57,5,2
37,22,13
47,19,10
38,1,4
24,17,5
28,7,4
18,0,1
48,14,7
40,23,15
11,16,18
8,5,19
14,23,26
53,18,9
7,0,17
31,18,8
53,1,1
24,13,8
39,14,6
38,0,4
39,14,5
26,13,7
55,6,4
11,0,9
57,20,9
26,18,10
10,21,26
30,20,23
23,17,17
23,15,4
61,11,3
30,19,10
26,14,16
55,8,4
33,21,12
7,1,17
40,12,4
58,20,9
18,22,24
43,19,9
28,19,8
52,3,4
21,23,25
59,10,1
40,12,5
7,14,20
44,20,9
56,6,3
30,13,6
20,19,18
9,20,25
2,23,37
53,13,8
6,13,21
53,14,8
35,19,9
57,22,12
2,13,23
10,8,18
28,13,15
21,21,21
27,22,26
46,18,8
31,7,4
15,21,23
32,21,13
32,15,6
21,9,5
50,9,7
0,23,37
60,3,1
17,21,23
27,18,10
22,15,4
29,14,17
54,22,13
15,6,13
24,16,18
16,1,9
18,21,24
10,10,18
14,22,24
28,18,13
15,18,19
39,23,14
43,21,10
54,14,6
19,18,19
10,23,28
53,20,11
44,19,9
14,8,15
0,6,24
3,2,23
25,22,27
23,4,1
8,8,20
46,22,13
39,3,4
41,5,3
21,11,2
30,0,0
32,2,4
31,23,25
41,3,4
61,15,4
20,1,0
51,1,3
61,4,2
32,9,5
48,16,9
8,13,19
58,19,8
13,19,21
3,7,23
33,2,4
30,18,9
26,15,8
57,6,1
3,0,20
46,14,5
9,3,17
25,11,7
62,12,4
34,3,3
6,17,24
33,19,9
26,10,5
22,4,2
58,8,1
51,5,5
19,17,16
28,8,4
57,13,2
45,8,4
13,14,18
18,23,26
20,8,4
1,0,21
15,7,15
15,15,17
9,20,24
36,23,23
40,11,4
6,22,30
58,21,11
30,15,16
16,23,26
53,5,5
37,23,16
46,18,7
5,9,23
22,18,19
11,2,16
22,21,23
35,19,19
21,7,12
11,14,17
46,4,3
19,6,6
16,21,23
45,1,2
41,19,7
37,17,6
21,2,3
23,9,1
31,4,3
21,7,8
18,2,5
10,21,25
25,20,22
29,3,3
21,16,5
38,18,8
30,4,3
17,8,12
49,18,11
45,22,14
9,3,18
27,17,20
57,9,2
47,23,14
27,14,16
23,21,23
4,18,25
37,22,14
9,17,20
57,20,11
28,15,16
17,7,12
0,18,28
56,15,6
38,21,11
50,21,15
25,16,18
12,5,16
31,20,23
21,15,16
47,0,1
12,9,16
25,23,26
23,15,6
22,2,0
39,10,4
7,7,21
49,1,2
18,4,6
55,19,11
36,21,15
63,23,17
62,19,6
30,15,17
63,19,7
21,23,27
50,1,3
58,10,2
49,9,7
27,13,6
0,21,36
22,2,1
16,1,7
46,20,12
28,14,6
29,20,22
58,16,5
12,21,23
0,16,24
37,16,6
63,18,6
33,6,3
2,3,23
40,21,11
23,14,9
23,21,25
5,13,21
7,1,16
23,20,21
13,20,21
45,0,1
6,7,21
62,7,3
30,9,5
57,10,3
10,19,22
40,18,7
23,10,11
26,11,4
2,19,27
20,10,3
19,7,7
53,6,5
48,3,3
50,2,3
40,0,3
47,18,9
33,20,17
7,6,20
40,13,4
14,3,14
60,7,2
32,19,15
36,22,14
58,11,1
37,22,21
27,21,25
44,3,3
58,5,1
63,23,15
4,22,29
50,0,1
59,20,10
56,17,6
55,18,9
17,21,24
10,2,16
63,20,8
13,20,23
60,19,6
25,17,9
37,23,22
47,14,7
22,15,3
28,22,26
3,5,23
33,21,22
24,14,17
48,20,12
30,3,3
60,23,12
26,13,4
30,10,6
49,7,6
14,13,17
56,21,13
16,0,5
2,1,20
48,0,1
7,19,26
37,10,4
17,0,6
17,1,7
61,4,3
42,22,12
48,23,17
50,17,10
24,14,9
0,19,29
36,19,8
25,4,1
27,10,4
55,16,8
23,12,3
1,2,23
1,13,24
22,19,21
27,16,20
35,8,5
20,2,4
31,0,3
16,6,12
33,1,4
46,21,11
18,4,10
52,17,8
22,9,11
29,8,5
36,7,4
9,17,19
9,6,19
5,12,22
31,17,18
49,23,15
9,21,26
23,11,6
24,9,15
35,11,5
62,2,0
24,11,7
34,10,5
50,19,12
57,6,2
57,13,3
59,19,8
11,18,20
32,19,20
17,10,14
47,13,6
44,12,5
27,19,22
11,15,18
14,17,18
22,9,7
22,14,6
62,9,3
20,9,5
23,10,7
40,22,11
25,13,6
22,9,14
37,21,11
32,19,10
35,22,17
45,14,5
36,21,19
4,15,23
56,17,7
31,19,12
26,3,1
12,10,17
54,19,11
16,2,11
31,17,17
47,18,10
28,18,11
13,0,8
52,1,0
44,4,3
27,11,6
33,19,17
18,1,2
47,6,4
27,14,7
33,0,3
61,20,7
18,1,4
45,18,7
6,18,25
26,14,14
35,18,7
1,17,24
59,8,1
30,21,22
43,7,4
28,17,15
13,14,17
30,8,5
55,6,3
3,8,24
7,16,22
34,22,25
23,18,17
61,22,12
27,23,27
60,20,8
42,4,3
37,23,13
7,4,19
4,18,26
15,12,15
22,5,2
2,21,31
55,14,6
29,18,19
24,14,3
58,17,5
12,20,24
2,19,28
22,13,2
56,11,5
1,19,27
33,21,13
18,21,23
40,17,6
57,14,3
45,9,4
32,23,26
46,19,10
60,22,12
29,14,6
27,10,5
21,8,3
25,13,4
48,19,12
0,18,27
6,17,22
53,11,7
53,9,7
46,8,5
62,20,8
36,10,5
5,20,28
29,19,22
19,21,24
11,3,17
62,23,15
47,0,2
28,18,10
7,22,28
36,23,14
31,16,18
43,23,16
46,20,11
17,3,8
15,4,12
60,10,1
28,17,20
49,0,2
57,22,13
21,13,5
21,17,17
2,13,24
47,14,6
7,5,20
37,10,5
14,18,20
28,18,15
26,17,9
40,4,4
29,18,10
37,19,10
57,14,5
18,20,21
8,18,21
34,20,12
4,21,30
54,2,2
2,19,26
14,6,14
4,14,23
10,18,22
24,15,4
19,7,6
61,23,14
8,21,27
3,21,29
7,17,22
42,10,4
56,19,8
0,20,29
1,22,33
13,0,10
25,14,13
7,9,20
9,23,27
33,15,6
14,16,18
47,6,3
45,18,8
55,20,11
38,21,12
1,23,38
12,6,16
51,2,3
60,20,9
46,23,16
12,19,21
35,17,7
22,6,11
31,18,10
61,7,2
7,3,19
29,18,11
50,20,13
42,7,4
38,23,16
5,17,23
7,11,20
23,14,11
53,3,3
4,21,28
62,3,2
22,10,6
60,23,13
6,22,28
49,15,8
26,21,25
20,9,6
26,10,15
19,0,0
29,22,25
32,0,3
63,19,10
35,23,16
29,20,21
35,21,12
61,13,3
27,17,13
46,10,5
17,7,11
63,19,9
10,23,27
52,23,17
14,23,25
35,1,4
15,7,13
45,0,2
16,14,16
19,20,21
27,15,13
28,0,0
21,7,13
24,12,8
25,15,5
58,12,2
58,20,10
36,21,13
53,21,14
26,11,5
33,22,24
31,21,13
35,22,22
40,23,13
34,8,4
24,19,22
31,15,17
4,13,23
17,0,3
25,15,12
45,20,11
55,7,3
29,2,2
18,6,7
25,12,8
10,1,12
37,22,18
11,17,18
23,14,3
28,0,1
20,7,7
62,21,9
33,22,23
2,17,25
20,13,14
41,23,14
16,22,24
24,10,15
31,8,5
26,15,9
7,21,26
4,4,22
30,1,3
33,13,5
1,6,24
5,16,22
23,7,9
42,22,13
28,19,22
13,1,11
24,6,2
15,11,16
57,9,3
24,18,20
32,6,3
3,18,25
6,6,21
24,10,2
56,2,0
25,14,4
1,19,28
45,16,7
29,16,15
26,7,3
24,11,13
29,19,11
10,20,23
43,20,10
10,11,17
33,10,5
21,10,5
27,17,14
15,22,25
25,17,5
53,21,12
28,10,5
6,23,31
22,16,5
25,19,20
61,19,6
31,19,9
61,23,12
58,21,12
24,21,23
18,15,15
28,18,19
4,3,22
21,8,7
54,10,6
0,22,35
22,6,10
57,20,10
54,15,8
1,18,25
40,20,10
18,9,12
48,18,11
24,9,8
12,17,18
15,14,17
37,21,12
46,19,11
10,9,17
39,4,4
24,9,13
46,17,7
29,18,22
24,22,27
8,0,15
24,11,8
21,17,16
30,19,15
22,23,26
45,7,4
35,19,8
55,5,4
17,19,21
24,17,19
0,21,33
15,6,14
13,18,19
10,20,25
29,13,17
56,14,5
1,23,37
15,7,14
51,0,1
55,3,2
29,15,19
36,13,5
29,15,15
26,14,8
25,9,14
15,20,19
59,22,12
20,9,14
33,8,4
39,12,5
18,9,14
26,5,2
30,7,4
20,22,24
10,4,17
59,15,4
13,2,11
38,23,21
35,20,11
18,19,21
55,4,4
36,20,12
42,20,9
35,19,10
8,19,24
22,22,25
19,5,9
54,21,14
22,10,2
63,5,4
31,19,10
33,8,5
18,15,17
20,11,14
36,22,21
51,22,15
39,21,10
3,0,19
48,20,13
25,11,8
24,15,9
21,10,8
9,5,19
55,13,6
26,22,25
40,23,18
13,3,15
38,14,5
6,19,24
4,17,25
51,19,10
22,12,6
11,23,26
28,21,25
57,18,8
24,20,23
33,13,6
55,8,3
56,5,2
52,18,10
12,2,14
21,20,21
26,16,8
41,7,4
52,18,9
26,7,2
24,16,5
49,17,9
62,4,2
42,0,2
56,15,5
13,21,23
11,4,17
54,6,4
52,2,2
21,21,24
36,22,24
47,22,16
5,0,18
7,16,20
4,16,24
22,8,8
18,14,16
10,22,27
7,2,20
36,16,6
1,20,28
53,4,5
21,11,6
43,15,5
17,20,21
33,21,17
37,3,4
34,18,19
36,17,7
18,4,5
56,20,11
14,13,16
58,19,7
19,22,24
60,22,11
21,9,6
6,1,19
31,22,25
59,22,13
6,13,20
30,17,7
44,0,2
14,9,16
16,16,18
51,18,11
12,22,25
29,22,26
19,9,14
11,5,17
6,16,22
39,23,13
32,17,18
18,22,25
14,0,9
26,16,9
23,17,19
23,8,14
17,18,18
5,4,22
12,18,20
22,14,5
26,12,6
45,17,7
17,18,19
51,7,6
54,7,4
48,21,13
20,0,0
58,14,2
7,12,20
24,15,18
35,0,3
26,14,5
21,8,13
24,16,4
35,20,10
63,18,8
19,11,14
34,21,19
24,13,15
52,1,3
60,15,4
40,2,3
22,4,1
8,0,11
33,22,15
29,21,22
16,10,14
8,16,21
22,13,14
