15,23,3
19,23,2
36,23,0
33,23,1
14,23,0
21,22,0
17,23,2
24,23,0
14,23,2
13,23,1
12,23,0
30,23,1
15,23,0
16,23,1
22,23,1
28,23,1
23,23,1
20,23,0
33,23,0
19,23,1
20,23,1
17,23,1
36,23,1
39,23,0
14,23,1
34,23,0
11,23,0
23,22,0
25,23,1
31,23,0
28,23,0
16,23,3
26,23,0
21,23,1
31,23,1
19,23,0
20,22,0
19,22,0
15,23,2
13,23,0
13,23,2
35,23,0
25,23,0
38,23,0
21,23,0
22,23,0
23,23,0
38,23,1
40,23,0
18,23,1
30,23,0
34,23,1
37,23,0
16,23,2
35,23,1
29,23,0
18,23,0
39,23,1
27,23,1
27,23,0
26,23,1
22,22,0
6,23,0
15,23,1
32,23,1
16,23,0
17,23,0
18,22,0
21,23,2
12,23,1
24,23,1
20,23,2
37,23,1
18,23,2
14,23,3
32,23,0
