59,17,54
9,9,1
41,14,6
51,21,46
48,20,20
30,15,1
5,22,33
40,17,8
50,14,12
46,21,22
53,15,18
55,11,11
63,14,41
57,18,44
52,19,44
0,18,30
52,19,33
60,17,61
3,22,35
49,18,21
47,20,22
51,22,51
16,20,24
25,18,5
9,15,12
54,19,50
61,13,24
60,16,45
28,18,4
20,20,23
56,15,21
41,12,0
51,13,13
63,14,32
3,18,26
4,7,4
55,14,15
46,12,7
22,23,29
61,8,13
54,12,12
45,17,13
57,18,55
43,22,21
59,15,29
0,9,5
60,15,42
50,20,29
4,11,10
44,15,10
62,15,42
21,22,24
62,10,22
2,15,19
13,17,16
59,17,40
63,13,32
42,23,62
8,22,31
0,13,16
10,11,5
34,20,10
62,12,23
51,16,17
27,21,13
7,15,12
52,19,63
2,16,21
50,20,37
51,11,8
41,23,27
43,13,5
31,15,0
8,21,28
2,15,17
61,16,50
9,19,24
10,19,20
28,23,15
27,22,13
52,19,38
39,14,0
37,23,19
8,15,13
57,7,7
0,10,6
9,21,27
10,15,15
63,10,23
19,14,1
6,21,31
62,15,61
10,11,0
2,23,41
53,16,19
28,20,7
39,23,18
8,20,27
58,15,32
49,23,56
13,21,26
6,14,11
52,21,55
7,15,11
61,15,43
57,17,46
21,22,28
0,21,34
4,14,14
3,17,20
60,17,43
39,17,6
62,11,24
17,22,29
31,23,16
46,23,39
8,16,11
14,14,7
10,16,10
19,21,21
41,16,6
62,6,6
2,9,4
6,9,2
0,8,5
60,7,5
53,16,25
59,11,13
6,13,11
31,20,7
16,22,29
21,21,23
56,14,20
60,13,22
60,15,36
58,9,7
47,19,21
54,11,9
42,17,11
23,15,2
15,17,14
36,23,20
23,20,10
52,18,20
51,15,16
56,1,1
38,23,24
3,9,5
9,20,26
44,23,60
39,22,16
26,23,22
8,16,14
51,21,60
43,17,12
16,17,17
15,18,20
14,16,8
10,13,11
52,12,10
61,13,29
51,7,3
21,22,27
15,23,31
52,13,12
25,23,27
12,23,30
44,23,37
29,14,1
22,23,31
16,20,21
41,20,16
61,2,1
61,14,35
59,8,5
9,12,7
33,15,0
0,12,5
49,22,58
42,18,14
14,19,21
58,17,46
49,20,32
5,20,29
32,21,10
5,8,1
51,21,45
48,22,34
0,15,19
9,21,28
50,16,16
60,12,22
44,20,20
20,20,22
14,15,12
60,0,1
36,20,13
12,13,5
14,12,1
12,22,24
60,16,54
16,18,14
62,7,10
4,18,17
62,14,23
3,20,30
6,14,14
60,6,6
56,14,22
51,14,12
55,8,5
57,17,34
63,10,16
45,20,18
52,18,24
2,15,12
44,22,63
5,12,9
21,13,0
18,21,25
8,16,16
54,20,59
20,22,29
60,11,21
63,15,58
31,18,5
10,12,5
42,21,19
55,13,14
33,17,2
51,13,12
43,22,29
62,16,52
34,18,4
62,7,5
61,16,54
62,6,9
48,16,14
55,4,0
35,22,15
5,11,8
57,18,43
59,13,27
57,17,42
2,22,40
43,21,22
38,17,5
24,22,23
21,17,6
0,19,33
41,14,2
5,15,14
40,21,16
0,14,16
49,21,41
50,19,31
44,16,10
26,18,5
55,5,2
56,18,45
8,18,22
7,14,13
32,22,11
25,17,4
33,17,1
1,12,5
8,9,1
3,12,11
18,16,5
61,8,11
54,19,52
10,12,8
13,12,4
58,11,16
62,11,23
39,17,7
4,20,30
14,13,4
60,17,48
15,16,6
24,13,0
62,14,41
23,14,2
35,20,9
61,13,27
24,23,27
62,7,8
61,14,27
1,12,11
44,11,3
2,22,38
51,8,5
4,22,36
22,19,10
41,16,7
35,23,15
19,19,14
58,16,35
59,4,3
46,10,3
9,11,4
7,13,8
5,9,5
23,22,23
54,15,20
18,20,20
53,16,21
6,16,16
11,15,11
46,20,27
57,18,51
33,22,12
60,6,5
47,22,38
51,10,3
18,23,30
62,8,11
58,16,26
55,20,49
38,19,9
63,9,16
7,14,9
14,13,3
1,9,2
59,15,33
52,13,13
52,11,10
8,15,10
18,15,5
8,13,11
55,14,19
61,13,21
26,20,7
14,22,28
9,16,17
50,10,5
61,13,25
39,23,16
13,14,6
46,22,40
60,16,50
1,18,26
34,21,9
40,13,0
59,16,35
37,18,7
7,19,23
4,7,2
13,14,7
47,22,45
12,12,3
62,10,21
59,14,31
3,14,14
52,16,23
10,21,26
8,13,9
6,8,3
49,21,45
0,21,39
9,14,10
57,17,62
44,22,25
1,12,12
58,10,11
37,21,14
25,22,18
60,16,49
42,15,9
19,13,1
39,15,1
55,10,10
16,11,0
57,13,20
53,14,12
46,23,62
8,10,5
14,18,19
60,0,0
55,18,46
28,16,4
10,18,9
55,13,12
3,13,14
51,18,26
15,18,18
11,17,12
3,11,10
49,22,45
0,17,26
49,20,63
15,15,5
33,15,1
51,12,9
18,23,29
56,18,42
48,17,15
21,16,4
62,15,44
31,23,17
7,23,36
50,21,40
13,14,8
24,22,24
52,18,32
6,9,5
63,2,1
0,8,6
46,22,31
1,23,43
60,1,0
39,15,2
52,16,18
49,20,27
55,19,56
11,23,32
12,21,27
6,17,21
29,20,9
56,8,8
61,0,0
24,16,4
21,18,10
8,17,15
11,18,14
30,15,0
45,18,16
7,20,26
60,15,25
56,17,35
17,12,1
19,17,11
29,21,10
36,23,18
62,2,2
52,8,4
18,19,21
60,9,10
52,21,53
5,16,16
1,9,9
21,19,15
4,21,33
15,19,20
60,13,27
50,13,11
39,19,13
62,15,24
61,15,38
2,18,27
38,23,19
42,16,8
58,7,6
5,8,0
56,9,7
21,20,17
60,5,3
12,18,16
20,17,5
58,16,38
49,21,40
51,7,1
5,19,23
43,22,19
46,20,25
56,11,11
48,10,5
14,19,14
45,20,21
58,11,15
51,20,33
41,19,15
43,21,18
51,14,14
17,20,23
54,5,1
39,22,19
45,23,47
34,17,1
48,10,4
57,13,23
62,15,46
56,17,34
9,15,15
38,19,10
41,17,12
61,15,34
54,19,43
1,8,4
57,18,61
14,23,30
51,11,9
42,22,28
38,20,12
4,6,0
45,13,8
63,15,32
41,17,10
49,23,57
57,18,60
51,10,4
17,17,11
59,0,1
0,22,42
59,11,17
46,23,37
53,20,55
56,13,15
31,19,6
11,17,18
49,19,25
7,13,11
22,20,14
4,22,38
59,11,18
43,21,29
26,23,27
24,23,24
41,23,32
56,18,61
20,19,12
63,15,43
24,21,12
26,23,20
26,13,0
46,20,19
48,21,45
45,21,25
16,19,18
3,19,20
29,20,7
47,22,60
50,22,49
36,19,10
6,19,22
51,16,15
55,20,56
61,16,47
14,12,2
25,15,3
39,16,5
2,21,36
43,11,0
23,22,20
21,21,28
23,20,14
37,21,16
57,18,48
57,11,10
39,20,15
12,22,26
14,19,20
33,23,18
24,20,13
29,15,2
40,22,16
47,23,58
53,20,47
9,16,9
62,6,10
59,11,14
46,23,58
37,19,10
55,19,47
51,17,23
46,15,12
55,15,24
59,17,60
56,10,10
21,19,14
16,23,30
57,15,25
12,17,11
9,16,11
47,23,42
1,19,27
56,13,17
46,23,43
58,13,21
47,20,31
62,7,9
9,23,34
3,8,2
43,15,7
27,23,27
13,16,16
20,12,0
3,7,3
57,10,9
54,14,16
47,22,39
25,21,14
46,23,59
22,21,21
35,17,3
19,14,2
60,10,15
47,8,1
1,21,38
20,15,3
38,23,22
11,14,13
0,9,10
61,16,61
53,18,35
41,18,12
26,17,6
7,23,34
54,17,21
8,9,0
59,17,48
51,17,19
6,16,10
57,0,0
19,21,24
44,23,45
46,9,1
57,15,26
0,11,10
41,19,14
7,16,11
52,16,16
51,12,11
49,22,40
10,17,18
62,10,15
43,15,8
24,20,12
55,18,35
2,7,2
63,11,20
11,20,25
42,21,21
9,16,13
24,23,20
55,20,54
43,23,61
58,13,18
36,17,3
35,16,0
8,15,15
59,13,23
25,23,18
15,18,15
8,17,17
30,23,21
45,12,4
33,16,2
55,18,41
62,13,17
33,22,15
4,18,22
51,10,6
40,16,6
20,20,17
41,21,20
62,2,1
19,17,7
5,18,23
17,22,28
2,10,9
30,16,3
48,18,25
43,15,5
23,22,21
48,18,18
51,17,26
10,18,19
49,18,25
57,6,5
27,20,8
17,15,5
4,22,35
54,9,8
14,16,13
3,7,4
25,22,16
18,17,8
63,16,54
63,8,16
46,22,44
54,14,15
61,11,21
17,18,18
33,21,10
13,21,25
58,16,40
52,21,51
28,21,9
51,22,57
52,21,59
28,22,14
12,12,2
58,16,34
32,20,7
55,19,57
46,13,8
61,10,19
5,17,17
7,14,11
61,16,43
58,5,4
30,17,4
31,22,14
10,18,10
21,20,21
0,17,23
54,9,6
56,17,32
18,20,19
47,23,60
22,17,5
32,17,2
51,22,54
54,16,25
62,15,50
3,17,17
32,19,5
48,21,36
12,20,22
13,19,20
63,15,55
62,15,59
55,17,33
9,22,32
41,15,5
23,21,16
0,18,26
61,11,16
24,19,7
12,17,10
7,14,6
6,17,20
52,20,60
56,19,54
25,20,9
12,18,15
48,23,52
63,7,11
25,23,23
48,22,59
29,19,7
58,9,9
3,7,0
49,19,30
54,8,6
13,16,15
2,11,9
55,16,28
50,21,37
63,10,17
8,11,6
60,11,17
37,22,15
9,14,13
56,14,24
1,20,35
48,19,23
18,15,6
19,17,10
49,10,6
8,23,36
50,19,32
38,14,1
8,15,9
16,17,16
1,10,5
63,7,14
12,23,28
28,16,2
63,11,16
21,15,3
48,14,12
62,11,20
45,17,15
48,19,24
40,22,18
20,19,6
52,21,52
24,15,3
52,8,5
4,16,17
11,22,29
48,9,4
61,16,44
21,13,1
40,18,10
50,22,57
56,15,20
0,17,24
4,23,37
6,16,18
48,22,33
53,21,58
50,19,29
18,19,19
54,15,17
33,17,4
45,19,19
53,18,29
24,18,3
56,14,23
51,21,63
36,18,5
41,23,21
63,12,21
43,16,10
15,17,15
0,20,33
44,22,27
48,18,19
58,8,8
57,14,23
61,16,63
58,7,5
26,20,11
62,12,20
60,11,14
53,20,43
52,22,52
52,17,24
31,22,10
47,14,11
41,22,20
3,9,7
60,16,58
8,19,22
22,22,29
60,9,14
15,18,6
47,17,16
12,16,16
6,22,32
42,22,29
1,18,28
40,15,5
16,16,7
43,23,26
17,13,2
52,5,0
54,19,48
56,9,8
6,12,7
29,16,3
32,20,8
41,22,24
51,6,2
49,23,52
2,18,21
57,12,16
23,21,21
50,18,18
4,12,11
1,13,15
42,13,5
63,11,15
54,18,44
52,20,51
51,22,56
10,19,23
35,18,6
42,14,4
53,10,7
23,22,29
56,17,37
50,20,42
58,10,10
50,21,44
10,20,23
6,13,10
37,20,11
45,20,27
55,16,21
47,19,22
63,12,33
54,19,36
4,23,38
55,17,35
55,15,17
58,17,54
38,18,7
63,3,2
11,22,30
59,16,33
13,12,2
8,16,17
37,19,11
12,13,7
50,19,30
43,12,3
4,17,15
2,23,42
57,18,49
56,10,9
63,9,15
17,19,19
63,16,46
5,7,0
36,16,1
59,5,3
25,14,1
51,22,58
23,19,12
22,19,12
1,16,19
63,15,61
32,21,9
60,15,41
41,13,2
16,17,14
3,19,29
49,9,3
41,22,26
61,9,14
12,15,15
14,16,16
62,10,16
62,11,22
12,11,2
50,21,63
25,20,10
42,22,21
0,23,42
58,11,13
35,20,11
50,21,49
28,19,7
19,19,13
7,17,17
62,16,46
21,15,2
40,23,24
60,14,25
9,10,0
20,22,28
34,17,2
9,15,13
47,20,27
45,10,1
27,22,12
41,17,7
14,16,15
55,16,29
9,16,14
60,16,56
48,19,22
2,20,33
11,17,16
17,19,17
5,20,27
55,18,43
49,20,34
6,23,37
18,17,11
15,14,4
7,16,10
51,20,61
0,11,11
52,11,5
9,13,11
7,22,32
51,17,24
53,18,30
50,21,39
19,19,6
41,20,15
55,19,48
3,15,17
50,20,35
1,15,18
59,12,15
3,19,27
47,9,0
20,16,5
17,16,9
5,16,19
24,21,11
8,12,8
43,16,9
22,17,7
56,11,10
55,18,29
43,21,20
13,18,20
6,16,15
53,20,51
20,18,6
28,20,10
52,6,2
57,4,3
18,17,12
23,19,8
5,16,17
6,13,8
26,18,6
16,13,3
18,16,8
55,15,18
4,16,15
29,23,15
61,13,16
1,22,37
54,16,22
38,16,5
59,11,16
37,16,2
22,22,20
1,11,9
7,10,7
51,20,46
1,15,17
2,22,35
2,17,22
56,12,13
51,21,47
44,23,43
9,22,30
23,16,5
61,7,6
32,23,13
31,22,13
7,9,2
3,15,14
16,23,29
47,12,6
14,21,26
62,10,14
44,23,38
15,19,19
44,21,19
44,19,16
52,16,22
49,18,20
44,23,30
50,21,42
54,5,2
42,12,2
48,22,48
7,21,28
45,21,26
58,12,14
44,18,15
46,12,5
24,20,10
5,20,31
41,23,29
46,20,26
54,8,5
18,21,27
16,19,20
47,20,21
27,23,18
22,20,18
51,21,54
47,22,62
63,16,56
58,18,48
48,23,53
0,22,37
0,15,18
19,18,6
14,18,18
52,10,3
27,23,17
0,10,4
46,17,15
44,17,14
11,11,1
50,11,7
23,20,12
9,17,12
50,7,0
62,12,26
5,19,24
58,16,36
51,15,13
18,22,27
53,18,31
55,19,59
29,22,16
37,22,16
47,18,18
25,22,23
40,14,4
21,22,30
34,21,11
61,7,8
63,10,18
13,16,11
25,18,6
27,13,0
57,14,17
6,18,18
61,8,5
12,13,6
37,23,18
8,16,13
22,18,9
40,23,26
15,17,19
38,22,16
29,22,14
20,23,31
63,12,31
42,12,0
43,23,34
54,18,42
21,21,17
61,16,40
54,18,41
1,17,22
57,14,21
58,14,24
19,23,32
38,23,23
47,21,32
56,18,35
52,20,45
51,9,4
43,17,13
1,21,36
48,19,20
45,23,39
26,17,5
60,13,28
57,16,32
55,19,58
52,20,34
0,20,34
18,13,2
7,13,9
19,18,11
44,11,2
10,12,4
50,19,25
48,16,15
62,14,36
47,14,12
48,22,50
31,18,6
3,18,21
13,14,10
49,20,23
29,21,12
46,13,9
51,11,5
17,16,5
56,19,51
50,19,27
62,14,30
49,22,61
45,22,33
63,13,39
39,16,4
63,14,24
29,22,13
21,23,31
61,16,52
50,20,43
13,15,15
1,23,41
15,18,7
42,23,63
62,15,51
19,20,25
9,12,9
7,13,6
23,17,5
10,15,9
56,17,38
58,13,24
38,19,11
20,20,21
3,20,31
56,15,26
1,14,14
4,17,21
24,22,15
48,22,57
4,13,11
21,19,10
60,13,18
36,20,10
51,20,41
58,6,4
47,23,54
17,20,22
6,13,7
56,18,60
57,5,4
20,20,16
52,21,60
36,23,17
55,2,0
22,20,10
44,21,30
59,17,59
43,22,26
18,20,24
20,15,1
27,21,11
60,15,38
35,23,16
5,16,15
10,13,9
54,18,32
53,20,44
63,14,40
63,5,6
27,22,20
7,16,14
51,18,21
14,20,24
39,23,27
25,19,9
53,18,33
12,15,9
37,18,9
20,18,5
63,13,34
47,17,17
50,7,3
15,14,7
62,11,16
11,19,20
6,19,18
47,21,34
53,20,53
20,21,27
43,23,31
13,15,14
4,20,28
63,6,11
6,12,8
61,14,30
63,13,40
54,10,8
16,19,22
47,22,41
50,22,61
26,19,8
60,16,48
22,19,9
8,19,25
56,7,5
41,17,8
45,14,8
62,13,16
56,18,59
52,15,14
37,20,13
13,17,17
44,23,42
8,23,34
12,18,20
10,17,10
63,6,8
49,21,47
21,19,11
59,16,30
48,22,42
52,18,21
55,3,0
40,20,16
51,15,14
51,17,17
56,18,53
0,19,28
39,14,1
54,20,57
44,21,26
47,22,35
48,22,61
52,19,35
3,20,32
53,20,62
47,23,47
45,10,0
46,21,25
59,17,43
55,9,8
29,23,14
24,21,21
49,22,51
45,21,20
38,21,14
48,19,29
60,15,39
8,10,1
51,20,40
60,15,26
0,12,12
12,19,19
29,20,8
15,22,26
51,20,45
46,20,24
27,21,12
54,19,49
55,18,40
62,14,39
13,10,0
53,19,33
13,19,22
62,16,59
50,20,38
15,17,18
60,9,11
48,20,29
12,22,25
42,14,7
46,21,26
49,21,35
23,13,0
7,18,22
5,9,4
28,19,6
48,9,3
53,20,52
45,20,26
12,16,15
53,19,45
46,11,4
4,15,18
39,17,9
18,20,17
21,19,16
55,16,22
7,17,20
56,18,47
26,15,1
13,11,0
22,22,27
49,13,11
21,23,30
60,17,62
50,21,50
50,23,55
54,7,4
40,23,28
62,16,61
21,21,19
38,18,9
62,15,41
62,15,37
45,23,44
62,9,14
7,17,19
5,16,18
63,6,9
1,8,2
49,19,28
46,18,15
51,18,23
27,23,20
6,21,30
21,22,25
14,23,28
47,19,20
56,15,27
1,10,6
61,7,10
62,11,21
38,16,3
20,20,15
50,21,38
62,15,47
58,1,1
59,0,0
10,17,11
53,19,44
1,16,21
43,18,13
57,18,39
58,17,38
0,21,38
23,21,19
57,17,33
26,22,20
40,14,2
3,12,12
45,23,63
61,7,5
7,8,2
1,23,40
49,13,9
57,18,42
25,22,13
14,23,31
3,18,20
63,6,7
36,18,8
58,18,58
44,22,30
41,23,19
38,23,17
13,17,18
52,5,1
56,19,59
29,23,19
12,19,20
52,20,63
16,18,19
26,22,13
48,19,25
46,22,38
1,8,6
38,22,18
40,13,1
52,16,20
59,17,52
5,19,28
47,19,19
53,20,46
38,18,10
50,20,39
15,16,15
62,4,2
31,17,3
63,6,6
36,17,4
60,11,19
42,13,1
60,4,3
57,14,25
34,15,0
7,13,12
37,21,15
3,23,41
47,22,33
46,20,22
9,14,11
59,17,61
14,12,3
3,16,20
13,21,23
47,22,34
57,18,52
61,12,22
33,21,9
53,19,39
15,17,13
58,14,23
38,17,8
11,22,28
41,23,23
36,19,6
60,2,2
47,23,61
5,14,14
56,5,3
20,17,7
17,14,2
63,13,42
48,22,45
58,18,49
44,22,26
47,20,24
3,19,28
19,21,27
3,14,12
34,21,8
13,15,12
13,17,8
45,23,59
11,15,15
50,10,4
43,11,1
10,21,25
60,13,19
6,22,31
6,18,21
52,20,50
47,22,44
63,5,9
53,20,59
28,23,14
56,18,33
58,17,49
63,14,30
34,20,9
49,21,37
1,20,33
52,20,58
11,18,10
1,10,10
56,19,48
29,22,12
51,6,1
0,13,13
60,17,57
19,20,17
4,10,7
62,14,31
55,13,13
53,17,30
4,21,31
18,23,33
51,18,30
17,13,0
50,6,1
63,7,4
41,20,14
45,22,27
52,8,3
15,17,16
3,17,19
59,9,9
16,15,6
17,15,6
29,17,3
57,16,36
9,17,18
59,17,46
8,13,12
15,15,10
27,17,5
45,15,11
57,7,6
9,12,5
3,13,12
51,11,4
21,20,13
6,8,0
23,21,23
37,15,0
6,10,7
15,16,11
33,20,8
7,10,6
16,22,28
42,22,25
0,10,3
53,15,15
59,16,40
39,18,10
48,21,63
26,16,4
9,20,24
40,23,25
51,6,0
49,16,14
35,16,2
21,17,4
60,13,23
61,12,20
48,22,49
60,16,53
58,17,39
55,18,39
46,10,4
60,14,26
22,21,23
58,16,41
39,23,28
54,8,4
30,22,11
63,5,5
54,13,12
21,16,5
59,16,34
2,7,0
60,8,10
23,20,8
63,13,38
11,11,0
38,18,8
55,17,30
47,13,8
37,17,6
47,20,29
13,23,28
5,22,34
8,19,23
14,16,11
57,12,15
58,17,44
49,8,1
62,8,12
61,8,12
51,22,55
9,17,17
2,20,34
53,21,54
54,19,62
11,23,33
56,15,25
10,20,24
39,22,17
45,23,46
57,17,38
36,21,12
6,22,33
34,20,8
44,23,36
46,22,37
24,18,5
63,15,39
50,18,21
56,13,14
60,15,34
50,20,45
0,8,8
6,19,25
22,13,1
23,16,3
51,9,7
42,12,1
62,12,15
43,20,17
12,14,8
52,18,28
61,13,20
10,18,18
62,12,29
53,19,34
29,23,17
49,21,44
48,21,34
51,20,32
42,22,20
48,21,40
44,12,6
31,16,1
18,18,13
45,20,20
21,20,15
21,17,7
7,17,16
53,19,40
60,15,31
20,15,4
7,16,15
35,22,13
53,16,27
42,23,31
47,21,24
9,22,29
4,7,3
2,14,14
15,15,8
5,23,37
15,19,17
2,15,16
19,21,20
54,17,32
25,23,29
51,10,5
60,7,6
48,14,10
9,17,11
60,14,33
45,22,26
62,10,19
41,23,24
49,22,56
16,17,6
54,5,3
26,22,12
10,14,13
58,17,58
55,15,20
1,13,14
46,22,61
2,19,20
44,21,25
62,14,42
58,12,16
60,16,52
13,22,26
0,16,20
54,18,40
63,15,44
6,13,5
35,23,19
46,15,11
28,22,17
0,9,1
7,9,1
10,19,22
61,14,31
6,20,26
7,21,27
57,14,24
4,7,1
54,17,27
45,22,35
17,21,24
48,11,7
49,11,7
0,10,9
59,17,63
45,21,23
7,19,24
7,18,19
49,18,24
44,21,29
63,13,33
19,17,9
20,21,21
19,22,29
6,13,12
27,22,19
56,17,43
59,16,41
52,11,3
4,17,18
16,16,9
57,18,63
2,19,27
0,21,36
59,13,24
59,16,46
52,20,49
10,23,32
29,22,11
39,22,20
48,23,58
63,6,10
33,20,9
47,17,15
58,15,30
52,13,11
24,20,11
26,21,11
25,23,25
20,18,12
52,9,3
46,16,13
47,9,2
19,20,23
53,13,14
26,22,19
60,17,44
0,18,28
3,15,15
31,17,2
19,15,3
53,21,56
43,13,4
46,14,9
9,23,33
58,14,27
48,22,39
55,15,23
41,22,18
10,19,21
0,14,15
10,16,11
1,19,30
40,23,20
4,15,15
56,17,41
51,20,42
63,11,21
14,15,7
60,17,40
16,18,6
9,16,15
45,12,7
50,13,10
63,6,12
43,14,6
46,20,20
14,21,24
22,16,5
28,21,13
13,18,18
49,22,53
57,16,30
6,11,8
35,18,4
45,22,29
61,15,47
54,4,1
24,23,31
44,23,62
24,16,2
52,20,37
46,22,41
58,17,41
63,12,30
17,18,13
52,17,25
22,17,4
33,21,12
55,15,25
45,20,23
8,23,33
38,22,19
31,16,0
42,23,35
52,21,61
3,10,7
2,12,12
41,23,22
0,20,36
54,13,13
13,20,24
44,22,18
52,17,19
29,15,1
8,20,26
34,16,2
53,6,3
30,20,7
24,21,20
0,9,7
49,22,62
1,11,5
32,23,16
28,23,24
6,18,22
49,18,19
17,13,1
1,9,5
58,12,20
59,15,26
14,20,22
63,15,53
63,13,31
63,5,8
49,9,4
49,19,21
62,16,53
3,19,26
49,22,59
3,16,14
62,13,20
10,12,3
55,15,21
0,19,30
8,22,32
17,16,8
62,14,35
54,20,48
42,17,13
48,21,43
60,15,40
31,19,5
53,19,43
59,16,42
11,16,13
8,22,29
17,18,15
6,19,23
61,5,4
21,22,29
46,14,10
10,14,11
7,18,21
4,17,16
52,20,41
37,17,4
43,16,11
53,20,49
26,21,16
7,8,1
29,18,6
51,19,34
18,21,26
61,7,7
12,14,12
44,21,21
32,17,4
3,22,38
48,21,38
42,19,16
48,22,38
39,15,4
9,10,3
44,18,13
7,20,28
4,19,27
41,21,17
20,21,22
44,13,6
13,12,1
53,6,4
7,15,14
22,20,16
59,13,16
8,21,29
17,13,3
47,21,29
48,19,19
17,17,12
16,23,31
42,13,4
52,20,36
45,21,22
46,22,62
46,22,63
4,19,29
61,16,51
40,17,7
43,21,24
55,11,10
4,23,36
45,21,21
56,17,30
57,7,5
56,16,32
50,20,62
53,6,1
11,14,7
9,12,4
48,19,28
42,15,5
11,13,7
44,13,7
8,23,35
8,8,0
18,19,15
62,7,6
1,17,23
40,23,22
51,21,52
1,13,12
45,12,5
44,17,12
45,11,4
38,16,4
5,14,13
62,13,32
49,21,63
50,15,14
58,16,43
22,21,24
57,6,4
50,22,50
11,10,1
62,14,32
48,22,37
13,13,5
46,23,49
37,19,7
10,14,6
53,17,27
28,21,12
38,23,20
61,15,44
52,11,9
10,18,21
42,13,2
10,22,31
42,23,25
37,22,17
57,10,11
54,10,9
34,23,17
58,14,22
56,18,58
56,19,50
29,23,18
40,17,11
40,22,17
56,15,23
4,9,7
27,21,10
33,19,7
56,19,58
53,14,13
7,10,2
35,19,9
52,20,38
41,22,19
19,21,25
8,18,20
53,16,17
0,23,44
22,19,13
1,10,4
46,19,19
59,10,13
7,11,6
49,19,23
3,15,12
19,19,19
59,12,22
40,22,21
34,18,5
50,10,7
59,15,28
11,17,10
41,22,28
21,21,21
19,18,15
51,19,32
61,8,6
30,22,13
41,16,10
55,19,61
28,17,5
13,23,32
59,12,19
49,8,0
50,21,36
63,12,29
53,20,58
13,16,17
50,12,9
29,22,15
43,21,25
11,14,8
52,20,42
29,21,9
52,18,27
35,19,6
59,7,6
55,14,16
33,23,15
23,22,28
49,22,55
18,22,29
53,20,50
46,23,35
0,11,12
55,16,26
62,15,48
39,19,11
24,17,5
54,17,26
5,20,30
60,3,2
55,6,4
8,9,2
62,6,8
6,11,7
11,21,27
48,21,41
58,17,42
46,10,2
46,18,16
42,20,15
32,16,2
62,12,21
62,14,28
63,14,44
60,11,18
53,19,35
62,15,40
18,18,17
1,8,5
47,23,56
63,12,28
14,22,27
62,16,55
58,9,8
30,23,14
9,15,9
28,23,22
48,16,13
57,8,6
63,8,15
8,22,33
60,16,60
8,13,10
62,6,7
3,19,30
26,16,3
63,7,5
49,21,34
22,23,30
48,23,49
14,15,11
60,16,38
27,19,8
55,19,52
16,13,1
51,22,53
50,21,47
18,18,16
42,23,26
16,18,17
50,23,56
46,23,38
51,21,51
8,19,24
57,3,1
27,15,3
61,9,11
45,18,15
3,8,5
22,20,15
43,21,21
35,15,0
9,17,14
48,20,25
23,23,30
60,17,56
0,12,11
63,5,4
7,18,14
10,17,12
57,17,36
53,7,4
2,18,26
56,2,1
45,20,19
3,21,35
20,22,31
26,23,21
50,20,33
7,15,9
15,22,27
47,20,26
7,18,20
53,21,53
6,14,9
60,8,9
59,17,41
56,18,62
2,21,37
57,18,57
21,21,22
40,21,18
26,15,3
25,22,22
58,15,31
44,22,19
51,16,16
60,17,50
19,19,22
34,22,13
7,12,6
43,13,2
39,23,24
57,17,45
37,16,3
47,20,28
63,14,42
52,16,19
58,16,33
12,17,16
44,22,33
12,11,1
24,20,14
10,17,17
54,7,5
19,20,21
36,21,13
41,13,1
54,17,24
59,5,2
47,22,47
61,16,48
49,21,62
53,20,56
55,8,7
62,11,19
19,17,5
53,10,9
56,5,4
5,19,25
11,15,13
40,23,23
60,15,35
49,23,51
14,17,16
58,4,2
53,17,23
61,12,18
30,18,5
61,11,18
50,20,40
37,22,18
43,23,44
35,21,12
33,19,5
49,14,11
59,15,31
57,18,37
23,22,15
55,6,3
47,22,63
16,18,16
56,16,26
5,21,30
3,17,22
54,18,35
15,12,0
31,18,4
43,18,15
54,19,46
43,23,27
62,16,48
54,19,37
22,21,22
31,14,0
2,20,31
0,8,4
48,21,61
0,9,6
39,16,2
3,15,18
54,15,18
18,18,11
0,11,6
8,21,30
23,18,7
43,22,22
27,19,7
45,23,62
61,14,32
61,9,12
61,16,37
54,15,23
35,23,17
17,17,10
61,6,5
59,9,7
0,10,5
26,21,12
59,17,51
55,17,34
7,18,18
48,21,42
12,15,12
20,23,30
53,21,57
41,16,9
45,23,36
44,23,44
62,13,23
16,23,32
54,19,51
14,17,18
56,13,18
50,17,18
16,14,4
2,22,36
48,23,55
0,15,21
1,17,25
45,21,31
59,15,34
59,17,55
61,16,58
20,13,0
28,22,18
52,19,42
17,23,29
4,15,14
47,22,42
24,19,10
11,23,28
44,19,15
45,10,2
41,14,5
57,15,29
41,15,6
15,20,24
24,18,6
25,19,7
41,16,8
26,23,25
8,17,18
6,8,2
61,12,24
59,10,15
60,12,21
26,18,7
54,15,22
39,17,8
41,21,18
43,22,31
42,21,17
12,21,26
14,21,25
41,23,26
6,23,36
39,23,22
49,16,15
7,12,8
12,11,0
13,20,20
10,11,1
18,18,14
27,23,24
7,19,25
9,16,12
10,10,2
46,23,41
24,16,3
50,9,6
57,16,31
23,21,20
43,20,18
15,16,9
55,18,32
62,5,5
44,19,17
23,14,1
28,23,20
42,21,18
63,4,5
13,22,24
45,15,12
54,20,56
43,14,7
41,21,16
0,23,43
7,22,33
10,15,14
16,18,7
55,3,1
54,20,46
4,12,12
18,23,31
63,14,33
60,16,39
8,14,12
57,16,34
46,18,17
63,2,2
48,11,8
48,22,40
9,23,32
7,16,12
52,17,21
63,13,24
33,23,14
55,7,6
4,19,20
8,17,13
10,17,15
49,18,26
58,17,56
34,22,14
48,13,11
0,8,1
11,17,14
34,19,8
25,16,3
58,12,17
50,21,43
44,14,8
5,15,17
62,12,24
19,19,21
57,18,58
54,18,33
43,18,14
39,23,19
35,18,5
58,10,12
63,15,46
45,22,62
53,20,57
50,7,2
22,16,4
22,22,28
47,19,28
57,1,1
58,1,0
26,22,17
46,23,57
19,20,15
14,16,17
59,13,25
60,16,35
23,18,6
61,15,41
10,13,8
17,21,27
26,22,15
43,20,16
62,5,4
58,16,37
32,23,12
50,10,6
59,18,40
37,23,17
49,11,8
51,21,56
55,15,22
8,12,7
53,16,26
15,22,28
56,3,1
47,19,26
19,21,26
43,12,0
54,20,51
17,16,7
5,18,21
62,5,6
44,21,24
10,22,30
45,23,60
41,22,25
43,15,10
24,18,8
7,19,21
51,9,5
63,10,19
15,19,21
13,15,7
62,10,17
55,12,11
50,18,19
48,14,11
28,15,1
27,20,9
50,18,25
2,16,20
29,19,6
41,17,11
57,18,47
52,19,30
12,18,18
59,13,20
36,16,2
62,13,34
5,15,15
7,9,0
52,21,58
53,5,2
0,16,24
42,23,22
11,16,16
0,19,29
21,21,26
15,16,14
20,20,19
12,23,31
63,16,57
52,8,6
45,23,41
31,21,11
60,9,13
1,12,13
6,18,19
29,18,5
5,18,24
50,18,29
12,16,14
62,6,4
20,17,4
7,12,9
27,19,6
44,10,0
32,22,14
16,18,18
7,11,8
58,18,53
48,19,21
1,20,34
9,13,10
20,20,18
11,13,10
32,22,13
42,18,13
6,11,5
61,15,37
24,21,18
50,21,45
62,9,18
56,8,6
3,10,9
41,17,9
52,20,47
6,11,9
48,21,33
44,18,16
15,18,19
42,22,27
47,19,27
7,14,10
58,14,25
16,18,13
24,21,13
7,13,10
2,8,2
10,17,16
17,16,6
59,15,30
46,23,44
24,21,14
35,21,11
51,20,35
1,22,40
4,8,2
47,23,62
4,21,32
17,21,26
12,23,29
52,7,2
52,10,9
23,20,11
3,18,23
1,9,4
45,11,2
52,18,23
52,22,54
46,22,45
41,23,30
47,8,0
53,13,12
3,15,13
37,18,5
60,15,32
63,14,39
50,18,28
19,18,14
32,19,7
39,15,3
53,17,25
42,20,18
58,3,2
61,16,62
26,14,0
63,15,45
2,21,33
51,20,39
47,23,59
50,7,1
1,11,10
23,19,10
25,22,20
54,16,27
21,19,9
27,23,16
59,12,24
4,17,17
30,22,15
10,22,29
61,10,16
26,23,18
51,8,3
60,16,44
1,7,0
7,16,9
36,17,2
61,17,56
11,13,9
4,8,6
47,19,18
16,16,8
52,19,36
11,13,6
9,21,26
44,12,5
54,18,31
22,23,32
11,14,9
63,15,40
0,20,35
47,22,36
57,12,14
42,21,20
50,19,22
52,9,7
34,23,15
6,16,14
8,14,9
25,23,28
7,9,3
47,23,53
61,14,29
54,20,54
41,13,3
47,16,15
60,15,43
19,18,9
59,16,63
5,22,35
48,19,27
12,10,0
34,22,12
49,11,6
48,22,41
47,20,30
6,23,35
47,22,31
36,20,11
41,22,27
21,23,32
10,22,28
5,18,22
4,16,18
16,19,17
32,23,17
4,12,9
63,9,17
9,18,20
4,18,25
62,14,38
44,15,11
38,20,14
45,23,45
14,16,7
38,20,13
21,20,16
23,18,8
51,21,50
24,23,29
7,20,27
63,13,29
37,22,14
40,16,7
3,16,16
19,23,31
63,15,47
12,18,19
50,22,52
43,23,62
44,23,39
17,14,4
50,21,32
46,21,28
6,16,19
34,18,6
29,23,21
58,17,63
62,15,43
13,19,21
42,22,24
41,23,25
20,19,14
62,16,50
54,19,39
3,13,13
23,22,16
55,7,5
49,22,48
47,23,43
21,22,26
17,18,20
49,23,58
2,8,1
59,14,24
44,20,17
13,16,10
14,14,5
2,12,10
10,15,12
52,20,59
7,14,12
49,19,29
50,16,17
62,12,19
52,18,25
52,19,32
12,19,22
30,20,9
1,15,20
53,15,17
54,19,41
55,19,51
26,17,4
55,13,16
29,16,1
53,9,8
43,22,24
4,21,34
3,18,19
10,11,4
48,21,62
61,7,9
44,21,23
44,17,13
14,15,10
39,16,1
48,20,31
18,19,16
2,19,26
53,8,4
51,20,63
30,19,6
10,16,15
3,23,42
39,23,29
50,22,55
56,18,50
41,14,4
55,19,50
47,11,6
60,16,57
55,20,48
1,15,19
46,21,32
34,17,4
63,1,0
27,17,4
54,18,63
12,14,11
61,12,23
9,12,8
49,14,13
21,21,25
49,18,18
2,20,32
63,10,21
17,21,25
12,15,14
26,23,26
41,15,4
6,19,19
43,22,32
52,7,4
61,13,28
54,17,28
48,21,37
21,17,5
62,15,45
20,18,13
2,14,15
51,21,53
56,14,16
23,22,25
63,5,3
0,18,29
54,20,61
2,9,7
17,17,15
10,16,17
44,16,12
14,13,2
62,13,29
62,3,2
13,17,7
47,21,30
63,2,0
12,14,7
18,13,1
19,16,6
9,20,23
48,23,54
43,13,6
47,15,12
42,23,30
14,18,14
15,20,23
59,16,47
18,23,32
58,13,23
63,15,51
5,14,15
2,7,4
46,21,30
60,13,25
43,21,28
52,6,0
7,19,26
36,21,15
14,22,26
38,14,0
31,19,7
5,16,13
45,22,63
8,18,17
59,15,25
61,4,3
15,13,4
59,18,52
59,14,23
62,14,34
59,14,27
3,7,2
41,22,29
27,17,3
16,15,7
16,21,24
62,8,13
53,18,34
59,14,25
62,16,45
48,23,48
63,4,3
30,18,4
59,12,16
57,11,14
47,22,43
30,23,19
29,23,16
50,8,3
24,23,26
49,23,55
63,13,21
26,23,28
13,20,23
20,19,13
53,19,62
26,22,23
14,14,8
10,16,12
40,18,11
61,14,20
63,13,41
19,17,8
8,14,10
60,10,13
7,12,7
58,13,25
22,22,30
60,16,62
62,12,25
50,15,13
18,17,7
42,22,30
14,17,14
58,18,59
63,15,62
14,18,20
2,14,16
3,14,13
61,11,22
1,23,44
12,20,24
31,21,10
63,12,26
59,16,26
54,19,40
37,15,1
11,13,4
25,22,21
43,17,11
9,12,10
28,13,0
37,22,12
2,23,43
9,12,6
53,18,32
31,17,4
42,16,11
55,19,60
62,13,24
59,17,57
59,10,10
32,18,4
53,19,37
33,18,5
6,21,29
58,18,55
17,23,30
50,21,59
28,23,16
11,19,23
51,21,41
30,18,6
5,10,8
37,18,6
10,16,14
16,13,2
52,16,24
61,16,38
54,16,23
15,21,24
0,11,5
27,20,7
58,5,3
60,17,45
47,9,1
1,18,29
11,11,2
19,19,20
49,22,52
11,12,4
48,18,17
7,21,29
47,23,48
11,23,31
2,21,35
1,9,3
44,13,5
61,15,42
59,11,15
58,18,60
57,13,15
7,15,16
24,22,13
17,17,14
53,20,60
20,20,24
32,16,1
57,13,22
60,10,12
63,11,27
62,7,12
59,17,44
8,11,5
11,17,11
8,12,9
52,20,44
10,13,6
4,16,14
30,19,7
63,15,33
19,20,20
61,15,39
17,22,26
24,22,25
57,14,22
25,23,20
55,17,29
55,18,42
58,16,42
27,18,5
8,20,24
2,14,17
20,18,10
11,18,20
5,13,13
2,10,8
23,20,17
61,15,40
48,8,1
24,21,16
63,13,30
40,19,13
14,20,23
16,16,12
23,15,3
6,19,21
19,12,0
54,19,47
20,15,2
29,16,2
55,16,25
53,16,23
58,17,36
46,21,31
32,21,11
3,13,11
28,18,6
7,11,4
45,23,37
13,16,13
2,17,19
8,16,12
59,12,21
27,15,0
55,8,6
6,15,13
26,14,1
7,9,4
56,14,21
59,4,2
34,17,3
62,16,60
60,12,18
17,16,10
1,19,31
56,17,31
56,18,51
27,15,1
24,20,15
42,20,16
9,23,35
25,21,10
18,17,10
30,23,16
50,18,27
7,17,12
54,20,62
26,19,9
31,22,11
63,10,22
55,19,55
52,18,29
48,13,10
40,16,5
4,12,10
59,8,8
0,12,13
17,18,14
23,20,15
21,18,7
58,17,47
55,20,57
41,14,3
15,16,7
25,22,14
8,21,27
18,17,9
14,17,17
11,13,11
46,22,34
62,9,16
36,16,0
15,13,2
61,13,26
18,19,22
32,15,0
57,18,45
23,23,33
29,18,4
3,21,32
3,21,33
51,19,29
35,22,14
4,7,0
18,20,21
54,15,19
42,23,23
52,15,15
53,7,5
17,20,24
6,16,17
63,13,36
41,18,13
4,18,23
59,12,17
1,17,21
1,21,37
56,9,9
53,9,7
12,19,21
50,22,51
4,19,26
42,23,33
12,15,7
9,21,29
8,18,21
1,21,33
30,22,14
1,8,3
20,14,2
11,10,0
6,7,0
2,19,30
51,9,6
47,12,8
58,10,8
62,4,4
4,17,22
59,10,12
56,16,28
5,23,40
60,11,22
51,19,33
58,12,19
40,22,20
51,17,18
24,22,20
5,8,2
23,22,30
6,12,6
1,10,9
52,17,22
2,18,25
21,21,20
44,22,32
62,16,58
62,6,5
56,12,14
6,23,34
0,10,7
9,23,31
48,19,26
61,13,30
60,16,42
49,12,9
56,18,34
27,18,6
57,18,38
56,18,40
43,23,30
59,1,0
59,16,28
45,16,13
54,12,11
58,15,29
40,23,29
44,22,24
42,20,17
19,18,5
49,17,18
28,21,10
39,20,14
0,9,4
13,15,10
54,14,17
53,17,24
5,14,12
11,13,5
50,9,3
30,22,12
46,16,12
2,13,14
31,23,11
57,17,41
36,19,8
62,0,0
59,9,8
20,21,26
2,9,6
40,17,10
18,19,23
46,21,23
47,20,20
58,8,9
63,10,14
58,17,50
53,21,52
57,14,19
53,10,8
22,22,26
49,15,13
61,15,28
3,22,36
50,19,28
19,18,12
2,18,23
46,23,45
40,21,15
39,18,11
54,20,49
63,14,38
24,20,9
56,18,63
34,19,5
52,20,46
40,21,17
60,17,52
49,22,60
16,20,23
46,15,10
56,19,49
10,18,15
4,8,4
60,15,33
49,8,2
62,15,63
25,14,0
49,21,32
61,16,57
25,23,21
35,17,1
11,18,18
2,16,19
59,12,18
25,21,12
23,17,4
58,17,60
49,20,33
15,15,7
54,16,28
28,19,8
5,8,6
26,15,0
34,16,1
46,22,43
38,21,15
50,18,23
57,14,20
58,3,1
48,23,57
11,14,12
52,19,40
24,18,7
48,22,47
11,22,27
59,16,36
60,16,26
9,16,16
46,11,3
51,18,25
47,19,24
25,23,30
10,17,19
55,18,30
63,15,49
61,10,17
55,19,46
48,15,14
58,14,28
42,16,7
57,18,59
54,13,11
16,18,20
37,18,8
12,12,4
7,17,10
55,19,45
11,18,19
3,20,29
4,13,12
5,7,2
59,9,10
55,18,62
10,17,14
26,21,14
11,17,13
39,23,23
19,20,16
31,23,15
59,15,24
31,20,9
57,12,17
57,18,36
50,10,8
19,15,4
53,8,6
12,16,9
59,17,42
62,13,28
3,9,6
24,19,8
20,23,33
55,7,4
15,11,0
5,7,1
37,20,12
54,16,20
5,13,11
48,23,50
59,17,26
56,14,17
58,10,13
50,18,24
58,18,54
57,13,18
4,8,3
52,10,5
58,15,26
20,21,23
63,15,52
13,14,9
2,8,4
39,16,6
45,16,11
15,12,1
7,16,13
42,14,6
15,16,10
61,15,45
60,17,58
59,14,30
47,10,5
7,21,30
2,17,24
49,18,23
22,15,2
61,16,46
49,21,61
43,22,27
6,18,23
22,17,6
62,13,33
46,23,60
53,16,18
54,20,58
0,23,45
14,17,15
7,16,17
53,5,0
7,19,22
46,17,16
63,16,53
63,11,26
57,18,50
14,16,10
51,19,30
19,20,24
18,20,23
48,23,61
1,21,35
1,22,39
56,18,37
15,23,27
19,19,16
46,10,0
36,22,16
45,23,35
51,18,24
57,13,17
14,23,29
32,15,1
24,14,2
43,21,19
2,8,6
21,15,4
15,17,6
11,16,10
5,19,27
3,11,9
42,16,10
46,14,11
52,18,30
47,23,45
50,17,16
6,15,10
56,19,56
56,14,18
56,4,2
42,22,31
54,15,24
60,12,17
28,20,8
62,13,27
16,12,1
31,23,14
15,21,26
3,23,38
6,15,15
22,22,31
16,17,7
8,12,10
20,21,28
48,22,60
55,20,53
63,9,14
60,14,20
48,21,35
51,8,4
6,17,18
12,22,28
46,23,46
5,13,12
62,16,44
55,20,58
45,11,1
8,15,14
29,17,4
56,4,3
43,23,32
55,4,2
26,22,14
47,10,3
60,17,60
54,20,53
58,18,50
57,9,8
46,22,32
44,23,40
43,22,30
5,22,32
16,16,11
42,19,15
56,16,29
27,22,16
11,19,15
7,18,23
39,16,7
60,2,1
24,17,3
7,20,25
51,21,58
61,13,22
10,15,13
7,10,3
49,21,33
54,19,45
63,15,54
52,10,4
53,17,29
14,13,5
43,21,27
6,17,19
53,20,41
61,6,6
4,16,19
58,13,20
54,20,50
1,11,11
48,9,1
6,15,16
11,15,12
58,5,2
21,21,18
58,17,62
28,23,18
4,10,8
45,20,28
28,14,0
51,20,43
46,23,50
62,13,26
62,4,3
9,10,2
25,15,1
12,15,10
48,12,9
33,18,4
20,13,1
11,12,3
7,11,7
50,20,36
19,13,0
18,19,18
55,18,45
8,17,20
1,9,1
51,10,8
60,5,4
28,20,9
49,8,3
50,22,48
4,18,24
52,18,31
25,22,24
59,15,32
15,17,12
18,20,25
18,17,6
51,22,59
44,18,14
52,11,8
1,19,32
61,13,19
11,20,23
51,19,31
58,17,43
2,9,8
0,8,7
60,16,40
61,9,15
23,22,24
56,19,61
50,18,26
53,7,3
55,20,55
28,23,23
5,12,10
47,22,61
31,23,12
27,22,15
12,16,11
50,15,15
62,14,27
61,8,9
62,13,30
50,21,60
16,17,15
29,15,0
25,23,24
3,14,16
51,16,18
0,22,40
49,22,57
0,10,10
23,23,32
53,6,2
54,16,21
42,23,32
27,16,3
14,14,4
23,17,3
61,16,55
20,19,16
56,17,39
35,23,18
60,10,16
2,23,40
27,23,26
4,18,19
55,9,9
49,14,12
24,23,30
44,21,27
13,13,6
48,12,7
17,23,31
22,20,12
11,18,16
61,14,28
54,12,10
18,16,7
28,17,3
48,21,31
59,2,2
6,9,3
13,14,11
60,7,9
11,15,6
48,10,6
11,12,5
54,15,16
44,21,18
45,23,43
9,9,0
49,7,2
57,16,35
3,7,1
49,20,30
0,22,38
6,14,13
10,11,3
30,16,2
48,20,21
48,20,30
61,14,34
21,23,33
47,22,32
48,8,2
3,8,4
55,6,5
48,20,22
48,21,32
6,23,38
55,14,24
14,18,15
23,23,34
15,17,7
8,20,25
36,18,6
58,7,7
51,20,36
5,21,32
50,17,24
41,22,23
39,23,20
36,15,1
33,21,8
32,19,6
61,15,35
52,20,43
29,14,0
56,17,29
48,20,24
53,20,61
25,22,25
10,13,5
54,19,44
58,15,28
55,18,63
4,16,16
50,12,11
52,12,4
54,20,45
61,10,15
58,9,10
11,16,14
43,13,3
49,19,24
8,18,19
13,15,11
10,23,31
3,19,25
4,14,13
46,22,39
45,15,9
9,18,14
40,23,27
51,21,55
56,15,24
41,23,31
7,23,35
49,20,28
11,16,15
49,23,53
58,16,31
44,22,28
6,8,1
12,21,24
25,23,22
51,12,10
59,14,28
58,10,9
18,18,15
11,18,15
11,20,24
56,14,19
63,14,43
54,18,43
15,18,16
25,22,19
44,19,18
5,9,6
25,21,17
61,9,10
49,15,14
58,17,48
47,13,10
48,19,18
19,22,27
11,21,25
58,16,30
52,20,40
44,23,41
6,20,27
44,23,61
24,17,6
51,21,61
45,21,19
54,9,7
24,23,32
49,7,1
2,8,3
56,6,4
27,14,1
63,13,20
6,20,29
13,16,7
7,12,5
30,14,0
61,1,0
5,17,21
47,11,5
1,12,9
4,15,16
60,14,29
63,9,18
61,16,53
19,20,14
2,15,18
46,22,35
2,22,37
37,17,3
52,17,20
30,21,10
59,14,26
46,23,47
1,8,1
45,18,14
4,17,20
25,22,15
61,12,25
19,15,5
2,17,21
47,14,9
48,9,2
18,20,16
46,23,40
49,18,22
1,17,24
43,12,2
9,19,22
52,11,4
22,16,3
19,17,6
49,19,27
5,21,33
55,10,9
3,8,6
22,20,9
49,22,50
49,22,54
44,22,31
6,10,5
57,14,26
11,15,9
19,14,3
50,11,8
45,15,10
36,23,16
51,10,7
5,11,7
61,8,10
62,10,20
56,17,36
15,16,16
59,16,37
19,21,22
10,12,6
19,16,7
8,16,15
44,21,28
16,17,10
51,11,3
59,17,47
60,17,55
58,6,5
2,9,3
59,15,35
31,23,19
30,20,8
43,20,19
39,21,15
46,23,63
43,14,5
59,17,53
61,14,37
12,15,13
35,22,16
50,20,41
24,21,19
10,9,0
60,16,51
43,14,8
12,15,8
52,17,27
52,20,48
47,23,46
63,5,7
13,14,5
0,21,35
25,20,11
25,21,15
3,23,40
21,18,11
3,14,15
34,21,10
4,9,6
62,1,0
52,17,26
53,16,22
8,10,2
36,18,7
45,21,30
57,16,33
30,23,18
54,11,10
23,21,13
4,23,39
51,21,48
51,22,52
62,8,14
55,18,34
60,16,47
1,23,42
49,19,20
3,23,36
47,12,7
50,20,28
13,13,3
2,17,20
51,17,20
8,11,7
6,11,6
49,10,4
19,16,4
1,18,27
52,16,25
57,16,29
59,3,2
11,17,17
34,19,7
6,9,4
55,4,1
17,19,22
1,9,8
6,9,6
6,13,6
34,23,19
61,2,2
56,18,43
55,16,30
59,6,4
21,21,27
33,22,13
50,22,56
56,17,40
18,20,22
53,20,63
54,19,61
27,16,4
26,22,21
62,12,22
61,15,27
58,16,39
40,17,9
59,17,49
24,23,28
58,17,59
60,12,20
19,19,18
62,15,57
62,16,56
10,23,33
52,16,21
42,15,8
19,16,5
63,4,2
35,23,20
45,10,3
45,22,44
63,4,4
40,23,21
49,21,46
23,19,9
10,10,1
11,21,26
6,13,9
26,20,8
53,13,11
17,18,19
40,14,1
45,21,24
60,1,1
51,17,21
11,15,14
60,9,12
38,23,18
63,12,27
46,23,36
54,18,37
1,21,34
59,9,12
1,16,22
54,10,10
5,9,3
63,15,50
63,8,13
60,8,6
51,11,10
56,8,7
62,9,15
47,21,33
48,23,51
63,7,10
55,18,47
19,22,28
53,17,28
56,13,19
6,21,32
62,11,15
58,17,55
62,14,29
50,8,2
63,6,5
50,13,12
38,17,7
50,21,46
6,15,11
59,11,12
24,22,21
47,18,17
29,21,11
59,2,1
49,13,10
63,11,22
38,16,1
0,19,32
39,23,26
51,21,40
56,17,44
61,12,26
63,10,20
51,17,27
3,23,39
27,23,22
36,22,14
56,18,36
44,23,63
38,17,6
61,16,49
8,11,3
62,14,24
51,21,59
28,15,2
0,17,25
60,16,25
22,20,17
6,18,20
5,23,39
13,15,9
59,8,9
57,17,39
55,14,20
55,19,63
53,20,54
56,18,52
57,10,10
57,11,12
5,17,18
6,14,8
47,23,51
22,14,1
32,23,14
20,20,20
4,14,15
23,21,22
19,21,28
44,22,29
36,21,14
45,13,7
24,14,0
61,14,36
60,16,61
60,13,21
25,21,11
4,23,40
57,17,37
2,19,28
1,22,41
28,23,19
15,15,9
4,22,37
6,15,14
48,22,62
60,8,8
26,20,9
36,15,0
63,12,20
8,11,4
62,12,16
62,15,62
49,20,29
17,19,18
50,17,17
22,22,24
46,20,28
63,14,46
10,13,10
55,9,7
3,22,39
9,15,10
50,22,58
49,21,60
18,17,5
54,11,11
44,22,23
9,14,9
35,21,10
58,17,57
60,4,2
54,17,31
25,21,16
45,23,42
43,23,29
1,8,7
40,19,12
50,9,4
5,17,20
15,14,6
60,5,5
48,13,9
18,15,3
59,10,9
46,21,21
11,23,30
38,21,17
61,11,23
62,15,49
53,15,16
50,19,24
8,17,19
45,12,6
38,21,16
63,6,4
15,23,29
46,11,5
35,21,13
56,12,12
55,17,31
27,23,14
22,20,19
51,17,25
59,15,36
25,13,0
6,19,26
48,17,17
11,16,12
58,14,26
52,19,37
57,13,19
58,11,14
3,23,37
60,8,11
46,22,42
60,17,54
54,19,38
50,20,63
55,19,49
11,18,9
25,19,8
15,16,13
23,22,27
49,22,63
38,17,4
0,16,21
0,9,8
43,15,9
50,22,59
50,22,62
10,14,7
32,20,9
6,14,12
15,12,2
44,12,4
21,22,31
53,20,48
49,19,26
37,23,20
1,19,29
45,17,14
4,13,13
16,17,11
62,13,25
23,23,29
52,20,39
46,22,30
30,18,3
46,22,36
19,15,2
56,11,12
9,19,21
53,8,5
56,18,56
54,19,59
17,12,0
1,7,4
5,10,7
27,15,2
45,23,34
11,19,21
22,21,20
5,15,12
41,22,21
60,6,4
60,16,43
40,20,15
18,20,18
10,14,10
7,18,17
52,21,54
18,19,20
57,12,12
14,16,12
0,9,9
45,23,61
22,21,18
33,23,16
58,17,61
62,16,43
5,23,35
51,14,13
17,17,13
41,13,0
15,13,3
57,2,1
5,16,14
10,13,4
24,23,25
61,16,45
55,19,53
13,22,29
59,16,39
46,12,6
58,13,19
0,14,18
45,21,28
44,11,1
62,11,14
25,20,13
47,11,7
18,15,4
63,10,15
49,21,39
49,22,49
45,19,18
43,23,63
48,20,32
57,3,2
14,12,0
16,22,27
24,17,4
43,23,33
41,22,22
34,19,6
6,22,35
40,15,3
21,20,20
30,16,1
3,11,8
54,18,38
42,13,3
22,21,17
4,19,25
59,9,11
26,21,10
61,16,42
55,17,22
55,5,3
45,22,30
63,11,23
57,18,41
54,20,52
57,8,7
56,1,0
53,21,55
56,19,55
56,16,27
44,20,18
63,1,1
4,11,9
23,21,15
48,15,12
27,23,23
59,17,45
51,7,2
56,18,54
58,16,32
1,8,0
23,21,17
19,18,13
50,21,35
22,19,14
48,12,8
2,12,11
14,17,13
19,22,30
46,21,29
9,13,12
52,19,43
1,16,20
26,23,23
8,11,8
13,15,13
55,14,18
25,22,17
42,18,12
57,15,28
45,19,17
0,19,31
45,20,25
52,6,3
47,9,3
58,12,18
9,17,10
58,17,40
11,14,10
2,17,23
56,16,30
63,15,59
21,20,19
5,23,36
54,15,21
10,21,28
46,10,1
12,23,32
28,21,11
5,20,26
6,12,9
61,14,33
52,20,62
38,21,12
27,23,25
20,20,13
55,17,32
23,22,19
26,20,10
47,16,14
56,12,11
16,18,15
11,17,15
56,7,6
52,16,17
0,18,27
57,9,9
60,12,25
16,23,28
16,21,25
43,16,12
57,15,27
63,16,55
60,16,41
55,16,27
2,14,12
52,20,61
59,5,4
55,18,37
12,22,29
62,7,11
0,22,41
42,22,23
53,19,36
47,22,37
19,19,17
9,13,9
61,16,60
18,19,12
27,23,15
59,7,7
60,16,36
32,18,5
19,20,22
48,22,35
52,14,14
53,9,6
35,19,7
44,21,22
9,10,1
3,6,0
37,16,1
21,18,8
25,15,2
59,17,62
48,20,23
63,15,56
6,12,5
18,14,2
50,22,54
26,23,24
13,13,4
45,23,38
62,15,35
38,15,0
21,18,9
4,23,41
56,5,2
10,14,9
51,18,22
49,21,43
2,11,10
23,20,13
62,11,25
50,16,15
47,16,13
7,14,8
47,20,23
2,19,21
31,22,12
58,0,0
52,17,18
17,20,21
16,15,8
52,19,39
12,21,25
44,23,35
52,21,56
60,17,59
8,17,14
40,14,0
20,21,24
48,11,5
46,20,29
20,14,3
52,19,41
24,19,9
51,12,5
13,22,28
44,15,9
42,23,29
21,19,13
11,19,22
40,23,30
22,19,11
23,16,4
42,14,5
35,16,1
59,1,1
2,19,31
38,15,3
56,16,25
63,13,35
56,19,53
57,15,30
19,19,15
49,22,46
48,21,39
58,17,52
3,17,21
7,22,31
58,15,25
27,18,7
54,15,25
58,17,51
49,12,8
9,11,2
39,20,13
56,18,48
35,17,2
60,14,30
24,22,16
26,22,22
15,20,22
16,15,5
20,18,9
57,15,24
52,17,23
47,20,25
7,21,31
49,21,42
3,10,8
54,6,4
40,18,12
48,17,16
46,23,42
47,23,40
30,21,11
35,20,10
60,12,24
34,21,13
51,9,3
43,19,16
59,17,50
21,20,14
4,15,17
39,21,17
39,14,2
62,15,39
18,14,4
60,16,63
40,22,19
3,16,19
1,14,15
61,14,21
37,19,8
47,21,63
63,15,60
63,11,24
47,14,10
53,19,41
7,10,4
20,18,11
61,15,36
63,11,19
59,6,6
49,17,16
48,22,46
10,18,20
56,18,46
15,16,12
5,9,7
63,8,14
52,9,6
38,19,12
57,17,35
26,15,2
7,23,33
58,18,51
40,14,3
33,21,11
12,18,17
61,11,17
26,19,7
58,17,45
25,18,7
22,20,13
11,17,9
62,9,17
63,8,5
5,12,11
20,21,25
40,19,14
23,21,12
7,12,10
16,14,5
8,15,12
45,21,29
10,21,27
61,13,18
7,15,15
59,12,20
13,23,30
9,11,6
63,9,19
61,3,2
25,21,18
62,16,54
18,22,30
56,18,49
0,8,0
3,16,18
54,13,14
15,23,28
39,23,25
61,5,3
56,18,41
42,23,34
49,17,17
2,21,34
50,20,32
18,22,28
43,22,25
13,16,8
54,16,26
53,5,1
54,19,42
20,16,4
17,18,17
4,14,16
57,11,11
61,4,2
28,17,4
6,10,6
61,16,56
33,16,1
15,18,17
21,21,24
16,17,13
60,8,5
27,20,10
62,12,28
49,21,38
44,14,9
20,20,25
63,15,63
50,11,9
5,23,38
3,22,37
0,22,39
49,20,25
52,18,26
1,23,45
60,17,51
33,16,0
1,18,24
44,13,4
7,22,34
27,16,2
18,17,13
45,21,27
63,15,48
14,19,22
24,15,2
51,13,11
57,13,16
30,21,9
44,20,19
8,23,32
46,20,30
58,17,53
59,6,5
44,12,3
18,18,12
23,22,18
22,22,23
42,22,19
44,21,20
11,12,2
43,19,15
21,19,8
10,16,16
22,22,19
4,18,20
13,16,14
41,18,11
21,14,2
2,22,39
59,13,22
54,8,7
22,18,8
27,14,0
47,22,40
44,15,8
9,16,10
47,10,4
17,19,21
43,12,1
62,13,35
19,23,30
7,11,5
60,14,32
1,19,28
28,23,21
20,19,17
47,22,46
53,4,0
0,16,23
54,16,24
8,10,4
46,9,2
22,20,11
36,22,15
56,18,57
58,18,61
60,17,53
49,22,47
11,11,3
48,22,36
16,21,26
33,20,6
7,15,8
52,21,57
53,12,11
51,20,44
26,23,17
63,9,21
63,12,24
53,19,38
15,19,14
33,17,3
52,12,11
59,7,5
26,21,13
48,15,13
16,17,12
23,21,18
59,12,23
1,18,25
49,9,5
9,11,3
61,12,16
21,20,18
47,15,13
60,13,26
61,13,31
53,19,32
46,23,56
43,12,4
19,23,33
59,17,58
7,10,5
58,12,15
49,12,10
16,22,26
62,16,62
11,13,8
63,15,57
61,11,19
13,17,15
54,18,34
56,15,28
51,20,34
55,1,0
22,21,19
51,18,28
21,14,1
4,19,28
39,20,12
28,14,1
52,21,49
33,20,7
17,15,4
43,21,26
45,13,6
32,23,15
9,15,14
23,23,28
22,18,7
18,12,0
19,20,18
10,15,10
5,21,31
57,18,62
36,19,7
53,19,61
21,19,12
63,14,31
3,16,21
45,16,12
24,21,15
10,10,0
51,5,0
46,17,14
8,14,11
58,18,56
42,22,26
16,23,27
35,20,12
56,4,1
57,13,21
50,6,0
48,23,56
56,18,39
62,14,43
20,22,30
54,19,60
55,13,15
17,19,20
2,12,9
59,16,38
45,11,3
63,3,3
0,14,17
0,9,3
37,17,5
56,17,42
15,23,30
60,14,28
62,1,1
17,14,3
22,21,25
22,21,15
45,11,5
20,21,20
55,14,22
63,11,25
16,12,0
62,16,51
41,20,17
54,17,29
46,22,33
38,16,6
63,14,37
50,21,41
49,10,7
50,22,53
40,15,6
49,7,0
36,16,3
5,8,3
56,18,38
57,5,3
47,23,38
2,13,12
57,14,18
12,20,23
6,10,4
53,18,28
18,16,6
49,19,22
17,22,27
52,10,7
58,18,57
9,18,21
61,10,18
62,15,38
56,13,12
17,23,32
38,15,1
8,10,3
6,14,10
59,8,10
30,23,17
0,21,37
3,18,24
29,23,22
41,23,20
53,19,47
18,16,9
14,17,19
48,10,3
51,18,27
60,10,14
62,16,57
22,20,8
54,9,5
53,14,15
0,16,22
3,16,17
44,23,33
49,18,27
50,20,31
37,19,9
50,20,34
26,21,15
62,12,17
56,18,44
63,7,13
39,19,12
52,21,48
59,16,45
13,12,3
60,16,34
59,17,56
1,13,13
1,10,8
51,20,62
48,20,28
50,21,33
54,4,0
20,14,1
37,23,21
10,15,11
29,23,20
27,23,19
10,12,7
50,14,13
47,21,31
40,15,4
60,17,49
25,20,12
32,23,18
13,23,29
50,20,44
6,12,10
51,18,20
47,23,55
55,15,26
48,16,16
25,23,17
60,15,27
52,14,13
60,16,37
62,16,63
8,20,28
48,18,26
7,17,18
51,21,49
44,23,32
58,2,1
4,20,31
22,14,2
50,19,23
24,21,17
23,16,2
36,19,9
46,23,48
13,15,6
31,23,18
59,10,14
42,19,14
17,18,16
59,13,26
57,4,2
47,19,23
53,19,46
9,19,23
47,23,50
34,21,12
53,13,13
13,23,31
58,18,52
54,20,60
62,10,18
44,16,13
56,18,32
41,19,13
45,11,0
62,12,27
9,20,27
59,18,41
53,16,24
52,9,5
57,12,13
5,11,9
34,16,0
45,14,10
3,19,21
27,22,14
21,21,15
0,23,46
20,19,15
60,13,24
43,23,36
60,10,17
39,23,21
31,23,13
7,23,37
49,21,36
28,22,12
23,20,9
57,18,54
31,16,2
23,17,6
7,16,18
26,23,19
49,18,28
56,19,60
23,19,11
59,7,4
51,20,30
8,15,11
63,14,35
45,9,0
61,12,19
18,13,0
8,14,13
20,17,8
53,11,10
44,23,46
60,11,16
2,20,30
13,11,1
9,18,19
5,17,15
0,13,14
35,17,5
0,9,0
63,10,24
46,20,23
10,11,2
63,7,12
45,14,9
2,18,20
51,20,38
11,20,22
54,14,14
52,9,4
57,8,8
14,14,6
6,22,34
5,8,5
46,9,0
4,20,29
12,14,10
19,21,23
61,10,14
31,20,8
58,17,37
36,20,9
45,23,32
7,16,16
47,19,25
52,20,35
43,15,6
60,16,46
16,14,3
50,9,5
6,20,28
60,7,8
59,14,29
12,13,4
50,22,60
58,11,11
56,6,5
16,19,21
61,11,20
23,18,3
62,11,17
56,19,57
15,18,14
4,17,19
3,22,34
28,22,16
27,22,18
42,15,6
7,17,15
35,21,14
55,14,17
19,19,12
55,12,12
12,14,13
7,15,10
34,23,16
50,18,20
7,8,0
12,17,18
56,17,33
26,22,18
15,15,6
59,15,27
51,17,22
44,16,11
60,14,34
0,10,2
0,20,32
57,18,53
1,20,32
13,15,8
25,21,13
19,18,10
46,21,33
13,22,27
14,15,8
9,22,31
23,14,0
59,16,43
0,13,15
57,17,47
62,14,37
11,16,9
54,18,36
27,22,17
45,23,40
16,16,10
46,13,7
22,22,25
53,19,42
15,14,5
7,14,14
57,18,56
55,15,19
7,15,13
52,7,3
60,14,31
2,7,3
5,15,16
2,18,24
58,11,12
7,17,14
33,22,14
22,13,0
10,13,7
49,10,5
8,11,9
40,23,31
8,19,21
45,19,16
8,12,6
56,19,52
47,13,9
60,16,55
23,22,22
12,17,17
62,15,60
46,20,21
59,8,7
55,18,36
42,16,9
56,14,25
24,22,17
16,20,22
47,23,49
35,19,8
62,14,40
54,16,19
8,18,14
50,17,19
5,8,4
6,15,9
25,17,6
60,11,15
32,17,3
1,22,38
57,17,40
62,15,58
48,7,0
3,15,16
42,17,10
50,21,62
57,17,31
48,23,59
57,11,13
54,18,39
37,21,13
43,21,23
41,21,19
15,19,22
9,11,5
1,9,7
61,12,21
51,18,29
42,15,7
52,14,15
60,12,23
22,23,33
4,8,5
57,17,48
57,1,0
1,11,6
5,17,22
1,9,6
54,7,3
2,19,29
46,19,18
51,15,15
56,16,31
51,12,4
60,16,59
53,17,26
63,12,32
2,23,39
47,10,2
55,19,62
47,11,4
9,17,19
62,13,31
9,15,11
42,23,27
17,19,16
56,18,55
40,20,14
17,15,7
25,23,26
55,19,54
52,15,16
14,15,9
23,22,17
9,13,8
23,23,27
51,20,37
48,22,43
36,23,19
46,23,61
23,20,16
0,15,20
34,22,15
32,22,12
5,20,28
16,19,16
58,13,22
48,11,6
15,21,25
53,21,51
34,23,18
43,22,23
56,13,16
58,8,7
10,14,12
42,17,12
47,18,16
52,21,50
54,20,55
12,14,9
12,17,15
9,20,25
58,4,3
42,22,22
44,12,2
55,12,13
45,22,31
32,20,6
60,14,27
39,18,9
3,12,10
38,21,13
51,21,57
12,16,10
50,12,10
43,23,35
24,14,1
13,21,24
63,14,47
46,16,14
49,23,54
20,17,6
52,19,34
61,5,5
2,8,5
20,23,32
33,23,17
47,23,52
44,11,0
11,21,24
45,22,34
52,19,31
10,16,13
9,14,12
35,17,4
24,22,22
5,15,13
59,10,11
38,22,17
28,18,5
60,12,19
20,19,18
23,22,26
15,17,17
35,20,8
37,16,4
51,18,19
55,14,23
39,15,5
53,19,63
46,19,17
50,21,61
58,15,27
58,15,33
1,14,16
8,22,30
63,14,45
38,15,2
5,22,36
36,22,17
33,19,6
53,20,45
61,14,26
39,21,16
28,22,13
47,15,11
59,13,21
12,14,6
18,14,3
46,11,6
61,15,46
30,23,20
62,14,33
19,20,19
57,17,43
18,21,24
27,23,21
20,17,9
44,14,7
3,21,34
41,23,28
37,21,12
28,22,15
51,20,47
45,20,24
49,21,48
47,21,35
50,21,48
17,17,9
5,17,19
53,14,14
54,19,63
2,8,0
16,16,6
20,18,8
13,20,22
48,22,44
36,20,12
24,22,19
31,21,9
6,20,30
43,19,17
1,20,31
57,17,44
49,20,31
30,23,15
63,14,36
3,17,23
0,9,2
44,23,34
4,11,8
20,20,14
22,19,8
60,15,37
39,22,18
10,20,25
30,17,3
7,13,5
12,15,11
51,21,62
6,19,24
48,22,58
61,1,1
52,10,8
14,11,1
41,15,7
43,22,28
2,7,1
2,13,13
5,19,26
25,21,19
48,8,0
14,11,0
49,16,16
12,22,27
61,16,59
24,22,26
50,17,20
53,17,22
50,18,22
4,22,34
50,8,4
53,11,9
55,18,44
11,14,6
61,9,13
55,18,38
3,18,25
45,22,32
60,17,47
40,16,8
46,23,51
36,17,5
23,23,31
22,15,3
11,15,10
21,17,8
52,6,1
62,16,49
54,17,30
1,14,17
10,23,34
38,23,21
60,7,7
61,6,7
38,16,2
25,16,4
59,16,44
18,19,17
11,16,11
54,6,3
28,16,3
48,22,63
57,18,46
60,11,20
63,13,37
57,17,63
55,19,44
47,23,57
25,17,5
13,18,19
31,15,1
53,16,20
28,23,17
14,16,14
26,22,16
45,20,22
48,21,44
11,14,11
55,18,33
1,10,3
53,12,10
