29,21,63
27,12,59
29,18,63
21,0,59
27,16,60
35,0,51
48,3,58
44,1,52
56,7,63
34,9,57
43,12,61
41,1,51
24,8,59
58,0,60
47,8,60
48,3,59
27,2,52
38,1,50
28,0,52
52,1,59
32,12,60
41,3,51
28,15,62
20,0,63
53,1,60
50,0,54
43,8,57
27,11,59
51,3,63
55,6,63
52,1,62
58,6,63
40,15,61
24,7,58
37,13,62
33,9,57
38,9,55
42,9,56
33,1,54
49,1,54
25,7,55
27,21,60
26,5,53
21,1,63
30,8,56
30,0,53
31,9,58
40,4,51
37,9,56
43,12,60
37,6,54
28,14,61
24,13,62
42,7,53
63,0,59
33,10,59
39,9,56
27,9,57
43,6,53
21,0,55
28,6,54
53,2,62
25,19,61
23,5,54
24,9,57
46,8,57
22,8,63
24,10,62
51,7,63
58,7,63
25,18,61
33,13,61
49,2,56
40,4,52
31,0,52
29,22,63
26,0,52
45,7,54
37,9,57
28,3,53
24,0,51
31,14,62
60,1,62
50,3,61
36,1,52
48,2,55
46,2,54
42,2,51
47,4,58
27,15,61
47,0,53
29,16,62
20,0,57
33,12,61
22,2,60
51,3,62
22,7,57
26,21,63
39,17,62
47,6,60
60,0,60
51,1,58
39,14,61
37,2,52
60,4,62
35,6,54
19,0,61
27,7,55
25,16,61
27,0,52
63,0,60
28,16,61
36,4,54
41,10,58
25,9,57
44,1,53
30,1,53
37,1,51
22,1,56
37,14,61
42,9,57
46,10,61
63,6,63
22,2,61
34,4,54
40,12,58
25,3,53
27,10,57
47,4,59
25,20,62
32,7,56
50,0,57
28,17,62
47,1,55
23,3,59
27,4,53
26,20,60
39,10,57
46,5,54
53,1,61
33,8,57
47,6,57
42,13,61
24,8,61
22,4,55
30,7,55
57,1,61
32,1,53
47,9,62
21,6,62
46,9,61
42,5,53
34,1,53
43,12,58
35,13,62
49,3,59
35,8,55
39,12,58
40,9,56
24,7,57
44,12,62
27,15,60
43,11,58
26,11,58
22,3,57
38,15,62
28,9,56
49,7,62
44,5,53
48,1,54
36,7,54
24,10,61
29,2,53
43,9,58
38,16,63
42,7,55
42,12,60
27,5,53
41,14,61
60,7,63
62,1,61
25,8,55
44,11,59
23,7,54
25,17,61
24,6,54
32,3,53
60,6,62
33,10,58
61,6,62
40,18,63
44,9,59
46,7,56
28,21,63
46,4,54
25,14,60
23,1,53
26,10,59
25,9,59
49,0,54
38,19,63
21,5,63
32,10,59
24,8,58
41,14,59
41,14,62
30,9,57
29,3,53
39,15,61
35,8,56
46,0,54
40,0,50
25,18,60
37,9,55
58,4,63
27,17,62
39,21,63
48,2,57
29,10,57
36,11,59
58,2,62
51,8,63
39,18,63
40,0,49
39,13,59
26,21,60
33,14,62
60,5,62
49,4,60
25,8,56
20,0,58
45,10,61
23,8,59
40,9,57
25,9,60
42,4,52
30,10,59
56,4,63
54,3,63
50,4,61
45,6,53
23,7,58
25,3,54
61,8,63
53,5,63
23,6,54
22,5,59
26,9,58
27,17,60
40,14,59
42,12,59
28,1,53
59,7,63
37,18,63
49,3,60
37,21,63
33,13,62
49,1,57
47,2,56
39,10,58
26,21,62
26,18,60
56,0,61
45,12,62
37,0,50
24,1,52
24,7,54
36,5,53
28,7,54
50,6,62
43,10,58
48,8,61
51,2,61
40,11,58
40,16,63
55,4,63
36,13,61
42,1,51
41,0,49
36,8,55
23,2,58
44,0,52
26,20,61
50,1,57
33,7,55
25,15,61
37,2,53
31,15,63
22,3,56
29,11,59
50,1,56
35,4,53
40,15,63
60,1,61
23,10,63
38,10,57
49,0,53
26,7,55
29,16,63
38,21,63
35,12,59
63,7,62
47,3,56
22,5,61
38,15,63
27,9,56
37,3,53
20,0,59
23,3,58
25,11,60
34,13,61
36,9,56
23,7,55
25,10,58
46,8,58
28,23,63
22,4,57
42,11,58
28,2,53
48,4,60
23,5,59
33,2,54
41,4,51
38,5,53
48,5,57
42,13,58
62,4,62
41,12,58
33,1,53
22,5,60
45,6,54
32,13,61
52,0,58
39,1,51
37,8,54
24,0,50
43,10,57
40,10,57
24,8,60
28,19,62
60,0,59
23,7,57
23,2,54
58,2,63
37,0,49
26,6,53
25,6,54
22,6,55
38,8,54
30,11,59
24,14,62
45,10,60
29,15,62
26,1,51
23,5,58
40,13,59
22,7,59
38,17,63
35,14,62
23,8,61
45,2,54
22,8,62
45,1,54
39,0,49
41,5,52
34,0,51
50,7,63
25,14,61
32,8,56
34,10,59
25,12,61
26,4,53
42,14,63
22,6,56
42,13,63
32,10,58
38,3,53
54,1,62
49,3,61
47,4,56
28,10,57
22,2,57
40,1,50
32,2,53
43,8,55
56,0,60
51,2,60
29,20,63
46,2,55
37,1,52
60,6,63
48,6,58
37,13,61
27,6,53
48,3,57
28,22,63
46,0,53
25,18,62
47,3,55
46,6,54
58,3,63
25,21,62
51,0,56
22,7,60
39,13,61
38,9,57
46,9,62
50,4,62
30,14,62
41,0,50
43,7,54
62,7,63
32,5,54
62,0,61
44,8,56
26,11,59
57,0,60
52,0,59
39,1,52
48,10,63
27,7,53
35,9,57
37,10,57
46,9,60
51,6,62
31,14,63
27,18,61
25,2,53
35,7,54
27,21,61
42,14,61
40,5,51
32,11,59
43,4,52
21,1,56
44,12,63
25,20,61
47,5,60
40,5,52
41,6,53
21,1,60
26,7,53
45,9,60
28,13,59
26,17,61
25,7,56
24,4,54
32,0,53
43,13,62
30,12,60
45,10,59
27,16,61
44,2,53
22,4,62
32,9,56
29,19,62
45,9,57
22,4,61
25,15,60
41,9,56
29,7,54
52,2,61
26,14,59
25,7,53
21,1,57
38,8,55
53,0,60
42,8,54
44,10,58
38,12,59
36,3,53
41,15,62
44,6,53
43,12,62
34,11,60
25,14,62
25,14,59
35,12,60
56,2,63
34,15,63
40,6,52
20,0,61
39,8,55
47,7,61
30,6,54
34,8,57
41,10,57
23,4,59
43,0,50
50,3,62
38,13,61
27,13,59
40,15,62
47,8,57
62,0,59
39,9,57
22,2,56
23,4,58
37,7,54
46,8,61
61,4,62
44,11,61
34,6,55
42,0,51
32,15,63
33,2,53
28,12,59
63,2,62
48,6,61
43,11,60
20,0,56
35,13,61
31,10,59
36,18,63
23,0,51
56,3,63
28,8,55
54,0,60
41,13,59
36,6,54
45,12,63
44,8,57
61,0,61
28,0,51
63,1,62
27,6,54
40,14,60
39,0,50
48,5,58
37,7,53
46,6,56
26,22,63
23,2,55
43,0,52
26,0,50
47,6,61
40,9,55
28,20,61
61,7,63
43,9,57
39,5,52
21,7,61
29,11,58
60,8,63
63,3,62
47,3,57
25,7,54
41,4,52
44,10,59
36,19,63
40,10,58
48,8,63
49,2,58
23,1,55
28,15,61
32,13,62
35,7,55
22,4,56
62,7,62
21,2,63
44,0,51
25,17,60
42,13,60
36,10,57
36,2,52
33,9,58
28,10,58
30,14,63
26,22,62
32,6,54
31,8,56
25,10,61
55,1,61
45,11,63
28,18,62
27,12,58
21,2,58
53,0,58
61,1,62
37,12,59
45,8,56
50,3,60
26,19,61
29,14,63
22,3,59
20,1,63
62,2,62
53,6,63
44,11,60
35,1,53
30,5,53
35,0,52
29,9,57
23,7,60
41,7,53
32,12,61
38,17,62
56,1,62
34,1,54
45,1,53
43,4,53
30,15,63
50,2,61
26,10,57
32,2,54
30,12,61
25,20,63
27,21,62
24,10,60
42,15,63
42,5,52
43,1,51
42,14,62
27,10,58
28,5,54
36,1,51
49,9,63
23,1,54
31,4,54
29,9,56
30,13,60
25,1,51
40,3,52
23,12,63
50,8,62
22,2,59
28,12,60
26,12,59
55,0,61
24,14,63
54,6,63
50,0,55
28,4,53
52,3,63
37,5,53
21,4,63
28,11,58
23,3,54
52,2,62
25,1,52
29,6,54
19,0,60
30,2,54
61,7,62
63,5,62
63,8,63
49,1,55
22,1,59
20,1,62
36,2,53
41,15,61
32,8,55
45,5,53
57,6,63
25,13,62
35,9,58
40,6,53
36,4,53
37,4,53
46,7,55
32,11,60
46,9,63
19,0,63
55,0,60
22,2,55
43,7,55
35,15,63
25,11,61
46,11,63
29,17,62
41,2,51
40,7,54
27,14,59
42,6,53
22,6,60
25,6,53
28,16,62
31,1,53
34,13,62
38,12,61
36,12,60
36,16,63
37,16,63
21,1,58
25,17,63
39,12,60
21,2,59
35,9,56
46,10,62
24,9,60
42,3,52
26,2,53
34,10,58
38,13,60
46,5,56
49,6,62
30,11,58
23,9,62
42,13,59
27,22,63
37,19,63
26,9,56
51,6,63
61,5,62
23,11,62
47,0,54
35,5,53
26,0,51
45,6,55
32,14,62
42,0,50
37,11,58
40,8,55
35,11,59
37,3,52
40,19,63
23,0,54
33,0,52
22,1,57
32,9,58
58,1,61
55,1,62
55,2,62
22,3,60
35,2,54
29,13,61
31,11,59
25,22,63
28,19,63
42,8,55
34,14,63
25,19,63
24,16,63
21,0,60
62,3,62
29,7,55
48,2,56
28,11,59
23,10,62
32,14,63
59,6,63
55,2,63
26,16,59
48,3,60
37,15,63
40,14,61
24,11,62
47,6,59
53,2,63
32,4,53
28,22,62
49,6,61
45,8,60
25,8,57
36,14,62
38,10,58
51,1,59
59,5,62
52,0,57
35,5,54
48,1,56
49,8,61
51,2,62
31,13,62
36,9,57
33,6,55
36,0,50
33,14,63
21,0,57
45,8,57
25,17,62
52,2,63
41,11,58
27,23,63
36,13,62
26,13,59
24,13,63
36,1,53
33,6,54
31,7,55
47,8,59
24,1,53
21,0,56
33,12,60
48,7,61
34,14,62
47,1,54
25,5,54
32,7,55
46,7,57
50,5,62
30,2,53
51,0,55
31,4,53
37,14,63
49,7,61
28,5,53
44,6,54
23,8,62
39,11,58
21,7,62
44,9,57
26,12,58
31,0,51
38,18,62
27,18,60
35,10,59
24,12,62
20,0,62
21,3,63
22,1,55
39,6,52
30,4,54
62,1,62
47,4,60
39,11,59
47,6,56
27,3,53
46,1,54
33,5,54
30,14,61
23,13,63
39,7,54
47,3,58
42,8,56
25,19,60
22,7,56
38,20,63
22,6,58
27,7,54
42,14,60
28,21,61
56,2,62
38,4,53
23,6,58
35,1,52
23,7,56
59,0,61
39,19,63
25,15,62
48,1,55
34,12,61
43,12,59
21,1,61
38,3,52
26,9,57
37,17,63
41,15,63
29,12,59
28,13,60
25,15,59
41,14,60
40,7,53
30,5,54
47,2,55
37,0,51
40,2,52
52,6,63
33,8,56
26,17,59
37,8,56
44,13,63
53,3,63
45,8,55
39,9,55
29,8,55
27,19,61
42,10,58
26,3,53
20,1,61
57,1,62
24,3,54
50,1,59
40,17,63
38,0,49
41,9,57
39,8,54
35,14,63
48,9,63
30,10,58
24,7,55
27,1,53
38,7,53
54,0,61
48,4,59
49,6,60
33,5,55
27,22,62
28,7,55
26,19,60
18,0,63
38,4,52
47,10,63
45,7,55
50,1,55
26,18,61
59,1,62
31,5,54
49,2,60
26,21,61
24,7,56
25,16,62
63,7,63
59,5,63
31,10,58
50,0,56
29,14,62
27,19,60
22,3,55
23,5,57
22,7,61
40,16,62
23,3,55
49,2,57
23,7,61
47,8,58
24,12,61
63,4,62
34,3,54
25,13,61
26,15,59
29,0,53
36,15,63
46,8,56
44,8,55
62,8,63
59,3,62
30,6,53
25,10,60
37,6,53
36,8,54
32,12,59
33,9,56
46,5,55
24,5,54
24,17,63
52,1,61
29,5,54
39,20,63
44,0,53
41,13,58
43,1,52
29,17,63
36,21,63
20,0,60
22,0,56
31,8,55
46,3,55
42,7,54
35,2,53
34,7,55
47,7,59
29,12,60
45,9,58
37,5,52
44,12,61
23,4,54
53,4,63
23,11,63
34,9,58
45,10,62
27,16,59
28,14,60
32,4,54
29,8,56
22,4,59
31,12,61
22,9,63
52,0,60
49,5,62
59,2,62
30,9,56
61,0,60
21,2,62
29,5,53
22,5,57
27,20,61
63,0,61
38,12,60
56,1,61
41,1,50
39,17,61
34,2,54
41,5,51
51,1,57
47,8,61
22,6,61
48,4,58
52,4,63
36,12,59
45,8,59
36,14,63
25,8,58
47,5,59
30,13,62
29,0,52
23,5,55
32,6,55
21,0,58
37,14,62
44,7,54
42,6,54
47,9,63
22,3,61
37,10,58
39,6,53
41,7,54
39,16,61
27,14,61
29,10,58
38,11,59
49,8,63
23,7,62
23,4,57
45,11,60
39,15,62
26,16,61
45,0,54
47,5,57
54,2,62
59,1,61
23,6,56
58,0,61
26,2,52
42,4,51
54,2,63
30,0,52
46,10,63
27,1,52
43,8,56
46,4,55
31,13,61
25,12,59
23,7,59
30,12,59
28,20,63
39,1,50
34,11,59
36,7,55
33,4,54
25,10,59
47,8,62
33,11,60
46,1,55
40,1,52
35,12,61
28,21,62
22,4,60
26,8,55
38,1,52
40,1,51
21,3,62
22,7,63
50,7,61
63,1,61
50,8,63
33,11,59
32,7,54
48,6,60
59,3,63
39,4,52
35,6,55
50,7,62
46,8,60
30,8,55
57,0,61
48,2,58
30,3,54
45,9,59
48,0,53
29,19,63
53,0,61
41,8,56
61,6,63
57,4,63
30,13,61
42,1,52
62,6,62
42,12,58
37,11,59
50,2,60
23,9,63
38,9,56
41,8,54
36,8,56
38,18,63
40,16,61
46,8,59
21,2,61
21,1,62
38,5,52
24,11,61
52,5,63
24,8,57
24,9,61
39,12,59
25,0,50
31,12,60
21,7,63
40,8,56
33,0,53
63,6,62
51,0,54
38,6,53
37,12,61
43,0,51
49,2,59
40,8,54
29,1,53
62,6,63
29,14,61
37,20,63
40,13,58
22,0,55
38,14,61
31,9,57
25,5,53
43,14,63
25,8,59
35,18,63
21,6,63
26,7,54
47,5,58
62,5,62
48,5,60
30,4,53
39,14,62
31,2,53
46,4,56
51,1,61
35,8,57
43,11,59
49,4,61
39,14,59
41,8,55
37,8,55
53,0,59
49,1,58
48,0,54
27,8,55
35,1,54
40,12,59
38,11,58
24,0,52
50,1,58
50,2,58
43,6,54
27,15,59
39,18,62
32,0,52
29,13,60
28,9,57
59,6,62
28,20,62
47,3,59
61,1,61
25,19,62
49,3,58
51,0,58
41,6,52
45,7,56
35,10,57
24,8,56
39,7,53
54,1,61
53,1,62
22,5,58
35,3,54
51,3,61
28,1,52
51,0,57
27,17,61
39,22,63
42,13,62
27,11,58
36,0,51
35,10,58
45,11,62
25,12,60
58,1,62
22,7,58
52,1,60
62,0,60
38,16,62
26,10,58
38,1,51
46,6,55
47,7,60
23,9,61
36,10,59
44,4,53
40,20,63
29,23,63
25,21,63
19,0,62
40,17,62
30,7,54
27,2,53
39,3,52
43,5,52
22,2,58
43,13,61
27,0,51
22,5,56
28,8,56
25,16,60
46,8,62
22,7,62
45,5,54
47,7,57
60,0,61
33,8,55
51,1,60
34,0,53
25,18,63
22,1,58
31,0,50
25,13,60
29,4,54
26,16,60
31,6,54
26,1,52
38,6,52
34,0,52
23,6,55
44,13,62
25,13,59
21,6,61
39,14,60
26,17,60
57,2,62
27,20,60
24,2,53
27,13,60
25,9,58
35,3,53
31,7,54
34,5,55
45,9,61
29,4,53
25,4,53
27,14,60
45,11,61
44,7,55
38,7,54
43,13,63
22,0,54
21,1,59
38,14,62
39,2,52
32,9,57
36,11,58
30,3,53
45,0,52
39,13,60
27,8,56
46,3,56
44,9,58
59,2,63
25,0,51
22,3,62
34,7,56
22,0,53
25,15,63
49,1,56
61,3,62
60,2,62
30,10,57
57,2,63
43,5,53
29,15,63
61,0,59
23,8,60
21,2,60
55,3,63
24,18,63
35,4,54
38,0,50
47,6,58
26,8,56
40,2,51
23,0,53
41,14,63
33,3,54
42,8,57
49,0,55
50,2,59
37,12,60
44,4,52
59,0,60
25,1,53
38,2,52
49,8,62
45,8,58
47,4,57
29,14,60
25,9,56
61,2,62
48,8,62
57,3,63
31,9,56
25,16,63
23,0,52
25,4,54
36,17,63
34,12,60
22,5,55
19,1,63
31,0,53
60,3,62
34,5,54
24,2,54
36,12,61
24,1,54
22,2,62
44,10,60
28,14,62
26,23,63
42,10,57
42,14,59
50,0,53
49,5,61
34,8,56
43,10,59
56,6,63
39,16,62
47,7,58
42,6,52
41,0,51
45,0,53
24,15,63
36,5,54
36,10,58
21,5,62
29,18,62
24,0,53
