4,8,36
19,18,36
25,22,23
1,21,59
12,5,32
13,4,20
13,12,20
30,23,9
28,23,32
20,0,4
2,21,56
16,8,13
3,15,40
18,12,15
13,5,31
10,19,39
18,17,21
24,21,26
16,12,28
5,22,49
22,21,25
2,10,36
16,13,24
1,20,47
3,23,57
19,21,18
0,11,38
12,4,22
32,23,3
16,0,15
19,12,15
14,12,35
7,15,39
25,22,15
26,16,3
11,5,26
24,21,13
16,4,13
4,15,39
12,1,30
17,14,28
14,8,32
2,21,50
1,3,37
18,17,25
22,20,15
15,4,15
28,23,11
15,23,47
29,20,7
28,16,1
25,21,32
1,19,53
1,23,62
26,22,25
13,21,41
19,11,10
14,14,19
24,23,38
13,5,18
17,13,35
19,17,28
11,2,31
13,11,19
29,22,8
2,20,46
15,12,29
26,22,26
3,15,42
27,23,10
22,12,5
21,8,4
16,13,30
4,23,51
5,19,43
13,12,24
0,12,43
23,12,4
19,17,33
16,15,17
9,19,44
16,16,20
19,19,27
12,22,47
35,23,0
23,11,2
4,23,55
26,23,35
13,4,24
16,17,19
0,11,41
7,13,36
23,21,38
25,19,10
3,22,55
24,22,38
0,17,46
14,8,16
18,19,40
6,18,40
31,22,5
19,15,28
19,10,10
20,5,3
4,18,42
3,21,49
16,15,23
12,8,29
19,21,43
20,18,20
19,10,6
8,22,47
15,16,18
2,12,41
15,13,32
26,22,36
15,12,25
15,15,17
21,18,25
13,11,34
16,13,27
21,11,5
19,20,16
0,10,40
0,17,45
4,16,39
5,8,33
17,17,20
2,8,36
25,21,29
23,20,25
19,18,15
17,15,35
1,16,43
28,21,8
27,18,4
11,13,36
26,18,5
24,19,28
16,8,14
15,3,15
12,11,32
1,5,37
22,15,5
13,3,21
15,11,30
11,14,37
8,10,32
3,19,46
22,17,28
10,19,43
10,17,39
26,15,5
14,13,21
18,15,33
17,11,15
25,22,28
23,23,19
28,23,35
22,14,8
26,22,30
20,12,5
18,19,18
2,12,36
22,18,32
11,19,43
3,19,43
13,11,18
32,19,2
13,6,32
15,14,23
25,21,23
21,13,10
12,7,31
25,19,13
7,20,44
30,23,7
13,5,23
11,15,37
4,21,47
18,1,11
18,12,14
23,17,13
28,23,31
3,14,40
14,12,36
3,1,35
8,21,46
28,14,0
21,13,5
12,10,26
26,14,0
3,23,62
13,12,26
3,21,56
12,10,33
14,19,41
29,22,6
28,18,0
12,7,26
1,16,44
23,19,14
24,13,6
18,3,12
8,0,31
14,1,15
13,8,24
15,21,44
24,21,24
0,22,62
12,2,20
12,1,19
1,22,63
12,4,24
23,11,4
4,0,33
11,12,36
19,5,10
2,23,60
22,4,1
27,16,2
26,19,11
6,15,38
1,21,51
21,17,33
12,14,36
10,0,31
0,20,49
12,2,25
23,18,13
18,23,45
24,16,6
8,12,35
19,17,14
22,11,3
28,18,3
15,8,16
12,13,35
16,11,34
26,20,8
18,23,46
22,18,27
32,22,2
26,23,38
22,9,3
10,22,45
22,20,37
18,15,15
10,23,47
19,18,20
4,23,56
26,17,4
3,1,34
15,22,41
22,23,40
21,18,15
3,18,44
24,14,0
10,11,33
25,21,34
12,17,40
21,23,44
14,22,45
21,17,26
1,23,63
29,17,2
13,8,33
22,16,9
26,22,32
23,16,9
5,22,48
16,12,17
19,17,26
6,7,33
21,21,15
4,23,59
24,22,25
26,19,13
18,16,24
22,19,28
9,0,31
18,18,14
21,4,1
12,6,32
12,20,44
17,23,46
16,19,42
12,0,25
6,3,33
21,19,37
31,19,4
16,1,14
23,12,0
16,18,41
22,19,29
23,13,11
8,15,39
16,16,25
20,14,9
12,0,31
0,0,36
0,16,44
19,15,30
30,18,0
13,2,18
16,16,17
7,18,42
14,11,34
18,15,14
18,17,19
19,23,45
5,13,37
21,14,6
24,20,31
17,10,13
7,21,43
25,22,16
4,16,38
7,17,38
13,10,28
23,22,38
20,19,37
13,22,45
23,15,9
27,23,30
18,19,35
2,16,42
17,14,34
23,18,29
13,5,25
7,18,43
12,0,30
5,12,35
13,22,46
17,17,18
24,19,27
32,23,1
12,0,22
1,3,36
23,20,24
23,19,25
12,8,31
26,21,31
16,10,15
12,11,26
24,22,36
21,15,13
16,15,26
14,4,17
1,4,36
24,23,24
22,15,6
25,22,21
2,14,41
9,14,38
1,11,39
2,22,62
17,20,43
18,18,21
13,3,17
12,1,31
34,23,2
12,9,26
15,13,24
24,22,14
16,12,30
15,13,22
6,5,34
3,20,44
26,22,10
14,12,17
22,15,8
31,23,5
1,4,37
13,5,19
15,15,27
12,6,27
19,18,17
4,23,60
3,6,36
1,17,45
17,12,31
11,16,39
24,23,21
23,22,15
16,17,18
8,17,40
22,5,0
16,8,15
15,0,15
24,17,11
11,17,37
2,4,35
6,19,41
10,12,35
7,23,50
15,16,19
3,11,36
21,11,9
21,6,2
19,0,10
7,4,32
2,21,58
15,10,31
26,16,0
14,12,31
28,23,25
21,20,29
25,15,5
8,14,38
21,22,43
15,15,36
21,18,26
16,12,29
19,11,11
16,13,36
14,12,22
18,11,8
25,23,14
17,12,30
27,22,10
4,22,51
15,21,43
18,18,39
7,10,34
14,15,37
14,2,16
12,9,30
15,13,21
26,22,35
25,15,1
26,18,8
22,18,15
2,12,39
0,23,63
20,3,4
7,19,44
20,7,3
27,22,31
20,11,5
22,21,15
2,21,57
3,8,36
22,2,0
14,22,44
22,1,0
22,15,11
26,18,4
25,14,4
32,22,4
17,4,12
11,11,33
0,18,50
14,2,17
0,21,50
0,7,39
10,18,42
24,15,7
23,19,30
12,17,39
24,21,22
18,20,17
18,14,31
9,15,39
2,19,46
19,16,27
27,20,8
13,13,35
12,4,25
18,17,36
10,18,41
30,22,6
14,12,28
4,21,51
30,16,1
18,17,35
11,9,26
9,3,32
12,4,31
19,4,7
22,19,35
20,12,7
21,17,30
20,4,5
22,21,39
19,8,9
28,20,5
9,14,34
18,9,10
13,6,24
21,12,4
12,21,45
20,16,29
22,21,26
19,8,11
25,21,10
22,18,26
14,17,38
13,23,47
17,7,13
19,11,7
23,22,18
4,19,43
14,13,17
8,18,42
7,13,37
22,19,27
19,9,7
19,3,6
18,9,12
21,20,31
12,10,27
19,17,23
1,17,43
21,14,9
0,22,56
12,0,29
20,19,28
18,11,12
27,20,5
25,12,0
6,22,46
26,13,1
14,11,30
2,23,58
23,15,7
0,23,62
22,20,29
22,2,1
13,7,25
13,9,31
20,23,44
9,21,46
17,21,43
23,21,15
4,4,35
1,1,36
24,13,0
22,15,12
16,23,47
25,21,30
18,13,33
1,19,54
11,8,32
23,13,9
20,19,19
29,15,0
12,17,41
24,17,12
27,23,26
23,18,15
27,23,28
10,17,37
28,17,3
12,0,19
25,15,6
25,21,25
16,14,24
5,22,46
17,23,44
12,0,24
19,19,15
15,20,41
21,10,2
10,12,34
22,22,39
13,19,43
24,19,30
18,11,13
21,19,28
5,18,42
17,16,33
23,12,2
22,14,13
14,8,33
21,8,0
22,16,13
11,19,42
20,11,9
19,18,21
12,16,39
23,16,13
24,20,33
5,23,56
17,16,23
22,12,2
19,4,6
31,20,4
25,14,3
17,18,15
21,18,35
24,21,27
27,14,0
17,18,25
23,22,39
15,3,16
19,16,14
26,22,31
5,18,40
24,17,10
25,18,10
20,4,7
25,16,0
3,22,60
6,5,33
18,20,41
9,18,42
26,22,34
28,22,7
27,21,7
3,23,52
24,20,32
13,9,30
13,11,21
4,20,44
7,8,32
13,15,37
15,14,36
15,14,37
12,1,22
12,3,19
20,8,5
23,17,7
3,12,38
23,23,42
3,14,41
20,16,32
15,4,16
16,15,27
9,19,42
20,19,38
6,21,43
1,6,36
15,11,28
21,19,23
16,15,37
21,19,19
17,19,40
20,18,36
15,16,36
18,17,33
12,2,24
25,23,22
9,23,48
20,6,5
20,20,15
11,23,47
25,22,25
19,18,18
1,0,36
14,9,16
22,12,4
13,18,41
8,4,32
6,22,47
10,3,31
26,19,10
1,20,51
1,21,57
21,19,33
15,18,37
8,13,35
17,10,12
21,17,32
0,21,62
6,17,41
22,19,36
18,18,32
23,15,6
20,17,14
12,8,30
8,1,31
16,14,35
12,11,22
3,18,45
5,23,51
15,22,46
5,19,40
4,1,33
11,15,38
25,18,11
23,21,37
20,19,15
16,14,28
3,22,61
17,18,14
13,3,20
16,16,15
33,23,5
8,19,44
21,9,0
16,16,19
21,11,0
23,23,18
28,19,5
14,10,33
27,23,12
23,16,12
5,22,54
2,14,39
21,5,2
23,20,29
2,21,48
24,16,9
15,12,34
5,14,38
1,12,37
12,4,23
3,20,48
12,15,37
12,1,24
1,12,43
24,15,6
17,12,15
2,11,36
19,18,32
8,12,34
10,16,38
23,22,40
20,8,4
23,19,10
18,16,15
34,22,1
33,23,2
33,22,3
16,12,32
21,19,21
1,13,44
22,22,43
24,14,1
13,12,23
22,13,12
20,6,2
1,23,61
26,14,2
24,23,20
25,13,1
19,9,10
10,21,44
23,22,37
18,17,28
16,22,44
24,12,1
24,23,39
27,15,2
31,23,8
21,20,28
25,22,14
3,4,35
20,20,18
1,11,38
19,16,30
13,10,24
6,10,34
5,17,40
0,9,39
19,10,5
20,11,6
26,21,9
6,16,40
19,17,34
27,22,33
6,18,42
17,22,45
5,23,50
23,23,43
20,22,42
16,15,35
11,20,41
2,15,43
16,7,15
28,17,4
15,14,20
31,22,6
12,1,25
9,10,33
2,20,55
15,7,15
11,22,42
1,21,55
34,23,1
17,19,41
3,15,41
25,13,4
27,23,33
5,11,34
8,13,37
17,18,19
11,3,31
13,11,35
2,9,36
11,16,37
4,20,43
7,10,33
19,21,20
29,18,4
27,16,5
14,1,17
5,22,52
21,7,2
24,18,9
17,15,29
22,11,1
16,12,35
16,11,33
16,7,13
17,15,28
25,13,0
19,9,8
14,11,35
22,15,13
2,12,43
14,13,22
19,18,38
15,12,35
21,8,2
25,20,28
26,22,33
23,19,35
21,9,2
18,16,36
5,16,39
14,21,42
29,23,9
15,18,39
15,22,44
12,6,28
13,3,30
6,2,33
3,22,59
13,11,25
10,17,41
7,14,37
20,7,5
24,21,34
20,20,34
28,18,5
20,20,40
8,23,45
18,18,24
17,19,42
11,7,31
28,16,0
30,17,1
13,1,31
22,20,35
28,23,33
21,19,30
1,12,44
21,19,31
21,8,1
7,16,38
16,17,16
13,14,36
22,13,11
16,9,15
21,10,0
34,22,0
33,22,1
13,14,18
19,12,6
25,14,5
20,17,28
3,9,36
13,7,20
21,20,25
12,0,20
16,16,26
15,15,37
12,14,37
17,13,33
28,21,7
15,11,31
18,14,28
2,14,43
16,10,16
15,14,16
9,21,44
3,21,50
20,12,11
35,23,2
3,22,57
16,14,25
23,19,27
16,18,40
9,13,32
17,15,34
7,15,38
16,4,14
16,19,41
24,19,31
13,9,23
30,21,4
28,20,7
13,11,23
22,17,9
22,23,18
3,21,51
3,21,55
17,13,31
24,12,0
20,21,16
11,4,27
17,17,17
15,14,21
10,4,32
13,5,24
2,14,42
26,22,14
20,12,6
2,21,52
19,16,34
14,16,39
12,16,38
22,19,25
3,13,41
8,1,32
13,20,43
3,23,60
5,9,34
0,8,37
13,4,21
18,17,32
8,9,33
8,11,33
14,14,31
26,15,4
20,7,6
21,14,8
12,19,43
25,20,11
28,23,10
29,16,2
27,14,2
18,4,12
2,21,49
7,3,32
21,19,34
18,14,30
19,17,25
29,17,1
14,9,18
1,10,37
1,8,38
22,17,13
22,23,17
21,17,14
13,5,22
30,17,2
12,23,47
13,12,36
5,21,44
22,16,6
2,22,63
19,16,25
21,18,36
9,23,47
12,22,45
20,3,6
26,20,12
2,22,50
13,5,20
11,18,39
5,11,35
0,9,38
6,9,33
25,16,7
26,23,36
2,22,61
18,2,12
20,18,37
12,2,29
13,14,35
4,12,35
17,15,26
21,13,12
23,23,40
24,18,8
2,0,35
12,10,25
7,17,41
13,5,21
29,19,4
14,14,21
13,18,39
15,13,29
15,14,29
8,16,39
24,20,29
15,11,17
20,1,4
17,18,18
26,21,32
19,11,12
4,16,41
20,19,34
25,20,27
3,21,52
13,23,48
30,22,8
22,18,30
22,19,26
15,17,39
19,18,22
23,15,8
14,13,37
19,20,15
16,16,36
15,10,32
14,7,17
24,16,8
18,19,39
13,3,19
18,20,19
19,19,36
16,13,34
21,19,36
2,11,40
17,10,14
22,3,0
15,15,25
14,15,38
3,17,43
21,20,21
29,20,6
2,19,47
0,20,63
12,18,42
20,17,30
18,17,38
2,22,58
16,15,21
18,16,35
5,9,35
20,6,3
15,14,17
21,10,3
24,20,34
19,6,11
23,22,19
19,21,41
20,20,41
22,19,15
13,4,22
20,8,2
9,19,43
15,17,40
20,18,28
22,21,29
15,15,26
2,22,55
11,0,24
12,7,27
4,14,38
17,18,40
23,12,1
18,5,10
17,18,37
30,19,3
16,16,16
21,21,41
18,12,11
21,11,4
31,19,2
18,13,7
19,17,20
12,10,24
14,13,35
4,18,43
5,15,39
20,17,24
22,22,40
0,15,46
2,23,63
19,20,42
5,21,45
19,4,10
1,17,44
21,9,4
12,0,26
16,12,31
21,20,20
14,14,20
1,21,56
24,19,14
20,21,43
24,22,37
9,12,34
11,6,32
20,2,4
10,8,32
4,19,42
2,2,35
22,20,30
8,23,48
15,20,42
30,19,5
10,14,37
23,20,30
20,17,35
29,18,2
1,2,37
20,19,20
21,13,13
3,21,54
26,18,7
14,5,17
18,16,32
22,13,9
21,2,1
17,5,12
6,17,39
6,3,32
17,15,33
22,14,5
20,19,22
5,18,41
12,12,35
15,13,23
0,22,58
17,17,39
17,18,41
19,5,7
15,13,31
29,21,6
11,3,28
18,20,42
24,22,21
22,20,31
24,23,42
26,13,0
11,13,37
0,18,52
8,16,40
20,17,32
3,18,42
17,6,13
13,10,27
22,20,22
24,20,25
1,20,57
18,15,34
27,13,0
18,10,12
7,17,40
10,15,39
14,23,48
13,6,18
1,7,37
22,23,44
15,10,16
2,3,35
19,2,10
22,10,3
25,23,39
17,12,16
12,9,25
2,20,52
24,22,23
6,18,43
23,22,20
22,11,2
7,1,32
14,23,47
20,16,27
26,16,1
25,21,35
19,7,10
11,5,27
25,15,3
0,21,61
15,11,16
6,14,38
18,18,38
2,23,61
20,18,26
11,4,32
3,19,42
24,23,19
6,23,52
23,16,7
21,11,1
28,23,34
27,18,7
18,10,11
20,12,14
6,18,41
3,5,36
8,14,35
23,19,33
4,17,41
18,3,11
16,13,35
21,19,38
27,22,32
26,20,11
21,18,29
20,7,2
8,2,31
6,23,56
27,19,8
12,4,20
1,19,50
19,18,27
24,18,12
32,23,2
23,20,32
28,22,9
17,17,24
2,3,36
17,19,17
17,20,41
4,22,49
21,1,1
0,11,43
18,15,31
19,16,35
22,19,32
9,8,32
21,1,0
1,18,47
30,22,5
1,6,37
27,19,7
26,19,8
7,11,34
33,19,0
22,18,14
25,20,31
18,22,45
4,2,34
20,17,29
19,20,24
27,15,4
13,1,30
14,18,39
1,14,43
9,23,49
21,20,22
19,7,9
14,6,17
25,15,2
20,20,17
14,12,20
23,17,8
8,18,43
15,18,41
24,20,26
2,17,44
14,18,41
20,17,31
15,10,33
3,12,39
15,5,16
10,4,31
19,1,10
8,6,32
17,18,16
13,13,19
1,20,50
6,21,45
27,14,1
4,7,34
17,18,24
15,14,31
18,14,33
2,4,36
2,23,51
24,21,14
19,20,41
27,17,0
21,21,20
7,23,45
0,21,57
12,6,26
4,17,40
12,5,25
17,15,24
9,18,41
18,6,12
14,14,35
28,14,1
12,7,25
3,20,47
28,23,23
29,20,5
1,10,40
1,20,54
2,22,60
21,22,42
4,21,49
20,11,8
9,21,45
14,17,37
13,0,18
16,14,33
3,17,42
22,21,17
3,18,43
20,19,23
19,12,8
16,15,30
13,6,31
19,17,37
11,1,31
20,17,34
26,23,28
17,16,21
4,6,35
18,11,7
21,0,1
21,20,37
21,17,27
20,12,8
22,18,33
26,21,10
4,22,56
12,2,30
9,5,32
3,23,58
7,23,48
4,22,50
4,23,57
25,20,13
7,23,49
13,13,21
5,8,34
3,13,37
12,0,23
17,17,15
22,18,34
22,21,21
20,20,19
30,21,6
24,16,11
22,21,42
14,20,43
16,15,34
1,20,48
15,11,32
23,21,23
5,19,44
15,9,32
22,10,2
23,17,11
13,11,26
25,18,8
9,13,33
26,19,9
20,1,5
16,15,16
22,19,33
19,15,27
1,19,52
9,14,37
11,17,40
13,10,29
16,15,33
25,13,5
28,18,7
22,19,30
23,13,10
13,2,19
4,21,44
27,18,0
20,20,39
19,19,18
3,14,39
15,13,26
26,22,28
11,11,34
3,22,51
15,13,28
28,21,5
18,15,27
19,18,16
31,21,2
14,16,38
31,18,2
23,19,28
17,0,12
26,16,2
31,23,7
14,10,16
24,21,15
6,14,37
23,13,6
7,18,40
22,20,39
0,7,37
15,12,30
15,17,38
17,13,34
19,16,32
11,12,34
5,23,59
17,3,13
5,22,51
8,15,38
3,6,35
27,15,1
11,9,32
4,20,45
16,8,16
8,10,33
16,22,45
1,11,43
22,14,14
5,22,47
16,17,37
0,18,51
1,22,57
5,20,45
17,23,45
27,18,6
15,15,16
17,17,37
11,1,25
26,17,3
12,9,24
9,18,43
7,21,42
18,18,15
13,11,27
9,17,40
8,11,34
10,19,42
16,13,33
23,18,27
23,23,16
19,19,41
14,10,28
29,15,1
13,1,18
15,9,33
20,22,43
22,12,1
10,13,33
22,16,8
3,10,36
19,17,27
3,20,46
15,15,35
12,12,33
4,13,37
2,23,59
23,19,31
3,17,41
3,16,39
20,18,24
24,20,11
20,18,22
13,19,42
5,13,36
11,2,27
15,13,37
32,20,0
10,13,34
24,19,29
8,7,32
12,1,21
21,19,32
4,22,48
22,19,31
12,2,19
5,23,58
6,12,36
24,16,12
24,15,5
26,23,26
25,21,31
3,23,61
22,21,40
22,20,28
26,23,11
16,11,32
0,19,52
24,12,2
19,12,14
21,18,34
5,19,42
19,3,10
15,13,36
4,22,53
14,13,25
4,16,42
11,12,33
19,19,21
9,2,31
21,12,9
9,12,33
10,23,48
30,19,4
17,15,23
21,9,1
35,22,0
7,20,42
18,16,34
24,11,0
25,22,24
28,20,6
16,20,42
17,13,15
1,10,38
9,15,35
20,19,18
4,21,46
7,21,45
14,3,16
17,13,29
21,18,30
11,10,33
28,23,9
3,4,34
5,23,55
17,20,42
16,12,34
5,23,54
13,6,25
3,0,35
13,11,20
20,5,2
20,16,28
20,6,7
21,17,29
15,22,43
20,19,16
5,15,38
19,20,19
0,18,47
20,20,24
22,0,0
16,15,36
12,12,32
0,21,58
19,3,5
16,6,15
4,22,46
19,16,31
22,15,9
26,23,30
4,18,41
16,16,38
20,21,19
27,23,27
10,16,40
19,18,35
16,18,38
19,18,23
13,15,38
31,19,1
25,14,1
18,21,42
19,10,9
33,22,2
23,19,15
13,12,17
9,13,36
20,1,6
21,9,3
20,4,2
16,11,15
16,14,22
9,22,47
13,7,31
32,23,6
23,22,21
22,13,10
28,19,7
1,20,53
7,19,43
0,20,57
14,4,18
14,16,37
12,16,40
11,13,34
18,14,32
19,16,28
12,5,31
11,15,39
19,19,37
1,21,63
17,18,36
28,15,0
19,22,44
19,9,11
9,13,34
0,22,50
10,13,36
20,6,4
19,12,12
27,23,31
5,2,34
13,9,33
11,13,35
15,21,42
22,13,6
13,8,32
16,20,43
18,13,34
30,23,8
30,21,5
7,18,41
15,7,16
21,20,30
9,12,36
0,12,45
17,15,21
19,17,24
28,23,12
19,0,6
26,21,11
9,11,34
13,18,40
18,11,11
2,22,51
23,13,2
3,14,38
7,0,32
18,5,12
23,12,3
11,8,28
25,22,10
11,4,31
23,20,34
12,9,29
13,11,33
20,12,9
18,9,11
20,20,20
19,0,9
18,17,24
13,13,18
14,20,41
14,13,24
7,7,32
15,12,16
16,15,19
24,23,40
4,22,54
16,14,23
16,16,18
23,21,22
9,1,31
24,13,5
3,3,35
22,22,16
20,4,6
22,21,41
16,18,37
17,9,12
16,0,14
26,21,12
24,21,36
14,21,44
18,16,27
13,19,41
15,1,15
21,12,10
31,22,3
24,22,16
9,17,41
0,19,54
13,12,19
22,21,22
26,21,8
12,7,30
24,23,22
24,19,13
19,8,10
1,13,43
12,9,33
14,22,46
26,14,3
18,12,7
12,11,33
15,19,41
2,12,38
15,2,15
11,10,26
14,7,18
4,9,36
9,19,40
12,11,20
30,18,1
22,21,18
0,16,45
4,11,36
19,22,43
3,22,50
7,19,40
17,16,32
24,23,41
0,8,39
18,16,21
12,4,21
25,20,30
14,21,41
25,23,21
16,3,13
8,17,39
16,14,15
12,10,32
25,21,24
26,14,4
23,23,39
13,9,32
14,9,32
11,20,42
8,19,43
15,22,45
19,0,7
23,13,5
6,4,32
0,8,38
25,18,7
25,13,3
14,19,37
17,18,39
23,20,15
23,12,5
15,12,28
11,18,40
13,7,21
17,3,12
5,1,33
23,19,24
19,9,6
8,21,45
20,23,46
16,5,14
0,18,46
19,6,7
23,19,34
21,15,8
25,12,1
2,18,43
14,12,29
18,17,14
1,11,42
23,14,2
13,9,19
11,8,26
12,13,33
19,10,11
1,15,43
12,10,28
0,20,62
12,15,38
14,12,27
24,22,27
28,16,2
16,13,29
14,12,19
0,22,57
23,15,10
11,3,26
3,15,38
20,18,15
7,9,33
18,21,43
17,8,13
5,23,52
18,11,14
8,22,46
1,18,46
12,23,48
15,6,15
18,18,19
25,21,13
10,17,40
21,7,3
15,19,39
21,0,0
28,23,24
21,20,19
20,16,33
3,21,46
17,17,36
23,19,32
26,23,14
24,21,25
20,19,21
27,23,11
18,19,41
6,0,32
21,21,42
6,10,33
24,14,5
13,11,17
20,4,4
1,19,46
18,12,8
21,19,22
2,15,42
24,16,7
14,12,21
18,16,22
18,15,30
13,4,18
12,11,24
24,23,16
20,18,30
13,9,28
18,17,26
16,23,46
18,19,17
0,19,47
6,19,40
5,16,40
18,19,19
16,19,40
0,21,59
32,22,5
19,1,6
16,11,30
20,23,45
23,20,37
19,17,36
22,1,1
16,16,30
19,20,17
4,22,47
14,10,30
12,8,26
1,18,45
12,3,22
3,17,39
16,18,18
31,21,5
11,17,39
26,23,23
25,22,29
0,20,54
23,23,44
25,22,27
27,22,8
23,23,17
24,21,28
22,20,24
3,22,58
11,22,46
29,17,3
4,23,63
3,12,36
4,5,35
3,23,50
4,17,42
28,16,3
23,20,36
21,22,16
10,18,40
12,8,32
19,5,8
7,23,47
8,23,46
19,22,45
26,17,7
19,6,9
16,5,15
18,17,20
23,14,5
27,17,4
20,12,10
33,23,1
0,10,39
30,20,5
15,19,38
5,0,33
24,18,11
19,0,8
15,13,25
20,2,5
21,11,3
16,17,17
11,21,44
21,13,14
8,17,38
31,21,3
2,13,42
22,12,0
5,21,46
33,23,3
14,10,17
19,17,31
13,0,30
20,5,6
15,15,20
2,22,59
25,19,11
15,12,36
18,16,23
4,10,35
18,0,10
26,13,2
25,15,4
33,23,4
2,20,47
26,22,12
21,8,3
7,16,40
18,17,22
17,9,13
9,15,36
1,1,35
17,11,13
5,10,34
2,21,54
19,1,8
21,20,17
13,23,46
18,18,27
14,5,16
1,9,37
21,19,15
21,13,9
0,0,37
24,16,10
24,20,30
21,10,1
3,3,34
12,4,27
16,11,31
11,0,26
6,1,33
17,12,32
12,7,32
22,19,23
2,6,36
19,12,11
13,3,18
7,19,42
16,12,33
21,0,2
20,11,11
12,1,18
16,9,14
18,14,29
3,23,59
20,0,6
7,8,33
24,20,15
7,22,46
18,12,12
12,11,34
28,15,2
26,23,15
24,20,10
6,2,32
12,6,25
10,11,32
23,16,10
31,18,1
22,11,4
19,19,16
10,9,32
19,11,8
2,15,41
11,4,26
8,0,32
21,4,2
15,17,37
22,19,24
12,21,44
16,14,26
17,4,13
25,21,27
13,10,19
4,12,36
24,17,13
27,17,5
21,17,31
18,0,11
5,23,47
9,13,37
17,10,15
14,13,31
12,3,31
21,12,12
24,20,28
25,16,4
12,3,21
28,18,6
19,17,15
5,4,34
9,14,33
13,4,31
14,1,16
2,20,54
14,9,30
10,12,33
21,12,5
9,15,38
25,21,33
25,23,38
14,19,38
6,0,33
26,23,13
19,15,33
15,15,18
8,14,37
9,20,45
27,23,13
26,23,21
25,17,7
12,11,25
21,12,3
13,0,31
17,16,20
24,22,22
23,14,3
17,13,30
14,4,16
19,18,31
25,23,36
13,13,20
24,21,33
11,19,44
7,2,32
15,0,16
2,23,62
23,19,13
10,22,46
25,19,12
21,1,2
23,11,0
16,16,21
17,17,26
0,18,49
29,23,10
22,19,34
19,19,19
2,22,57
25,15,0
0,19,48
23,20,33
20,13,7
16,23,45
22,15,10
30,20,4
11,0,25
26,16,4
18,16,31
20,19,40
12,3,25
22,20,23
17,15,30
2,17,45
11,0,21
21,18,14
19,1,9
8,15,36
5,7,33
2,8,37
7,23,46
18,0,12
10,19,44
5,7,34
20,13,9
20,18,25
7,16,39
22,18,29
23,16,8
16,21,43
11,0,31
18,9,13
15,23,46
15,12,27
15,19,42
22,20,21
13,22,47
11,2,26
24,22,15
3,23,56
19,23,46
9,15,33
13,20,41
1,20,52
23,11,3
19,12,7
13,11,29
2,13,37
16,10,14
17,16,25
13,12,21
19,16,29
19,15,14
2,20,50
21,19,26
17,1,13
3,14,37
19,18,37
3,19,45
28,16,4
14,13,36
5,23,49
3,21,53
32,22,3
5,23,48
24,13,1
18,15,32
21,12,7
0,4,37
11,19,41
13,21,45
16,15,22
31,21,4
5,20,44
13,8,30
24,12,3
26,20,9
7,21,44
22,12,9
6,19,44
25,23,19
16,13,28
18,2,11
14,11,26
19,19,17
19,2,7
4,15,38
20,20,22
18,16,33
14,13,20
31,22,4
17,17,19
2,21,59
27,16,6
19,20,22
24,12,4
29,16,1
27,18,8
0,7,38
5,18,43
1,19,47
8,23,47
14,12,26
16,17,39
25,22,37
12,3,29
7,21,46
5,7,35
0,20,59
11,23,48
23,13,8
23,23,24
23,23,41
24,19,10
13,6,23
13,6,19
4,21,50
19,6,10
21,20,38
19,4,11
14,21,43
26,23,27
26,14,1
0,23,61
17,16,35
22,22,20
0,20,55
10,20,44
0,1,37
17,2,13
21,19,29
23,17,10
20,17,33
16,12,16
10,7,32
1,20,58
20,7,7
20,18,34
12,13,36
27,16,3
27,20,7
26,23,10
13,11,28
25,20,29
18,1,10
1,11,41
19,19,22
18,18,40
2,18,46
16,15,15
8,23,49
4,8,35
9,4,32
4,22,57
20,7,4
7,6,32
0,21,60
5,13,35
2,17,43
19,15,31
1,10,39
22,20,19
29,16,0
0,14,43
17,1,12
22,14,7
20,13,8
14,10,29
25,19,8
4,3,34
20,21,15
25,18,13
20,17,26
8,18,41
20,15,14
17,16,36
7,20,43
19,19,30
15,16,39
9,12,32
23,22,17
19,3,11
21,2,0
19,3,9
12,8,28
8,11,35
20,16,30
23,15,12
18,16,25
29,23,8
21,20,40
8,21,44
18,18,18
21,15,14
21,20,36
19,3,7
12,6,31
12,3,26
23,23,20
5,4,33
24,18,7
15,12,26
7,18,39
20,19,32
13,9,29
6,18,39
23,22,41
0,10,41
12,3,30
15,11,27
6,21,44
10,17,38
13,9,20
4,14,37
1,7,36
18,11,15
8,16,38
20,18,14
6,4,33
14,11,29
22,3,1
20,0,3
17,17,14
15,12,32
10,14,38
8,9,32
9,9,32
27,19,5
15,16,37
6,8,32
6,20,42
14,21,45
15,12,17
5,10,35
8,5,32
17,11,14
26,22,9
27,23,36
0,5,38
4,22,59
8,22,45
15,18,40
17,9,14
27,22,30
13,3,31
20,8,3
9,11,32
18,17,23
19,19,20
11,20,44
13,6,22
20,5,4
12,7,28
21,20,15
0,22,51
8,2,32
23,22,28
1,12,38
14,3,17
22,23,16
4,2,33
27,20,6
4,5,34
3,13,42
1,21,53
25,23,23
10,18,39
4,15,37
6,23,49
20,18,23
31,20,3
32,19,1
14,8,17
20,10,4
30,22,7
2,21,53
2,7,36
28,17,1
2,23,57
7,22,45
18,17,18
6,13,37
19,17,22
6,11,34
18,7,11
1,21,58
17,14,26
0,21,63
3,22,56
21,18,31
21,16,29
0,20,61
5,3,34
6,5,32
20,4,3
19,21,42
2,12,40
6,9,34
18,15,29
12,18,41
19,19,39
21,12,8
25,23,17
24,13,3
13,12,25
5,17,41
27,15,0
25,20,14
13,8,18
20,5,7
26,16,5
12,8,25
4,22,58
21,20,18
30,18,2
25,22,30
17,14,30
12,2,31
17,15,22
0,21,51
10,22,47
19,2,6
0,5,37
18,15,28
14,15,19
9,18,39
8,3,32
20,18,21
22,20,20
17,8,12
27,23,34
23,14,6
26,22,23
16,18,39
20,20,21
25,20,32
27,23,37
27,23,35
0,6,37
21,21,17
19,19,24
17,16,22
22,14,9
19,18,30
25,22,38
3,22,52
25,21,26
27,16,1
17,18,38
3,2,35
19,11,6
20,2,6
1,21,61
26,19,4
15,14,19
13,6,20
16,9,16
13,17,38
22,22,17
6,8,34
26,15,1
16,11,16
21,13,6
18,17,37
14,12,23
24,20,24
22,16,14
20,12,12
22,11,0
13,12,34
13,14,37
36,23,0
18,18,37
25,23,15
12,19,42
21,14,14
4,12,37
17,14,29
21,5,1
0,19,56
20,11,10
11,18,41
27,15,3
25,18,12
18,5,11
22,18,28
0,17,44
27,23,25
6,17,40
20,12,13
1,13,41
18,21,44
10,21,42
17,14,25
17,15,32
4,13,36
11,8,27
5,6,34
23,18,10
12,1,20
17,22,44
2,13,43
15,5,15
18,19,16
15,9,16
3,16,41
0,15,44
17,18,17
26,20,10
12,4,29
20,17,15
13,10,17
32,18,0
22,14,12
1,17,46
18,13,31
16,17,38
8,12,36
21,19,35
0,17,47
0,20,58
22,17,29
21,3,2
15,14,28
13,21,44
32,21,0
29,19,5
17,12,34
1,8,37
10,21,45
2,12,37
26,23,29
3,23,51
16,3,14
27,23,29
14,17,39
18,7,12
23,20,23
21,18,24
14,13,26
0,19,49
1,18,48
9,16,40
1,21,48
17,17,16
19,6,8
18,16,14
16,14,34
20,17,25
17,16,37
4,22,52
14,23,46
14,6,18
24,21,23
20,21,17
0,18,45
12,12,36
12,3,23
19,18,19
9,20,44
14,18,38
7,11,35
32,22,1
6,23,53
33,22,0
25,23,20
19,19,38
26,21,30
15,16,38
11,9,31
14,0,17
19,3,8
22,13,8
24,17,7
7,5,32
2,10,37
3,21,57
26,21,29
20,21,41
9,16,39
23,19,29
27,22,11
16,6,14
6,20,43
13,4,19
21,1,3
8,20,45
26,22,27
1,21,50
30,18,3
26,22,13
13,16,38
16,7,14
1,22,50
22,4,0
0,10,38
17,16,19
0,6,38
26,21,13
15,15,19
18,16,26
25,21,28
26,17,6
13,8,23
25,14,2
20,13,13
22,18,25
24,12,5
18,13,30
28,18,1
20,14,15
11,19,40
4,10,36
14,11,32
23,20,26
27,17,6
26,17,5
24,22,28
14,11,27
17,21,44
7,12,36
21,21,40
6,23,48
24,22,39
21,11,10
1,21,60
21,22,17
23,22,42
28,15,1
1,2,36
2,20,53
29,19,6
0,9,37
19,19,31
34,23,0
25,23,40
5,20,42
8,17,41
10,13,37
17,15,15
20,0,5
23,16,11
16,14,29
27,16,4
21,20,16
6,21,46
14,10,32
22,12,10
23,21,24
15,14,27
19,19,40
4,0,34
22,20,26
5,23,57
19,15,32
25,16,6
1,1,37
12,5,27
19,20,20
25,20,26
2,22,56
2,19,48
2,9,37
14,5,18
14,20,42
2,11,37
11,8,31
2,1,35
12,9,32
13,20,44
20,19,36
21,18,32
13,11,24
3,16,42
14,0,16
12,5,28
5,22,53
4,11,35
4,7,35
4,9,35
3,22,46
25,22,13
0,20,50
22,22,42
21,18,28
20,21,42
0,16,46
25,21,36
10,2,31
22,21,37
14,18,40
19,17,30
19,16,33
2,11,41
14,6,16
17,8,14
3,22,53
3,23,63
18,17,27
18,17,15
18,8,11
22,20,25
4,21,48
20,12,4
23,21,36
23,17,9
2,18,45
10,16,39
3,22,54
20,16,31
0,19,50
14,13,23
21,20,39
11,12,35
2,5,36
3,12,37
14,14,26
32,23,5
30,20,6
21,23,45
7,14,38
6,22,48
21,20,24
26,15,0
21,20,26
19,7,8
17,17,21
4,13,35
1,11,40
22,22,18
26,23,39
27,21,8
6,1,32
13,7,24
23,13,3
24,18,13
14,17,40
31,19,3
26,23,37
21,19,24
16,2,14
16,13,26
27,22,13
14,12,18
3,16,40
4,16,40
15,14,24
26,15,3
8,20,44
12,4,26
14,13,19
1,11,37
31,20,0
21,10,4
17,17,35
14,11,28
20,18,35
3,2,34
27,22,34
25,19,9
14,16,19
11,10,32
18,4,11
20,17,27
15,15,22
9,10,32
29,18,3
4,23,61
24,23,43
20,16,26
0,3,37
14,9,33
11,5,32
14,11,33
6,23,55
13,10,30
15,20,43
18,2,10
13,7,23
20,13,15
9,13,35
5,2,33
19,2,9
24,20,14
0,22,63
4,21,45
23,19,26
10,15,38
10,6,32
6,23,47
21,21,21
10,16,37
19,17,35
3,21,48
5,5,34
2,21,51
31,19,0
15,11,33
4,17,39
13,11,22
23,18,30
10,11,34
29,19,7
27,18,5
31,22,2
12,1,29
15,13,27
10,10,33
14,19,42
12,2,28
1,14,41
18,14,27
0,11,42
24,22,24
16,15,25
15,11,34
28,17,0
22,22,21
19,20,18
6,23,54
24,23,17
15,14,22
2,18,44
20,19,39
24,20,27
16,14,27
10,1,31
9,3,31
1,18,44
20,14,8
14,15,21
11,14,34
27,23,9
28,22,8
31,23,6
16,13,15
0,19,53
19,10,8
18,15,25
9,14,36
18,17,34
29,21,7
5,22,50
3,12,41
13,7,22
4,1,34
32,21,2
17,2,12
3,0,34
25,23,16
0,20,60
27,23,14
15,18,38
21,12,11
11,21,43
19,16,26
13,12,22
6,12,35
0,4,38
25,22,22
22,21,16
12,5,26
18,18,35
25,22,36
3,7,36
0,10,42
23,15,11
2,11,38
2,20,48
6,19,43
15,21,41
1,20,49
21,21,19
5,23,53
1,5,36
20,5,5
10,10,32
21,20,41
3,8,35
22,18,31
3,15,39
26,16,6
1,12,39
19,1,7
15,23,45
24,19,11
26,20,13
21,0,3
24,23,25
14,10,31
17,13,32
30,17,0
4,23,58
2,23,56
12,1,26
15,12,31
4,6,34
11,7,32
26,23,24
10,20,42
21,19,20
17,16,24
0,21,56
13,0,17
0,19,55
21,16,14
0,19,57
26,15,2
11,17,38
24,21,35
1,19,51
22,22,19
13,12,35
2,19,45
0,23,57
5,20,43
21,17,28
11,22,47
9,7,32
8,8,32
13,10,33
19,12,13
32,21,1
0,2,37
18,15,26
33,21,0
21,21,16
17,14,31
20,22,44
25,22,35
28,18,4
0,12,44
23,21,21
22,21,20
23,20,35
0,20,51
2,20,51
11,21,45
3,20,45
16,16,22
30,16,0
20,20,16
15,15,21
19,11,13
24,18,10
18,6,11
17,16,34
34,23,3
19,4,8
7,12,35
26,22,11
5,12,36
27,23,24
12,5,24
15,13,17
0,11,44
18,13,32
19,18,39
19,18,24
27,23,22
23,22,22
13,13,36
16,16,37
22,13,5
24,23,18
11,11,26
26,23,25
17,17,32
1,9,38
26,23,22
13,6,21
21,11,2
16,15,24
22,15,7
17,12,33
16,15,29
5,3,33
2,2,36
1,22,62
21,13,7
19,4,9
9,11,33
20,9,5
24,17,9
6,23,51
6,23,50
23,18,28
23,21,28
29,22,7
16,13,25
18,18,20
13,14,19
14,8,18
35,23,1
19,11,9
18,18,26
20,18,32
13,4,23
14,11,31
9,14,35
19,9,9
7,22,47
1,22,60
14,9,31
13,16,39
21,20,23
1,20,56
12,22,46
12,0,21
12,3,28
17,6,12
16,16,33
6,6,32
24,17,8
22,13,13
0,23,58
16,15,20
9,22,46
22,12,11
22,21,38
24,19,15
24,19,9
6,19,42
15,14,35
2,16,43
18,8,12
11,19,39
8,13,36
13,17,39
13,2,30
17,7,12
4,16,37
21,18,33
20,19,17
4,23,52
13,1,17
14,15,18
11,16,38
17,0,13
15,6,16
21,21,18
14,14,37
11,21,42
10,5,32
11,17,41
19,20,40
27,22,9
1,12,42
17,13,27
13,21,42
15,22,42
11,18,42
23,21,39
13,2,17
0,18,48
25,13,2
13,17,40
6,8,33
20,19,24
26,19,12
23,20,27
20,9,4
21,12,6
8,14,36
13,12,18
22,14,6
21,13,11
26,22,29
18,18,16
12,2,22
13,18,42
2,20,49
11,3,27
17,14,27
12,12,34
21,21,39
3,19,44
16,17,15
13,9,24
14,12,25
14,8,31
6,16,39
2,21,55
3,12,40
21,13,8
24,13,2
21,23,43
22,23,20
17,16,15
15,15,38
17,18,20
17,14,32
11,22,45
12,20,43
4,4,34
27,23,32
23,22,16
12,4,28
17,5,13
1,21,62
5,8,35
9,18,40
16,21,44
0,15,45
18,20,43
22,22,15
1,15,44
23,20,31
25,23,37
24,14,6
22,17,14
19,15,29
0,19,51
3,17,40
12,3,24
4,23,62
20,10,5
17,13,28
2,12,42
4,22,55
24,13,4
12,9,28
12,3,20
14,11,17
14,9,17
12,9,27
27,23,23
20,6,6
25,22,34
14,13,18
12,2,21
4,23,50
14,12,24
20,13,14
26,12,0
21,2,2
12,11,27
11,2,25
17,16,26
14,14,18
28,19,6
14,13,28
28,23,30
1,19,49
19,15,26
23,21,27
23,22,27
19,5,9
23,17,12
26,22,24
9,12,35
22,20,36
0,14,44
13,7,32
22,5,1
24,21,37
13,2,31
10,19,40
3,5,35
1,19,48
22,21,19
25,22,26
14,18,37
25,14,0
7,17,39
1,22,61
24,22,20
18,18,22
13,17,41
0,20,56
31,18,0
20,3,5
27,22,12
6,13,36
1,12,41
19,17,32
11,18,38
17,14,33
14,13,27
32,23,4
13,8,31
16,4,15
14,15,17
32,20,1
12,1,23
12,2,23
21,6,1
33,20,0
21,22,44
13,10,18
23,13,0
22,23,43
22,20,38
23,20,28
11,20,43
3,7,35
5,23,46
32,20,2
15,2,16
6,15,39
18,18,17
25,18,9
15,11,29
20,21,18
3,21,47
5,14,37
21,19,25
32,19,0
19,2,8
25,21,9
5,6,33
30,16,2
18,22,44
22,22,41
2,11,39
0,11,40
10,12,36
6,20,44
6,11,35
22,13,7
17,17,38
1,20,55
2,13,41
17,15,25
3,20,43
12,8,27
24,20,35
21,3,1
7,11,33
14,19,43
23,18,14
11,0,20
26,16,7
21,18,27
13,20,42
