44,17,55
24,19,58
32,17,62
6,22,49
11,18,51
56,23,46
55,17,44
46,17,54
0,5,60
50,17,50
23,21,57
55,17,45
13,20,51
59,20,46
50,21,44
20,22,53
7,18,50
49,19,52
54,23,35
45,16,57
19,18,59
48,12,57
8,21,43
34,20,61
14,17,60
11,18,52
62,14,59
55,7,59
57,22,41
4,17,47
0,12,53
58,14,56
51,13,54
27,17,60
41,22,52
59,14,54
27,23,51
53,16,51
53,5,63
52,18,52
45,19,57
57,11,54
40,23,52
2,13,53
43,19,55
10,13,63
30,21,56
56,20,46
54,10,52
32,21,56
9,22,43
45,23,49
20,20,57
4,15,49
51,21,41
3,7,63
55,18,42
28,19,57
43,22,51
18,17,59
59,20,44
42,18,63
1,13,49
62,21,48
21,19,59
5,15,49
53,21,41
52,20,42
57,21,43
16,18,57
58,10,57
24,19,57
22,22,52
55,9,55
56,22,37
12,18,58
30,17,63
61,10,59
54,9,58
55,21,37
36,20,63
60,16,52
43,18,63
48,11,59
40,22,59
29,16,63
13,18,56
58,22,42
53,21,39
26,23,52
33,20,58
45,21,51
59,21,42
22,20,56
2,15,47
47,21,48
1,18,46
53,21,49
56,22,39
12,16,61
43,21,63
47,22,43
44,19,52
26,21,54
0,18,49
45,17,56
59,12,57
60,14,53
14,9,63
26,19,56
61,14,60
55,23,36
51,18,50
15,12,63
49,20,45
42,19,57
53,12,51
3,18,46
27,17,59
14,19,56
31,17,62
42,20,56
53,8,59
54,21,42
60,10,59
62,22,44
7,12,62
18,22,52
18,17,60
43,20,55
44,22,47
52,10,58
57,18,48
22,13,63
1,8,57
20,16,60
7,15,57
56,10,54
7,10,63
29,18,59
50,22,46
7,16,52
58,9,59
48,13,56
50,22,45
56,9,55
57,14,53
31,22,56
47,12,59
2,19,47
51,23,43
48,21,49
40,21,56
43,22,47
3,18,45
31,23,53
23,16,61
5,17,46
5,11,61
42,23,52
0,3,63
51,21,42
51,20,43
2,9,57
60,20,46
2,11,57
15,17,60
4,7,63
52,22,39
51,20,44
47,22,49
58,11,56
10,17,57
50,17,51
48,14,56
63,20,47
62,20,46
10,17,56
44,18,53
3,13,51
2,6,62
56,11,55
4,14,51
4,17,45
57,18,49
14,14,63
57,13,52
46,17,53
11,13,63
62,21,45
63,19,51
54,21,37
14,23,51
4,16,47
50,10,57
55,17,48
61,15,57
63,14,60
62,23,44
5,12,61
55,19,49
44,20,49
1,4,61
55,17,51
47,12,62
56,23,44
13,21,48
52,20,48
45,18,56
57,19,48
51,17,52
43,20,51
10,22,44
51,22,42
5,13,55
58,12,56
3,12,54
57,21,47
44,22,46
56,21,50
42,21,55
60,17,52
19,15,60
7,19,48
17,19,57
63,22,44
46,12,61
35,19,62
52,20,43
54,9,59
12,19,51
40,21,58
20,13,63
23,23,53
3,16,49
13,22,46
2,8,58
60,8,61
2,18,47
3,10,59
23,14,63
3,13,57
25,23,55
44,17,56
61,9,59
54,16,51
35,23,55
20,14,61
24,23,53
20,22,54
48,18,49
42,22,62
18,21,53
1,5,62
14,21,53
23,15,61
58,20,44
35,23,57
6,16,50
60,20,47
48,11,60
50,16,50
56,13,52
14,22,46
52,14,51
50,9,61
29,16,62
36,23,58
7,17,48
63,18,51
62,18,54
63,18,54
62,19,55
50,23,43
59,17,52
57,18,47
18,23,50
55,20,40
50,9,59
63,14,59
51,10,57
39,22,58
26,19,59
12,22,50
21,23,55
51,18,48
54,7,59
45,21,47
15,15,61
50,9,62
55,6,60
59,10,58
39,23,57
63,16,55
32,20,59
52,10,57
22,14,61
57,11,55
57,9,57
46,12,60
61,17,49
7,17,55
60,15,53
24,23,50
13,22,50
23,22,53
51,21,48
8,15,58
59,22,43
63,22,46
52,13,53
58,15,53
49,21,44
58,22,48
0,11,53
63,16,58
54,20,48
63,13,59
45,20,48
4,20,45
10,15,61
55,11,53
18,21,56
30,20,57
52,23,46
15,21,54
49,17,54
15,16,60
49,17,50
0,9,53
33,18,63
2,10,53
46,19,49
54,8,57
60,21,44
12,21,45
61,20,48
2,8,59
31,19,61
6,17,47
5,14,55
21,14,61
1,4,62
52,19,50
43,19,60
32,23,55
10,18,49
56,16,48
57,20,47
9,19,46
39,23,60
21,15,61
38,21,62
19,23,52
52,6,62
6,12,61
26,20,56
61,22,43
3,14,51
41,22,54
8,18,48
62,15,57
53,19,44
29,20,57
28,22,58
53,16,49
51,9,58
25,21,54
56,19,50
2,18,48
49,9,61
51,11,58
21,13,62
10,19,48
27,22,53
50,8,61
9,17,55
43,20,62
7,14,57
48,19,49
59,21,43
5,11,60
45,17,59
62,17,51
4,15,50
62,19,50
1,11,54
7,17,53
21,12,63
16,21,52
43,19,57
25,16,61
6,17,49
58,20,43
28,18,58
55,20,46
19,15,62
1,9,54
28,17,60
9,18,51
7,17,51
21,18,58
53,10,56
13,21,51
43,20,54
59,14,53
59,17,49
50,14,53
20,22,51
8,22,41
45,16,61
45,19,52
41,20,59
55,10,56
27,14,63
1,16,51
50,20,47
8,16,51
51,12,54
41,22,55
60,22,44
26,18,58
20,20,54
6,22,48
46,22,45
49,21,43
31,23,54
14,18,57
5,12,58
30,23,52
56,23,41
49,23,47
12,22,46
13,10,63
30,19,60
62,20,52
47,19,50
48,20,47
9,19,51
56,12,56
52,18,49
9,16,55
26,23,50
11,14,63
6,11,61
57,18,51
7,21,44
7,16,50
18,13,63
52,21,49
56,20,40
52,22,43
59,13,55
0,4,60
58,18,49
16,18,58
36,20,61
12,18,56
51,18,49
54,15,49
15,23,46
50,16,54
28,22,55
46,12,63
23,23,55
57,14,51
25,17,60
15,22,50
49,22,48
41,20,61
2,12,52
45,18,52
2,16,48
62,18,50
56,8,57
22,23,50
49,9,62
54,4,63
38,22,60
59,14,52
52,8,59
19,23,51
17,23,52
28,19,58
11,22,44
53,20,42
10,18,51
62,9,61
7,21,43
7,22,43
51,23,48
19,9,63
35,21,63
53,21,43
50,8,62
6,20,46
45,18,57
9,21,44
11,19,52
13,15,61
62,16,54
29,17,62
17,15,60
3,6,60
43,21,62
49,9,63
13,18,58
48,17,50
60,11,57
25,22,51
7,11,63
59,19,47
3,7,60
17,23,51
46,14,58
23,21,56
3,14,53
60,23,41
61,14,61
6,19,46
9,16,57
3,17,49
59,19,46
10,23,42
17,12,63
12,16,59
45,14,63
19,14,61
23,22,51
51,7,63
34,20,60
9,22,41
14,20,53
54,11,55
56,10,56
45,22,47
33,19,63
45,18,53
44,18,61
37,20,62
2,7,58
57,21,45
26,13,63
46,15,56
50,13,53
26,15,61
8,20,45
10,18,53
54,16,47
47,14,58
45,23,47
58,12,55
26,22,55
0,6,60
23,18,56
48,21,43
49,22,47
55,6,62
63,21,50
24,21,52
63,18,50
51,20,46
29,22,53
54,17,46
51,16,52
34,19,61
49,18,53
27,15,62
42,20,57
62,13,57
61,11,58
61,8,62
47,18,50
30,18,60
60,18,51
15,10,63
16,7,63
2,10,59
54,17,50
6,19,43
21,18,59
55,15,49
24,18,57
0,10,54
56,8,56
8,16,55
50,12,55
53,11,53
47,17,51
49,16,55
6,13,60
59,22,40
52,20,44
21,20,54
63,22,45
53,19,51
28,16,62
52,23,48
53,21,40
1,17,47
53,16,52
58,21,41
34,23,55
20,22,55
25,15,62
63,18,56
54,22,47
29,22,56
61,18,51
44,16,63
62,19,48
45,17,54
58,13,54
48,22,48
29,22,54
4,13,57
61,8,63
0,8,54
46,17,55
22,13,62
59,7,63
32,21,58
50,19,49
62,17,52
52,20,50
48,15,54
0,11,51
50,16,53
44,17,61
9,12,63
6,10,62
19,23,54
60,14,60
24,15,62
26,21,55
47,22,44
6,20,49
15,15,62
20,17,58
60,15,52
60,23,46
57,11,58
60,15,57
57,11,59
2,7,59
0,3,62
2,10,55
2,17,45
5,14,54
15,22,48
5,15,51
23,15,62
49,23,40
40,22,61
10,14,61
48,11,57
54,18,51
51,15,50
0,14,51
22,16,59
2,18,50
12,23,43
6,15,55
54,6,62
11,18,59
47,16,53
45,18,54
4,9,61
23,17,57
5,10,61
63,18,52
18,17,58
38,21,63
5,12,59
18,20,54
9,15,61
62,20,48
58,10,56
16,23,49
23,16,59
27,23,53
52,9,57
25,16,60
11,19,50
55,6,59
49,23,44
57,23,41
33,19,61
20,14,62
61,21,45
0,17,49
52,21,40
17,19,55
51,21,44
53,18,45
56,17,49
54,20,46
7,20,49
57,15,52
24,20,53
48,20,45
3,12,53
27,23,52
7,14,59
34,21,59
41,21,62
60,18,48
12,19,52
59,20,47
25,19,57
22,18,56
50,19,55
57,8,58
1,9,55
57,7,60
46,16,54
45,22,51
33,20,60
8,16,57
57,23,45
38,21,61
56,20,50
32,19,60
1,11,55
21,22,52
4,17,49
57,22,40
45,18,59
49,17,53
58,21,46
38,22,61
24,23,51
5,16,50
20,13,62
56,12,54
33,17,63
58,21,45
52,17,51
56,16,50
25,14,63
18,20,55
16,21,54
4,13,54
14,23,47
51,17,49
63,20,50
35,20,61
56,22,42
22,21,56
60,21,48
52,22,42
19,8,63
0,2,63
33,23,56
53,15,49
1,16,49
15,23,47
6,13,58
53,18,51
20,12,63
46,15,62
58,7,60
50,11,59
61,13,61
51,10,56
54,22,38
4,15,51
48,20,46
17,17,58
42,20,62
63,11,60
12,14,63
59,15,52
42,20,59
60,19,46
26,22,57
60,13,56
50,21,48
10,20,46
60,15,55
53,22,40
50,7,63
50,12,54
57,9,58
29,23,54
55,16,48
54,14,50
8,19,46
51,15,52
42,22,51
43,19,53
56,21,43
39,21,61
23,20,55
43,22,62
50,16,55
0,12,49
13,23,46
14,17,58
0,5,59
50,18,46
55,12,53
28,18,59
13,23,45
11,21,44
61,10,60
57,20,50
25,15,63
54,23,37
8,17,50
18,18,59
60,13,61
52,8,60
17,14,62
29,19,57
5,14,53
61,23,44
47,12,61
34,21,57
32,23,54
22,23,54
48,10,60
40,22,60
58,7,63
54,22,40
52,21,44
52,23,39
42,19,63
17,23,53
54,8,58
49,11,58
51,9,59
19,20,54
25,22,56
56,21,47
5,13,58
60,19,48
57,18,50
57,21,50
46,16,60
5,18,45
62,8,61
1,12,54
48,17,52
62,14,56
3,13,54
56,15,51
49,19,48
30,20,56
53,23,47
57,14,52
11,20,46
52,20,46
36,22,60
47,13,60
8,17,49
44,23,47
35,21,61
45,23,46
7,21,48
51,9,61
7,15,53
49,14,55
39,21,62
24,22,56
49,21,47
33,22,59
53,22,38
4,16,50
4,10,60
36,22,59
21,23,51
44,22,50
56,22,38
11,19,55
48,23,42
58,23,42
46,20,53
1,5,63
57,22,46
32,19,59
50,11,58
52,18,46
23,17,60
41,21,58
12,19,54
48,10,61
41,20,62
45,17,53
3,15,51
33,21,57
0,9,55
8,21,45
27,22,55
49,12,57
8,15,60
11,21,46
10,21,44
59,18,48
34,19,62
51,8,60
50,19,46
4,14,54
58,12,57
15,21,51
1,12,53
55,22,40
34,22,59
20,15,60
26,18,60
31,23,55
51,11,56
54,8,56
44,23,51
52,21,46
6,15,50
16,21,53
54,7,58
39,22,59
45,21,48
7,20,43
40,22,56
11,17,56
58,9,60
0,7,57
52,17,52
29,21,56
53,22,43
9,18,57
58,23,44
26,17,60
16,15,62
60,17,57
6,14,53
54,17,44
47,18,53
9,17,56
50,19,54
56,20,42
46,16,53
7,15,52
56,19,48
55,11,52
53,10,53
1,13,50
9,18,50
19,17,59
46,12,62
49,16,54
24,14,62
6,14,59
61,15,54
62,20,51
54,21,48
42,20,55
55,16,51
46,15,61
48,16,53
49,16,50
58,22,41
54,5,61
55,8,61
9,16,56
19,23,53
46,15,59
56,6,60
50,19,50
8,19,45
47,16,52
54,21,45
3,14,54
12,18,57
15,18,59
60,14,61
51,23,38
56,13,53
58,11,59
56,22,46
19,18,57
57,6,63
55,7,57
49,21,48
28,20,58
15,22,49
54,15,50
58,7,62
52,16,52
55,14,52
30,17,61
54,15,48
51,12,56
1,11,52
57,9,60
52,11,54
45,17,58
27,22,54
8,14,58
22,21,54
25,17,59
62,20,47
58,10,58
50,18,50
3,15,50
18,19,55
5,15,50
58,6,61
34,21,58
1,3,62
26,23,51
31,19,59
13,13,63
2,18,49
35,19,63
43,22,49
62,17,54
61,23,40
49,8,62
51,23,47
58,11,58
48,15,55
15,23,48
41,20,56
10,23,41
21,19,57
57,13,56
19,22,55
46,22,48
29,21,59
44,18,60
49,17,55
30,23,54
22,17,59
50,15,54
44,18,59
52,17,49
13,16,61
43,21,49
44,18,58
56,17,48
24,17,58
0,14,48
4,12,58
12,17,59
43,20,53
7,14,56
4,13,56
5,13,56
48,19,48
56,21,48
2,15,52
55,17,49
13,19,54
20,19,57
61,16,53
28,21,54
21,23,50
47,15,55
51,16,51
10,17,55
7,19,45
49,13,56
9,19,48
30,19,59
48,18,51
9,17,52
42,19,60
19,22,51
60,22,47
26,21,57
47,15,54
52,23,38
11,19,48
47,14,56
61,19,48
51,7,62
58,8,60
25,22,57
13,17,58
25,21,57
51,17,54
24,20,55
53,7,61
22,19,56
0,13,50
28,20,57
51,22,41
56,23,38
49,14,56
4,18,44
35,21,62
3,8,61
37,20,63
21,20,57
59,8,61
61,15,56
6,14,55
25,21,53
41,22,56
9,15,60
20,21,54
49,20,46
4,17,50
53,11,54
47,21,45
47,13,58
53,9,54
56,12,52
62,16,55
37,21,62
15,16,61
46,17,52
3,15,48
55,10,53
61,7,62
63,23,44
28,21,56
58,9,58
18,20,56
50,18,55
10,17,60
44,20,52
47,13,59
51,21,50
29,20,56
29,17,60
48,20,48
49,18,50
54,16,46
54,21,40
61,18,49
45,15,62
43,22,63
3,14,52
57,12,52
54,8,61
10,20,45
63,8,63
12,20,52
63,15,57
55,21,39
55,12,52
63,17,56
54,6,60
62,11,58
57,22,42
56,11,53
22,14,62
49,17,52
61,18,48
0,8,55
8,20,43
15,7,63
55,22,37
41,21,57
51,8,62
11,14,62
32,22,56
5,16,49
55,22,39
53,21,42
24,19,56
1,14,49
60,15,56
58,13,53
62,19,49
4,14,52
57,15,51
46,23,45
12,16,60
23,19,59
3,16,48
57,5,63
60,12,61
63,20,53
44,19,53
58,19,47
55,21,46
44,19,57
0,11,54
21,17,59
47,20,47
8,19,47
47,16,55
51,20,51
7,16,49
17,21,55
25,18,57
0,14,50
16,16,60
60,15,54
42,23,49
14,22,49
48,22,43
12,21,52
42,21,53
43,22,50
54,9,57
45,17,57
36,23,57
55,8,59
60,14,54
6,18,49
27,18,58
51,11,57
51,12,55
16,17,58
1,6,58
63,18,57
59,19,49
57,22,47
53,23,46
61,13,60
3,10,58
39,22,62
47,23,47
13,19,57
25,23,50
18,19,60
11,19,54
9,14,62
51,9,57
57,10,58
50,23,40
55,6,61
45,17,60
6,21,49
46,18,50
57,10,59
57,23,40
42,19,59
59,16,53
59,13,54
50,10,59
55,18,50
48,14,54
45,21,50
7,17,49
48,21,44
50,18,49
30,18,59
16,19,57
13,22,48
7,17,50
13,21,50
8,17,53
46,17,51
11,15,60
43,19,54
24,15,60
56,18,43
18,18,60
12,18,55
11,19,49
1,14,50
13,20,52
2,12,53
44,19,55
51,20,47
47,10,62
55,19,40
58,22,40
54,9,54
54,11,54
45,16,56
50,16,51
61,11,57
19,18,56
61,16,54
52,14,53
39,22,61
48,18,50
58,21,40
55,9,57
32,19,61
25,15,61
24,13,63
19,20,55
54,21,43
15,14,63
0,12,51
20,17,59
21,17,57
63,17,55
46,18,59
42,21,51
6,18,45
8,13,63
6,17,53
45,20,51
11,17,60
62,17,57
56,21,38
61,14,57
53,10,54
53,11,52
41,20,63
54,17,49
55,20,41
48,14,55
20,18,56
5,17,50
58,13,57
55,22,47
58,22,47
48,22,42
2,16,50
7,15,58
14,21,50
48,22,44
23,13,63
47,23,43
46,16,58
1,7,59
14,22,53
4,19,45
52,19,45
58,20,50
27,23,55
21,18,56
3,11,57
62,18,52
40,22,57
9,19,50
1,7,58
55,4,63
51,9,62
9,17,53
53,21,48
9,23,40
32,20,58
56,21,39
17,23,50
44,18,55
41,23,51
63,17,54
54,20,47
49,12,56
55,19,43
53,22,41
26,18,57
32,18,63
21,16,60
53,18,48
59,10,57
61,12,57
8,18,47
46,23,44
11,16,59
5,18,44
53,17,47
51,20,45
51,11,55
53,18,50
29,21,55
47,21,46
58,23,43
44,17,62
53,9,56
51,17,51
5,14,56
3,12,55
34,20,62
50,22,44
47,20,48
61,15,55
50,20,50
16,13,63
2,17,46
32,18,62
52,21,50
60,19,47
55,7,61
55,5,63
22,22,55
57,21,41
61,16,52
48,11,61
53,8,60
28,23,54
18,21,55
38,23,58
54,10,55
58,23,39
49,11,56
62,17,53
11,22,42
4,8,63
50,21,43
58,19,51
46,23,46
34,18,63
36,21,61
11,23,43
28,23,58
54,17,47
54,22,39
43,19,58
58,8,61
6,14,58
52,19,51
54,18,43
52,22,47
31,18,61
51,22,46
7,14,61
26,17,59
61,14,56
49,15,55
60,14,56
57,7,59
24,23,55
25,22,54
42,22,52
48,12,58
18,21,54
4,13,53
11,18,54
44,18,54
25,14,62
59,23,42
19,21,53
41,22,61
14,17,59
63,21,51
22,20,57
57,6,62
55,5,62
49,17,51
40,23,53
23,22,55
22,19,58
16,22,51
21,22,56
28,17,59
0,15,49
60,16,57
40,21,61
62,8,63
7,9,63
49,20,48
19,19,60
48,12,56
53,6,62
25,13,63
48,23,43
2,11,55
18,15,61
2,6,61
25,21,55
63,21,47
29,21,54
63,7,63
57,12,53
42,19,58
55,8,57
10,22,42
10,14,62
14,16,61
47,10,63
11,16,60
24,18,58
54,7,61
47,17,53
1,11,57
55,15,52
10,18,54
42,20,63
31,17,63
0,4,61
49,10,59
9,13,62
58,10,59
58,16,49
10,19,50
60,23,39
58,14,57
39,22,57
8,23,41
39,22,55
29,19,59
8,18,49
63,17,52
58,23,46
2,10,58
51,23,42
54,20,45
56,12,51
22,9,63
54,20,40
12,21,47
60,20,45
59,9,60
5,17,48
7,16,53
45,15,63
34,19,63
57,13,53
8,14,60
15,13,63
36,23,56
58,19,45
3,17,51
5,14,51
25,23,56
15,11,63
12,23,44
41,21,54
4,17,46
55,18,48
45,17,55
35,20,62
47,23,48
56,14,52
2,15,51
51,22,45
63,23,43
15,21,52
52,21,43
62,15,56
40,20,63
46,21,49
0,15,47
63,19,54
25,17,58
22,18,60
19,20,57
63,15,59
7,22,49
54,8,60
54,7,57
14,21,49
62,18,56
28,19,59
16,14,63
52,9,58
1,15,48
42,19,61
51,20,48
43,20,61
54,14,52
54,19,49
54,10,54
52,21,48
56,23,40
46,17,59
10,17,54
29,20,58
57,23,43
14,23,46
50,19,47
25,20,54
47,14,57
0,8,57
17,19,56
2,11,53
53,18,46
16,22,52
0,10,52
52,19,49
5,16,48
63,8,62
54,19,48
45,16,59
53,6,61
8,22,42
14,19,57
6,21,48
31,18,60
21,9,63
53,9,59
57,19,49
56,21,41
53,7,60
53,20,47
9,17,58
48,14,57
61,12,60
16,14,62
51,13,53
54,20,41
59,8,60
62,12,58
2,9,59
56,11,52
21,11,63
15,18,57
43,23,47
63,14,58
56,20,49
14,20,54
14,22,52
35,21,59
52,11,53
57,9,59
2,9,58
10,18,52
54,5,62
48,10,62
56,22,48
38,22,59
25,21,56
52,23,43
24,21,56
2,10,54
19,22,52
50,18,47
61,19,46
16,9,63
11,18,55
53,20,48
47,12,60
23,13,62
33,23,57
16,23,48
53,22,44
63,20,52
63,9,62
63,19,50
20,15,61
26,16,60
53,12,52
63,20,48
61,17,50
50,18,54
22,18,57
24,22,51
1,14,51
42,23,48
34,22,57
2,17,48
20,23,51
60,18,49
0,5,61
52,12,53
50,18,48
49,19,46
24,22,54
52,10,56
63,12,60
5,12,60
35,22,59
5,7,63
50,11,55
58,22,46
53,19,45
50,15,53
27,21,55
5,20,45
40,23,55
2,5,62
14,20,52
17,20,54
58,19,50
3,16,50
7,12,63
41,23,52
2,10,57
51,19,45
13,20,54
53,15,52
19,22,54
24,22,52
55,11,55
44,22,48
56,18,50
54,6,63
52,22,40
13,22,52
19,20,59
60,9,59
63,18,53
46,23,47
61,21,46
54,16,49
17,8,63
31,19,58
26,19,58
6,18,48
62,9,62
32,21,57
57,21,48
48,21,45
62,11,59
51,23,46
1,12,51
33,20,59
7,19,44
56,23,36
49,16,53
54,15,51
15,9,63
50,23,45
56,4,63
55,23,37
20,18,57
56,16,51
53,17,46
56,18,46
55,11,54
61,19,51
63,16,54
12,20,51
5,20,44
24,14,63
40,23,54
24,15,61
59,23,47
45,19,51
23,19,56
53,17,48
7,20,44
63,10,60
47,17,52
9,13,63
60,22,43
55,11,51
55,8,58
40,21,60
52,22,46
61,12,61
58,19,46
35,20,63
31,22,55
36,21,60
20,19,55
58,18,48
62,9,60
59,19,48
57,7,61
34,22,60
25,20,56
55,19,50
56,6,63
34,21,60
9,20,50
31,22,54
29,20,59
8,17,52
58,21,48
60,13,60
27,16,62
27,16,61
2,11,56
23,15,60
57,14,56
57,16,50
62,18,55
62,22,51
50,23,41
1,10,54
46,21,47
13,21,47
4,12,57
40,21,63
2,6,63
21,21,55
55,9,56
18,18,57
52,15,52
13,22,47
11,20,48
56,8,58
62,19,56
14,22,47
31,21,56
58,11,55
45,20,49
50,9,58
3,6,61
60,22,48
12,14,62
63,20,51
4,16,52
57,11,56
58,22,45
54,21,49
1,15,51
58,10,60
52,21,42
59,23,40
54,18,48
53,10,52
25,20,55
23,22,52
6,15,51
2,5,63
55,15,51
57,19,50
21,18,57
46,22,49
20,21,52
28,16,61
59,17,53
46,15,58
58,20,47
31,20,57
62,15,58
57,20,41
13,9,63
61,23,41
54,8,59
62,8,62
56,12,53
48,16,52
13,17,59
13,21,49
1,3,63
57,17,48
58,16,50
28,23,52
15,18,58
62,23,42
4,8,61
19,15,61
22,17,58
43,21,52
54,18,49
55,19,42
29,21,58
2,16,46
20,21,55
6,20,44
26,15,62
17,21,54
47,14,59
56,10,55
49,17,49
15,20,56
52,6,63
56,19,49
40,21,62
43,21,51
55,20,39
46,23,49
13,12,63
50,20,44
57,11,57
55,19,48
57,22,45
58,15,50
2,6,59
47,12,58
51,22,48
63,21,48
45,23,50
11,20,50
29,18,58
47,11,61
14,18,58
11,18,57
59,12,55
54,21,47
6,18,46
20,16,59
0,9,54
49,23,43
19,20,56
6,16,55
59,23,39
55,21,38
4,15,52
63,19,53
9,21,43
5,9,62
2,14,51
40,21,59
62,16,53
0,8,56
44,17,58
52,23,45
58,8,59
43,18,56
5,11,62
60,15,60
49,10,61
15,14,62
22,19,55
46,11,62
4,14,53
33,19,60
17,7,63
5,10,60
54,19,44
4,10,59
22,18,59
53,17,52
59,15,53
46,18,53
26,16,61
49,10,60
1,16,48
59,11,57
55,16,50
18,10,63
47,11,63
37,21,60
40,22,58
9,22,42
30,22,55
14,22,48
54,9,56
62,19,51
43,18,57
7,19,46
34,23,59
10,16,60
23,19,55
44,18,57
12,13,63
23,18,59
53,19,48
43,18,61
3,12,56
20,20,55
59,20,45
6,13,61
10,15,60
13,20,53
2,6,60
46,11,63
51,22,43
7,18,51
62,21,51
41,21,55
59,9,59
63,10,61
43,19,56
51,17,48
57,17,49
22,22,51
60,23,42
10,19,49
3,16,46
23,21,55
53,14,50
20,15,62
50,7,62
23,20,54
53,21,44
8,14,61
22,17,57
0,13,49
18,23,52
51,19,46
7,21,41
43,20,52
2,12,54
53,17,50
7,19,47
44,19,51
12,21,46
60,13,57
52,18,51
9,15,59
41,20,60
8,16,53
0,10,53
4,11,58
50,17,55
56,23,37
6,17,50
38,23,59
47,22,48
62,18,49
54,17,48
60,11,60
58,6,62
47,20,49
1,10,52
3,18,44
0,14,49
56,6,59
63,18,55
52,15,49
56,7,58
37,22,59
56,20,48
28,23,55
44,21,47
26,22,52
62,18,51
62,15,55
46,19,48
45,17,62
33,22,57
55,14,51
44,20,51
5,15,52
53,23,43
8,21,44
58,23,48
0,10,55
13,21,52
51,8,63
51,23,44
56,19,44
13,17,60
50,17,54
56,18,51
6,10,61
23,18,60
50,20,46
49,10,63
43,21,53
54,21,46
54,22,43
53,8,56
22,23,51
55,8,56
20,20,56
12,19,55
3,12,58
53,10,57
19,12,63
23,20,53
11,20,49
44,20,62
20,21,53
6,19,44
42,22,49
23,23,54
46,22,47
19,19,59
27,23,54
55,22,36
7,18,47
39,23,55
54,20,43
17,21,53
40,22,54
28,17,61
51,16,54
49,8,63
5,8,63
56,7,59
9,17,54
53,17,49
57,22,43
29,19,58
0,6,58
31,20,58
57,8,60
19,16,60
14,13,63
12,15,62
48,23,47
3,17,46
49,10,58
26,22,54
46,20,48
50,22,48
50,20,45
15,23,49
1,16,47
62,21,52
48,18,53
12,17,58
58,18,47
41,21,56
53,23,36
43,19,62
0,18,47
18,23,51
53,16,50
2,7,60
8,14,62
51,16,55
53,23,37
19,22,53
54,7,60
47,18,51
1,6,60
51,19,50
8,15,57
63,13,60
45,16,58
12,23,45
42,22,63
54,20,49
57,16,51
4,18,45
59,21,48
51,23,40
54,22,41
46,19,50
47,18,52
22,15,60
21,20,55
8,17,51
8,15,56
14,22,51
41,21,53
26,20,55
56,5,63
52,10,55
52,21,41
5,9,63
2,10,56
58,17,48
54,21,38
56,6,61
60,6,63
17,18,58
0,7,56
17,22,53
3,17,45
60,16,51
4,13,52
50,22,47
58,20,48
55,17,47
33,23,54
3,16,51
35,20,60
57,23,44
54,6,61
28,21,57
1,15,47
4,18,46
54,13,51
25,22,53
18,19,57
58,14,51
51,8,59
2,18,45
18,11,63
63,16,57
52,19,44
11,17,59
45,23,45
34,23,56
8,13,62
8,12,63
60,10,61
58,21,47
8,20,44
0,6,59
7,14,60
51,18,46
26,14,63
11,17,57
18,19,59
58,20,45
13,18,59
53,5,62
53,15,51
53,23,42
6,14,56
6,19,49
54,14,51
60,17,50
23,17,58
20,11,63
27,21,56
25,23,53
25,18,59
56,22,45
4,12,59
59,14,61
9,18,58
55,18,45
9,23,41
63,9,61
21,22,54
26,22,53
51,19,51
6,15,56
41,22,51
48,23,44
11,15,62
2,15,50
18,16,60
23,18,57
57,13,57
54,23,36
55,22,38
57,19,51
44,23,49
21,21,52
58,18,51
50,17,48
61,10,58
33,18,62
49,20,44
56,21,45
46,23,48
18,12,63
30,20,58
42,22,53
50,20,48
29,21,57
54,6,59
1,14,48
55,7,58
9,18,48
49,19,49
27,21,54
57,23,42
1,10,55
28,22,54
49,19,50
56,18,45
48,11,58
22,21,55
23,10,63
53,11,55
17,23,49
53,17,51
48,22,47
12,22,45
0,17,46
55,10,52
52,12,51
34,22,56
27,18,59
54,20,44
57,21,49
61,16,57
47,22,47
46,20,49
9,20,44
46,19,53
6,15,53
43,19,61
53,22,37
51,22,44
44,21,50
53,21,46
7,21,49
47,23,44
48,16,51
50,8,60
15,19,56
54,22,46
14,20,55
60,17,48
21,21,54
62,23,43
0,4,62
1,15,49
16,11,63
18,8,63
46,22,46
14,23,48
57,12,54
60,17,49
60,18,47
42,23,50
30,23,53
11,22,43
58,15,52
46,15,60
11,21,48
7,18,48
5,14,52
53,8,57
17,18,59
57,19,44
40,22,53
60,11,61
2,15,48
49,9,60
45,19,56
58,21,43
58,22,39
53,16,48
63,17,53
27,22,52
50,17,49
42,20,61
15,21,53
23,16,60
55,19,47
23,21,53
25,19,56
15,19,58
57,6,61
7,15,55
56,22,44
56,5,62
54,17,45
5,10,62
44,17,60
51,7,61
60,22,42
30,18,61
36,21,59
24,18,56
14,23,44
53,19,43
22,16,60
26,23,54
3,9,59
22,21,53
6,11,62
26,16,62
52,7,61
21,19,58
50,20,49
60,7,63
46,16,56
54,23,42
14,16,60
45,16,63
4,13,55
55,9,58
11,18,56
44,17,63
54,11,52
2,14,50
15,8,63
26,18,59
19,18,60
3,16,47
36,20,62
6,14,60
61,9,60
24,20,57
3,12,57
11,23,42
10,16,57
46,15,57
57,23,37
53,22,46
6,17,55
59,7,62
24,16,60
7,16,55
24,20,56
21,21,53
54,23,41
10,16,59
32,20,60
56,20,41
30,17,62
53,20,49
3,15,52
44,17,59
44,23,46
4,11,60
53,19,50
61,7,63
57,19,47
4,11,59
44,17,57
56,16,49
18,19,58
16,15,61
63,11,59
49,15,52
44,19,54
20,23,54
29,17,61
10,16,58
16,20,55
47,21,44
39,21,63
10,22,43
36,19,63
50,17,53
5,14,57
24,21,54
11,21,51
28,23,53
27,20,55
44,21,49
56,9,59
11,14,61
49,20,47
58,12,54
11,21,47
57,20,44
40,22,55
9,14,61
49,18,52
38,23,57
18,19,56
3,10,60
60,17,51
34,23,57
19,17,58
61,14,55
63,19,49
28,21,58
45,16,60
60,21,45
9,16,54
21,19,55
49,20,51
50,15,51
55,21,47
2,18,46
27,20,57
55,14,50
20,23,52
5,13,59
46,16,57
0,10,51
23,14,61
22,12,63
10,18,50
33,19,62
53,14,51
56,17,47
42,21,63
10,21,48
59,22,48
14,22,50
62,10,60
18,18,58
2,11,54
59,9,58
2,17,50
16,21,57
21,20,58
16,19,56
42,19,62
54,5,63
26,23,55
52,10,54
9,18,49
17,16,59
5,17,45
4,9,62
33,23,55
26,14,62
14,21,51
58,5,63
54,9,55
46,13,60
52,23,37
1,8,58
49,18,55
11,15,61
41,21,60
2,19,48
49,12,55
2,14,52
31,21,57
23,21,52
50,10,58
17,17,59
13,15,62
29,17,63
3,15,49
42,20,60
52,18,48
51,13,52
13,14,63
3,13,55
54,21,39
56,13,51
45,17,63
20,23,50
44,18,56
21,13,63
11,20,51
11,18,53
45,22,45
46,13,61
62,20,50
21,19,56
56,21,46
1,9,56
24,17,59
51,19,48
57,15,57
55,17,50
27,15,63
55,6,63
58,9,57
15,17,59
3,14,50
42,21,52
54,10,56
57,6,60
37,21,61
47,19,48
61,22,45
48,20,49
46,16,61
17,10,63
24,22,55
2,13,54
56,9,56
55,15,50
47,19,52
21,14,62
50,21,47
12,15,61
54,19,41
57,23,36
48,10,63
24,20,54
9,20,46
52,11,55
59,21,44
6,18,47
58,6,63
29,22,58
56,14,51
51,14,53
53,18,52
39,23,56
0,12,54
41,21,61
50,22,41
26,23,57
45,19,53
19,13,62
11,21,45
59,16,51
49,23,41
5,17,47
58,13,56
11,20,47
29,23,52
49,22,44
47,19,49
7,13,62
45,20,50
62,21,46
50,14,55
47,15,57
14,8,63
23,17,59
9,16,59
50,19,45
58,20,46
53,13,51
16,17,59
51,16,50
46,18,51
9,16,58
56,19,42
21,22,51
12,20,50
27,20,56
48,21,47
63,17,57
8,18,50
7,13,61
26,21,56
1,13,53
8,14,59
58,8,58
17,13,62
51,15,54
3,10,57
10,21,43
51,22,47
51,19,49
46,19,51
50,23,42
3,17,50
55,18,49
46,14,63
57,5,62
62,19,54
22,21,52
52,19,48
1,9,58
59,13,61
55,16,49
19,14,62
52,22,45
10,20,47
6,17,51
13,23,43
19,21,54
56,15,50
29,18,60
37,23,57
51,18,51
55,10,54
52,11,56
47,18,49
54,19,47
28,15,62
54,19,42
32,20,57
53,22,47
12,19,56
57,16,49
49,19,51
53,15,50
53,22,39
24,21,53
55,16,47
63,20,49
46,18,52
49,19,47
56,19,41
17,18,57
39,23,58
43,18,60
20,17,57
53,19,49
16,22,50
19,21,52
3,14,49
56,18,49
4,10,61
10,18,58
38,23,60
60,22,41
12,21,49
57,20,51
54,10,53
57,20,48
51,18,47
56,9,58
61,20,46
60,21,46
46,13,63
52,9,56
53,9,58
46,16,55
2,17,47
56,11,57
46,17,58
26,22,56
54,20,39
57,10,60
35,21,60
3,6,63
10,21,45
52,8,58
24,23,54
63,16,56
43,18,59
52,16,48
24,19,55
62,13,58
19,10,63
50,15,55
28,20,56
49,10,57
15,22,51
57,8,59
55,7,60
7,15,54
55,5,61
17,13,63
20,22,52
57,12,56
28,15,63
51,11,54
54,22,45
48,23,48
14,15,62
56,18,44
47,11,62
50,14,54
56,15,52
6,14,54
11,17,58
23,22,56
52,16,53
24,16,59
59,10,61
6,12,62
13,20,50
48,15,53
53,9,57
4,8,62
46,14,60
56,9,57
43,18,62
36,22,58
59,6,63
52,9,59
49,18,51
61,19,47
53,21,47
26,21,53
47,11,60
48,9,63
30,22,54
50,9,60
25,23,51
48,17,51
27,20,58
12,21,48
49,16,51
52,15,51
59,22,47
40,21,57
52,7,63
9,17,51
1,10,56
20,9,63
48,21,48
22,20,54
49,13,55
50,11,56
52,11,52
61,10,61
7,18,46
51,14,52
12,20,49
51,12,52
48,15,52
60,14,55
7,15,56
49,22,43
61,11,59
53,10,55
59,18,52
52,15,53
57,21,40
39,22,60
17,9,63
16,17,60
16,23,50
59,18,47
56,20,47
54,18,44
25,23,57
3,13,52
41,21,59
47,23,45
22,18,58
59,21,47
46,19,59
61,8,61
1,10,58
7,21,42
7,16,51
58,22,43
45,22,49
60,15,61
13,19,56
42,20,54
58,14,53
50,19,48
19,13,63
17,22,51
58,11,57
57,15,50
51,20,50
41,23,53
60,13,55
45,23,44
2,16,47
29,15,63
26,19,57
35,23,56
61,9,61
49,15,54
61,12,58
1,10,53
59,15,51
52,22,48
49,11,57
61,11,61
53,7,59
57,12,57
27,19,57
21,17,58
58,23,40
10,12,63
31,19,60
0,16,47
50,14,52
32,22,55
13,23,44
19,19,55
43,19,59
8,16,56
52,20,51
30,19,58
15,16,62
20,10,63
7,13,59
47,17,50
49,14,53
6,12,60
61,13,57
55,19,41
17,22,52
32,20,61
55,20,47
51,23,45
8,21,42
3,7,61
50,13,54
16,20,57
19,16,59
12,22,44
61,17,52
47,15,56
35,22,58
31,18,62
46,21,46
57,10,55
60,10,62
49,18,48
60,8,62
63,21,46
17,16,60
5,17,49
60,16,56
59,6,62
62,14,57
17,11,63
35,22,57
49,21,45
25,18,58
57,20,49
55,18,43
57,14,57
50,8,63
52,14,52
41,22,53
48,18,48
56,7,61
0,15,51
44,22,49
2,17,49
60,23,40
61,17,51
28,21,55
17,15,61
44,20,50
39,22,56
53,23,38
54,23,47
18,22,51
62,16,56
0,14,47
56,14,50
48,13,57
50,16,52
56,13,54
20,8,63
52,17,47
29,16,61
41,23,50
60,17,53
25,23,52
27,19,58
0,7,58
6,14,57
6,16,49
62,17,55
54,7,62
55,18,44
21,22,55
46,14,59
1,17,46
1,12,52
9,20,45
60,12,57
54,22,36
6,17,48
58,19,48
56,19,43
23,23,51
46,14,62
58,22,44
29,22,55
57,21,46
62,10,59
53,20,44
23,14,62
47,11,59
13,22,49
18,13,62
13,21,46
3,6,62
53,18,44
3,13,53
52,16,49
59,7,61
37,22,60
24,18,59
7,16,54
58,14,52
41,20,57
12,19,53
25,22,52
0,16,49
13,22,45
52,15,50
61,13,58
14,10,63
5,8,62
31,21,55
1,5,60
22,17,60
3,11,58
12,12,63
53,19,47
60,11,58
2,13,51
53,8,58
56,23,47
51,12,53
60,18,50
27,16,60
14,23,45
62,7,63
10,17,53
30,16,63
56,22,47
60,18,52
63,23,45
21,23,52
20,19,58
60,10,58
10,17,59
54,19,46
61,20,47
6,15,54
55,23,47
6,10,63
20,23,53
51,10,58
18,22,54
55,7,62
51,21,46
60,23,47
21,16,59
6,9,63
61,22,44
8,15,59
3,17,47
15,20,55
22,20,55
59,18,49
54,22,37
8,16,54
57,22,44
2,5,61
52,19,46
61,23,43
19,23,50
10,13,62
32,17,63
9,19,47
33,21,59
23,23,50
8,16,52
56,17,50
58,15,51
2,19,45
16,20,54
48,17,49
52,20,45
59,11,56
56,8,59
18,14,62
56,23,39
21,15,60
7,20,48
45,22,46
50,11,57
1,18,47
6,15,52
45,16,62
43,21,50
46,13,62
31,16,63
50,23,39
19,11,63
48,17,53
17,20,55
14,14,62
53,22,48
53,9,55
54,19,43
48,19,47
19,19,56
13,14,62
10,19,47
25,19,58
45,19,50
58,7,61
4,14,50
51,15,51
58,17,49
16,10,63
9,15,58
27,19,56
1,16,46
0,16,46
13,18,57
37,23,58
57,12,55
1,9,57
7,14,58
33,21,58
18,15,60
48,9,62
42,22,50
14,21,52
48,18,52
15,20,54
18,14,61
61,18,50
14,15,61
21,10,63
15,19,57
50,15,52
52,12,52
4,16,48
60,7,62
0,12,52
4,12,56
6,19,45
51,23,39
28,22,53
47,16,54
51,23,41
44,19,62
22,15,61
43,23,48
1,6,59
52,22,41
43,23,49
24,16,61
59,22,41
59,22,42
17,14,61
26,20,57
52,7,62
3,7,62
58,23,38
13,21,53
44,21,48
61,23,42
59,20,48
54,21,41
20,19,56
42,20,58
16,8,63
54,15,52
8,22,43
34,22,58
45,20,52
21,22,53
11,19,51
21,20,53
55,10,55
45,17,61
57,21,44
30,21,55
53,10,58
54,11,51
56,7,60
62,21,47
52,21,47
54,11,53
51,21,43
41,20,58
57,17,50
11,19,53
0,19,47
18,22,55
43,22,48
1,5,61
51,17,53
44,22,51
60,9,61
58,17,50
54,16,48
47,22,45
23,12,63
44,21,51
45,23,48
5,19,45
47,20,50
7,13,60
62,22,45
56,11,54
59,18,53
12,21,50
16,16,62
49,15,51
59,16,49
5,18,46
59,12,56
39,23,59
56,23,43
58,21,44
13,16,60
59,17,48
12,20,48
17,22,54
48,10,59
51,8,61
32,18,61
46,14,61
23,23,52
44,23,50
59,16,50
53,11,51
43,18,58
55,20,48
57,23,46
52,20,49
51,20,49
25,22,55
49,18,49
6,13,59
49,15,53
42,21,54
60,21,47
56,5,61
48,21,46
54,20,42
53,6,63
49,16,52
10,17,58
52,7,60
24,17,60
33,22,56
54,23,39
60,10,57
13,19,55
63,15,58
52,18,50
55,20,42
56,18,47
62,14,58
57,23,47
5,13,57
29,23,56
