6,3,61
30,20,60
28,16,52
39,14,23
29,11,35
10,2,48
38,21,48
46,17,20
29,7,21
42,18,33
51,21,19
22,1,19
41,15,24
23,5,31
36,20,50
42,23,47
22,15,59
23,12,49
12,3,48
16,10,55
40,12,14
27,13,46
51,21,23
20,7,39
21,6,34
14,9,56
44,21,33
38,5,0
19,3,33
62,23,9
2,1,61
21,0,17
49,23,30
31,9,22
24,0,7
47,22,31
18,1,30
10,4,52
61,21,4
29,1,2
14,8,60
45,21,31
23,10,48
28,10,36
40,21,42
11,1,40
38,23,53
18,2,30
17,5,45
61,22,6
37,21,47
53,21,16
37,5,4
21,6,40
24,13,49
47,15,10
45,17,19
58,18,0
37,19,42
53,18,8
27,13,44
30,13,42
31,14,39
29,2,8
19,13,60
19,5,35
33,4,6
25,9,36
7,3,59
5,1,58
33,21,56
33,11,29
44,15,17
19,0,20
23,2,18
22,2,23
34,3,0
33,19,51
52,23,26
40,16,27
32,8,21
55,22,17
19,9,50
29,21,62
10,5,60
32,19,55
43,10,5
31,7,17
29,21,61
54,21,15
42,17,29
45,15,16
27,4,19
23,2,23
22,2,19
61,22,7
38,15,32
34,13,30
41,19,35
49,12,1
9,6,55
30,5,14
37,5,1
30,5,13
39,9,9
21,6,38
39,11,14
38,22,49
49,18,18
36,15,34
42,19,35
38,12,21
13,5,51
35,21,55
32,11,32
26,3,15
18,11,55
48,13,6
45,12,6
22,6,33
48,14,9
36,13,28
20,12,57
15,6,51
47,12,6
49,19,22
35,14,30
48,12,1
38,9,9
27,11,43
37,11,19
14,3,45
36,21,52
55,17,0
16,11,59
27,11,39
14,3,40
44,10,2
40,10,11
32,13,34
1,0,61
16,1,30
3,0,52
24,1,15
33,9,19
18,6,43
34,6,7
34,11,27
35,9,17
54,23,24
18,7,49
33,15,42
8,0,45
34,20,53
37,11,17
51,17,9
48,14,8
16,4,42
44,15,15
50,22,29
17,3,39
29,13,42
33,7,16
15,2,34
4,0,53
34,13,33
27,15,53
10,5,56
36,14,33
36,12,24
41,11,12
24,6,28
40,15,24
8,1,47
26,3,13
30,14,46
28,1,8
58,22,12
27,4,20
43,12,11
26,7,32
21,5,36
45,15,15
29,19,63
31,15,46
37,16,33
24,16,62
13,6,62
46,18,22
21,13,54
55,19,2
14,1,34
17,2,35
30,6,18
34,13,32
32,6,10
33,7,17
20,4,31
17,5,39
33,14,37
33,4,3
44,18,27
58,23,16
30,3,10
22,15,61
27,11,40
48,19,22
27,2,11
38,6,1
44,12,7
25,3,16
41,16,24
29,6,17
28,5,15
10,2,46
32,22,61
40,15,27
30,7,21
19,11,55
13,4,45
10,5,53
24,17,62
30,11,35
15,0,29
62,21,0
22,12,50
20,14,61
59,22,9
38,8,7
38,9,10
39,14,25
19,13,62
26,0,7
39,13,20
44,9,3
16,9,60
4,3,63
30,15,44
41,10,7
50,18,16
23,15,56
15,8,53
14,6,49
38,18,40
12,7,58
34,9,18
34,20,51
30,11,36
22,14,58
44,19,30
63,21,0
40,8,7
48,20,27
52,15,1
39,10,11
37,21,51
32,21,58
32,17,48
27,19,61
19,15,61
54,22,20
51,21,24
57,18,1
17,3,36
36,7,7
30,8,27
32,16,45
4,1,58
19,2,29
45,22,37
53,19,12
33,7,14
21,2,24
51,15,4
38,10,14
32,12,31
42,8,1
33,19,52
33,23,59
24,8,39
20,4,32
50,19,15
5,0,58
50,23,30
20,8,47
23,15,58
38,5,2
7,2,58
26,0,4
1,1,62
31,3,4
38,18,39
45,20,33
24,3,24
23,4,29
27,4,14
31,19,54
20,12,55
32,9,22
35,22,58
40,22,47
14,4,46
19,4,34
31,23,62
34,5,5
35,13,27
21,4,32
43,15,18
35,9,18
39,6,4
34,16,43
52,23,23
39,23,51
10,7,56
46,20,27
24,16,59
50,17,13
33,4,5
36,7,11
39,23,53
30,1,2
34,11,23
42,8,0
38,6,2
37,12,21
38,19,41
27,4,18
46,17,22
29,13,45
24,1,16
41,14,19
16,9,63
40,16,29
39,12,16
40,22,46
45,16,18
35,8,15
33,7,12
46,16,18
28,12,42
22,12,54
18,12,57
10,5,63
48,16,12
44,22,38
24,1,10
39,5,1
25,13,50
21,1,16
27,10,35
21,14,61
37,13,25
6,1,51
28,17,54
40,17,30
31,8,21
16,5,42
7,2,50
17,0,25
13,8,56
28,16,53
13,2,40
29,7,26
28,20,62
35,22,53
28,11,39
28,18,56
24,9,42
43,10,7
41,20,39
15,2,36
52,20,15
28,13,44
32,18,49
49,15,10
19,13,59
25,6,30
34,18,44
48,19,23
29,13,43
46,21,29
40,20,41
61,23,10
10,5,59
21,13,57
19,3,30
27,2,10
43,16,21
13,8,59
3,1,62
28,10,38
26,4,15
49,14,5
41,8,5
23,4,25
12,0,36
10,2,45
46,12,6
23,6,33
58,21,8
18,1,25
8,3,54
10,3,49
42,10,9
39,15,27
25,12,47
38,10,11
10,5,61
37,16,35
39,10,14
63,22,2
45,18,26
8,1,46
52,18,13
49,14,8
60,23,10
25,2,12
36,7,8
35,23,59
14,2,42
9,2,48
49,22,26
52,15,3
36,15,35
33,10,26
32,16,44
19,12,62
41,11,9
46,16,17
24,12,48
59,19,0
43,23,40
17,7,48
38,14,25
37,17,37
38,6,5
34,9,21
18,2,32
36,14,31
20,2,25
40,13,22
52,15,2
35,14,32
35,6,6
31,12,33
23,8,40
20,8,44
38,19,42
46,10,0
6,1,53
27,12,43
9,1,47
46,11,3
48,18,18
54,22,19
52,16,7
12,7,59
21,9,47
44,13,13
15,9,57
55,19,9
23,9,41
1,1,63
56,22,16
36,22,52
49,21,26
15,11,57
37,20,49
18,16,58
11,2,45
23,9,45
42,22,41
37,9,10
20,0,21
22,16,62
22,14,62
13,6,63
32,4,9
6,3,62
38,10,12
26,12,44
6,5,63
15,3,42
58,22,13
30,17,50
36,21,51
42,16,25
30,7,23
49,13,5
4,3,62
41,13,18
30,15,47
25,1,9
25,9,38
20,9,50
20,0,20
55,20,12
33,23,60
33,6,11
31,14,38
26,13,46
44,14,12
22,2,21
14,4,43
30,12,33
40,9,8
27,5,21
52,23,25
41,12,15
26,6,28
30,12,37
15,10,57
13,2,39
34,6,11
12,7,63
25,16,58
24,0,8
47,16,13
43,10,6
31,21,57
19,7,45
48,20,22
59,19,3
43,8,1
31,19,56
47,20,27
49,23,32
29,5,17
13,3,47
8,3,60
32,1,0
40,13,19
4,2,62
25,8,36
30,2,6
39,19,41
58,22,9
19,10,54
37,14,30
27,12,45
31,5,13
23,13,51
21,9,42
34,23,58
31,8,24
55,21,13
32,11,31
24,3,21
3,0,59
36,16,37
36,8,11
27,17,55
43,17,25
35,15,33
38,11,19
42,18,28
26,7,28
44,11,9
40,20,43
32,7,17
14,3,41
35,5,7
31,18,52
29,4,12
26,19,62
22,11,50
44,10,4
36,17,42
14,5,49
15,8,61
36,16,39
20,3,30
47,18,18
13,4,47
56,19,2
32,21,59
56,23,18
20,12,56
39,21,43
31,1,1
30,18,55
59,20,6
38,16,32
19,2,28
23,10,44
31,21,61
36,13,26
27,3,11
42,16,23
18,1,29
40,15,26
35,13,29
41,20,38
27,13,48
49,13,6
16,0,26
38,16,35
16,8,51
34,15,39
5,1,56
14,9,58
49,18,17
23,4,24
30,5,15
12,1,40
44,23,43
18,2,29
30,17,52
33,4,7
20,6,38
25,2,16
29,1,6
46,13,10
40,23,48
20,1,20
45,20,31
43,11,7
33,22,57
8,4,55
4,0,54
36,11,21
28,3,11
34,21,55
30,7,18
19,5,38
27,10,36
28,7,28
34,7,11
30,18,52
24,1,12
24,6,29
33,13,34
27,17,56
40,19,36
23,1,13
22,2,24
1,1,61
20,4,34
24,2,18
60,23,11
33,16,43
22,4,26
21,10,48
42,12,12
22,9,47
54,16,3
17,3,34
48,12,4
31,17,47
29,3,11
19,16,60
40,20,40
29,19,58
53,22,19
31,17,52
32,13,38
27,14,48
21,1,22
55,18,5
23,5,32
41,8,4
31,22,63
15,4,43
30,9,28
38,21,47
39,12,20
14,4,47
41,13,16
43,8,2
30,14,42
29,8,24
44,21,37
21,10,46
26,2,13
25,5,26
5,0,53
33,12,31
24,9,41
30,8,26
23,15,62
42,19,33
18,4,37
2,0,52
23,14,57
30,19,58
19,8,48
24,12,49
32,4,8
36,17,40
19,12,56
50,13,3
23,10,46
27,20,62
25,2,13
16,3,37
9,0,44
38,12,19
44,14,15
47,23,33
36,18,43
25,6,27
16,8,63
14,8,57
7,1,58
11,0,35
48,11,1
43,16,22
34,20,50
36,9,15
25,6,32
34,18,45
32,19,53
21,13,55
18,3,30
49,14,6
50,17,11
28,12,43
26,9,39
48,21,27
26,18,62
29,4,14
42,13,14
19,13,63
27,7,26
12,2,41
39,18,36
40,11,14
38,19,40
21,16,61
56,18,3
11,3,48
39,22,48
39,13,23
33,16,45
24,7,35
43,21,35
53,15,0
50,14,7
30,0,1
22,7,40
27,7,28
38,17,33
31,6,16
44,18,28
47,22,32
44,12,10
17,8,53
34,8,17
29,19,60
24,10,42
28,13,43
23,1,17
15,6,47
37,20,48
48,12,5
36,11,19
47,12,2
35,18,44
38,7,6
14,1,38
55,16,0
27,8,32
41,12,12
38,19,39
31,18,50
21,10,50
15,9,62
9,5,63
19,6,44
31,2,4
63,23,2
48,12,0
11,6,62
16,7,49
33,3,5
24,12,46
15,11,62
8,3,62
60,23,1
17,11,61
32,17,45
28,6,22
48,16,14
39,11,13
44,19,32
24,0,11
42,23,44
38,10,13
40,21,43
46,19,26
36,4,2
23,7,38
34,7,14
9,1,46
37,10,14
28,10,32
40,11,11
33,10,25
27,9,32
4,2,63
13,2,43
59,22,12
7,2,51
20,6,39
20,14,59
41,14,23
34,19,52
27,13,49
30,6,14
34,6,9
39,16,29
46,14,11
53,21,19
53,23,24
35,14,35
46,17,19
20,8,45
27,6,22
34,23,61
19,6,41
14,12,61
16,6,45
27,2,8
35,17,39
31,15,45
30,11,32
34,10,19
15,1,35
59,21,5
33,22,61
25,13,52
47,19,21
38,6,0
7,3,61
42,17,27
52,16,6
36,5,4
22,12,51
53,21,17
35,17,40
49,21,24
48,23,32
43,12,10
34,16,40
26,16,58
37,7,6
27,6,21
31,4,11
40,22,44
42,20,35
14,7,51
6,1,48
19,16,59
47,18,20
20,3,32
40,15,25
43,14,16
28,4,12
29,15,45
42,19,32
18,11,57
21,8,46
17,6,44
46,21,30
13,6,51
28,19,63
47,18,22
1,0,58
19,4,33
47,17,19
40,18,36
34,16,39
48,17,15
41,22,45
32,16,42
18,10,63
34,13,29
49,13,0
44,23,39
20,9,46
33,20,54
23,14,55
20,2,29
27,12,44
32,12,32
40,9,9
39,20,44
20,5,34
39,15,26
30,13,38
33,2,2
30,6,16
28,7,24
35,19,50
51,22,23
18,11,60
57,18,4
58,20,4
28,11,38
21,13,56
27,7,25
23,13,54
51,21,20
13,7,55
23,0,15
45,19,29
23,12,51
18,11,56
32,7,16
33,9,22
58,20,3
56,20,2
19,11,57
17,0,27
52,18,11
45,11,6
13,3,46
15,2,38
49,22,28
33,13,33
31,9,28
58,21,11
16,4,41
43,13,14
15,4,46
26,11,40
25,0,6
24,17,60
53,18,9
40,18,35
22,1,16
24,15,56
32,22,63
45,23,39
20,2,26
36,10,17
22,13,55
21,7,41
33,6,10
51,15,6
46,11,5
32,5,9
24,17,59
26,13,47
52,15,0
33,15,38
31,4,7
28,12,44
42,8,2
43,18,29
35,7,11
16,8,52
7,1,51
6,0,46
18,9,50
19,15,59
27,5,22
15,11,61
42,10,6
41,8,2
23,16,63
21,9,49
28,7,25
14,7,54
27,2,12
19,8,50
22,7,37
40,6,1
60,21,1
12,6,58
50,13,2
2,1,59
23,8,42
57,22,11
37,9,13
17,9,52
62,23,8
60,23,9
52,22,23
21,8,41
8,5,56
49,19,19
20,0,19
6,1,52
3,2,61
22,5,33
33,13,32
20,14,60
39,16,28
51,14,2
6,2,56
24,3,18
26,15,54
35,8,13
10,2,47
49,15,11
26,10,37
47,12,7
26,9,34
20,7,42
22,1,18
15,9,59
51,15,2
31,10,29
58,23,12
42,20,36
48,14,6
38,15,28
47,16,15
13,6,50
6,2,60
18,5,42
13,1,38
27,0,3
27,10,38
27,3,13
27,11,41
19,2,26
30,6,15
31,13,41
21,11,50
38,5,1
20,5,35
48,17,14
57,17,0
39,13,18
38,13,21
29,12,40
16,5,46
30,14,44
48,17,16
22,5,31
41,21,39
40,7,5
56,19,1
52,18,10
26,11,41
31,20,59
49,16,11
31,5,10
26,10,38
24,2,13
17,9,53
21,3,28
4,0,58
12,4,49
51,23,29
49,17,12
30,19,59
31,12,34
3,1,59
45,21,33
48,16,13
16,7,48
30,7,24
25,16,59
19,5,36
58,19,0
25,14,53
38,14,28
49,12,0
53,16,1
43,21,36
38,18,36
19,0,24
35,21,51
13,8,54
54,18,8
42,21,38
50,16,10
53,16,4
37,18,39
44,13,12
5,0,57
1,0,59
35,15,34
36,9,12
10,7,54
45,11,7
56,18,1
9,4,59
18,10,52
40,18,37
32,14,38
35,23,57
18,11,61
43,9,1
34,10,22
21,10,49
32,3,6
63,22,1
42,15,24
38,13,24
37,5,2
25,4,23
34,20,54
60,21,2
13,1,35
15,6,48
51,21,22
25,17,62
40,10,8
19,10,52
34,8,16
45,21,35
12,6,60
14,2,41
54,16,0
48,19,20
28,8,29
31,6,13
62,21,2
24,13,51
43,19,32
5,0,56
31,21,60
25,1,13
2,2,62
61,22,4
43,19,33
34,10,24
33,5,5
44,21,36
32,6,13
29,16,51
51,18,15
56,21,15
61,21,3
16,9,55
21,6,36
51,14,3
21,2,27
41,23,49
24,2,20
36,3,0
16,0,28
9,4,60
4,1,60
44,9,1
51,15,5
28,3,9
13,7,54
22,9,42
18,5,40
21,1,18
19,6,39
8,0,43
25,5,27
12,3,46
14,6,52
59,23,12
23,12,53
21,3,29
22,3,26
44,13,11
19,16,58
37,20,47
19,7,41
25,15,57
29,15,49
15,3,43
55,21,15
37,15,30
17,11,56
40,19,37
14,4,45
40,15,28
36,19,46
32,20,58
50,20,23
57,19,2
35,7,8
8,3,49
19,12,63
42,17,30
30,13,41
6,1,55
35,20,48
36,13,25
40,19,38
36,11,20
43,17,26
18,4,38
48,21,29
32,9,26
24,1,17
25,4,19
41,17,30
57,19,3
44,16,17
15,3,41
38,11,17
28,4,13
36,17,41
52,17,9
28,1,6
21,3,27
9,2,47
10,7,55
30,4,9
43,9,4
11,2,47
28,10,33
48,18,17
35,13,31
42,15,23
25,15,56
58,18,1
35,21,54
41,16,29
33,14,36
25,13,49
61,21,1
24,11,45
32,14,41
40,20,42
15,5,47
43,11,8
9,6,56
46,11,4
31,8,20
20,3,29
59,22,8
20,13,60
40,14,20
46,18,20
46,18,21
32,4,6
37,18,40
29,11,36
42,8,3
29,9,29
17,0,24
24,16,57
53,20,16
35,23,56
17,1,27
21,2,23
52,23,27
29,1,4
33,19,49
56,21,12
50,13,1
54,19,8
63,23,8
39,18,38
9,5,62
20,7,45
18,0,21
37,23,51
43,16,19
11,4,50
41,15,26
30,14,43
50,21,24
19,14,60
8,1,48
28,2,9
31,10,26
27,9,35
32,10,27
14,8,53
26,1,7
29,5,19
34,19,50
3,3,63
16,7,51
23,16,59
26,4,21
22,14,59
24,17,61
14,6,50
29,20,61
42,22,42
26,9,35
42,16,24
36,14,32
32,3,2
7,1,46
58,23,15
46,23,38
22,0,15
51,14,4
23,4,26
19,11,56
34,14,32
9,3,48
37,18,38
14,5,50
4,4,63
18,4,36
38,22,48
14,10,57
31,2,1
32,10,29
24,15,57
18,15,59
8,2,52
30,11,33
36,18,45
25,10,41
14,4,44
31,9,27
33,10,24
28,5,17
11,5,63
46,19,25
28,3,12
36,16,38
22,13,53
45,20,29
49,22,29
42,21,40
34,14,35
47,15,11
25,11,46
40,12,18
22,1,17
47,20,29
34,9,22
37,15,29
11,7,56
31,6,18
32,19,54
26,5,25
22,16,59
16,11,57
51,20,17
21,0,16
26,1,11
19,7,43
52,16,9
36,5,3
30,20,59
15,5,49
33,21,54
14,0,31
47,13,8
50,16,8
19,14,63
40,20,38
54,21,18
29,3,9
11,4,49
30,12,38
7,1,49
7,2,52
38,17,36
34,11,26
56,21,11
28,16,51
37,20,46
2,0,61
42,21,37
51,16,7
17,6,45
12,6,61
12,5,52
22,15,62
18,9,53
22,0,14
28,6,19
13,8,60
32,18,48
11,5,53
21,9,43
36,4,3
42,14,19
20,6,40
30,9,27
43,15,16
37,17,36
47,13,5
17,10,63
28,15,50
55,17,4
39,16,32
62,22,6
25,4,21
40,17,33
13,7,53
46,11,2
44,19,31
14,9,62
16,10,56
19,14,62
39,17,34
12,7,60
28,4,16
41,23,45
21,8,43
24,13,53
44,23,41
25,3,14
44,20,31
33,13,31
47,22,33
42,10,5
15,2,39
28,7,23
36,11,18
49,21,28
2,0,57
26,6,25
29,2,5
40,23,47
32,3,5
39,20,41
37,8,10
40,17,29
36,23,54
28,10,34
7,0,47
3,1,52
40,7,3
30,20,57
26,4,14
1,0,60
3,1,60
43,20,36
13,8,58
10,6,54
34,23,60
48,23,34
14,6,51
18,8,51
21,0,14
5,0,55
26,9,37
25,2,15
37,13,26
54,19,11
53,15,2
20,6,41
14,8,63
29,0,1
28,7,27
22,11,52
37,7,7
34,3,2
13,1,37
36,14,26
9,4,52
17,7,46
49,19,17
34,23,62
35,6,9
32,16,47
35,17,43
40,22,48
5,4,63
21,9,46
31,16,48
56,20,1
35,12,25
51,16,9
34,23,59
39,18,35
42,23,43
11,1,42
59,18,0
25,9,37
48,15,10
21,3,30
21,1,21
34,22,57
41,19,33
59,23,13
30,2,5
30,10,33
16,1,32
29,14,45
30,19,56
47,18,21
55,20,14
40,22,43
45,19,26
33,11,25
42,13,17
40,16,28
37,7,9
57,23,16
35,19,48
54,20,16
43,11,10
12,1,38
39,8,6
41,22,42
21,6,35
11,6,54
44,15,19
25,17,63
40,13,18
13,1,36
20,5,38
27,9,34
14,5,46
23,15,60
54,20,14
30,20,62
17,8,49
34,14,37
33,9,20
7,3,56
16,10,58
44,16,20
35,11,26
35,15,35
52,17,7
38,6,4
16,8,54
62,22,1
52,22,24
52,17,11
42,12,10
22,11,51
17,6,43
58,21,9
23,10,45
12,8,56
26,13,50
13,1,40
3,0,53
20,8,43
33,3,4
30,0,0
31,14,40
15,10,56
15,9,58
11,5,60
35,21,53
43,13,11
3,2,62
48,12,2
20,2,27
30,17,51
48,11,0
51,14,0
19,7,44
28,9,32
26,7,31
40,10,12
5,1,53
56,20,12
27,17,54
5,1,57
38,23,54
36,12,23
45,20,32
47,13,6
45,16,19
33,20,53
42,17,28
9,3,50
31,7,16
14,9,61
2,1,52
27,16,53
11,2,44
24,2,16
31,13,40
35,10,20
49,22,30
37,6,3
14,2,36
4,2,59
2,1,58
27,6,27
32,8,19
13,4,48
11,1,43
18,14,60
42,15,20
26,7,33
22,15,63
30,1,4
37,14,26
35,9,16
54,17,4
44,13,10
17,9,54
40,17,32
15,1,34
21,2,22
23,16,58
18,11,58
34,22,58
3,0,51
11,1,45
4,1,59
28,13,45
35,17,42
30,10,32
18,7,43
25,4,25
61,23,2
16,2,33
35,16,36
36,4,0
33,11,30
55,21,17
31,7,22
42,9,7
62,23,4
6,1,50
7,5,63
45,19,28
56,18,6
11,0,40
36,15,32
21,9,45
35,19,46
46,23,35
1,2,63
19,6,40
40,23,50
8,2,51
5,3,62
27,9,36
63,23,6
46,15,12
13,7,60
40,18,33
24,5,26
30,8,25
12,8,57
24,2,15
58,20,8
50,21,25
9,3,49
56,17,3
46,13,9
42,8,4
28,8,30
59,19,2
40,13,16
7,0,48
4,0,59
30,4,10
58,20,5
19,1,26
12,6,52
55,17,2
59,21,8
23,9,43
30,23,62
30,11,34
29,12,39
29,9,27
32,22,62
31,11,30
35,11,21
51,21,21
16,10,61
22,4,28
53,23,23
37,8,8
41,22,44
40,22,49
33,13,36
26,4,19
13,0,32
47,17,15
25,0,8
41,19,36
60,20,0
27,3,14
29,7,24
37,12,22
45,13,8
48,19,21
48,22,28
29,15,50
11,3,49
29,7,25
36,23,57
37,13,24
33,2,1
42,10,8
58,19,5
59,19,1
61,21,2
7,3,62
25,17,58
24,15,58
38,20,44
23,14,56
31,10,24
38,4,0
57,20,1
36,23,56
51,18,13
16,2,38
35,13,30
41,11,13
19,0,21
22,14,56
26,17,57
47,14,10
50,14,4
16,11,58
28,8,28
26,8,34
41,14,21
45,16,17
32,20,55
25,15,55
36,6,5
31,3,5
34,21,56
28,14,47
63,22,3
57,21,11
31,15,42
21,4,33
7,1,52
19,11,53
29,12,37
32,11,28
40,12,17
45,18,24
32,8,22
32,5,10
13,7,58
16,4,44
29,19,57
30,20,58
53,20,15
25,10,43
40,10,9
39,18,39
37,22,53
5,0,52
44,23,38
11,0,39
42,18,31
60,22,6
30,12,36
44,10,6
14,7,53
16,0,30
14,8,62
2,1,60
30,12,40
23,2,19
44,23,42
35,10,22
35,20,50
36,22,54
23,14,58
25,1,8
28,14,49
7,2,55
9,0,41
38,9,13
45,22,34
24,14,53
6,0,51
25,7,34
38,20,46
42,19,34
27,9,33
34,17,46
21,7,40
41,21,42
44,16,18
58,22,10
49,18,15
50,17,12
45,19,27
18,6,46
37,11,16
20,14,62
17,2,32
35,15,38
39,23,50
55,20,11
8,2,58
34,14,34
21,10,51
15,5,43
20,13,62
51,16,10
36,21,49
18,3,36
37,22,54
33,8,20
52,20,18
32,14,39
17,3,38
44,17,24
54,23,23
35,12,28
62,22,2
55,17,1
27,13,43
6,2,57
33,18,51
34,18,49
15,0,33
27,10,40
35,9,13
27,1,5
33,17,44
8,3,52
32,22,59
22,4,31
47,23,35
17,11,57
33,22,59
6,0,49
59,23,14
26,6,26
38,21,45
28,8,26
29,5,18
53,16,2
37,9,11
18,13,58
37,11,21
8,2,49
11,6,52
52,14,1
38,7,7
29,17,54
16,4,40
13,7,62
37,12,23
58,19,4
23,6,31
29,13,40
27,16,56
17,1,32
50,22,25
35,3,0
25,4,20
34,8,15
51,13,0
32,13,36
34,21,54
24,1,11
32,4,7
23,16,62
34,22,59
20,5,33
2,1,63
46,17,16
8,3,58
46,19,23
52,20,16
16,5,45
27,2,9
47,15,12
36,18,44
55,19,8
5,1,60
24,13,50
10,6,60
51,16,8
36,22,55
44,16,21
24,7,33
35,8,11
46,22,36
15,0,32
41,12,13
27,15,51
11,0,41
62,23,6
32,20,56
40,15,23
16,5,40
6,2,55
49,20,22
50,15,10
8,0,47
21,1,23
21,14,57
46,16,16
21,15,60
45,11,5
24,18,61
42,14,18
47,21,31
41,21,40
62,23,5
38,13,23
42,16,27
37,6,6
30,20,63
23,7,35
53,16,6
15,7,52
21,11,53
61,22,5
36,8,12
35,7,9
25,11,42
21,13,58
42,22,44
24,16,63
23,3,24
36,14,28
38,16,33
27,8,30
27,8,33
33,22,58
20,10,50
37,16,36
20,1,25
26,3,17
45,23,36
11,6,53
17,10,60
21,5,32
25,3,15
35,21,52
45,15,14
15,3,40
20,9,47
22,12,52
38,21,46
5,0,48
52,21,20
40,7,4
46,12,7
24,16,58
24,14,51
28,20,60
31,17,50
15,2,35
54,19,9
40,21,44
35,20,51
62,21,1
38,20,47
9,4,63
22,13,56
38,23,51
42,9,6
20,13,57
40,13,17
55,21,14
29,18,58
46,16,14
47,21,30
19,1,22
51,16,6
16,7,47
46,23,39
4,0,52
26,5,24
34,11,24
22,16,61
39,12,15
9,5,61
46,11,1
10,4,58
41,18,34
16,1,31
37,22,51
30,14,41
49,14,7
30,15,48
49,16,12
35,12,29
39,22,49
22,12,55
46,15,11
54,17,3
42,12,11
37,21,49
27,1,8
38,8,8
17,9,63
37,12,20
51,23,26
42,15,22
37,8,9
54,23,20
33,5,9
45,12,9
47,11,1
8,0,44
26,15,55
47,18,23
37,10,13
51,18,12
35,13,32
33,18,47
25,10,44
44,18,25
37,7,5
20,15,61
25,14,49
12,7,53
23,12,52
55,16,2
20,7,41
33,3,3
58,19,2
11,5,61
27,11,38
25,9,39
26,11,43
26,8,35
30,4,11
33,23,63
19,5,40
14,8,55
6,0,50
23,5,29
53,18,10
27,16,55
22,10,49
51,18,14
12,4,48
41,14,22
8,2,48
10,0,40
42,9,3
14,0,32
18,8,49
7,1,47
57,21,10
26,10,41
56,20,10
27,12,41
19,7,42
24,6,33
16,6,46
53,18,12
22,0,12
42,12,14
20,12,62
38,7,5
36,7,9
15,10,58
42,14,20
54,20,13
2,0,51
36,22,56
27,18,61
50,16,11
18,7,46
25,5,28
31,9,25
18,8,47
39,20,40
19,12,61
18,11,59
50,14,1
33,14,38
37,19,43
25,0,10
47,21,27
39,16,33
39,21,45
31,13,36
5,1,51
52,23,24
29,17,55
28,12,39
17,10,55
31,20,57
40,9,7
10,1,46
29,10,33
29,19,56
19,12,57
47,16,16
27,4,16
17,6,47
23,2,22
48,23,33
37,15,33
54,16,2
34,16,41
27,15,52
17,8,51
39,13,22
43,10,8
39,9,8
18,11,62
24,1,13
20,11,52
34,17,44
22,1,14
37,12,25
39,6,1
43,20,32
15,1,36
33,21,57
45,13,10
36,10,18
21,0,13
20,15,60
29,0,4
50,23,27
63,23,7
45,22,36
61,21,5
15,8,54
28,2,10
9,5,55
30,10,29
48,19,19
45,23,40
58,23,13
7,2,59
16,1,34
31,5,14
27,8,28
23,8,37
15,9,56
45,10,4
38,10,15
32,2,0
32,10,25
41,9,8
55,23,19
39,6,2
31,2,2
57,21,8
23,4,27
37,10,18
27,18,63
54,21,17
23,6,34
58,19,3
23,3,21
40,14,23
28,1,7
27,14,49
29,5,13
46,14,12
23,9,44
37,23,55
40,19,35
36,15,31
13,4,46
36,19,44
32,12,35
28,1,4
50,20,20
25,8,34
42,23,42
47,12,5
39,9,7
36,8,9
26,4,18
18,12,61
18,10,53
31,14,41
34,10,20
20,10,52
22,4,27
29,8,25
17,10,57
51,15,3
51,22,24
38,13,25
21,3,25
43,11,9
12,6,59
10,4,61
30,9,25
25,3,21
50,14,5
27,1,6
14,0,30
29,20,59
58,22,8
35,4,4
25,17,61
11,5,51
19,12,58
44,21,34
47,14,9
47,19,22
22,0,11
21,13,62
13,5,49
7,4,63
23,0,13
29,11,39
22,0,13
16,0,31
44,16,19
16,7,52
28,5,20
38,17,37
31,17,51
27,1,7
17,9,62
37,16,37
33,1,0
2,2,52
49,18,14
19,14,59
8,3,56
34,12,31
43,14,15
14,11,56
48,13,4
19,3,31
32,5,11
27,15,50
49,13,1
24,11,49
30,22,61
55,18,6
8,1,49
32,17,49
48,16,15
12,2,44
28,0,4
22,15,60
35,18,45
23,1,12
23,8,38
18,0,26
30,16,47
30,3,6
37,10,15
25,3,20
41,11,11
42,15,17
36,14,29
19,3,34
54,18,6
35,10,17
17,10,56
28,0,1
50,14,2
52,21,17
25,7,28
56,20,8
26,16,57
31,6,15
23,13,52
15,6,49
26,18,61
31,12,35
28,9,30
28,14,48
19,3,32
18,3,33
30,11,31
58,22,14
35,22,52
2,1,51
35,13,26
56,23,20
15,5,45
11,6,63
17,5,44
10,5,57
42,21,39
52,18,12
17,0,28
29,19,61
19,5,37
27,18,60
41,16,27
51,14,1
26,14,53
33,5,10
32,16,46
32,15,41
50,14,3
43,16,20
25,7,35
38,6,3
56,21,10
22,5,34
43,23,41
25,13,51
39,11,15
23,12,50
35,7,13
32,8,18
48,20,25
12,1,41
29,16,52
26,4,17
39,17,33
25,2,17
32,6,14
19,15,60
14,1,35
11,2,43
38,7,4
41,8,3
37,23,52
17,11,62
40,12,15
50,22,24
10,6,55
36,11,23
26,16,54
20,12,61
27,0,5
20,11,55
48,22,29
39,17,31
22,5,32
18,6,41
56,19,8
29,7,23
62,22,3
22,13,54
17,0,29
24,0,10
12,7,56
10,0,37
26,12,43
36,20,46
25,11,43
27,13,47
35,20,49
33,17,48
28,19,60
24,10,46
34,17,43
19,11,63
37,6,5
42,14,16
33,16,44
34,5,7
45,10,0
50,18,13
35,7,12
12,7,57
29,9,28
25,5,25
45,12,7
21,5,33
24,8,37
46,22,34
29,1,5
35,7,10
7,2,60
11,6,58
22,3,22
28,18,55
5,0,54
16,4,43
58,23,17
43,19,30
16,10,60
37,10,16
9,4,62
21,0,15
30,5,16
26,11,45
16,1,33
44,23,40
44,16,23
32,2,3
27,14,47
31,16,45
6,1,56
25,10,39
25,6,26
59,21,3
49,16,13
8,3,51
42,16,21
33,3,1
15,4,41
39,12,19
5,0,50
32,16,43
23,0,10
18,12,58
28,2,7
17,3,33
34,8,18
29,11,33
59,23,11
22,14,57
55,23,18
55,18,7
7,2,56
14,0,35
43,21,37
59,20,1
33,11,27
4,0,57
22,10,45
29,16,50
25,0,7
35,9,19
42,23,46
15,9,61
17,11,60
13,3,44
15,0,31
49,23,33
27,6,25
32,17,47
50,17,14
35,4,1
13,8,61
18,5,41
19,10,51
8,3,57
50,23,31
59,23,10
32,13,37
19,0,19
32,9,21
12,6,54
55,18,3
25,11,45
23,11,46
46,23,36
36,6,4
38,16,31
34,17,42
54,15,0
57,19,5
54,17,8
47,11,2
40,7,1
41,21,41
24,4,22
18,9,51
32,15,43
51,15,7
35,4,3
46,21,31
23,4,28
36,15,36
29,5,15
27,18,62
11,5,62
32,18,50
24,9,38
19,6,42
25,7,33
45,18,27
60,22,9
54,23,22
34,16,42
38,15,29
11,3,47
35,11,24
39,11,16
31,17,49
39,21,44
15,1,32
25,14,54
36,17,39
34,7,10
35,9,15
43,18,31
40,21,45
45,21,32
45,16,21
38,15,31
49,23,31
36,10,15
39,10,13
54,16,1
10,4,53
51,22,25
22,5,29
30,8,24
50,21,22
31,18,51
31,21,62
18,6,44
41,15,22
31,2,5
22,3,24
26,10,42
12,8,55
48,22,32
38,17,34
21,1,19
22,7,39
31,16,49
41,16,26
43,15,17
28,18,59
23,14,54
17,2,34
40,18,34
33,10,22
26,2,15
37,15,32
55,16,1
8,0,42
19,5,41
34,4,5
32,8,17
11,0,38
26,10,39
49,17,14
10,0,43
17,2,30
12,3,45
41,22,43
14,10,61
37,18,41
8,3,61
26,18,63
11,4,51
24,5,25
5,2,59
25,16,63
45,16,16
11,0,36
31,21,59
16,6,47
32,15,44
56,20,11
52,22,25
42,11,10
54,22,17
53,17,7
37,16,32
16,10,59
24,10,41
37,4,1
9,0,43
54,21,14
11,7,57
27,7,24
14,9,60
27,6,26
18,5,43
15,7,48
33,20,55
50,20,18
36,17,38
38,15,27
27,3,16
30,20,61
47,21,32
3,1,58
48,13,3
9,4,51
41,16,28
22,5,27
43,18,27
19,15,58
22,0,16
56,17,2
15,5,44
2,0,58
6,1,54
27,6,24
33,3,2
5,2,62
26,3,18
25,6,31
39,21,46
21,14,60
51,22,26
34,20,52
27,7,27
46,13,7
30,3,7
54,17,2
35,14,34
32,20,57
46,12,8
44,12,9
35,4,2
18,2,31
29,21,60
20,9,51
19,12,59
26,7,27
15,8,52
44,17,21
45,14,12
25,11,44
28,19,61
9,1,48
60,19,0
29,2,6
27,5,19
20,1,22
24,1,14
21,14,59
34,5,6
39,22,50
36,11,24
12,3,47
11,5,52
42,20,39
15,3,38
49,18,16
11,7,58
57,20,8
48,21,28
26,17,63
27,5,23
30,7,20
43,14,14
46,14,10
19,10,53
20,8,48
34,15,38
37,17,40
38,14,26
15,5,46
24,15,55
47,20,28
38,22,51
47,12,4
23,3,23
55,23,22
19,6,43
46,17,21
7,0,44
49,20,23
27,8,31
25,2,14
39,17,32
10,1,44
16,2,34
33,6,13
25,12,49
34,12,29
58,19,1
40,20,39
41,18,32
49,17,13
20,1,23
43,21,39
36,9,16
43,16,25
9,0,45
47,19,23
13,5,50
31,3,8
37,18,43
23,2,20
31,22,61
48,21,26
36,12,21
19,9,52
28,19,59
12,0,35
22,11,48
35,18,43
31,10,31
62,20,0
18,14,58
29,9,30
36,19,45
9,3,58
19,8,47
39,8,8
60,21,4
29,15,48
24,5,29
55,19,11
52,16,4
48,13,7
17,5,43
51,20,18
30,16,50
31,3,6
61,23,8
5,3,63
15,5,48
11,6,60
47,11,0
38,13,22
61,22,0
26,3,12
34,4,6
52,14,0
30,21,63
13,5,48
28,8,31
42,19,31
24,11,44
43,14,18
49,21,27
56,19,5
18,9,52
40,14,25
20,10,49
21,8,44
38,16,29
13,2,37
29,11,37
55,20,9
31,6,12
25,11,47
18,3,34
42,11,11
18,0,23
55,17,3
33,13,35
44,19,28
52,22,21
29,0,3
28,15,48
24,6,34
45,14,11
42,11,8
36,19,48
33,21,58
51,19,15
43,14,13
27,4,13
10,3,48
19,13,61
38,11,14
34,21,57
36,15,33
28,9,33
21,11,54
21,11,52
33,6,9
54,18,7
18,6,45
31,6,14
37,17,38
37,14,31
60,22,7
53,19,11
29,14,47
18,9,54
22,7,38
39,22,47
15,8,60
32,15,45
6,0,47
32,7,19
57,22,12
32,7,15
44,14,13
57,23,14
47,17,16
39,12,18
37,15,34
15,6,50
38,14,27
39,13,19
12,0,33
39,18,37
29,8,27
25,18,63
56,21,13
33,5,8
9,0,42
0,0,62
45,21,34
40,16,26
40,6,2
7,1,57
29,4,10
34,13,34
18,7,48
25,14,51
35,11,25
16,2,37
23,15,59
32,9,25
53,18,11
46,10,1
8,4,61
42,13,15
15,8,55
33,20,52
20,15,59
38,12,20
35,19,47
27,4,15
25,1,11
29,20,60
29,6,19
48,19,24
17,11,59
3,0,60
32,12,34
35,17,41
23,0,12
48,23,30
17,5,40
53,20,13
39,6,3
42,16,20
25,18,59
23,3,19
50,21,26
49,15,8
23,9,40
15,10,61
46,21,32
59,20,4
58,21,7
44,10,3
44,16,22
12,7,55
26,9,38
35,12,26
63,23,4
19,8,46
19,1,28
58,23,14
3,0,57
41,17,26
7,3,55
28,4,15
32,7,13
29,18,55
12,3,44
47,16,14
63,23,3
14,2,40
26,17,60
47,12,3
36,12,25
35,5,5
55,18,4
24,10,44
33,14,39
29,1,3
32,20,54
50,20,21
34,6,10
29,12,41
18,4,35
12,2,43
21,7,43
29,2,7
17,4,37
25,13,48
59,20,3
23,13,53
52,16,3
56,19,7
46,23,37
14,5,47
28,5,16
8,2,59
18,6,42
55,18,1
31,1,2
46,21,33
41,7,2
18,11,63
33,21,55
32,2,2
17,2,31
28,16,54
27,13,45
29,13,44
14,3,39
25,1,10
35,18,47
41,17,31
18,12,59
31,16,47
24,0,9
52,19,15
11,0,37
17,4,40
57,19,4
22,4,29
56,23,17
36,18,41
48,14,7
14,2,38
10,4,62
57,22,15
22,10,47
15,0,28
35,23,60
44,18,26
40,13,21
22,4,30
17,3,32
44,20,34
57,23,18
51,23,27
22,8,41
43,13,13
10,3,50
24,5,28
12,2,42
32,21,60
57,20,7
24,8,36
62,22,5
12,4,51
14,1,37
28,17,56
42,13,12
48,22,30
35,18,42
53,23,22
31,15,44
13,6,53
40,11,10
26,18,60
37,20,44
23,10,47
46,15,13
35,20,53
29,11,34
47,23,36
21,0,20
37,13,23
47,16,12
53,22,22
38,9,8
5,1,59
54,20,12
36,5,5
29,18,57
22,1,20
36,13,27
42,9,4
26,17,59
27,17,59
34,5,9
47,21,29
11,6,56
42,21,41
19,12,60
10,5,52
47,19,25
23,0,11
45,22,38
31,18,53
34,9,16
37,9,14
53,22,21
27,7,30
21,12,52
9,1,44
13,0,35
28,12,40
44,11,6
54,20,15
33,2,0
43,15,19
50,22,28
28,17,57
19,2,30
50,19,17
54,18,5
25,12,48
34,18,47
22,12,53
30,13,40
14,0,33
41,16,25
38,16,30
31,4,8
62,23,7
30,21,62
22,6,36
39,14,22
22,3,25
38,8,9
45,22,35
26,5,22
36,21,53
44,20,33
40,9,6
24,3,19
26,12,47
35,11,23
34,19,47
53,20,14
33,8,19
22,6,34
30,5,12
2,0,59
26,0,5
28,15,51
29,15,47
36,8,13
39,19,39
33,17,45
44,11,7
42,18,30
28,14,46
54,21,16
21,8,42
39,22,46
34,15,40
16,3,38
46,15,10
49,22,27
43,20,34
10,6,57
20,9,48
54,16,4
46,13,8
50,13,0
30,6,19
20,9,45
59,21,9
29,13,41
12,5,51
28,10,35
48,23,31
44,22,40
26,14,50
36,7,6
21,2,25
36,12,22
32,23,63
37,8,12
34,8,14
26,14,51
32,17,50
37,19,45
28,4,18
23,15,63
49,13,2
38,23,50
32,3,4
31,11,31
27,12,42
19,14,58
47,18,19
24,5,30
8,3,55
40,14,21
28,11,40
28,9,31
30,9,26
22,6,37
23,11,47
20,8,46
44,11,8
25,8,35
14,2,39
56,19,6
14,7,52
46,20,26
13,2,41
44,17,23
45,19,25
10,0,41
50,15,7
23,1,19
15,1,31
30,12,35
26,7,29
23,11,50
28,13,46
18,16,59
39,10,10
49,21,25
6,2,59
17,5,42
31,7,15
28,17,53
38,5,3
39,21,48
39,8,5
34,23,63
57,20,6
41,13,17
4,0,55
10,6,56
20,13,58
26,1,9
22,3,23
40,7,0
7,0,46
48,18,20
46,17,17
29,10,34
32,18,52
42,22,40
15,8,62
48,15,9
39,14,27
33,8,17
11,6,57
43,20,33
37,4,0
13,8,55
18,1,26
47,13,7
55,19,10
15,4,44
40,8,6
18,7,44
34,15,37
10,2,49
15,2,37
46,20,30
21,14,58
59,20,2
25,0,9
26,13,49
29,11,38
29,8,26
14,9,59
31,22,62
24,12,47
17,8,50
22,8,39
5,1,55
29,17,51
41,15,21
22,8,43
42,18,32
33,10,27
32,17,46
31,9,24
8,4,62
9,4,58
53,19,10
9,3,61
26,11,44
8,4,54
11,6,61
29,7,22
57,18,3
57,22,16
42,15,19
39,12,21
34,12,26
40,19,39
25,15,54
7,0,45
53,22,23
41,14,18
47,14,8
32,5,8
14,7,63
3,1,61
21,11,51
31,7,18
12,2,45
41,15,23
44,8,0
31,6,17
32,7,14
17,7,50
32,21,57
22,15,57
13,0,34
31,13,34
9,2,50
10,0,38
7,2,49
30,2,7
24,4,24
26,15,52
24,2,19
26,10,36
27,18,56
23,13,56
8,3,50
58,21,10
5,4,62
27,6,23
15,9,55
33,11,26
41,10,9
50,15,6
43,17,28
24,16,61
30,18,54
46,17,18
38,23,52
35,20,52
28,15,49
16,2,35
46,20,28
20,11,54
45,17,21
39,7,5
13,3,45
10,1,42
28,4,14
25,14,52
24,7,34
32,22,60
31,20,56
52,18,8
41,19,34
14,7,61
16,1,29
24,7,37
8,5,63
49,12,2
41,21,43
45,14,13
5,1,54
30,1,1
27,11,42
50,19,16
37,10,17
38,22,52
31,9,23
61,22,2
25,16,57
25,7,30
28,8,27
40,17,34
18,5,38
18,10,55
18,4,40
35,3,1
28,4,17
17,4,42
46,10,2
16,3,41
16,5,44
34,5,4
33,22,63
16,0,27
50,21,21
22,1,21
26,11,42
48,20,23
2,1,62
35,10,16
34,10,21
32,9,24
52,21,18
23,15,57
14,8,59
26,14,52
13,1,39
46,14,9
7,2,54
16,6,48
13,7,63
33,4,4
32,8,23
37,19,46
23,16,61
24,13,54
30,10,34
27,12,46
14,1,33
60,23,13
23,11,49
43,10,4
54,22,18
15,12,61
60,20,3
26,12,46
24,16,60
28,1,5
57,23,17
38,16,34
19,4,37
12,6,53
49,20,20
34,19,51
50,23,28
50,18,14
34,12,28
49,13,4
9,4,55
39,7,3
32,10,28
33,18,50
17,4,39
30,8,23
37,14,28
31,19,57
43,17,27
26,6,29
5,2,60
39,14,26
34,10,25
25,5,23
32,1,1
20,4,33
38,12,22
50,20,19
16,4,39
26,8,31
30,15,45
32,21,61
35,16,38
37,7,8
18,7,45
9,6,54
56,21,14
17,0,26
29,3,8
29,9,32
40,14,24
29,20,62
33,10,23
14,6,48
32,12,33
15,9,63
22,3,27
20,4,35
47,15,13
27,7,29
29,5,16
18,1,27
48,12,3
41,20,40
26,5,26
46,19,28
17,1,29
43,9,5
19,9,49
23,1,15
19,1,23
53,17,8
55,22,15
8,3,59
26,4,22
39,11,12
43,18,26
57,19,7
23,7,36
40,19,40
16,9,62
43,15,20
31,14,43
41,17,29
18,10,54
30,4,12
39,23,52
29,15,46
10,6,53
34,4,3
32,6,12
9,5,60
31,13,37
15,8,63
34,15,36
18,13,60
52,22,20
5,3,61
7,2,53
44,22,37
46,19,24
23,5,30
45,20,30
26,0,6
11,6,59
54,17,5
26,5,20
26,9,36
19,16,61
46,18,19
21,0,19
21,3,26
38,9,11
24,8,40
38,12,18
49,23,29
38,13,26
47,21,28
31,4,9
46,12,5
54,23,21
45,10,1
39,9,10
32,11,30
15,7,50
30,18,56
21,7,38
42,20,37
30,18,53
36,22,53
9,3,52
48,16,11
54,19,10
42,17,26
35,6,7
61,23,7
33,6,12
12,3,49
52,17,8
56,17,1
24,8,35
18,8,48
16,5,41
22,5,30
24,11,46
42,7,0
28,18,57
6,1,58
27,17,58
22,7,36
2,2,63
47,17,17
24,6,32
47,22,30
30,15,43
31,12,37
18,2,28
55,18,8
32,12,30
26,5,21
41,6,0
30,7,22
13,4,49
23,8,39
21,1,20
45,15,13
37,23,56
61,22,8
36,20,47
45,19,30
21,7,39
12,7,54
48,13,5
23,2,17
31,17,48
28,18,60
53,23,21
29,0,0
30,13,39
37,17,39
38,20,42
17,10,54
41,11,10
15,10,62
47,19,26
18,0,22
36,9,13
21,2,26
28,18,58
18,17,59
27,14,46
34,3,3
44,20,30
22,8,40
18,8,50
25,18,60
42,13,16
48,22,33
29,16,49
30,12,34
28,3,10
59,23,15
37,22,50
43,16,23
0,1,63
47,20,26
56,18,5
11,5,59
23,7,37
55,17,5
40,16,30
44,15,18
56,20,7
49,21,23
18,5,39
39,13,21
21,13,61
38,11,18
44,17,25
36,20,49
31,19,52
47,11,4
22,9,46
6,2,61
36,19,47
30,10,30
40,6,0
18,10,62
61,23,9
21,8,45
16,5,43
39,16,31
40,21,46
17,8,52
31,16,46
45,10,3
28,19,58
56,23,16
28,7,26
56,23,19
29,8,28
43,22,38
29,14,46
54,17,7
35,5,3
46,11,0
24,11,48
43,9,3
24,10,45
47,19,24
46,20,31
24,0,12
35,18,46
29,17,52
33,5,6
25,9,40
35,6,10
28,17,55
51,14,5
36,22,51
34,4,2
52,20,17
61,23,1
35,5,6
26,5,23
21,5,35
42,15,18
26,17,58
37,21,48
34,14,36
23,6,32
54,18,9
38,11,16
37,23,53
30,13,43
35,16,39
4,0,56
30,16,51
10,6,58
31,13,39
27,10,37
33,19,50
18,10,56
26,14,49
20,5,36
28,0,5
60,21,5
42,22,43
39,9,11
14,0,34
6,1,59
36,16,34
49,14,4
48,17,13
52,21,19
18,12,60
43,17,24
19,2,31
51,23,25
9,4,56
37,13,27
45,11,4
12,1,39
49,19,20
59,22,10
60,20,1
57,20,9
23,1,18
36,10,19
19,11,54
35,5,4
33,18,48
50,19,19
40,8,4
21,12,56
39,12,17
13,8,57
18,15,60
61,23,0
24,3,22
48,23,35
31,7,19
15,4,45
41,23,46
13,3,42
22,3,28
29,4,13
30,3,8
30,19,55
26,8,32
41,15,25
45,13,9
10,3,51
61,22,3
27,5,20
28,20,63
33,19,53
32,18,51
50,18,15
40,22,45
60,23,12
21,10,47
30,9,29
37,23,54
13,0,37
18,0,25
26,3,19
54,19,13
16,3,36
15,10,60
0,0,59
33,22,60
25,2,11
34,19,48
32,6,15
62,22,7
39,10,12
28,5,19
12,1,42
57,21,12
17,11,58
30,22,62
8,3,53
21,4,30
49,16,10
25,16,56
45,9,1
48,18,19
52,17,10
12,7,61
34,19,49
40,18,32
31,10,30
38,21,49
47,23,37
42,14,15
31,5,12
35,13,28
26,6,27
43,21,38
33,8,16
54,23,19
38,18,38
41,19,37
43,20,35
9,3,51
43,12,9
24,14,54
30,21,61
40,8,3
24,11,47
16,9,61
43,23,42
30,1,3
30,7,19
42,7,1
10,6,63
33,12,29
41,9,7
36,6,8
30,16,46
16,5,47
20,11,53
27,16,54
48,21,25
30,1,0
41,22,46
20,3,28
25,4,24
38,8,6
25,4,22
15,7,51
15,7,53
16,8,53
17,3,35
21,6,37
20,11,56
32,19,51
60,22,10
31,15,43
34,17,41
40,14,22
30,19,57
45,18,23
28,5,21
9,2,49
20,9,49
18,1,28
16,2,36
33,4,8
31,10,28
36,8,10
14,8,56
34,9,20
29,10,35
36,6,7
38,9,12
25,7,32
50,15,5
28,11,37
23,3,22
22,2,20
24,5,31
33,9,21
48,13,8
40,16,25
30,21,59
46,22,32
43,9,2
22,10,44
0,0,61
23,10,43
27,0,4
20,0,18
32,13,35
60,20,4
38,17,35
33,16,42
21,6,39
45,13,12
22,15,58
53,15,3
34,18,48
14,3,43
41,13,19
42,20,34
9,4,57
43,18,28
2,0,53
26,8,30
30,8,22
40,11,12
42,10,7
37,6,4
23,6,35
30,13,37
31,0,0
21,12,54
12,2,39
31,15,47
31,11,32
33,15,41
32,2,1
44,19,29
24,12,51
33,20,56
35,22,54
45,10,2
14,8,61
11,2,46
15,0,30
46,16,15
39,5,0
41,20,36
28,6,20
39,20,42
44,9,0
50,16,12
39,19,38
32,19,52
41,7,1
37,19,44
61,22,1
20,2,28
14,3,44
50,19,18
46,18,23
36,23,58
17,9,55
39,20,45
12,0,38
36,13,29
25,7,31
24,2,14
40,7,2
41,13,15
24,18,62
13,2,38
35,17,44
23,5,28
22,11,49
36,12,26
16,7,50
39,19,40
32,23,62
35,8,14
45,9,0
23,5,27
35,10,18
13,6,52
25,14,50
38,15,26
34,7,12
13,2,42
52,19,14
32,3,3
41,12,14
30,16,48
17,1,30
49,19,21
47,14,11
53,19,14
51,22,22
17,7,49
60,20,2
24,13,52
44,22,36
45,16,20
29,4,11
49,21,20
28,20,61
27,3,17
33,14,35
27,14,51
31,12,32
43,22,42
31,14,42
51,19,14
53,16,5
39,18,34
31,21,63
27,0,2
26,6,24
12,1,43
26,8,33
21,4,29
56,20,9
36,23,55
12,6,63
48,15,11
29,6,20
21,13,63
17,1,31
46,19,27
34,2,0
31,4,6
15,4,42
24,8,38
53,19,13
15,4,40
58,20,6
37,18,42
27,1,9
53,17,6
45,17,22
36,21,50
51,20,20
16,9,56
40,23,51
45,14,14
31,13,38
26,4,20
36,13,30
38,20,45
23,8,41
28,3,13
8,4,57
26,16,56
28,12,41
28,9,34
40,13,20
17,7,47
11,7,60
46,22,30
19,13,58
14,11,62
25,15,53
20,5,37
2,0,60
27,17,57
47,20,24
30,10,28
48,19,18
25,3,18
21,5,34
43,8,0
43,23,45
37,12,24
39,8,7
45,12,8
44,19,27
41,9,5
26,12,45
56,22,14
25,3,19
13,3,43
22,6,35
45,13,11
52,16,5
32,6,11
26,1,8
21,13,59
18,4,39
35,22,56
7,1,48
31,2,3
14,11,61
52,18,9
31,19,53
23,3,25
42,23,45
21,16,60
36,4,1
28,6,24
45,11,3
50,14,6
29,12,42
29,18,56
10,1,45
30,2,4
55,19,7
35,15,36
6,1,57
17,3,37
20,10,51
57,23,15
31,8,22
35,22,57
12,5,50
23,1,14
26,15,53
27,8,34
35,9,14
52,19,13
18,14,59
34,17,45
35,6,8
44,11,5
61,21,0
41,10,10
36,18,40
30,3,9
29,14,44
3,2,63
32,5,6
50,16,9
42,13,13
6,4,63
32,4,5
9,0,40
52,21,21
15,3,39
33,8,18
17,4,41
12,0,39
22,8,44
31,20,58
0,1,62
49,20,24
26,7,30
63,23,5
10,0,42
42,18,29
44,14,14
31,19,55
52,22,22
49,20,25
12,4,50
11,1,41
55,21,16
58,22,11
14,5,48
43,15,22
50,15,9
18,3,32
43,18,30
24,3,20
12,6,62
44,12,8
29,20,63
10,5,51
22,11,47
34,11,25
38,17,38
28,18,54
53,17,10
35,14,31
36,9,14
44,22,39
39,14,24
31,9,26
28,6,21
56,17,0
24,9,39
43,14,17
19,0,23
20,12,53
33,11,28
14,7,62
41,7,3
21,0,18
19,5,39
26,10,40
24,7,36
46,18,24
36,5,2
35,16,37
17,10,61
48,14,10
30,4,13
22,10,48
31,22,60
19,4,36
40,17,31
51,20,16
52,19,12
54,17,6
18,0,24
37,14,27
14,10,56
50,21,23
26,3,14
30,21,60
15,9,60
45,20,28
33,15,39
37,11,18
24,14,56
14,1,36
21,7,42
59,21,7
8,2,50
24,5,23
27,10,39
55,23,21
17,4,38
44,20,32
35,14,33
40,19,34
5,2,61
26,3,16
29,5,14
36,16,36
51,19,16
6,0,48
45,23,37
16,9,54
34,10,23
25,12,46
43,22,40
9,5,57
35,16,40
40,8,5
51,23,28
25,12,45
16,2,32
26,1,10
30,6,17
35,10,21
30,17,53
35,22,55
29,0,2
19,9,48
46,15,15
58,18,2
12,1,37
39,10,9
10,4,59
36,18,42
14,8,58
55,20,10
50,15,8
23,0,14
48,20,26
34,7,13
37,5,3
25,18,62
37,15,31
23,0,9
8,4,63
8,0,46
57,22,13
33,23,61
18,3,35
28,11,36
60,21,6
38,11,20
52,15,4
35,8,12
31,23,61
43,19,29
37,9,12
47,22,34
29,3,10
53,20,17
42,11,9
49,20,21
27,8,29
39,15,29
29,6,18
9,3,59
41,7,0
34,12,30
49,13,3
30,12,39
30,6,20
26,13,48
28,0,3
55,22,16
34,9,17
36,20,48
3,1,51
31,8,23
7,1,50
39,15,28
27,19,62
34,8,13
11,7,54
30,2,3
19,0,22
56,22,17
22,13,57
38,19,43
9,4,53
38,12,23
31,7,20
25,17,60
43,19,31
62,22,4
33,18,49
60,22,1
28,5,18
40,12,16
53,15,1
33,7,15
35,19,49
25,8,37
23,13,50
48,15,12
42,14,17
39,7,6
26,19,63
37,5,0
7,1,53
38,12,17
22,9,44
24,6,31
24,5,27
57,22,14
32,10,24
48,17,17
0,0,60
19,1,25
21,15,61
22,8,42
57,18,0
31,21,58
39,17,35
16,3,40
5,1,52
24,3,23
20,7,40
17,1,28
32,15,42
17,5,41
9,3,60
43,16,24
53,23,25
24,6,30
42,9,5
44,10,5
24,9,43
20,7,43
39,16,30
22,7,41
29,4,15
26,18,58
32,8,16
9,2,46
50,20,17
28,19,62
32,15,40
5,0,49
23,2,21
37,19,41
34,21,53
57,20,10
52,14,2
34,5,8
26,2,10
36,14,30
52,19,16
16,0,29
14,10,62
45,18,22
32,21,56
63,22,0
34,3,1
24,12,50
20,7,44
20,1,21
13,0,33
28,10,37
22,14,63
28,13,42
43,21,34
52,15,5
20,0,17
18,17,58
25,18,61
6,4,62
18,15,58
24,4,25
7,3,54
37,22,52
36,10,20
25,10,40
32,14,37
4,0,51
46,11,6
30,14,45
19,10,55
56,18,4
26,0,8
28,2,8
21,12,53
36,9,17
60,19,1
52,16,8
20,3,27
19,2,27
43,22,39
44,17,22
19,4,35
28,6,23
35,15,37
44,15,16
45,17,20
25,10,42
51,20,19
9,4,61
33,17,46
35,16,41
32,14,40
36,6,6
61,20,0
39,21,47
27,0,6
51,17,13
30,9,30
22,10,46
46,22,33
21,12,55
30,16,49
23,11,48
41,18,31
38,8,10
57,19,1
53,17,5
8,4,56
33,15,40
36,7,10
40,23,49
20,1,24
40,21,41
6,3,63
44,18,29
33,16,41
35,10,23
43,13,12
31,7,21
10,4,50
21,4,31
27,18,58
13,7,59
24,5,24
59,21,6
33,9,23
58,20,7
20,2,24
35,10,19
19,11,62
30,10,31
17,10,59
41,14,20
41,18,30
43,22,41
29,10,31
47,13,9
22,0,17
6,1,49
48,18,16
8,1,45
41,20,37
56,22,15
29,10,30
26,16,55
25,6,28
34,22,55
42,15,21
34,11,28
31,12,36
49,19,18
51,15,8
25,5,24
41,12,11
26,12,48
25,17,59
13,7,61
31,4,10
14,3,42
34,18,46
49,21,22
18,2,33
53,22,18
24,10,43
9,4,54
38,11,15
37,16,34
24,7,32
38,18,41
31,10,27
24,4,26
19,1,27
16,6,49
23,9,42
9,1,45
44,9,2
35,23,58
12,0,37
36,10,16
45,16,15
46,22,35
20,12,63
35,12,27
60,22,8
27,3,15
48,20,24
20,5,39
47,17,18
50,22,27
27,4,17
43,13,15
14,4,48
24,14,55
31,1,0
55,22,19
29,6,21
7,4,62
12,0,34
10,4,51
29,10,32
44,13,9
12,4,47
29,17,53
60,21,3
14,2,37
57,18,2
15,1,33
33,12,30
55,23,20
19,14,61
31,5,11
20,3,31
50,20,22
9,5,54
23,16,60
42,12,13
46,12,4
24,2,17
44,17,26
11,7,55
31,11,34
38,18,37
22,16,60
20,13,59
37,14,29
34,6,8
11,3,46
43,23,44
19,7,46
34,9,19
50,22,26
7,2,57
42,16,26
49,15,9
26,2,14
38,20,43
59,20,5
18,8,46
31,18,54
37,22,49
27,5,18
16,9,53
27,16,52
24,17,63
19,8,45
36,16,35
20,10,53
47,20,25
44,21,35
25,7,29
26,2,12
39,23,49
45,23,38
53,16,3
29,14,43
14,8,54
55,20,13
41,17,28
41,10,8
42,20,38
57,21,13
17,10,62
38,22,50
47,23,34
29,2,9
20,6,37
10,5,58
60,21,7
54,19,12
10,0,39
24,4,23
22,2,22
23,7,34
34,14,33
29,9,31
29,18,54
45,17,24
21,14,62
37,8,11
53,21,18
25,8,33
26,19,60
8,2,47
31,8,25
9,3,53
29,1,1
27,3,12
45,21,30
20,6,42
4,2,61
31,11,33
38,15,30
7,3,60
14,11,57
56,18,2
51,19,17
40,11,13
26,18,59
10,4,60
43,12,12
57,21,9
47,18,17
23,16,57
40,23,46
10,1,43
16,10,57
29,16,53
25,1,12
32,5,12
28,6,25
19,8,49
21,14,63
50,23,29
33,23,62
34,12,27
51,17,11
37,20,45
50,13,4
46,20,29
39,6,0
32,9,23
32,8,20
47,11,3
20,3,26
4,2,60
25,6,29
7,3,57
49,17,15
36,11,22
6,2,54
32,7,18
29,19,59
27,19,60
20,13,61
28,15,52
21,9,48
20,0,22
32,10,26
15,10,59
25,9,41
61,23,11
59,22,11
33,17,47
3,2,52
31,3,7
51,17,10
30,15,46
33,5,7
41,14,17
9,5,56
39,13,24
52,21,22
44,14,16
22,9,45
39,7,4
39,20,43
17,6,46
27,18,59
23,13,55
34,4,4
49,15,7
13,5,47
20,12,58
41,23,48
43,23,43
44,15,14
46,18,25
21,2,21
25,3,17
57,19,6
26,19,61
51,17,12
18,13,59
10,5,62
27,19,63
16,3,39
45,18,25
20,12,54
55,22,18
33,12,32
37,17,35
48,22,31
21,9,44
5,0,51
20,14,58
45,15,17
19,7,47
45,23,41
36,14,27
46,15,14
19,1,24
27,14,50
14,9,55
37,11,20
41,23,47
24,9,40
14,9,57
33,7,13
18,7,47
41,18,33
40,10,10
39,19,37
17,2,33
34,22,56
19,9,51
33,12,33
33,8,15
53,22,20
29,6,22
43,15,21
45,17,23
26,2,11
28,0,2
9,5,53
35,11,22
22,9,43
13,0,36
11,1,44
34,13,31
23,1,16
20,13,63
41,9,6
37,21,50
29,12,38
3,0,58
32,11,29
