7,13,28
9,18,39
12,12,27
5,14,28
12,13,25
13,13,17
8,10,15
16,12,5
6,10,16
18,11,1
11,15,37
38,19,2
22,20,14
11,12,22
25,23,43
20,18,14
7,12,23
19,23,20
19,23,19
1,9,15
29,18,8
15,16,39
14,14,22
18,16,11
3,9,13
15,17,41
43,18,0
11,6,0
16,10,2
19,20,43
10,9,6
31,18,5
36,17,1
17,15,12
9,14,31
21,21,44
23,22,38
16,17,37
59,22,5
18,15,10
38,22,8
55,20,1
12,18,41
17,10,2
38,17,0
27,21,11
15,20,45
22,19,14
12,9,4
14,20,41
56,22,3
5,16,30
18,13,6
21,20,16
3,7,11
12,12,12
8,10,18
54,23,6
1,7,12
8,23,45
33,17,2
34,21,7
3,9,19
0,15,26
11,9,4
22,21,26
1,10,19
14,10,4
13,10,4
16,18,33
39,18,1
3,11,19
9,10,9
10,14,27
13,17,41
8,13,29
63,18,0
8,18,39
20,22,44
2,12,24
16,20,44
13,19,38
15,17,28
9,15,32
12,13,21
14,14,14
9,6,1
48,23,2
2,16,31
37,18,2
16,16,24
29,19,8
0,7,7
5,13,26
34,23,11
1,7,11
39,19,2
46,22,2
23,13,1
8,9,18
15,23,47
18,18,42
49,20,0
11,12,24
40,22,7
15,15,21
9,6,0
24,22,15
7,21,41
0,6,7
24,23,39
2,5,1
41,22,5
20,20,16
20,18,15
8,15,28
10,12,24
56,21,3
17,17,23
16,14,8
7,9,14
41,18,1
16,21,49
17,17,15
10,19,42
12,14,28
29,23,15
13,14,20
20,22,43
20,21,49
17,22,51
28,21,13
11,8,4
16,20,46
35,16,1
15,15,18
20,21,29
15,20,40
17,16,17
19,21,31
3,9,14
27,18,8
5,5,3
19,21,18
24,22,17
34,22,10
24,23,42
34,15,0
2,7,6
5,15,28
19,15,9
19,20,30
33,20,8
22,12,1
21,19,15
7,6,2
5,6,6
5,18,35
11,12,12
11,17,38
57,19,0
23,23,24
9,17,38
15,14,17
15,14,21
8,21,42
7,7,7
23,23,25
19,21,47
21,12,3
20,20,39
21,21,33
28,14,0
37,22,9
11,15,30
10,10,20
12,12,25
18,19,33
15,12,6
32,18,5
7,13,27
25,16,5
43,23,6
12,16,38
0,10,20
17,17,19
10,6,0
0,13,25
2,6,3
18,18,24
14,12,8
18,15,8
12,19,41
19,17,10
43,22,5
40,20,3
41,23,8
14,16,40
15,18,43
43,21,3
6,9,19
18,19,34
50,21,1
25,18,10
13,14,17
6,6,2
10,15,33
8,8,5
33,19,6
18,12,4
6,7,8
20,20,42
14,16,34
5,9,12
15,10,1
32,16,2
13,13,25
27,16,4
1,15,29
6,15,29
14,19,43
10,7,3
7,11,23
17,19,44
11,11,9
44,22,5
2,6,7
9,11,22
12,13,29
30,16,3
1,20,36
23,23,40
1,8,15
22,13,2
50,22,1
12,13,20
10,11,15
24,18,8
8,11,23
59,20,3
47,22,3
36,21,7
11,14,33
24,23,37
6,7,10
19,19,26
21,22,45
26,14,1
1,20,35
30,19,7
7,9,13
4,18,34
60,23,6
18,20,44
36,22,9
8,7,5
26,20,11
23,20,13
8,19,41
4,19,36
58,19,1
19,22,19
37,16,0
19,19,38
30,20,9
19,11,0
20,11,2
38,19,3
8,7,4
14,23,49
10,10,8
22,22,24
1,23,39
51,23,5
11,10,9
8,21,43
8,9,7
29,18,7
4,5,1
27,23,15
13,12,9
4,23,41
24,21,13
22,17,9
15,16,38
2,6,5
34,17,3
20,18,26
20,22,50
19,20,46
22,23,51
15,12,7
36,20,5
16,9,0
30,17,5
9,8,6
24,18,11
8,10,11
33,23,10
3,6,5
13,13,10
18,19,42
62,23,6
24,23,36
22,17,8
45,18,0
9,11,12
10,12,22
23,23,17
11,11,12
3,16,31
14,16,33
19,19,27
4,10,20
17,14,8
13,12,8
1,6,6
4,14,26
25,17,6
2,8,13
9,15,35
2,13,26
10,10,19
20,14,7
21,21,48
13,11,5
22,23,37
5,14,27
12,12,26
14,15,23
17,17,22
11,17,39
17,16,12
21,20,23
10,19,40
25,15,5
31,18,4
17,16,26
53,22,4
47,19,1
16,18,39
15,16,28
3,10,17
3,22,41
50,23,4
12,15,31
50,19,1
9,10,21
20,22,31
11,15,36
17,18,39
29,15,2
19,19,35
6,19,35
45,20,3
11,16,37
17,19,45
16,17,27
8,19,39
15,9,0
9,16,37
7,10,14
33,21,8
21,22,30
7,8,7
17,17,17
16,20,42
11,12,25
18,18,27
12,12,13
13,17,40
54,21,2
8,9,16
3,7,10
23,18,10
7,13,26
22,21,39
27,21,13
25,23,17
9,17,33
9,11,13
13,21,43
3,7,6
7,16,34
15,18,39
10,10,11
41,19,3
0,20,36
16,15,18
6,12,26
22,23,23
13,14,26
12,13,13
36,18,3
2,11,22
17,12,4
10,21,43
8,7,3
19,20,17
18,18,39
7,6,5
15,19,44
28,23,14
26,17,7
19,23,52
7,18,36
21,16,9
18,9,0
20,14,6
59,23,7
1,14,27
13,12,7
2,8,11
0,19,34
42,23,8
21,21,34
15,16,35
3,22,39
31,15,0
45,19,1
62,23,7
54,23,5
5,6,4
19,21,45
13,11,7
10,14,33
14,18,41
18,21,50
0,21,36
8,19,40
4,8,16
43,19,0
14,17,40
24,23,34
25,18,8
18,17,12
19,11,1
2,9,16
23,14,5
16,16,28
0,8,14
1,7,13
20,21,21
17,16,16
19,15,8
11,12,15
7,15,32
18,18,32
16,16,26
5,17,34
33,16,1
15,23,50
15,15,16
23,23,45
5,7,10
5,9,18
23,23,35
57,20,1
20,23,50
20,11,0
10,10,13
5,10,20
11,23,46
4,8,8
31,17,2
21,20,25
14,21,41
13,11,6
0,21,35
43,18,1
49,22,1
21,22,31
26,16,5
33,19,5
27,16,5
29,22,13
8,17,37
16,22,43
30,15,1
6,7,6
18,19,19
30,18,7
22,21,42
12,13,26
26,17,5
6,15,30
5,8,11
12,14,26
22,22,42
11,7,1
49,21,1
19,20,35
19,19,23
29,20,9
17,10,0
28,17,6
39,20,4
48,21,1
19,18,20
18,19,29
15,16,30
37,17,1
16,12,7
15,16,17
14,23,48
37,21,7
0,21,37
3,23,43
13,14,27
22,23,50
5,6,7
7,11,24
12,16,39
18,22,48
14,14,25
8,16,32
29,18,6
12,10,6
22,15,7
56,20,2
32,19,7
17,16,23
2,23,41
4,15,28
8,7,6
23,17,10
17,18,38
51,22,4
13,17,38
13,13,29
0,13,24
23,15,5
35,22,10
19,12,2
11,8,2
21,21,26
5,16,31
14,17,41
12,21,45
10,15,36
39,18,0
1,11,20
5,19,37
31,22,10
18,17,15
16,22,46
28,13,0
8,11,22
5,12,24
14,14,28
29,15,0
3,20,37
38,18,1
18,12,3
8,5,0
1,22,40
43,19,2
14,20,40
14,9,3
22,21,32
21,11,1
2,7,12
19,19,40
13,21,44
13,19,43
26,18,8
6,9,13
30,16,1
62,20,3
27,13,0
15,19,39
36,23,10
17,21,42
26,17,6
15,18,38
11,11,20
15,22,50
22,22,38
19,16,9
26,19,10
43,20,3
10,16,36
14,21,44
18,17,22
17,18,22
2,20,35
22,16,8
9,10,11
34,19,4
11,12,20
59,21,4
12,15,35
25,22,15
54,19,1
3,21,39
14,20,42
15,15,26
4,23,42
45,23,3
1,6,3
21,18,11
4,15,29
7,10,16
2,6,2
19,21,44
13,20,45
6,14,27
13,23,48
0,15,28
21,15,7
10,10,14
23,14,2
11,12,28
16,16,16
13,16,35
26,23,16
18,19,41
7,11,25
15,21,41
41,20,2
6,18,34
15,16,37
6,9,17
2,18,33
21,21,38
11,21,43
19,19,36
27,23,16
10,16,38
1,21,38
7,16,32
6,18,35
13,14,28
10,9,5
33,16,0
15,16,40
61,19,1
6,8,11
36,19,4
12,15,37
6,14,29
17,23,48
9,12,24
12,13,30
62,21,3
35,23,11
23,13,2
12,19,40
15,17,34
31,21,11
7,12,25
9,10,17
61,20,2
5,15,30
15,17,33
19,14,6
15,21,47
14,14,17
17,21,47
19,20,48
29,15,3
3,13,25
16,20,41
26,16,4
48,19,0
4,21,39
19,20,39
3,11,20
17,17,21
42,23,6
30,16,2
25,19,9
12,16,37
15,21,46
2,8,12
13,13,28
18,18,19
29,14,0
52,20,0
48,20,1
5,6,1
9,10,16
32,15,0
25,14,2
47,19,0
4,19,35
10,14,29
58,19,0
6,5,3
20,20,40
23,21,14
1,23,41
15,13,9
16,10,1
18,18,30
13,12,11
30,18,6
14,16,37
17,11,2
15,19,43
7,23,44
1,6,8
18,18,35
6,14,26
18,18,21
54,20,1
13,14,31
22,22,40
20,11,1
20,15,6
30,22,10
7,8,10
7,16,31
6,8,9
22,23,24
22,22,26
29,22,14
13,18,42
1,21,36
5,11,23
15,14,24
17,20,45
21,20,42
10,18,40
12,13,18
13,14,30
55,23,5
17,19,35
13,15,34
17,13,5
58,23,6
2,21,39
8,10,17
14,11,5
14,15,29
16,21,46
7,21,42
1,10,20
19,19,34
8,17,38
18,18,15
20,19,25
19,18,31
2,8,14
15,15,14
2,9,13
3,15,30
43,22,4
0,8,16
20,10,0
52,21,2
39,20,3
10,11,18
3,14,25
22,13,3
2,10,18
6,12,24
17,18,31
4,10,17
13,20,44
35,20,6
2,14,26
1,17,30
12,13,28
35,18,3
19,23,18
19,20,20
21,23,51
14,20,45
8,9,10
8,6,2
14,14,26
17,18,34
32,20,7
22,21,41
13,15,30
3,5,2
17,12,5
37,20,4
2,10,19
22,22,18
22,22,33
4,6,3
32,15,1
17,18,40
12,13,19
20,23,46
3,9,15
4,20,36
24,16,5
18,20,46
15,16,36
7,15,31
18,15,9
27,21,14
18,21,47
15,12,8
21,22,35
26,22,13
58,18,0
21,21,37
18,19,32
29,20,10
21,22,46
19,16,11
19,21,49
34,16,0
22,23,17
20,20,29
23,21,15
16,23,50
6,19,39
3,8,11
24,23,45
19,17,13
19,20,41
10,11,21
17,17,26
14,18,39
18,23,46
21,20,15
0,5,0
10,11,20
16,16,17
23,20,14
38,23,8
19,19,41
7,10,20
4,8,12
51,20,1
43,22,6
44,20,1
3,6,7
14,15,32
10,7,2
13,13,26
4,7,9
63,20,2
9,6,3
9,9,9
19,18,19
20,18,23
21,20,27
13,16,36
4,13,26
32,21,10
22,21,24
5,5,2
21,22,28
20,21,31
13,9,2
17,17,32
24,23,35
15,12,5
22,15,5
13,9,4
0,7,8
35,19,5
25,20,13
8,20,41
15,14,18
19,19,16
20,17,11
9,17,37
8,14,29
9,14,32
15,14,23
6,14,30
36,23,11
17,14,7
3,16,29
30,21,10
5,15,29
13,13,15
16,22,47
17,16,21
23,23,34
9,17,35
9,8,5
51,21,1
0,23,39
14,22,49
33,23,11
13,20,43
19,20,37
24,23,38
39,17,0
22,23,33
10,11,22
13,13,24
2,8,15
63,22,6
2,12,22
9,11,16
14,18,42
20,19,15
46,20,2
10,10,9
11,13,27
5,17,33
18,17,17
23,22,32
5,8,15
60,23,7
12,11,8
12,21,44
15,10,2
30,23,14
31,17,4
46,22,3
39,23,9
20,21,30
27,19,8
4,18,33
21,10,0
4,10,16
45,22,2
21,21,16
21,20,14
20,20,46
8,9,12
54,23,4
21,21,45
20,16,8
37,19,3
14,14,19
19,13,6
6,7,7
8,8,6
16,12,6
5,21,39
20,22,46
13,22,47
16,17,42
38,16,0
17,22,49
52,21,3
42,21,4
3,19,35
14,15,30
30,20,10
8,20,42
48,20,0
22,17,10
22,21,25
23,19,13
9,16,35
17,16,25
2,8,16
20,20,32
25,19,12
17,21,45
9,11,25
40,19,1
15,23,49
20,21,42
21,22,50
24,23,17
15,13,8
19,18,26
11,12,18
17,18,37
2,12,23
29,23,14
12,16,35
0,11,19
4,6,0
3,8,10
20,21,46
3,7,8
35,16,0
29,21,11
37,22,8
27,14,0
20,20,31
4,11,22
29,21,10
8,15,31
18,18,17
19,22,49
12,15,33
0,5,2
18,18,34
0,13,23
31,23,13
15,14,22
25,13,2
21,23,31
23,22,33
33,19,4
1,19,35
57,21,4
17,12,3
20,12,1
11,11,17
16,9,1
4,10,19
20,20,27
14,13,8
12,10,7
11,11,15
0,17,30
26,19,11
41,20,3
3,6,4
27,14,2
15,16,34
16,23,52
12,11,6
11,7,0
44,22,3
7,17,34
17,16,15
32,17,3
31,20,7
34,20,5
60,22,5
11,23,47
13,13,22
8,13,28
8,9,17
4,18,35
32,23,13
22,21,17
21,20,39
17,16,24
15,14,16
19,22,20
17,18,29
18,14,6
10,15,31
24,14,2
4,5,2
11,15,29
0,22,38
12,12,20
22,21,33
46,23,4
12,18,38
6,8,12
17,13,8
3,20,38
16,23,51
61,21,3
8,9,11
20,16,10
31,21,9
10,20,43
59,20,1
15,16,23
10,17,38
28,22,12
22,22,25
16,16,22
24,17,8
19,18,25
10,18,37
18,21,46
16,10,3
24,14,3
2,5,3
19,21,46
29,17,6
22,13,1
6,17,34
8,13,26
18,18,33
19,19,30
12,11,7
22,18,12
21,22,32
30,22,12
11,17,40
10,13,28
2,9,15
6,20,38
8,8,8
16,17,34
27,17,5
19,18,24
12,16,36
18,18,23
15,17,36
16,17,31
17,16,22
5,6,3
20,22,51
4,9,15
13,14,25
60,19,0
63,21,5
28,15,4
8,12,25
10,12,19
33,16,2
13,15,29
14,14,30
31,16,1
7,14,29
28,18,7
14,14,11
5,17,32
9,15,34
20,19,23
17,22,50
3,18,32
24,12,0
62,22,6
6,5,1
7,17,33
16,15,14
59,19,1
5,21,40
38,18,2
21,17,10
16,15,13
47,21,3
21,21,46
20,16,9
14,15,27
62,20,2
23,12,1
34,23,10
5,6,2
21,19,13
23,20,12
12,13,17
15,23,46
10,11,10
51,22,2
40,21,5
20,22,17
15,17,37
1,5,1
22,20,16
30,22,11
20,21,28
4,16,30
13,15,27
46,18,0
14,12,6
19,21,20
12,13,15
10,11,23
20,22,49
7,7,4
19,11,2
4,9,18
21,23,18
15,15,11
14,13,17
24,21,14
19,19,39
34,21,8
9,15,28
9,14,30
23,16,7
20,23,51
22,11,0
6,9,14
15,19,45
16,17,35
23,20,15
11,11,10
21,20,38
13,16,38
11,15,33
21,11,0
2,23,40
9,11,21
6,6,3
14,11,7
0,14,25
17,18,44
19,20,33
11,11,13
14,18,43
38,18,3
20,14,5
16,17,32
17,15,9
20,21,38
33,21,9
14,14,18
12,14,31
14,12,9
15,16,32
56,19,0
9,18,37
15,19,40
36,19,3
20,20,44
44,19,0
18,23,52
6,17,33
13,16,34
20,22,30
10,17,39
44,22,6
12,13,22
27,20,11
0,19,33
21,21,17
28,18,8
6,8,8
56,22,5
13,14,13
8,10,13
5,9,13
8,10,19
52,22,4
57,19,1
6,11,23
8,9,15
15,15,29
30,15,0
20,20,24
13,15,33
46,20,1
12,12,22
5,9,17
0,15,27
4,23,43
40,19,2
1,6,5
7,9,17
16,15,21
13,13,27
23,22,16
29,17,4
62,19,1
8,12,24
6,11,24
10,12,27
3,7,5
3,16,30
18,12,5
22,22,44
0,10,16
21,21,23
10,14,28
9,13,28
18,16,13
12,12,24
61,20,1
20,21,36
11,12,13
52,22,3
18,17,26
20,22,28
6,8,13
14,16,38
9,15,33
57,23,6
4,9,14
7,6,4
10,18,41
11,23,44
13,14,29
17,14,9
15,15,17
19,20,16
1,8,14
6,6,1
21,22,18
6,22,41
21,15,6
38,21,7
61,23,6
52,23,4
20,23,19
15,17,39
5,20,39
17,15,11
17,18,35
21,15,8
27,19,9
60,19,1
45,20,1
11,10,7
24,17,9
56,18,0
24,20,14
0,6,3
6,18,36
20,20,25
19,20,31
60,18,0
8,11,24
24,15,6
16,22,51
31,20,8
6,5,0
8,15,33
27,13,1
3,13,26
25,22,16
15,13,10
2,10,20
7,10,21
23,23,41
45,23,6
24,23,41
31,23,11
45,20,0
16,23,47
60,22,4
33,18,3
22,21,34
48,19,1
16,11,3
12,14,29
20,23,49
21,18,12
18,19,38
50,23,3
62,19,2
26,14,2
43,21,5
21,18,10
2,19,33
7,8,8
16,13,6
12,18,40
6,14,28
4,9,16
9,14,28
59,23,5
15,20,43
1,17,31
9,14,29
17,23,49
20,21,45
20,13,5
21,23,23
43,20,2
12,11,10
11,11,11
26,13,0
22,23,32
9,13,29
29,19,9
9,9,11
22,23,48
12,12,11
27,16,6
25,23,42
4,12,23
11,14,31
0,11,20
41,20,4
19,22,43
15,19,41
11,19,40
26,20,10
18,21,49
21,23,50
35,22,8
4,21,38
13,16,33
8,10,12
18,21,44
9,5,0
23,11,0
20,21,34
10,6,1
4,15,30
23,19,11
28,15,1
16,17,29
3,8,14
18,19,36
13,13,23
45,21,3
18,17,21
21,21,22
0,12,23
22,14,5
4,6,4
12,13,24
18,23,51
11,8,3
12,7,0
34,19,5
18,18,18
5,19,38
17,17,30
22,22,45
26,18,9
31,19,8
21,22,27
2,7,9
18,22,47
45,22,3
43,23,7
36,18,1
17,22,43
9,12,21
54,19,0
42,18,1
20,21,48
37,23,10
9,17,36
13,23,47
20,23,47
24,15,3
14,10,3
5,7,5
32,21,8
23,23,49
15,13,7
20,23,28
16,15,19
5,15,31
23,23,43
6,19,37
10,18,38
14,20,39
16,19,46
24,20,12
49,18,0
10,13,26
14,16,27
10,11,25
23,23,38
17,18,28
19,18,29
8,16,33
19,20,44
24,17,7
34,18,4
8,18,37
24,20,13
7,20,39
5,12,25
28,19,9
12,14,30
11,13,28
19,19,37
19,21,28
56,20,1
22,22,16
14,19,41
19,23,51
19,21,43
22,23,19
19,18,28
35,15,0
2,20,36
11,12,23
0,11,22
35,21,6
16,17,38
19,19,22
5,9,19
10,16,37
6,17,35
25,15,3
17,20,46
35,17,2
57,22,4
10,11,17
26,16,6
37,21,6
11,9,3
9,6,2
5,7,8
6,11,22
37,18,1
24,15,4
9,8,4
7,10,15
19,21,42
8,6,1
8,5,1
45,23,4
21,13,2
25,16,6
2,15,27
27,17,6
14,18,38
11,12,16
47,20,1
3,21,37
19,19,20
4,22,42
1,14,26
55,22,5
30,19,9
18,19,31
30,23,12
27,15,3
6,9,15
5,8,9
21,22,49
40,23,9
11,12,27
11,13,31
18,15,7
1,22,38
9,10,18
15,15,30
10,12,18
18,18,26
24,19,12
13,13,18
9,10,8
8,18,38
18,17,25
10,11,9
16,16,20
3,10,18
11,11,21
3,9,17
8,14,30
11,12,19
24,23,44
7,10,22
25,13,0
15,15,24
38,20,4
24,18,9
14,14,24
6,9,18
14,14,29
63,20,3
4,16,31
11,20,44
10,11,11
0,18,32
13,15,31
13,23,50
31,18,6
1,16,29
8,9,9
15,18,40
4,5,3
54,22,4
9,15,29
22,23,45
59,21,2
7,18,38
0,11,21
18,19,46
14,15,26
1,5,2
11,12,26
5,8,12
1,6,4
37,20,5
11,12,11
16,21,42
1,15,27
15,21,40
3,11,23
21,22,21
8,8,9
17,12,6
0,14,27
13,14,32
19,18,23
11,13,26
13,8,1
23,23,33
25,17,8
18,17,19
6,10,21
39,23,7
17,23,52
6,20,41
1,8,11
1,13,24
16,16,12
2,21,37
17,20,47
12,16,32
9,16,34
11,11,8
15,14,12
12,12,18
26,15,4
57,22,5
11,15,31
19,23,47
19,22,51
37,19,4
19,21,19
0,9,18
15,23,48
10,14,26
8,22,43
53,23,4
7,7,5
11,10,8
35,21,7
63,22,5
15,22,44
21,14,5
6,23,44
6,16,33
34,21,9
10,13,29
12,23,45
4,6,7
55,23,6
27,20,12
2,11,20
12,10,5
14,11,4
15,16,18
23,15,4
14,17,39
17,21,49
28,16,5
23,23,51
17,21,48
4,14,27
3,23,42
58,23,5
13,15,28
20,22,48
16,16,32
8,6,3
25,16,7
7,9,12
60,23,5
3,6,6
14,9,1
12,17,34
21,15,5
11,16,34
16,11,5
4,7,8
15,10,4
24,13,1
1,5,0
21,22,22
11,11,22
18,18,25
4,22,40
35,18,2
10,20,42
10,11,19
21,21,27
5,22,40
58,22,4
20,21,17
41,22,6
5,7,11
8,22,44
41,21,4
25,21,13
18,14,7
21,21,47
1,11,21
14,17,36
2,19,35
36,18,2
13,7,0
19,18,18
18,22,50
4,6,6
7,18,35
10,10,12
57,21,2
6,13,26
11,15,35
12,19,38
12,12,23
18,19,44
6,15,28
12,18,39
16,16,13
42,19,2
15,22,48
2,9,18
37,22,7
15,22,49
2,6,1
30,16,4
4,9,17
16,23,48
14,13,11
23,23,31
62,18,0
18,10,0
41,18,0
19,19,18
13,19,39
50,20,1
54,21,3
51,23,3
9,9,8
1,22,39
4,8,9
34,22,9
22,18,10
9,11,23
0,9,15
9,20,41
8,10,14
20,20,30
20,19,40
13,22,48
21,16,8
52,19,0
9,7,3
13,21,46
18,17,18
7,14,28
6,10,19
30,17,4
6,10,15
3,21,38
45,20,2
17,16,11
13,13,16
11,16,33
17,21,46
13,18,37
3,11,21
20,21,44
23,22,42
15,14,14
18,19,28
38,20,5
26,15,3
8,17,35
13,13,14
20,22,18
13,9,3
31,22,11
12,15,36
28,20,11
22,22,37
9,12,22
20,18,25
9,10,14
36,22,8
13,15,32
16,18,38
31,16,2
5,14,29
13,10,3
23,21,16
16,15,25
25,22,14
10,21,44
10,8,3
16,18,36
22,22,31
17,17,27
23,14,3
32,21,9
14,16,32
18,21,45
12,9,2
44,23,7
16,15,26
0,7,11
19,20,45
11,7,2
36,16,0
16,16,21
15,15,27
2,23,42
6,9,12
15,20,47
8,13,27
25,23,18
7,20,41
18,11,3
15,21,48
41,21,5
13,17,36
23,17,8
16,15,16
11,11,23
5,9,14
17,18,27
57,20,2
9,23,44
13,8,2
10,7,1
13,10,6
0,9,17
16,16,19
51,22,3
4,19,37
26,19,9
14,20,46
18,23,49
9,16,33
20,21,43
22,20,13
44,19,1
7,9,11
15,16,26
20,20,37
7,13,25
13,9,1
3,9,16
0,6,2
7,14,30
18,17,27
22,22,46
18,18,40
0,23,40
7,12,24
31,17,3
23,18,11
1,12,22
39,17,1
13,19,44
14,18,37
27,15,2
18,20,43
8,16,36
21,20,24
22,23,34
14,15,31
50,19,0
18,18,36
11,11,19
21,20,22
20,19,41
15,18,41
10,12,16
12,19,43
15,16,27
28,15,3
39,23,8
5,19,36
21,21,36
14,19,40
9,21,44
5,6,5
15,15,13
24,23,43
17,17,33
18,11,2
19,20,38
19,20,21
49,21,0
16,15,24
8,11,25
16,15,12
9,13,27
12,15,34
62,21,4
3,11,18
11,12,10
1,18,31
14,15,33
15,15,19
0,5,1
4,8,13
63,23,7
8,20,40
33,20,7
18,20,47
13,13,12
28,21,12
14,15,28
14,13,12
24,21,15
9,10,12
0,20,34
16,17,41
17,16,14
1,6,7
16,22,48
61,21,4
13,21,47
39,22,8
3,8,15
61,22,6
12,17,38
17,18,30
11,11,16
6,21,41
9,16,36
6,22,43
18,14,8
14,21,46
5,7,6
25,21,14
12,12,19
20,20,15
18,22,45
10,20,44
11,11,24
10,8,4
33,22,9
11,12,17
20,18,12
1,9,16
11,14,30
11,18,40
9,18,40
6,23,42
3,8,16
19,15,7
12,12,10
6,13,27
37,17,0
39,22,6
18,17,16
2,15,28
12,11,9
11,9,5
26,22,15
13,21,45
22,20,15
14,11,6
39,21,6
3,5,0
21,23,53
4,12,24
9,22,43
5,16,32
26,21,14
21,21,39
13,19,40
45,22,5
1,6,1
35,23,10
10,18,39
63,19,0
17,17,20
15,15,22
3,17,33
17,19,42
10,9,8
22,14,4
44,22,4
14,18,40
13,14,18
22,23,25
6,10,22
4,14,25
18,22,44
14,15,34
14,20,43
5,8,8
18,17,11
21,19,12
18,18,38
7,10,13
49,23,1
13,17,39
21,22,17
2,7,7
32,20,8
23,23,32
8,10,21
21,14,3
19,19,33
0,22,39
10,19,41
10,8,5
48,23,3
56,22,4
9,8,7
21,20,43
19,20,19
58,20,1
12,20,45
3,11,22
3,14,28
28,16,4
15,9,1
0,12,22
19,20,36
42,22,6
35,20,7
17,22,45
14,17,35
14,12,7
35,18,4
7,10,18
28,22,13
19,19,42
21,21,42
44,23,5
16,15,15
17,10,1
8,11,18
50,23,1
28,21,11
11,15,34
16,19,44
6,21,40
15,15,12
5,21,41
11,15,32
11,12,14
57,18,0
10,14,32
5,10,19
45,19,0
17,22,44
11,19,41
18,20,48
60,20,1
17,13,7
15,14,9
55,19,1
16,15,17
14,17,38
12,9,3
1,8,16
11,13,30
16,19,41
44,18,0
15,17,38
21,23,52
14,16,36
14,19,44
14,14,16
10,10,16
17,19,46
17,17,25
50,21,0
32,16,1
28,19,8
15,14,11
21,14,6
22,22,51
9,9,7
26,20,12
34,19,6
35,17,1
20,17,10
3,17,31
22,22,27
28,18,6
23,23,50
11,16,28
20,19,26
39,18,2
11,19,43
14,14,12
29,16,3
13,11,8
9,13,30
0,7,13
0,5,3
21,13,4
17,17,28
28,19,10
18,16,12
10,15,34
24,23,40
33,22,10
11,11,18
9,10,10
12,10,4
14,16,35
15,17,35
15,16,31
7,9,9
11,13,25
40,20,5
9,16,28
7,20,40
63,19,2
16,22,49
16,16,29
2,5,0
16,11,4
0,17,31
16,14,9
4,20,39
21,21,41
39,19,3
2,18,32
2,13,25
9,21,43
29,17,5
22,16,7
10,13,30
11,20,43
59,22,4
31,23,14
55,21,3
12,14,27
14,23,50
15,14,15
5,11,21
25,15,4
53,23,5
16,18,42
13,14,21
54,20,2
18,19,45
15,14,10
13,18,43
20,22,47
10,11,24
32,20,9
19,18,30
44,20,2
12,8,2
9,12,23
40,17,0
1,8,12
21,18,13
3,18,33
10,12,28
61,23,7
7,8,14
0,23,41
12,16,34
15,22,47
2,6,4
11,18,39
10,9,7
24,16,6
2,17,31
33,23,12
5,6,0
29,21,12
3,12,24
28,19,7
42,23,7
0,7,12
12,20,43
31,23,12
6,8,10
21,23,19
53,21,2
15,15,20
12,22,45
10,10,17
17,18,32
21,21,43
36,21,6
9,9,6
1,13,25
4,11,21
27,22,15
5,20,37
14,14,13
2,17,32
46,23,5
15,14,20
31,21,10
16,22,44
16,15,22
20,19,22
23,23,39
21,12,2
22,23,49
26,20,13
6,18,37
22,22,32
1,14,25
16,21,44
5,8,10
56,23,6
24,23,18
22,21,38
8,15,34
23,18,9
30,22,13
1,21,37
10,16,29
3,12,22
1,10,18
9,10,20
22,22,48
5,10,18
4,20,37
36,20,4
17,9,0
2,16,30
24,18,10
1,23,40
21,21,32
11,14,26
38,19,4
21,16,7
16,13,7
7,18,37
6,20,39
21,20,33
3,14,26
3,6,3
7,14,27
36,21,8
52,20,2
9,11,17
14,22,48
10,16,28
20,20,33
21,22,47
9,18,38
7,8,12
4,10,18
16,15,20
19,19,28
29,16,2
36,23,9
10,23,44
22,23,27
13,22,45
11,16,36
16,21,41
46,19,0
23,23,37
17,19,36
17,23,50
8,10,9
0,8,13
11,14,34
28,20,9
17,17,31
23,22,43
5,13,25
4,6,1
23,22,35
53,22,3
13,18,41
35,22,9
14,17,37
13,15,37
3,15,28
12,17,36
30,15,2
1,9,17
12,15,32
37,20,6
20,21,50
4,11,23
16,18,40
15,11,3
21,23,49
7,8,9
41,17,0
8,15,30
16,11,2
20,21,37
14,13,23
19,20,34
13,13,20
19,18,15
12,20,42
12,15,38
54,20,0
16,21,47
9,10,15
20,19,24
26,22,14
23,22,45
17,22,48
4,6,5
17,22,47
58,21,2
5,9,16
15,15,15
14,8,0
63,19,1
15,8,0
20,12,2
20,20,22
2,10,17
20,18,13
2,15,29
17,19,43
55,21,2
20,20,41
33,17,3
4,8,15
13,8,0
11,16,39
23,16,8
51,21,2
38,17,1
29,23,16
19,18,22
19,18,14
0,9,16
10,12,25
4,8,11
44,21,4
34,17,1
24,13,2
2,13,24
3,5,1
13,14,16
16,21,48
19,18,12
2,9,17
9,12,26
51,19,1
19,21,48
59,23,6
4,20,38
22,19,13
7,9,16
17,17,38
56,23,5
8,11,21
20,19,13
8,12,22
11,22,44
14,16,28
22,22,23
20,16,7
0,7,10
36,20,6
15,14,13
10,15,28
0,16,30
3,12,23
63,21,4
19,19,43
17,18,43
18,18,16
11,10,6
61,19,0
20,19,14
18,18,31
10,15,29
6,12,25
23,22,41
16,17,39
5,7,9
29,14,1
20,20,35
22,22,17
33,15,0
5,11,22
22,23,35
49,20,2
14,14,20
28,14,2
6,11,25
30,21,11
26,21,13
62,22,4
18,20,19
21,23,28
27,17,7
25,19,10
34,17,2
19,20,47
21,21,35
7,19,39
32,18,3
35,20,5
3,6,2
19,22,47
6,6,4
19,17,12
40,18,1
6,5,2
17,18,42
20,20,26
6,15,31
6,8,14
10,17,37
23,12,2
3,20,36
16,22,50
27,18,7
19,14,7
1,8,10
15,17,27
36,19,5
0,18,33
8,9,14
22,15,6
9,7,4
3,13,24
10,23,45
13,17,35
13,18,40
24,16,7
18,18,37
5,10,22
15,21,42
2,18,34
51,19,0
17,18,41
20,21,22
8,14,31
8,16,35
7,17,36
53,20,0
22,21,44
19,18,21
9,10,19
15,18,42
9,19,40
18,18,28
27,15,4
16,20,43
12,23,48
46,20,3
20,21,47
22,22,35
23,22,17
44,23,6
4,7,5
14,13,21
20,18,11
4,17,31
55,22,3
10,13,27
16,18,34
23,15,6
12,23,49
16,17,33
48,21,2
16,18,44
3,10,16
13,15,36
14,12,5
11,14,32
24,23,32
20,20,36
0,18,31
50,20,0
22,21,37
6,12,23
17,18,33
14,22,47
20,20,21
18,19,35
9,10,13
5,18,34
2,5,2
30,23,13
38,23,9
23,23,36
1,7,8
19,20,32
9,22,44
22,23,47
18,17,24
49,20,1
19,19,44
25,20,11
39,21,5
12,17,39
6,7,5
5,5,0
11,19,42
56,21,2
22,22,39
14,16,29
7,22,43
22,23,31
7,10,19
26,13,1
40,19,3
22,21,40
14,8,1
35,19,4
28,17,5
14,13,9
6,16,31
1,16,30
23,22,39
16,16,14
7,7,6
25,20,12
7,8,13
41,19,2
8,9,13
40,23,7
12,8,3
2,7,10
14,14,27
2,6,6
14,15,25
12,22,47
21,22,36
20,23,48
17,17,14
10,14,31
58,20,2
59,18,0
1,11,22
27,22,13
16,17,30
32,23,12
13,14,14
22,11,1
17,17,39
12,17,37
7,15,30
0,8,15
19,13,4
8,15,32
20,23,30
28,23,15
24,14,4
3,19,34
58,22,5
7,16,33
1,9,18
24,23,33
57,23,5
24,19,11
4,9,19
9,11,24
18,17,20
14,13,22
7,19,37
38,22,6
11,17,37
7,6,3
40,18,2
20,19,16
51,23,4
5,23,43
63,23,6
9,11,15
0,6,6
5,20,38
24,19,10
19,21,17
22,22,36
19,13,3
11,14,29
22,12,0
58,21,4
11,11,14
32,23,11
23,13,3
29,23,13
14,10,2
62,19,0
21,13,3
23,22,40
6,11,21
6,23,43
9,23,45
11,23,45
27,21,12
0,6,8
7,12,26
5,9,11
39,22,7
16,19,45
19,10,0
0,14,26
19,16,10
23,22,34
23,22,44
2,22,38
2,20,37
8,12,26
0,10,18
11,13,29
18,10,1
36,17,2
15,11,4
53,21,3
7,9,10
2,10,21
16,13,8
4,13,27
0,22,37
19,22,50
12,12,16
21,14,4
12,13,14
23,23,52
46,21,2
55,22,4
46,23,3
19,20,18
8,8,7
63,21,3
16,17,36
10,10,7
60,20,2
37,18,3
1,17,32
61,22,4
1,18,32
17,11,4
21,22,23
4,7,6
16,16,25
4,7,7
48,20,2
21,20,28
4,7,11
49,23,2
16,14,10
22,16,9
45,23,5
61,19,2
17,16,27
20,20,34
16,19,43
16,18,41
23,19,12
22,23,52
7,5,2
13,13,19
26,21,12
27,18,9
10,10,18
1,9,19
4,7,12
40,22,6
30,17,3
4,10,21
2,14,27
1,16,28
6,6,6
29,16,4
18,19,43
19,18,16
15,16,29
19,19,21
62,22,5
20,17,12
0,8,12
27,14,1
27,20,10
17,17,13
26,23,17
22,22,49
9,20,43
10,13,31
3,22,40
10,11,16
29,22,12
16,16,15
46,19,1
31,20,9
21,20,26
51,21,3
1,5,3
14,14,15
12,20,44
20,20,17
15,20,42
6,10,20
13,17,34
42,21,3
26,17,8
12,17,40
30,14,0
11,16,38
13,18,39
7,11,19
60,21,4
28,23,16
15,11,6
13,14,15
13,22,46
12,12,9
10,11,14
9,12,27
0,10,19
20,18,24
10,12,26
23,23,18
30,18,5
25,13,1
24,12,1
19,23,46
8,17,34
31,16,3
7,19,38
7,10,17
5,19,35
19,19,45
10,11,12
47,23,3
18,13,5
23,16,6
42,17,0
41,19,1
32,17,2
42,21,5
19,20,29
20,23,18
20,20,45
25,16,4
19,19,29
22,14,3
31,15,1
15,14,19
33,22,11
7,9,19
21,22,51
61,20,3
40,20,4
17,18,36
42,20,3
29,22,11
23,12,0
22,23,46
13,16,39
16,12,4
15,16,16
19,14,5
5,22,41
3,20,35
16,17,40
22,21,43
17,16,13
12,16,33
47,22,2
22,22,47
52,20,1
27,19,10
12,22,44
1,12,23
3,14,27
16,16,31
19,20,42
6,6,5
22,22,43
22,21,35
40,18,0
57,21,3
0,20,35
16,16,30
11,21,44
9,12,25
21,17,11
12,14,33
14,13,13
15,20,46
16,16,23
7,22,42
14,17,42
1,7,10
53,20,2
22,21,15
20,22,29
18,22,49
12,23,46
28,14,1
61,22,5
47,18,0
8,12,23
7,11,22
33,18,4
28,17,7
17,14,10
17,21,44
9,19,42
18,19,30
50,22,3
15,10,3
10,11,13
7,23,43
26,14,3
6,8,15
4,7,10
8,10,16
28,15,2
23,22,37
17,17,16
19,18,17
3,10,21
15,15,23
20,20,38
26,23,15
16,20,47
1,6,2
7,9,18
12,7,1
21,12,1
42,20,2
0,6,5
17,22,46
13,18,38
49,19,0
7,17,35
31,19,7
22,21,16
10,12,23
28,21,10
25,23,16
16,15,10
1,7,7
45,22,4
9,9,10
37,21,5
7,11,18
53,19,0
19,22,48
16,17,28
25,18,9
4,5,0
4,8,14
12,14,32
25,21,15
17,16,19
2,7,8
9,16,29
10,10,10
20,20,23
5,5,1
18,18,20
12,12,17
25,12,0
13,12,12
12,13,27
5,8,13
16,19,42
20,19,27
18,17,14
38,22,7
42,22,5
2,9,19
20,23,29
12,19,42
9,20,42
22,23,26
8,12,27
53,20,1
7,20,42
22,19,12
15,15,25
36,16,1
17,16,18
19,12,3
56,19,1
14,14,10
25,14,1
50,23,2
18,17,13
5,8,14
21,23,22
12,12,15
23,23,48
7,19,40
6,19,36
47,23,2
22,23,18
3,8,12
16,20,45
4,17,33
10,10,21
4,22,41
2,22,40
35,21,8
17,20,44
7,8,11
52,23,5
12,8,0
1,12,24
18,16,10
60,21,3
21,19,14
32,18,4
15,17,40
14,19,39
17,23,51
6,22,42
1,18,33
13,17,37
3,7,7
8,9,8
13,15,35
11,18,41
13,14,19
12,18,42
13,13,11
13,15,38
34,20,6
20,13,3
12,22,46
18,22,51
2,6,8
8,10,20
2,11,21
28,22,14
12,17,35
1,19,33
24,21,16
3,15,27
2,22,39
20,15,7
19,19,32
18,20,45
28,20,10
4,17,32
14,14,23
4,6,2
23,22,36
41,23,7
22,22,34
4,12,25
23,23,47
2,16,29
27,22,14
2,9,14
10,15,35
17,17,24
50,22,2
34,18,3
17,21,43
21,22,48
16,13,9
39,20,5
26,12,0
14,16,39
4,21,40
10,14,34
6,20,40
18,19,37
22,13,4
2,19,34
11,16,35
3,23,41
5,10,21
44,20,3
55,20,2
19,18,27
21,22,44
19,19,31
12,19,44
0,7,9
15,19,42
12,13,16
3,10,19
20,22,21
12,19,39
3,15,29
20,20,43
3,18,34
37,23,9
16,21,43
14,14,21
5,18,36
14,20,44
16,18,35
19,17,14
4,16,32
24,22,41
15,15,28
30,20,8
20,23,20
19,20,28
18,22,46
21,23,30
13,10,5
19,12,4
17,20,43
25,19,11
18,18,22
6,7,9
23,23,44
18,18,41
14,15,24
20,12,3
24,22,16
23,23,46
7,5,1
16,16,33
18,23,53
15,17,42
4,13,25
18,18,29
20,20,28
31,22,12
38,21,5
1,7,9
20,21,35
6,19,38
5,7,7
0,6,4
3,8,13
19,22,18
12,9,5
22,18,11
27,15,1
8,17,36
1,19,34
58,21,3
28,16,3
38,21,6
16,16,27
59,19,0
22,20,25
33,18,5
6,9,11
1,15,28
12,8,1
3,10,20
3,17,32
18,12,2
19,19,17
4,22,39
13,19,42
1,8,13
5,11,24
25,14,3
57,22,3
36,17,0
2,7,11
21,21,40
59,21,3
47,21,2
42,19,1
55,19,0
16,19,40
34,18,2
59,20,2
5,23,42
20,13,4
19,22,44
43,21,4
30,19,8
22,23,53
17,17,18
17,17,29
16,18,37
15,16,33
61,18,0
11,9,6
54,22,3
0,16,28
6,9,16
19,10,1
10,22,44
31,19,6
4,14,28
0,6,9
21,20,41
7,5,0
15,20,41
15,9,2
13,12,10
4,8,10
3,19,36
44,19,2
42,18,0
13,13,21
20,15,8
19,20,40
13,14,24
14,13,10
9,14,27
9,7,2
33,20,6
6,8,16
11,14,28
16,15,23
9,11,18
21,20,40
18,19,40
23,14,4
2,21,38
21,23,48
15,15,31
12,23,47
8,16,34
17,15,10
12,13,23
21,21,31
5,13,27
17,19,41
5,20,40
18,13,4
32,22,11
29,19,7
5,22,42
17,16,20
47,20,2
23,17,9
60,20,3
6,17,32
40,23,8
9,21,42
8,19,38
2,18,31
43,19,1
15,23,51
21,22,24
40,21,6
11,12,21
25,17,7
17,11,3
18,17,23
49,22,2
44,21,3
22,12,2
34,16,1
18,19,39
26,13,2
19,22,46
14,21,47
15,11,5
6,13,25
7,9,15
29,15,1
3,9,18
18,13,7
14,10,5
0,16,29
8,23,44
17,13,6
7,8,6
6,16,32
13,13,13
19,21,50
2,10,16
7,10,12
16,18,43
20,23,52
38,23,10
18,21,48
24,15,5
14,9,2
8,11,19
13,23,49
10,19,39
48,22,2
32,19,6
16,15,11
41,22,7
13,16,37
12,12,21
10,10,15
9,19,41
40,21,4
12,12,14
0,10,17
16,14,11
3,7,9
32,22,10
16,16,18
19,17,11
5,9,15
32,19,5
22,22,41
19,18,13
19,13,5
20,21,32
7,23,45
23,23,26
21,17,9
34,20,7
