60,23,63
51,13,63
59,17,63
63,0,52
49,7,62
60,1,57
59,9,61
56,3,59
47,7,63
50,5,61
55,13,62
63,15,63
53,15,63
63,1,51
60,0,55
56,11,62
60,0,54
62,3,56
59,1,56
53,2,60
63,9,61
57,4,60
53,0,58
57,10,61
57,4,61
50,11,62
63,3,55
55,10,61
51,3,61
57,13,63
52,14,63
57,9,61
49,11,62
48,8,62
60,12,62
63,3,57
51,1,61
60,2,59
52,1,60
63,3,56
57,11,61
49,9,62
63,3,54
51,5,61
50,0,61
57,2,59
56,10,61
53,4,60
60,21,63
62,7,61
56,13,62
58,2,59
60,18,63
59,20,63
54,12,62
48,0,63
59,3,59
51,14,63
49,1,62
63,0,49
53,12,62
51,4,61
60,3,60
58,15,63
56,2,60
54,1,59
62,19,63
48,8,63
52,2,60
63,13,63
60,4,61
54,0,57
59,12,62
55,1,59
55,2,59
49,0,63
56,17,63
54,8,61
63,5,60
50,5,62
63,16,63
59,1,58
56,0,58
57,5,61
61,7,60
51,12,62
50,6,61
48,6,62
56,1,59
51,11,62
62,0,53
48,7,63
51,9,62
54,14,63
53,5,61
51,10,61
58,19,63
48,6,63
53,10,61
49,0,62
61,20,63
49,2,62
50,2,62
48,5,62
61,1,54
62,0,51
56,4,60
57,5,60
55,15,63
49,4,62
61,2,54
62,12,61
58,18,63
59,11,61
54,6,61
53,7,62
62,2,56
54,15,63
56,16,63
49,6,62
49,10,62
62,17,63
53,1,59
63,0,50
55,11,62
53,14,63
50,4,62
53,4,61
60,5,60
57,0,58
62,4,59
51,6,61
61,3,59
55,0,57
63,4,60
55,17,63
63,1,52
61,12,62
52,12,63
62,12,62
59,19,63
53,3,60
57,17,63
55,8,61
59,4,61
60,1,56
63,4,56
58,0,54
55,4,60
52,0,58
49,8,62
54,5,60
56,15,63
61,0,53
62,3,55
56,2,59
60,14,63
52,4,61
53,2,59
63,10,61
60,12,61
50,0,62
59,3,61
61,1,53
52,6,62
47,8,63
56,14,63
63,2,53
55,9,61
58,11,62
57,0,56
57,12,62
58,0,55
60,13,62
50,7,62
59,3,60
56,5,61
57,12,61
62,11,61
62,2,54
50,6,62
62,3,59
60,20,63
62,9,61
56,12,62
58,9,61
50,12,63
53,13,63
53,16,63
58,11,61
61,4,60
63,2,54
52,12,62
56,9,61
56,11,61
58,8,61
49,2,63
61,11,61
63,1,53
61,13,62
55,7,61
52,11,61
61,3,57
52,2,59
59,0,56
55,14,63
52,6,61
49,11,63
58,12,63
61,21,63
60,3,59
57,0,57
60,11,61
54,17,63
50,8,62
63,0,51
55,12,62
60,16,63
60,9,61
60,2,58
59,14,63
58,3,60
58,12,61
60,0,53
61,19,63
61,0,51
54,9,61
54,2,59
58,1,57
62,13,62
56,3,60
59,2,58
52,12,61
60,1,55
51,10,62
61,2,56
61,16,63
59,2,59
62,3,58
51,2,61
62,10,61
54,12,61
52,7,61
58,1,56
59,1,55
61,17,63
49,12,63
60,7,60
55,3,59
59,0,55
57,6,61
48,12,63
59,0,54
51,12,63
53,7,61
63,12,61
62,5,60
48,1,63
58,3,59
57,1,59
52,15,63
54,4,60
51,0,60
60,13,63
63,7,61
58,17,63
59,15,63
54,13,63
52,3,61
53,3,61
52,16,63
61,2,57
52,0,60
51,7,62
54,16,63
58,2,60
52,5,61
62,13,63
57,11,62
52,13,63
52,0,59
59,8,61
63,5,59
63,8,61
51,1,60
58,0,56
55,11,61
58,12,62
59,12,61
62,2,55
53,6,61
56,0,56
58,13,63
53,12,61
61,0,52
55,0,58
61,9,61
47,11,63
62,6,61
50,1,61
50,1,62
54,3,60
53,8,61
52,7,62
62,16,63
57,16,63
61,5,60
62,6,60
57,7,61
55,3,60
54,5,61
55,13,63
52,3,60
61,3,58
56,6,60
60,15,63
50,11,63
62,0,52
57,3,60
60,1,54
59,10,61
57,1,57
51,2,60
61,8,61
61,10,61
54,13,62
53,8,62
61,1,55
58,14,63
60,7,61
63,4,57
63,4,59
54,10,61
60,22,63
63,6,60
60,19,63
50,12,62
57,14,63
49,1,63
56,18,63
62,1,53
61,7,61
49,9,63
56,6,61
57,0,55
60,3,58
57,8,61
57,13,62
58,4,61
62,1,54
48,11,63
63,12,63
54,1,58
48,9,62
59,1,57
49,10,63
60,2,57
55,10,62
51,11,61
57,1,58
49,8,63
58,13,62
58,1,58
58,16,63
63,4,58
61,2,58
56,1,58
55,6,60
50,9,62
58,2,58
49,13,63
55,2,58
60,8,61
55,1,58
57,15,63
60,0,52
62,3,57
63,13,62
57,19,63
54,3,59
51,8,62
63,6,61
59,21,63
58,10,61
51,7,61
57,18,63
63,2,55
55,5,60
56,8,61
63,11,62
54,7,61
59,18,63
50,3,62
62,4,58
58,3,61
54,7,60
50,2,61
48,2,63
50,10,62
56,13,63
54,11,61
53,17,63
63,14,63
62,4,60
56,0,57
62,0,50
63,12,62
58,1,59
50,13,63
59,2,57
49,7,63
59,0,53
53,12,63
51,0,61
55,16,63
51,0,59
50,4,61
61,13,63
61,18,63
59,23,63
52,2,61
55,7,60
63,9,62
60,17,63
48,9,63
61,22,63
59,13,63
60,4,60
47,6,63
54,0,58
61,3,60
52,1,59
61,2,55
63,17,63
53,9,61
48,7,62
59,16,63
54,6,60
53,11,61
63,11,61
56,5,60
59,13,62
53,1,58
49,5,62
62,1,52
61,12,61
58,0,57
57,2,60
51,6,62
60,2,56
