46,18,50
17,10,44
20,9,42
0,19,58
34,18,47
61,14,58
11,11,47
59,8,44
47,18,54
27,6,30
32,12,36
4,15,52
33,7,28
25,17,52
22,19,58
53,1,36
4,6,35
25,8,35
0,17,54
62,6,44
14,8,45
21,6,36
40,8,35
61,9,47
25,20,59
13,0,30
3,2,29
58,12,49
16,0,30
3,16,53
28,17,48
25,9,36
52,15,50
7,3,29
34,23,63
22,18,54
56,11,46
57,16,56
22,9,40
38,21,54
28,12,42
33,8,30
5,16,53
18,12,49
14,11,49
60,3,32
25,2,24
11,7,40
39,20,56
28,4,26
44,11,41
32,14,38
29,5,26
12,9,46
8,4,34
12,18,63
34,17,48
37,13,37
16,13,52
51,12,43
56,8,41
44,20,51
18,10,44
61,8,36
55,9,42
58,13,53
14,4,36
51,19,63
62,6,45
62,1,29
14,5,41
44,12,43
21,17,57
38,13,41
51,5,38
34,19,52
10,5,37
32,5,26
33,11,35
22,20,60
10,14,53
33,12,35
27,18,48
3,12,47
3,5,32
36,3,27
10,15,54
54,0,35
30,22,58
58,0,33
28,11,38
34,9,31
22,18,59
54,13,49
13,3,37
59,5,41
19,7,39
32,2,23
18,18,61
39,7,30
6,6,37
62,13,55
50,15,48
61,8,44
9,2,30
53,12,44
23,13,42
21,4,32
32,12,37
4,7,36
19,16,56
14,2,32
35,9,32
20,14,49
62,3,27
57,15,57
26,15,48
6,8,42
35,10,34
52,13,47
42,0,32
4,9,40
10,2,29
55,1,36
10,18,60
19,8,40
58,16,58
50,10,40
59,14,56
47,15,45
47,19,54
53,17,57
51,2,37
15,12,49
60,4,37
35,13,38
20,10,44
20,16,57
9,11,45
2,19,58
6,12,48
17,2,32
61,0,32
42,20,58
31,17,49
61,8,47
48,3,36
33,9,32
47,18,53
39,9,34
45,20,58
11,9,45
15,14,57
6,13,47
7,15,52
9,3,31
33,6,27
9,8,40
54,7,41
2,12,48
47,18,51
10,2,33
25,4,28
17,10,46
8,1,28
18,1,31
29,17,50
2,6,32
19,15,52
44,21,63
60,11,49
3,0,23
7,18,60
25,4,26
28,15,46
9,6,37
29,11,39
14,13,54
35,21,55
8,15,53
22,19,54
42,19,54
55,14,52
13,15,57
23,12,42
25,17,53
0,20,60
5,2,28
24,5,28
22,13,48
36,22,59
3,10,42
21,11,43
49,13,43
32,10,33
31,3,25
31,13,38
41,20,56
27,15,48
28,13,41
48,7,38
61,13,57
7,8,41
28,13,43
48,17,51
29,16,45
36,19,51
22,10,40
55,8,42
2,19,57
11,12,48
1,11,43
36,20,55
29,22,62
25,11,41
18,18,62
63,6,41
63,1,25
63,6,24
4,14,49
12,7,41
9,10,45
60,5,34
32,18,46
39,14,43
16,2,33
8,2,29
53,17,56
45,20,55
28,8,33
49,19,63
44,16,46
3,9,42
28,5,26
61,7,45
23,10,39
63,3,2
41,7,33
23,5,32
62,13,59
62,5,34
17,3,34
6,1,27
63,2,24
32,23,60
61,9,48
46,6,36
23,7,35
34,10,33
9,12,48
47,19,58
35,20,54
0,8,35
38,10,34
21,14,49
62,7,44
22,20,61
0,12,44
16,12,51
41,9,37
18,0,29
14,10,47
63,13,57
28,16,47
42,15,46
0,13,46
26,22,62
56,9,44
10,18,59
0,5,32
33,17,44
56,10,43
6,6,39
20,12,45
38,12,38
27,4,27
19,20,62
20,13,47
4,5,34
56,12,46
26,10,40
8,18,59
15,13,53
62,3,1
23,21,62
63,8,31
62,5,40
8,5,38
38,14,43
16,9,41
1,10,39
59,10,47
20,17,57
44,16,48
37,11,36
33,4,24
3,11,46
58,9,44
25,18,56
36,14,39
10,17,58
18,3,33
60,4,33
23,18,55
31,22,62
8,4,33
58,10,46
39,21,55
38,14,42
47,20,61
8,19,61
56,7,41
37,7,30
61,14,56
50,6,37
31,20,55
42,11,40
24,3,27
39,22,63
35,1,25
1,10,41
34,11,36
43,18,51
41,17,47
19,18,61
46,8,38
44,19,50
31,2,23
14,10,45
44,19,55
4,7,39
22,5,32
27,17,52
19,17,58
30,14,44
38,11,36
29,1,23
17,11,45
17,16,56
49,10,39
5,19,59
10,10,44
29,5,27
15,5,39
41,11,41
38,1,28
33,8,29
30,23,62
47,19,55
31,11,38
2,8,36
8,4,31
9,15,53
61,12,52
30,1,23
56,14,52
23,16,51
15,12,50
29,15,43
0,17,55
23,8,37
62,4,30
16,7,39
2,3,28
2,17,54
22,13,47
34,11,34
2,15,50
9,4,37
39,5,29
23,4,32
39,5,28
43,6,33
31,11,36
47,13,44
2,17,55
50,18,58
41,14,41
18,15,54
38,20,53
60,14,56
34,8,31
54,15,51
22,1,26
39,20,53
1,4,31
11,13,50
63,8,40
30,4,25
43,20,54
1,4,30
26,20,56
21,1,28
26,9,36
21,9,39
44,17,47
51,18,63
18,17,57
44,3,33
4,12,45
41,22,61
7,20,62
17,11,48
19,7,38
61,6,38
35,17,44
41,15,45
58,7,42
45,21,62
0,0,24
62,1,30
13,5,37
39,8,32
61,14,59
35,22,59
9,17,57
45,20,61
5,7,37
21,18,56
7,10,45
39,17,48
19,13,49
25,5,29
61,4,42
13,16,58
46,11,41
40,11,38
30,0,21
21,19,58
59,13,52
31,23,61
53,11,42
27,5,27
53,1,37
19,19,63
61,3,28
35,20,55
22,3,28
43,6,35
26,0,23
52,15,49
24,7,35
26,21,62
25,6,33
35,16,45
44,7,36
5,20,60
40,15,44
25,21,63
48,12,43
47,8,39
57,5,39
20,20,61
19,3,34
43,7,37
59,2,38
48,16,47
16,10,43
13,13,52
50,18,54
54,1,36
42,8,36
60,6,34
25,10,40
18,8,39
61,13,54
46,4,34
32,23,61
58,13,48
15,6,41
57,15,53
52,5,37
25,14,48
38,15,44
7,15,53
13,7,44
50,13,45
30,22,63
24,4,30
44,20,61
16,1,30
47,11,40
63,14,59
36,6,29
1,1,24
46,5,35
61,6,36
2,10,43
43,20,58
39,6,31
50,18,60
33,20,54
6,6,34
63,0,23
25,22,63
37,2,27
24,10,36
51,15,48
12,3,36
5,12,46
13,2,35
28,12,40
30,13,41
4,21,63
36,12,36
38,16,45
34,7,28
45,19,51
2,20,61
59,4,36
26,20,59
19,12,47
60,5,36
35,11,36
43,11,42
38,21,57
57,6,41
25,5,28
5,17,55
30,3,25
3,14,50
41,18,48
42,21,63
37,9,33
63,0,25
48,8,37
20,2,28
34,18,46
50,9,39
61,0,26
33,18,45
39,7,31
63,7,27
22,6,36
38,5,28
14,4,38
17,1,30
45,5,35
45,8,37
56,2,38
45,10,39
2,9,40
23,2,27
17,16,59
63,8,28
3,2,27
16,14,56
17,13,53
26,18,56
0,10,40
26,18,55
62,6,36
42,18,48
23,0,25
16,17,61
40,18,50
54,18,63
59,15,59
17,8,42
28,3,24
47,12,42
63,8,49
10,3,33
13,5,40
63,13,55
1,0,23
28,7,31
40,18,49
8,12,46
47,19,60
29,16,43
19,2,30
0,10,37
35,16,44
24,13,44
34,23,61
36,15,41
3,1,27
1,9,39
63,5,34
15,17,63
28,18,48
14,18,63
6,10,45
22,0,25
62,2,0
2,9,41
63,13,54
37,11,37
41,4,32
14,12,50
13,10,46
12,11,49
34,6,26
24,21,63
46,11,40
53,10,41
25,12,43
63,14,63
5,21,62
16,16,60
48,19,62
12,4,36
0,14,48
56,14,53
5,6,37
58,16,60
62,12,55
2,8,35
37,9,31
49,15,48
16,4,35
63,7,45
34,6,27
20,3,33
50,10,39
35,21,57
27,8,32
36,20,54
28,19,56
42,10,38
61,2,28
19,19,61
46,18,49
37,7,31
13,17,62
45,10,41
2,9,37
50,11,40
13,18,60
35,20,51
23,3,28
57,11,48
41,7,35
19,9,42
14,13,53
19,11,46
13,17,59
15,2,32
53,8,40
59,13,51
0,17,53
38,9,32
46,4,35
51,18,60
13,4,39
58,15,56
60,3,33
7,4,34
44,5,33
29,17,47
21,15,52
13,0,31
6,20,63
4,10,43
44,4,34
62,0,30
28,21,61
22,17,55
29,13,44
21,10,40
11,2,32
29,6,30
39,9,35
9,4,33
23,14,46
46,12,42
51,16,53
1,12,44
1,2,25
24,11,41
52,18,60
27,17,53
51,18,55
4,5,33
19,10,44
63,9,49
4,11,45
60,7,38
36,22,61
28,20,56
33,19,50
0,13,48
43,20,55
45,14,44
41,12,42
52,16,53
16,12,50
16,0,31
41,9,36
8,8,42
50,19,63
53,18,62
63,7,35
36,10,33
47,15,46
11,18,62
13,18,61
30,7,30
1,7,34
48,17,50
36,18,47
28,18,52
9,17,58
62,7,36
2,2,28
11,10,47
33,22,61
10,19,63
51,1,36
47,19,61
10,3,31
57,5,40
18,2,33
29,22,60
34,11,35
55,3,38
10,4,37
2,0,24
14,14,56
31,6,27
61,13,56
48,19,63
40,13,41
21,8,39
2,8,37
41,0,30
3,17,54
62,5,29
8,17,55
1,6,34
37,10,35
62,8,40
63,12,53
59,0,32
21,18,54
62,6,31
16,6,38
47,6,35
61,1,29
52,13,45
22,9,41
51,17,53
63,7,28
62,7,39
27,4,25
59,3,34
56,0,36
29,22,61
24,1,24
0,0,23
24,15,48
39,18,50
43,10,37
63,13,58
24,20,59
39,11,38
30,21,57
7,19,62
52,7,39
43,8,36
29,20,57
15,15,56
48,15,46
3,4,30
61,4,39
34,21,56
39,12,41
2,21,61
59,14,55
0,3,25
31,11,35
24,2,24
21,18,58
44,18,49
63,15,59
16,12,49
12,1,32
4,0,25
24,6,31
54,17,60
62,14,61
33,22,59
39,16,45
45,13,43
3,19,57
8,13,48
41,20,53
52,8,40
35,7,29
25,18,57
56,1,38
17,9,44
14,16,59
33,15,44
35,15,43
54,2,37
40,4,29
15,8,42
32,9,33
19,15,55
11,8,44
12,13,50
7,5,34
18,11,47
26,8,35
27,11,38
18,18,60
8,3,31
30,15,43
51,13,45
30,10,34
61,4,32
23,7,37
43,7,36
10,8,43
37,13,41
59,15,63
28,10,36
63,7,29
31,5,27
22,8,39
3,15,50
29,17,51
25,14,47
49,5,37
24,6,32
58,12,51
1,16,52
57,10,45
27,0,23
4,9,39
12,13,53
49,17,48
44,0,33
13,9,47
1,21,63
29,18,48
15,2,33
58,13,51
41,18,49
41,15,42
49,16,50
33,19,51
40,0,29
43,11,40
37,22,61
42,7,36
63,7,31
49,20,63
13,5,36
19,17,56
5,12,48
57,15,59
32,14,42
21,18,60
8,16,54
24,10,37
24,16,53
16,11,49
63,2,22
32,6,28
30,17,47
27,12,41
29,8,30
45,12,43
27,14,45
33,13,40
0,4,30
8,18,58
51,3,37
35,11,35
59,15,61
12,3,35
20,3,32
50,14,45
29,3,25
29,18,52
54,6,39
46,14,44
5,18,57
49,12,42
44,16,47
4,16,53
10,17,57
16,6,40
27,21,60
31,4,26
22,3,30
62,2,27
33,23,61
18,16,57
20,12,44
48,17,49
62,9,48
63,4,25
4,18,57
18,17,59
44,7,37
31,19,51
36,9,32
24,11,36
62,4,27
41,5,32
33,1,24
47,8,38
38,22,62
20,11,43
58,15,59
60,13,56
42,6,34
26,16,50
9,20,63
10,16,54
15,15,58
15,7,40
17,9,43
28,6,29
21,18,57
5,6,38
5,20,62
3,10,40
20,5,36
63,10,51
7,3,30
35,22,61
57,13,51
6,5,36
42,15,45
53,13,46
3,16,51
54,17,59
62,9,50
4,10,42
22,7,36
1,15,50
32,22,60
24,16,48
26,5,30
26,12,41
19,19,62
34,7,29
27,16,50
44,21,60
27,7,29
62,11,53
33,9,33
43,20,57
6,3,30
54,3,37
51,14,47
39,3,29
25,1,23
13,9,45
60,9,46
11,7,41
13,3,36
27,12,38
28,22,61
57,1,34
7,18,58
39,6,30
18,19,61
4,12,46
56,15,57
24,17,51
62,4,41
44,8,38
34,22,59
22,14,44
9,10,43
3,18,57
3,10,44
21,19,54
57,15,56
41,8,34
20,15,55
38,20,56
4,6,36
46,0,35
12,1,33
40,3,30
56,16,63
59,15,62
22,15,52
51,16,51
61,5,41
53,16,53
42,16,47
28,7,30
26,19,56
15,4,36
52,12,44
20,0,28
25,18,53
30,5,27
63,6,31
10,13,49
39,10,38
63,11,55
13,2,36
18,13,52
5,13,48
42,13,44
14,12,51
30,23,63
50,4,37
2,4,30
23,17,52
24,19,60
46,10,41
37,20,54
57,12,49
60,14,59
0,21,62
62,12,53
26,5,29
48,6,36
60,12,53
3,20,62
32,11,36
31,0,22
30,8,31
21,3,31
1,20,61
22,19,62
62,5,31
19,1,31
53,3,38
59,5,38
25,17,54
53,16,57
14,5,38
31,7,30
31,6,28
48,18,50
30,17,50
54,16,56
23,18,57
25,9,39
33,22,60
29,15,42
50,8,39
42,7,33
41,20,55
21,19,61
53,16,55
61,3,32
19,5,34
1,2,26
57,16,61
52,8,39
38,17,47
22,12,46
18,18,59
62,8,47
33,21,57
20,12,47
30,20,55
38,19,52
8,11,44
17,11,47
30,13,39
5,0,24
25,17,50
15,16,57
25,10,37
33,22,57
28,11,37
49,9,40
41,17,48
16,1,31
22,12,44
43,21,60
54,14,50
3,17,53
6,17,55
61,5,27
61,5,40
47,5,36
36,1,27
54,17,61
36,18,48
42,4,32
13,15,55
47,9,39
37,22,60
55,14,49
49,14,45
60,15,61
19,8,39
63,3,0
0,10,38
10,11,48
54,12,47
11,14,51
58,6,42
9,14,51
60,14,54
44,18,50
62,3,2
19,4,33
14,9,44
17,7,41
36,7,29
38,11,37
38,6,30
61,5,33
14,16,60
56,1,36
5,20,63
41,14,44
62,6,34
62,6,40
59,11,50
22,2,25
7,9,41
6,12,46
4,21,62
44,14,45
39,21,57
61,6,35
3,1,25
6,5,35
8,8,40
49,7,37
24,5,29
32,17,48
3,10,43
12,10,45
1,9,38
23,0,24
60,9,48
59,13,54
36,15,42
12,11,48
23,20,62
1,13,45
9,13,51
24,19,59
61,6,41
0,14,51
62,8,29
39,17,46
28,0,22
47,20,62
34,18,49
7,5,36
5,17,56
32,22,59
11,13,51
21,1,26
32,19,52
1,6,32
0,15,52
17,1,31
41,10,39
22,4,31
17,8,41
32,21,58
49,19,60
23,6,35
36,19,48
20,2,30
43,21,57
36,20,53
7,9,43
63,8,30
51,17,55
6,17,57
3,0,24
63,6,26
23,7,36
49,19,61
26,12,44
40,10,35
59,12,50
40,12,40
36,18,46
60,11,48
55,13,49
24,11,43
14,18,62
58,8,44
5,2,29
34,19,50
22,11,44
32,1,23
16,5,38
20,15,51
11,10,44
0,13,44
42,7,35
63,8,46
11,2,34
49,13,45
20,19,60
37,10,34
63,8,48
28,22,63
58,1,38
31,14,40
11,8,43
50,3,37
61,3,30
33,12,36
45,4,34
40,21,59
62,2,26
6,4,33
11,15,56
23,13,43
30,16,46
8,14,50
61,6,29
37,21,57
1,18,56
33,16,45
38,20,55
33,4,25
3,8,40
34,22,58
1,5,30
59,7,42
20,11,45
27,9,36
59,16,63
21,2,28
51,19,62
63,10,45
41,19,52
28,20,58
37,23,63
27,17,50
56,5,39
27,20,56
54,13,47
56,14,50
29,3,24
1,12,45
57,0,36
23,8,36
45,19,52
12,9,45
60,4,38
61,5,28
1,6,33
4,2,30
15,10,46
2,21,62
29,21,61
53,16,52
56,0,35
61,12,51
57,1,35
14,3,36
4,8,37
25,8,36
52,18,62
15,0,30
16,17,59
23,13,46
21,11,42
0,15,51
24,17,55
45,7,36
15,6,39
36,21,56
36,14,40
11,9,44
51,13,44
42,8,37
57,0,34
48,18,55
62,14,60
24,11,37
63,7,47
61,5,35
53,6,39
27,19,56
8,7,39
55,15,54
61,0,29
45,6,36
18,12,48
2,3,27
27,9,34
20,15,52
13,17,61
17,6,38
21,20,63
40,17,48
40,9,36
53,10,43
9,3,33
57,16,60
47,17,48
6,11,44
25,13,46
55,15,51
54,15,54
15,13,52
33,5,26
6,17,54
36,23,62
7,11,45
59,11,47
7,4,33
40,19,51
27,12,43
26,21,60
59,1,32
12,15,56
60,4,35
36,12,37
4,1,27
19,0,29
50,17,54
8,20,62
59,5,40
12,18,60
33,0,23
22,20,62
27,16,49
17,6,36
28,4,27
1,8,36
9,12,49
1,5,31
11,1,31
28,4,25
30,19,52
47,14,44
31,18,50
36,17,45
39,19,50
26,1,24
0,2,25
23,21,63
59,4,41
60,5,33
38,12,37
21,5,34
17,0,29
57,1,37
50,15,47
41,9,35
46,11,42
47,15,47
44,20,59
54,16,52
34,14,41
26,8,33
27,14,43
24,3,26
32,19,50
6,15,52
54,7,39
15,18,63
11,17,59
48,13,43
48,18,58
44,20,54
52,0,36
5,9,42
29,19,56
24,20,58
21,16,53
19,6,36
27,10,35
8,10,45
44,15,45
44,9,38
18,14,53
0,2,24
52,17,57
35,18,43
33,18,44
62,3,26
53,9,42
4,10,44
24,15,49
15,3,34
58,4,37
4,3,30
16,5,36
37,19,51
24,8,38
33,22,62
47,10,41
39,13,42
63,3,25
28,19,54
13,0,32
47,17,50
56,8,42
30,20,56
34,16,42
25,20,60
34,21,57
1,16,53
49,9,39
29,15,46
13,5,38
46,12,43
22,18,57
36,8,31
46,18,52
5,6,36
54,13,48
53,7,39
59,6,37
4,19,58
52,2,37
58,16,62
4,8,39
35,18,44
51,0,36
1,12,47
57,1,33
8,13,49
35,14,39
24,15,47
58,15,53
2,7,34
22,21,63
8,12,48
40,20,55
41,21,58
49,18,54
15,12,53
2,7,36
34,22,60
45,18,52
58,14,52
38,21,59
35,5,28
59,10,45
62,0,26
5,11,44
16,14,55
60,13,53
38,13,42
10,8,41
28,11,39
11,17,60
38,22,60
13,16,57
38,12,40
62,7,40
22,8,37
1,3,29
30,14,45
23,14,47
9,5,35
0,11,41
6,18,57
24,16,50
60,8,38
31,11,37
43,19,52
35,6,29
22,15,46
50,18,55
6,7,41
55,13,48
40,12,41
36,13,40
52,17,60
39,8,34
48,14,46
5,15,53
1,22,63
59,6,42
12,5,39
18,17,58
54,5,38
46,7,36
45,11,40
38,15,45
53,13,48
1,4,29
30,22,62
54,15,50
24,9,37
37,4,28
60,8,45
9,11,46
24,16,49
60,5,38
4,17,55
23,15,49
36,0,26
6,11,45
19,3,31
45,7,37
20,2,29
36,2,27
36,11,34
32,14,41
20,7,39
26,11,38
4,13,48
26,9,38
41,21,57
44,20,55
47,16,47
8,17,57
62,11,50
31,6,26
53,17,62
62,11,51
42,10,39
59,7,43
7,19,60
2,1,24
34,12,37
27,8,33
1,20,59
50,12,43
6,15,53
14,7,43
20,11,44
37,22,59
10,9,42
17,7,39
54,17,63
41,15,41
35,23,63
59,4,38
45,19,55
27,19,53
24,21,59
42,13,42
30,3,23
19,11,44
39,4,28
23,11,40
39,21,54
4,13,49
22,18,58
37,3,28
54,9,42
27,17,49
63,5,32
56,3,38
61,15,61
61,14,63
24,14,48
33,13,37
28,2,24
29,15,45
9,18,59
12,15,55
34,17,45
12,8,42
63,0,24
16,15,57
26,18,53
34,5,25
4,8,42
14,16,57
27,12,40
40,13,43
45,13,42
29,13,41
49,8,39
24,5,30
23,9,40
32,19,54
11,8,42
50,3,36
9,2,29
5,5,32
40,20,52
30,19,48
24,13,43
20,3,31
11,16,58
2,14,50
21,11,40
32,3,23
0,16,52
38,14,41
60,14,57
44,19,51
0,7,33
9,18,58
22,19,59
2,12,45
49,18,56
26,16,48
13,17,60
27,11,37
23,15,48
10,4,35
31,22,60
21,16,56
54,12,44
0,3,26
20,20,62
6,16,53
45,10,40
41,5,31
11,3,36
46,17,49
15,1,32
60,10,48
16,2,32
37,2,28
36,16,43
18,7,40
62,14,57
34,16,43
37,0,26
35,22,58
57,14,54
58,2,34
1,12,48
28,10,35
18,15,53
44,19,56
58,9,45
23,4,29
36,8,30
10,8,42
20,18,59
6,9,43
7,10,42
24,15,51
5,9,41
1,11,42
34,19,53
53,2,36
37,1,27
11,18,60
26,4,26
23,15,50
35,19,49
63,8,38
33,2,24
55,17,63
29,20,55
58,15,58
59,14,57
33,16,44
3,14,49
27,11,40
32,16,45
33,19,52
60,1,32
58,12,50
35,19,50
13,3,35
55,15,53
38,22,59
32,18,45
6,13,48
29,9,32
16,14,54
61,7,44
38,11,35
54,17,58
39,19,49
29,0,22
51,15,49
30,22,61
31,18,49
34,17,47
34,0,25
35,18,49
57,3,36
42,22,63
16,18,62
56,16,58
52,16,56
15,1,31
61,7,43
4,18,56
27,18,55
58,15,62
27,9,37
41,9,38
58,3,36
9,18,61
56,16,57
5,15,50
6,20,61
56,12,48
1,14,51
36,17,46
31,4,25
32,13,38
37,9,30
8,14,51
16,18,63
44,9,39
55,6,39
17,17,60
26,5,27
14,6,41
15,16,58
23,11,41
41,7,34
25,0,23
8,15,51
43,9,37
32,2,24
39,15,44
43,19,51
54,11,44
60,6,35
35,8,30
43,5,34
3,17,55
11,19,63
21,13,47
21,18,53
23,4,28
32,13,39
47,18,50
2,8,38
38,21,56
34,13,38
25,21,62
55,17,62
40,5,30
62,14,58
1,13,47
41,14,42
12,13,52
22,14,46
21,20,61
2,3,29
3,15,52
40,10,39
51,17,58
37,14,42
10,2,30
56,17,59
13,4,38
28,17,50
49,17,50
19,17,55
25,16,49
36,10,34
62,14,59
55,10,43
25,8,34
11,6,38
44,8,37
20,0,27
40,10,37
7,19,61
45,19,59
29,22,63
56,1,35
8,17,54
19,20,61
32,12,35
63,3,32
28,18,54
33,13,39
12,9,44
62,0,25
59,16,62
61,15,63
28,22,62
21,0,27
40,14,41
19,12,48
40,13,42
50,12,42
57,3,34
5,6,34
61,3,29
62,5,33
60,3,39
38,23,63
60,15,60
26,17,51
5,14,50
54,10,43
57,13,52
15,5,36
34,20,52
33,21,59
59,12,51
15,3,35
21,2,29
36,22,58
13,9,46
59,11,48
4,3,29
62,5,41
55,5,38
42,21,57
40,11,39
58,2,38
16,9,45
29,20,58
17,0,28
50,1,36
56,15,56
57,16,63
20,16,55
19,18,60
12,5,40
10,6,39
61,9,46
41,0,31
36,4,27
51,1,37
31,22,58
0,5,31
24,3,28
62,3,0
27,19,55
22,9,39
22,19,57
23,10,42
32,19,53
37,6,28
27,15,47
24,19,56
41,16,47
32,18,50
41,22,63
46,19,52
27,10,39
7,10,43
63,1,23
15,11,46
54,11,45
27,17,48
42,10,40
0,7,32
37,20,53
28,18,53
27,4,26
11,15,53
9,6,38
9,5,36
16,3,34
26,4,27
45,17,49
4,0,26
35,20,52
34,22,62
36,19,50
24,21,58
20,12,48
31,3,23
4,2,29
17,5,37
45,20,63
37,19,52
8,15,54
39,21,56
31,14,41
58,3,38
45,17,48
45,6,35
49,11,40
22,13,44
0,2,26
6,3,31
59,4,40
58,3,34
9,19,61
13,15,56
9,4,35
51,18,62
19,0,28
5,12,47
5,21,63
1,17,55
18,2,31
49,5,36
59,5,35
2,11,46
23,6,34
61,7,39
38,22,61
30,6,29
28,5,28
15,0,29
22,16,53
13,1,33
5,0,27
57,2,34
21,13,49
61,4,28
32,11,37
49,19,62
25,15,49
15,10,45
62,8,41
20,5,34
14,9,46
43,18,48
49,15,46
51,17,54
54,1,37
2,2,27
25,15,48
42,0,31
49,0,36
50,7,38
15,11,48
36,17,44
44,13,44
63,2,32
12,2,33
59,9,46
61,14,62
3,20,59
25,12,44
20,8,38
4,7,37
57,0,32
29,23,63
2,12,46
50,11,42
44,4,33
1,4,27
38,21,58
7,19,59
63,0,22
35,17,45
22,2,28
44,21,61
14,11,48
11,16,57
12,4,37
26,6,31
48,8,39
16,6,37
7,13,50
33,15,40
36,21,55
1,3,27
15,5,37
5,16,52
3,6,33
36,15,43
37,22,62
10,14,52
57,16,62
62,4,31
4,17,56
44,8,36
5,4,32
33,14,42
39,10,36
48,11,40
54,18,62
61,9,49
43,9,38
42,12,41
25,15,50
25,19,58
51,9,40
0,12,43
25,17,51
17,10,45
8,14,52
51,2,36
5,8,39
55,16,61
24,13,45
61,5,34
30,13,42
11,12,49
27,18,54
27,3,25
29,7,29
13,4,36
22,8,38
25,11,42
1,8,37
8,5,35
20,17,59
58,11,46
14,2,33
14,17,62
14,2,34
3,20,61
62,8,45
27,12,42
63,7,39
14,17,59
56,13,49
46,19,56
34,9,32
58,1,37
42,21,58
4,11,46
37,5,29
57,1,38
10,15,52
29,10,37
45,18,50
39,8,31
63,6,27
15,12,51
54,12,45
26,12,43
30,14,43
24,5,31
2,11,41
14,9,47
15,13,55
7,18,59
34,20,51
56,10,44
45,15,46
24,14,47
61,12,54
34,3,25
20,15,53
62,8,46
63,12,57
2,13,49
2,2,26
37,6,30
32,21,57
15,7,43
63,8,36
34,6,28
62,5,25
55,16,59
22,4,33
14,10,48
4,17,54
1,5,32
11,17,58
18,1,30
12,17,57
2,16,52
18,15,55
61,1,26
37,10,33
41,8,35
33,8,31
56,9,43
46,19,59
58,14,55
16,7,42
56,17,62
3,9,39
54,16,58
14,15,57
47,18,52
49,11,41
35,5,26
17,18,63
7,6,38
3,10,45
58,1,33
52,16,50
63,7,40
41,1,31
25,19,56
34,0,24
47,10,39
29,9,35
7,3,31
30,21,58
28,17,49
27,10,38
37,20,55
5,3,31
4,15,50
35,13,39
22,12,45
56,16,55
27,7,32
2,6,33
0,12,45
41,2,31
47,17,49
1,9,37
58,8,43
22,5,35
19,2,32
42,3,32
23,16,50
17,13,50
61,13,53
34,7,30
47,10,40
33,3,24
43,5,33
3,12,46
58,4,36
30,22,60
22,17,53
56,6,41
24,10,40
47,19,53
61,11,50
34,14,39
60,5,41
55,7,41
57,16,57
62,7,35
38,9,33
61,4,33
28,11,40
56,17,63
20,17,55
49,16,47
35,12,38
26,19,59
6,19,60
59,4,34
1,6,31
14,11,50
6,10,44
16,5,37
57,0,33
35,14,40
13,14,54
23,16,54
18,14,51
18,6,37
10,3,35
19,10,45
11,5,39
23,8,39
37,18,45
20,10,41
24,17,53
11,17,57
30,18,50
57,8,42
11,11,46
24,8,36
13,5,41
24,6,34
63,9,47
4,8,41
20,13,48
6,7,38
16,1,32
19,8,41
32,22,62
38,12,39
35,18,47
4,15,51
28,1,24
27,13,44
12,12,49
26,16,51
21,9,41
54,16,54
47,14,45
17,18,61
8,0,28
26,9,37
60,8,39
2,21,63
27,6,29
14,4,37
46,7,37
58,10,47
0,16,54
17,4,36
27,11,41
38,20,54
60,2,32
38,4,29
40,20,54
24,20,60
36,20,52
42,20,56
24,0,22
33,20,56
62,9,49
4,6,34
24,14,44
28,14,44
30,13,40
63,11,52
2,12,47
37,15,43
62,3,30
28,18,51
27,15,46
22,18,56
3,1,24
31,15,43
55,7,40
33,15,42
14,14,54
56,7,42
15,3,33
46,18,51
50,19,60
30,15,42
26,0,22
9,19,60
29,11,37
4,0,27
9,14,52
14,15,56
35,17,43
7,13,47
26,11,37
21,6,35
17,17,59
61,10,50
27,7,30
15,11,49
32,4,24
56,15,53
11,4,36
23,16,47
29,15,47
60,6,41
1,11,44
25,19,57
60,13,55
19,10,43
25,18,52
28,15,48
12,2,36
6,5,37
45,20,51
61,6,34
41,1,32
63,1,24
40,1,30
18,14,50
6,21,63
56,11,44
59,3,37
28,20,57
40,21,56
5,15,51
33,7,30
5,0,26
28,7,29
10,9,43
20,16,56
5,11,45
63,6,34
32,18,48
6,12,47
8,12,47
38,0,27
9,17,56
13,13,53
42,22,62
32,7,29
22,3,29
3,7,37
12,8,43
34,6,29
17,14,54
53,17,60
14,7,40
52,15,51
9,4,34
40,14,44
12,2,34
2,10,44
58,5,41
33,9,31
2,5,31
5,9,43
51,18,61
3,12,48
18,4,34
12,17,61
36,14,41
3,8,39
11,1,29
30,19,55
35,11,34
38,17,46
30,20,58
22,13,46
1,15,51
20,16,54
50,5,37
42,21,61
30,23,61
27,22,61
26,3,25
29,13,42
4,19,57
9,9,44
30,12,38
7,6,39
61,8,46
22,4,29
23,6,33
0,8,34
38,18,47
26,22,61
5,18,56
19,16,54
62,6,29
29,18,51
26,6,30
26,7,31
44,20,56
62,13,58
26,20,58
6,0,28
3,1,28
63,4,2
10,10,45
62,0,24
60,11,51
2,7,35
8,18,57
9,14,50
18,4,35
11,0,29
2,4,31
55,11,45
61,14,60
40,8,34
3,2,28
45,18,51
35,7,30
21,19,57
4,18,55
9,19,63
28,6,30
9,0,29
58,12,48
36,19,52
59,11,49
0,21,61
28,15,47
61,0,27
44,20,52
62,7,38
62,14,62
50,19,61
48,10,39
50,15,46
42,20,55
62,2,28
13,14,53
24,19,57
32,8,29
35,0,26
11,14,52
51,15,50
51,15,47
38,18,49
26,11,40
25,16,51
31,9,31
16,10,44
50,17,52
55,16,54
23,17,55
19,12,46
55,12,45
43,10,39
28,20,59
20,1,30
41,14,45
19,11,47
54,7,40
22,2,26
23,12,45
23,10,36
51,14,48
25,11,40
24,12,42
11,10,46
6,19,58
56,14,54
31,13,40
59,5,36
14,17,60
60,14,55
40,9,34
20,19,61
54,10,44
26,22,63
21,8,38
33,14,39
30,3,24
6,15,51
19,3,33
40,7,33
27,1,24
2,10,39
19,11,43
32,4,25
3,8,36
48,19,59
23,2,24
41,8,33
36,13,39
54,14,49
22,16,52
63,10,52
39,14,44
53,9,41
48,8,38
23,14,49
7,12,46
60,16,59
37,0,27
16,17,60
19,3,32
63,9,46
24,18,55
31,9,32
18,9,41
4,7,38
22,19,60
17,5,35
54,15,52
46,19,55
63,13,56
14,16,58
10,17,59
16,12,48
61,5,42
23,19,60
37,12,39
3,5,31
31,4,24
31,19,50
22,18,53
53,5,38
30,2,23
22,11,43
26,21,61
22,14,47
62,12,52
26,18,54
33,12,37
29,7,31
58,15,55
11,19,61
27,22,62
62,12,56
63,7,38
36,22,60
52,11,42
35,5,27
18,1,29
46,20,60
24,14,46
11,8,41
0,10,39
62,6,30
29,21,60
58,8,42
56,1,37
24,18,56
60,15,62
0,11,42
49,10,40
35,8,31
62,10,49
52,15,48
1,17,54
18,14,52
58,0,32
28,9,35
28,14,42
5,4,33
9,19,59
38,19,51
21,16,54
33,0,25
29,18,47
12,8,44
17,4,34
50,15,49
59,3,39
43,14,44
11,12,50
13,13,51
33,0,24
31,22,61
38,21,53
8,9,43
63,6,45
32,12,39
59,15,60
25,5,27
20,4,34
63,4,33
54,6,38
58,4,40
53,16,54
32,20,54
43,20,56
25,21,61
38,10,36
31,13,42
57,4,40
17,18,62
63,8,47
16,15,58
27,8,35
46,18,53
41,6,31
11,16,56
48,19,57
31,20,57
10,1,30
48,4,36
45,8,38
61,4,27
44,18,51
15,17,62
31,16,45
56,2,37
1,7,35
59,5,37
59,15,57
6,19,59
9,5,37
27,7,33
55,3,37
41,19,49
11,5,37
55,5,39
5,19,60
49,18,52
35,6,27
40,22,60
25,21,58
34,4,24
8,10,44
25,21,59
40,20,53
23,19,59
27,11,39
55,2,37
19,20,63
45,12,42
14,17,58
13,11,47
31,21,58
36,19,49
0,5,30
42,14,43
57,14,52
15,4,37
37,13,39
28,21,59
62,14,56
36,15,44
22,18,55
23,8,38
54,0,36
47,16,48
19,13,48
38,6,29
48,19,61
54,17,57
42,18,50
27,19,57
30,5,26
55,17,60
63,3,23
17,15,54
50,16,49
36,10,35
38,21,55
26,20,60
36,23,61
61,3,31
7,11,46
20,15,54
44,20,58
46,19,60
45,19,58
13,12,49
7,16,55
13,9,44
3,9,41
42,11,41
26,13,45
62,4,32
30,16,47
9,2,28
35,10,33
15,0,31
27,21,59
34,19,51
34,5,26
40,1,31
41,14,43
8,16,55
5,20,61
47,18,55
36,4,26
21,18,59
43,19,54
43,12,42
19,5,36
22,4,32
10,3,32
42,14,44
51,10,40
47,3,35
57,10,44
23,2,25
32,10,34
10,11,46
16,8,42
2,19,59
8,5,36
37,16,44
16,15,55
2,6,34
21,4,31
62,5,42
44,19,54
52,11,41
21,12,43
18,17,61
29,16,46
24,18,57
30,2,24
8,9,42
16,9,44
14,6,40
51,14,46
21,14,48
45,9,38
26,13,43
5,16,54
7,0,27
63,6,29
47,7,36
7,14,51
59,15,56
41,3,31
32,15,42
35,12,36
9,16,56
22,20,57
18,16,58
3,0,26
31,21,57
31,16,47
49,17,51
44,12,42
38,17,45
32,3,24
47,19,59
28,21,60
52,9,41
31,20,56
1,12,43
15,16,59
63,13,60
44,10,39
19,1,29
37,18,48
17,13,49
36,16,44
54,10,42
6,14,50
12,15,53
62,14,63
51,11,41
22,7,37
33,21,58
50,12,44
57,0,37
28,0,23
42,17,47
52,16,51
24,21,62
38,10,35
40,15,41
63,9,30
47,19,57
40,19,50
25,0,22
25,6,30
8,6,37
9,11,47
63,9,40
52,18,59
54,13,46
27,2,24
56,16,61
1,13,48
56,6,40
61,6,42
8,11,45
25,7,34
13,6,41
62,6,43
13,7,43
22,19,56
0,13,43
62,11,52
20,6,36
62,6,26
24,20,61
30,19,51
51,6,38
29,10,35
27,14,44
33,11,36
21,12,45
0,9,38
26,8,36
5,0,28
14,17,63
21,16,55
18,6,38
51,18,58
55,11,46
39,21,60
57,16,59
12,18,62
51,18,59
32,19,51
49,16,48
17,8,40
24,2,26
30,16,42
30,17,48
16,6,36
1,14,50
16,12,53
50,18,57
10,18,61
17,2,33
10,12,47
19,17,57
51,13,46
5,14,51
16,7,41
17,19,63
58,5,40
63,7,37
7,16,54
22,17,57
45,20,52
17,13,51
19,17,59
4,20,60
48,19,60
55,14,51
20,18,58
63,12,56
26,15,47
46,9,38
23,1,24
45,20,62
63,4,23
0,11,39
62,5,30
48,0,36
21,7,36
47,12,43
31,19,52
38,8,31
33,18,49
57,9,43
9,8,41
18,3,32
0,14,47
45,20,59
61,7,38
10,2,34
39,20,52
4,12,47
60,15,63
41,19,54
45,11,42
33,22,58
22,10,42
5,10,44
41,15,46
29,16,48
63,5,23
39,12,40
1,18,55
14,14,55
5,14,49
34,2,25
5,7,40
50,8,38
50,18,59
7,1,28
29,16,49
46,5,36
25,4,29
17,17,62
59,9,44
48,18,54
52,11,44
53,13,45
2,5,32
62,6,35
50,18,62
55,9,43
62,0,31
21,7,37
15,8,43
33,10,33
28,8,31
30,9,32
44,15,46
17,7,40
49,15,47
28,14,45
21,14,47
1,0,24
20,8,39
11,15,54
63,12,54
14,1,33
19,13,50
37,18,49
49,8,38
22,0,26
63,6,32
42,8,38
37,21,54
58,11,48
3,13,47
30,19,53
50,0,36
25,9,37
7,18,57
58,3,39
34,22,61
31,3,24
41,12,40
14,7,41
53,18,60
42,16,46
9,3,30
10,6,38
33,15,43
9,7,41
29,14,45
2,1,23
23,14,44
17,14,52
53,11,44
30,15,46
24,15,50
24,9,36
26,23,63
55,6,40
40,21,58
22,15,51
4,20,61
33,5,25
15,15,59
8,3,30
51,16,49
49,12,41
30,20,57
57,2,35
30,18,47
20,11,40
42,12,42
40,21,60
41,20,57
50,16,51
2,20,60
49,18,55
25,19,55
43,15,45
8,11,46
20,9,40
47,18,56
8,5,37
9,3,32
10,0,29
24,7,32
28,12,41
15,11,47
25,16,48
33,6,28
54,16,55
14,13,51
60,4,41
18,9,44
39,22,61
15,4,35
25,3,27
45,19,57
63,5,33
33,17,48
5,10,43
7,4,31
48,19,53
38,16,44
27,22,63
4,20,62
56,1,34
0,13,49
37,19,49
33,17,46
4,19,56
35,15,41
35,18,48
35,9,31
48,18,57
7,8,42
15,16,60
41,22,62
30,8,32
34,20,53
23,20,60
18,14,54
33,23,62
6,7,39
5,5,33
42,21,60
30,18,52
10,7,41
2,3,30
63,14,62
6,2,30
63,4,0
7,5,33
23,9,36
37,15,42
47,8,37
42,14,45
58,2,33
53,16,56
11,9,43
27,5,28
23,20,63
63,4,1
25,20,58
13,10,48
26,20,57
61,7,40
1,4,28
48,11,41
18,18,63
63,5,22
36,18,49
57,8,43
62,7,29
2,2,29
40,22,62
2,10,42
12,11,47
7,2,30
53,12,46
61,8,39
16,11,46
30,11,37
8,20,63
22,14,48
46,5,34
58,16,61
6,0,27
11,2,33
9,13,49
27,13,42
13,6,40
4,7,35
63,11,51
2,16,53
29,14,44
63,9,51
39,10,37
15,16,61
30,19,54
39,15,43
27,20,59
46,19,57
0,14,50
7,17,56
40,19,52
29,18,50
36,18,44
43,18,50
9,10,44
40,6,31
2,2,24
35,0,25
14,5,36
20,6,37
21,10,42
32,8,30
47,11,41
18,15,56
62,7,45
18,0,28
51,18,57
3,21,62
58,16,59
21,19,60
25,1,24
7,4,32
38,22,63
27,1,23
52,2,36
0,3,27
55,0,36
58,15,57
26,1,23
9,19,62
31,23,62
61,13,55
30,20,54
33,18,48
46,10,40
54,15,55
61,2,29
3,16,52
8,16,53
5,7,41
40,10,36
20,13,49
17,14,51
49,19,59
11,19,62
29,2,24
34,9,33
51,17,56
35,23,61
33,7,29
32,14,43
39,15,45
27,21,61
22,11,42
33,23,63
23,11,42
12,0,31
18,10,43
58,13,49
54,8,40
38,0,28
21,10,43
58,7,41
20,7,36
43,16,46
63,3,31
26,16,49
6,18,58
3,6,35
32,17,44
37,17,44
38,9,34
41,7,32
22,10,41
14,9,45
3,3,29
1,10,38
21,3,29
57,6,40
55,16,60
28,8,34
56,5,40
50,18,56
4,1,28
9,9,43
63,6,33
44,21,62
35,15,42
38,7,31
2,15,52
0,21,63
13,10,45
22,0,24
1,11,41
37,6,29
18,3,34
17,5,36
52,17,55
2,13,48
7,5,35
63,11,53
61,4,34
20,10,43
38,16,46
31,22,59
23,10,37
29,4,26
63,4,32
37,7,29
42,9,37
11,10,45
60,9,45
39,18,47
0,6,31
58,1,32
28,13,42
61,15,62
14,16,61
21,8,40
15,17,61
8,4,36
63,7,48
48,18,53
55,6,38
0,19,59
21,17,54
27,16,48
18,7,39
57,12,47
58,7,43
42,13,41
18,0,30
52,9,40
61,1,28
20,6,35
0,12,46
19,14,51
29,12,39
7,17,55
25,4,27
18,10,45
29,0,21
18,8,42
53,17,58
62,12,54
39,13,40
31,17,48
52,17,56
17,12,51
23,16,49
50,17,57
13,2,34
35,17,47
62,6,41
60,15,59
5,19,61
46,13,43
31,8,32
3,8,37
12,7,40
58,11,47
48,18,51
44,9,37
31,23,63
45,13,44
57,12,48
22,4,30
6,6,35
29,5,28
10,16,57
6,19,61
52,12,43
57,15,55
41,19,53
55,15,52
42,19,52
54,12,46
22,6,33
41,6,32
24,4,28
23,9,38
40,16,45
47,17,47
24,18,54
56,11,45
10,6,40
61,6,37
60,4,39
4,13,47
61,14,57
17,15,55
44,14,44
6,10,43
7,11,44
61,6,40
44,10,40
61,11,49
9,9,42
28,3,25
12,18,61
29,12,40
10,10,46
1,21,61
60,6,36
7,14,50
5,15,52
0,18,57
48,9,40
52,3,37
13,4,37
46,6,35
62,6,28
10,15,53
37,21,58
38,11,38
63,5,31
9,18,60
57,9,44
36,21,58
18,2,32
21,5,33
50,13,44
21,7,38
37,11,35
22,14,50
24,4,27
13,4,35
35,6,28
30,18,49
0,5,29
2,9,38
16,11,47
51,5,37
10,11,47
18,5,36
12,4,38
25,7,33
21,15,53
4,0,24
55,16,58
0,4,27
54,8,41
38,8,33
39,11,39
61,5,29
9,15,54
35,8,32
63,6,46
60,5,39
59,10,48
32,22,61
40,9,33
61,4,29
36,5,27
41,21,60
39,0,28
28,16,48
31,20,54
27,6,31
32,6,27
39,18,48
59,3,32
39,0,29
8,4,35
15,9,43
26,2,24
63,8,45
31,9,33
31,9,34
34,18,48
32,10,35
52,16,54
22,1,25
38,3,28
24,9,38
63,4,31
12,0,32
49,6,38
24,8,35
59,12,52
22,6,34
48,4,35
28,17,51
13,3,34
37,12,36
2,20,59
1,19,57
55,12,46
50,5,36
5,3,29
45,20,57
20,1,28
10,7,40
2,20,62
37,8,29
3,9,40
12,6,41
25,9,38
63,7,26
22,5,34
30,10,36
40,9,35
57,11,45
60,9,47
37,12,38
26,17,50
7,12,47
36,11,35
59,12,49
9,2,31
42,19,53
60,13,52
47,13,43
56,16,60
56,6,39
60,7,44
17,12,48
45,20,56
14,12,49
31,13,41
24,0,23
23,5,31
26,9,35
63,5,24
27,21,62
19,1,28
49,18,51
44,20,60
46,20,63
22,0,23
17,15,56
55,2,38
12,16,57
21,13,44
51,17,52
2,18,55
2,17,53
10,14,51
2,18,57
25,7,32
31,10,35
43,4,33
1,19,59
4,17,53
37,3,27
30,8,30
27,19,54
39,22,62
11,18,61
47,19,62
16,8,43
59,9,45
45,15,45
58,13,50
28,0,21
37,8,30
33,19,53
55,15,55
23,10,41
44,3,34
33,10,34
40,15,45
49,17,55
24,5,32
52,0,35
4,16,52
28,23,63
19,2,31
20,18,60
10,7,39
63,2,23
63,8,29
39,19,52
47,18,57
47,7,37
19,14,50
21,19,56
8,10,43
29,19,55
46,8,37
33,14,37
34,14,40
11,1,33
56,4,39
23,12,43
20,7,38
40,12,39
3,19,60
40,22,61
26,6,29
28,6,28
63,6,43
29,12,41
41,3,32
12,6,39
58,4,39
32,5,27
51,10,41
14,18,61
9,1,29
19,14,53
41,21,59
4,8,40
18,6,36
41,8,37
14,5,39
46,20,61
62,7,46
53,6,38
48,16,49
31,6,29
4,19,59
55,16,55
41,4,31
22,1,27
23,5,34
18,16,56
26,13,44
6,3,29
22,13,45
23,4,31
29,11,38
20,14,44
48,5,35
57,0,35
38,8,32
61,2,32
39,23,63
22,20,63
20,1,29
63,6,35
18,11,45
15,14,56
0,21,60
55,17,58
10,2,32
60,11,50
26,11,41
55,3,39
20,19,63
57,7,42
39,16,46
17,14,55
30,4,26
9,16,54
34,15,41
29,8,33
7,13,49
5,11,46
56,16,56
9,16,55
44,19,53
55,17,59
11,16,55
52,14,47
27,14,47
15,15,57
15,13,54
23,20,61
13,12,51
44,11,40
35,23,62
62,1,32
58,3,35
57,11,46
35,4,26
20,8,40
30,12,41
13,16,59
63,6,40
26,19,54
43,21,59
32,7,30
10,16,56
34,3,26
53,0,36
49,18,58
36,17,43
16,13,54
49,18,57
10,13,51
53,2,37
63,6,25
46,16,48
41,13,42
13,13,54
43,12,41
58,6,41
4,5,32
49,6,37
21,4,33
0,13,45
26,8,34
50,17,53
21,14,44
48,18,52
22,14,45
43,21,62
2,0,23
36,13,38
23,15,47
53,7,40
45,21,63
31,12,39
12,5,38
17,10,43
23,7,34
4,11,44
60,15,58
29,14,43
35,21,56
7,13,48
1,13,44
54,17,62
55,0,35
23,14,48
32,15,45
20,0,26
41,10,37
52,14,46
19,10,42
50,17,55
22,12,43
37,13,38
63,3,1
32,0,24
26,15,49
7,7,40
1,19,58
58,3,33
29,9,33
19,11,45
25,8,37
49,17,54
21,9,40
43,8,37
46,19,58
22,19,61
50,13,43
30,16,45
12,15,54
60,6,38
51,6,39
7,9,42
17,12,47
44,17,49
56,10,45
50,6,38
40,7,32
40,10,38
7,16,53
4,9,41
17,13,52
61,14,61
52,11,43
2,11,43
61,10,48
39,9,33
33,21,56
62,4,29
24,7,36
34,8,30
29,9,34
32,14,37
20,13,44
38,20,52
59,10,46
10,12,48
14,3,33
3,8,38
41,13,43
10,11,45
12,14,55
2,16,51
62,8,28
16,14,53
55,12,48
22,15,47
63,8,44
22,2,29
55,17,61
46,12,41
57,3,37
37,9,32
14,1,32
34,23,62
36,9,30
53,17,59
47,12,41
16,8,41
6,18,59
21,11,45
29,7,30
21,19,59
29,6,28
16,16,59
58,14,54
36,8,32
10,18,58
48,19,58
62,6,39
52,14,48
10,9,44
47,20,63
8,6,38
20,7,37
61,4,41
15,12,52
15,7,42
23,4,30
34,4,26
12,16,56
21,12,44
39,20,55
31,7,29
1,11,40
26,10,39
29,17,49
40,6,30
17,0,30
43,13,44
20,14,52
63,7,41
13,7,41
30,16,48
32,18,49
58,3,37
37,1,28
13,11,49
40,0,30
20,17,56
26,7,33
28,13,44
26,14,47
49,18,53
32,21,56
63,6,28
37,14,41
39,22,59
55,12,47
27,18,53
12,12,48
24,17,52
32,14,40
8,6,39
17,17,61
8,4,32
6,4,32
50,19,62
36,18,43
17,3,33
9,5,38
22,15,50
63,7,30
28,21,58
49,12,43
25,10,38
43,13,43
21,2,27
46,15,45
0,1,24
28,17,47
32,12,38
35,19,52
46,19,54
25,12,41
11,18,63
48,20,61
61,1,32
31,5,26
36,16,45
63,6,30
42,5,32
43,19,53
44,6,36
42,9,38
6,6,38
11,1,32
43,6,36
33,5,27
59,4,39
59,14,58
59,6,41
27,10,37
3,10,41
47,5,35
19,1,30
40,19,53
49,0,35
2,4,29
55,14,50
61,4,40
55,1,37
24,0,24
31,19,54
55,13,47
33,17,45
38,13,40
8,3,32
26,6,32
14,5,37
58,2,32
30,13,38
10,2,31
52,14,49
2,11,44
2,10,41
34,10,34
28,14,43
35,3,26
44,5,34
52,17,59
54,6,40
25,16,50
45,19,53
27,18,51
2,2,25
33,16,46
31,23,60
45,15,47
39,13,41
21,12,46
43,7,35
40,17,47
63,5,25
19,9,40
0,6,32
14,1,31
43,9,39
12,14,52
41,21,62
50,17,51
15,10,48
37,10,30
16,14,57
29,20,54
28,17,52
25,15,46
62,10,51
34,12,36
32,8,28
10,19,61
11,7,42
26,10,38
37,17,45
63,4,3
5,8,42
28,19,55
12,13,51
63,14,60
9,13,48
19,14,52
57,15,54
21,3,30
53,15,52
53,17,61
37,4,27
3,9,38
60,14,58
45,19,54
51,16,52
32,13,37
21,10,41
48,10,40
13,18,62
13,11,48
14,13,52
55,11,44
18,19,62
48,18,59
8,11,47
28,9,33
32,16,47
50,1,37
49,17,52
25,7,35
24,12,43
45,19,50
32,9,31
2,20,58
16,13,55
39,5,30
50,17,56
60,6,37
15,17,60
17,16,57
36,21,57
23,3,26
18,8,41
52,4,38
20,10,42
63,4,24
5,13,47
63,13,63
61,8,38
4,16,54
30,15,44
27,2,25
13,18,63
44,21,59
29,2,23
21,17,55
11,0,30
23,2,26
20,12,46
33,20,55
31,15,45
9,8,42
45,16,47
56,16,59
14,6,39
2,12,44
41,15,44
23,16,53
18,13,49
16,16,57
14,0,30
40,16,46
54,15,53
15,5,35
62,7,28
41,19,51
14,10,46
0,8,37
14,9,43
40,18,48
30,11,38
43,8,38
23,18,59
7,17,54
42,4,33
44,13,43
62,5,43
9,6,39
59,3,33
22,5,33
7,20,63
12,17,59
60,7,39
48,14,45
63,12,55
23,13,47
44,6,35
58,13,52
44,17,48
7,2,29
15,6,40
46,20,62
21,19,62
7,12,48
23,16,52
18,19,63
3,7,36
63,6,44
30,1,22
30,21,60
26,17,53
40,8,32
9,3,35
5,4,31
17,9,41
59,4,33
41,21,61
5,2,30
7,1,27
43,12,43
4,8,38
1,21,62
23,18,56
41,11,40
14,3,34
9,16,53
33,18,50
42,7,34
19,7,37
62,8,48
33,15,41
23,13,44
24,6,35
59,4,35
0,12,41
3,9,43
61,6,28
11,3,35
17,12,50
43,20,59
21,14,50
62,7,41
19,15,54
43,18,49
63,10,53
60,12,51
12,17,58
43,15,46
57,13,50
31,0,23
30,12,39
25,6,32
54,3,38
1,15,52
48,0,35
29,18,53
3,13,49
60,6,42
56,7,40
45,20,60
31,7,28
25,14,46
8,15,52
60,12,52
51,18,56
39,12,39
61,13,58
3,20,60
56,13,50
24,2,25
42,19,50
43,16,47
18,11,46
42,6,33
2,11,42
52,17,53
12,10,47
23,3,29
7,2,28
16,12,47
29,10,36
32,20,53
16,10,46
40,21,61
48,13,42
54,9,43
10,3,36
63,8,50
22,15,48
48,19,56
18,13,50
34,20,54
19,15,53
0,19,57
5,7,39
32,21,59
15,10,44
35,18,46
2,19,56
54,11,43
1,10,40
24,10,38
39,10,34
31,10,33
34,15,42
29,21,58
1,12,46
22,14,49
37,14,40
10,13,50
38,19,50
49,12,40
31,17,47
23,5,30
37,20,52
6,2,29
63,8,37
27,7,31
50,14,47
4,4,31
23,19,61
27,16,47
53,14,48
36,7,30
30,7,29
59,14,54
23,17,48
27,13,43
47,0,35
11,11,48
29,19,54
0,4,28
32,5,25
31,12,37
42,17,48
49,7,38
63,2,25
63,9,50
32,11,35
27,0,22
56,15,52
37,21,56
62,9,47
44,20,62
25,19,59
52,16,52
24,17,54
6,14,49
63,4,22
7,17,57
6,5,33
62,7,37
52,6,38
3,2,25
49,17,53
6,17,56
24,16,51
28,14,46
43,20,60
63,7,36
16,13,53
1,20,60
58,4,35
57,3,38
56,12,47
16,7,40
39,21,58
16,4,34
20,17,58
12,7,43
30,12,40
23,9,37
22,6,35
16,12,52
39,21,59
52,17,54
26,10,37
42,13,43
18,10,42
57,15,52
17,9,42
5,7,36
41,19,50
34,16,44
23,5,33
25,22,62
61,10,49
6,14,51
19,0,27
17,6,39
41,11,39
19,16,55
0,16,53
15,5,38
57,11,47
50,10,41
6,20,62
20,9,41
27,13,45
4,18,58
52,8,41
13,6,42
37,12,37
46,19,53
52,13,46
56,8,43
31,8,30
58,15,60
53,15,50
40,14,43
3,13,48
26,7,32
61,6,43
9,3,34
8,19,63
46,14,45
52,18,63
30,17,49
37,18,47
12,18,59
32,18,51
62,8,39
13,17,58
43,21,61
11,2,31
40,8,33
60,7,43
60,5,35
32,17,45
57,7,41
43,3,33
32,0,23
4,2,28
53,14,47
56,17,61
3,18,56
20,14,51
45,5,34
12,14,54
0,9,36
60,8,44
27,20,57
25,18,55
34,12,38
2,4,32
39,17,47
26,2,25
29,14,42
18,7,37
5,18,58
23,13,45
20,2,31
3,11,44
26,5,28
33,10,35
33,14,38
17,11,46
19,4,35
35,21,58
46,13,44
7,10,44
29,6,29
38,4,28
21,0,25
44,20,57
57,4,39
27,12,37
57,1,36
24,6,33
1,14,49
23,0,23
28,19,53
16,3,33
0,18,55
28,10,37
39,19,51
6,13,50
57,15,58
50,14,46
30,0,22
32,7,28
8,5,34
13,17,63
1,3,26
27,20,58
36,23,63
14,4,35
40,16,47
49,14,44
48,6,37
62,3,32
20,20,63
16,0,29
52,10,42
42,19,51
6,18,56
11,1,30
13,7,42
1,20,58
23,16,48
18,12,47
34,15,39
48,17,48
15,8,44
22,16,47
48,7,37
6,9,42
43,17,47
40,14,42
63,8,39
1,18,57
20,0,25
17,14,53
29,20,56
56,14,51
53,13,47
59,2,32
13,2,33
17,4,35
3,2,26
63,11,54
36,9,33
6,8,41
19,18,59
9,12,47
11,0,31
0,8,36
42,18,49
16,16,58
37,19,50
35,12,37
3,19,58
12,9,43
41,13,41
10,5,38
33,17,47
49,13,44
29,17,48
38,13,39
9,13,50
34,20,55
3,1,26
29,4,25
53,16,51
52,4,37
21,17,56
40,20,56
20,12,43
18,13,51
19,9,41
62,1,26
31,16,46
34,21,55
54,14,48
15,10,47
30,6,28
5,1,27
13,10,47
54,16,57
62,4,33
60,7,42
63,5,43
25,10,39
12,16,58
28,9,36
40,5,29
24,9,39
24,13,42
26,14,46
27,14,46
23,15,51
7,5,38
60,13,54
37,17,46
39,14,42
41,0,32
15,14,54
4,14,50
22,2,27
15,14,55
4,3,31
8,13,50
24,16,47
10,12,49
18,17,60
23,10,40
2,15,51
31,19,53
35,19,51
5,8,40
36,2,26
18,16,55
53,18,61
58,14,53
32,17,46
16,3,35
35,18,45
14,15,55
33,11,34
5,8,41
56,0,33
13,8,44
59,13,53
35,14,41
45,19,56
60,5,42
48,14,44
30,15,45
59,3,38
61,7,36
57,13,49
25,18,54
60,6,39
21,3,32
8,8,41
9,18,57
9,7,40
8,2,30
4,19,60
24,20,62
19,6,37
48,13,44
6,11,46
11,5,38
38,18,48
48,19,52
22,17,56
31,10,34
50,11,41
43,10,40
27,20,60
53,10,42
20,19,62
28,12,39
35,22,60
63,8,41
60,14,61
20,10,40
5,7,38
62,10,50
16,15,56
13,5,39
60,4,40
37,10,31
40,21,57
3,4,32
33,14,41
37,21,55
29,8,32
24,7,34
5,6,35
23,17,53
49,18,60
13,8,43
30,14,42
4,9,42
8,18,60
60,4,34
36,6,28
19,0,26
51,8,39
60,12,50
39,6,29
11,6,40
5,17,54
14,0,31
1,11,45
62,13,60
53,8,41
5,3,30
61,6,27
25,5,30
52,17,58
34,21,58
17,6,37
37,16,45
23,3,27
41,16,46
14,7,42
62,6,27
25,12,42
31,14,43
46,16,47
30,7,31
5,13,49
47,19,56
32,15,43
55,8,41
44,10,37
43,14,45
48,9,39
3,5,30
28,18,49
57,3,35
30,9,33
63,14,61
32,20,55
6,2,28
25,13,43
48,15,45
21,17,53
50,7,39
9,15,52
19,18,62
9,4,36
3,4,31
6,7,36
57,14,51
20,4,32
31,15,44
41,21,56
8,19,59
54,8,42
27,9,35
2,14,49
43,0,33
50,8,40
10,4,34
25,14,45
23,6,36
24,16,52
8,17,56
47,6,36
14,8,44
0,14,49
59,4,37
30,6,27
62,3,3
3,21,63
39,18,49
21,17,58
33,14,40
17,15,57
36,22,62
32,13,41
49,17,49
63,6,42
7,7,39
24,11,42
0,11,40
7,6,37
25,15,47
54,16,53
29,15,44
61,1,27
36,13,37
34,19,49
37,18,46
63,13,61
27,10,36
12,7,42
56,15,55
19,5,35
6,6,36
43,6,34
30,10,35
31,21,59
60,0,32
57,16,58
41,12,41
32,13,40
63,3,24
37,22,58
57,2,36
1,2,27
51,11,42
10,1,29
24,3,25
44,11,42
40,5,31
28,9,34
18,8,40
32,20,56
16,6,39
3,15,51
63,13,59
46,20,59
3,18,55
49,4,36
0,18,56
34,17,46
47,18,58
51,17,57
55,16,57
25,5,31
13,1,32
21,13,46
40,21,55
31,12,38
4,4,32
36,12,38
52,1,36
18,9,42
1,2,24
8,7,40
21,1,27
47,4,35
61,11,51
48,5,36
16,8,40
49,6,36
34,16,45
55,10,44
32,17,47
22,17,54
17,2,31
59,8,43
43,21,63
0,19,56
30,21,59
26,19,57
48,15,47
12,19,62
7,5,37
56,16,62
13,12,50
6,7,37
1,13,46
63,7,46
48,12,41
44,6,34
18,5,35
25,3,26
12,10,46
1,1,23
10,2,35
33,19,49
32,16,46
24,12,41
61,4,30
40,15,46
23,9,39
37,15,44
52,10,41
53,12,45
12,6,40
14,12,52
28,7,32
16,9,43
0,20,61
14,15,58
42,9,39
39,20,54
56,3,39
39,7,32
55,8,43
53,3,37
62,1,31
42,21,59
0,12,42
16,13,51
23,11,43
2,18,56
46,15,46
59,15,58
49,18,50
3,3,30
57,2,38
50,16,48
1,8,35
11,4,37
11,13,49
62,15,61
56,0,34
63,10,50
50,18,61
18,9,43
18,0,27
38,19,49
11,15,55
2,5,33
10,16,55
49,3,36
12,0,30
30,18,51
12,17,60
40,4,30
58,15,61
20,14,48
42,6,32
14,17,61
39,11,37
51,12,42
63,3,22
10,17,56
34,15,43
6,8,40
39,8,33
3,19,59
50,9,40
8,3,33
40,7,31
38,7,30
25,3,25
15,7,41
41,8,36
36,4,28
23,14,45
8,19,62
31,13,39
34,17,43
39,12,38
62,1,27
32,23,62
13,9,43
59,2,33
26,17,52
40,9,37
59,8,45
0,4,29
20,5,35
21,12,47
0,6,33
32,8,31
26,11,39
14,3,35
15,9,44
51,14,45
18,7,38
26,14,45
63,3,3
29,16,42
20,4,33
63,13,62
21,2,30
25,13,45
13,14,55
7,15,51
23,17,56
45,18,49
20,14,50
59,8,42
22,7,38
52,7,40
9,17,55
24,8,37
35,20,53
2,11,45
28,16,49
27,19,58
33,13,38
40,22,63
14,8,43
31,14,42
25,6,31
48,19,54
16,17,62
39,22,60
25,20,61
24,13,46
34,13,39
58,14,56
26,12,42
28,20,55
52,18,61
27,5,29
32,23,63
24,12,45
12,14,53
53,18,63
26,19,55
23,12,44
40,3,31
58,16,63
48,18,56
42,21,62
62,2,32
32,9,32
21,13,48
52,5,38
32,18,47
32,17,49
15,6,38
35,9,33
46,21,63
57,14,53
60,14,60
22,15,53
29,11,36
1,7,33
37,21,53
51,7,39
23,14,43
51,4,37
37,8,32
21,5,35
52,12,45
22,16,54
62,3,25
52,16,55
59,14,53
36,11,36
29,19,53
6,13,49
41,10,38
31,12,40
23,1,25
25,2,25
17,16,58
55,16,56
2,9,39
19,16,57
45,14,45
42,20,57
61,7,37
20,1,27
39,10,35
56,15,54
28,8,32
61,0,30
10,3,34
56,13,48
49,18,59
24,18,53
30,18,48
23,19,58
28,2,25
13,8,45
12,14,51
16,16,56
31,17,46
22,16,51
3,6,34
35,17,46
11,18,59
8,2,28
31,0,21
46,10,39
24,10,41
52,6,39
37,23,62
1,13,49
62,6,42
61,6,39
17,12,49
11,14,53
3,5,33
11,6,39
51,11,43
38,5,29
40,4,31
46,15,47
60,8,46
10,4,36
37,8,31
26,3,26
53,11,43
49,16,49
34,18,50
40,6,32
6,1,28
5,5,34
53,15,49
0,13,47
62,13,56
45,12,41
53,15,51
32,0,22
16,11,48
5,1,28
27,18,52
53,0,35
34,4,25
54,4,38
27,8,34
53,14,49
26,4,25
6,16,54
16,10,45
24,11,40
23,18,58
3,7,35
21,20,62
44,5,35
46,17,48
49,14,46
0,7,34
1,3,28
50,16,50
62,1,25
43,17,48
24,4,29
31,16,48
6,4,31
61,8,45
61,11,52
42,1,32
24,10,39
58,10,45
3,11,45
5,19,58
38,9,30
46,3,35
31,8,31
48,20,63
4,9,43
31,1,23
21,15,51
33,20,53
20,13,46
46,9,39
31,18,51
3,0,25
16,4,36
20,18,61
29,16,47
28,10,38
19,4,34
21,0,26
28,5,27
40,11,40
45,16,48
26,19,58
14,5,40
21,11,44
63,9,45
17,8,39
12,2,35
29,13,43
23,17,54
16,9,42
48,12,42
51,17,51
8,19,60
26,7,34
51,12,44
32,15,44
28,1,23
28,19,48
7,8,40
16,10,47
6,5,34
51,3,36
1,17,53
24,1,23
40,19,49
60,6,43
30,9,34
61,0,28
15,11,50
0,9,37
57,3,39
34,5,27
61,12,53
6,7,40
62,3,31
23,6,32
28,15,45
48,16,48
62,5,27
56,11,47
12,19,63
43,11,41
47,9,38
62,5,26
32,16,44
60,10,47
24,12,44
29,21,59
11,2,35
30,16,43
47,13,42
34,1,25
36,5,28
0,20,59
29,8,31
30,11,36
12,12,50
62,13,57
42,8,35
19,13,47
44,19,52
45,9,39
41,20,54
42,20,54
37,13,40
17,17,58
37,5,28
9,7,39
63,5,42
24,19,58
51,8,40
45,11,41
15,9,45
25,13,44
10,19,62
21,15,50
50,17,50
2,10,40
51,16,50
38,15,43
35,16,43
50,4,36
43,21,58
3,19,56
27,17,51
