16,16,38
2,7,50
1,15,45
22,13,36
43,1,30
42,9,18
34,8,38
9,22,29
40,0,46
7,8,43
34,7,32
37,12,22
40,2,32
22,9,48
22,0,52
35,12,21
43,2,30
48,0,28
37,8,25
20,0,55
14,19,36
17,14,41
36,3,44
9,16,36
11,11,44
31,14,19
23,15,36
36,6,26
41,7,22
29,14,24
11,20,33
39,3,36
15,3,51
19,17,33
27,8,44
32,1,49
18,18,29
30,0,50
19,11,43
29,10,39
17,7,48
32,9,30
3,22,35
30,11,21
37,4,31
28,13,20
6,11,42
6,14,41
32,11,30
34,15,19
24,9,40
26,0,52
32,8,24
0,21,36
24,10,38
5,2,50
45,1,26
29,7,41
20,2,53
42,9,17
17,3,52
0,23,38
14,22,24
9,8,44
26,7,49
3,17,38
33,9,30
53,4,21
32,8,33
29,10,26
40,6,32
14,12,43
22,14,39
37,6,29
32,4,48
44,0,38
35,7,40
17,4,51
4,18,37
11,2,50
25,0,52
20,1,53
8,7,46
16,10,44
54,2,19
20,12,39
34,5,43
35,8,23
40,3,39
19,1,52
42,2,26
22,4,50
0,12,47
29,3,46
15,18,37
34,4,41
10,21,34
18,19,33
14,22,20
5,1,50
2,23,36
32,8,32
9,23,33
31,1,50
38,6,28
25,15,20
4,11,42
49,6,17
43,0,41
3,0,57
14,20,33
29,1,50
33,7,35
46,2,24
24,9,45
12,19,36
19,3,52
44,4,28
25,13,36
0,12,48
20,11,43
48,7,19
34,15,17
40,4,26
4,4,50
33,14,20
18,7,46
25,0,55
8,15,37
8,14,39
0,2,53
29,5,44
36,7,26
26,15,30
55,0,23
50,1,29
40,5,33
27,15,26
12,1,51
39,4,36
21,8,46
13,13,40
31,10,24
58,0,22
6,12,42
21,16,26
28,12,30
37,10,25
24,11,40
48,0,32
50,2,29
0,3,54
12,6,47
16,20,24
19,12,43
30,9,38
13,1,50
40,12,19
28,14,27
19,19,18
30,14,23
17,18,28
14,4,50
39,4,32
31,2,45
14,16,36
20,18,19
16,19,28
20,22,17
20,17,28
7,1,52
13,15,39
23,20,17
0,16,43
30,10,30
20,4,52
7,8,44
45,8,19
41,3,33
15,18,38
33,4,43
19,18,20
0,7,52
42,0,30
50,8,20
32,4,47
39,5,41
16,0,55
27,9,44
28,6,48
30,12,31
27,14,27
20,9,43
42,3,33
31,10,32
27,13,24
33,4,41
39,4,35
22,10,42
43,7,22
0,3,55
1,22,35
38,10,21
15,2,50
29,11,38
52,1,24
5,5,48
17,8,47
37,5,30
17,15,39
29,1,48
30,13,26
2,2,52
4,10,45
20,18,21
28,8,40
30,6,44
0,3,57
32,2,47
4,1,51
26,6,46
33,11,24
24,16,28
34,12,21
19,15,37
11,19,36
38,4,39
27,4,50
42,6,21
24,4,48
17,17,32
30,12,23
24,17,21
8,12,39
33,13,17
12,14,39
39,4,38
19,0,55
6,4,48
18,17,27
0,19,39
2,7,49
10,23,30
14,18,36
38,9,18
38,11,18
29,14,19
26,7,42
7,0,51
13,18,36
32,12,20
4,4,48
50,4,20
38,4,41
33,7,39
46,6,20
15,10,45
47,7,17
16,1,51
21,18,22
27,15,31
33,13,19
39,6,39
33,9,24
51,7,19
28,12,40
45,4,28
8,7,43
2,17,39
21,15,28
2,15,40
1,17,41
19,6,50
42,2,35
13,2,51
42,1,37
31,9,23
7,12,41
34,12,24
44,1,27
7,19,35
19,13,42
21,15,37
44,7,21
14,5,49
42,2,37
19,12,44
16,20,25
20,4,51
52,4,20
19,18,34
16,14,42
16,20,19
16,4,49
30,10,31
31,14,21
53,3,20
3,16,39
18,21,18
16,3,51
41,6,27
11,6,48
28,14,35
40,2,38
25,10,43
50,6,17
39,1,43
42,8,18
28,11,36
31,9,36
42,7,24
27,14,19
56,0,23
20,13,37
17,14,39
47,3,22
41,5,26
16,15,39
40,9,23
46,8,17
29,11,26
0,1,56
35,4,41
39,10,17
40,3,31
26,12,32
7,12,42
31,11,27
2,13,45
7,20,34
37,4,33
34,8,35
41,2,41
45,0,29
29,7,40
2,21,36
36,1,46
50,1,24
34,2,45
31,1,51
43,0,39
11,10,43
12,20,34
28,11,31
16,17,37
45,4,22
42,2,36
52,4,21
24,13,42
2,9,46
37,5,43
14,18,35
10,22,30
42,6,24
36,5,43
3,23,34
16,22,19
27,10,36
22,11,43
52,3,25
39,6,40
24,11,43
36,9,23
37,6,40
13,21,25
39,3,37
32,0,50
36,5,35
28,10,36
34,4,45
27,4,45
32,14,19
33,15,18
43,1,39
31,6,45
39,10,18
25,16,17
57,1,19
18,0,52
21,16,22
28,4,46
18,17,32
28,16,24
42,11,17
0,17,41
32,14,17
41,7,28
12,22,24
41,9,23
53,4,17
39,4,42
12,0,53
47,7,19
43,3,30
10,23,26
23,16,35
43,1,32
27,2,50
7,14,40
22,16,33
43,11,17
27,0,54
6,1,50
1,20,37
29,1,53
16,19,33
10,18,34
36,1,44
15,21,23
27,1,54
4,23,32
36,10,23
5,10,45
42,11,18
19,19,20
23,16,26
22,7,49
56,1,19
33,8,30
19,17,29
0,3,58
42,8,24
4,6,47
8,22,30
44,0,33
24,14,29
44,10,18
11,9,43
34,14,17
13,18,35
37,4,28
35,6,34
48,2,23
50,8,17
34,0,46
14,7,46
17,12,43
43,5,27
41,2,35
58,1,18
24,16,20
34,7,29
21,5,49
32,4,43
19,13,37
52,5,19
24,9,42
26,8,45
22,5,49
43,5,21
41,3,26
39,8,19
0,5,52
21,22,17
28,8,46
26,13,26
31,9,29
34,10,22
37,11,18
50,1,25
15,12,44
58,0,21
39,3,30
51,4,17
21,18,29
50,1,27
23,10,39
28,13,23
25,10,42
18,14,41
17,20,33
21,5,51
44,0,40
41,12,19
14,0,55
55,0,24
23,6,47
26,8,41
41,4,32
18,8,47
34,11,20
27,15,29
31,14,20
0,17,42
21,21,17
15,6,47
14,10,44
31,6,44
15,8,45
16,13,39
27,10,42
19,16,33
20,17,27
0,23,36
27,2,52
27,13,21
15,9,46
6,17,36
32,9,39
16,22,20
2,2,57
2,13,43
33,6,38
55,3,17
43,10,17
33,7,36
16,16,39
22,6,47
10,12,40
25,7,43
43,8,17
20,16,37
13,7,46
56,3,17
19,0,52
33,3,46
5,23,30
0,17,43
47,8,18
4,9,45
31,12,21
50,5,18
36,8,25
35,1,50
17,17,30
9,23,31
18,15,38
14,3,50
32,10,22
20,17,32
19,9,46
26,7,48
34,14,20
16,2,50
6,21,34
25,12,36
3,20,38
42,2,28
54,3,20
10,6,49
35,9,34
30,9,44
22,12,38
9,21,32
35,10,23
27,0,53
46,3,26
24,4,49
9,17,36
3,5,49
31,3,49
26,14,36
45,6,23
42,1,41
15,17,34
18,1,53
34,12,19
13,20,31
10,20,32
1,9,50
27,7,41
28,5,49
23,12,40
43,0,36
24,13,34
31,13,28
14,22,29
20,15,31
3,8,45
54,3,21
34,14,21
22,10,39
8,5,49
6,2,52
42,4,23
44,1,30
34,8,29
28,14,28
45,1,33
30,0,49
24,17,33
29,10,40
22,15,34
24,5,47
37,6,41
25,13,34
7,14,39
20,15,33
6,3,49
11,17,35
28,12,21
44,2,25
39,4,29
27,12,31
25,6,49
9,7,46
36,14,19
44,2,32
1,0,58
14,1,53
3,1,58
25,15,24
28,13,24
34,8,37
50,7,18
21,16,36
23,7,48
35,7,30
42,7,21
50,7,17
23,17,23
51,3,20
18,14,36
23,7,45
13,17,36
32,10,33
12,22,31
11,23,22
7,22,33
42,1,29
27,12,24
11,7,46
19,18,22
26,12,34
39,9,20
14,19,31
33,1,46
28,12,31
19,18,33
19,14,39
3,1,54
32,10,37
11,23,30
39,5,32
9,0,50
22,16,31
33,4,42
11,23,21
6,21,33
14,22,21
29,2,51
28,14,29
44,8,18
1,10,48
28,8,41
28,17,18
17,0,52
20,20,17
33,2,46
39,11,20
11,13,39
42,0,43
41,11,20
42,4,27
44,4,26
18,13,40
11,12,42
54,2,20
38,6,33
26,14,34
0,15,45
47,0,28
30,13,25
35,7,25
10,17,36
21,9,46
42,2,29
29,14,20
41,6,28
59,1,20
39,5,26
50,2,24
29,7,39
31,13,20
0,4,58
15,7,45
38,7,24
17,5,51
44,1,35
5,15,38
16,14,37
1,10,45
36,11,24
25,14,32
1,16,43
37,5,32
34,5,45
33,8,37
8,4,48
35,2,46
13,22,25
17,16,33
1,18,39
31,11,21
10,14,39
18,19,26
40,6,26
1,7,51
4,11,43
10,6,45
22,16,25
42,4,29
49,0,26
28,13,28
7,21,33
18,19,20
29,11,33
36,4,41
34,8,32
20,18,22
3,19,36
12,23,22
28,10,41
40,0,42
23,13,39
10,10,45
7,11,41
25,16,21
5,7,45
22,10,44
44,4,27
0,19,40
56,1,17
21,15,35
30,6,41
25,12,41
25,7,47
56,2,21
13,22,24
11,13,41
26,14,19
7,13,39
33,9,34
25,9,39
5,10,43
31,12,18
38,2,41
24,19,21
28,12,33
24,0,54
36,5,34
22,15,37
42,1,38
21,10,42
34,10,25
41,1,30
26,6,47
23,20,22
24,16,27
23,9,45
22,13,39
35,6,41
9,13,39
17,2,52
24,15,19
22,11,39
14,1,51
28,4,48
21,12,37
31,1,49
25,14,27
27,13,30
39,8,24
28,6,44
27,14,30
13,23,17
25,14,25
31,10,26
26,17,17
27,11,41
38,9,19
34,8,23
40,0,44
14,22,22
19,11,41
4,15,40
31,2,49
17,0,53
37,3,44
5,12,42
1,0,56
39,5,27
33,3,43
8,7,44
24,8,45
1,23,35
2,1,58
3,3,54
21,10,45
38,10,19
25,13,25
23,13,35
28,15,26
31,6,40
29,12,29
45,5,25
40,10,20
11,14,39
20,14,37
9,23,32
37,6,34
28,9,41
36,5,31
23,15,22
12,4,47
39,6,28
4,7,45
7,23,33
32,9,36
45,8,20
33,4,45
12,9,44
17,6,48
24,15,25
9,19,33
45,0,34
24,6,48
51,4,20
32,2,49
11,18,36
33,16,17
36,13,17
55,4,17
8,11,41
11,3,49
24,6,46
27,14,21
31,2,50
23,15,32
20,16,32
25,6,47
28,7,44
51,0,24
2,9,47
10,11,42
4,2,53
45,7,18
26,15,32
34,4,43
36,8,26
20,2,54
43,1,37
4,10,43
42,3,39
4,1,53
44,7,22
28,11,41
33,9,31
20,11,41
9,3,49
28,12,28
44,9,20
27,15,28
34,7,35
41,2,42
3,9,46
2,10,44
22,15,36
48,2,26
22,13,35
27,4,49
29,10,33
13,6,46
11,21,32
21,14,36
40,3,33
26,15,28
26,14,25
6,3,51
19,1,54
25,3,48
3,16,40
18,20,31
16,8,48
6,19,34
29,0,49
35,5,37
6,5,47
44,2,27
1,12,47
28,13,19
39,3,44
28,2,48
4,15,39
47,6,19
13,19,34
24,7,45
10,22,32
46,9,18
47,6,17
4,0,54
21,18,20
50,2,26
15,20,24
36,10,25
29,10,34
42,0,31
28,12,27
33,15,20
23,15,24
0,21,38
18,13,41
40,11,18
8,1,49
49,4,22
19,13,41
13,5,47
2,7,48
5,22,32
38,9,34
1,16,44
27,13,26
34,2,48
41,6,25
9,20,32
25,13,27
46,1,29
51,5,17
24,11,36
28,13,33
34,9,37
20,19,20
8,22,34
14,6,49
36,1,43
6,21,32
43,9,20
35,9,25
33,9,35
37,9,26
15,19,28
47,5,19
14,14,39
1,14,45
25,14,21
32,6,42
19,6,48
47,1,25
30,1,49
33,1,47
43,0,35
41,3,35
51,5,18
33,12,17
35,6,28
8,0,53
38,4,37
13,15,41
43,1,33
10,7,44
12,7,45
6,22,31
45,5,22
22,20,18
21,2,52
11,12,41
18,16,36
37,4,38
21,1,52
26,6,44
15,14,41
28,1,52
38,10,22
2,20,39
20,17,35
30,8,44
48,3,23
3,6,50
18,9,46
36,12,19
13,10,43
32,8,29
25,15,34
31,6,43
34,5,41
26,17,21
36,12,18
25,11,38
53,3,22
10,15,37
43,3,24
15,12,42
26,13,22
23,15,34
50,5,19
18,9,44
6,6,47
32,3,44
26,4,48
18,10,45
13,12,43
35,10,26
17,17,35
1,2,53
1,13,45
48,2,24
32,11,21
30,11,25
30,13,17
8,23,33
42,2,30
31,0,49
25,14,36
11,22,28
45,0,37
35,7,28
8,3,49
21,12,42
32,5,43
25,8,41
25,16,20
20,16,30
37,5,42
54,1,24
15,21,27
1,22,34
36,3,42
41,4,28
23,14,28
3,12,42
44,2,28
18,16,38
0,23,37
18,11,44
35,7,26
0,0,54
12,15,41
14,21,30
47,4,27
9,8,45
25,1,53
32,11,33
19,16,32
14,2,52
24,17,17
15,6,49
33,11,35
42,7,19
18,17,36
13,9,45
28,15,24
26,11,35
27,12,32
29,10,31
45,8,17
51,4,23
48,3,25
41,3,28
2,10,46
35,14,19
22,19,17
22,11,40
40,0,45
27,4,47
14,18,33
38,3,40
11,1,50
39,3,33
10,22,29
17,13,41
40,2,30
40,4,28
39,1,46
44,3,32
29,8,42
25,5,48
34,2,47
23,18,20
23,17,22
4,5,50
17,19,24
38,7,39
11,15,39
26,5,48
35,8,24
4,17,37
1,3,57
42,1,42
9,9,45
32,15,20
16,17,32
24,15,24
29,14,31
36,3,46
1,23,34
22,2,51
30,2,46
57,2,18
22,8,43
49,0,25
35,12,20
0,4,52
18,17,38
22,2,53
35,2,47
43,0,40
27,3,52
0,0,56
25,4,49
39,4,27
17,16,38
2,7,47
7,1,49
40,1,42
14,1,54
4,12,42
31,10,33
2,1,53
18,16,35
11,13,40
35,8,32
25,15,18
39,0,44
30,14,26
15,17,37
46,11,17
9,13,40
50,7,19
44,5,23
40,10,19
2,22,33
21,4,51
40,5,25
13,21,28
1,12,45
36,10,24
42,6,20
48,8,19
36,5,26
11,9,45
24,17,22
10,23,25
29,1,51
30,8,39
43,2,39
12,18,34
22,12,36
31,8,36
27,11,39
51,3,21
22,13,34
53,3,17
39,4,33
31,13,19
4,13,41
24,7,43
6,23,30
46,3,22
27,12,33
42,7,20
45,1,37
19,7,50
29,9,38
5,6,50
31,11,32
0,22,38
26,4,50
34,7,41
28,12,26
34,10,23
45,6,19
12,21,34
28,5,48
21,12,39
2,9,45
17,12,41
10,10,42
32,0,51
18,13,38
6,7,48
29,0,50
37,14,18
10,21,31
44,6,20
50,6,20
43,4,27
2,11,45
32,13,22
32,14,22
37,4,42
39,8,28
5,13,41
35,7,37
18,13,42
46,1,25
32,13,20
24,16,32
42,8,17
27,8,46
39,9,21
54,1,22
34,0,47
29,15,17
10,0,50
8,23,29
37,8,22
21,15,31
37,12,19
44,0,35
34,1,48
35,4,46
7,1,51
16,17,33
22,15,27
56,2,19
38,10,23
33,7,29
26,10,41
32,8,40
14,0,51
48,1,25
16,14,38
22,17,18
9,15,38
11,22,26
32,13,21
49,1,29
31,0,52
12,8,46
28,9,43
20,12,43
19,10,46
39,6,35
17,17,33
40,3,30
28,5,50
40,8,26
19,17,36
16,18,34
55,0,22
8,22,33
11,19,35
28,8,38
46,4,22
23,15,27
29,10,27
33,0,49
40,2,41
33,7,30
10,17,35
22,17,19
11,11,43
24,15,18
24,13,32
6,16,38
18,16,34
14,6,47
37,7,23
20,14,38
34,13,18
37,4,27
37,10,22
21,16,29
39,5,30
13,8,46
29,14,28
19,18,35
32,6,43
9,19,35
55,2,17
28,11,39
35,3,43
32,8,28
7,23,30
36,6,25
15,1,51
33,9,36
2,6,51
30,5,44
32,1,47
17,12,42
31,9,37
42,10,17
23,19,20
22,3,51
54,3,22
30,2,50
47,6,22
11,22,27
1,1,57
13,16,37
21,0,54
30,3,46
39,13,18
21,14,40
16,20,29
55,3,21
31,8,40
53,2,20
1,2,57
44,10,17
38,6,23
28,9,39
30,10,39
16,6,48
13,7,47
13,10,46
15,2,52
28,11,34
27,1,53
28,7,41
31,4,44
5,9,45
32,4,46
56,2,20
44,0,39
32,9,31
35,6,31
34,6,44
2,12,43
17,20,30
56,1,23
34,7,40
37,7,33
41,4,31
29,10,30
33,11,33
19,16,38
14,2,53
35,10,31
51,6,19
19,11,42
7,17,35
9,23,30
30,12,24
10,13,39
21,21,18
22,18,21
35,4,42
11,4,48
27,11,35
32,5,42
46,5,20
30,1,51
37,4,41
32,10,23
26,13,31
32,8,44
22,6,50
9,16,38
13,16,38
35,0,50
39,3,31
41,8,21
20,8,47
52,2,26
49,0,32
25,13,28
27,6,43
18,17,34
0,22,35
31,12,22
13,20,32
40,10,17
27,7,40
31,7,38
19,19,29
24,5,46
30,11,38
30,1,50
27,12,40
36,7,23
17,7,47
16,18,36
4,22,34
30,13,21
32,10,28
49,6,19
42,1,36
46,5,21
43,9,19
20,13,36
2,5,51
9,18,35
40,11,19
38,6,39
24,18,21
47,0,26
37,5,40
42,8,22
23,7,47
30,6,40
13,22,33
3,18,39
50,6,19
15,12,43
26,13,23
24,16,29
41,1,35
28,13,36
12,2,51
22,20,21
55,0,25
11,17,36
21,3,51
39,12,17
27,8,39
18,15,35
11,16,38
40,5,31
18,14,37
17,20,19
27,13,23
42,4,33
38,11,17
25,3,49
17,8,46
6,15,38
29,12,35
41,9,24
51,1,22
40,9,19
11,23,20
49,1,24
22,1,54
11,22,31
17,13,39
41,11,17
20,14,35
4,0,52
41,8,19
1,9,51
7,10,43
3,7,47
33,5,43
14,7,47
47,5,21
15,16,36
30,13,24
4,22,35
23,8,46
48,1,31
25,2,52
37,0,44
21,18,18
36,5,37
24,10,39
15,13,40
33,5,45
26,4,47
39,11,18
21,14,34
32,7,37
2,21,37
30,11,28
55,2,21
39,10,24
39,6,24
34,12,18
33,6,40
28,11,26
35,6,42
30,14,24
14,13,43
16,15,41
18,6,49
18,20,17
36,10,19
23,13,36
52,5,17
43,6,25
40,7,25
6,23,31
41,11,18
44,1,28
25,14,33
24,9,46
28,5,43
7,17,36
9,22,31
29,0,51
10,23,28
22,1,53
39,9,19
26,1,53
12,16,37
39,11,19
9,20,33
29,12,32
40,3,29
49,7,17
21,16,25
0,2,54
45,1,27
18,19,21
30,10,29
26,10,37
0,2,58
12,18,36
3,20,35
16,5,51
25,10,41
44,0,29
3,21,35
33,15,19
7,22,31
8,9,44
31,9,28
16,21,17
47,0,34
57,0,19
2,17,41
36,8,36
30,5,43
3,6,47
17,14,37
18,11,41
32,13,18
17,19,31
19,18,19
29,11,36
45,1,29
30,8,37
40,5,26
27,7,45
8,5,46
32,2,48
40,10,18
33,10,31
22,20,22
26,14,22
35,7,34
18,4,50
45,2,26
26,2,50
43,0,38
30,11,29
26,16,18
13,14,41
32,8,25
35,8,31
10,15,39
15,20,31
39,0,43
19,2,52
2,8,47
12,21,27
23,12,35
46,2,25
35,8,34
18,18,27
30,13,20
12,23,25
25,6,43
5,6,49
15,20,27
29,6,45
32,8,39
19,20,18
13,22,22
24,14,34
45,2,28
22,5,51
38,4,32
59,0,21
29,4,47
43,8,23
40,3,40
23,16,21
8,16,37
12,11,43
36,12,21
12,9,43
12,20,35
34,7,26
31,13,22
26,3,48
36,12,22
48,5,19
38,8,23
24,3,53
25,14,31
18,15,41
4,21,35
21,9,45
59,2,18
19,3,51
5,20,34
36,13,20
26,5,44
20,17,25
20,18,20
39,9,25
32,2,45
31,13,21
25,7,49
15,20,30
28,14,21
22,13,38
40,3,28
37,6,31
15,23,21
18,3,51
28,9,45
33,7,33
21,16,32
33,11,19
17,21,20
16,7,49
33,2,44
2,19,40
42,1,28
5,5,50
33,7,37
24,9,44
7,18,35
30,11,24
1,19,39
32,1,50
24,4,51
41,1,40
36,7,24
34,9,30
13,21,34
32,9,29
11,20,35
35,3,42
13,23,30
38,13,19
36,1,50
29,11,25
44,6,23
22,15,32
34,0,49
26,7,46
37,8,24
2,0,58
37,10,24
8,5,48
45,2,33
13,14,40
35,7,29
15,22,19
11,19,33
32,11,31
13,6,48
19,15,33
6,14,40
0,10,50
38,10,25
1,6,52
29,11,35
31,6,41
36,0,50
26,3,50
0,13,48
41,3,41
19,19,19
29,8,46
39,4,26
7,8,45
0,8,51
33,3,44
21,13,40
39,4,39
52,6,19
13,22,27
40,4,29
10,2,49
1,15,43
20,4,50
28,13,34
8,8,43
49,1,25
57,1,20
41,6,22
12,7,47
27,4,46
12,8,45
10,22,28
4,12,44
10,5,46
27,15,19
20,17,21
3,2,54
32,9,35
12,13,41
32,11,35
41,7,20
49,2,23
43,2,27
14,1,52
36,5,42
20,7,48
24,14,32
31,10,25
26,15,18
5,6,46
2,23,37
35,2,44
20,17,37
38,7,35
10,18,36
31,9,41
49,6,18
13,1,52
50,2,28
34,13,23
11,14,41
7,9,45
32,5,41
32,11,29
29,1,49
46,4,27
52,2,23
32,3,48
13,4,50
57,2,17
16,14,40
35,6,27
3,11,43
21,8,49
51,1,23
10,3,49
54,3,17
33,13,20
16,20,30
21,1,53
42,4,24
31,10,28
20,10,44
8,19,34
34,7,37
18,17,35
15,15,38
23,15,25
52,3,23
7,9,43
36,4,44
29,4,46
10,13,41
35,11,17
24,14,23
37,4,40
44,2,26
24,14,33
29,3,49
38,3,29
23,14,27
3,22,37
41,4,24
34,1,50
1,19,40
24,1,54
17,7,46
18,17,29
19,5,51
6,6,46
29,16,24
22,15,26
34,5,44
45,7,22
46,4,21
41,1,32
17,17,36
43,5,23
47,2,24
32,10,39
24,8,44
15,20,33
39,4,40
10,2,50
3,1,52
16,0,54
28,12,38
23,13,37
35,11,18
23,4,51
21,12,38
19,12,38
22,6,49
1,22,37
30,12,21
22,14,32
46,4,25
40,5,28
52,0,26
32,13,19
11,8,47
12,22,26
41,4,27
30,14,18
29,8,44
12,17,35
29,12,24
39,6,30
16,6,49
38,9,21
18,18,30
30,4,45
54,2,23
54,3,19
21,7,49
29,3,48
28,3,49
15,22,20
0,21,35
47,3,26
5,7,46
12,23,31
23,10,40
35,6,36
8,22,32
36,9,25
25,8,44
34,8,28
46,6,25
11,4,47
30,1,47
28,4,50
26,10,39
29,11,32
42,2,33
30,11,22
8,23,30
20,16,33
15,20,25
28,14,18
4,21,34
12,22,27
24,11,42
12,13,39
31,11,29
58,2,17
19,17,34
20,19,17
45,1,34
24,15,36
22,14,35
43,4,29
23,13,34
41,10,18
3,7,48
32,11,22
33,1,48
25,14,35
28,15,25
34,9,31
52,0,27
44,8,20
11,15,38
36,5,27
25,9,43
5,21,34
30,13,28
34,8,26
15,21,30
28,11,28
45,2,34
23,8,47
11,23,27
24,14,25
9,23,28
15,8,47
21,13,41
49,2,24
15,20,28
36,7,34
16,21,33
18,20,21
16,1,55
25,11,43
10,1,51
38,0,48
32,1,51
37,4,35
0,22,34
35,10,24
12,15,38
6,11,41
46,7,20
14,11,45
35,13,21
14,9,45
19,17,32
27,6,45
34,12,17
14,15,39
17,6,49
52,5,18
7,23,31
34,12,22
1,4,52
39,10,23
26,16,20
11,9,44
11,21,30
16,18,29
38,5,31
9,7,44
35,6,35
32,12,19
52,8,17
28,10,42
26,9,41
28,2,49
1,8,51
11,18,35
14,15,41
50,0,25
15,0,52
4,12,43
21,11,42
25,6,46
31,14,17
28,1,51
40,3,38
22,19,18
43,3,27
27,5,48
6,4,49
21,13,42
17,16,34
15,5,49
45,10,18
19,16,37
26,13,28
30,5,42
11,0,51
36,7,25
24,13,36
24,11,38
29,13,28
40,2,35
27,15,17
7,13,40
20,6,50
5,19,37
3,12,44
42,2,34
28,13,25
13,22,29
27,13,20
30,10,32
15,13,41
26,14,21
37,7,24
42,11,19
3,0,52
29,13,29
0,1,54
31,7,40
36,5,30
16,17,34
23,12,37
22,9,45
33,2,45
7,20,33
8,1,51
23,16,30
18,10,44
39,6,26
8,17,34
22,11,45
37,15,17
39,3,27
27,14,31
6,2,50
21,9,42
40,10,22
30,9,37
1,21,37
35,6,29
49,3,22
40,8,24
23,21,21
25,10,38
41,9,19
38,12,19
33,8,26
43,4,28
31,13,26
17,2,51
16,9,46
30,11,37
29,4,50
24,15,35
17,1,51
30,10,22
12,3,52
25,8,40
26,2,49
42,2,40
21,18,33
18,7,47
16,15,38
1,9,49
2,6,48
45,7,20
31,2,48
6,13,40
29,11,22
13,17,37
30,12,19
23,5,50
22,16,26
16,6,47
22,5,50
40,8,22
5,20,35
49,0,29
22,19,21
28,11,29
22,16,29
32,10,30
25,13,35
37,7,39
24,12,38
33,1,49
2,7,51
25,16,18
33,11,21
18,16,37
46,0,30
38,13,17
35,2,45
30,10,36
9,22,33
48,6,20
33,9,25
37,0,46
11,5,47
56,0,21
12,23,20
31,1,48
39,2,43
3,22,33
31,2,46
25,12,39
34,9,33
31,8,41
42,1,40
21,17,18
38,9,25
23,16,20
42,5,27
38,4,31
6,19,36
0,10,48
20,12,38
7,7,46
17,13,40
13,23,23
46,4,24
3,7,45
41,5,34
35,0,46
29,11,24
29,14,23
11,21,35
8,16,36
36,7,39
9,0,51
31,12,27
17,18,32
14,10,45
52,1,22
24,9,43
14,14,41
30,0,48
7,13,38
27,13,35
38,1,44
22,0,54
14,23,18
46,2,28
27,2,51
52,4,18
56,0,24
32,8,38
29,13,23
14,16,39
7,0,50
44,4,25
19,14,36
42,12,17
23,20,21
52,2,22
31,4,45
33,10,26
25,6,50
33,8,32
39,2,44
26,13,35
22,15,28
31,9,27
0,20,38
26,14,33
2,20,37
20,13,40
17,16,37
15,19,37
21,3,52
23,19,21
10,4,47
8,17,35
6,2,51
21,10,41
36,13,18
38,4,36
36,0,47
42,3,34
13,19,35
33,12,18
1,23,36
13,16,39
48,3,26
46,1,27
52,3,19
14,15,38
11,2,49
23,15,28
9,21,31
29,11,39
18,0,53
27,14,25
31,13,25
16,8,47
28,0,51
42,5,23
24,12,42
23,12,41
37,7,25
29,10,37
30,5,46
10,22,33
10,19,34
52,2,24
15,7,49
14,20,30
21,15,30
31,16,17
11,9,46
17,15,35
12,23,30
20,17,22
11,23,24
26,4,49
36,8,35
49,5,18
19,14,40
25,11,40
20,14,41
20,0,52
13,14,38
2,5,49
22,18,18
34,7,38
38,7,33
23,7,49
10,17,37
4,2,50
26,12,29
53,7,17
18,13,37
46,2,30
44,5,21
46,8,18
14,21,20
9,19,34
1,13,47
49,2,22
6,20,36
1,23,33
43,0,34
6,23,32
37,3,43
11,21,31
42,7,25
28,11,25
2,8,46
33,8,39
44,9,19
13,8,45
51,4,19
17,18,35
30,9,41
27,5,49
35,10,25
15,18,34
37,8,26
13,1,53
27,14,18
4,10,44
42,3,40
58,1,19
0,18,42
26,6,43
14,0,53
25,13,39
27,12,34
34,3,44
32,7,38
41,0,43
32,3,47
17,4,50
31,3,48
19,15,39
20,18,18
15,1,53
14,21,26
41,10,20
12,22,21
3,2,52
38,3,41
22,14,34
30,2,48
53,5,21
27,1,52
12,15,39
3,23,33
12,4,49
25,9,41
18,5,49
5,15,39
25,11,41
20,18,23
13,10,45
47,4,24
52,7,19
12,1,50
29,11,28
42,1,31
40,1,41
3,13,42
35,7,32
29,8,41
25,5,47
8,2,48
21,10,43
22,16,24
29,2,50
16,9,47
21,17,35
40,2,42
21,16,31
39,3,40
5,20,36
45,0,30
21,2,53
28,2,52
47,7,22
1,2,52
43,2,40
33,7,40
6,1,52
33,12,19
17,20,26
23,17,34
31,8,43
24,10,45
45,1,32
2,0,59
47,3,27
14,11,43
40,1,45
33,10,22
3,4,52
45,4,25
37,9,19
39,6,29
18,12,39
33,14,18
27,13,36
16,20,26
17,18,27
28,9,42
6,14,39
43,0,37
36,6,41
18,19,31
8,18,34
1,8,49
39,5,38
34,3,45
12,23,23
21,18,19
2,0,53
28,8,42
29,11,21
38,4,35
38,7,21
54,2,17
30,11,33
10,8,45
45,2,31
10,6,47
29,6,46
2,13,42
1,0,54
27,14,35
23,13,33
26,15,27
27,0,51
46,8,20
20,17,20
25,16,19
2,12,44
19,13,38
24,13,30
55,3,18
24,0,53
21,14,37
22,17,17
0,1,53
16,18,32
14,21,27
28,14,26
32,9,23
50,5,17
9,4,47
2,22,34
24,12,34
24,13,33
11,23,26
1,1,58
42,5,25
5,1,51
26,14,35
24,11,37
28,12,36
27,4,51
42,12,18
11,12,43
15,20,22
47,6,18
19,15,36
45,1,31
19,17,31
51,0,25
19,12,41
52,0,23
18,3,50
12,6,45
34,7,27
40,10,21
17,16,36
28,15,18
5,5,49
3,19,39
29,12,26
47,7,18
11,20,32
31,7,44
18,18,25
33,8,27
41,9,18
24,13,38
25,4,52
57,0,20
50,3,25
17,9,46
28,8,44
6,17,35
36,0,49
2,19,41
18,6,48
7,6,45
20,17,26
0,11,48
24,16,30
4,1,52
50,1,28
30,11,27
31,4,47
46,9,19
30,3,50
49,2,26
39,8,22
35,8,25
40,12,17
10,3,48
13,23,22
2,1,57
33,8,36
51,0,26
30,8,38
34,0,50
26,3,51
2,16,41
56,1,21
16,21,26
41,4,26
15,19,33
38,9,26
16,7,46
21,20,17
39,3,43
20,14,39
37,12,18
33,4,47
27,13,19
42,10,18
37,6,36
45,8,18
29,12,21
21,20,18
30,7,43
13,13,42
50,0,30
38,7,27
29,9,39
5,4,48
49,5,21
32,3,46
9,2,48
35,3,45
10,4,49
14,3,49
18,19,18
32,10,38
6,1,51
48,3,27
24,1,55
25,15,30
6,6,45
35,3,44
10,11,41
39,5,24
2,6,50
36,0,45
38,7,25
29,0,52
32,17,17
34,7,34
26,14,27
18,16,39
45,11,17
24,12,37
42,1,33
5,14,40
40,12,18
32,10,31
26,7,44
20,21,18
11,6,46
38,4,29
13,16,36
1,8,48
16,16,34
48,1,24
13,9,46
18,4,51
26,5,45
3,2,58
31,12,23
25,4,51
3,22,32
41,2,36
42,0,42
20,22,18
37,13,17
10,23,32
3,22,34
45,7,19
10,19,33
33,10,36
5,2,51
35,9,22
48,1,33
41,2,37
35,6,26
34,1,49
46,1,31
41,12,18
13,18,37
22,14,37
45,4,27
0,16,44
20,11,39
16,5,49
3,15,39
44,0,34
24,17,29
35,6,39
53,0,24
41,7,21
22,10,41
25,12,35
14,14,40
13,0,52
20,14,34
24,10,42
32,17,18
3,23,35
43,1,31
44,5,22
1,1,53
4,19,36
1,4,58
21,7,48
30,10,38
47,4,20
2,19,37
1,18,40
8,21,34
37,9,25
20,17,23
16,19,31
31,4,43
12,18,37
28,8,39
13,21,35
48,3,24
23,3,53
40,6,21
40,6,24
43,12,17
47,1,28
48,0,31
28,15,17
4,21,33
51,0,27
29,3,50
35,0,48
21,15,39
41,1,29
25,7,42
44,4,29
28,15,28
13,3,49
43,3,28
10,9,45
44,6,21
24,7,47
39,9,18
11,22,29
21,1,55
52,6,18
22,6,48
38,8,27
38,4,42
24,14,24
8,1,50
33,3,48
39,9,23
47,8,20
52,3,24
7,2,51
13,10,44
16,1,52
18,20,20
45,9,18
31,2,47
12,5,47
40,3,35
48,4,22
47,2,25
23,17,19
19,0,54
14,21,23
33,8,28
42,3,27
37,5,37
30,11,32
36,3,43
44,7,20
36,12,20
35,10,32
46,7,19
44,4,22
3,7,46
16,13,42
9,14,39
17,11,42
22,7,45
22,0,53
24,14,27
38,4,30
29,11,30
19,7,49
17,3,50
35,11,24
58,1,17
18,6,50
22,15,29
23,10,42
23,2,52
32,11,20
11,7,47
37,5,26
28,11,27
11,21,29
20,11,44
8,22,31
4,3,51
16,19,29
51,1,24
36,4,42
39,5,35
40,9,24
20,10,41
11,6,49
17,15,40
54,1,21
21,17,36
23,17,30
9,5,47
12,4,50
34,11,35
46,4,26
5,7,50
11,0,52
17,21,24
21,17,31
15,1,52
41,0,42
38,2,42
13,1,51
26,12,38
45,0,35
2,11,44
37,4,36
18,20,33
3,1,57
31,7,45
0,2,55
26,12,31
38,6,27
15,19,30
8,10,42
14,17,37
28,12,37
34,13,19
26,16,30
38,7,23
44,6,25
40,8,19
16,7,47
9,4,48
32,5,40
15,21,22
21,0,53
27,14,28
28,0,53
56,1,20
26,16,17
17,19,23
32,9,33
33,9,26
6,7,45
44,3,27
18,18,35
32,0,49
26,1,52
27,2,49
48,0,26
20,7,49
10,6,48
28,12,22
38,1,45
15,19,31
1,8,50
28,12,24
12,18,35
20,11,40
40,4,31
22,11,41
23,21,22
47,4,22
25,16,27
49,1,32
24,5,50
34,10,34
45,6,20
31,0,50
1,11,45
11,11,41
36,9,26
8,23,28
20,16,25
34,10,24
21,14,33
20,9,45
25,14,37
9,9,44
5,23,33
7,2,49
20,12,41
2,3,52
8,13,40
25,12,42
10,12,42
33,11,26
28,4,45
12,16,38
30,3,47
36,3,41
22,17,32
58,3,18
47,0,33
26,13,30
12,21,35
42,3,29
43,4,30
17,22,20
12,5,49
9,14,40
17,7,50
18,20,24
24,5,49
0,1,57
28,13,30
26,10,44
0,4,53
24,0,55
22,20,17
40,3,32
27,12,35
1,21,39
35,5,42
20,0,53
31,12,30
24,15,22
35,7,31
36,2,43
31,10,23
19,15,40
28,7,42
41,10,21
48,6,17
44,7,19
21,17,26
38,12,17
41,6,21
2,21,38
10,22,31
42,8,21
46,0,34
33,9,39
31,11,25
43,6,20
39,11,21
26,7,43
24,15,27
38,9,24
21,16,23
5,16,39
16,18,33
21,6,48
15,20,35
25,15,17
36,6,32
37,5,31
1,0,53
41,5,24
26,14,28
38,12,18
22,17,20
16,10,45
25,11,39
12,1,53
31,12,20
41,5,22
16,16,37
38,5,28
40,4,33
14,9,44
35,1,49
33,14,22
36,3,45
3,15,40
23,6,46
26,5,47
14,6,46
39,7,24
18,14,40
23,15,33
41,8,23
44,0,36
40,5,35
22,1,55
24,15,32
30,10,23
10,7,48
39,4,31
9,0,54
12,10,43
40,9,18
26,6,50
4,5,47
49,2,29
25,1,54
54,2,22
2,7,46
41,5,23
29,7,44
26,8,46
3,1,53
24,15,26
28,9,38
13,22,21
41,3,38
49,5,20
12,0,54
44,1,29
47,8,17
35,9,21
25,15,21
4,3,50
2,15,42
37,3,40
16,23,21
3,9,45
33,10,24
34,6,39
20,16,36
17,19,26
11,23,25
17,19,27
37,5,28
0,9,49
10,16,37
33,5,42
11,6,45
20,2,52
14,5,50
36,2,42
35,10,19
22,15,38
8,20,34
24,15,37
51,2,23
25,11,37
44,6,19
33,10,33
41,2,28
27,5,46
19,17,35
5,11,43
40,6,27
35,8,26
33,10,23
8,7,45
24,16,34
12,20,33
27,13,25
54,0,24
13,2,50
28,1,49
19,19,22
43,4,25
15,9,45
21,12,40
16,13,41
9,13,41
26,7,47
22,17,27
27,7,42
18,18,31
35,5,39
20,9,46
44,3,28
5,19,36
26,0,53
28,1,53
23,1,52
34,11,19
18,18,34
37,1,46
12,4,48
10,15,38
23,18,22
2,23,34
51,3,22
12,14,42
20,10,45
7,11,43
7,12,40
14,3,52
15,13,39
22,18,30
36,8,22
19,10,44
12,11,42
32,6,44
15,20,26
12,7,46
21,16,37
30,2,49
22,17,21
20,17,33
28,4,51
39,5,31
14,19,37
24,8,41
36,6,28
23,3,52
42,2,39
17,16,35
5,2,52
16,20,27
20,15,38
37,1,44
1,5,52
44,1,31
37,10,21
8,21,32
50,2,23
20,6,48
32,11,34
48,7,18
9,17,35
28,13,21
39,2,41
16,20,18
14,12,42
30,9,40
41,2,39
24,12,40
15,4,49
20,1,52
19,4,51
17,20,17
38,7,26
21,15,38
39,5,34
19,17,24
31,10,22
32,3,49
27,8,40
23,14,34
41,9,22
10,21,30
46,5,25
28,12,29
10,4,48
2,23,33
37,2,44
38,5,41
41,3,30
17,18,30
19,9,47
53,0,25
25,14,22
40,11,17
35,6,30
1,13,44
14,20,27
0,14,45
5,23,32
52,4,23
47,2,27
23,1,54
18,20,19
33,2,48
37,5,36
15,16,37
9,6,45
53,0,23
4,6,46
38,5,35
36,6,27
28,6,43
1,2,58
11,4,49
5,15,40
32,11,23
2,5,50
14,5,48
15,21,24
13,22,32
40,8,27
34,3,42
32,12,30
29,12,27
6,18,35
47,7,20
3,6,51
44,1,34
3,3,53
43,0,32
38,0,44
5,4,50
4,19,37
1,20,39
43,3,26
0,7,51
11,1,52
29,6,44
24,15,33
6,20,34
16,12,42
41,9,17
12,22,30
38,14,17
29,13,18
28,14,34
0,0,59
33,2,49
37,12,17
10,20,34
40,2,37
7,1,50
34,11,21
26,11,37
42,9,19
42,1,32
28,13,27
34,8,34
18,1,52
7,5,49
27,11,36
32,7,44
38,7,22
4,1,54
32,8,30
8,6,45
25,13,33
5,7,47
27,12,38
17,10,44
38,2,45
26,14,30
13,22,20
30,8,40
29,7,43
39,0,45
26,13,36
29,12,34
37,2,43
12,0,52
22,16,27
35,10,21
23,3,50
2,0,52
23,16,33
41,11,19
43,6,21
40,4,27
33,8,33
39,10,19
29,12,31
24,4,50
41,3,36
12,20,31
19,16,35
17,21,26
28,0,54
57,0,24
34,8,39
17,21,19
33,8,23
15,5,48
27,12,26
44,4,23
34,8,30
44,9,17
35,14,17
31,11,30
33,3,45
15,8,46
13,19,36
8,15,36
49,3,24
41,4,34
16,17,36
44,11,17
14,20,26
40,4,25
31,8,39
12,21,33
33,2,47
20,12,40
25,8,45
15,18,36
34,4,44
31,9,30
24,15,34
33,15,17
42,4,28
0,0,55
5,18,37
3,20,36
36,5,28
32,9,26
4,18,38
6,23,34
38,4,28
40,2,33
23,15,30
8,23,32
22,9,41
32,15,18
17,14,40
12,23,18
52,0,25
43,0,29
9,5,46
7,22,32
53,4,18
32,10,32
13,11,43
16,18,31
23,5,48
22,15,30
0,23,35
33,8,40
23,11,39
42,0,33
24,13,31
43,7,19
34,15,18
13,20,34
21,7,47
32,7,39
35,11,25
11,7,44
25,13,37
35,9,23
35,0,49
4,3,53
34,10,32
47,5,22
33,9,27
25,9,44
39,8,21
31,13,23
7,3,48
6,10,44
2,18,42
35,9,35
20,15,34
9,18,36
19,16,36
36,6,35
33,8,35
35,1,46
14,13,41
36,7,35
19,11,44
33,5,41
19,9,44
55,2,18
15,3,50
8,6,46
12,14,40
17,20,20
29,14,32
9,12,40
34,2,49
12,23,24
46,7,18
41,1,42
47,0,30
7,5,46
44,10,19
37,7,36
23,16,32
11,8,44
39,1,44
24,8,42
29,10,35
29,13,34
56,0,20
39,8,23
37,0,47
3,12,43
14,7,45
45,2,32
6,20,35
53,5,18
11,12,40
42,4,25
24,14,36
35,12,22
2,14,43
19,14,37
24,8,46
27,0,52
26,15,26
47,4,23
22,9,43
7,15,38
22,14,38
16,7,48
45,0,31
32,2,46
10,23,27
19,21,17
9,21,34
51,1,25
36,11,25
14,22,31
36,9,27
31,9,34
32,8,36
4,9,44
4,6,49
49,2,28
33,7,31
18,3,53
40,1,44
27,13,40
51,1,28
10,9,46
38,12,21
23,13,41
10,9,43
27,3,49
12,23,26
23,16,29
28,14,19
8,3,48
24,1,53
2,10,47
19,18,29
34,11,18
11,8,46
10,13,42
31,14,18
18,18,23
22,17,29
19,18,26
13,5,48
3,5,50
14,14,38
35,8,35
30,14,17
6,17,37
40,3,37
10,16,36
38,10,26
39,2,42
34,9,34
46,0,32
34,7,25
21,17,19
55,2,20
10,14,40
41,7,26
20,16,38
22,8,44
42,2,38
29,13,32
4,3,54
52,2,21
7,20,35
26,16,21
34,11,23
33,8,31
43,8,18
37,6,25
29,11,23
45,0,27
25,16,34
42,10,20
18,2,53
11,17,37
28,10,38
53,6,19
15,7,48
48,5,20
2,19,39
30,12,26
27,14,22
3,23,32
7,16,38
28,11,33
27,8,42
9,22,32
5,12,41
1,15,44
8,2,51
33,14,17
30,6,42
52,6,17
35,2,43
42,3,25
19,12,39
35,7,41
14,11,42
22,16,20
50,6,21
19,14,41
51,2,22
10,21,35
15,20,34
42,3,38
0,18,40
44,2,30
34,9,23
26,12,35
48,2,33
18,1,54
16,0,53
37,1,43
21,15,33
26,7,45
38,4,34
25,7,45
27,8,45
35,7,35
28,13,29
46,1,26
5,14,39
37,11,23
37,0,48
13,3,51
7,12,39
14,3,51
21,6,51
29,14,29
28,14,23
2,5,52
16,21,19
24,6,47
41,6,23
39,8,27
30,13,18
15,5,50
0,20,40
26,12,33
34,7,36
25,17,21
34,10,35
26,7,41
24,15,20
18,18,28
24,13,35
1,4,57
10,12,41
29,13,20
31,9,39
50,1,23
35,7,33
5,5,47
22,13,40
31,14,24
27,14,29
29,13,21
50,3,21
31,12,19
10,0,51
22,11,38
3,18,38
36,5,41
22,22,17
16,19,27
46,4,23
49,3,21
29,15,24
39,6,23
35,1,47
42,2,32
8,4,47
22,10,43
57,0,18
24,3,50
31,7,39
36,5,32
3,8,46
3,3,52
13,20,33
15,21,21
26,13,24
47,9,18
28,14,24
4,5,49
53,3,21
19,16,29
42,2,41
22,8,47
10,2,48
9,11,42
4,12,41
29,12,22
0,18,41
37,3,41
16,21,30
10,1,50
26,14,24
28,2,47
23,14,35
12,13,42
30,12,30
32,5,46
36,13,22
9,23,34
28,4,47
44,1,26
27,12,37
23,15,29
23,8,48
35,7,27
28,12,23
10,7,45
42,2,31
18,12,43
28,1,50
37,8,21
39,8,20
39,6,22
21,8,47
51,3,23
31,12,28
36,14,18
23,12,38
21,17,20
12,16,39
34,9,25
21,1,54
9,7,47
4,0,53
12,14,41
32,12,22
8,12,41
43,7,20
31,15,18
10,3,50
33,6,43
34,0,48
19,9,45
9,16,39
58,0,17
35,11,22
35,5,41
38,13,18
24,5,48
25,5,45
15,0,51
15,12,41
44,3,26
19,11,45
33,14,19
41,8,24
27,10,38
15,2,53
21,17,21
23,2,53
50,0,26
31,9,24
13,19,33
5,21,35
35,6,37
42,4,30
31,10,29
34,11,25
33,0,50
22,18,22
15,7,46
20,8,45
3,14,40
15,19,29
34,13,17
12,10,44
36,7,36
29,13,30
19,19,21
11,22,33
1,12,48
15,11,45
2,3,57
51,7,20
1,7,48
45,5,26
20,16,31
7,15,37
2,13,44
43,9,18
46,0,28
38,8,34
42,5,33
23,6,48
12,17,36
12,5,48
39,10,20
39,8,25
4,6,48
36,8,27
37,2,41
11,4,50
6,8,46
37,4,37
2,6,49
22,15,31
17,19,33
18,19,23
12,21,30
36,12,17
52,3,20
18,7,50
39,7,22
28,6,42
2,4,51
6,9,43
25,4,48
28,13,31
16,14,41
34,7,33
40,9,25
46,2,27
44,0,37
31,9,31
31,11,31
24,4,52
20,0,54
39,5,28
38,1,43
14,19,30
4,23,34
8,0,51
33,8,34
18,20,18
53,2,21
33,6,44
6,11,43
42,4,26
11,8,45
24,14,31
20,14,40
8,21,33
41,5,28
11,7,48
44,0,32
40,2,36
31,9,35
0,3,52
22,4,51
24,8,43
29,13,19
35,5,40
37,6,30
24,6,45
33,13,18
35,7,38
23,5,47
24,14,38
37,8,33
53,2,25
6,12,40
4,2,52
36,8,24
30,6,45
23,15,21
11,0,50
8,1,52
24,10,43
36,11,18
48,0,29
25,14,34
12,22,28
1,11,47
15,10,44
30,12,20
48,0,27
17,17,31
23,18,21
27,5,47
29,4,44
16,20,28
11,21,33
45,6,21
45,0,28
29,9,37
31,16,18
26,9,39
37,8,23
16,18,30
31,9,26
23,2,51
34,5,39
15,21,29
44,9,18
53,1,25
18,12,44
43,2,26
27,14,32
9,12,41
3,21,37
10,23,29
37,2,45
23,11,41
14,11,44
11,20,34
33,10,34
17,5,48
12,2,53
22,8,48
17,6,47
24,15,30
15,13,42
36,6,33
24,6,49
13,21,29
26,10,42
19,18,23
49,6,20
5,16,38
41,5,25
51,6,17
36,4,46
33,9,38
9,18,34
12,6,48
35,1,48
28,11,32
29,8,39
20,13,41
42,6,23
8,17,36
50,4,22
42,0,32
26,16,31
2,1,52
27,7,46
17,18,29
38,10,18
15,16,35
24,15,21
30,10,34
23,14,30
5,23,31
21,17,25
17,12,40
25,9,42
36,5,38
27,13,31
29,9,43
34,7,42
45,2,30
36,4,40
28,13,22
31,11,22
9,3,48
16,22,27
35,7,24
16,3,50
14,13,42
8,20,33
25,11,42
28,10,40
59,0,17
33,1,50
39,12,18
31,0,51
19,16,31
42,3,26
47,2,26
40,5,34
16,15,36
17,19,35
26,11,38
21,0,55
27,11,34
13,6,49
6,9,45
40,6,35
33,13,21
28,11,37
36,14,17
14,21,28
30,6,46
53,1,24
26,9,38
26,4,46
49,1,28
35,15,18
44,8,19
28,14,20
57,3,18
7,4,49
3,20,39
24,14,26
32,11,25
5,8,46
17,5,49
3,23,31
21,11,43
18,19,24
9,20,34
16,20,23
28,12,32
5,18,36
3,21,36
35,4,40
50,4,19
14,8,45
21,9,43
37,4,29
1,9,47
22,21,21
13,8,47
11,5,49
24,12,36
32,8,34
12,22,23
10,21,36
31,13,18
34,4,46
7,23,32
16,12,43
17,11,45
48,7,20
22,15,33
34,6,41
27,10,37
57,1,21
31,7,43
16,22,21
5,19,35
32,12,25
10,14,38
27,6,47
26,8,39
7,15,36
33,8,38
31,15,20
2,15,41
24,3,51
26,13,29
25,5,46
21,17,24
38,7,34
8,0,52
2,14,42
5,9,44
14,22,18
17,15,37
22,17,30
18,17,30
36,9,20
30,10,37
38,4,40
12,3,50
36,11,20
30,4,47
38,8,25
26,13,27
27,14,20
41,10,19
40,9,22
24,14,39
19,16,34
16,22,30
56,2,17
12,8,44
54,2,21
10,10,43
56,2,18
45,4,23
39,7,25
11,11,42
23,5,49
37,10,19
2,18,41
53,2,22
15,22,17
21,2,51
48,3,22
33,7,41
20,17,34
57,1,17
16,17,35
3,13,41
29,2,48
23,11,38
45,2,29
40,4,32
32,7,41
1,10,49
18,11,43
14,22,17
17,9,45
25,16,31
46,9,17
44,7,18
51,1,26
27,14,34
23,8,42
14,20,32
15,21,25
46,0,29
1,15,42
27,13,27
42,3,30
60,0,20
11,13,42
15,19,27
4,16,38
49,7,19
30,13,23
29,3,51
29,7,45
39,2,40
11,23,28
5,12,43
22,15,24
41,6,26
20,19,33
34,2,44
13,14,39
47,4,25
27,7,48
27,13,29
23,13,38
16,13,40
14,19,29
57,1,18
25,13,30
15,19,32
53,2,24
2,16,42
34,8,33
26,17,20
34,10,31
29,3,47
26,12,39
31,15,19
15,18,35
33,5,44
3,22,36
34,10,21
28,0,52
28,12,25
43,0,33
24,15,29
37,0,45
17,20,22
22,10,45
15,15,39
20,2,51
23,0,53
26,5,46
7,5,47
30,11,26
28,7,45
23,15,35
15,15,40
37,5,38
42,3,28
14,2,51
7,4,48
10,20,33
13,22,30
25,7,44
37,7,26
3,10,45
59,2,17
25,1,52
41,2,30
16,11,44
16,0,52
23,15,31
42,5,29
49,2,27
40,7,28
11,23,32
13,0,53
16,20,31
25,15,31
33,9,23
21,8,48
19,8,47
39,4,34
4,20,36
36,9,21
33,11,23
16,21,29
48,8,18
34,3,46
21,15,29
20,16,34
2,18,39
14,18,34
21,14,38
41,9,20
9,11,41
6,12,43
21,4,52
22,17,22
8,18,35
31,5,44
16,8,46
31,10,35
55,1,22
33,14,21
34,7,39
15,20,23
13,12,41
16,12,40
20,7,47
39,7,23
43,2,34
16,16,36
20,14,36
1,3,52
37,10,23
24,14,35
2,21,39
6,0,51
36,11,21
20,13,39
1,14,43
30,11,39
37,6,26
10,22,27
15,7,47
16,22,26
44,3,33
4,16,41
12,7,44
47,1,33
44,5,27
2,17,42
22,10,40
4,22,33
14,17,35
3,3,51
27,1,51
24,11,41
22,14,30
18,19,30
12,8,47
47,4,28
22,5,48
49,4,20
23,14,33
19,14,38
33,6,41
14,20,31
26,10,40
6,10,43
58,0,18
38,6,34
31,11,24
34,9,35
23,10,41
47,8,19
25,9,45
18,15,36
15,20,32
39,10,21
18,14,39
26,12,37
25,15,36
29,8,40
58,0,19
33,9,32
28,7,46
35,12,17
0,10,49
44,7,23
30,4,46
34,2,46
25,13,32
30,4,44
10,7,46
0,0,58
6,22,33
27,16,32
22,17,31
16,20,20
30,14,28
44,2,33
40,4,38
21,7,46
36,5,29
49,6,21
32,16,18
22,7,47
6,9,44
3,0,58
8,9,43
22,8,45
24,16,19
5,0,51
34,12,20
52,3,21
4,4,49
40,2,39
42,8,20
21,13,35
28,13,26
15,22,18
10,21,32
44,1,33
54,3,18
24,9,41
24,16,17
51,2,21
1,14,44
8,14,38
15,16,40
48,6,19
33,12,23
23,15,38
19,1,53
17,16,39
33,14,23
38,6,25
32,7,40
48,8,20
50,8,19
55,2,23
31,6,42
54,4,22
11,0,53
36,5,40
45,4,26
32,5,44
12,20,30
16,17,38
38,4,27
44,8,17
24,13,37
22,12,40
24,8,47
12,19,34
47,0,27
21,18,17
36,9,22
43,1,41
25,3,50
24,12,35
48,6,18
23,8,45
34,8,25
23,16,22
0,23,33
21,15,32
44,3,30
0,15,44
22,9,47
26,11,36
12,23,19
23,15,37
24,15,31
55,1,21
33,16,18
27,13,28
39,8,26
26,16,27
13,1,54
34,5,42
25,14,23
34,9,32
16,18,37
7,19,34
28,12,20
27,6,44
27,1,50
30,13,19
17,14,38
35,0,47
27,13,34
17,21,17
23,12,36
22,14,33
25,13,31
1,19,41
43,1,27
16,4,50
30,12,29
34,1,45
27,16,27
16,21,22
15,11,43
21,0,52
41,4,33
15,14,38
20,3,51
4,11,44
16,19,32
43,8,19
26,15,35
23,14,38
41,1,39
41,3,29
45,2,27
51,5,20
36,7,31
7,21,34
12,13,40
38,5,27
21,9,47
27,10,39
22,14,36
25,6,44
24,12,41
4,16,39
13,20,36
14,21,29
19,5,49
10,6,46
43,10,19
7,18,34
10,9,44
32,5,45
36,5,36
38,9,22
14,23,17
43,7,23
11,14,42
38,6,35
44,0,28
23,16,19
13,3,50
9,16,37
30,15,17
13,21,26
3,0,54
31,7,42
26,16,28
42,5,28
30,12,28
31,9,38
37,4,39
31,3,46
46,6,19
26,3,49
35,8,22
36,15,17
18,18,33
28,2,50
13,11,44
24,15,28
1,23,37
0,1,55
19,17,27
16,5,50
33,7,28
16,2,51
27,10,41
1,6,50
40,6,28
55,2,22
20,11,42
35,6,33
15,6,50
28,7,43
18,14,38
52,1,26
0,20,37
7,23,34
29,13,24
29,13,27
44,5,25
4,14,41
40,1,43
34,8,31
29,8,43
43,0,31
14,12,44
15,18,31
16,21,20
25,6,45
9,1,50
22,12,41
39,6,25
28,5,45
16,1,54
42,7,22
15,21,20
0,16,42
12,22,33
6,16,37
27,14,17
32,12,21
31,8,38
36,11,23
42,0,41
43,1,38
25,5,49
11,14,38
2,23,32
34,0,51
44,0,31
25,14,29
31,9,40
11,16,37
40,2,34
34,9,22
25,15,27
17,13,38
20,9,44
50,1,26
19,6,49
9,23,29
14,21,32
33,12,21
14,8,46
57,0,22
27,15,30
32,9,37
16,18,35
49,1,27
38,8,22
19,15,35
3,6,46
26,1,51
11,22,32
20,18,32
23,15,23
13,21,24
25,10,37
18,18,21
12,19,37
33,7,42
40,8,20
0,9,50
14,18,32
27,5,43
25,16,33
20,5,49
22,19,20
41,9,21
39,1,42
26,12,26
29,16,18
38,2,43
37,4,32
9,12,42
8,23,31
5,13,40
35,12,19
41,2,33
16,21,31
3,13,43
33,9,29
15,0,54
22,9,42
5,11,42
35,15,17
37,9,22
33,6,45
25,15,32
30,3,45
23,16,18
17,3,51
28,4,44
38,10,17
30,6,43
22,16,36
40,5,32
8,13,38
8,8,44
12,12,42
31,3,44
15,16,39
41,7,27
23,9,43
30,13,27
28,12,39
13,7,48
32,12,18
37,5,27
13,9,44
34,14,19
18,17,31
38,11,22
22,16,19
21,4,50
40,9,20
10,18,35
32,11,28
39,3,32
35,13,18
7,21,32
47,1,27
14,7,48
39,6,34
43,8,21
28,3,46
23,9,46
32,9,28
12,9,45
30,10,25
16,13,43
21,16,24
18,18,24
5,3,50
25,0,53
36,2,44
37,13,19
24,16,33
33,10,25
20,16,28
18,19,29
19,2,54
3,5,51
6,7,44
8,17,37
32,16,19
18,17,28
25,11,36
25,14,20
26,14,18
17,22,25
34,6,43
29,7,46
41,5,32
40,3,34
33,12,20
47,3,23
13,21,32
27,14,26
10,20,36
22,9,44
17,1,53
36,10,18
25,0,54
18,7,49
28,8,43
32,8,35
23,3,51
15,16,38
5,0,50
33,3,47
1,11,46
5,22,34
40,7,21
30,3,49
21,11,39
15,17,36
47,3,25
49,1,33
38,4,43
15,21,19
38,8,26
19,16,30
19,12,40
16,19,35
31,9,33
46,6,21
30,7,40
36,8,21
21,16,27
9,15,37
40,6,25
24,16,21
22,18,20
43,3,29
25,15,33
41,8,18
38,5,39
9,10,45
33,7,38
40,6,23
23,17,17
28,3,47
32,8,26
38,3,43
19,18,24
42,1,30
16,20,22
26,11,39
43,7,18
53,1,23
37,6,24
50,5,21
31,5,45
14,21,24
32,9,24
8,15,38
1,12,46
27,3,51
26,15,31
47,4,21
0,0,60
2,0,56
48,4,24
32,0,47
26,13,33
38,1,42
29,12,28
20,20,18
35,5,43
5,13,42
27,15,18
12,12,40
20,15,35
26,3,47
29,10,25
43,1,35
44,8,22
43,2,25
52,3,22
37,12,21
37,11,19
22,18,29
1,18,41
13,4,49
27,12,28
13,6,47
32,11,27
21,13,39
32,9,27
3,0,53
15,21,33
20,6,49
21,14,35
13,19,32
32,9,40
37,9,21
45,3,27
29,3,45
36,2,45
25,3,51
40,2,40
5,22,33
14,20,28
15,18,33
15,8,48
11,3,50
29,10,38
38,8,20
38,3,42
51,7,17
42,0,35
16,19,24
31,10,31
27,14,23
4,0,51
32,4,45
24,2,52
17,5,50
21,17,23
1,3,58
20,5,50
34,7,31
28,6,41
39,7,26
31,5,41
36,0,46
23,9,40
15,0,53
8,2,49
45,7,17
37,8,34
29,8,38
37,9,20
25,6,48
39,9,22
34,5,40
5,1,49
53,4,19
18,11,42
10,23,31
23,11,40
39,5,29
57,0,17
32,10,35
37,11,21
21,13,38
45,3,25
48,2,32
9,6,44
39,4,28
39,7,27
32,11,32
31,8,37
43,4,23
50,2,22
37,6,33
11,5,46
34,11,22
1,3,53
24,8,48
28,15,27
25,4,47
4,17,39
29,4,49
42,1,43
15,15,36
29,15,23
27,7,44
7,22,30
14,16,37
29,10,29
35,11,23
33,11,20
49,1,26
33,7,26
7,23,29
37,11,22
2,20,36
9,2,49
40,7,24
9,14,38
43,6,22
23,11,37
20,16,29
26,2,52
30,9,39
3,4,51
8,12,42
5,0,52
33,6,39
12,5,46
48,8,17
40,9,21
2,22,36
19,15,34
1,19,38
30,0,51
20,15,37
12,11,41
27,15,20
25,15,35
43,4,26
27,3,48
37,7,34
18,12,42
43,9,17
35,7,36
38,5,25
40,11,21
44,1,37
7,6,48
54,2,18
19,5,50
41,2,29
17,21,18
15,4,50
14,8,47
12,2,52
33,10,35
41,2,38
6,17,38
52,0,24
25,12,34
33,0,47
21,8,45
12,1,52
38,11,21
38,2,44
13,21,27
19,19,17
39,3,39
25,14,30
57,0,23
19,19,28
22,21,17
2,2,58
55,1,20
18,9,45
39,4,30
31,10,37
1,10,46
12,22,34
43,4,22
18,15,37
23,14,31
8,6,44
10,5,49
33,0,51
20,18,34
21,13,37
53,4,20
14,22,23
9,10,43
16,12,41
30,10,28
2,0,57
22,18,17
44,6,22
32,6,40
9,1,49
25,2,50
39,5,40
34,3,47
42,1,39
26,6,49
51,2,24
6,23,33
19,8,45
39,3,34
27,5,44
23,19,22
18,16,33
37,9,23
11,7,45
28,10,39
31,10,38
22,0,55
29,12,37
22,19,22
39,7,21
26,13,34
47,7,21
24,17,28
8,14,37
12,22,22
3,16,41
33,7,32
42,9,20
23,15,26
1,21,36
22,17,35
7,9,44
47,3,24
0,22,37
48,4,23
23,16,31
21,14,32
28,13,18
27,2,48
29,2,49
26,5,50
38,11,19
41,10,17
17,19,32
27,8,41
27,9,41
11,18,37
31,10,30
48,6,21
44,1,36
27,9,39
19,4,50
31,1,46
43,4,24
22,16,30
26,15,29
18,15,39
39,3,28
24,17,20
28,9,40
0,23,34
0,3,53
10,14,41
18,10,43
18,19,22
4,15,41
18,12,40
37,2,42
20,9,47
31,10,27
20,8,46
11,16,36
21,16,33
19,20,17
37,4,30
21,17,30
26,13,25
26,13,38
0,1,59
16,23,20
45,6,22
44,2,29
24,9,39
32,9,32
36,7,27
28,11,40
54,2,24
30,3,48
3,10,44
18,21,25
24,1,52
44,0,30
20,10,42
25,10,39
46,3,23
22,15,35
30,11,23
24,13,29
35,1,45
37,5,35
23,9,42
5,3,51
33,5,40
50,6,18
23,7,46
39,5,39
18,21,17
26,12,36
0,13,47
11,20,31
1,10,47
1,23,38
8,11,42
11,14,40
19,17,26
28,12,35
37,6,27
27,13,33
12,2,50
21,14,39
26,16,32
49,8,17
34,4,40
24,11,39
23,10,38
45,4,21
15,9,47
32,14,18
47,0,32
47,3,28
20,23,17
0,12,46
34,9,21
42,9,22
25,13,42
35,6,40
7,16,37
25,15,19
5,10,44
22,1,52
54,0,25
20,17,29
17,18,33
19,8,46
6,18,36
32,0,48
15,11,42
34,11,24
4,3,52
31,5,43
25,14,26
9,10,42
40,9,17
28,2,51
43,5,26
39,1,41
2,17,40
25,13,29
26,0,54
52,7,17
59,0,18
16,21,28
27,12,30
22,7,48
17,20,21
7,16,35
51,5,19
22,17,23
37,12,20
45,3,23
27,12,27
33,13,22
27,11,38
26,12,30
41,2,27
51,0,28
24,3,52
27,15,32
46,10,17
17,15,36
25,16,29
43,6,23
27,12,25
18,19,25
27,6,48
15,20,29
28,11,35
50,5,20
32,6,41
26,6,45
34,6,38
25,14,28
28,3,48
6,7,47
33,9,28
23,16,34
34,9,24
46,1,33
20,8,48
50,3,22
18,8,46
58,0,20
4,4,51
11,19,34
25,17,20
21,17,28
45,9,19
17,19,28
40,4,34
50,2,25
36,6,37
35,11,20
10,4,50
30,3,44
28,9,37
4,23,31
1,21,35
53,1,26
25,8,42
1,6,51
38,3,44
47,8,21
47,2,23
19,18,36
40,7,23
54,1,23
33,8,24
32,15,19
47,9,20
18,18,26
16,18,38
19,8,48
32,12,23
22,16,21
15,18,32
32,15,17
33,8,41
15,21,32
16,19,30
39,3,41
45,5,21
24,12,39
19,18,21
37,11,20
32,8,31
4,5,48
39,13,17
15,20,21
13,15,38
5,23,34
24,16,31
37,3,42
37,5,34
10,8,47
32,14,20
13,23,18
32,4,42
30,1,48
41,8,20
17,20,24
33,8,25
29,10,41
22,16,22
49,4,21
35,13,20
49,0,27
43,5,25
53,7,19
2,10,45
29,12,30
34,6,42
31,4,48
30,8,42
21,17,34
4,22,32
15,1,55
14,6,48
46,0,31
1,22,38
18,10,46
14,22,19
17,6,50
27,9,42
11,2,51
20,15,36
25,13,26
16,9,45
44,3,29
26,15,19
26,15,24
52,2,25
25,8,46
17,15,41
5,2,49
18,17,33
20,18,33
14,21,25
40,8,21
12,22,32
30,12,27
25,7,46
26,10,38
6,5,48
1,7,52
12,21,32
40,4,37
7,10,42
27,12,29
45,10,17
36,5,33
28,5,46
23,0,54
11,3,48
16,19,23
12,15,40
4,23,35
47,2,28
26,11,41
6,8,45
8,9,45
19,7,48
30,2,47
32,14,21
37,4,43
29,9,40
28,14,17
26,3,52
27,12,39
18,21,24
29,11,31
48,2,25
31,15,17
2,19,38
41,7,25
41,3,27
20,16,27
58,2,18
18,12,41
15,19,34
20,19,18
27,2,53
40,5,24
46,1,30
3,21,34
37,10,18
35,9,32
25,13,38
35,6,32
5,14,41
12,19,35
31,8,42
29,12,36
17,1,52
31,10,34
26,14,29
19,18,25
11,21,34
1,12,44
10,5,48
35,4,43
1,23,32
15,17,35
35,10,22
40,5,27
0,1,58
11,18,34
36,8,23
56,1,18
35,9,24
34,13,21
29,11,34
35,10,20
5,8,45
20,12,42
29,2,46
7,3,49
13,20,30
15,22,31
15,21,31
26,8,42
30,10,33
13,22,26
30,7,44
53,5,19
13,0,54
35,6,43
16,4,51
14,15,40
11,22,30
38,5,26
44,3,24
41,6,24
36,11,19
7,11,42
46,8,19
39,9,24
19,0,53
48,1,26
12,21,31
30,9,36
3,15,41
25,7,48
33,16,19
17,17,34
28,4,49
28,13,35
42,6,22
18,20,26
10,19,35
28,11,30
21,13,36
38,11,23
39,3,42
43,1,36
19,18,28
38,5,33
28,3,50
36,6,39
39,7,28
26,8,44
40,4,35
35,9,31
2,15,43
42,5,26
0,22,36
30,8,43
20,11,45
18,19,19
31,11,20
38,8,24
24,7,46
10,8,46
2,8,49
51,4,18
1,17,42
21,17,33
29,7,42
20,15,39
26,15,20
16,20,21
28,14,25
20,1,54
27,13,32
33,4,44
4,2,54
32,9,34
28,6,46
31,10,39
6,15,39
45,5,23
23,16,23
13,13,41
37,11,17
25,2,51
17,19,22
18,19,34
30,8,41
32,10,25
32,1,48
24,14,28
6,5,49
34,13,20
3,11,44
26,2,51
42,8,23
30,10,26
0,0,53
4,1,50
53,0,26
32,9,41
40,6,34
15,23,17
36,6,42
42,1,35
21,22,18
4,20,35
30,11,30
26,6,48
16,19,25
43,8,22
23,16,27
10,7,47
19,17,23
6,22,32
27,14,33
29,12,25
14,21,22
12,6,46
40,8,28
25,16,32
35,1,44
28,7,40
0,9,51
38,9,23
2,22,38
48,9,18
6,13,42
60,0,17
9,22,34
41,1,41
43,1,34
39,10,22
59,1,17
45,5,20
29,2,47
15,19,36
39,5,25
37,5,39
34,1,47
21,11,40
46,3,24
20,10,43
21,12,41
14,1,50
20,21,17
39,6,31
46,1,34
2,16,40
28,6,45
16,15,37
21,10,44
18,15,40
22,13,37
27,6,46
26,14,26
14,13,40
38,9,20
14,17,34
5,4,49
30,0,52
16,14,39
21,15,36
30,12,25
26,13,32
18,8,48
0,6,52
38,6,24
42,8,19
38,12,22
18,18,36
17,19,34
6,0,50
10,21,33
33,7,25
26,6,42
7,6,46
25,18,20
29,8,45
9,15,39
24,10,41
21,14,41
25,17,17
17,11,43
21,6,49
15,21,17
26,1,54
25,9,40
37,13,18
36,5,39
16,22,17
35,13,17
35,6,38
59,1,18
36,11,22
25,10,45
31,13,24
14,15,37
25,8,47
17,18,26
47,9,17
23,17,20
30,5,47
44,8,21
16,16,35
20,3,52
5,3,49
22,9,46
27,6,42
42,5,22
28,5,44
32,2,50
20,16,26
23,1,53
49,5,19
49,7,18
8,5,47
3,5,48
27,10,40
9,17,37
12,19,33
1,21,38
25,1,51
33,0,48
37,8,27
21,5,50
40,8,25
35,12,18
24,6,44
25,9,46
14,19,32
30,10,27
6,23,35
14,14,42
7,17,34
44,3,23
0,3,56
26,12,28
37,3,45
37,1,47
14,12,41
26,11,42
32,13,23
41,7,23
43,10,18
32,8,42
22,3,52
15,6,48
35,3,46
27,13,22
31,0,48
15,1,54
12,10,42
41,5,27
56,0,22
29,6,42
25,15,28
30,7,39
7,7,45
0,4,57
15,3,52
11,16,39
7,0,52
50,4,21
45,9,17
34,1,46
31,12,25
34,8,24
23,4,49
17,13,42
26,9,42
4,7,46
42,2,27
29,6,41
12,17,37
17,2,50
41,7,24
25,12,38
22,8,46
19,17,37
32,1,46
22,15,25
39,3,35
12,21,29
29,0,53
32,8,41
35,7,39
33,10,21
7,16,36
16,20,33
3,6,48
15,10,43
25,14,24
16,21,18
39,12,20
40,7,27
15,21,18
30,10,40
55,1,23
23,14,26
41,0,41
27,4,48
54,0,26
23,17,21
9,7,45
44,5,26
17,22,21
3,17,39
36,6,30
15,22,21
28,16,18
7,5,48
42,0,40
29,4,45
6,10,42
48,4,21
25,15,22
32,3,43
19,8,49
17,18,34
29,11,37
10,20,35
24,19,20
6,15,37
16,15,40
1,0,57
27,12,36
12,19,32
41,4,25
19,19,34
13,16,40
6,18,37
7,17,37
54,0,23
27,5,45
13,0,51
43,0,30
41,7,19
9,22,30
32,9,25
25,10,40
41,12,17
29,13,31
27,11,37
14,2,50
1,9,48
47,10,17
31,1,47
50,5,22
42,6,26
26,14,32
23,7,44
46,0,33
21,18,21
13,7,45
16,10,43
12,3,49
45,1,28
37,6,35
20,18,17
26,9,45
38,9,27
25,10,46
36,10,22
27,9,40
52,4,19
44,4,24
45,1,30
31,8,44
47,1,26
19,13,43
25,12,37
38,12,20
33,6,42
26,5,49
5,6,47
4,14,40
27,11,40
8,16,35
19,2,53
29,5,43
0,13,46
40,8,23
44,8,23
21,8,44
36,7,38
40,7,20
7,0,53
32,13,17
6,8,47
16,21,27
13,15,37
48,7,17
14,16,40
1,11,48
13,15,40
31,11,23
18,7,48
18,19,28
45,2,24
13,4,48
29,6,43
9,21,33
38,5,40
17,10,43
19,11,40
40,7,22
28,5,47
22,3,53
12,1,54
19,14,35
33,7,34
32,7,43
10,5,47
27,3,47
32,14,23
8,0,54
46,2,26
39,11,17
22,2,52
48,9,17
16,19,34
12,21,28
29,13,25
18,15,34
22,16,23
26,9,44
17,20,25
13,18,33
30,10,35
40,0,43
42,7,23
21,16,30
12,23,21
36,2,46
23,14,36
36,6,29
39,6,27
34,6,40
3,14,41
13,21,33
17,21,25
38,3,39
34,13,22
34,6,36
24,7,44
38,0,45
12,12,41
20,15,32
43,2,29
33,10,32
17,19,30
52,4,17
52,1,23
11,1,51
43,1,29
40,2,31
36,6,34
18,20,25
25,15,29
16,19,26
16,11,43
33,13,23
24,7,48
35,8,33
6,6,48
34,6,37
17,19,25
14,4,48
23,8,44
34,4,42
34,8,27
21,15,34
13,17,35
18,13,39
28,11,38
40,3,27
47,6,20
57,0,21
12,20,32
37,4,34
32,16,17
35,11,21
29,15,25
45,0,33
35,13,19
41,3,40
34,7,28
3,19,38
18,17,37
50,7,20
48,0,33
13,23,19
21,16,35
22,6,51
23,14,37
17,17,38
10,1,49
15,11,44
19,17,28
26,14,23
14,5,47
45,2,25
41,3,34
13,11,42
34,7,30
24,14,30
16,6,50
26,11,40
8,10,43
38,4,33
19,10,45
22,16,32
14,17,36
29,14,18
18,14,42
36,6,36
37,5,33
33,7,27
21,17,29
17,19,21
36,10,21
2,21,35
13,2,52
34,10,20
28,10,37
4,17,38
10,13,40
19,7,47
15,17,38
41,3,32
29,10,36
6,13,41
1,22,36
36,4,45
2,20,38
42,6,25
32,6,39
41,1,34
26,14,31
6,7,46
0,21,37
13,21,31
40,3,36
39,12,21
41,1,31
16,11,42
21,16,34
18,4,49
42,1,34
46,7,17
22,21,18
28,8,45
9,8,46
5,17,38
30,1,52
14,21,21
53,3,18
7,2,50
26,13,39
53,2,23
26,15,21
21,6,50
35,9,26
49,4,19
31,2,51
46,1,28
14,19,33
20,16,35
25,4,50
32,8,37
37,5,29
13,17,38
59,0,20
32,8,27
37,10,20
2,18,40
29,11,27
1,16,42
28,3,51
31,17,18
49,0,28
32,10,27
45,9,20
43,7,21
6,8,44
39,11,22
1,17,43
33,9,33
21,11,38
41,3,31
16,20,34
24,14,37
13,20,28
14,21,31
6,2,49
16,21,21
32,9,38
19,15,38
19,12,42
0,2,57
19,18,32
36,4,39
37,5,41
35,11,19
3,6,49
35,7,42
6,1,49
21,11,41
37,1,45
24,16,18
42,10,19
11,10,42
12,2,49
36,4,43
29,12,20
39,3,29
43,5,29
11,5,48
13,19,31
13,20,29
37,6,38
5,21,33
35,4,44
31,3,45
30,7,42
7,6,47
46,0,27
35,5,38
46,6,18
22,2,54
31,11,28
22,12,39
41,2,40
0,14,46
8,8,45
37,7,27
19,10,43
47,5,20
13,20,35
26,2,53
3,20,37
37,14,17
5,17,37
0,21,39
42,0,34
11,15,40
11,21,36
31,12,31
18,1,51
55,2,19
36,11,17
6,16,36
48,4,20
45,3,24
27,15,27
26,9,40
59,0,19
2,2,53
18,5,50
9,6,47
17,13,43
2,22,37
18,3,52
25,5,51
25,5,50
36,6,31
31,5,42
10,16,39
9,9,43
34,14,18
13,5,49
23,17,18
7,14,38
41,2,32
23,9,41
44,3,25
39,1,45
11,6,47
8,0,50
7,15,39
49,3,23
46,9,20
30,7,41
11,20,36
10,23,24
21,17,22
2,4,52
26,14,37
18,2,51
18,16,32
43,3,25
0,20,39
43,2,28
38,4,38
27,14,36
2,14,41
21,19,17
27,12,23
24,18,20
29,11,29
48,1,29
22,7,46
19,13,40
30,4,43
8,12,40
29,14,25
13,23,21
23,14,29
53,5,20
24,16,22
43,2,37
33,12,22
17,10,45
41,2,31
14,20,29
32,10,34
28,13,32
29,5,46
23,17,33
34,3,43
13,18,34
12,20,36
23,12,39
26,14,20
3,23,36
20,17,24
18,2,52
41,2,34
22,14,31
27,9,38
59,1,19
2,22,35
41,1,36
11,2,52
15,14,40
14,22,30
28,12,34
13,12,42
14,10,43
10,15,40
38,5,34
36,1,45
26,15,33
8,13,39
24,6,50
25,2,53
10,8,44
47,6,21
14,4,49
1,7,50
46,3,25
51,6,20
36,6,38
12,22,25
9,23,27
21,9,44
38,8,33
25,17,27
22,12,37
3,4,50
26,15,17
38,11,20
36,8,34
50,3,20
26,13,37
24,15,23
41,5,33
39,2,45
20,13,38
15,19,35
31,12,24
18,8,45
31,3,47
17,20,23
18,6,47
34,12,23
23,6,49
40,7,26
6,22,34
13,22,23
31,9,32
17,18,31
31,13,17
24,13,39
11,23,31
38,8,21
17,4,49
41,3,25
40,11,20
26,9,46
21,16,28
30,10,24
53,6,18
24,2,53
26,15,34
25,15,23
48,5,21
43,8,20
23,8,43
13,21,30
31,7,41
2,23,35
24,2,51
53,3,19
37,6,39
19,17,30
53,1,22
40,2,28
47,0,29
18,18,22
14,0,52
18,5,48
0,11,47
37,9,24
24,10,40
14,18,37
41,8,22
43,2,33
7,7,44
21,18,28
36,9,24
39,14,17
15,15,37
44,1,32
21,19,18
29,12,23
26,4,51
43,5,22
9,6,46
17,19,20
35,14,18
15,2,51
29,9,41
1,20,38
19,13,39
22,16,35
15,0,55
13,23,20
27,3,50
39,3,38
38,10,20
6,19,35
29,5,45
50,0,29
19,2,51
32,3,45
4,2,51
35,4,45
29,14,17
16,5,48
12,0,51
29,5,42
11,23,23
26,8,40
33,8,29
40,13,17
56,4,17
29,15,18
15,14,39
1,7,49
4,8,45
40,6,22
36,13,19
25,3,52
6,12,41
14,0,54
41,10,22
4,6,50
23,4,50
1,0,59
48,1,32
17,15,38
45,3,28
31,9,25
29,9,42
7,4,47
23,16,17
13,22,19
23,14,32
3,19,37
40,5,38
40,2,29
44,0,41
46,5,22
14,20,25
56,1,22
15,17,33
47,4,26
19,20,29
32,7,42
33,11,22
36,10,20
3,2,53
40,13,18
27,15,33
17,20,18
28,14,30
27,13,37
19,17,25
39,4,37
43,1,28
33,9,22
32,4,44
