49,1,1
49,3,12
57,7,25
60,8,31
61,8,9
47,1,4
52,5,28
54,5,22
45,0,35
51,4,8
53,5,17
52,3,2
58,7,6
0,0,30
55,6,9
58,6,5
0,0,32
58,7,14
59,7,12
44,0,5
57,6,11
47,0,1
63,9,11
45,0,3
45,1,12
57,8,31
45,1,9
54,4,5
53,5,23
54,6,18
45,0,7
43,0,12
61,9,26
52,5,16
49,3,11
62,10,21
42,0,21
44,0,13
55,5,0
45,0,6
59,7,10
62,9,9
52,5,23
62,9,27
59,7,15
42,0,27
48,2,8
53,4,3
62,9,23
49,2,16
44,0,14
56,6,27
60,9,18
59,8,29
50,3,35
44,0,25
56,6,30
50,4,29
56,6,21
50,4,20
57,6,12
57,6,0
52,4,3
59,7,29
45,0,10
63,10,30
3,0,33
44,1,27
60,7,0
48,3,22
51,3,12
63,9,12
62,9,14
45,0,9
56,5,0
52,5,20
53,5,15
52,4,12
49,3,22
58,7,20
44,1,16
58,8,12
63,9,14
49,3,28
45,0,8
54,5,2
55,5,15
60,8,19
55,6,20
54,5,0
62,10,24
48,1,5
50,4,17
51,4,10
52,4,14
63,10,24
46,0,2
44,1,21
60,8,23
56,6,22
51,3,1
59,7,3
54,6,30
57,6,6
61,9,9
61,8,31
50,3,32
60,8,28
48,3,33
57,7,23
61,9,34
62,8,10
48,3,30
61,8,1
58,7,5
2,0,35
54,5,9
0,1,33
54,5,29
46,0,4
61,9,32
57,5,0
52,5,18
49,2,2
46,0,6
59,8,17
50,2,6
45,0,23
44,0,29
61,8,4
53,6,23
50,4,18
58,7,27
57,7,20
63,10,13
42,0,25
57,6,32
55,6,33
50,4,27
46,2,30
58,7,8
44,1,18
58,7,23
56,7,27
50,4,26
55,6,23
50,4,23
50,3,6
45,0,4
45,1,29
53,5,28
63,9,34
51,3,2
61,8,0
60,8,12
62,9,25
61,9,12
45,0,28
55,5,34
48,2,16
58,8,28
55,5,3
59,7,34
54,6,34
52,4,35
47,1,33
59,7,9
51,3,10
48,2,30
50,4,19
47,2,11
56,7,19
62,9,12
54,5,1
59,8,32
63,9,31
52,5,22
56,6,17
56,7,15
62,8,2
55,7,20
2,0,30
45,1,14
54,5,33
47,2,20
54,5,16
46,3,13
48,2,24
56,6,0
45,1,25
49,3,25
52,4,15
55,6,10
48,2,26
59,7,13
61,8,6
0,1,31
44,0,19
49,2,9
63,9,17
58,6,0
55,6,15
44,0,8
46,1,17
43,0,16
45,2,13
44,0,22
57,7,32
2,0,32
51,3,11
53,5,11
61,8,16
55,6,11
60,7,8
63,9,13
46,0,3
57,6,9
56,6,11
59,8,16
62,9,32
58,7,34
62,10,19
57,6,15
58,8,19
48,4,29
47,1,1
60,8,13
49,2,13
57,8,28
52,4,25
61,9,28
59,8,12
50,3,2
63,10,28
53,5,22
50,3,21
43,0,27
52,4,34
62,9,24
49,3,23
50,2,2
46,2,13
47,0,2
56,7,13
53,5,14
58,7,3
59,8,20
49,2,12
46,1,26
48,2,20
49,2,4
44,1,17
54,4,1
57,7,13
46,2,17
47,2,27
56,6,1
62,8,6
62,9,26
60,8,32
51,3,15
45,0,34
56,6,5
57,6,31
55,6,26
63,9,10
45,2,12
60,7,6
49,3,17
48,3,18
48,2,7
53,5,24
47,1,3
54,5,10
52,3,5
53,5,19
60,8,25
60,9,12
55,5,11
54,6,25
63,8,0
55,4,0
42,0,23
46,3,12
45,0,15
54,6,21
44,0,16
55,6,35
58,7,35
60,9,21
49,2,11
63,10,16
54,6,13
1,0,34
45,3,12
52,5,26
55,5,4
63,9,2
49,3,8
60,9,26
61,9,16
58,7,11
53,4,12
44,0,32
57,6,10
58,8,18
49,2,32
44,0,24
47,2,35
61,9,25
61,8,27
56,7,30
59,8,26
61,9,13
47,2,23
57,7,7
46,1,33
44,0,10
55,6,18
44,1,22
46,1,25
52,5,31
56,6,35
59,8,31
53,4,10
58,7,16
55,5,10
58,8,17
63,9,19
47,2,17
55,6,34
48,2,34
47,2,28
56,7,25
47,2,18
56,6,28
45,1,10
56,6,18
54,6,29
62,8,0
44,1,30
46,1,11
50,3,24
52,4,27
46,0,7
45,0,14
58,8,32
57,6,14
58,7,28
51,4,27
52,4,20
45,1,11
62,8,3
3,0,35
55,5,14
48,1,7
50,2,4
57,7,19
52,4,2
56,6,2
58,8,22
53,5,9
54,6,19
54,5,30
61,7,0
49,2,35
54,6,15
47,1,32
43,0,18
57,7,28
49,3,32
63,10,31
48,2,35
50,3,0
43,0,35
45,1,32
47,3,28
47,2,13
47,2,33
57,7,21
44,0,26
56,6,4
61,9,10
2,1,35
51,4,31
62,9,33
46,1,9
59,8,18
57,7,31
54,5,28
49,3,31
58,8,21
45,1,34
60,8,4
60,7,5
45,1,33
62,8,1
63,9,16
60,7,35
50,3,19
45,0,13
44,0,33
46,1,23
49,3,33
48,2,27
56,7,31
60,8,15
53,4,34
43,0,29
55,7,26
57,7,14
49,2,5
56,7,28
48,2,17
49,2,10
61,8,10
52,5,24
58,6,6
50,3,7
62,9,22
60,9,22
50,3,25
57,7,11
60,8,7
48,3,20
46,1,35
56,6,33
56,6,13
63,10,33
48,2,18
51,3,8
51,4,30
47,2,14
60,9,33
51,4,11
54,6,24
53,4,9
49,3,16
54,6,10
49,3,24
46,1,30
60,8,22
58,6,4
47,1,34
60,9,19
53,4,1
56,6,34
53,5,16
55,5,31
48,3,11
55,5,35
52,5,21
59,8,13
55,6,6
55,5,33
58,8,25
54,4,4
55,6,31
46,2,22
50,4,22
45,0,18
56,6,31
48,2,31
63,9,6
48,2,10
50,3,17
54,5,34
50,3,34
49,3,14
49,3,10
46,2,20
52,4,32
46,1,14
53,5,33
46,1,32
48,2,29
45,1,27
55,5,16
46,1,20
53,5,8
62,9,15
63,10,22
61,9,22
51,3,34
61,9,29
0,1,34
43,0,26
50,3,16
46,1,1
54,5,31
62,9,29
52,3,3
47,1,0
61,7,2
45,0,2
62,9,16
48,2,14
55,5,9
56,6,26
52,4,19
63,9,26
43,0,33
47,1,30
51,2,1
55,5,5
56,7,29
57,6,35
62,10,23
56,6,29
55,5,8
55,6,28
56,6,15
46,2,23
55,6,7
45,1,30
50,3,10
53,5,27
59,8,34
48,1,0
60,8,33
54,5,5
43,0,22
55,6,16
59,7,4
46,2,29
46,1,29
46,2,21
63,9,32
60,8,16
50,3,13
45,0,29
51,3,9
52,4,6
59,7,30
45,1,2
60,9,17
47,0,0
49,3,21
4,0,33
48,2,33
54,5,8
49,2,15
60,7,4
47,2,29
59,8,21
57,7,24
58,7,17
50,3,30
52,5,29
53,4,2
57,6,1
51,4,22
60,8,5
63,10,21
61,9,31
61,9,23
61,9,30
52,3,9
48,2,19
56,5,1
61,8,2
52,3,6
45,0,31
54,6,20
47,1,15
60,8,10
63,9,4
48,3,21
49,2,6
47,2,30
2,1,34
54,6,14
45,1,20
58,7,21
45,1,17
54,5,21
57,7,35
46,1,2
46,0,1
1,1,32
46,0,9
45,0,32
50,3,20
45,0,16
58,8,24
55,6,30
54,5,3
61,8,30
57,6,2
62,9,28
55,6,8
59,8,9
60,8,17
54,6,33
51,2,0
59,8,15
47,2,34
52,3,0
61,9,11
54,6,23
53,5,32
3,0,34
48,3,28
60,9,28
48,3,26
51,3,33
52,4,33
60,8,11
49,3,35
44,0,21
44,1,26
60,8,29
45,0,5
45,1,28
53,5,34
49,2,14
60,8,34
52,5,27
45,0,0
61,9,33
53,6,26
50,3,5
50,2,1
58,7,32
47,2,16
63,10,29
45,1,22
54,6,11
48,2,15
58,8,13
44,0,27
45,3,13
52,4,29
45,1,19
52,5,25
50,4,25
63,10,26
55,6,22
51,4,15
47,2,22
53,4,11
60,7,1
60,8,6
47,1,35
56,6,3
54,5,4
62,9,11
52,4,21
55,6,13
45,0,17
53,6,27
43,0,31
59,7,35
57,6,5
57,7,34
45,1,7
57,6,8
46,1,12
46,2,12
51,4,32
61,9,21
54,5,25
50,4,28
44,0,11
42,0,24
49,2,8
60,9,23
56,6,32
47,2,26
62,9,21
56,5,6
43,0,15
59,6,0
51,4,34
58,8,26
58,8,33
53,4,5
46,2,0
46,1,31
58,7,22
59,8,24
55,6,27
48,2,12
48,1,4
61,9,18
46,1,24
54,5,19
43,0,20
45,2,33
51,4,12
44,1,34
58,8,16
46,0,13
54,5,18
56,7,17
51,4,20
59,8,28
52,4,8
57,6,4
46,1,3
2,0,34
56,7,18
55,5,12
56,6,25
42,0,30
55,6,25
47,2,25
50,3,15
63,9,8
59,8,10
3,0,32
51,3,7
62,9,34
51,3,14
48,3,27
54,5,20
53,4,7
42,0,20
60,9,31
59,8,19
57,7,18
47,2,15
51,4,19
52,4,1
49,3,27
0,0,31
56,6,20
51,4,28
52,4,24
44,0,20
62,8,35
63,9,29
51,4,7
59,7,33
57,7,27
56,7,23
43,0,28
52,4,16
59,7,14
42,0,26
44,0,12
51,4,24
46,2,33
61,8,33
58,7,30
57,7,26
53,5,6
47,1,11
44,0,3
52,4,30
45,1,21
61,8,14
62,9,20
50,4,24
47,2,31
63,9,35
50,2,5
43,0,14
59,8,23
61,8,15
49,3,13
47,2,12
58,7,19
48,3,31
51,4,16
54,5,35
54,5,12
46,0,0
47,2,24
1,0,31
60,8,14
54,5,14
61,9,20
50,3,23
59,8,30
59,8,33
56,7,11
44,0,18
61,9,15
52,3,7
57,7,12
48,2,13
56,6,14
57,7,5
57,7,10
59,7,0
55,6,17
49,3,20
55,4,1
63,10,20
61,7,1
61,9,19
58,8,30
1,0,32
4,0,35
50,4,16
60,9,8
47,1,18
0,2,35
51,4,23
54,6,17
47,1,14
45,1,26
60,9,16
62,8,8
48,3,23
50,4,31
63,9,9
56,5,3
60,8,3
48,3,25
60,8,18
47,2,19
45,0,20
54,6,27
47,2,8
55,6,5
43,0,32
48,2,28
0,0,29
58,8,11
5,0,35
54,5,26
47,1,13
49,3,30
48,3,29
43,0,11
60,8,30
51,4,13
61,8,7
0,1,35
51,4,33
48,1,6
57,6,3
44,1,24
48,2,9
50,2,7
60,9,29
54,5,15
60,9,24
52,4,4
51,3,4
48,2,6
54,5,24
52,5,17
62,10,27
63,10,27
48,2,5
63,8,4
46,1,28
51,4,25
60,7,7
59,6,1
55,6,19
45,0,11
63,9,18
45,1,13
53,4,16
58,7,18
48,3,19
46,1,7
50,3,11
55,5,2
48,2,22
62,9,13
58,7,2
43,0,19
49,2,31
53,5,31
46,0,10
60,8,35
55,7,21
42,0,29
63,10,25
45,1,8
58,7,13
58,8,27
54,5,23
47,1,6
49,3,7
43,0,17
56,7,16
44,0,31
55,6,21
59,8,22
48,1,1
47,2,9
58,8,29
44,1,23
58,7,7
58,6,2
62,9,35
58,7,24
51,3,5
47,1,12
62,10,22
44,0,15
62,9,18
49,3,19
59,8,8
54,4,2
48,2,21
2,0,31
62,9,17
52,3,1
49,3,15
53,5,12
46,1,15
60,9,32
55,6,4
59,7,31
44,1,29
45,1,23
51,3,6
57,6,33
46,0,8
52,4,26
62,9,4
51,3,32
53,5,35
53,5,26
48,1,2
47,1,8
49,3,29
56,6,8
54,5,27
48,2,4
62,9,6
54,5,13
54,6,22
62,8,4
63,9,25
63,10,15
46,1,4
54,6,31
61,8,3
59,7,6
50,3,33
56,7,20
63,8,3
46,2,28
52,3,4
61,8,34
52,4,18
63,10,17
57,7,16
53,5,29
46,1,10
56,7,24
54,4,3
46,1,13
57,7,15
43,0,34
54,6,28
62,9,19
48,2,2
60,9,25
57,7,9
60,7,2
62,8,9
2,0,33
57,7,33
47,2,4
52,3,10
0,1,32
53,4,32
63,10,18
51,4,35
62,9,7
56,7,21
47,1,17
59,7,2
58,8,31
48,2,3
52,4,31
45,1,31
46,1,8
1,0,30
51,4,29
1,1,33
58,6,1
59,8,35
47,1,2
46,2,31
45,0,1
44,0,17
46,2,25
59,8,11
45,1,16
60,7,3
51,3,35
47,1,7
43,0,23
51,4,14
48,3,16
53,5,20
55,5,13
47,1,16
44,1,25
47,2,21
54,5,17
56,6,7
49,1,0
63,9,7
56,5,4
62,10,25
61,8,8
56,7,22
55,5,1
59,7,8
51,4,9
1,1,34
49,3,26
45,1,15
53,5,18
63,10,32
58,8,15
45,0,12
50,3,27
46,2,34
49,2,7
58,7,29
56,6,6
47,2,7
56,6,9
63,10,14
63,9,5
53,4,15
53,4,4
50,3,28
52,5,19
4,0,34
63,9,28
49,3,18
62,8,7
53,4,35
63,8,1
52,4,28
51,4,17
52,4,10
63,8,2
55,5,6
53,4,33
48,3,17
50,3,18
55,6,24
56,6,19
53,5,21
56,7,26
50,2,0
50,3,9
55,6,0
50,4,21
55,7,27
63,9,33
53,5,10
43,0,30
53,4,0
60,9,27
56,6,23
43,0,21
58,7,1
54,5,32
61,9,24
53,3,0
60,8,8
57,7,22
53,4,8
44,0,7
59,8,27
56,6,24
58,7,25
59,7,7
45,1,35
60,8,21
63,10,19
58,7,4
62,10,18
47,1,19
58,7,33
54,5,7
61,8,35
52,4,11
50,3,8
59,7,5
58,7,10
58,7,15
45,1,18
50,3,31
53,4,14
61,8,5
61,9,14
52,4,13
1,1,35
49,2,0
47,1,10
52,4,7
60,9,20
54,6,26
62,9,10
48,3,24
51,4,18
62,9,5
60,8,9
47,1,5
45,0,33
57,7,30
46,0,5
46,1,16
54,5,11
49,3,34
50,3,1
49,3,9
46,2,18
58,7,9
46,1,18
50,3,12
62,9,31
49,2,34
52,4,17
53,5,30
60,8,26
50,3,4
63,9,3
51,3,16
53,4,13
44,0,34
51,4,21
46,1,19
58,8,23
47,2,10
46,1,34
63,10,12
62,9,8
61,8,11
54,4,6
45,2,29
56,7,10
50,3,26
61,8,12
60,8,24
60,8,27
46,2,19
55,6,12
58,8,20
43,0,24
51,3,13
61,9,17
62,8,5
58,6,3
49,2,33
61,8,32
56,6,10
46,2,24
50,2,3
43,0,13
56,6,12
57,6,7
61,9,27
49,2,1
55,7,18
49,2,3
59,8,25
59,7,11
44,0,35
44,0,9
52,4,22
58,7,12
46,1,21
55,5,7
51,3,3
52,4,9
54,5,6
44,0,6
53,5,13
43,0,25
53,5,25
55,6,32
46,1,22
57,7,17
52,4,23
59,7,32
50,3,14
48,2,32
63,9,30
1,0,33
57,6,34
48,2,25
46,1,0
62,10,20
44,0,30
58,7,31
47,1,9
50,3,3
55,5,32
51,3,0
57,6,13
48,2,23
53,5,7
45,1,24
60,8,20
46,2,15
56,5,2
52,5,30
58,7,26
45,0,19
61,8,13
46,1,27
57,7,29
63,9,15
63,9,27
59,8,14
46,2,26
46,1,6
44,0,28
47,3,29
50,3,29
54,6,16
44,0,23
48,1,3
63,10,23
62,9,30
48,2,11
57,7,8
52,4,5
59,7,1
46,1,5
54,4,0
51,4,26
56,6,16
53,4,6
55,6,29
47,2,32
58,8,34
48,3,32
46,2,27
61,8,29
50,3,22
44,1,31
55,6,14
50,4,30
57,8,27
