20,21,62
23,23,47
8,21,58
1,22,63
18,21,62
23,23,52
17,21,60
19,22,56
6,22,63
1,23,60
5,22,61
13,22,58
11,23,60
17,23,47
12,23,59
9,22,62
5,23,58
10,21,59
12,22,57
1,23,62
15,22,55
20,23,61
1,23,63
10,23,63
19,23,49
13,22,57
20,22,61
8,22,57
19,23,63
5,21,60
17,23,60
22,23,47
10,23,57
20,22,58
9,21,60
6,22,62
4,21,62
18,23,50
19,23,54
13,23,57
4,23,58
19,21,60
20,23,48
22,23,55
17,22,59
5,22,63
9,22,59
0,23,61
20,23,46
10,23,56
17,23,54
16,21,63
22,22,61
19,22,59
24,23,58
3,23,60
18,23,62
21,23,50
19,22,54
13,23,63
9,22,58
18,23,57
22,23,60
14,22,58
11,23,59
0,23,63
22,22,60
13,21,62
21,23,60
21,22,60
14,22,55
12,21,61
23,23,54
22,22,63
17,23,53
15,22,60
14,22,54
5,21,62
23,23,57
9,21,63
20,22,60
20,23,55
22,21,63
14,23,56
9,22,63
19,23,47
17,23,59
15,22,57
14,21,61
19,23,55
11,22,57
2,22,63
20,21,60
21,23,55
24,23,63
22,23,54
18,21,60
20,21,59
8,23,60
18,21,59
21,21,62
15,21,59
13,22,60
5,23,59
24,23,60
19,23,46
6,21,63
12,21,62
10,23,58
19,22,52
21,22,58
24,23,57
17,23,50
21,21,63
20,23,51
16,22,61
8,22,58
16,23,48
6,23,61
16,23,50
17,23,51
19,23,56
23,23,55
18,22,58
5,23,62
15,21,62
5,20,63
22,23,48
14,22,60
13,23,56
15,22,54
24,23,62
10,22,57
15,23,60
20,23,54
21,23,47
8,23,57
18,23,47
19,21,62
14,23,59
13,22,55
19,21,59
9,22,60
4,23,59
17,23,44
20,23,52
8,23,56
12,23,54
19,23,57
2,22,61
15,23,61
22,23,61
3,21,63
8,23,59
6,23,60
20,23,56
21,23,62
6,22,59
7,21,62
17,23,49
13,23,54
15,23,51
12,23,55
15,21,60
5,22,62
6,23,62
18,22,63
19,23,51
5,22,59
24,23,59
5,21,63
14,23,60
17,23,48
17,22,57
25,23,62
7,21,61
10,22,58
10,22,59
8,22,63
18,22,56
1,22,62
12,21,63
22,23,49
18,23,43
16,23,54
19,23,48
9,21,61
17,23,61
6,21,62
12,22,56
10,23,59
12,23,62
16,22,58
19,21,61
23,23,61
14,21,63
10,22,61
16,22,57
6,23,57
23,22,62
17,22,60
17,23,45
23,22,60
16,23,60
10,21,62
18,23,53
20,21,61
6,22,61
4,21,61
17,21,63
6,21,61
21,23,61
23,23,60
11,23,63
16,23,56
18,23,45
10,23,55
3,22,62
20,22,56
10,21,61
12,22,62
16,22,55
19,22,63
12,23,63
18,23,42
13,22,61
23,23,53
21,23,48
13,23,60
23,23,62
23,22,61
7,23,58
21,22,63
20,22,57
20,21,63
14,22,56
17,22,53
13,23,61
7,22,61
16,23,51
8,23,58
4,22,60
17,22,54
14,23,51
8,22,59
14,23,52
20,23,49
9,23,60
17,22,55
20,23,50
20,22,59
5,22,60
18,23,55
14,21,62
11,23,57
19,23,52
21,22,61
9,22,57
23,23,50
8,21,61
8,21,62
16,23,53
25,23,63
3,22,60
22,22,59
14,23,53
11,23,58
11,22,62
11,21,61
19,22,53
17,23,52
21,21,60
21,22,57
7,22,58
7,22,63
20,23,57
13,23,59
16,23,49
19,21,58
8,21,63
9,21,62
11,22,61
15,22,59
24,22,62
15,22,58
13,23,55
19,22,57
18,21,61
14,23,61
4,21,63
18,22,61
16,21,61
9,22,61
11,23,55
16,23,47
18,22,52
9,23,57
14,22,57
3,22,61
15,22,56
8,22,60
18,23,61
18,21,63
21,22,59
0,23,62
23,22,63
15,21,63
2,23,60
17,23,46
7,23,59
21,23,54
24,23,56
9,23,59
4,23,60
12,23,57
22,22,62
11,21,62
22,21,62
2,23,62
16,21,62
11,22,59
0,22,63
7,23,61
12,22,58
21,23,56
21,22,62
3,21,62
18,23,46
9,21,59
17,23,57
19,22,55
13,22,56
10,21,63
19,22,60
15,23,50
22,23,53
15,22,61
16,22,53
19,23,53
23,23,49
17,22,58
22,23,59
21,23,58
18,21,58
7,21,63
18,23,52
20,23,53
23,23,59
19,22,58
8,23,62
12,22,63
22,23,62
18,22,54
14,22,59
2,23,63
14,22,62
14,23,63
18,23,49
18,22,53
12,22,59
18,22,57
7,22,62
18,23,44
18,23,63
14,23,54
21,21,61
15,21,61
19,23,61
11,21,63
16,23,52
6,22,60
23,23,63
8,23,61
8,22,61
14,22,53
19,23,59
12,22,61
15,22,53
8,21,60
9,23,62
21,23,57
16,21,59
11,23,61
3,23,63
10,22,62
25,23,61
11,22,60
2,23,61
17,23,55
10,22,60
5,23,63
17,21,62
25,23,60
21,23,53
7,21,60
20,23,47
16,22,59
21,23,52
18,22,59
11,22,63
20,23,63
16,22,56
9,23,61
22,23,52
24,23,61
11,22,56
22,22,58
6,23,59
5,23,60
12,22,60
13,23,53
15,23,52
18,22,55
20,23,60
24,22,63
18,23,60
4,22,61
22,23,51
8,21,59
18,23,48
16,21,60
10,21,60
23,23,51
5,21,61
20,23,62
11,22,58
19,22,61
21,23,51
11,21,60
18,23,51
17,21,61
18,23,54
23,23,56
9,23,55
14,22,63
3,23,61
20,22,62
16,22,54
18,22,60
13,21,61
13,22,59
21,23,49
14,21,60
14,22,61
7,22,59
19,23,50
16,23,62
6,22,58
12,23,56
17,22,56
22,23,56
15,23,49
3,22,63
7,23,60
22,23,57
4,22,63
7,21,59
16,22,60
13,21,63
2,21,63
23,22,59
25,23,59
12,23,58
16,22,62
19,21,63
9,23,56
13,23,58
23,23,58
6,21,60
7,22,60
11,23,56
22,23,58
7,23,56
18,23,59
13,23,62
1,23,61
18,23,58
22,23,50
10,23,60
4,22,62
6,23,58
2,22,62
3,23,59
10,23,61
19,23,58
17,22,61
16,23,61
17,23,43
7,23,57
13,21,60
15,23,53
15,23,62
