13,5,10
0,4,24
24,3,7
4,4,19
34,2,2
10,12,3
25,6,3
12,4,18
0,9,17
4,4,25
17,3,10
12,7,7
3,6,17
27,0,10
16,5,11
20,2,8
3,0,25
17,8,4
0,15,1
20,3,10
2,19,0
25,3,8
1,6,17
7,15,1
19,2,10
10,3,17
34,1,6
19,12,1
0,9,16
3,6,19
16,10,1
29,0,8
17,5,10
16,0,23
17,6,11
15,9,4
4,16,4
1,4,21
24,4,5
5,0,29
26,4,8
3,2,22
28,2,4
25,6,1
11,6,13
35,2,0
16,4,9
13,5,11
0,9,13
19,3,14
18,8,5
13,4,17
2,3,21
3,13,11
20,11,0
36,1,3
19,14,0
28,1,8
5,1,27
13,2,16
11,9,7
15,0,23
5,1,25
6,12,4
27,6,1
20,8,3
27,4,7
19,8,4
32,1,8
11,11,5
12,7,6
3,14,10
24,1,9
24,8,3
26,8,1
12,12,1
11,2,22
16,10,4
24,1,6
9,4,20
35,1,1
9,2,22
12,0,22
26,0,7
3,13,10
12,7,9
34,0,3
34,0,8
12,14,0
16,9,2
4,9,17
13,11,0
7,5,19
7,1,29
4,9,15
6,4,19
27,6,2
22,8,1
16,3,13
2,1,26
33,3,2
16,0,22
19,12,0
34,1,2
33,2,3
14,10,5
1,10,11
11,4,17
8,0,25
19,0,12
10,3,18
5,4,21
25,1,11
8,14,1
17,10,1
5,12,10
18,8,6
4,7,20
3,14,8
8,16,0
20,10,4
4,0,29
33,1,5
20,6,4
7,16,1
8,10,5
44,1,0
28,0,9
33,1,6
37,1,4
22,5,7
20,3,8
6,13,1
24,8,2
3,13,7
16,10,5
27,5,4
27,7,2
33,0,6
1,1,29
2,15,3
2,13,8
24,7,2
6,8,13
1,2,26
0,0,30
5,14,8
14,0,18
10,0,24
4,4,26
16,7,10
20,5,3
21,2,11
3,10,14
8,7,13
4,18,0
10,7,10
19,8,1
19,8,3
5,14,3
22,4,5
13,14,0
4,5,19
20,10,1
23,5,5
5,15,1
27,0,7
4,1,23
19,6,2
0,3,27
3,7,17
23,4,4
14,6,8
40,1,2
8,6,14
2,4,24
39,1,1
8,5,16
10,4,19
6,1,24
22,6,2
13,8,4
21,5,4
8,4,22
9,8,12
5,14,1
16,4,10
29,3,4
13,12,4
0,4,20
27,8,1
25,1,6
0,17,4
25,6,2
7,0,28
12,8,4
6,14,2
1,11,12
3,10,17
6,1,26
7,11,7
21,10,0
17,0,17
9,16,0
21,4,9
14,9,5
20,6,7
2,7,15
6,3,27
20,9,0
4,4,22
23,6,3
13,3,18
13,4,18
22,6,3
11,0,29
27,4,2
1,3,22
5,6,16
18,0,24
25,2,5
7,0,27
14,5,10
0,11,13
9,9,7
4,12,13
3,18,1
16,12,1
10,2,19
40,0,2
5,11,12
19,2,11
24,4,6
7,3,22
5,3,26
10,8,11
28,2,9
1,5,23
18,6,7
9,1,23
2,3,23
3,15,2
7,4,20
15,7,6
4,11,12
16,1,18
27,1,7
9,7,13
2,2,22
29,0,6
19,1,13
8,4,18
1,8,14
16,5,9
3,10,15
17,11,0
17,9,0
35,3,1
27,1,8
27,2,8
18,7,1
10,1,23
1,4,25
34,6,0
9,3,18
15,13,0
2,0,27
23,2,12
11,15,1
24,7,3
24,5,7
25,6,5
23,6,6
16,2,17
0,6,20
17,6,6
2,9,14
20,5,7
8,4,21
17,6,9
12,15,1
4,3,21
11,14,0
3,19,0
10,0,31
2,1,24
20,5,10
7,4,22
16,0,18
26,7,4
8,6,13
14,5,12
16,9,7
17,9,2
17,7,6
8,2,22
4,13,6
29,1,3
11,9,3
20,3,12
16,10,3
12,4,13
11,0,22
3,16,3
3,5,21
15,9,8
2,12,10
11,2,20
24,3,8
10,5,17
20,7,0
22,2,12
4,14,5
1,18,3
30,6,2
9,12,5
6,2,25
31,1,8
16,5,7
25,5,6
18,1,12
32,4,2
11,11,1
17,1,17
16,12,0
2,6,17
7,7,14
0,14,6
11,11,3
9,9,8
19,2,12
28,4,0
11,5,17
14,5,9
5,6,20
23,5,2
10,3,19
33,4,1
6,8,18
1,8,17
24,4,4
37,1,3
4,12,9
21,2,8
5,2,26
4,15,2
0,5,19
25,0,7
9,5,15
14,8,4
1,16,2
35,2,3
19,0,15
0,6,17
17,8,2
15,8,3
36,1,2
10,2,20
23,9,0
3,14,9
39,0,0
26,4,6
26,9,0
12,0,25
1,1,25
35,3,0
12,11,4
25,3,6
20,6,10
11,4,22
24,2,11
4,10,14
29,0,9
24,7,0
7,3,20
32,0,8
11,13,0
7,7,15
9,11,3
23,8,3
6,12,3
15,7,5
3,5,22
7,18,0
12,11,3
16,11,1
8,9,10
16,0,19
2,8,18
19,3,11
3,17,1
20,1,10
19,4,11
9,8,10
2,12,9
20,9,3
12,2,18
5,1,29
17,3,12
0,18,1
28,2,7
11,9,6
10,12,2
28,5,1
16,9,1
26,0,10
29,5,0
7,3,21
3,15,3
21,4,4
4,12,7
22,1,8
14,2,18
32,1,1
0,12,6
4,8,14
27,3,1
10,11,4
1,15,3
28,4,7
23,2,7
27,2,7
2,4,25
26,0,13
38,0,2
29,3,8
11,8,6
4,12,11
34,0,1
1,10,12
27,6,4
20,7,2
32,1,9
6,10,9
9,13,1
2,12,11
27,8,0
5,9,14
23,3,6
24,3,5
35,0,2
34,1,0
7,14,1
2,16,1
28,3,7
8,11,2
7,5,16
0,10,16
0,11,10
30,2,1
22,3,8
5,0,27
19,9,3
19,4,10
11,13,1
5,5,19
21,5,9
16,4,11
10,9,4
12,10,4
6,6,16
6,3,24
0,13,11
29,9,0
24,1,10
26,0,14
14,1,22
1,6,22
3,8,16
2,13,7
11,12,2
10,4,21
28,2,5
38,1,1
0,15,5
20,10,0
24,2,5
36,4,1
33,0,9
15,0,19
24,0,15
31,2,4
34,2,3
9,9,10
26,1,5
33,2,1
16,1,16
36,1,4
6,5,17
22,8,0
0,20,0
16,2,16
0,1,28
23,5,8
19,8,5
19,11,2
19,8,6
7,15,0
6,13,8
13,10,3
3,15,1
12,5,14
10,8,7
29,1,6
24,6,4
26,7,3
19,7,5
1,13,8
30,7,0
2,2,26
5,5,21
29,0,4
27,3,4
22,3,6
22,1,11
19,9,2
31,3,5
12,1,19
7,10,7
26,3,5
37,0,4
12,5,12
1,9,13
31,0,6
18,7,2
19,7,6
0,6,16
16,9,0
23,5,1
6,0,30
1,14,9
20,6,6
1,11,9
4,7,15
15,9,2
17,1,15
24,0,11
10,1,21
17,7,9
2,3,22
4,10,11
28,3,8
20,8,5
16,7,3
1,4,23
24,6,0
24,1,8
22,3,7
0,8,17
21,4,10
11,8,8
18,7,8
14,6,6
3,14,3
0,7,15
0,7,19
0,17,3
36,2,0
4,14,2
6,17,0
25,9,0
14,0,23
29,3,3
18,1,13
26,0,9
34,4,1
10,2,24
13,8,3
18,9,0
23,5,3
5,12,7
5,7,17
9,13,2
19,5,10
16,3,12
0,2,24
25,5,2
32,6,0
23,3,9
3,1,29
8,11,7
8,3,19
7,13,1
14,4,11
29,2,8
12,6,8
6,13,2
24,9,0
23,0,13
23,4,5
11,7,12
11,0,21
12,1,20
4,15,4
3,6,21
24,3,3
4,0,25
18,4,7
31,4,1
6,7,14
4,9,16
8,0,27
19,7,9
13,7,8
34,3,0
14,7,4
10,14,1
23,7,3
15,9,5
7,11,6
0,1,27
1,16,4
18,5,5
20,7,4
29,4,4
2,11,10
8,11,4
31,2,2
25,7,2
22,7,0
17,10,3
11,8,5
14,10,1
17,3,11
35,2,2
11,7,9
11,13,3
10,2,22
19,10,2
18,4,10
28,9,0
34,0,7
3,19,1
29,3,2
0,5,18
8,0,28
15,1,16
16,8,1
15,8,5
18,8,1
27,0,6
24,7,5
12,14,2
27,6,3
24,6,1
6,13,3
25,3,5
13,1,19
3,3,23
10,9,8
15,3,15
13,11,2
26,6,3
27,0,9
14,9,3
3,16,0
35,1,4
17,3,9
8,9,11
40,1,1
20,9,2
4,2,27
24,3,12
5,12,5
20,6,1
1,18,1
11,1,20
20,5,4
4,1,28
0,13,6
10,10,3
2,9,12
26,4,2
6,2,28
29,2,6
26,5,2
4,7,16
0,14,4
29,2,2
18,4,8
17,12,1
11,1,21
9,1,25
14,7,5
16,6,8
19,1,12
13,11,6
41,0,0
4,3,26
10,5,16
20,4,5
3,14,7
21,3,11
19,7,8
3,2,27
1,0,27
3,1,27
5,11,8
23,1,15
15,1,18
3,3,22
11,4,19
5,13,6
14,6,10
4,17,0
6,1,30
28,3,1
36,0,2
3,15,5
17,6,4
5,2,25
8,4,19
22,7,3
6,11,9
10,15,0
20,5,8
3,0,28
6,5,21
19,0,14
29,0,10
33,2,5
31,5,0
1,4,26
1,15,5
1,12,9
13,5,14
33,1,3
28,0,6
1,10,13
10,13,2
19,10,0
16,1,15
22,5,6
1,14,8
19,7,2
19,3,10
10,11,5
29,1,4
26,4,3
6,6,20
20,13,0
8,12,1
15,3,13
2,18,0
16,2,15
22,7,5
17,13,0
30,5,2
9,12,1
15,4,9
19,13,1
4,6,21
33,2,4
34,2,1
10,9,5
2,12,8
28,6,3
27,3,5
20,3,11
3,2,25
11,10,2
25,3,9
31,1,10
0,12,13
19,4,7
6,1,28
22,3,5
2,5,20
0,2,25
9,3,20
18,1,14
28,1,10
26,4,4
19,9,0
18,2,14
13,9,6
4,5,24
19,4,14
37,3,0
22,8,3
8,8,11
22,7,2
15,7,7
11,2,21
13,6,10
14,3,14
16,1,22
2,11,12
2,10,16
11,1,22
5,6,18
14,7,8
16,2,14
2,0,25
23,5,4
20,4,8
11,3,18
22,10,1
2,3,26
24,1,14
9,10,3
4,13,4
21,6,6
31,0,7
16,5,6
4,8,16
12,6,13
4,10,16
0,6,18
15,11,0
27,0,13
25,3,3
4,8,15
30,2,8
0,6,21
23,10,0
32,1,5
25,8,1
14,11,0
2,6,20
27,3,6
13,4,15
14,3,16
4,10,15
5,0,30
21,3,7
1,3,24
21,5,5
20,0,14
23,8,0
22,4,4
4,14,3
22,5,2
10,4,16
3,9,12
3,17,0
6,10,10
28,5,0
34,2,5
19,3,7
2,16,3
23,11,0
21,5,3
1,0,30
17,4,7
18,5,7
8,10,8
12,6,18
4,9,13
6,6,17
18,0,16
28,7,1
9,5,20
23,3,11
6,3,26
14,9,2
21,3,8
0,15,3
7,17,1
2,0,26
16,2,13
5,2,22
1,14,6
6,4,23
24,1,7
4,5,18
32,0,9
32,1,7
4,16,0
30,0,4
12,2,19
2,5,19
32,0,6
4,11,13
11,9,5
26,1,9
1,2,24
24,6,5
35,1,0
1,19,1
6,15,2
5,10,13
4,4,24
0,0,26
2,1,25
19,7,4
10,16,0
23,4,8
22,8,5
27,7,3
3,15,4
29,1,10
34,4,2
15,6,8
31,5,2
0,13,8
3,13,6
24,7,1
23,7,1
5,6,19
30,1,7
13,3,16
26,2,10
6,1,27
0,10,10
1,12,12
6,0,26
17,1,16
10,12,1
0,16,2
30,2,3
26,1,10
4,2,22
7,17,0
16,13,0
3,5,18
17,8,3
11,4,15
25,0,8
25,0,14
27,4,3
19,1,14
5,7,21
0,12,10
7,9,12
8,1,25
30,4,5
5,13,3
31,6,0
1,5,24
40,1,0
31,2,1
7,6,17
3,13,9
1,13,6
26,3,9
32,2,5
25,2,7
11,3,16
1,12,13
13,2,17
6,1,29
25,4,7
1,4,20
33,2,6
1,17,4
10,8,6
21,1,10
0,2,23
14,9,8
33,1,1
27,1,5
23,0,9
12,11,2
20,9,1
5,8,17
35,0,6
11,10,7
2,12,13
13,3,21
25,9,2
1,5,18
3,10,13
26,3,7
8,7,12
20,5,6
5,3,22
11,6,12
2,7,17
32,5,0
2,4,21
6,14,1
4,17,1
11,3,17
20,8,1
3,12,11
29,5,1
15,4,13
21,10,1
19,4,15
21,6,2
20,1,11
25,5,4
2,3,25
28,5,5
16,1,23
2,17,1
6,14,0
29,5,4
16,7,4
28,8,0
17,0,24
6,10,8
0,4,22
17,7,7
4,2,26
20,2,9
8,2,21
20,6,3
13,5,9
14,5,13
31,1,4
17,1,13
16,8,4
10,3,22
19,13,0
20,11,1
11,9,4
26,2,5
32,1,2
27,1,4
1,6,21
8,13,1
13,6,11
35,2,1
24,5,6
6,7,13
2,7,18
24,0,12
1,15,2
22,5,3
7,3,23
33,0,2
20,2,10
21,3,12
9,14,1
7,0,26
1,11,11
9,10,7
1,0,28
23,1,11
31,5,1
19,7,1
8,14,0
11,4,18
42,1,0
29,7,0
17,8,5
6,13,7
3,8,17
28,4,8
6,4,20
19,4,5
3,15,0
2,10,14
25,1,7
25,5,1
0,19,1
19,1,15
19,4,9
33,2,2
5,13,8
37,0,1
4,13,11
28,4,3
5,2,27
6,2,26
32,2,0
12,14,1
27,4,0
2,9,16
5,0,28
28,5,6
13,9,5
32,3,1
6,16,3
34,0,2
1,19,0
3,9,15
30,2,2
1,8,15
8,2,24
19,6,3
18,3,11
25,5,0
30,1,8
10,5,18
23,3,5
37,0,0
10,10,6
0,11,8
2,8,15
22,2,6
24,6,3
0,8,18
17,7,5
14,6,7
33,4,3
22,3,13
21,5,6
9,10,5
18,6,5
1,14,7
5,1,23
4,15,1
6,0,25
2,10,11
25,4,4
2,17,0
33,0,8
19,3,15
25,4,1
35,2,4
27,4,5
21,4,6
10,8,9
6,6,19
27,3,8
3,16,1
19,7,3
25,3,7
5,0,26
25,0,9
2,12,12
1,10,14
32,5,1
21,11,0
17,6,8
7,11,5
3,4,19
21,5,10
33,0,4
3,10,16
22,8,6
18,0,15
18,9,3
34,0,5
1,9,16
17,2,13
12,0,20
11,10,5
12,1,21
13,0,20
19,9,4
15,2,16
36,0,6
5,13,2
30,1,3
4,2,24
6,0,28
20,0,13
21,4,5
16,0,24
28,2,8
26,2,6
6,9,11
5,4,24
12,9,3
19,5,9
13,2,19
33,1,4
27,2,6
13,1,21
6,6,21
26,7,1
8,11,5
23,1,14
13,8,7
2,15,7
22,1,14
12,10,6
34,5,0
24,5,3
12,10,5
4,1,24
7,6,14
5,7,15
0,3,22
12,8,6
5,10,11
25,7,0
27,7,1
1,16,1
27,2,3
18,8,9
0,4,25
6,2,23
10,5,14
2,2,27
9,3,19
25,2,9
31,3,1
3,7,18
2,15,2
37,0,6
23,5,6
15,11,1
24,5,2
4,2,23
17,7,2
15,9,1
8,10,6
14,4,14
8,3,20
13,5,13
16,13,1
2,0,28
23,7,2
40,0,0
12,0,24
7,4,19
5,12,13
1,17,5
31,3,2
23,9,1
3,9,18
21,0,11
13,1,22
0,14,3
9,1,22
3,17,4
17,5,9
21,0,13
3,18,0
7,12,3
22,1,10
1,13,5
4,7,18
17,9,1
3,8,14
2,6,21
4,2,28
30,2,7
26,3,6
14,10,0
4,10,10
7,4,18
1,11,13
23,2,10
12,7,11
17,0,23
37,2,0
1,5,22
7,10,8
9,0,25
12,4,17
9,4,19
0,2,27
18,5,6
16,5,10
20,6,2
3,9,13
5,1,24
2,7,20
0,19,0
3,3,24
10,8,8
10,11,3
7,2,22
29,0,5
10,6,14
3,11,10
12,11,0
38,2,0
1,9,14
5,3,21
13,4,12
16,11,3
3,1,23
14,1,23
16,7,7
15,9,6
24,0,8
29,2,4
31,1,6
4,14,10
22,7,1
24,0,13
0,7,18
15,4,8
10,14,0
15,2,17
18,5,4
12,7,8
19,6,8
9,10,8
29,4,2
15,5,9
40,2,1
7,5,18
1,17,3
16,6,10
30,4,3
19,6,6
36,0,1
22,8,2
6,5,22
4,11,11
19,10,1
28,3,2
6,11,7
8,15,0
21,6,0
2,18,4
23,6,7
15,9,3
10,10,2
27,1,10
2,18,1
1,1,24
0,17,1
28,1,7
2,14,4
4,13,9
29,3,1
23,0,11
18,7,3
13,10,4
26,6,2
3,3,21
13,12,1
0,7,17
15,3,11
24,8,0
6,12,5
22,9,1
14,9,6
10,6,13
14,9,4
4,3,23
28,2,3
22,4,10
18,6,3
2,14,6
17,2,14
11,10,3
21,6,5
21,8,1
21,1,11
6,7,16
14,11,6
22,4,6
3,12,10
4,5,22
10,11,1
28,6,0
3,1,24
0,18,2
12,12,0
5,12,11
17,4,10
2,15,8
29,4,5
30,1,4
10,4,17
22,5,5
1,14,4
10,0,25
5,13,10
0,11,11
13,11,3
15,4,10
8,5,20
35,1,2
25,4,6
4,3,24
22,2,10
3,15,6
29,4,6
25,6,0
0,1,26
13,5,18
23,1,9
17,8,7
10,6,12
10,13,4
19,2,15
29,3,5
19,9,1
8,13,2
23,3,8
19,11,1
12,11,1
9,8,9
4,1,29
32,4,3
36,0,0
28,0,8
21,7,0
18,2,13
32,4,0
1,8,18
11,2,23
13,13,0
4,11,10
2,13,6
4,6,18
11,2,19
8,7,15
19,5,6
2,13,9
6,2,27
21,5,2
9,9,6
21,1,13
6,11,6
9,0,27
5,3,24
31,2,3
23,0,12
6,12,8
4,6,20
33,3,3
13,9,3
30,3,2
7,8,11
5,15,0
12,1,24
2,4,22
5,9,12
1,11,10
7,11,4
0,0,27
32,0,3
9,7,11
15,1,17
23,0,10
17,8,8
4,8,13
31,3,0
12,6,10
25,2,8
9,12,2
25,2,6
3,16,4
20,2,14
12,12,2
5,9,13
3,5,20
11,1,19
17,2,12
11,4,16
18,0,17
0,7,16
11,11,2
23,7,4
18,7,5
8,5,21
30,3,8
6,5,19
4,3,22
4,9,12
31,3,4
30,1,2
3,8,15
4,7,17
7,4,23
6,6,15
22,6,1
10,5,15
15,6,5
17,11,1
2,2,23
37,1,2
13,3,17
11,12,4
9,14,0
34,1,3
0,15,4
18,2,10
20,12,1
19,8,2
26,5,3
11,7,11
18,10,0
5,11,13
26,6,4
6,13,4
18,4,11
4,13,10
25,2,10
13,2,20
31,1,2
6,14,4
22,6,4
27,3,7
23,3,4
15,1,22
7,4,21
5,7,14
0,14,5
29,5,3
1,3,26
17,7,10
21,2,7
4,6,17
18,5,8
28,7,2
10,7,13
2,14,5
23,8,2
0,16,1
15,0,22
9,8,11
17,0,16
5,2,24
5,7,16
19,10,3
5,4,22
0,9,15
16,8,7
0,16,5
12,4,14
13,1,18
23,4,3
27,1,6
0,0,29
16,9,3
8,0,26
12,13,2
9,7,12
22,6,6
0,16,4
5,6,21
18,8,7
5,3,23
2,7,19
19,11,0
2,4,23
16,7,8
30,3,3
21,9,0
33,5,0
2,13,10
9,5,21
41,0,1
15,8,8
4,10,13
17,12,0
13,10,0
27,2,5
2,6,18
33,1,0
28,7,0
7,5,21
33,1,2
0,18,3
29,3,0
10,2,21
24,5,4
0,1,25
22,0,13
11,2,18
6,7,20
24,2,6
23,3,7
12,6,11
29,4,3
34,3,2
23,0,8
24,6,6
23,4,2
24,4,8
25,2,4
7,13,0
5,9,11
24,2,8
15,1,24
18,8,2
23,2,11
12,0,21
5,12,6
9,4,18
6,8,12
2,9,13
12,1,25
9,5,14
20,10,2
20,4,4
36,0,5
14,1,21
9,0,31
20,0,15
35,5,0
12,9,4
33,3,1
13,2,18
22,6,0
5,10,9
26,8,0
0,12,7
5,8,18
1,12,10
26,7,0
11,1,23
6,15,1
8,7,14
6,15,3
27,7,0
23,2,6
20,0,12
2,7,16
17,7,8
8,0,29
1,16,5
14,4,13
6,10,11
5,1,28
20,12,0
4,8,18
5,3,25
6,10,12
14,3,15
26,4,1
9,2,23
31,0,4
24,6,7
32,3,4
7,2,24
13,4,14
2,8,14
15,2,14
8,13,0
20,9,4
23,4,12
0,17,0
24,6,2
11,7,8
14,5,8
9,12,3
24,9,2
14,8,6
31,2,5
2,16,4
25,6,4
21,3,10
26,1,6
8,6,20
16,8,2
8,1,26
9,11,4
16,8,6
2,9,17
2,0,29
9,4,23
30,3,1
17,7,3
10,6,18
5,14,0
16,3,10
19,0,13
21,0,12
12,9,6
27,4,4
11,3,22
9,6,15
27,2,4
9,3,22
7,12,2
29,2,7
7,14,0
7,10,9
6,1,25
20,1,14
17,0,18
35,0,1
15,4,12
13,7,7
24,5,1
36,3,0
0,8,19
7,0,29
0,3,25
17,0,25
28,1,5
16,14,1
10,1,25
0,8,13
35,0,5
32,5,3
11,5,14
22,6,5
9,4,22
10,2,23
21,3,6
29,1,8
26,8,2
18,4,9
17,0,19
23,6,4
6,7,18
22,9,2
9,11,2
19,6,10
21,3,9
9,13,0
2,14,7
10,11,6
6,8,14
6,11,8
20,7,1
14,8,7
35,0,4
22,2,8
9,5,18
26,2,9
1,1,28
31,7,0
18,10,2
42,0,0
6,4,21
16,6,6
0,4,23
16,8,5
1,3,25
5,7,20
0,8,16
32,5,2
18,11,0
4,16,3
10,1,20
19,3,8
2,0,31
7,1,24
21,7,5
6,15,0
30,4,1
12,10,2
36,1,1
23,3,12
1,4,22
28,5,2
27,4,1
1,2,27
11,5,19
11,1,25
13,9,4
18,9,2
33,0,5
26,3,10
1,4,24
1,9,17
11,10,4
1,13,7
3,9,17
9,1,24
0,3,26
29,2,5
5,14,4
18,5,10
9,2,24
36,0,4
0,10,11
30,3,4
14,13,0
15,0,24
30,1,6
35,0,7
15,5,7
15,3,12
18,5,9
30,2,9
34,0,6
31,4,3
2,11,11
3,4,25
37,1,1
40,0,1
18,6,9
0,9,14
0,11,14
5,9,15
34,0,4
6,4,24
24,5,5
38,1,0
36,4,0
27,9,0
7,6,16
10,2,25
1,18,5
4,0,26
9,5,17
26,7,2
0,16,0
31,0,9
3,0,29
12,10,7
31,4,4
13,8,5
1,5,20
27,5,0
9,3,24
30,2,4
12,10,1
30,4,2
4,5,21
28,4,4
8,12,2
7,5,17
21,2,12
8,0,30
14,6,9
6,3,23
15,12,0
20,2,12
6,5,20
1,11,14
7,3,24
0,2,26
22,11,0
30,0,5
15,6,6
32,2,3
5,14,10
9,12,0
15,7,3
4,11,8
16,10,2
27,5,1
6,3,21
28,0,10
9,17,0
28,5,4
15,12,1
36,5,0
25,1,9
2,10,12
12,12,3
3,11,11
1,16,0
35,0,3
2,9,15
21,7,3
31,0,10
9,3,21
0,3,23
1,18,0
16,0,17
32,3,2
15,0,20
13,13,1
26,2,7
29,4,1
26,1,7
33,5,1
4,0,28
5,13,11
30,1,9
4,13,5
30,0,7
22,7,4
11,5,13
14,8,5
22,0,14
3,14,4
14,1,19
28,3,5
22,0,10
6,16,1
23,9,2
5,9,18
18,8,3
33,3,0
16,11,0
1,13,10
5,5,23
20,6,8
1,2,25
37,1,0
4,12,8
1,7,19
11,12,0
28,0,7
24,0,14
0,10,13
25,7,1
22,4,7
10,0,23
19,8,7
14,1,18
9,0,26
14,2,15
17,1,23
3,14,5
1,13,9
18,3,8
1,7,17
4,6,16
25,7,4
1,7,18
29,6,0
25,0,10
16,7,6
16,14,0
9,3,23
14,1,17
3,14,6
1,14,5
22,0,12
19,5,8
36,2,3
18,7,4
13,2,22
21,8,5
4,5,23
12,3,18
1,6,18
5,10,10
24,1,15
10,10,4
23,4,9
7,6,15
26,3,2
1,18,2
10,10,5
6,7,17
1,18,4
18,7,6
10,13,1
12,4,16
17,9,4
27,3,2
14,2,17
4,16,1
3,6,18
14,5,11
23,6,1
0,5,20
10,4,15
18,7,9
17,5,7
12,6,17
14,3,13
29,6,4
17,2,10
6,16,0
8,4,17
15,6,7
37,0,2
39,2,0
7,2,23
13,3,15
16,9,5
29,5,5
8,11,8
7,2,25
1,12,8
22,7,6
20,7,3
25,1,10
5,4,23
4,9,14
13,12,0
9,4,16
15,5,10
14,0,19
10,4,22
0,13,7
4,2,25
30,6,0
21,8,6
17,5,6
14,0,20
8,8,12
21,0,14
11,5,15
1,7,21
4,1,25
7,10,10
2,16,0
38,3,0
33,0,3
28,3,4
5,8,12
12,12,4
18,11,2
5,12,8
24,8,1
13,11,4
8,1,28
23,1,13
10,3,23
4,4,21
11,6,11
18,8,0
36,3,2
35,4,0
21,4,11
17,8,0
0,8,14
23,2,13
30,1,10
3,11,9
2,6,22
14,0,22
25,3,10
0,13,5
30,0,8
22,0,11
21,1,14
21,7,4
37,2,2
26,5,0
35,4,1
38,0,1
1,15,4
14,12,0
25,4,3
24,1,12
17,7,4
0,17,5
4,3,25
23,7,0
31,0,3
5,12,12
21,1,12
39,1,0
22,2,11
20,8,0
18,8,4
10,13,3
4,1,27
33,4,0
26,0,8
2,1,27
4,0,30
5,8,15
7,12,4
14,10,8
3,7,19
17,0,22
31,4,2
10,8,10
29,1,7
33,1,9
32,0,4
26,5,4
32,4,1
7,4,24
7,13,2
4,5,20
6,12,6
12,6,9
27,0,8
4,8,17
8,10,7
13,10,5
28,4,5
28,6,2
5,14,2
0,9,12
7,12,5
21,8,3
11,8,7
6,2,22
39,0,1
0,17,2
3,6,20
2,11,13
0,3,24
25,4,9
5,7,19
11,15,0
9,4,21
13,0,22
18,5,11
8,9,8
25,5,5
26,2,8
24,3,4
13,11,1
43,0,0
14,7,6
14,7,9
32,1,4
0,5,21
19,7,7
10,4,18
12,8,7
19,5,5
3,1,28
1,2,23
13,10,2
32,2,1
10,7,11
7,12,6
16,10,0
11,11,0
30,6,1
0,5,22
9,15,0
8,3,21
8,2,23
4,4,20
1,6,20
9,10,6
2,13,11
19,0,16
13,8,8
3,4,22
5,0,25
27,0,11
0,11,12
1,6,23
22,9,0
3,12,8
11,8,9
26,3,3
8,11,6
23,0,15
3,3,25
12,3,15
16,4,8
21,6,1
3,2,28
10,13,0
28,5,3
21,6,4
28,6,4
4,4,23
36,3,1
3,7,20
4,12,10
7,11,8
7,1,25
5,9,17
19,4,8
10,0,29
3,7,21
12,9,7
13,9,2
5,8,14
1,9,12
40,2,0
22,1,12
25,4,8
30,0,9
14,11,1
24,4,7
30,2,5
26,5,1
13,6,7
19,5,7
3,7,15
5,1,26
30,0,6
8,12,4
11,4,14
22,2,7
0,6,22
7,7,13
1,8,19
14,2,16
22,4,9
19,5,11
24,0,10
19,2,9
35,1,3
4,15,0
10,5,19
20,5,5
5,8,13
26,3,8
26,3,4
34,3,1
3,3,26
12,3,16
31,3,3
29,0,7
20,4,7
19,2,14
17,9,5
14,8,9
5,13,7
2,2,25
8,5,15
1,12,7
7,1,26
0,10,12
7,2,26
22,3,4
36,2,1
13,7,5
5,1,30
26,1,8
32,0,5
6,12,7
7,16,0
24,2,12
17,1,14
7,2,27
30,4,4
0,18,0
11,7,10
17,4,8
11,10,6
7,1,27
1,1,26
5,11,9
21,7,6
7,3,25
27,7,4
31,4,0
13,7,6
12,6,12
8,10,4
3,1,26
23,0,14
42,2,0
11,12,3
7,1,28
14,2,22
2,6,19
30,3,5
10,3,21
17,2,11
4,14,1
26,2,3
3,12,9
20,1,12
7,14,3
34,4,0
1,3,23
1,8,16
34,1,5
1,7,16
0,11,9
8,3,23
19,3,12
16,5,8
10,17,0
3,9,16
37,0,3
2,4,20
18,2,12
23,1,12
32,0,7
25,4,5
8,1,29
6,17,1
13,4,13
16,3,11
19,6,9
14,14,0
18,7,10
6,9,17
7,9,10
10,3,24
9,9,9
21,8,0
24,0,9
3,8,18
18,6,6
10,9,6
4,15,3
11,5,18
29,2,3
8,9,9
15,5,8
18,1,15
0,12,8
8,5,17
3,7,16
2,5,23
23,1,10
0,15,6
14,7,7
8,5,18
22,6,7
0,5,24
12,2,17
22,1,13
14,0,21
10,9,7
21,2,10
29,1,9
9,9,5
18,2,11
9,11,5
20,4,10
8,3,22
23,9,3
12,8,5
2,14,8
13,2,21
17,14,0
4,6,22
15,8,6
8,1,23
18,6,10
37,1,5
25,8,2
7,8,12
1,0,29
15,2,15
0,15,2
12,5,13
15,13,1
20,2,11
33,4,2
34,1,1
14,8,8
22,10,0
19,3,9
5,5,18
11,8,10
5,11,10
16,1,17
23,2,15
5,13,4
23,5,7
1,17,2
9,5,16
30,5,0
7,2,28
1,5,19
11,12,1
16,7,5
3,13,8
4,13,7
6,3,22
23,4,6
4,11,9
15,10,0
0,0,28
1,9,18
15,10,5
6,9,10
25,4,2
34,2,4
2,18,3
22,5,4
15,7,8
13,6,12
4,12,12
3,2,24
30,6,3
0,13,4
16,9,6
3,10,12
5,6,17
15,7,4
29,3,6
24,0,7
28,1,4
5,2,23
2,5,21
2,10,13
1,16,3
25,7,3
10,11,2
11,0,23
0,16,3
23,8,1
7,9,11
28,3,9
22,2,13
15,8,4
35,1,5
21,6,3
21,7,1
5,5,22
14,4,12
0,8,15
5,7,18
2,3,24
5,4,20
4,7,21
2,5,22
24,7,4
22,2,9
1,14,3
27,6,0
12,13,1
3,4,21
10,12,4
18,7,7
24,4,3
9,2,20
2,8,17
15,1,23
3,4,20
8,12,3
28,3,6
24,1,11
1,6,19
25,3,4
1,7,20
6,0,29
1,15,1
19,6,4
20,3,9
17,6,5
5,16,1
17,4,9
10,0,26
10,1,22
23,2,5
2,14,9
1,10,16
12,3,17
28,1,9
6,6,18
3,2,26
26,2,4
15,8,2
1,1,30
27,5,3
6,2,24
24,4,2
13,5,12
32,2,4
13,10,6
12,0,23
37,0,5
6,5,23
17,9,3
25,8,0
1,17,1
17,8,10
3,0,26
17,4,11
14,10,3
11,6,14
34,3,3
2,17,3
35,0,0
1,1,27
12,10,3
18,3,10
19,6,5
2,17,4
13,0,23
2,2,24
28,4,1
23,6,0
6,18,1
4,10,12
25,5,3
20,8,4
0,5,23
12,9,5
28,2,6
23,4,7
9,6,14
14,8,3
13,10,1
13,8,6
20,4,11
16,8,3
1,9,15
28,2,2
17,8,1
23,1,7
44,0,0
0,10,14
18,6,8
6,9,12
15,0,18
36,0,3
10,1,24
9,4,17
24,3,11
0,12,9
11,6,18
7,4,25
2,11,9
18,3,9
4,14,4
19,4,6
15,3,14
22,1,9
30,4,0
10,6,17
36,1,0
0,10,15
1,3,21
26,6,0
41,1,0
23,10,1
1,17,0
3,10,11
16,6,7
30,0,10
15,10,1
34,2,0
3,4,24
6,11,12
11,0,25
17,6,10
7,8,13
25,5,7
6,8,17
6,5,18
20,6,5
1,7,15
23,2,9
2,10,17
38,0,0
8,6,16
0,6,19
2,14,10
3,2,23
23,2,8
14,9,1
7,5,23
13,6,9
11,0,24
26,6,1
34,1,4
1,5,21
18,0,14
20,3,6
0,12,11
32,1,3
9,6,13
23,1,8
24,2,7
2,8,19
30,1,5
35,3,2
8,6,15
13,1,20
8,12,5
10,7,12
13,12,2
25,0,11
2,8,16
3,4,23
31,0,5
14,10,6
32,3,0
2,16,2
20,4,12
2,5,18
16,6,5
31,1,5
27,0,14
20,2,15
26,0,11
11,13,2
8,1,24
8,8,10
17,6,7
21,2,9
17,9,6
0,4,21
12,3,19
6,0,27
13,6,8
16,9,4
12,13,0
17,5,5
5,4,19
29,8,0
4,1,30
24,10,0
30,5,1
25,1,8
8,11,3
17,8,6
28,4,6
6,14,3
17,10,0
8,4,20
5,10,12
19,1,11
7,18,1
36,2,2
3,0,27
17,1,24
11,14,1
8,10,9
0,12,12
20,3,7
9,10,4
8,3,24
21,3,5
4,1,26
19,5,4
4,0,27
3,1,25
3,13,5
12,7,10
14,2,21
22,4,3
30,3,0
6,7,15
3,9,14
9,2,21
29,1,5
2,15,4
22,3,10
13,3,14
5,13,5
18,6,4
12,5,17
15,4,14
25,1,5
28,6,1
17,5,8
39,0,2
10,12,0
30,5,3
20,4,9
20,4,6
9,0,24
15,4,11
6,4,22
29,4,0
1,0,26
12,4,15
32,3,3
3,5,19
33,2,0
27,5,2
31,1,3
22,3,9
13,0,21
19,6,7
29,2,9
12,5,18
