62,13,11
6,10,24
55,16,7
42,17,2
63,22,18
5,19,26
14,16,20
42,22,7
62,14,11
56,19,9
5,18,25
17,15,18
11,2,16
22,12,2
47,17,11
49,13,7
37,19,0
11,0,14
22,19,5
21,12,5
23,17,4
45,16,8
17,8,16
15,11,20
63,13,12
50,13,7
0,16,27
55,17,9
12,15,21
17,11,19
63,23,23
42,21,3
2,17,26
46,14,7
11,12,21
19,5,4
44,18,8
20,15,9
57,14,5
11,19,22
58,11,5
61,13,11
7,5,21
63,9,5
52,15,10
63,12,10
56,8,2
21,21,6
61,22,16
12,17,22
8,7,21
17,11,18
8,14,24
38,21,0
21,18,6
25,16,1
57,21,12
55,11,5
54,10,3
1,23,34
58,21,14
19,16,16
58,22,14
12,11,21
16,4,11
21,9,3
3,11,25
53,11,5
62,18,16
17,2,5
16,0,1
41,20,3
2,16,27
24,14,2
16,10,18
45,15,7
11,21,22
45,13,4
45,20,10
63,18,18
7,5,20
15,7,15
56,21,10
60,15,10
18,7,8
60,17,15
23,22,4
57,22,12
21,14,5
14,10,20
60,9,2
23,15,4
14,23,22
15,12,20
44,13,1
9,4,18
9,14,22
40,20,0
56,17,8
10,6,18
5,16,25
15,20,20
1,23,35
0,11,26
17,2,6
55,12,5
48,14,6
42,22,8
9,19,23
18,15,17
3,19,27
56,23,14
57,17,10
49,14,8
21,2,0
10,0,15
47,21,13
17,8,15
41,22,3
0,19,27
3,5,22
0,20,28
61,8,1
18,15,18
23,14,4
21,7,2
15,9,19
2,7,23
8,1,18
62,13,12
55,13,6
20,20,9
22,16,5
48,23,13
24,15,3
5,8,25
12,4,16
3,3,23
20,4,1
17,1,7
45,19,11
13,7,19
23,17,3
36,21,0
0,6,23
48,14,7
47,14,7
2,23,35
6,6,21
19,9,13
9,15,23
63,9,7
55,12,6
46,17,11
23,20,2
19,18,12
8,2,18
3,2,23
10,7,18
18,4,6
9,10,21
45,20,11
1,22,27
36,18,0
49,11,4
12,5,17
40,22,2
25,20,1
53,23,11
19,15,15
21,11,8
6,19,25
18,23,18
10,8,21
10,2,18
14,1,11
56,9,1
50,11,5
43,15,1
61,23,17
52,13,6
12,18,21
20,9,11
50,10,3
3,8,25
46,17,10
51,22,13
22,9,1
18,19,17
51,16,11
47,15,9
52,14,9
19,7,7
7,10,24
50,14,7
15,16,20
9,17,24
16,0,2
18,17,16
20,18,8
62,17,15
3,1,23
18,10,18
7,6,20
17,22,18
53,12,6
8,5,18
16,8,17
63,18,19
13,15,21
18,20,13
17,2,9
45,18,11
19,13,15
43,18,5
25,23,2
12,12,20
5,0,21
20,22,10
17,6,12
12,9,20
16,0,3
54,12,5
42,15,2
51,14,9
17,6,8
18,20,15
52,9,2
18,10,17
6,0,20
18,13,16
58,15,8
54,20,10
4,0,21
56,4,0
63,17,17
17,17,19
15,13,20
0,7,24
59,15,12
5,21,27
63,16,14
42,17,3
54,16,9
33,19,0
55,23,11
41,19,2
46,23,13
43,22,8
23,12,1
16,15,20
23,14,3
21,10,7
22,22,6
63,9,6
55,22,12
1,1,24
8,7,23
14,0,11
18,8,14
5,7,24
5,1,21
17,7,12
55,20,10
43,23,9
16,22,19
17,9,17
61,18,15
10,18,22
4,20,26
54,12,6
45,13,3
10,22,24
17,9,18
7,16,25
23,11,1
16,23,20
2,13,26
62,22,17
8,9,22
12,19,21
14,16,21
17,0,1
2,23,28
57,17,8
20,10,12
24,17,1
36,15,0
19,14,14
60,18,15
55,11,4
47,13,5
2,1,23
19,12,14
23,16,5
29,21,0
21,14,6
47,11,0
39,23,1
62,11,9
15,20,19
60,8,1
61,17,15
8,15,24
44,14,3
58,16,8
18,8,12
53,21,10
54,9,1
6,12,25
44,23,9
12,1,16
10,13,21
57,15,7
63,9,2
60,10,4
56,7,0
10,1,17
62,15,14
56,11,4
4,12,25
50,8,1
53,18,10
13,5,16
58,20,13
51,15,9
10,4,17
14,0,5
60,10,3
13,22,21
16,21,19
3,5,23
63,20,18
58,17,12
4,9,25
46,19,11
54,23,11
11,5,16
3,0,22
55,14,7
10,6,19
2,3,23
14,2,13
18,21,16
11,11,21
32,16,0
58,11,4
53,23,12
60,21,15
55,9,1
59,12,5
1,5,23
33,15,0
6,11,25
6,9,25
5,22,27
58,9,1
58,17,13
23,16,4
63,20,17
50,12,6
50,20,12
63,12,11
46,22,12
10,21,24
16,18,19
19,22,11
14,14,20
24,23,3
59,14,5
55,9,3
51,18,11
48,13,7
55,5,0
56,19,12
12,3,16
7,1,20
31,16,0
22,13,3
15,7,16
5,4,21
57,18,11
25,15,1
6,14,24
1,20,28
13,8,20
56,19,8
2,14,26
62,14,12
52,10,3
16,12,19
61,12,6
53,11,4
45,14,5
19,1,2
51,15,8
63,17,18
8,2,20
6,1,20
4,0,20
9,7,19
45,22,10
13,11,21
41,23,5
21,16,8
40,23,2
55,22,10
35,17,0
17,0,0
7,21,25
10,20,23
21,10,8
7,13,24
23,21,3
22,22,5
4,19,26
10,17,22
50,12,5
50,13,6
6,15,25
5,20,26
56,20,9
44,15,4
58,18,13
2,9,25
9,11,23
21,13,7
43,18,7
18,13,18
43,21,7
2,11,25
61,14,11
19,7,9
11,5,17
3,22,27
17,7,13
56,6,0
42,19,7
4,17,25
13,3,15
7,8,23
63,9,1
7,2,20
51,13,7
24,15,2
21,8,3
59,17,13
54,15,9
15,18,20
17,7,15
63,23,18
2,6,23
0,13,26
8,19,24
16,2,8
15,23,21
23,23,5
19,8,10
20,3,2
15,5,12
19,4,3
37,21,0
10,3,17
63,17,16
58,21,13
31,20,0
17,16,19
19,2,2
11,15,22
11,9,20
7,5,19
1,0,24
17,18,19
40,22,3
43,18,8
1,12,25
49,10,0
60,20,16
1,22,33
32,21,0
12,14,21
32,18,0
13,15,20
6,14,25
22,8,0
40,22,0
19,22,12
47,14,5
55,22,11
43,17,5
13,6,16
11,4,17
19,7,8
13,2,15
61,9,1
62,11,7
60,23,17
16,8,18
58,15,9
49,16,10
58,22,15
21,14,7
20,12,9
5,12,25
62,23,17
52,17,10
7,3,20
63,16,15
23,18,3
8,0,15
35,16,0
54,9,2
8,18,24
60,14,10
6,16,25
5,11,25
47,15,8
18,16,17
53,17,11
51,12,5
40,17,0
45,23,11
21,20,6
9,22,25
16,2,7
24,14,3
10,23,24
9,6,18
5,9,25
18,19,16
54,22,10
50,14,8
3,23,27
15,19,20
49,10,3
7,18,25
61,12,9
17,15,19
41,21,4
44,13,0
9,12,23
8,6,19
17,1,2
63,8,2
46,12,2
48,10,3
20,3,1
58,9,2
14,5,14
6,0,18
62,12,11
49,16,11
19,11,16
13,7,17
10,22,23
58,22,13
59,18,13
46,13,5
7,1,17
49,22,13
21,7,6
15,21,19
57,18,10
11,1,16
60,16,14
5,6,22
19,12,15
51,10,3
46,16,9
7,9,24
58,16,11
56,18,10
24,23,2
0,22,32
48,17,11
7,11,24
16,1,5
52,14,8
52,18,11
63,9,3
59,9,1
54,21,9
49,12,4
23,15,5
21,3,0
55,10,4
11,6,18
11,0,13
20,5,1
50,23,13
36,20,0
43,17,6
2,5,22
61,14,12
11,22,22
42,18,3
8,0,16
8,1,17
8,21,25
49,23,13
15,2,14
7,20,26
20,16,8
53,12,5
22,21,5
9,22,24
57,10,3
18,19,15
50,23,12
19,10,16
30,20,0
14,3,14
15,23,20
24,22,1
62,19,16
46,21,11
63,21,18
3,21,27
15,10,20
21,12,8
18,14,17
1,7,25
44,16,7
59,14,7
42,19,4
10,13,22
20,14,8
19,0,0
18,22,17
21,13,5
4,2,23
4,1,23
33,16,0
43,13,0
47,21,12
11,22,24
44,17,7
18,21,13
17,8,17
43,23,8
3,18,27
49,15,8
19,11,15
54,6,0
63,11,10
37,23,0
18,11,17
17,3,9
59,10,3
3,15,26
21,7,7
22,15,6
7,7,22
6,10,25
61,11,8
18,14,18
2,16,26
1,12,26
49,12,5
62,23,18
53,15,9
17,3,6
52,16,10
43,16,3
63,13,13
51,7,0
18,9,17
4,0,23
17,3,10
57,18,12
21,6,0
24,17,2
21,9,2
61,20,16
6,0,16
52,16,11
46,18,11
22,14,5
44,16,8
56,11,5
57,9,3
17,20,18
22,20,6
18,5,6
54,7,0
34,18,0
4,7,23
41,19,1
5,10,25
8,5,20
56,14,5
49,17,12
34,21,0
57,17,9
63,20,19
38,22,0
52,11,5
60,12,9
34,23,0
13,8,18
19,3,5
60,12,6
18,18,18
23,17,5
1,23,28
5,22,26
53,15,8
6,20,25
20,8,10
61,12,10
19,21,10
17,19,19
17,7,10
45,14,2
3,6,23
3,11,26
15,4,11
8,14,23
58,23,15
39,22,0
42,18,4
19,17,14
61,11,9
6,18,25
43,16,4
63,9,4
6,13,24
14,4,14
41,21,3
50,10,4
4,18,25
19,5,3
42,22,6
55,6,0
56,20,10
56,22,13
12,7,19
44,14,1
33,20,0
6,1,19
18,21,17
8,3,20
53,19,11
18,22,16
20,13,10
19,15,13
22,20,5
4,8,25
19,5,2
53,9,3
15,0,4
48,19,12
19,15,14
40,17,1
57,23,15
29,19,0
6,2,21
55,8,1
58,16,9
63,13,11
55,8,0
60,13,5
62,9,2
16,6,14
9,0,16
1,19,27
3,19,26
2,23,27
47,16,11
60,13,9
5,1,22
6,6,22
63,14,14
5,0,18
17,22,17
17,5,8
57,9,2
18,7,13
42,21,4
47,14,6
22,9,3
16,6,13
13,2,14
12,8,19
18,7,14
20,6,0
16,21,18
20,17,7
49,13,6
62,17,16
45,13,2
13,8,19
4,10,25
63,19,16
60,22,16
13,17,21
1,21,28
58,12,5
4,8,24
19,4,2
21,13,8
47,13,4
42,16,5
62,10,5
2,15,26
20,14,10
19,7,10
14,3,15
15,8,17
48,13,6
3,20,26
57,14,6
1,22,28
17,4,8
61,14,10
52,14,7
19,17,17
55,23,13
0,23,29
20,16,9
47,10,0
20,8,9
50,17,11
2,22,27
7,1,19
21,12,6
22,15,5
19,7,6
59,18,14
21,23,7
48,11,2
4,17,26
2,15,27
3,20,27
58,8,2
59,21,14
47,16,10
4,22,27
22,16,6
25,17,0
20,17,9
10,16,22
18,18,17
22,7,3
32,22,1
10,19,23
35,15,0
47,12,3
60,12,8
62,11,6
29,20,0
30,16,0
49,10,1
48,20,13
47,13,6
7,0,18
13,4,15
19,10,15
5,17,25
3,7,25
35,21,0
50,16,10
21,22,8
45,17,9
10,15,22
8,12,23
21,13,4
53,10,3
25,19,0
4,20,27
61,18,16
8,4,19
45,14,6
63,14,12
48,13,4
43,21,8
21,19,6
19,14,16
23,18,4
21,10,2
17,10,18
16,2,9
18,6,8
9,18,24
18,1,1
13,1,13
54,8,1
48,15,8
20,6,5
54,11,4
14,9,20
17,6,13
16,6,12
44,19,9
9,21,24
8,10,22
20,6,4
55,14,6
0,17,27
8,22,25
54,13,6
54,17,9
40,23,3
41,18,2
20,8,7
16,0,6
17,18,18
59,22,14
25,20,0
44,15,3
12,22,22
44,21,10
11,7,18
17,21,18
63,15,13
52,9,3
7,19,25
19,11,14
46,15,6
52,12,5
46,11,0
24,22,4
8,8,23
23,13,2
60,8,0
21,10,4
59,11,5
61,17,16
19,9,14
48,13,5
10,10,21
43,15,5
11,7,19
20,1,1
14,20,21
22,7,1
63,15,14
52,8,0
5,4,22
56,10,3
20,16,7
48,20,12
62,9,4
8,10,23
12,0,14
14,0,7
17,12,19
63,9,8
31,21,0
12,2,16
63,22,21
19,5,6
13,1,15
6,0,17
18,1,3
60,10,2
51,13,6
63,23,19
42,23,6
62,15,12
42,14,1
61,13,10
8,16,24
51,16,10
9,6,19
12,0,13
11,20,22
0,7,23
18,21,12
29,18,0
8,21,24
51,18,12
47,17,10
13,1,14
51,9,2
45,18,9
19,8,11
21,22,7
7,17,24
43,19,6
61,12,5
6,0,21
20,18,9
47,11,3
17,22,19
57,11,4
6,19,26
20,21,9
56,12,5
50,16,11
49,19,12
19,14,15
34,17,0
61,23,18
0,10,25
8,4,18
11,21,23
58,8,1
15,19,19
1,4,23
7,6,22
23,19,2
15,4,14
15,5,15
18,12,16
23,16,3
20,14,9
63,8,3
41,21,5
18,1,4
56,15,6
19,18,13
51,22,12
53,16,10
60,15,13
20,6,6
51,21,12
13,0,11
16,1,11
20,12,12
34,20,0
42,16,3
8,13,24
15,3,12
5,15,26
46,19,10
59,21,13
21,7,4
16,0,4
16,1,6
14,8,18
8,2,19
20,20,8
18,3,6
16,1,9
20,22,7
18,0,1
58,17,11
55,16,8
60,13,10
32,14,0
46,11,1
21,7,1
48,15,9
52,8,1
52,10,4
5,5,22
59,15,7
2,12,25
20,7,4
43,22,9
4,21,27
1,23,33
13,16,20
60,20,14
59,16,12
61,11,6
60,14,7
3,10,25
2,11,26
11,8,20
18,7,10
18,7,12
41,17,1
25,15,0
60,13,7
24,16,1
46,18,10
3,0,23
5,0,19
62,16,15
4,16,26
20,4,2
56,16,8
45,14,1
58,4,0
8,7,20
9,9,22
9,11,22
32,22,0
63,19,18
53,22,11
22,19,6
33,23,0
63,10,5
56,22,11
63,23,21
2,5,23
32,23,1
62,8,1
62,15,13
25,14,0
10,8,20
15,4,12
41,20,2
15,0,7
23,10,1
53,8,2
0,23,33
16,3,11
12,5,16
51,8,1
10,5,18
23,21,2
23,14,2
44,18,7
13,9,20
14,7,17
14,7,18
10,5,17
47,12,2
13,4,16
21,18,7
47,17,12
46,21,12
31,22,1
9,2,17
24,13,1
61,22,17
3,12,26
16,3,10
52,15,9
41,18,1
8,6,20
30,22,1
21,8,7
12,12,21
9,13,23
44,14,0
23,13,0
62,9,1
20,16,10
13,23,22
58,10,4
7,15,25
19,14,13
34,19,0
42,23,8
44,15,6
58,6,0
22,23,6
62,12,9
51,23,12
50,10,2
22,11,1
41,21,1
36,22,0
9,5,17
46,20,11
20,14,11
63,17,15
4,11,25
61,17,14
9,5,19
16,6,15
24,14,0
57,16,8
8,0,17
63,10,6
4,13,25
18,3,5
20,16,11
22,8,4
52,11,4
36,19,0
54,19,9
15,15,20
7,23,26
62,13,10
61,12,8
21,9,7
21,11,7
58,15,10
40,20,1
9,14,24
16,5,12
42,20,3
12,7,18
18,12,17
61,10,4
2,17,27
58,7,0
14,9,19
16,10,19
22,8,2
18,3,4
20,15,10
20,19,9
29,15,0
20,2,1
12,10,20
24,20,1
10,0,16
40,21,2
61,10,2
6,8,24
29,23,0
14,18,20
4,14,26
14,22,21
56,10,4
59,19,13
0,23,30
17,5,10
22,10,2
45,19,9
14,21,20
20,5,2
58,23,14
2,20,27
24,13,0
21,12,7
22,10,4
56,19,10
63,10,9
46,12,0
63,19,19
43,16,7
53,8,0
1,21,27
2,12,26
10,7,19
32,15,0
43,14,2
7,16,24
15,1,10
45,21,10
18,5,7
61,10,3
24,16,3
4,6,22
15,21,20
46,14,5
18,2,4
8,10,24
12,23,22
20,2,0
54,18,9
49,10,2
1,16,27
44,14,2
45,14,3
20,10,10
60,21,14
9,0,15
61,16,13
44,17,9
51,11,5
12,6,18
18,2,5
14,21,21
46,14,4
17,4,7
20,10,8
13,6,17
9,0,14
51,9,1
42,21,7
31,15,0
9,18,23
19,15,16
43,21,9
59,14,6
11,7,20
14,13,20
48,10,1
20,8,8
4,1,22
2,0,22
9,7,21
53,21,11
11,0,15
20,15,8
63,21,19
46,20,12
24,15,1
1,20,27
58,19,13
54,20,9
41,16,1
11,23,24
19,6,5
58,16,7
63,23,20
49,13,5
40,15,0
41,18,3
44,16,5
57,15,5
47,23,13
16,7,13
60,13,6
63,21,16
14,1,14
24,19,1
19,20,11
13,2,16
58,16,12
49,20,12
34,22,0
22,18,5
18,8,13
60,14,9
1,6,23
57,19,12
59,9,2
58,10,3
20,5,4
63,18,16
60,16,13
55,15,7
43,15,2
20,10,11
48,22,12
62,11,8
24,22,2
59,23,15
29,16,0
1,19,28
60,14,8
21,8,5
11,5,18
15,0,6
19,13,16
22,7,2
25,23,1
21,10,5
51,15,10
25,22,0
53,9,2
61,15,13
57,11,5
7,14,24
22,11,2
63,11,9
15,0,9
59,13,5
21,15,7
57,15,6
25,16,0
22,7,4
0,22,28
22,9,2
59,17,14
43,19,5
30,17,0
23,11,0
45,16,9
0,7,25
0,23,34
22,11,3
7,7,21
23,13,3
16,2,12
57,8,2
8,3,19
19,11,13
5,16,26
14,23,21
46,13,4
20,9,8
46,13,1
14,8,20
11,18,22
61,23,16
21,7,0
18,8,15
20,7,7
46,15,7
2,0,24
7,8,24
10,1,15
14,19,21
24,21,2
53,17,10
8,17,24
52,15,8
45,13,0
59,20,13
49,9,2
43,17,7
24,18,2
35,18,0
7,9,23
26,23,0
18,22,18
2,0,23
59,23,16
9,17,23
52,23,12
1,14,27
19,6,6
21,17,7
0,18,27
19,6,7
15,1,8
60,23,16
15,17,20
13,21,22
14,5,15
14,0,12
21,19,8
55,4,0
8,20,25
59,8,0
45,17,10
20,11,12
51,17,11
51,12,6
56,18,8
20,21,7
35,22,0
22,9,0
42,19,2
54,9,3
0,18,28
58,19,12
19,16,14
20,9,12
10,20,24
53,14,8
50,15,10
59,12,4
40,16,1
20,7,8
4,4,22
57,22,13
14,8,19
10,12,22
53,20,11
47,20,12
10,11,21
11,23,22
41,22,4
1,7,24
17,3,8
13,18,21
16,16,19
14,7,16
15,5,14
17,16,18
1,8,25
47,19,12
47,18,11
0,21,28
50,22,12
56,9,2
0,14,27
55,21,9
8,5,19
43,20,7
62,10,3
16,5,11
10,7,20
18,11,18
10,19,22
6,22,26
8,23,25
15,1,9
55,18,9
10,17,23
4,21,26
13,0,13
21,11,5
56,20,11
19,17,13
13,20,21
49,17,11
59,16,13
9,16,23
6,7,24
55,14,5
20,19,8
21,9,5
18,22,15
48,21,12
13,21,21
57,7,0
22,17,6
62,10,6
42,18,2
56,9,3
34,23,1
19,2,4
60,20,15
12,8,20
5,21,26
0,23,31
18,21,11
20,5,5
16,18,20
42,23,7
57,23,14
19,8,8
44,22,9
16,13,19
0,13,27
21,18,8
18,2,3
0,19,28
3,7,24
11,16,22
21,4,0
16,9,18
49,15,9
48,18,12
15,10,19
14,22,22
21,7,5
16,0,5
20,6,1
53,10,4
51,14,8
5,18,26
1,10,25
7,0,15
7,12,24
4,13,26
21,23,6
7,0,19
61,11,7
6,5,21
51,14,7
43,19,8
46,12,1
25,23,0
25,21,0
43,15,3
11,23,23
55,19,9
15,6,15
62,16,14
18,22,13
11,16,21
17,9,16
7,4,20
24,20,2
25,18,0
16,5,10
10,2,17
53,14,7
5,14,26
22,13,2
62,23,20
17,2,8
62,8,0
16,21,20
47,19,11
62,21,16
12,13,20
46,16,8
17,6,9
63,21,20
20,12,11
56,18,11
6,12,24
10,9,21
48,12,4
52,17,11
17,6,10
62,10,8
47,11,2
48,9,0
17,13,19
55,20,9
50,17,12
43,19,7
9,8,22
33,18,0
0,5,23
46,23,12
59,7,0
13,14,21
63,8,4
2,21,27
59,15,10
60,17,14
41,23,3
62,22,16
52,19,12
8,1,19
63,12,12
56,21,11
16,14,19
4,23,27
20,7,2
20,13,9
42,16,2
62,10,4
62,23,21
18,8,16
42,16,4
19,14,12
33,21,0
13,13,20
11,9,21
51,11,4
0,22,33
17,0,3
17,1,3
60,12,5
9,12,22
9,19,24
7,18,24
18,6,7
44,18,9
57,16,9
48,11,3
5,6,23
44,21,9
36,16,0
53,13,7
57,16,11
16,11,19
16,9,19
49,11,3
4,5,23
56,23,13
23,14,1
7,2,21
62,23,19
21,21,7
15,0,8
19,4,4
3,14,26
19,20,10
10,14,22
14,6,16
18,7,7
16,1,8
62,11,4
18,21,15
52,18,12
19,2,3
1,14,26
19,9,15
15,22,20
53,22,12
15,0,10
46,22,11
15,8,16
19,4,5
35,23,0
5,0,20
58,9,3
30,18,0
14,0,10
62,11,5
48,14,8
18,23,17
15,6,14
58,14,6
8,19,25
59,10,2
9,7,20
17,23,18
2,10,25
10,20,22
57,17,11
17,1,5
1,17,27
57,8,1
52,13,7
41,22,5
25,19,1
16,2,11
16,16,20
53,21,12
13,14,20
59,16,11
19,15,12
49,12,6
5,8,24
60,13,8
18,18,15
47,13,3
20,5,3
56,23,12
20,11,9
20,9,9
16,5,14
7,0,17
59,20,14
63,20,16
18,5,8
19,17,11
50,15,9
15,8,19
14,0,8
20,12,10
20,6,2
14,2,14
23,20,4
56,21,12
2,18,27
6,0,19
21,9,6
14,0,6
14,0,9
62,9,3
6,13,25
52,21,12
19,21,12
16,20,19
19,7,11
22,12,3
47,18,12
16,4,10
47,22,13
61,13,9
23,21,4
7,15,24
9,1,17
19,10,13
22,8,1
16,17,19
24,16,2
22,21,4
45,16,7
60,11,4
61,16,14
53,8,1
15,0,5
21,22,6
12,10,21
7,17,25
60,15,12
55,20,8
25,22,1
13,0,12
53,13,6
12,14,20
40,19,0
0,22,31
61,21,16
21,10,3
21,5,0
19,16,12
58,22,12
19,3,4
36,23,0
12,0,12
56,17,9
13,11,20
15,5,13
22,10,1
7,20,25
9,13,22
35,19,0
14,17,20
56,8,0
20,2,2
52,23,13
33,23,1
45,13,1
38,23,0
42,20,6
17,6,11
40,22,1
15,1,7
60,12,7
19,18,14
13,0,10
13,16,21
11,1,17
25,21,1
44,14,4
20,7,5
43,16,6
14,4,15
52,12,6
50,11,3
59,14,10
0,5,24
2,22,28
63,15,15
61,12,7
18,5,5
46,12,3
23,13,1
40,21,0
41,15,2
8,8,22
51,23,13
53,6,0
9,15,24
59,11,4
18,9,16
16,1,4
9,3,18
43,14,0
7,1,21
20,22,9
56,13,5
17,7,11
14,1,12
54,14,6
13,22,22
15,14,20
40,18,0
31,22,0
12,1,14
47,15,7
1,8,24
22,10,0
15,1,12
1,7,23
18,11,16
20,17,10
54,16,8
51,8,0
57,16,7
5,19,25
53,22,10
44,15,5
57,16,10
19,9,11
53,9,1
59,10,4
20,7,6
56,17,7
44,17,8
21,10,6
6,9,24
4,15,26
55,17,7
0,15,27
22,12,4
14,17,21
42,17,5
30,15,0
6,23,26
49,23,12
11,4,16
30,22,0
59,15,9
23,19,4
43,18,6
63,20,20
21,7,3
56,8,1
17,10,19
7,1,18
55,9,2
11,1,15
19,8,9
57,19,11
7,0,16
43,15,4
9,21,25
16,1,7
20,10,9
9,20,24
12,19,22
19,13,12
19,9,12
62,10,2
54,16,10
13,7,18
14,11,20
63,8,0
9,2,18
41,21,2
58,18,11
9,1,18
11,14,21
41,22,2
48,16,11
63,10,7
19,8,13
60,14,11
19,11,12
45,23,10
21,15,8
15,8,18
8,13,23
54,11,5
11,17,22
50,8,0
17,7,14
55,19,8
63,23,22
21,12,4
45,12,1
48,12,3
16,8,16
46,16,10
21,15,6
63,22,17
14,6,15
9,11,21
16,7,14
58,23,16
4,7,24
33,14,0
55,15,8
43,20,9
49,22,12
18,7,9
19,18,17
63,14,13
9,9,21
20,11,11
20,9,7
16,1,10
56,19,11
3,7,23
46,23,11
21,11,4
46,14,6
10,18,23
2,19,27
30,21,0
1,13,26
42,20,5
20,11,10
12,18,22
55,21,10
17,4,6
8,9,23
16,6,11
50,11,4
21,8,2
57,10,4
53,19,10
19,1,0
55,7,0
20,7,3
42,20,4
21,9,4
20,9,10
57,19,10
21,17,6
23,12,2
42,19,5
12,21,22
19,10,14
52,9,1
44,22,10
16,23,19
41,15,0
8,11,23
0,0,24
44,16,6
63,22,19
34,16,0
42,20,7
18,17,18
23,22,3
23,10,0
14,5,16
41,19,3
17,2,7
19,19,17
22,10,3
63,10,8
58,13,5
54,19,10
18,7,11
4,6,23
9,1,16
22,8,3
44,23,10
6,7,22
54,14,8
14,8,17
48,16,9
39,22,1
5,7,23
3,12,25
21,11,9
20,13,12
17,5,11
3,18,26
45,19,10
20,1,0
16,7,16
40,16,0
19,5,5
50,9,2
0,17,28
60,11,5
45,15,5
54,10,4
49,15,10
50,9,1
17,13,18
21,6,1
45,14,4
17,21,17
10,21,23
37,22,0
19,12,12
12,1,13
18,23,15
24,21,3
24,22,3
32,19,0
61,8,0
20,13,11
59,15,11
21,19,7
8,7,22
35,20,0
23,23,4
54,13,7
17,0,2
41,16,2
50,9,0
59,19,14
23,12,0
10,1,16
20,21,8
62,23,22
48,21,13
42,15,1
47,16,9
19,10,12
22,14,4
53,19,12
54,15,8
42,18,5
48,10,0
22,14,6
48,17,12
59,13,7
15,14,19
54,14,7
44,15,2
12,21,21
45,23,13
42,15,3
24,18,3
9,10,22
42,21,5
0,8,25
44,12,0
23,15,3
44,20,8
24,16,0
18,0,0
15,1,11
10,12,21
12,1,15
18,4,5
15,2,12
22,13,4
33,22,0
15,3,14
48,11,1
20,5,0
55,10,3
50,14,9
6,1,22
15,22,21
60,15,11
3,16,26
47,12,1
42,19,3
21,8,6
23,19,3
11,10,21
61,11,5
60,9,1
18,14,16
17,19,17
57,22,14
16,17,20
19,8,14
60,17,13
16,7,15
15,3,13
51,19,12
46,15,8
22,7,0
62,14,13
18,10,16
51,10,4
58,15,7
34,15,0
60,7,0
43,20,8
53,7,0
55,18,8
49,14,7
40,18,1
7,6,21
17,1,4
17,14,19
18,13,17
18,17,17
3,17,26
0,23,32
6,17,25
29,22,0
18,9,14
61,15,14
17,4,9
18,1,0
11,13,21
58,14,5
57,23,13
16,2,10
3,13,26
58,18,12
49,9,1
63,18,17
42,14,0
16,5,13
54,22,11
11,14,22
43,16,5
55,23,12
61,9,2
62,12,10
58,21,12
1,15,27
49,9,0
22,17,5
0,23,28
48,22,13
9,16,22
59,22,15
18,9,15
10,0,14
31,18,0
18,2,6
40,21,1
12,20,22
42,17,4
58,15,6
15,1,6
33,17,0
59,17,12
1,11,25
12,17,21
1,9,25
0,12,26
4,18,26
13,5,17
17,17,18
22,13,5
59,14,9
48,10,2
58,8,0
45,15,6
20,6,3
6,21,26
40,19,1
4,5,22
59,13,6
20,17,8
3,9,25
14,18,21
6,5,22
48,16,10
24,19,2
20,15,12
9,16,24
59,15,8
60,21,16
54,15,7
17,0,4
45,20,9
11,15,21
11,22,23
15,1,13
19,18,11
14,1,13
15,2,13
39,23,0
49,18,12
17,12,18
24,17,4
48,11,4
7,7,23
19,17,12
57,8,0
13,19,21
59,8,1
13,5,15
24,17,3
49,21,12
19,21,11
17,5,7
62,11,10
52,22,12
61,19,16
52,7,0
2,8,25
51,9,3
23,22,5
19,8,12
7,22,26
46,13,3
13,10,20
56,22,12
56,16,7
17,8,14
31,19,0
48,12,5
12,6,17
62,10,7
15,21,21
19,2,5
56,15,7
19,12,13
63,19,17
48,15,10
19,12,16
19,3,2
16,9,17
19,22,10
54,8,0
6,4,21
54,18,10
2,8,24
63,8,1
20,22,8
42,22,5
63,22,20
53,18,11
42,15,0
61,15,12
23,18,5
8,20,24
57,12,5
14,20,20
1,0,23
0,4,23
18,12,18
16,22,20
39,21,0
50,21,12
40,23,1
42,21,6
61,11,4
47,12,4
41,17,2
55,13,5
50,18,12
47,11,1
18,21,14
14,15,20
10,16,23
57,18,9
60,19,15
56,18,9
9,5,18
9,23,25
56,14,6
7,21,26
2,1,24
19,16,13
20,10,7
20,3,0
11,3,16
32,20,0
15,4,13
5,14,25
16,11,20
5,13,25
18,6,9
4,0,22
56,21,9
12,16,21
21,16,6
60,22,15
6,7,23
54,21,10
19,16,17
6,20,26
53,15,10
52,6,0
1,18,27
24,14,1
8,1,16
5,0,22
19,13,13
11,10,20
19,16,15
9,8,21
60,19,14
59,14,8
20,18,10
17,3,7
25,17,1
45,18,10
19,1,1
63,22,16
23,21,5
18,1,2
24,15,0
21,13,6
20,21,10
31,23,1
19,13,14
43,14,1
57,6,0
45,12,0
19,17,15
9,14,23
0,11,25
21,16,7
12,13,21
41,15,1
14,2,15
63,21,17
20,14,12
5,5,21
2,7,24
6,1,21
1,11,26
15,0,3
45,22,11
46,13,2
55,17,8
17,5,9
17,1,6
58,16,10
17,14,18
60,16,12
50,19,12
42,19,6
0,9,25
17,23,19
16,15,19
15,7,17
57,13,5
44,19,8
24,21,1
7,22,25
54,8,2
21,16,9
44,20,9
52,19,11
24,19,3
