63,20,26
62,16,15
63,17,17
60,14,3
53,21,10
61,15,6
61,18,18
57,18,9
55,23,22
55,20,14
54,21,11
62,23,33
50,18,0
62,12,3
57,20,19
55,22,20
61,17,14
52,18,2
59,20,24
56,22,22
60,13,1
54,19,9
51,22,9
50,23,10
57,23,33
56,18,9
57,15,3
52,19,5
51,21,6
61,14,6
54,19,6
61,15,9
49,22,7
59,17,11
53,21,13
62,21,29
59,19,17
63,12,3
58,18,11
58,21,23
50,22,8
61,14,5
57,15,1
58,15,4
55,19,10
49,23,8
51,20,5
61,23,32
59,16,6
63,17,19
57,17,7
58,23,33
55,19,8
51,22,12
61,22,31
50,22,11
53,18,4
50,22,7
53,19,8
61,12,0
55,18,8
56,18,7
62,15,12
51,19,0
62,12,0
62,12,1
52,22,14
61,17,15
58,14,1
62,14,9
60,21,29
55,16,3
55,20,13
55,16,2
57,21,19
62,18,18
59,22,30
56,19,9
60,20,24
55,20,15
58,21,25
50,23,12
57,23,32
49,23,11
63,22,30
58,18,14
62,14,7
51,23,13
57,20,18
58,17,11
58,18,10
49,23,10
62,15,9
58,20,20
61,18,20
60,18,14
62,11,0
53,23,16
62,15,10
61,16,11
55,19,9
58,22,25
62,22,31
61,21,30
58,18,13
60,22,31
56,21,19
63,14,9
59,16,8
54,20,10
54,23,21
50,23,14
60,15,9
56,23,29
63,17,22
60,20,23
53,21,11
52,19,3
54,16,1
56,19,13
62,22,32
57,15,2
60,20,21
61,13,1
58,21,24
57,23,31
61,13,3
53,22,13
59,21,29
52,22,13
51,20,7
63,12,1
55,16,0
54,17,1
61,15,10
57,23,29
54,19,7
56,22,24
62,14,5
63,14,11
51,23,16
56,19,12
61,14,3
61,23,33
51,18,1
59,22,31
52,19,4
63,23,31
57,22,21
60,23,34
58,16,6
59,18,16
62,23,32
51,21,9
51,23,11
62,17,18
52,18,1
54,20,11
54,21,14
57,19,16
61,23,34
60,23,32
59,17,9
63,20,28
60,16,8
57,20,14
60,20,26
56,17,6
61,17,13
54,21,15
53,19,4
63,18,23
56,23,25
63,12,4
61,18,17
62,18,21
62,13,4
63,17,20
57,18,11
59,20,21
55,19,11
59,15,7
60,19,17
62,14,4
61,15,11
60,13,0
59,20,22
51,19,2
61,20,28
63,16,16
60,19,23
60,18,15
56,21,20
53,22,15
55,23,23
55,18,5
56,21,16
54,23,20
58,20,17
56,22,21
53,23,18
59,22,28
56,23,23
54,20,13
60,14,2
61,16,10
62,17,17
61,22,32
63,15,14
54,20,8
57,20,16
51,22,10
54,17,2
62,19,25
54,19,10
55,17,4
50,22,6
62,20,25
58,20,16
59,22,26
54,17,3
62,20,26
51,20,3
61,22,30
54,23,18
49,22,6
58,15,1
50,23,11
49,21,5
63,13,6
56,23,27
50,20,5
60,18,16
61,20,26
58,22,26
53,18,2
57,15,0
53,20,9
62,20,28
60,20,22
62,15,13
63,17,21
53,21,14
62,16,14
56,20,13
63,19,24
58,23,29
60,12,0
63,11,1
52,21,12
59,19,15
56,16,1
56,18,11
61,14,4
63,18,22
55,18,6
54,22,16
62,22,30
61,16,13
63,19,25
49,19,1
57,20,15
52,23,19
61,19,20
62,15,8
57,16,2
56,20,12
62,23,31
56,19,10
53,21,12
57,20,17
63,15,13
60,15,6
50,22,9
53,18,3
50,21,4
59,16,9
58,22,24
59,22,29
63,13,5
49,21,2
56,16,2
54,22,18
62,17,20
55,17,3
55,22,19
60,19,21
61,17,16
61,18,19
52,18,3
52,23,18
57,16,3
56,23,30
52,18,0
53,19,7
52,22,15
55,17,1
58,22,31
55,17,5
62,21,28
62,19,26
51,18,0
54,18,5
51,19,3
52,20,4
59,23,32
57,19,13
59,21,27
57,18,12
63,14,10
60,19,19
56,15,0
50,23,9
50,20,4
58,19,14
61,15,7
57,19,14
53,22,16
56,21,18
61,19,21
62,16,12
53,22,14
59,14,0
56,19,14
62,14,6
54,17,0
58,19,16
62,18,22
54,18,3
58,18,12
61,21,29
52,20,8
59,22,32
54,21,13
50,20,1
53,18,5
55,20,12
59,15,4
54,22,17
63,21,29
55,21,15
51,22,8
63,23,32
58,19,17
58,19,18
52,21,9
58,14,2
49,20,2
58,16,7
62,19,24
54,21,16
50,23,13
55,18,7
54,18,6
56,22,20
57,19,12
60,14,5
55,21,14
62,13,2
59,14,4
56,22,19
60,22,29
61,21,28
56,22,23
52,23,15
57,18,10
57,22,26
60,14,4
58,22,30
63,21,28
58,17,7
56,17,3
52,21,7
60,20,27
61,19,23
52,23,16
57,17,8
51,23,15
59,19,16
57,22,27
59,17,13
60,18,17
59,21,23
59,18,17
51,21,8
57,22,23
53,17,1
60,17,11
51,23,17
57,16,6
50,19,2
61,16,12
58,22,27
56,15,1
56,17,4
51,23,12
50,21,5
53,17,0
56,20,14
56,16,0
60,17,13
58,20,19
53,21,9
57,19,11
54,17,4
58,16,8
50,21,6
59,23,34
63,12,2
60,18,18
61,13,4
58,21,21
51,23,14
59,16,7
62,18,23
57,14,0
53,20,7
58,23,32
58,17,9
62,18,19
62,13,3
55,23,20
49,22,8
57,21,23
55,22,22
62,19,23
60,19,22
59,21,26
63,19,23
59,18,14
57,22,24
63,11,2
51,21,5
58,16,5
60,16,10
59,19,19
58,16,4
57,21,20
54,23,22
56,18,6
50,19,1
56,19,11
54,16,0
56,16,3
51,22,11
59,20,23
53,20,11
59,20,19
54,21,12
60,17,14
59,13,1
58,23,30
53,19,6
52,21,8
57,19,15
59,18,12
50,20,3
60,16,12
53,20,6
53,18,1
60,21,30
60,15,7
57,23,30
52,19,6
49,21,6
57,18,13
63,16,15
57,18,8
57,16,5
52,19,2
53,23,19
55,18,4
53,16,0
57,16,4
61,17,18
57,23,28
59,18,13
59,14,1
58,21,20
59,19,18
55,21,17
56,23,28
61,17,17
58,15,3
59,21,25
63,16,18
62,17,19
59,18,15
52,22,11
55,23,25
50,22,10
60,16,11
49,21,3
60,13,2
59,21,28
55,21,13
59,14,3
49,20,1
63,20,25
63,13,8
60,21,28
54,20,12
56,21,17
54,23,19
61,20,27
53,23,20
57,22,25
58,22,28
59,14,2
63,15,12
62,14,8
54,18,4
58,22,29
62,13,6
51,19,4
62,15,11
58,23,34
62,16,13
52,22,12
52,23,14
51,19,1
56,16,4
59,15,6
60,18,19
52,22,10
60,16,9
52,20,5
61,14,7
57,17,9
56,17,7
63,13,7
58,17,8
57,23,25
57,22,28
61,19,22
59,16,10
63,23,33
58,15,2
63,12,5
58,20,21
59,16,5
55,21,18
60,20,25
58,23,28
56,23,26
49,22,5
50,21,7
58,19,13
59,15,3
60,23,33
61,18,16
59,23,33
49,22,9
57,21,21
52,20,7
52,21,11
63,16,14
54,23,23
60,16,7
53,20,8
63,20,27
57,17,6
63,22,31
49,19,0
61,15,8
50,20,2
57,21,18
59,21,22
61,13,2
54,22,15
62,16,16
60,19,20
55,22,17
58,21,26
54,20,9
55,20,11
62,19,22
59,19,21
59,17,10
54,22,19
49,23,9
62,16,11
55,22,18
60,17,15
62,21,30
61,12,1
53,19,5
53,22,12
62,20,27
55,23,21
59,20,20
50,21,8
62,17,15
49,20,3
60,21,27
61,20,24
51,20,6
61,20,23
58,14,0
56,18,10
61,16,14
63,13,4
57,23,27
51,20,4
63,14,8
53,17,2
57,22,22
60,15,8
57,14,1
55,23,24
51,21,7
61,20,25
58,17,10
56,23,24
63,15,11
50,19,0
58,23,31
63,16,17
56,20,16
49,21,4
58,18,15
54,19,5
53,20,10
59,17,12
58,21,22
59,13,0
57,21,22
60,15,4
54,19,8
51,22,13
63,14,7
59,19,20
57,17,5
60,17,12
61,19,25
61,16,9
58,20,18
52,20,6
63,11,0
63,17,18
55,21,16
56,20,15
60,15,5
61,19,24
58,19,15
60,13,3
57,23,26
62,18,20
53,22,17
60,22,32
63,21,30
61,18,21
63,18,21
52,21,10
62,13,5
62,12,2
55,15,0
59,21,24
52,23,13
60,21,25
60,21,26
55,19,7
56,18,8
55,19,12
62,17,16
60,19,18
52,17,0
56,20,17
49,20,0
59,22,27
56,17,5
59,15,5
63,15,10
55,17,2
63,15,15
55,22,21
52,23,17
54,18,2
55,20,10
55,23,26
53,23,17
55,16,1
60,22,30
