58,10,8
56,7,35
53,10,32
60,11,1
54,11,0
58,8,19
57,7,25
52,11,6
61,6,24
52,10,32
51,11,18
60,6,16
58,7,24
55,9,29
59,7,13
56,9,19
49,10,34
52,11,0
60,6,24
53,10,0
63,5,24
60,8,11
62,4,35
53,10,17
62,9,3
62,6,15
63,5,21
59,11,0
50,11,20
62,8,6
55,9,26
60,7,18
54,9,33
52,10,25
53,9,29
60,4,35
63,6,9
55,9,21
63,5,15
58,7,25
59,7,18
63,4,27
54,8,34
50,11,32
51,10,31
59,9,7
53,11,11
52,10,31
49,10,4
54,10,17
63,6,11
58,10,4
49,11,10
52,9,34
50,10,5
57,10,5
61,4,34
50,11,12
54,10,13
59,10,6
57,8,16
54,8,30
50,11,18
52,9,32
59,8,9
52,11,27
57,10,18
62,6,22
61,6,14
53,11,19
57,8,28
55,9,16
63,5,23
53,10,34
63,8,4
60,6,27
62,3,33
57,8,13
54,11,4
53,8,34
61,4,35
56,8,24
57,9,21
60,5,27
57,11,0
61,7,13
51,11,25
59,8,13
54,11,12
58,7,29
54,10,26
58,7,22
49,11,32
62,4,27
53,11,22
55,10,17
52,11,13
57,9,15
54,10,27
51,11,6
54,10,23
56,12,9
55,9,25
56,11,1
51,12,19
56,10,13
55,9,31
55,10,12
62,9,5
52,11,11
58,6,28
56,11,5
63,5,27
62,7,6
54,10,18
60,8,10
50,11,26
50,11,10
59,10,2
54,11,20
63,6,12
56,11,3
53,10,24
57,6,34
51,12,23
57,9,10
52,11,7
54,11,17
56,10,7
51,10,34
61,5,24
62,8,5
52,9,33
60,7,19
56,7,29
56,11,9
58,7,15
61,6,23
53,11,7
50,10,34
57,10,7
51,10,35
54,10,14
49,12,23
60,7,13
63,9,0
58,10,6
56,9,9
55,10,14
58,8,21
58,9,9
58,11,2
58,8,18
58,7,16
56,7,30
57,10,4
50,11,11
53,10,23
60,6,14
56,8,31
52,11,2
59,10,1
62,7,10
52,11,9
62,9,2
60,6,26
62,5,22
61,7,11
49,12,20
54,11,10
59,7,22
51,10,29
51,11,30
59,10,3
56,10,14
58,9,11
58,8,17
60,9,7
55,10,7
56,10,10
60,7,11
62,5,12
50,12,21
61,5,29
62,7,9
52,10,35
51,10,32
61,7,19
53,11,18
56,8,32
62,6,17
57,7,29
55,8,31
55,10,9
54,10,19
57,8,26
58,11,5
53,11,13
55,10,18
63,8,6
60,7,12
63,6,10
52,9,30
61,6,12
55,10,24
53,11,12
57,9,13
59,6,25
56,9,14
58,9,5
49,11,18
52,11,5
59,7,11
49,11,17
52,11,12
62,5,27
57,11,1
49,11,35
58,7,31
53,10,11
54,11,18
61,10,0
61,9,5
51,11,17
62,4,31
61,9,1
63,5,28
58,7,17
55,9,28
49,11,29
61,9,3
49,10,0
60,6,28
53,10,2
58,8,20
61,5,33
50,11,30
51,12,22
53,11,21
61,10,2
57,7,31
62,8,8
57,11,5
60,5,33
57,9,12
59,6,30
55,9,14
59,8,19
58,8,10
59,6,32
57,8,11
62,6,13
57,10,8
62,6,9
52,10,26
50,11,34
51,9,35
52,11,10
50,11,16
62,5,17
54,10,16
56,9,11
54,9,28
62,3,34
57,9,11
62,9,1
56,10,18
62,5,19
59,5,31
61,6,17
54,11,7
62,5,23
55,11,7
51,11,19
55,10,10
58,6,33
58,10,3
52,11,14
60,5,29
61,5,30
58,8,24
63,3,32
52,11,20
58,6,31
56,8,33
52,11,24
62,5,29
58,8,26
57,9,20
56,9,16
62,5,30
59,10,5
59,7,16
54,9,26
51,9,34
55,11,11
56,8,29
53,9,31
63,6,16
58,8,16
53,9,28
60,11,0
59,8,22
60,6,29
59,8,20
58,7,33
55,9,32
55,10,19
63,3,35
57,9,19
63,10,0
62,4,33
52,10,29
61,7,16
59,7,24
60,5,30
61,4,31
51,11,12
51,11,8
54,11,16
50,11,25
60,10,0
60,10,3
59,7,25
57,11,3
56,9,12
61,6,15
50,11,23
52,10,2
63,5,26
49,11,30
57,7,30
55,10,20
57,9,23
53,11,15
49,11,28
56,8,34
56,8,25
58,10,2
54,8,33
51,11,27
61,9,6
59,7,28
55,9,22
62,4,32
56,12,8
60,5,31
51,11,26
57,8,22
53,11,2
59,8,21
61,7,8
55,11,6
52,11,17
50,10,6
61,5,26
54,10,20
59,8,12
54,9,24
50,11,13
56,7,31
63,4,25
57,8,17
57,8,19
61,7,23
60,9,6
56,9,24
60,7,24
63,8,7
62,7,8
52,10,4
56,11,6
53,10,12
55,10,22
54,11,23
62,5,28
50,11,7
54,10,11
61,5,27
63,4,29
51,11,9
52,11,25
53,10,15
60,7,21
57,8,23
63,4,30
61,7,12
61,8,6
59,8,17
61,5,34
51,11,15
58,9,20
54,8,31
56,9,21
49,11,34
53,10,26
54,9,27
49,11,11
53,11,6
52,10,0
63,9,3
58,6,30
60,10,2
51,10,1
50,10,2
59,9,9
61,11,0
49,11,12
50,11,22
54,10,15
60,6,13
61,5,28
57,11,4
56,10,6
60,8,6
59,5,30
59,11,2
63,5,20
63,5,12
53,11,20
53,11,10
53,10,22
51,11,21
58,8,12
56,8,30
58,11,4
54,9,34
59,6,26
60,6,21
57,7,34
50,11,5
52,10,33
55,9,27
62,4,29
49,10,1
51,10,28
61,9,4
56,11,7
56,8,22
50,11,33
55,10,11
52,9,31
59,9,5
57,8,27
63,4,26
63,3,33
52,10,34
56,9,20
61,6,20
55,10,25
49,11,25
50,12,25
59,7,15
59,6,28
54,11,1
58,8,25
63,5,17
58,8,14
57,8,24
58,6,29
57,8,31
59,8,10
55,11,2
49,11,14
51,11,13
58,9,19
56,9,26
60,5,32
49,10,2
59,9,4
60,7,26
61,6,11
53,10,1
51,11,29
59,11,4
54,11,9
55,8,26
59,11,1
55,11,0
58,9,7
57,9,17
52,9,35
50,11,17
51,10,27
53,10,35
63,9,4
63,6,8
57,8,15
55,11,8
54,10,24
60,5,34
51,10,2
57,6,35
63,5,11
50,10,33
61,8,8
60,6,22
62,6,19
61,6,26
52,11,23
58,7,32
63,5,25
61,5,25
58,8,13
51,10,30
55,11,10
55,7,33
61,7,18
63,5,13
59,7,20
59,5,34
59,7,29
52,10,28
60,9,5
59,7,14
56,8,28
63,7,6
55,8,33
51,11,10
54,9,29
61,6,22
62,6,18
63,8,5
60,8,7
56,10,12
63,5,22
51,11,5
51,12,18
61,7,20
59,6,33
61,6,16
49,11,22
59,7,12
49,11,23
61,9,2
57,8,20
62,6,14
59,5,35
56,9,15
62,6,20
59,10,4
50,11,8
54,9,35
53,10,16
61,7,21
58,10,7
56,9,17
53,9,35
50,11,21
49,11,33
62,5,24
60,8,8
63,6,18
56,10,19
55,8,32
54,10,0
62,6,12
56,8,27
51,12,20
53,11,8
50,10,35
61,8,7
50,11,9
51,10,0
51,10,4
57,8,14
59,7,19
56,7,34
62,7,11
53,8,35
51,11,24
62,6,24
59,7,23
55,8,35
63,9,5
63,3,30
52,11,18
49,11,16
51,10,3
63,7,11
63,7,5
59,7,26
54,8,32
63,5,14
49,11,6
63,5,29
59,6,34
57,11,6
50,12,26
62,8,7
52,11,16
59,10,7
53,10,13
60,9,8
60,6,15
53,10,21
59,8,7
50,11,4
57,8,29
63,4,24
62,5,15
59,6,27
61,5,32
61,6,25
57,9,9
62,10,1
62,3,31
50,11,27
54,9,31
61,6,13
54,11,22
52,11,26
55,9,15
61,6,10
53,10,33
62,8,4
57,7,32
51,10,33
59,6,24
58,11,3
63,9,2
60,6,25
56,11,4
55,11,1
59,8,14
54,9,30
49,11,26
61,6,21
50,12,24
54,11,2
57,8,18
53,11,25
61,4,30
62,3,32
60,7,15
54,9,32
58,7,27
54,11,6
51,12,21
59,8,18
54,10,1
54,10,25
58,11,0
50,10,3
58,6,35
61,6,27
50,11,19
60,7,10
63,4,28
59,7,17
61,7,10
60,7,9
53,10,27
62,6,10
62,5,18
54,10,9
49,11,13
62,4,28
63,3,28
63,8,3
53,10,14
55,8,28
53,11,16
53,10,25
60,7,20
57,9,16
53,11,1
55,9,20
55,11,20
51,11,14
57,9,8
53,9,33
52,11,22
56,10,5
54,11,13
63,4,34
57,9,14
55,10,21
57,7,33
56,10,9
56,9,22
62,6,21
62,5,14
56,10,22
53,11,9
54,10,22
53,11,3
61,7,22
49,11,7
49,11,8
62,9,6
61,8,9
58,8,22
60,9,9
50,10,4
50,10,32
53,9,30
61,7,9
60,5,28
55,10,13
51,11,4
55,8,34
55,10,8
61,4,32
63,5,18
62,5,25
54,9,25
55,9,18
56,11,0
58,8,15
57,7,28
49,11,15
55,10,15
50,11,31
60,9,3
57,7,26
51,11,22
57,9,18
55,11,4
49,11,20
55,7,34
58,8,9
56,8,23
59,7,21
50,11,15
57,8,25
52,10,27
56,9,25
63,4,31
59,9,8
61,6,19
49,11,19
53,9,32
60,7,14
59,8,8
56,9,23
59,7,10
61,8,10
49,11,27
57,8,30
55,9,33
49,11,24
58,10,5
50,10,31
63,7,9
63,7,10
62,7,7
56,7,32
55,9,17
59,7,27
52,11,21
60,8,9
49,10,5
55,9,30
62,5,16
58,9,10
58,7,28
63,4,16
56,9,13
60,7,23
49,11,9
56,11,2
56,10,11
60,7,22
61,7,17
61,10,1
58,11,1
55,11,9
49,9,0
63,3,34
49,12,22
63,5,16
62,3,35
62,5,20
54,8,35
63,7,8
49,10,3
59,8,23
52,10,24
49,11,31
54,10,21
62,4,30
51,11,23
58,6,34
57,11,2
51,11,11
59,9,6
62,4,34
60,5,35
56,10,21
51,11,16
57,7,27
58,7,26
58,6,32
53,11,17
53,10,29
60,7,17
61,5,31
60,10,4
56,9,10
58,5,34
51,11,28
56,10,8
63,3,29
62,9,4
51,11,7
62,10,0
52,10,3
50,11,24
54,11,21
61,4,33
54,11,5
54,11,11
49,11,21
58,5,35
49,10,6
53,11,14
57,6,33
49,11,5
59,5,33
62,5,13
57,9,7
61,8,5
53,11,23
55,8,30
57,8,12
59,8,11
54,11,8
49,11,4
62,5,21
50,11,14
49,10,7
63,3,31
58,9,8
60,7,25
53,9,27
52,10,1
56,9,18
63,7,7
60,10,1
58,9,6
50,10,1
54,11,3
61,4,29
54,10,10
57,11,7
53,10,30
58,8,11
57,10,10
58,7,14
55,7,35
56,8,26
55,11,5
53,11,5
49,12,21
52,10,30
63,9,1
57,10,9
60,6,17
51,11,20
53,10,20
57,9,24
50,11,6
57,10,6
53,10,28
52,11,1
60,6,23
50,12,22
57,8,21
53,11,24
59,5,32
60,9,4
59,9,10
52,11,8
62,9,0
58,7,23
52,12,22
55,9,23
55,8,29
62,5,26
59,6,29
52,11,3
62,6,16
63,8,2
57,7,35
55,9,34
55,11,3
52,11,4
49,10,35
53,11,4
62,6,11
61,6,18
59,6,35
62,6,23
50,11,29
59,6,31
50,10,0
55,9,24
60,7,16
54,11,19
55,8,27
58,8,27
56,11,8
58,8,23
61,5,35
56,7,33
57,9,22
52,11,19
58,7,30
50,11,28
54,10,12
63,5,19
55,10,16
53,9,34
52,11,15
63,4,35
55,10,23
60,6,18
