54,17,50
55,11,62
55,15,45
36,21,50
47,12,56
61,22,32
50,12,55
35,19,63
40,23,51
41,18,53
58,14,45
34,21,50
38,21,53
50,18,50
51,16,45
61,10,55
29,23,53
60,13,46
54,15,50
60,12,55
52,12,52
41,23,45
47,17,51
48,18,52
56,20,37
23,23,60
62,15,39
35,15,63
58,10,61
33,23,53
40,20,52
49,8,62
38,14,61
50,10,56
58,7,59
62,10,55
21,21,62
46,23,42
49,17,45
57,17,43
32,22,57
40,14,62
58,10,58
50,13,53
60,14,52
54,23,30
46,14,56
61,18,36
50,15,52
59,19,40
49,15,57
52,16,48
39,19,50
62,19,30
22,22,59
52,16,49
42,17,57
52,8,58
46,10,62
40,15,59
58,15,48
54,11,59
51,20,38
51,17,48
45,14,58
49,15,53
56,16,48
28,21,61
48,13,52
54,23,31
61,16,37
39,19,54
46,11,58
55,14,53
21,21,61
33,21,54
46,22,45
59,19,41
42,22,44
51,15,48
48,22,38
63,11,56
44,21,47
56,20,34
33,23,51
45,16,59
44,20,46
58,18,42
59,16,45
44,18,47
51,15,49
59,21,31
48,21,39
38,21,50
31,20,57
36,20,58
46,14,63
43,15,59
51,15,54
47,18,49
40,16,59
46,16,51
35,20,55
58,12,56
57,21,31
45,16,55
46,10,60
46,17,48
41,14,56
41,21,47
51,23,31
53,15,51
30,18,63
37,20,56
51,10,62
60,18,32
41,13,62
35,17,63
41,21,51
42,20,46
31,21,58
50,14,58
51,16,49
46,13,63
57,5,63
53,22,35
51,14,56
52,10,56
29,20,58
61,18,35
34,18,62
61,11,52
41,18,51
42,15,55
45,15,57
62,8,58
32,19,61
43,20,51
41,22,47
61,12,51
61,21,35
19,23,59
33,19,60
35,23,50
50,16,51
56,11,53
39,20,49
55,16,43
56,6,63
55,23,30
61,20,28
36,16,59
45,15,53
51,19,47
27,21,58
61,12,47
46,22,41
40,18,58
54,11,56
48,9,62
34,22,52
38,15,60
43,15,61
50,14,53
48,11,62
61,21,36
57,16,49
54,9,56
48,14,54
58,14,48
50,14,57
44,19,55
26,21,58
45,16,56
52,14,52
52,10,63
48,15,51
40,16,58
25,21,62
62,22,29
55,23,33
52,14,56
63,16,36
44,15,58
62,21,29
55,15,49
61,14,49
36,16,58
18,23,61
39,17,60
52,21,35
42,18,52
39,18,53
56,18,43
56,11,58
53,8,61
53,19,43
59,14,51
63,22,23
33,21,57
56,13,52
56,19,42
37,17,58
43,21,46
40,17,52
18,23,63
59,23,29
57,16,45
44,11,63
54,22,34
60,11,58
41,17,54
51,11,57
59,14,46
53,19,44
53,12,55
52,11,58
63,21,30
28,22,63
29,22,54
38,17,56
51,9,57
56,17,44
51,12,53
37,19,61
33,21,53
60,15,40
51,18,45
52,9,58
43,15,60
53,17,45
45,19,46
52,15,50
50,15,53
23,22,58
50,8,63
49,13,58
52,10,60
43,23,41
53,20,38
62,14,40
24,20,61
52,17,46
57,8,60
60,22,32
46,15,52
61,21,37
63,17,34
41,20,50
49,11,55
57,23,30
52,17,48
60,21,30
47,17,46
60,16,40
35,17,57
57,15,45
38,20,56
34,23,50
62,8,57
46,19,44
61,13,48
60,21,33
62,23,21
32,22,53
43,13,62
35,22,56
63,9,58
44,17,49
53,16,51
32,17,61
55,6,63
61,18,37
46,20,48
26,23,60
37,16,63
38,18,54
34,19,53
49,16,53
53,19,41
56,14,46
61,20,32
38,19,53
57,7,59
58,17,37
53,20,41
48,18,46
62,12,50
50,15,47
55,19,45
40,15,62
60,20,35
27,23,61
58,13,51
53,22,33
50,11,60
39,22,53
25,19,63
55,18,41
62,21,30
36,19,57
37,17,57
62,20,27
61,16,43
54,12,56
57,18,43
62,11,55
41,15,61
51,22,35
39,19,58
51,23,41
56,8,60
51,21,40
55,22,34
60,15,50
59,20,36
58,14,49
48,21,41
42,18,51
58,23,24
38,18,58
35,21,50
58,7,60
56,12,51
38,16,57
61,17,35
48,17,48
59,9,60
33,17,63
53,22,40
50,11,59
58,11,58
55,19,43
28,20,60
59,12,53
47,13,62
30,19,63
41,23,52
42,14,56
42,16,61
25,23,56
54,18,40
31,21,53
62,12,55
61,17,34
57,12,51
34,22,58
33,21,52
30,23,53
31,20,56
47,13,55
39,18,59
55,7,60
60,18,40
61,21,29
62,15,44
47,17,48
43,23,48
30,23,56
25,20,63
57,8,59
55,19,41
63,17,40
48,14,52
50,11,61
57,15,44
51,11,54
47,11,61
56,23,27
54,21,35
26,23,61
41,15,62
23,21,61
60,18,34
53,22,34
58,9,62
17,23,60
27,21,61
49,17,49
61,14,44
55,9,62
59,10,53
45,15,56
51,23,35
53,23,33
57,18,44
36,18,61
42,19,51
50,14,54
32,19,57
42,22,42
28,23,58
38,23,45
51,11,55
59,12,50
43,12,59
60,16,42
19,23,63
47,14,62
55,13,50
23,21,63
60,17,36
47,19,51
47,19,44
58,15,49
53,14,50
60,11,52
22,21,63
37,16,58
35,18,54
39,15,61
37,17,63
40,23,53
45,22,44
24,22,57
52,17,50
31,23,51
35,17,56
46,19,49
57,22,27
52,11,52
45,12,60
28,20,63
62,19,35
33,23,48
47,9,62
47,19,46
57,22,28
33,18,58
46,12,57
63,20,30
56,23,28
63,9,61
24,22,61
44,16,54
29,21,57
40,22,48
23,22,59
57,10,60
53,23,32
52,10,59
50,13,58
31,20,58
58,10,59
35,21,59
57,15,46
37,14,62
60,23,29
56,10,58
43,18,54
55,23,36
59,13,47
47,15,55
54,14,54
45,20,43
31,18,60
61,12,49
59,10,56
40,18,55
27,20,59
63,17,38
48,11,59
63,21,33
48,13,56
63,15,42
57,23,34
56,14,52
43,22,47
60,9,63
39,17,54
43,19,48
60,14,45
51,23,32
60,18,41
31,19,57
47,23,38
56,7,61
38,22,47
55,10,59
52,21,36
47,22,46
36,16,62
25,21,58
21,22,63
53,15,53
51,13,54
51,20,40
56,9,55
53,7,61
59,15,50
61,19,30
58,22,28
63,23,24
27,20,62
43,19,49
35,16,62
51,11,61
51,15,51
61,13,52
54,21,32
58,20,30
29,17,63
49,10,63
56,22,28
38,19,56
33,19,58
56,8,61
24,23,57
53,15,48
55,22,36
38,15,62
40,17,58
27,23,57
56,13,51
57,11,52
48,14,58
51,22,34
55,22,31
62,14,43
63,12,51
37,23,50
53,22,31
48,15,55
31,18,59
41,17,55
53,12,53
24,20,63
23,21,60
46,23,37
33,18,56
50,16,50
38,15,61
52,13,54
63,11,49
46,20,45
43,21,45
57,8,58
39,16,62
57,22,31
60,8,62
33,21,56
52,21,38
58,19,40
53,7,59
45,20,46
62,10,59
56,11,54
59,8,63
37,22,48
53,16,44
41,22,48
62,12,48
42,16,59
45,13,56
45,19,44
37,16,61
56,8,58
55,10,61
36,21,53
56,12,54
47,19,45
49,14,53
58,16,48
27,22,58
54,13,56
56,20,36
57,17,47
36,23,52
60,9,57
40,17,53
56,6,60
52,14,49
59,21,32
62,14,44
48,21,43
52,11,54
45,17,58
56,10,62
42,21,46
44,15,57
54,18,45
57,9,63
58,11,59
27,22,54
40,15,57
55,21,31
63,13,51
39,22,52
45,14,56
22,21,60
45,16,52
63,20,31
35,22,51
46,23,38
60,12,54
62,20,36
49,23,36
54,15,48
52,23,41
40,19,56
55,12,51
61,8,58
59,10,54
51,17,47
46,16,54
58,19,34
38,18,63
41,13,63
34,19,55
60,15,47
29,23,58
47,16,52
39,13,60
25,18,63
57,14,50
61,7,59
51,12,54
53,10,58
31,19,61
52,12,58
60,15,42
61,10,60
49,22,41
59,15,48
43,20,47
56,15,48
63,20,29
46,9,62
63,13,42
44,23,47
38,21,48
46,16,59
60,14,44
30,20,60
41,22,43
54,12,58
61,15,43
57,20,41
32,18,60
60,11,57
45,22,40
49,17,50
53,15,49
45,15,54
41,14,63
45,17,54
60,12,50
45,17,50
61,16,39
62,20,30
20,23,61
58,6,61
47,14,55
46,15,56
63,14,51
56,16,47
60,14,48
48,23,38
22,23,61
21,23,61
49,13,52
41,14,57
63,6,63
37,19,60
31,17,61
37,19,51
58,10,52
49,23,42
40,18,54
40,18,60
39,17,57
42,16,62
49,21,39
61,13,51
36,19,60
38,22,48
63,10,56
40,21,54
45,13,55
39,13,63
53,7,62
51,19,45
55,18,40
47,15,56
36,22,48
56,17,45
49,13,53
54,8,57
37,20,50
63,13,45
50,10,61
59,15,47
43,22,50
47,18,45
32,18,61
37,22,52
26,22,60
36,22,49
47,21,45
60,14,46
37,18,61
46,21,46
35,20,63
36,17,61
56,10,56
54,12,50
50,7,63
56,17,43
32,19,58
48,15,48
47,14,59
51,15,50
60,13,53
46,18,46
56,22,30
27,22,61
60,8,60
33,20,53
28,21,57
62,18,33
34,23,55
50,18,45
23,22,62
26,22,56
51,23,33
46,16,55
47,20,42
62,17,40
54,14,51
45,18,53
54,13,51
47,18,52
30,22,52
37,21,55
60,19,40
24,22,60
41,12,62
55,14,48
43,12,63
54,17,42
63,22,29
61,13,45
38,16,63
43,13,57
63,11,48
44,17,53
59,16,47
45,13,62
62,6,63
47,13,61
57,13,51
44,18,52
61,14,47
59,14,48
34,19,60
59,9,59
37,17,62
27,22,59
34,18,59
37,17,59
58,13,47
53,14,55
62,17,32
35,22,50
24,20,62
62,7,63
60,19,36
61,20,33
56,23,34
47,14,54
35,19,56
61,10,59
44,22,49
58,15,46
58,13,54
50,15,50
48,14,53
42,18,50
51,12,57
63,14,41
55,13,52
56,12,58
54,8,58
52,13,53
42,21,50
52,14,54
19,22,62
46,10,61
56,21,33
26,21,61
43,18,55
63,12,46
53,19,39
49,10,59
58,17,44
49,12,56
29,18,61
55,15,52
47,10,63
47,21,41
43,19,46
54,9,61
42,17,61
50,19,41
34,23,51
59,9,62
45,21,46
53,14,51
63,16,33
59,19,42
36,18,56
24,22,59
55,21,37
48,20,45
40,20,57
35,16,58
61,19,29
59,22,30
46,19,47
45,19,50
52,20,37
58,9,56
58,11,56
41,23,47
31,23,53
57,13,53
42,13,63
60,23,24
59,18,37
40,19,54
47,12,59
49,20,42
43,17,52
29,19,59
55,20,34
44,22,41
43,12,62
54,7,61
45,10,62
46,18,54
45,15,58
54,11,61
43,23,43
50,11,54
43,14,58
39,19,56
34,15,63
26,23,56
53,12,51
30,22,58
24,19,62
45,17,48
33,17,61
61,18,39
63,13,52
59,12,52
56,20,35
33,22,51
52,15,46
42,23,46
48,9,63
52,18,41
38,17,63
50,17,51
58,20,29
56,11,61
40,18,53
26,22,63
63,14,40
37,17,60
36,18,62
56,9,60
50,20,41
48,12,57
63,8,58
60,11,53
30,21,56
39,21,49
56,9,61
61,9,54
40,20,49
56,17,41
55,17,45
60,13,49
28,22,60
46,14,58
60,22,28
32,23,57
44,15,53
46,15,55
59,11,52
51,12,58
52,21,39
63,21,28
44,13,56
54,7,60
18,23,59
47,15,61
59,20,34
47,17,49
56,8,62
63,22,28
62,21,26
47,13,57
53,21,42
47,16,47
42,16,56
48,12,54
62,13,43
57,19,37
47,21,46
43,17,54
58,15,47
46,19,48
55,8,63
59,21,30
56,10,61
51,19,40
46,11,59
56,18,39
62,16,43
55,19,42
55,11,54
39,14,57
29,22,57
52,8,59
40,14,61
52,18,49
45,10,63
62,23,27
40,18,61
36,18,63
48,15,61
62,14,45
48,16,50
47,16,55
60,18,39
63,7,59
49,15,56
59,11,53
51,9,60
29,20,60
57,19,42
46,11,61
48,14,62
46,12,58
48,9,61
51,11,60
53,13,60
62,13,44
20,23,59
48,18,49
44,17,52
53,9,58
42,19,53
53,15,50
46,10,63
51,12,59
63,14,42
35,22,52
56,19,41
51,16,46
38,16,61
44,13,59
41,15,58
50,16,49
39,18,51
51,20,41
55,12,52
39,18,57
50,23,36
56,8,63
59,14,50
42,17,59
58,19,36
30,19,59
33,21,55
46,18,50
36,21,58
42,14,60
39,19,55
57,8,57
56,10,54
61,23,31
47,13,53
61,21,34
60,12,57
57,19,40
51,10,55
47,22,40
55,12,55
35,21,51
39,19,57
48,21,44
39,16,56
35,22,55
53,11,54
49,20,46
56,19,40
50,12,59
56,19,43
51,17,46
42,19,48
51,22,39
26,23,57
60,21,28
57,10,53
48,11,61
50,10,57
28,22,58
57,16,46
27,20,61
50,10,59
52,12,55
57,23,29
55,19,37
60,10,61
40,17,59
16,23,62
57,13,48
52,15,47
61,18,31
51,13,57
52,16,45
61,16,45
44,16,60
56,13,50
32,17,63
26,22,59
46,14,55
30,20,58
55,11,52
60,16,43
43,11,63
51,16,53
39,22,47
52,11,53
43,13,63
55,12,53
63,18,35
63,15,35
45,12,59
55,7,59
58,16,50
38,20,54
53,17,44
53,10,55
57,19,34
29,22,58
53,8,59
42,22,46
43,19,47
51,12,52
38,23,48
59,16,42
49,12,57
58,14,52
34,19,62
60,18,38
50,19,46
40,21,47
55,18,45
55,17,41
62,10,54
35,23,48
54,19,44
60,12,51
53,13,54
58,12,53
52,11,57
39,14,59
62,13,48
54,12,53
50,23,33
40,21,48
62,21,32
29,20,61
62,5,62
59,20,29
38,16,60
61,12,50
56,15,47
39,23,50
39,15,62
47,20,41
49,21,42
36,21,49
43,15,58
49,10,61
52,9,57
55,20,33
58,13,52
45,19,48
55,13,48
50,11,58
48,13,53
53,18,44
42,21,48
40,17,62
44,13,62
28,23,56
34,21,59
41,13,60
44,13,58
29,18,63
47,11,60
44,14,62
61,10,51
63,21,27
63,22,27
47,16,49
51,9,61
41,16,57
60,10,53
35,17,58
55,20,35
62,18,37
61,23,30
54,10,63
61,16,35
51,16,52
33,20,57
27,21,59
53,8,62
57,7,58
58,12,57
56,19,38
62,22,28
52,20,40
61,8,62
34,21,54
60,13,55
36,22,54
55,6,62
26,23,58
54,16,50
58,18,34
42,13,59
46,21,44
28,19,63
45,21,48
46,16,53
50,17,49
42,17,53
51,22,33
58,9,60
60,8,57
44,14,58
41,14,60
54,8,62
59,15,46
46,15,61
53,11,58
53,22,36
51,17,51
52,8,60
58,22,29
35,20,56
63,16,42
59,22,35
49,19,43
34,20,55
63,12,49
38,23,47
43,15,53
45,22,49
59,17,36
42,23,42
30,19,62
36,21,54
61,12,53
46,23,44
58,18,40
51,8,60
36,18,54
62,22,25
60,18,42
51,18,44
42,23,44
54,6,62
27,23,58
59,7,63
60,10,52
58,14,46
28,20,62
36,20,57
41,17,60
58,13,53
45,20,45
58,12,55
56,13,55
55,15,46
58,11,52
38,17,58
43,16,56
62,14,41
54,22,39
53,23,34
38,23,51
56,16,44
38,17,59
28,20,59
63,17,39
43,16,57
57,13,47
45,23,44
51,22,41
45,19,51
45,22,43
60,20,31
62,9,59
24,21,61
41,15,59
55,12,56
44,12,63
61,7,58
61,20,34
56,17,40
59,18,33
60,10,56
59,21,33
41,22,44
55,19,40
30,20,57
48,10,61
48,18,50
40,13,62
44,17,54
23,23,63
45,12,62
32,18,62
33,19,56
58,21,30
33,21,51
40,23,43
52,10,57
63,16,40
35,21,58
52,16,50
43,17,50
57,20,33
61,15,44
52,14,53
46,13,58
63,18,41
60,17,40
48,10,58
46,21,41
61,18,43
40,13,59
27,20,60
55,11,61
50,22,36
34,22,55
43,17,60
24,20,60
33,18,59
49,18,44
58,12,49
49,11,59
45,18,46
29,21,58
45,22,50
41,20,51
54,18,41
62,11,57
61,15,45
63,21,29
50,17,46
62,20,28
44,20,47
57,11,57
49,9,62
21,23,58
41,18,52
49,11,62
63,20,27
56,15,52
31,22,51
59,19,35
40,16,60
55,10,53
60,16,45
56,11,55
43,21,49
55,22,33
50,9,63
25,23,57
34,22,53
26,22,55
61,19,39
48,12,58
43,15,56
49,9,59
36,19,52
50,11,63
49,17,46
54,16,45
57,12,56
43,14,63
49,21,38
18,22,62
55,16,45
58,20,40
45,17,49
60,23,25
27,23,60
50,19,45
52,17,44
43,16,60
62,22,27
52,18,45
60,17,38
42,13,62
62,19,33
35,20,52
37,17,56
51,16,51
59,19,34
43,21,48
22,22,60
34,20,56
41,20,54
46,17,49
54,13,55
49,10,62
40,16,55
53,16,43
43,18,48
53,20,36
53,15,52
59,17,38
61,23,29
35,15,62
48,14,57
52,22,40
39,22,49
42,18,53
55,16,49
63,15,37
38,23,46
46,15,51
29,19,62
54,17,46
61,22,24
54,15,47
57,21,35
24,21,63
59,19,32
57,15,48
57,11,58
28,21,56
53,10,62
32,23,56
46,12,62
43,18,49
60,21,32
35,20,59
62,23,22
57,9,59
50,16,52
35,19,53
51,23,37
57,12,52
25,20,61
43,21,50
59,21,29
33,19,59
58,16,47
57,7,63
51,14,57
20,22,62
42,22,47
36,19,63
52,20,41
44,21,44
37,21,49
63,9,53
63,11,53
43,19,53
63,22,25
43,15,63
42,12,63
37,17,54
37,23,52
52,23,38
60,20,29
35,17,62
58,14,53
63,22,24
47,14,60
40,23,44
21,22,60
49,12,54
53,10,59
38,19,59
57,20,36
56,20,41
63,8,62
61,9,57
33,20,58
61,23,25
61,18,40
56,14,51
60,15,44
62,13,49
57,12,49
52,15,53
57,15,50
61,9,61
60,19,37
55,9,59
57,21,34
37,14,61
61,21,27
63,13,47
59,16,43
63,7,63
39,17,61
48,23,39
37,18,59
40,21,46
54,14,47
49,14,57
42,14,63
59,22,29
48,12,56
50,12,56
57,17,44
44,16,53
48,20,46
61,18,42
31,17,63
54,20,40
63,10,58
55,11,59
22,20,62
56,14,53
32,20,55
45,20,49
28,23,55
47,12,55
51,23,36
23,23,59
37,17,61
43,16,55
52,18,43
63,10,50
59,16,40
57,10,56
62,5,63
25,21,59
63,18,36
29,21,61
30,22,56
52,23,36
60,14,49
49,16,52
54,23,29
53,14,48
61,23,24
58,16,41
38,21,49
44,16,52
62,19,36
24,22,63
57,19,41
56,19,34
63,19,31
41,21,49
52,21,41
41,22,52
50,20,42
34,17,59
55,23,29
54,21,38
41,17,59
61,12,56
63,22,31
63,10,51
59,11,55
39,18,52
47,22,39
54,15,49
42,17,55
61,22,27
43,22,48
31,20,60
59,11,58
47,19,43
53,18,45
58,12,51
52,11,59
46,22,44
59,15,49
36,21,56
44,15,54
49,15,55
40,19,59
52,9,59
62,14,51
60,22,31
55,12,62
56,7,60
42,15,57
45,13,59
48,23,35
34,20,61
55,17,44
49,13,57
29,22,56
22,22,58
56,14,49
38,23,49
17,23,61
36,18,58
44,14,61
62,14,48
54,21,33
52,22,41
48,15,50
62,8,60
47,14,58
58,23,28
33,22,50
53,23,40
48,15,54
51,16,50
23,21,59
58,22,26
47,22,43
63,10,57
55,18,46
61,10,54
26,20,59
40,22,51
58,18,45
54,18,42
29,22,59
55,10,58
63,13,50
39,20,51
47,14,56
61,18,34
38,17,60
58,9,59
52,19,39
53,10,63
25,21,60
47,20,47
21,23,63
35,16,61
46,20,51
61,9,62
31,22,55
41,22,53
42,15,58
61,12,52
48,10,59
60,16,39
47,12,62
41,20,47
61,15,42
59,18,42
53,19,42
61,7,62
57,21,30
36,18,57
47,17,52
53,21,33
47,16,51
51,23,38
58,21,36
39,19,52
51,9,63
28,20,61
38,20,57
62,13,52
50,8,62
49,9,63
62,9,63
55,17,47
47,15,52
39,16,60
19,22,60
60,8,59
48,22,43
60,13,48
62,20,29
55,11,55
24,23,63
46,17,53
44,13,63
46,17,54
56,6,61
59,12,48
49,11,63
63,20,32
62,21,28
46,21,48
58,9,61
40,19,50
40,19,49
56,21,31
48,22,40
56,13,53
56,16,43
30,18,60
20,21,63
59,19,30
39,22,50
57,13,49
61,9,58
43,13,59
50,22,37
41,16,56
47,23,37
37,22,50
58,18,41
57,14,48
33,19,55
52,21,34
58,20,31
59,17,41
52,21,40
61,8,59
39,20,55
60,22,35
36,18,53
49,12,53
39,17,56
57,23,26
49,18,48
62,15,48
63,14,45
61,14,46
35,22,54
41,15,57
57,20,30
34,20,60
48,23,41
43,23,42
45,19,49
63,7,62
43,18,52
47,9,63
54,10,61
48,11,58
56,14,47
40,18,57
59,12,49
30,18,62
47,11,63
53,14,47
62,23,24
33,23,57
32,21,53
58,20,32
50,18,48
31,17,62
38,14,60
42,21,44
53,17,50
58,23,30
48,14,59
31,23,55
57,10,61
42,16,54
63,19,35
57,18,45
22,23,56
27,22,55
55,9,60
18,21,63
48,13,55
54,22,36
47,10,59
34,23,48
63,9,56
48,19,44
58,10,56
43,22,44
36,19,59
24,22,58
28,22,61
48,13,59
54,13,50
55,23,34
49,18,47
58,21,31
54,21,34
62,17,33
60,16,44
37,15,60
61,20,31
62,7,61
47,15,62
58,19,37
59,7,62
48,23,36
59,19,39
55,8,60
34,18,61
39,23,48
45,16,50
45,16,54
49,15,54
54,18,44
56,12,50
31,19,60
30,22,59
49,13,55
44,16,59
58,16,46
46,17,55
63,23,23
58,23,35
61,10,57
62,9,61
46,13,59
50,9,58
58,17,45
62,21,33
46,16,58
56,16,42
57,18,40
40,21,49
56,23,26
50,16,53
41,17,56
41,18,54
58,11,55
59,22,25
61,8,57
61,23,26
19,22,61
53,11,52
31,21,59
30,21,59
61,5,62
37,14,63
44,18,55
59,21,35
60,22,29
52,23,32
53,11,56
53,9,56
54,11,53
30,23,52
36,15,63
54,14,52
30,23,58
48,16,52
59,14,45
58,17,40
60,17,39
42,16,55
35,19,60
40,17,61
63,19,29
60,10,54
46,12,61
36,20,51
32,22,56
62,17,36
55,17,42
40,12,62
40,14,58
40,19,58
52,19,45
59,14,52
48,17,49
58,9,54
38,19,60
28,23,59
46,17,50
63,18,42
60,9,56
55,6,61
26,22,58
35,21,53
57,19,35
41,16,62
62,16,38
56,12,56
62,10,52
42,22,43
26,21,63
51,10,57
57,14,46
40,22,46
26,20,61
60,11,56
61,9,63
47,21,42
50,21,41
31,20,61
43,19,54
28,22,59
58,11,54
58,17,46
42,19,52
49,18,45
63,9,59
40,15,61
58,17,41
63,12,48
32,20,57
54,10,60
59,12,51
42,23,43
43,16,52
59,9,55
52,7,63
60,13,47
44,19,48
56,17,46
55,16,47
46,13,55
47,23,39
43,20,45
34,19,61
52,19,42
56,15,53
39,21,56
54,7,59
56,13,54
35,19,58
42,23,41
39,23,45
50,17,47
60,12,49
53,21,39
50,15,56
42,11,63
26,18,63
51,13,51
56,9,63
39,17,62
45,15,59
61,12,54
42,14,58
53,13,53
28,19,61
27,19,62
59,15,45
43,14,57
53,18,40
52,23,34
60,5,63
56,15,46
55,13,49
44,22,47
44,13,61
59,7,59
32,18,63
45,23,43
48,20,41
45,20,47
56,14,50
63,14,44
53,21,40
38,20,52
56,22,29
31,22,54
60,8,56
46,16,61
37,19,52
51,14,53
47,15,54
46,20,50
63,8,56
61,22,30
41,23,48
35,19,54
52,10,62
52,22,33
48,12,61
56,13,49
33,22,56
51,13,53
58,19,35
51,12,60
30,17,63
51,9,58
45,23,39
22,21,62
55,19,38
59,15,43
51,11,58
37,23,46
60,23,27
41,19,49
38,15,57
51,12,61
55,21,40
59,21,36
45,16,60
28,21,58
46,16,57
59,16,46
59,8,58
34,18,60
55,18,47
63,13,44
62,11,50
49,14,51
46,15,53
53,11,57
57,9,57
56,22,36
46,15,58
44,21,49
59,11,51
49,15,52
42,19,50
33,18,62
59,18,41
53,14,49
42,12,60
56,11,57
61,7,63
30,17,62
47,14,61
56,9,57
54,9,59
34,19,57
46,19,45
40,22,44
25,20,62
28,18,63
37,16,62
46,12,56
35,21,57
43,22,45
52,12,60
34,19,56
36,21,57
54,17,45
47,22,47
44,18,53
51,23,34
53,9,60
49,19,46
50,11,56
61,11,55
53,12,56
52,8,63
42,14,57
31,23,50
29,19,61
63,9,62
53,11,60
42,16,57
58,14,47
61,9,55
37,18,55
53,13,55
48,14,56
27,22,57
49,11,58
38,14,63
51,15,52
47,11,58
35,19,59
43,23,46
41,13,59
47,21,43
63,23,28
51,16,47
58,22,31
59,17,45
46,18,45
48,22,42
36,19,56
39,18,56
34,18,57
59,8,62
26,23,55
44,17,56
52,15,52
62,15,41
50,17,45
53,11,61
58,5,63
40,20,53
41,16,59
61,10,53
57,10,62
38,18,57
38,21,55
36,23,48
19,23,62
53,9,61
54,21,36
49,14,52
41,13,58
50,15,49
37,15,61
60,21,34
36,15,62
36,16,60
43,22,43
40,14,57
45,12,61
54,19,43
51,21,36
32,22,55
60,7,62
40,17,63
42,18,55
60,20,28
45,19,53
51,23,39
63,15,43
37,20,55
63,8,55
50,18,43
63,16,43
41,16,61
61,15,41
36,22,50
41,20,49
48,15,49
59,9,56
59,12,55
20,22,63
40,15,58
57,11,53
61,12,55
62,7,62
52,17,47
54,17,47
35,21,54
34,20,57
34,18,63
42,16,52
45,23,42
32,16,63
53,6,62
44,20,44
54,14,49
62,12,51
46,23,46
28,17,63
37,20,54
54,22,35
42,17,60
54,15,52
47,11,62
50,22,38
50,13,54
63,17,42
52,14,57
54,8,63
31,22,53
45,11,62
62,17,38
62,12,46
62,8,63
45,19,45
59,18,40
25,23,60
63,14,50
55,10,55
58,20,35
46,20,43
37,18,57
42,16,63
36,21,51
54,22,33
45,20,48
51,22,37
43,11,61
63,15,40
28,21,62
57,7,62
34,22,49
62,16,44
27,20,58
51,18,48
39,19,51
60,19,39
57,14,47
45,11,59
54,20,39
44,14,55
58,21,35
52,11,60
41,21,46
52,16,46
41,22,45
58,23,26
41,16,58
33,18,63
37,16,56
32,23,55
38,18,52
62,15,45
48,16,48
62,8,56
34,17,60
58,21,28
30,21,54
63,16,37
51,17,49
32,23,51
63,5,62
62,23,28
45,14,54
44,15,62
59,18,32
56,21,36
45,19,47
58,7,58
56,18,41
47,12,63
55,15,47
55,8,59
60,23,28
37,22,53
58,23,34
63,18,37
33,23,49
61,11,51
63,18,33
29,22,55
56,12,52
58,13,48
42,11,62
49,12,60
35,18,61
47,9,61
55,10,62
55,18,43
62,9,55
29,22,60
40,13,63
48,14,61
51,8,63
55,13,51
61,21,31
34,23,49
52,18,48
28,21,60
61,17,41
26,21,57
55,12,50
42,15,59
60,21,36
31,21,57
57,17,45
57,20,38
63,18,34
34,21,51
60,21,31
50,10,58
45,22,45
46,15,54
52,11,55
61,5,63
36,23,50
58,9,57
44,15,55
60,19,34
58,10,57
61,21,33
55,14,51
62,8,61
40,19,57
54,11,62
63,23,25
61,17,42
40,22,45
46,18,49
61,18,33
49,19,48
22,22,62
52,18,47
56,10,59
44,23,43
58,7,63
57,8,61
34,22,56
44,15,61
51,11,56
54,12,52
57,16,43
58,18,44
27,18,63
59,10,59
46,21,49
59,20,35
34,20,59
46,14,60
60,13,50
27,22,63
51,10,63
54,15,46
43,18,51
62,12,47
38,15,59
26,21,62
62,22,31
50,23,37
41,23,46
35,20,60
45,17,53
26,21,59
49,13,61
29,23,56
50,9,60
59,8,56
58,22,30
27,21,63
61,21,28
52,18,44
43,16,61
20,23,63
54,15,45
49,22,38
61,16,40
56,18,47
42,13,58
55,14,47
46,14,53
46,23,40
34,20,58
56,11,59
61,20,37
63,15,44
22,21,61
36,19,53
48,20,42
60,14,50
54,22,32
60,13,54
34,18,55
34,21,55
39,21,50
51,21,38
37,19,55
62,19,34
53,17,46
41,16,60
47,20,49
49,8,63
44,20,51
36,21,52
62,18,36
48,16,53
57,18,41
31,21,60
50,21,37
55,11,57
57,9,62
52,12,57
54,13,54
61,10,52
54,15,51
26,21,60
45,22,42
53,21,38
31,20,62
45,12,57
31,23,56
59,22,34
54,23,34
63,10,59
60,9,54
27,23,55
45,18,54
59,12,56
56,10,53
53,6,63
50,12,57
35,21,61
50,17,44
38,21,47
49,18,49
62,22,24
24,23,59
50,19,43
43,21,51
60,20,32
54,16,44
36,18,60
58,14,50
61,21,32
58,22,35
38,17,55
59,19,31
60,11,50
46,19,51
45,13,58
59,10,55
62,6,62
47,12,60
54,16,46
61,14,45
56,20,32
24,19,63
63,20,33
62,16,41
63,11,57
43,17,56
52,9,61
39,22,48
22,22,61
62,18,32
56,12,57
23,23,56
39,17,63
36,15,59
41,16,63
37,20,51
52,17,49
43,23,45
63,9,57
48,12,55
55,11,58
53,22,41
52,11,61
37,19,58
46,14,54
28,23,54
60,8,58
61,19,34
44,23,42
21,22,59
56,9,54
37,15,63
57,23,31
59,7,58
50,12,58
61,22,26
57,8,62
40,22,53
30,19,58
46,13,60
61,20,35
62,16,34
44,21,48
41,21,52
46,17,52
39,18,62
57,9,61
38,20,50
63,7,57
56,9,62
48,20,44
53,12,57
32,23,49
33,21,58
45,20,52
55,17,43
60,17,44
57,15,47
56,21,30
59,6,60
32,23,50
52,23,33
25,21,61
60,17,35
39,21,51
25,23,54
54,9,57
57,11,60
47,15,58
52,16,51
38,18,55
35,15,61
35,18,58
53,17,42
57,9,60
56,18,42
59,9,61
44,14,56
47,15,50
53,10,60
51,12,55
47,13,60
19,22,63
38,19,52
63,15,41
46,9,63
63,7,58
40,13,60
33,22,57
35,16,60
53,9,57
49,13,51
55,11,56
49,12,62
40,22,52
46,12,60
32,20,59
54,23,28
40,17,55
46,11,63
44,14,63
42,20,48
55,15,50
47,14,53
40,19,51
50,14,55
40,15,55
48,17,50
61,8,56
46,23,39
50,12,54
51,7,63
39,21,53
56,11,51
47,13,56
49,22,36
44,21,43
48,13,60
60,22,27
58,8,63
59,13,46
62,14,46
17,22,63
53,15,47
51,7,61
62,13,53
47,20,44
56,15,50
43,15,57
63,16,38
58,10,54
49,10,60
27,23,59
62,19,29
59,13,51
47,16,50
49,14,55
58,8,58
63,17,41
48,15,56
52,12,56
47,18,51
55,14,50
19,21,63
46,22,43
38,18,53
50,14,50
37,22,51
52,7,61
41,15,55
33,18,57
24,21,60
28,23,57
43,18,50
39,23,46
23,23,57
45,16,53
52,22,32
27,21,60
59,8,57
50,10,60
59,20,30
28,23,61
46,13,61
53,13,50
60,15,48
63,10,63
42,13,57
61,16,44
47,15,57
44,16,57
21,23,57
52,15,49
42,15,56
37,20,53
59,10,60
58,13,49
45,14,61
56,9,56
41,15,60
56,11,56
59,20,33
45,23,40
27,23,54
44,16,61
41,12,63
53,19,40
52,15,48
49,16,47
61,19,33
53,17,43
62,7,58
59,11,56
60,20,36
61,6,61
45,18,49
37,21,53
55,9,63
42,16,60
58,15,44
44,20,45
32,20,56
63,19,41
37,23,49
40,17,60
57,14,51
52,23,40
49,12,61
60,10,58
52,22,36
30,20,63
44,11,62
60,15,45
50,16,46
44,12,58
34,21,52
49,19,45
30,22,57
57,21,39
39,17,53
46,16,49
52,8,62
51,18,47
45,14,59
49,14,50
54,10,62
30,22,55
62,14,49
35,18,55
58,8,61
59,17,44
40,13,61
58,21,29
60,8,63
55,23,27
43,12,61
56,10,60
22,23,58
62,11,49
55,10,60
46,14,62
34,16,61
46,14,59
55,20,40
63,12,45
47,14,52
53,15,54
48,18,51
35,21,52
60,10,60
53,8,58
55,21,34
49,12,63
54,13,48
52,22,35
50,9,62
63,6,62
35,23,51
39,20,54
55,9,61
24,23,61
55,16,50
61,19,32
42,14,62
36,16,57
60,22,26
44,18,48
45,14,62
58,15,51
57,10,54
53,19,38
40,16,61
61,17,37
40,23,47
62,15,42
25,22,62
41,19,50
39,20,50
60,10,57
58,23,25
56,16,46
56,12,55
40,21,52
39,23,44
53,11,59
32,21,57
44,14,57
53,9,62
63,16,41
42,12,61
38,21,52
53,23,35
56,16,51
63,14,49
32,22,51
59,17,43
43,23,47
36,22,52
41,23,42
45,11,60
53,9,59
45,17,52
52,19,41
61,11,49
52,14,55
61,17,36
40,17,57
60,18,36
34,23,56
33,22,54
53,11,62
62,7,57
55,14,46
37,19,59
49,14,54
54,12,55
62,6,60
44,22,46
37,16,60
41,21,54
56,19,36
42,18,59
46,21,42
35,19,55
53,23,31
60,18,31
50,19,44
39,13,62
41,17,61
60,20,30
41,19,53
63,20,36
46,16,60
49,10,57
48,14,50
58,13,50
42,23,47
23,19,63
61,10,56
52,13,56
53,16,45
40,14,63
50,12,61
56,15,51
63,5,63
45,18,48
48,12,62
25,22,56
40,23,52
53,20,37
30,20,56
39,15,63
38,16,62
48,10,60
59,16,39
50,13,57
28,21,59
42,21,45
63,13,53
50,18,46
51,14,49
48,22,41
55,22,30
56,20,42
33,18,61
50,23,32
39,18,54
62,18,35
42,15,54
52,15,51
36,19,54
51,9,59
49,22,39
56,8,59
44,19,51
42,18,54
46,23,41
56,20,38
54,22,30
45,11,61
29,21,56
59,7,60
51,22,40
46,13,62
58,10,60
30,21,55
57,11,54
30,23,57
61,15,47
49,19,42
55,18,42
57,19,33
61,13,46
49,16,50
58,8,57
22,22,63
50,15,48
39,13,61
38,16,58
52,23,31
26,20,62
50,18,47
55,16,48
37,19,57
35,23,49
34,17,61
34,19,58
60,19,42
63,15,39
46,20,44
39,18,55
34,19,59
49,9,60
47,22,42
38,14,62
54,13,52
51,20,39
63,21,25
54,19,41
24,23,56
35,21,60
37,19,56
50,12,60
57,11,56
47,12,57
38,14,59
35,18,60
36,23,49
56,19,37
57,9,56
62,14,42
59,14,49
62,17,37
16,23,63
36,17,57
39,14,60
62,16,36
62,21,27
58,19,33
42,20,50
36,17,60
58,22,27
53,17,49
50,13,51
42,21,47
51,10,60
38,15,63
50,20,45
61,17,38
49,13,59
35,19,57
59,20,32
42,18,56
41,12,61
36,20,52
44,19,49
62,14,47
37,15,62
44,23,40
46,15,60
42,15,63
58,23,29
60,7,58
43,19,51
54,19,37
34,17,63
48,22,39
45,18,47
38,18,60
47,23,40
39,15,57
63,23,27
49,20,40
58,13,55
25,21,63
48,8,62
55,14,54
48,18,47
55,9,56
23,20,62
54,23,32
47,17,54
25,22,58
61,11,57
48,20,43
62,11,54
49,11,56
40,16,63
39,16,58
60,12,53
62,9,54
43,13,61
38,19,57
48,13,58
63,8,59
45,22,41
63,16,39
60,13,52
46,20,46
49,19,44
63,12,50
32,23,53
59,17,40
39,16,54
53,12,52
45,21,45
35,22,48
45,14,53
49,22,37
58,12,52
63,21,26
46,16,50
58,17,38
49,16,46
52,13,51
58,11,57
37,21,51
40,18,51
61,19,31
51,7,62
48,14,55
45,20,44
63,11,54
63,9,54
32,19,59
42,12,59
57,8,63
26,20,63
48,17,46
63,13,49
46,14,61
55,13,53
58,19,32
60,9,62
61,9,59
60,12,48
27,22,60
63,19,33
50,11,62
44,16,51
54,14,50
43,15,54
53,12,54
45,21,47
57,20,39
58,23,31
44,15,59
44,17,55
33,17,62
50,14,52
44,17,51
61,8,63
46,18,51
35,21,56
43,22,46
53,16,47
40,14,59
63,9,60
36,17,55
62,9,53
25,22,60
59,10,61
52,23,37
60,19,31
60,21,27
40,15,63
62,18,38
39,23,53
57,23,27
41,22,49
63,17,37
58,15,43
47,19,48
39,15,58
41,19,52
56,18,38
62,22,26
58,19,41
61,21,30
38,22,51
51,15,53
52,12,54
60,9,59
35,20,61
61,13,50
20,23,60
23,22,60
60,18,37
41,17,53
51,17,50
32,17,60
60,7,59
38,16,59
62,8,59
58,9,58
56,20,31
63,9,55
42,19,49
51,13,56
53,14,53
29,23,52
40,18,59
42,15,60
25,19,61
44,18,51
51,18,46
62,13,47
49,12,59
59,17,42
47,18,47
39,22,45
55,11,53
39,18,61
45,16,58
53,23,37
49,17,47
44,23,44
53,23,36
54,19,38
40,21,51
34,20,53
60,19,30
35,18,56
50,13,52
51,14,51
60,18,33
47,12,58
57,6,62
43,14,60
30,21,57
22,23,62
61,11,54
37,20,60
58,8,62
58,8,59
45,18,51
61,11,50
63,21,31
63,17,35
26,22,61
42,14,61
21,23,62
48,17,45
43,13,60
45,21,51
63,12,47
27,22,56
62,9,56
62,11,56
63,18,31
35,19,61
37,16,57
52,7,62
53,11,53
59,22,26
50,12,53
46,21,51
60,14,51
57,23,33
44,13,57
28,19,59
59,22,28
48,21,42
28,19,62
53,13,52
31,22,52
51,21,39
53,18,41
61,11,58
63,23,22
39,17,58
34,21,53
33,22,52
46,12,63
61,19,37
57,12,50
56,15,49
45,21,42
53,21,41
26,23,53
50,15,57
52,9,56
34,20,52
61,13,49
59,18,35
50,20,40
58,15,50
53,16,46
18,23,60
49,12,58
36,17,62
41,14,58
33,16,62
59,21,34
59,18,34
55,10,54
41,20,53
61,17,33
44,15,56
45,21,43
52,19,40
55,21,32
46,18,53
57,17,41
51,10,61
34,19,54
61,16,36
56,7,63
61,20,30
52,11,56
61,22,25
60,14,43
37,23,51
23,23,58
27,23,53
44,12,61
62,17,43
54,13,53
54,12,57
46,19,52
30,20,59
53,10,61
45,18,50
38,22,46
15,23,63
59,16,41
25,23,55
61,14,43
57,16,47
51,14,54
30,20,62
57,19,38
63,12,53
45,21,50
50,21,38
63,23,21
52,14,48
61,21,26
36,18,59
47,10,60
63,19,36
22,23,60
59,23,27
43,19,50
61,13,53
57,23,35
47,19,49
46,22,39
32,18,58
43,12,60
55,12,54
61,6,60
58,16,45
60,17,34
45,15,61
62,10,53
46,21,43
38,20,49
60,20,34
37,22,49
63,13,48
60,15,41
31,19,59
54,10,57
48,13,57
31,19,58
50,12,52
43,20,49
51,12,51
59,9,63
53,18,43
29,19,63
36,19,58
60,6,61
63,21,32
57,13,52
59,8,61
49,14,56
35,23,47
33,19,57
38,19,54
49,13,56
61,19,35
25,22,57
21,20,63
31,21,54
39,23,51
37,20,59
63,18,32
40,22,54
55,17,50
41,23,44
56,13,48
40,16,54
58,6,63
52,22,38
39,15,60
56,20,39
51,13,52
58,6,62
49,12,55
63,20,28
25,23,59
22,20,63
53,7,60
61,19,36
46,22,40
40,18,56
25,22,61
40,22,47
60,22,25
48,10,63
46,22,47
62,20,32
60,9,60
53,21,36
58,8,56
53,10,57
58,15,45
59,19,37
57,20,40
62,13,51
55,21,41
39,15,56
57,20,34
46,18,47
60,19,33
45,16,57
43,23,44
40,12,63
49,23,35
55,9,55
50,18,44
59,6,61
25,19,62
60,23,23
59,16,44
38,13,63
56,14,48
36,16,63
43,20,48
43,16,53
56,7,59
56,16,49
54,22,38
36,20,53
28,22,55
49,10,58
56,6,62
47,21,47
47,18,53
37,22,47
54,11,58
44,19,47
34,22,50
50,23,35
43,18,53
52,13,52
52,9,63
44,15,63
54,18,46
55,22,29
21,22,62
53,16,50
21,23,60
50,14,49
35,17,61
27,20,63
32,17,62
41,21,45
59,21,28
60,5,62
58,16,42
35,20,51
32,21,56
57,19,36
45,22,46
57,17,40
52,20,42
53,21,35
51,19,41
53,12,58
59,12,57
45,13,60
59,13,52
50,13,61
59,15,44
60,17,37
52,13,57
50,22,35
59,23,24
57,9,54
59,23,25
56,12,49
40,19,53
59,5,63
47,16,61
36,20,55
63,20,34
58,14,51
52,7,60
25,22,59
51,13,60
44,13,60
61,20,29
61,16,42
59,18,43
39,20,56
36,23,47
26,19,61
46,17,47
63,16,34
36,17,58
17,23,62
58,12,50
62,12,52
49,16,51
63,18,38
47,20,46
45,14,57
47,15,53
54,9,62
40,17,54
48,17,51
50,21,40
48,8,63
52,11,62
29,19,60
41,12,60
52,9,62
49,15,51
38,17,54
55,20,42
37,19,54
43,14,62
39,17,55
32,20,60
27,19,61
34,16,62
53,21,37
54,12,51
46,14,57
62,22,30
57,12,54
31,23,54
29,23,55
60,13,51
58,12,54
62,23,23
37,21,48
48,13,61
54,12,62
50,8,60
46,22,46
62,8,62
45,14,60
43,17,55
57,10,57
56,23,31
23,22,63
42,13,60
62,8,55
44,17,60
21,20,62
38,20,51
60,17,42
38,23,50
20,21,62
49,21,40
54,19,39
52,18,42
50,11,55
48,18,45
60,20,33
50,16,48
51,13,55
44,19,46
52,12,51
41,15,56
56,16,45
46,16,52
49,17,52
54,10,53
44,21,50
40,18,52
40,23,46
50,21,39
60,21,35
43,14,56
51,20,42
38,18,59
48,16,47
52,13,60
54,16,49
30,23,54
52,12,53
37,18,54
33,19,62
37,20,58
40,14,60
47,20,48
61,9,53
62,21,25
41,22,54
41,18,50
48,23,40
52,13,50
52,13,55
61,11,53
47,23,42
59,14,47
54,18,43
32,18,59
47,16,48
51,14,50
39,21,52
44,11,61
46,17,51
62,10,56
62,19,37
61,17,43
34,20,54
30,18,61
29,20,59
51,19,42
47,11,57
62,12,53
59,9,54
56,21,34
58,9,63
29,21,59
25,23,58
52,22,39
46,15,62
42,22,48
63,19,32
58,11,53
51,10,56
30,19,61
62,10,51
48,11,57
31,18,62
39,22,46
44,20,50
20,22,61
40,15,60
47,16,53
57,16,42
39,18,58
52,14,50
62,16,35
41,19,51
36,15,60
39,21,47
31,23,52
51,21,37
55,15,48
61,15,39
42,22,45
34,22,51
36,20,56
42,21,51
62,15,40
51,18,42
59,12,54
62,18,31
63,8,63
50,16,47
23,23,62
55,22,32
47,13,59
62,20,31
49,21,41
40,16,57
53,13,51
46,20,47
57,12,53
27,23,56
63,14,43
46,22,48
53,10,54
59,11,54
45,20,50
38,17,57
49,15,50
39,23,49
58,18,38
63,12,55
49,18,46
63,13,46
60,19,32
55,13,55
40,16,56
48,19,45
49,16,49
60,16,41
51,15,47
56,16,50
43,22,49
43,14,55
61,22,31
18,22,61
62,9,62
63,8,60
52,22,34
62,11,51
54,13,49
26,22,57
39,16,59
61,13,47
62,22,32
48,19,47
53,8,63
55,16,46
55,21,36
63,6,61
61,15,40
54,6,63
37,18,62
22,23,57
54,10,58
55,11,51
60,10,59
63,8,57
49,14,49
55,8,58
41,18,59
54,11,55
56,5,63
39,16,61
39,20,52
54,16,48
62,15,47
30,21,58
56,22,31
46,19,50
48,20,47
23,22,61
52,15,57
40,20,50
54,20,36
32,20,54
35,17,59
53,13,49
18,22,63
45,12,58
31,16,63
39,21,48
34,17,62
37,20,52
37,21,50
62,11,52
51,8,61
56,18,40
58,18,36
62,6,61
52,10,55
42,16,58
31,18,61
62,20,37
62,13,46
44,23,41
45,13,61
33,20,55
60,17,43
23,20,63
45,14,55
27,21,57
56,20,33
31,19,62
35,18,63
51,22,38
56,15,45
62,9,57
56,21,32
51,21,41
42,20,47
39,23,47
38,19,51
57,20,31
53,12,60
53,20,39
45,10,61
51,18,43
63,10,52
61,16,38
38,17,62
48,23,42
41,16,53
48,13,54
45,11,63
39,20,57
39,22,51
60,11,54
51,14,55
32,20,58
47,15,51
47,16,54
60,7,63
57,12,55
58,10,53
55,17,46
41,20,48
45,12,63
48,12,59
36,16,61
44,21,46
55,8,57
32,22,54
27,21,62
42,17,51
55,17,48
63,15,38
62,7,59
56,9,59
31,21,55
51,16,48
41,13,61
56,23,30
63,17,36
63,22,30
44,12,62
43,17,53
59,10,52
46,11,62
44,21,42
47,12,61
54,10,54
37,20,57
59,18,38
58,9,55
54,21,39
57,22,30
62,16,42
63,11,51
53,20,42
34,18,56
47,13,54
44,11,59
44,22,43
40,19,52
49,15,49
27,19,63
30,23,55
35,21,55
36,20,54
61,23,28
45,15,55
50,8,61
32,23,54
57,9,55
57,18,36
50,15,51
57,11,55
60,14,47
53,16,49
61,12,48
47,19,47
51,10,58
56,21,37
61,20,36
53,15,46
63,12,52
26,19,63
60,17,45
61,15,48
61,23,23
55,12,58
52,17,45
28,22,56
51,8,59
55,16,44
40,21,53
54,14,53
55,12,61
45,21,49
29,23,57
57,18,37
63,11,52
63,22,32
45,23,41
32,21,55
26,23,54
63,9,52
63,6,59
59,17,39
38,22,49
35,20,58
63,16,44
54,23,33
22,23,63
55,18,44
38,17,53
57,18,39
24,21,62
40,20,48
42,14,59
46,13,56
51,17,45
63,13,43
35,20,54
57,16,44
59,13,49
37,18,53
62,19,32
58,22,34
53,7,63
32,22,52
36,17,63
54,10,59
47,21,44
44,12,59
33,17,59
57,22,34
60,16,46
51,20,37
40,20,54
55,12,57
37,19,53
31,20,59
57,20,35
61,17,40
24,21,59
50,9,59
48,9,60
58,10,62
38,20,53
59,14,44
44,17,50
63,19,37
45,15,60
56,19,35
60,6,60
62,15,38
59,15,42
26,20,60
58,16,44
57,11,51
62,16,37
24,22,62
48,11,60
59,19,33
55,22,37
51,17,44
63,22,26
63,10,55
38,22,50
54,15,53
50,14,51
42,16,53
35,18,59
29,20,63
53,12,59
41,14,59
48,12,60
62,18,40
37,21,52
37,18,58
56,11,52
52,20,38
44,15,60
62,18,34
61,11,59
35,20,53
47,20,45
48,18,48
33,20,61
59,8,60
36,23,46
37,15,58
57,10,55
49,23,37
28,23,60
29,18,62
59,22,27
40,20,56
63,14,39
55,19,44
61,8,61
48,19,43
29,21,62
51,14,52
32,19,63
49,11,60
41,16,54
47,13,58
50,17,50
63,19,34
48,15,52
46,13,54
59,21,27
60,19,41
55,21,33
33,23,56
48,10,62
54,20,37
49,23,34
39,20,53
49,16,48
48,23,37
59,13,48
55,23,28
32,19,60
38,20,55
58,17,39
49,11,57
62,16,39
47,10,61
51,12,56
33,23,54
38,19,55
55,21,35
37,23,47
42,12,62
59,18,39
39,19,53
56,10,57
57,17,42
33,23,50
34,21,58
30,22,54
58,19,31
60,15,43
59,6,62
53,21,34
37,18,60
41,21,53
55,14,52
33,17,60
59,23,28
39,14,58
55,10,63
58,17,43
42,15,61
41,19,54
49,15,48
44,18,54
24,23,55
38,18,61
60,20,37
23,20,61
30,22,53
34,21,56
20,22,60
63,7,60
60,11,61
28,23,53
39,14,61
43,14,59
50,17,48
57,6,63
51,15,56
59,18,36
47,18,44
28,21,63
44,23,46
37,23,48
48,16,51
50,10,63
55,20,37
60,12,52
63,11,50
18,23,62
60,6,62
55,15,51
49,17,48
50,13,55
60,9,61
57,17,46
50,23,34
44,19,45
55,14,49
53,12,61
39,23,52
46,22,42
46,21,45
58,17,42
43,11,62
63,6,60
35,20,57
53,22,37
32,19,56
42,15,62
35,18,57
58,16,43
22,23,59
62,10,57
44,18,49
57,15,49
46,15,57
60,16,38
20,23,62
34,16,63
44,20,49
34,21,57
62,17,34
28,22,54
61,9,60
57,19,43
48,17,52
63,11,55
38,15,58
47,20,43
57,6,61
43,16,54
60,7,60
43,12,58
56,23,33
50,20,39
40,17,56
54,17,44
56,15,44
54,22,31
62,10,60
42,17,54
59,10,58
25,22,63
46,23,43
60,21,29
29,20,62
59,11,57
54,12,54
28,20,58
59,9,57
56,22,34
47,17,53
62,21,31
57,14,49
32,21,58
52,16,47
47,23,36
39,16,57
58,18,35
43,14,61
62,10,58
36,18,55
62,23,26
62,15,49
19,23,61
48,11,63
60,11,51
42,20,49
61,17,39
53,14,54
37,18,56
58,18,43
60,16,37
44,16,56
53,13,56
28,18,62
30,19,60
40,16,62
31,21,61
38,21,51
55,13,54
37,16,59
44,10,62
61,14,48
53,20,40
36,22,51
29,21,55
29,21,60
61,14,42
49,19,47
47,18,46
59,7,61
57,16,50
63,23,26
40,23,45
55,20,36
39,16,55
52,10,61
43,20,50
54,20,35
52,19,44
42,20,52
41,22,51
27,22,62
62,23,25
26,22,62
60,9,55
63,18,30
62,13,45
60,11,55
46,18,52
57,8,56
37,17,55
60,15,46
47,14,57
55,19,46
51,19,39
57,13,50
39,15,59
58,6,60
52,21,37
45,18,52
42,22,50
59,11,50
41,20,52
32,21,54
43,21,47
56,12,53
61,22,29
57,18,38
54,19,40
59,16,48
50,9,61
57,22,29
50,19,42
48,11,56
47,10,62
27,23,63
40,15,56
51,10,59
63,20,35
45,19,52
60,8,61
57,10,59
44,14,59
48,18,44
53,9,63
40,22,49
53,23,30
57,21,29
63,10,61
52,20,39
62,20,33
56,23,29
58,23,27
51,23,40
51,8,62
38,18,56
61,10,58
62,15,43
55,8,62
42,17,52
63,10,53
28,19,60
57,13,54
56,7,58
53,18,42
47,17,47
44,16,55
33,22,58
36,19,55
25,20,60
59,20,31
30,23,51
26,23,59
60,10,55
54,17,43
53,18,46
41,14,61
36,22,53
20,21,61
61,6,62
57,15,51
56,21,35
26,23,62
51,22,36
26,19,62
61,18,32
44,14,60
45,13,57
40,20,51
41,17,52
61,11,56
51,19,46
49,9,61
61,9,56
54,11,57
36,15,61
33,16,63
33,22,55
49,11,61
56,17,42
44,11,60
23,23,61
36,14,63
63,18,39
60,23,26
52,19,43
31,20,55
63,16,35
43,20,46
48,17,47
36,23,51
37,21,54
48,14,51
43,23,40
54,17,41
59,17,37
52,22,37
58,18,37
61,23,27
52,15,56
48,19,46
41,23,43
33,20,54
63,17,33
39,16,63
53,19,45
60,18,35
37,15,59
51,13,50
57,20,32
63,15,36
54,23,36
45,16,51
44,18,50
54,9,60
59,19,36
39,18,60
42,20,51
63,10,54
57,16,48
43,19,52
58,18,39
51,9,62
63,8,61
63,20,37
55,18,39
45,20,51
35,16,59
58,11,51
47,17,50
55,7,61
41,15,63
52,23,35
39,19,60
51,20,46
53,17,47
59,23,26
54,16,47
19,23,60
62,16,45
55,20,41
48,16,49
57,7,60
35,22,49
54,10,55
36,20,59
43,21,44
58,20,41
33,23,55
61,7,60
62,9,60
49,8,61
59,9,58
51,11,59
47,23,41
41,16,55
31,21,56
43,17,51
60,17,41
54,11,52
57,19,39
46,20,49
46,21,47
57,18,42
52,17,43
62,17,41
53,8,57
44,22,42
32,22,50
56,21,39
54,20,38
60,15,49
52,21,42
41,21,50
41,22,46
38,18,62
49,22,42
55,19,39
63,19,30
42,17,56
36,17,56
38,17,61
54,9,63
54,14,48
56,8,57
59,13,53
46,11,60
48,12,63
43,22,42
33,19,61
41,21,48
49,20,41
48,15,53
57,22,35
52,12,59
50,13,56
62,13,50
39,18,63
53,22,32
63,15,45
49,13,60
44,14,54
28,23,52
44,12,60
43,21,43
38,16,56
60,19,35
57,10,58
55,22,35
61,16,41
56,19,39
36,19,61
44,19,50
58,20,36
49,14,58
57,23,25
62,17,35
48,14,60
61,22,33
59,13,50
59,10,57
47,18,48
45,22,48
35,17,60
50,10,62
50,14,56
39,17,59
52,10,54
52,14,51
62,14,50
48,21,40
56,17,47
33,18,60
62,11,53
44,10,63
62,12,49
54,9,55
62,16,40
53,14,52
36,20,60
41,23,51
32,21,52
62,9,58
61,22,28
43,13,58
