53,15,41
17,12,38
3,19,62
40,8,23
1,7,43
17,1,19
14,15,48
34,5,22
11,13,42
46,18,38
4,6,40
62,2,27
5,12,51
35,3,20
43,15,32
52,21,48
20,5,23
54,18,45
11,14,40
34,13,32
9,14,49
39,0,15
53,2,24
34,18,39
12,1,29
21,7,26
22,16,43
6,1,29
58,15,41
25,23,52
50,9,29
57,17,45
37,22,44
61,16,44
1,2,35
27,0,19
15,12,37
17,8,34
13,0,25
5,5,34
49,2,20
27,13,33
36,18,38
42,9,25
40,15,32
43,18,38
57,15,42
63,17,44
11,1,28
23,11,26
41,5,21
43,6,21
13,14,39
7,14,51
12,14,46
17,6,33
4,17,58
22,4,18
41,17,35
36,22,44
11,17,55
27,10,27
5,11,48
11,13,39
14,1,27
25,17,43
44,7,22
55,5,28
45,9,26
15,20,54
42,1,17
49,18,40
51,10,30
14,12,36
58,7,33
41,21,41
63,22,47
40,18,38
31,8,27
31,3,22
41,3,18
27,6,25
30,14,34
57,1,25
49,14,35
42,2,17
13,9,34
0,17,60
2,8,44
5,15,54
2,4,37
63,11,36
62,22,48
7,0,27
46,22,47
60,3,27
57,2,25
33,20,43
55,4,27
26,23,51
61,14,40
42,18,36
39,12,26
20,5,25
62,10,35
14,22,60
9,4,32
7,11,43
38,20,41
29,11,31
53,2,23
17,1,20
48,17,38
54,16,43
23,12,31
23,1,16
54,12,35
29,22,46
0,0,31
2,1,31
60,10,36
17,17,47
44,18,37
59,21,48
6,1,26
56,2,24
38,16,33
25,20,48
42,11,25
23,10,27
5,9,39
13,15,42
58,1,25
16,17,47
43,11,27
26,21,46
19,8,31
11,13,43
12,13,38
41,15,32
38,7,23
47,7,24
32,9,27
1,10,49
37,13,30
51,16,39
24,6,23
22,23,55
15,18,50
31,5,25
18,1,24
28,20,43
32,16,38
35,13,30
23,15,40
0,4,40
59,7,33
61,3,29
3,7,42
43,7,23
58,6,31
23,1,14
20,18,47
8,13,48
25,4,22
55,11,35
15,18,53
40,23,45
27,18,41
11,18,56
4,5,39
21,19,46
14,22,59
61,1,25
50,20,47
47,22,46
15,4,32
0,8,48
7,14,53
14,14,40
31,20,43
27,21,47
20,8,30
2,16,58
51,16,40
2,18,61
56,8,32
47,8,24
47,2,18
3,17,60
9,16,55
45,5,21
53,16,41
35,17,39
15,0,24
28,0,18
30,10,29
26,16,40
46,2,19
33,17,38
60,8,33
16,7,33
7,12,47
21,8,29
20,10,32
44,23,46
49,21,46
47,21,46
21,16,42
28,21,47
61,21,45
36,16,36
14,17,50
57,14,40
9,1,30
17,1,23
48,7,24
27,11,29
50,12,33
49,5,24
12,16,52
12,5,33
18,7,33
16,16,42
23,16,41
61,11,36
16,19,51
21,16,41
61,20,46
53,14,39
43,5,21
46,8,25
30,21,45
54,8,32
37,11,25
52,18,45
22,21,50
16,11,36
22,14,39
17,14,41
53,15,39
52,16,42
11,14,44
20,14,40
4,11,49
36,2,18
1,3,38
46,17,37
18,20,54
1,7,46
22,20,49
58,23,50
50,11,31
6,11,42
32,17,36
5,9,44
28,16,37
37,16,35
36,7,22
7,19,59
61,22,48
8,20,61
22,16,41
19,4,17
7,18,57
19,3,20
10,4,32
18,0,17
24,1,19
18,10,36
20,15,42
18,5,31
53,20,46
25,13,32
5,6,36
20,15,40
51,2,20
50,21,47
11,4,32
20,22,55
48,18,39
24,21,49
22,12,36
10,20,60
16,0,24
32,3,22
10,12,38
62,16,42
56,14,40
25,23,51
13,14,42
41,18,37
54,13,39
7,17,58
9,9,34
29,18,41
24,7,24
9,14,50
32,12,32
54,17,44
63,10,32
62,15,41
0,16,60
55,8,32
35,2,19
13,14,41
44,4,21
42,9,24
29,6,25
10,13,39
55,19,46
28,10,30
10,0,28
44,8,24
12,15,50
40,21,42
17,20,52
20,5,18
17,21,56
0,5,42
46,13,30
48,2,19
17,0,22
6,10,45
44,18,38
51,17,41
37,15,32
53,13,37
22,11,28
21,7,27
57,22,49
36,17,37
18,3,27
24,1,15
31,17,39
22,1,14
46,10,26
48,21,45
55,7,30
54,14,39
26,13,33
35,1,17
0,14,55
38,10,24
18,20,51
7,10,38
45,13,31
42,23,45
13,13,38
50,12,31
13,3,30
6,20,62
54,12,34
20,6,27
26,10,26
16,12,36
17,9,35
7,19,61
33,14,33
46,16,36
24,20,46
60,18,45
8,17,55
46,2,17
4,15,56
52,16,40
49,18,42
3,5,39
45,0,16
34,23,46
32,2,21
35,14,33
15,3,31
7,11,37
37,14,32
51,22,50
52,15,38
18,11,37
7,9,37
17,15,42
43,8,23
5,6,37
45,21,42
34,6,22
44,21,44
31,8,28
28,4,23
4,4,34
41,1,17
48,15,35
46,1,17
9,12,40
46,15,34
35,9,24
18,19,48
53,4,26
51,12,33
46,21,45
12,8,34
61,10,34
21,1,12
14,9,35
40,20,42
18,23,60
48,16,38
39,23,47
32,7,24
32,4,22
52,5,25
21,6,29
23,14,39
22,2,14
35,3,21
46,11,27
61,12,36
32,23,46
60,20,46
21,0,12
47,16,35
59,8,33
6,14,54
36,22,46
37,13,31
30,12,32
58,19,46
17,3,27
54,4,28
19,20,52
34,22,45
21,11,32
7,7,35
30,16,38
56,1,24
29,14,34
1,3,36
3,15,57
26,1,20
44,4,20
2,9,47
4,10,47
50,1,19
60,2,26
25,0,16
57,3,28
19,3,19
60,11,37
20,4,24
8,19,59
41,15,33
51,23,50
30,17,38
27,20,45
6,18,59
60,20,48
10,1,29
15,21,57
49,11,30
48,1,18
38,23,46
26,23,50
52,4,26
18,2,25
45,20,41
58,9,34
24,20,47
12,14,39
58,13,40
19,12,37
56,22,49
44,15,32
9,2,30
61,15,40
19,6,29
10,13,41
53,14,37
29,12,31
57,23,51
29,19,43
54,16,42
52,16,39
34,12,30
53,22,49
2,10,50
45,14,31
22,18,46
4,19,62
13,18,54
57,10,35
23,19,47
2,7,44
3,2,34
56,12,36
60,13,38
8,17,56
19,11,34
36,13,31
40,5,20
18,1,21
30,0,18
6,2,29
19,2,23
47,17,38
49,20,46
17,18,49
14,11,35
8,12,39
28,14,35
50,20,46
56,15,41
12,14,45
45,1,17
14,2,29
20,20,50
18,6,32
61,1,24
41,2,18
56,6,31
45,8,24
9,13,49
61,20,45
29,15,36
57,17,44
23,20,47
19,16,42
53,9,30
42,3,18
47,6,22
54,6,29
31,2,20
1,2,34
52,20,47
15,16,44
30,10,30
10,19,58
9,5,33
63,7,31
56,19,46
12,12,37
24,14,37
1,1,33
62,13,39
11,23,62
33,1,20
23,15,41
26,12,32
49,3,23
32,18,41
38,22,40
55,0,23
26,4,24
56,7,30
22,22,50
28,19,41
1,4,37
32,19,36
55,13,37
4,13,54
5,4,36
16,0,20
62,4,30
5,10,43
50,9,26
5,12,48
29,21,47
53,16,40
0,0,34
24,7,22
57,7,33
23,5,19
45,23,46
52,14,36
33,23,47
25,10,26
28,2,20
7,17,56
19,12,38
27,18,40
23,9,25
0,19,63
8,5,32
15,7,34
18,11,35
17,0,19
17,2,27
18,19,49
4,4,35
9,5,32
36,0,16
25,8,25
43,22,43
33,12,31
31,11,31
60,7,33
52,23,50
13,16,49
61,12,38
59,18,45
39,23,45
25,1,18
18,2,26
48,18,41
2,11,51
26,0,18
41,16,34
16,1,26
11,13,44
34,21,44
40,13,29
28,21,45
14,15,41
23,5,20
3,3,36
55,6,29
44,10,25
58,4,28
15,7,33
39,12,27
42,1,16
51,21,47
24,2,19
41,2,17
52,11,31
9,19,59
17,15,43
25,7,24
26,8,26
37,2,17
36,13,29
50,21,46
3,15,55
43,13,31
58,15,43
28,4,24
6,9,44
2,1,29
63,2,27
42,11,26
20,4,17
62,0,24
15,14,40
16,21,58
14,1,28
14,15,42
56,7,32
13,15,48
13,19,54
15,9,35
7,0,28
48,23,48
11,12,37
55,4,28
13,3,31
33,11,26
29,2,22
21,20,49
27,19,44
59,6,32
57,5,29
33,9,26
36,16,35
24,5,20
4,9,40
17,0,14
10,13,43
48,7,25
50,3,22
26,16,39
46,22,46
7,11,45
18,9,34
51,15,37
17,4,29
38,18,39
58,4,29
5,17,58
47,18,41
23,12,34
40,4,20
29,8,27
42,22,44
0,7,46
60,13,40
35,5,21
20,21,52
14,0,27
22,18,44
18,0,19
56,15,43
2,2,35
49,7,25
4,3,35
60,19,46
33,0,18
37,12,27
4,12,50
39,2,17
9,11,44
0,12,52
40,16,35
20,4,20
3,1,28
1,17,59
19,21,55
5,6,39
19,7,33
52,4,24
14,22,61
11,22,60
10,16,51
12,17,51
18,4,17
38,21,39
5,9,43
43,23,45
8,12,47
8,14,49
2,16,59
62,2,26
16,4,30
26,18,44
6,5,33
60,20,45
8,6,33
55,7,31
55,12,36
59,3,28
15,18,52
63,10,35
38,15,34
27,3,23
45,23,48
57,15,43
18,22,55
47,7,23
56,23,51
3,11,51
60,14,41
6,9,38
36,11,26
59,3,29
8,1,29
38,2,17
20,12,35
4,2,33
4,13,52
51,11,31
26,14,34
1,4,38
39,4,19
31,0,18
23,1,15
59,7,32
62,13,37
22,10,31
44,3,18
8,2,30
24,4,19
31,4,24
37,16,36
39,13,28
55,12,37
40,11,26
48,5,23
2,8,47
0,12,54
32,18,36
47,7,25
63,22,48
60,8,34
32,19,41
29,23,50
13,8,34
61,2,26
30,5,24
25,18,42
36,3,20
38,14,30
37,23,45
56,7,31
8,21,62
0,14,56
13,23,61
42,14,32
35,19,40
45,13,30
18,4,29
48,8,25
42,19,39
20,1,12
41,16,33
35,22,44
30,22,46
30,18,39
58,17,45
24,4,20
15,8,34
16,0,21
37,20,41
40,2,17
38,16,36
35,10,25
28,17,38
34,14,35
44,8,23
35,21,43
36,23,47
55,11,34
41,17,36
56,21,49
61,5,30
11,1,29
14,18,54
47,15,35
18,17,45
33,10,27
15,16,47
33,14,35
24,12,29
20,3,22
21,13,39
23,0,12
10,3,31
13,19,55
27,16,39
55,21,48
22,11,29
10,7,34
60,9,34
12,0,26
57,9,33
17,18,51
46,9,27
1,11,50
24,0,13
5,2,30
52,17,43
40,20,41
43,2,17
26,2,20
5,10,41
63,1,24
29,18,39
19,9,33
20,7,31
38,23,45
27,0,18
9,18,56
62,7,32
9,9,35
28,2,22
51,19,45
47,19,41
52,13,36
40,12,27
20,11,35
18,18,46
1,6,42
24,18,43
13,0,27
54,13,37
46,14,32
22,9,27
0,5,40
26,14,35
13,12,37
5,12,50
16,1,25
25,5,22
26,2,21
34,11,28
28,8,27
29,10,30
36,2,19
60,14,40
21,18,47
3,7,41
10,12,40
3,2,32
25,0,17
37,15,35
43,2,18
30,22,48
25,5,24
12,14,44
34,17,38
21,23,54
61,5,31
14,4,31
35,22,46
1,1,32
22,15,41
18,2,18
0,9,50
6,16,57
35,11,26
54,15,42
45,4,21
19,22,54
49,10,28
25,21,49
14,11,36
23,11,28
1,1,34
16,12,38
53,10,32
41,13,28
25,6,25
20,13,38
25,22,49
48,20,43
18,13,39
59,11,36
18,4,28
34,12,31
37,22,45
2,3,36
51,22,49
24,15,39
4,20,63
26,11,27
3,2,31
20,23,57
38,1,17
20,4,26
6,17,58
10,13,45
49,0,16
61,21,46
61,10,36
22,10,25
2,17,61
58,0,24
15,5,32
57,4,29
33,6,22
18,4,30
5,10,45
4,14,55
49,1,19
37,23,47
27,15,35
61,17,44
4,5,35
18,18,49
59,19,45
7,0,25
32,16,37
9,20,59
19,2,25
61,3,27
40,18,37
51,14,36
55,8,31
1,10,51
32,20,44
12,9,34
10,8,34
46,18,37
4,0,27
55,23,50
33,13,34
23,4,17
21,8,27
20,6,21
17,2,28
26,5,25
45,6,23
19,4,29
48,14,33
36,6,22
4,3,33
12,22,60
1,18,62
27,4,23
63,11,33
58,23,51
19,18,45
33,11,30
5,5,38
7,13,51
22,16,42
21,22,52
36,6,21
46,5,22
20,5,20
21,4,17
37,21,44
55,19,47
18,21,54
19,4,26
51,15,38
28,12,31
22,13,35
26,6,24
46,13,32
21,0,10
50,9,27
10,19,59
21,22,53
57,13,39
42,22,43
11,15,49
44,16,35
9,0,28
63,9,33
21,6,23
37,11,24
12,1,28
34,23,47
4,12,51
53,19,45
19,7,31
36,20,41
38,13,28
22,11,30
3,12,53
51,14,37
7,16,56
9,12,44
58,5,29
19,13,39
40,4,19
17,1,21
6,10,42
10,12,37
16,14,41
17,20,55
16,0,14
12,16,51
29,16,37
16,12,37
27,2,20
41,8,24
18,3,28
6,17,57
33,20,42
22,8,26
19,11,35
7,15,54
23,15,39
0,2,35
44,15,34
12,16,50
5,18,60
45,9,25
6,13,49
28,9,29
51,22,48
16,2,28
8,14,50
46,23,47
17,1,24
57,9,35
14,20,58
25,21,48
5,10,46
53,22,50
53,5,28
18,19,51
38,14,31
6,16,55
10,23,63
6,6,36
47,0,16
63,16,43
13,18,53
14,21,59
40,15,31
23,8,23
21,11,34
51,20,47
30,19,42
59,11,37
36,17,38
40,9,25
58,2,26
2,12,51
32,15,35
7,5,32
11,21,59
17,20,54
50,2,21
38,3,18
10,0,27
35,11,27
13,21,58
51,7,29
19,21,54
13,16,51
32,13,33
16,16,45
39,18,39
15,0,25
59,23,51
53,7,30
37,21,42
8,11,46
20,7,30
50,16,38
21,4,18
13,14,43
5,6,35
57,7,31
16,1,15
52,10,32
37,9,24
53,1,23
52,5,28
55,22,51
52,0,19
31,12,31
2,7,42
21,2,16
50,22,50
0,6,41
57,11,35
39,14,31
42,21,41
56,5,29
56,18,45
37,21,43
24,2,18
16,4,31
45,7,23
4,14,53
16,9,35
51,3,23
20,23,55
54,11,32
20,22,54
48,21,47
7,7,34
31,18,41
29,13,33
11,14,41
18,1,16
21,8,25
33,23,48
14,16,47
43,10,26
31,23,48
16,13,39
26,5,24
12,21,58
60,12,37
39,11,26
54,2,23
51,6,26
32,18,39
50,11,30
38,1,16
21,8,26
20,11,34
40,14,30
62,15,40
11,5,33
7,6,35
62,4,28
53,15,40
34,18,40
54,9,32
10,14,50
52,22,49
38,20,40
24,12,33
58,10,36
5,20,63
4,5,34
36,19,40
33,23,46
35,18,39
43,13,30
8,3,31
49,21,47
19,6,31
52,12,33
3,6,40
1,5,39
32,6,25
28,13,34
40,10,25
11,2,30
38,9,25
55,14,40
13,2,30
44,19,40
4,15,57
17,17,48
31,16,38
18,16,44
44,22,46
9,12,47
37,19,41
16,22,59
48,3,21
58,11,38
17,4,30
16,3,28
4,4,36
51,1,20
57,22,50
42,23,46
23,7,21
44,18,39
31,8,26
19,19,49
5,7,38
27,8,26
11,11,37
24,6,21
44,6,21
3,18,60
47,17,37
40,13,30
19,2,22
2,0,29
3,3,35
16,7,35
37,6,21
25,7,25
11,16,52
46,14,33
13,4,32
38,15,32
34,7,23
51,2,22
58,14,40
17,0,16
51,6,25
17,19,50
54,5,28
10,16,54
6,19,61
53,11,33
27,0,17
32,3,23
17,1,25
6,15,53
7,10,43
49,17,38
50,13,35
41,19,35
10,4,31
18,0,11
43,0,16
48,12,32
49,10,29
39,11,27
23,3,18
38,4,19
58,19,45
62,6,32
1,14,55
31,1,20
57,16,44
43,6,22
36,0,15
12,18,54
36,12,26
59,17,44
9,12,41
42,17,34
16,10,36
49,22,49
24,8,23
0,5,41
0,1,33
24,17,43
46,5,21
48,10,28
23,18,45
34,11,27
37,10,25
40,23,46
1,7,45
45,18,39
35,4,21
18,1,17
2,8,45
25,17,41
16,15,42
28,6,25
20,4,25
55,13,38
21,6,25
18,14,40
14,7,33
4,8,41
20,6,30
8,12,46
19,2,21
16,23,61
35,13,31
37,18,39
16,17,45
13,17,51
39,21,42
26,6,26
4,2,30
7,18,59
54,5,29
16,11,37
1,3,37
22,14,37
60,4,29
41,9,24
36,12,30
50,2,20
63,10,34
1,12,52
4,19,61
46,6,23
43,11,28
33,21,45
54,3,25
2,18,62
18,4,27
22,8,24
30,9,29
22,14,38
54,12,36
12,20,58
3,5,40
33,22,45
31,13,33
21,7,21
54,15,41
63,6,32
43,18,36
54,3,26
25,15,35
61,1,26
7,16,54
39,13,29
32,20,42
37,14,33
20,21,50
60,21,48
18,0,12
23,14,37
20,0,12
16,15,43
18,13,40
10,16,52
14,4,32
33,18,40
50,19,42
31,23,49
62,1,25
5,1,28
48,8,26
63,13,39
19,12,36
6,10,41
28,11,30
33,2,21
22,13,37
10,11,37
3,12,52
20,15,41
30,23,48
16,17,49
0,18,61
19,6,28
52,19,46
30,3,23
3,3,37
38,21,40
21,8,24
52,18,42
57,21,49
46,0,15
54,22,51
21,9,25
19,2,20
50,1,20
6,2,31
48,15,34
31,6,26
48,6,25
8,12,45
24,16,42
2,5,40
14,23,60
18,1,14
12,15,44
9,22,63
11,23,63
20,3,24
15,1,28
17,3,28
45,16,34
63,10,33
31,10,29
60,15,42
3,1,30
21,6,27
51,12,34
34,22,46
55,2,25
20,19,47
4,7,41
40,12,28
17,22,57
9,17,57
11,4,31
3,18,61
4,7,40
7,3,31
44,17,35
25,9,25
37,21,40
48,13,32
7,12,41
41,23,46
7,11,39
63,15,41
52,2,21
53,2,22
10,20,58
2,2,36
18,2,21
8,10,36
27,12,32
29,11,30
26,19,44
29,20,45
61,3,28
17,23,59
26,21,47
32,8,25
22,10,26
6,0,26
7,0,26
38,8,23
22,12,34
35,2,18
22,3,17
28,13,32
3,19,63
20,5,26
36,14,33
42,12,29
49,20,44
25,2,20
12,14,41
58,1,26
0,10,51
27,4,24
19,11,36
54,2,25
63,3,27
12,17,53
11,14,48
20,13,37
53,21,48
48,3,20
49,14,36
24,16,41
39,8,24
21,5,24
26,1,19
42,10,26
47,11,28
12,15,45
12,16,49
23,17,42
47,14,32
56,3,26
16,22,57
18,1,20
26,4,22
36,4,20
4,8,43
62,18,44
35,14,34
38,10,25
0,13,55
46,7,24
11,7,33
37,18,40
30,15,35
44,23,47
16,2,29
57,13,40
40,21,43
18,2,20
4,5,37
45,1,16
17,1,14
33,10,25
55,22,49
8,11,44
9,20,61
42,5,20
48,2,18
24,4,18
14,12,38
25,22,51
58,8,35
46,3,20
26,8,25
5,3,31
52,13,35
18,5,29
25,21,47
55,16,44
57,22,48
39,23,46
37,1,17
61,9,35
53,1,22
35,17,38
19,3,21
15,13,38
22,10,30
50,13,34
59,8,35
42,16,33
63,23,48
23,23,54
24,18,45
41,15,31
16,21,57
38,1,15
13,13,39
20,5,17
23,4,20
25,23,50
3,11,49
20,3,16
7,10,45
63,3,26
61,11,35
54,14,41
26,1,18
23,12,29
20,5,19
3,17,58
5,14,52
53,23,50
39,0,14
5,10,42
32,21,44
15,6,33
33,19,42
60,6,31
3,8,43
5,16,56
48,5,22
19,4,16
0,8,46
37,17,36
10,17,54
18,1,13
52,21,49
19,8,33
63,23,49
22,3,16
5,12,49
51,8,28
16,17,48
17,16,44
14,16,48
61,22,49
4,17,60
52,14,37
2,9,48
42,8,24
19,0,10
13,20,57
48,22,47
63,11,35
16,23,59
8,7,34
21,17,43
17,1,16
35,3,19
8,12,44
40,19,40
45,6,22
59,9,35
21,7,29
8,19,58
57,6,30
4,14,54
59,1,24
49,21,48
18,5,30
32,19,40
19,3,25
29,21,46
41,11,27
25,6,23
22,11,33
27,20,46
6,1,27
12,3,31
45,12,28
14,8,34
12,20,57
42,18,37
10,2,31
14,17,51
10,13,42
39,12,28
62,14,39
14,21,57
19,3,23
50,12,32
7,15,53
39,7,23
62,9,33
6,10,43
30,22,47
58,8,33
37,2,18
54,20,48
2,14,55
20,3,20
25,15,36
20,20,51
8,14,52
34,20,42
10,22,63
19,2,14
9,11,37
37,7,22
56,21,48
62,5,31
47,20,44
51,18,44
51,19,43
38,11,26
2,16,57
41,23,45
39,22,45
12,14,40
19,5,29
11,14,49
12,18,56
23,10,26
6,6,35
15,17,48
52,4,25
36,1,16
20,6,29
63,15,40
56,22,50
28,7,27
44,20,40
50,10,30
45,17,36
17,23,58
19,13,40
62,8,32
22,22,52
18,14,41
29,17,39
58,11,36
28,22,48
32,8,26
14,15,45
56,11,33
9,8,34
49,4,22
3,3,33
16,18,52
36,4,21
38,5,21
43,21,41
48,0,17
38,15,31
45,21,45
36,15,36
8,3,30
6,10,37
19,2,19
33,15,36
7,17,57
55,16,42
21,7,25
9,4,31
58,5,30
25,16,40
10,21,60
10,13,47
16,20,54
9,22,62
19,5,27
27,17,39
56,10,34
54,22,49
47,20,42
54,5,27
22,7,20
20,16,42
35,20,41
42,21,42
11,15,50
43,22,45
19,17,45
34,17,39
62,12,38
17,7,34
18,18,47
43,16,33
19,2,18
4,2,32
19,5,18
14,0,26
18,5,17
6,10,40
0,7,44
22,19,47
21,20,50
59,16,43
46,4,20
25,14,34
59,23,49
13,15,43
28,18,41
8,16,54
28,20,44
15,17,47
13,18,55
27,19,42
21,7,19
2,13,54
31,2,21
18,8,34
22,22,51
2,7,43
40,5,21
27,22,50
18,23,58
17,5,30
14,5,33
42,19,38
19,15,42
48,12,29
24,4,21
32,14,35
11,8,34
12,23,63
2,15,56
12,4,32
14,16,43
52,2,23
43,20,41
6,11,39
9,12,46
59,15,43
3,14,54
7,10,37
59,20,46
9,21,61
63,17,43
56,20,48
15,10,36
1,15,57
23,6,20
34,13,31
49,20,45
32,0,18
20,12,37
36,21,44
17,22,56
17,11,36
9,17,55
62,17,44
23,18,44
10,9,34
53,22,51
7,4,31
44,12,29
45,18,38
14,2,30
32,22,45
3,1,32
6,6,33
46,10,27
34,4,22
3,6,41
0,8,47
2,8,46
24,20,48
3,1,29
2,11,50
27,21,46
43,12,28
1,11,52
37,8,24
33,22,46
58,20,46
29,5,24
34,21,45
6,9,39
45,2,19
28,12,33
2,0,28
62,2,25
31,12,33
63,23,46
49,5,22
6,6,38
49,14,33
37,12,26
50,16,40
48,8,27
18,2,17
35,6,21
9,10,37
60,4,30
26,22,49
50,21,48
57,12,38
41,11,25
61,23,49
26,6,25
28,23,49
40,3,18
22,10,28
36,23,46
41,1,15
13,16,50
46,21,43
4,18,60
46,4,21
58,18,45
25,13,33
17,16,45
6,11,48
40,8,24
37,16,37
2,6,42
13,21,59
15,19,52
63,23,47
22,21,49
48,4,21
37,1,16
31,22,46
24,23,53
60,1,25
46,3,19
7,15,55
55,1,24
16,8,35
18,2,23
7,11,44
50,15,38
57,21,48
62,21,46
38,3,19
11,2,29
48,12,30
5,0,27
35,22,45
27,6,26
33,0,17
9,13,47
4,8,44
49,10,27
26,9,26
51,14,35
49,1,17
2,19,62
2,10,49
43,0,15
36,20,42
59,20,47
43,13,29
7,6,34
34,8,24
4,11,48
7,18,58
25,2,21
25,14,33
41,7,22
60,7,32
18,19,50
53,13,36
51,11,32
25,12,30
1,13,55
13,15,44
8,7,35
16,20,56
41,9,25
12,7,33
7,10,36
48,12,31
40,21,41
50,4,24
63,13,37
11,5,32
30,12,33
47,8,25
24,17,41
40,0,15
19,5,19
32,11,30
6,3,31
38,22,44
44,22,45
40,3,19
21,6,19
61,6,31
0,13,54
59,15,42
29,12,32
34,2,19
48,6,23
48,10,27
34,10,26
15,11,37
35,2,20
49,11,31
56,5,30
8,6,32
54,0,20
33,0,19
23,17,44
53,14,36
3,13,52
21,9,30
4,10,45
5,4,32
30,15,37
25,16,39
3,11,50
16,14,40
49,12,31
3,15,56
20,7,19
32,8,28
50,0,19
51,23,51
56,0,24
59,22,49
38,16,34
40,17,34
44,0,15
23,0,13
41,19,38
50,18,41
22,13,36
23,12,33
40,17,35
62,15,42
16,17,46
39,22,44
26,19,43
45,15,33
25,4,23
36,18,39
46,21,44
59,16,44
33,1,19
22,11,27
5,6,38
56,6,30
47,12,30
61,4,29
39,17,37
19,3,18
7,2,29
16,18,49
34,9,25
34,10,24
63,2,25
8,11,40
19,20,49
50,6,25
11,16,53
21,7,22
51,13,33
42,16,34
2,1,32
53,7,31
26,23,52
19,5,28
49,19,43
43,23,47
45,21,43
44,11,26
15,2,29
29,15,35
32,10,30
4,10,46
34,11,25
25,11,29
36,13,30
62,18,45
20,17,45
61,15,42
33,10,26
5,10,47
12,5,32
22,5,18
16,6,33
40,1,16
19,2,24
10,15,51
27,23,49
7,11,47
58,3,28
21,2,15
19,18,48
29,20,44
7,11,38
16,18,50
52,6,29
42,18,38
9,16,53
45,17,37
44,19,39
63,12,36
42,6,21
30,9,28
62,8,34
29,12,33
62,10,34
39,15,33
47,14,34
33,8,26
37,18,38
14,16,44
48,3,22
17,17,45
17,6,32
0,11,51
22,15,40
31,14,34
16,19,54
35,4,20
20,18,45
40,20,40
27,18,42
55,1,23
39,5,21
26,21,48
6,10,38
15,17,51
7,10,44
25,6,24
49,3,22
21,7,28
28,1,19
15,21,59
27,12,31
43,9,24
33,8,23
7,3,30
50,11,29
16,10,35
22,7,21
48,21,44
61,18,45
35,0,17
8,22,63
5,3,33
36,18,40
63,5,29
54,10,32
49,19,44
50,1,18
41,22,44
7,11,42
11,15,51
41,1,16
51,12,32
41,18,38
30,2,22
3,4,36
50,10,28
29,22,47
49,8,26
8,20,60
40,13,28
4,10,48
5,11,50
25,8,26
45,8,23
61,8,33
0,0,33
22,17,43
1,18,61
52,5,26
33,16,37
31,13,34
19,1,12
42,20,40
9,17,56
41,21,43
32,0,19
29,19,41
46,15,33
3,8,45
47,18,40
11,3,30
43,5,20
0,14,57
59,2,26
9,10,36
56,15,42
38,13,30
23,12,30
0,18,62
34,14,34
10,18,56
21,11,35
62,5,29
5,1,29
34,13,33
45,8,25
52,13,34
55,11,33
28,15,37
49,17,40
8,0,27
63,22,46
39,20,40
6,20,63
6,17,56
21,12,36
24,0,15
40,11,25
23,11,31
8,21,61
24,0,14
8,14,51
32,15,36
25,12,29
39,7,22
5,7,39
55,18,46
62,19,45
33,5,22
27,16,36
51,4,24
21,20,48
57,23,50
20,14,39
33,19,36
9,12,45
21,6,24
8,15,52
50,22,49
43,14,31
8,18,58
53,0,20
54,11,34
43,10,25
33,11,28
32,14,34
7,16,55
15,1,26
31,9,29
18,20,52
49,12,32
56,20,47
4,9,41
24,16,40
35,8,23
15,22,58
20,19,49
47,10,28
19,20,50
59,14,41
13,10,35
15,3,29
25,13,31
16,1,27
16,8,34
57,21,47
54,0,21
2,7,41
44,0,16
38,17,35
2,0,32
32,6,23
51,5,25
20,7,29
37,3,20
21,3,15
50,5,24
48,21,46
12,2,30
15,2,27
41,11,26
12,14,48
23,19,45
47,19,42
9,12,42
56,13,40
60,20,47
28,19,44
49,3,21
11,19,56
22,23,54
54,1,23
50,14,36
63,4,29
25,19,45
6,4,32
28,15,35
5,8,42
15,1,27
25,0,15
21,17,45
5,6,34
52,9,30
49,16,38
1,0,31
8,12,48
30,17,39
13,17,53
31,9,28
43,20,40
27,10,29
28,16,38
62,11,35
59,14,40
18,1,22
45,20,42
46,17,36
9,13,48
30,4,23
48,6,24
56,4,29
56,10,35
38,18,37
22,22,53
42,13,30
56,11,36
38,11,25
23,14,35
25,22,50
34,11,30
40,1,15
8,11,37
34,12,29
62,17,43
6,12,51
47,18,38
48,16,36
9,16,54
33,4,22
38,4,20
43,4,20
11,17,53
44,12,28
37,7,23
32,22,47
51,13,35
40,6,21
37,6,22
14,6,33
23,6,21
43,3,19
30,21,46
51,10,31
23,11,29
29,21,44
44,3,19
2,15,58
1,19,63
7,14,52
62,3,28
46,11,28
31,16,36
49,22,48
35,19,41
15,15,41
40,18,35
6,12,49
6,11,45
26,17,42
0,19,62
27,2,22
21,14,40
0,10,50
19,2,15
16,23,60
54,19,47
28,18,40
22,19,45
1,9,49
59,17,45
19,4,15
23,22,50
40,7,22
57,11,38
27,5,24
36,12,29
36,3,19
29,2,21
34,14,33
57,15,41
11,16,50
21,5,17
61,4,30
9,2,31
23,3,17
21,6,20
55,0,22
49,3,20
24,10,27
63,23,50
18,9,33
15,0,23
35,12,26
59,22,48
23,22,52
17,0,20
58,10,35
5,5,37
20,19,48
43,14,30
6,18,60
46,17,38
61,13,39
9,12,43
21,21,51
50,14,35
48,1,17
31,22,47
20,2,15
57,3,26
14,0,24
24,2,17
31,23,47
43,19,40
8,1,28
63,5,30
19,5,16
10,17,55
17,17,44
43,1,16
29,4,23
46,18,39
1,6,43
51,3,24
11,13,41
22,17,44
13,23,62
41,18,36
36,5,21
44,22,44
34,6,23
20,3,21
21,13,38
45,11,27
14,20,56
16,0,22
29,2,20
23,23,53
35,23,47
25,15,38
47,6,24
21,10,31
8,15,53
23,8,22
28,0,19
50,20,45
20,23,56
30,1,19
31,14,35
40,16,33
53,18,44
29,4,25
4,16,57
26,22,48
57,1,24
26,20,46
57,19,45
36,20,43
32,1,20
53,17,44
47,9,27
19,22,55
60,12,39
34,15,36
24,13,32
15,16,48
59,10,35
50,19,45
55,18,45
1,8,47
52,16,41
11,14,46
0,9,49
33,20,36
58,22,48
6,7,36
0,9,48
46,16,35
27,22,48
19,15,41
47,21,45
37,15,33
2,10,48
59,2,27
25,5,23
5,11,49
33,18,36
43,22,44
59,13,40
39,6,22
27,21,48
35,12,28
19,0,12
52,3,24
41,22,43
26,15,37
34,0,16
63,18,44
22,8,27
0,3,38
22,8,22
22,23,53
21,13,36
8,6,34
52,1,21
52,0,20
45,14,32
63,3,28
22,4,17
36,11,25
7,20,63
52,6,28
45,19,39
6,0,27
38,17,37
58,16,43
44,10,26
47,22,47
17,13,39
14,14,41
39,9,24
32,10,25
62,16,41
7,9,36
60,21,47
24,6,22
21,7,24
2,1,30
57,0,24
27,11,31
51,9,30
13,8,35
20,4,16
51,11,30
50,2,22
42,11,28
47,2,17
2,3,34
56,8,33
20,20,48
1,6,40
28,23,51
37,20,39
22,0,11
37,4,20
26,15,36
20,2,14
54,22,50
1,10,50
4,17,59
51,2,23
4,3,34
24,1,18
58,1,24
24,17,42
25,9,26
54,1,22
4,13,53
20,7,20
13,20,58
26,7,25
2,13,53
33,7,23
37,14,30
9,13,40
56,14,41
19,23,57
12,18,55
20,12,36
12,15,48
63,1,25
27,17,41
21,11,33
9,3,31
21,6,26
14,20,55
8,2,29
5,19,61
20,16,43
14,13,39
26,12,31
39,1,15
23,4,18
13,1,27
11,20,57
45,19,41
24,15,37
18,20,53
18,0,18
56,19,47
17,11,37
47,13,31
18,0,13
38,17,36
41,14,31
15,13,39
23,8,24
10,16,53
20,3,23
60,23,50
25,11,27
28,3,23
60,11,36
12,7,34
61,9,34
33,15,35
7,21,63
11,14,43
6,19,62
18,22,56
27,3,22
43,14,32
57,20,47
36,13,32
17,17,46
9,21,62
61,17,45
2,4,39
23,2,17
45,0,15
36,16,37
22,18,45
24,19,46
37,19,40
14,17,52
47,5,22
46,23,48
27,11,30
37,15,34
29,16,38
21,7,20
25,11,28
5,0,28
3,10,47
45,4,20
54,6,30
27,1,20
36,10,24
35,6,23
28,18,39
18,13,38
31,21,44
2,19,63
11,22,61
40,19,35
50,19,43
50,7,25
58,3,27
29,7,26
1,15,58
30,14,35
60,22,48
24,0,17
41,12,27
10,14,49
50,15,36
59,4,30
42,12,28
36,14,32
49,13,33
13,12,38
53,18,45
10,2,30
21,17,44
17,2,26
20,4,21
63,21,45
54,19,45
33,8,24
3,8,44
26,14,33
20,0,10
41,21,42
55,23,51
21,12,35
14,16,49
4,2,31
62,7,33
35,23,46
22,12,33
56,2,25
0,4,39
51,5,26
14,3,31
23,11,32
44,12,30
20,9,31
38,12,26
21,10,26
5,4,35
36,15,33
11,11,34
48,5,21
17,19,53
46,8,26
33,17,37
18,4,15
38,12,27
29,0,19
21,10,32
34,0,17
41,6,21
19,4,28
63,19,44
39,5,20
55,3,26
0,1,32
6,14,53
29,9,29
57,8,34
59,0,24
9,11,45
50,17,41
62,6,31
20,6,19
10,12,39
6,19,60
33,16,36
24,21,50
31,18,40
26,18,42
42,21,43
17,12,37
35,16,37
61,10,35
18,16,42
59,20,48
35,7,23
5,17,57
54,3,27
21,21,49
26,16,37
8,18,59
30,11,30
10,22,61
2,15,57
25,17,40
35,0,16
5,8,41
51,19,44
16,7,34
53,11,34
21,6,28
13,6,33
57,11,37
40,6,22
20,16,44
51,18,43
3,10,48
0,15,58
42,15,33
14,16,45
59,8,34
26,17,41
38,19,41
56,1,25
21,14,39
13,11,35
35,8,24
0,6,43
43,17,36
22,8,25
57,10,34
11,17,54
15,23,61
26,13,32
33,13,32
41,8,23
21,15,42
22,14,40
12,14,42
60,22,49
60,17,44
58,16,44
15,19,54
53,5,27
47,13,33
39,8,23
38,9,24
19,22,56
21,6,22
27,16,37
52,23,51
45,22,44
26,20,47
3,13,54
21,7,30
39,16,33
13,15,45
55,2,24
53,8,31
12,15,49
11,13,45
56,12,39
19,10,34
25,6,21
22,1,15
24,10,26
18,3,26
57,2,26
31,22,45
13,16,48
16,3,30
24,1,16
63,14,38
5,5,33
49,11,28
16,20,53
15,20,55
63,11,34
34,11,29
17,21,55
61,12,37
45,16,35
12,0,28
44,15,33
6,10,46
46,12,30
46,0,16
13,9,35
61,23,51
46,23,49
58,10,37
42,1,15
30,7,27
43,19,39
39,22,43
13,11,36
44,9,25
62,22,45
18,17,47
18,3,25
20,1,11
27,9,28
56,18,46
35,12,31
56,10,33
22,2,17
14,16,46
39,14,30
6,11,47
23,9,24
0,12,53
12,15,46
53,20,47
49,15,37
13,5,32
30,20,43
47,2,19
52,18,43
38,19,39
22,12,35
13,1,28
56,17,45
14,14,39
60,2,27
28,23,50
6,14,52
10,13,48
32,17,39
14,0,25
22,10,27
53,12,35
34,1,17
58,5,31
24,1,17
13,15,41
16,20,55
5,10,39
8,20,62
7,20,61
45,16,36
19,4,19
33,9,24
51,8,29
3,5,38
0,4,38
15,17,50
48,11,29
30,6,26
21,1,13
54,15,40
53,11,32
6,18,58
63,4,28
17,13,38
47,22,48
19,10,35
35,20,43
32,13,34
0,17,61
39,6,21
8,11,42
33,10,28
2,0,31
2,3,35
38,15,33
27,2,21
15,1,25
24,11,29
47,0,15
24,9,25
55,13,40
2,0,30
61,6,32
57,5,30
16,22,58
20,17,44
34,16,36
27,15,36
13,22,60
21,23,55
9,20,60
11,18,54
22,12,32
23,14,36
4,1,29
6,21,63
56,12,38
13,7,34
30,4,24
34,20,43
56,11,37
12,23,62
41,13,29
25,6,22
8,9,35
11,14,45
43,18,37
41,14,30
50,17,39
54,21,48
34,17,37
21,5,25
28,5,25
42,7,23
16,5,32
51,13,34
44,1,16
15,14,41
56,3,27
19,1,14
49,14,34
54,18,46
32,7,25
60,16,42
14,19,56
29,1,20
33,6,24
32,4,23
13,0,26
18,5,18
50,5,23
8,4,31
5,5,36
18,15,42
62,5,30
39,17,35
29,19,42
58,13,39
55,17,45
15,15,43
7,1,29
10,21,59
1,14,57
23,1,17
52,7,28
11,8,33
5,4,33
26,10,28
10,17,56
45,5,22
22,9,26
53,14,40
14,19,53
51,10,29
59,14,42
20,3,19
19,5,31
31,2,22
9,18,57
18,2,24
58,14,41
17,19,51
32,17,38
18,3,16
38,19,40
44,17,36
20,5,21
38,23,47
30,3,22
22,20,48
29,0,18
23,12,32
15,2,28
18,1,15
14,3,30
27,13,34
19,0,11
53,3,25
61,23,50
39,9,25
7,11,41
2,6,40
62,12,37
49,19,42
22,6,20
29,22,48
32,3,21
55,12,35
5,16,58
6,10,39
48,11,28
24,14,35
11,3,31
14,19,55
52,18,44
57,8,32
62,8,33
21,15,40
46,14,34
35,21,44
19,21,53
23,18,43
62,13,38
20,18,46
18,9,35
37,3,18
0,0,32
30,8,28
38,14,32
7,20,62
33,21,43
49,2,19
31,15,36
17,13,40
1,19,62
34,19,41
17,10,36
48,19,42
61,0,24
20,10,33
49,1,18
52,20,46
53,6,30
6,11,46
6,12,50
63,6,31
5,14,53
20,13,39
42,15,32
55,1,22
50,7,27
53,10,31
6,6,37
52,7,29
47,1,16
27,19,43
6,11,41
9,12,39
28,7,26
43,3,20
52,3,23
9,6,33
54,20,47
48,23,50
28,14,34
29,7,27
21,5,23
14,21,58
46,15,35
35,1,16
25,14,36
62,23,48
45,10,26
61,21,47
26,10,27
22,21,51
39,20,41
53,17,43
38,21,42
18,16,43
21,5,21
35,13,33
31,7,27
32,22,46
24,16,39
40,14,31
31,7,26
32,6,24
26,0,17
4,9,44
41,3,19
34,15,35
6,13,52
44,11,28
21,1,14
36,8,24
22,0,12
19,3,22
46,20,43
1,0,32
58,6,32
19,23,56
33,12,32
21,7,23
25,19,44
57,4,28
39,13,30
3,14,55
39,20,42
26,17,40
42,20,41
16,0,15
15,23,62
8,2,31
23,19,46
6,9,37
39,21,43
52,11,32
24,15,38
10,1,28
14,23,61
13,22,59
25,20,46
9,10,35
55,11,36
30,12,31
17,6,31
50,0,17
51,5,27
58,2,25
2,8,43
11,12,39
56,23,50
21,23,53
33,7,24
19,13,38
24,11,28
36,15,34
32,21,43
42,4,20
0,16,59
36,12,27
6,1,28
26,22,50
47,3,20
8,11,39
33,19,40
24,7,23
48,4,22
8,5,33
7,13,50
34,4,21
61,14,39
6,5,32
33,1,18
1,11,51
4,9,45
38,6,21
5,9,40
52,6,27
33,3,21
47,23,49
44,9,24
35,10,24
31,21,45
15,12,38
8,11,45
43,12,29
7,4,32
32,16,36
4,1,28
59,21,47
14,15,44
15,11,36
7,13,52
58,7,32
55,21,49
49,22,47
3,16,59
59,12,37
60,6,32
8,12,41
20,21,53
3,14,56
27,14,35
14,18,53
14,12,37
30,16,37
63,12,37
10,15,50
60,13,39
44,2,18
59,1,26
17,10,35
55,10,32
43,9,25
40,22,43
58,12,39
17,0,15
11,12,38
9,12,38
24,9,24
35,5,22
29,6,26
19,19,48
57,19,46
19,11,37
49,13,34
49,9,27
3,16,58
60,17,45
52,11,33
10,10,35
22,8,23
2,3,37
36,14,31
41,4,19
43,3,18
46,6,22
42,10,25
21,10,30
23,13,33
7,1,26
57,10,36
17,23,60
26,19,45
55,12,38
57,6,31
24,2,20
42,14,30
15,22,60
26,16,38
12,10,34
36,8,23
41,7,23
6,7,37
25,0,18
13,7,33
6,15,55
10,13,40
48,9,27
9,19,60
1,8,45
31,5,24
0,6,42
62,23,50
13,15,47
36,19,41
9,21,63
43,17,35
24,23,52
4,6,38
8,8,35
35,14,32
14,18,51
55,14,39
33,16,38
53,15,38
16,18,48
39,18,37
44,13,31
45,2,18
21,21,52
30,20,44
62,12,36
17,22,58
51,7,28
60,1,26
5,16,57
22,2,15
55,15,42
33,2,20
12,21,60
34,11,26
56,19,45
17,19,52
16,4,32
14,8,35
59,13,39
55,20,47
22,20,47
56,11,34
37,0,16
19,4,18
3,10,50
53,3,24
45,15,34
13,19,57
15,21,56
1,17,61
41,6,22
31,11,30
45,12,29
50,17,40
20,5,24
24,13,35
38,8,24
59,4,29
5,2,31
58,20,47
47,6,23
49,15,35
53,4,25
63,13,38
21,5,19
1,6,41
61,14,41
23,16,40
48,20,44
24,13,34
30,23,49
26,11,28
30,15,36
28,1,20
18,12,37
47,1,17
48,22,49
8,13,50
35,15,36
19,5,20
37,20,42
5,17,59
16,5,31
11,10,35
54,19,46
37,14,31
5,5,32
20,4,22
57,9,34
1,16,59
24,19,45
55,10,33
30,18,41
26,20,45
10,10,34
43,21,42
6,13,50
12,11,35
36,9,24
47,14,33
41,12,29
44,11,27
16,16,44
14,1,29
63,12,35
25,1,19
10,12,44
50,19,44
58,2,27
2,14,56
15,4,31
54,7,30
16,3,29
45,18,37
21,15,41
20,11,33
32,11,31
3,9,46
40,19,38
4,15,55
41,0,15
55,17,43
41,5,20
48,22,48
20,22,53
3,9,45
2,18,60
13,14,40
25,8,24
45,22,46
4,0,28
7,12,49
52,17,41
23,11,30
19,17,46
28,13,33
14,20,57
63,9,34
47,16,36
44,13,30
40,22,45
51,21,48
61,8,34
30,0,19
0,1,35
5,13,52
63,16,41
20,6,26
12,19,57
47,13,32
46,0,17
61,13,40
52,3,25
1,15,56
59,15,41
5,7,40
34,19,42
10,10,36
34,2,21
7,20,60
51,9,29
27,14,33
18,4,18
52,15,37
62,1,26
45,17,38
44,21,43
8,19,60
50,10,29
43,19,38
27,9,27
39,18,38
35,16,36
50,22,48
2,12,52
44,14,31
5,8,43
40,2,18
53,16,42
2,17,60
54,4,27
3,18,62
23,10,25
48,17,39
12,15,47
19,4,27
63,14,39
0,7,45
62,3,27
38,16,35
16,14,39
59,23,50
21,13,37
16,22,60
34,12,32
33,6,23
23,23,52
12,12,36
41,0,14
48,14,35
24,12,30
57,8,33
20,1,13
30,2,20
56,3,28
11,13,47
22,9,25
15,10,35
10,12,45
11,16,51
44,13,29
43,16,35
46,22,45
46,19,41
56,16,43
27,18,43
32,23,48
30,13,33
29,8,28
35,12,27
57,2,27
52,12,35
47,15,36
51,18,41
11,21,60
17,21,54
28,17,40
1,16,58
38,5,20
21,19,48
31,17,38
30,18,40
38,0,15
33,13,33
39,16,34
60,4,28
46,19,42
20,0,11
62,1,24
6,11,40
49,0,17
0,3,37
29,3,22
41,20,40
5,18,61
46,2,18
15,23,60
18,22,58
35,6,22
37,11,26
18,3,15
61,16,43
20,8,32
1,4,39
55,13,39
27,1,19
21,5,22
29,3,23
57,20,46
19,7,32
17,5,31
52,2,22
5,15,55
26,3,21
57,11,36
61,7,33
2,4,38
7,11,40
54,14,40
27,20,44
22,6,19
27,23,51
37,13,28
23,2,15
17,1,15
42,19,40
62,11,36
30,7,26
30,1,20
61,15,41
8,10,37
50,6,24
26,11,29
8,15,54
48,19,41
5,10,40
45,11,28
55,14,41
23,13,35
1,14,56
48,14,34
16,0,23
14,7,34
34,22,44
55,15,43
51,15,39
24,14,34
4,5,36
61,18,44
37,21,39
35,2,17
17,22,59
2,9,46
28,2,21
19,17,44
47,23,48
26,11,30
36,14,34
57,3,27
54,18,44
28,19,43
24,14,36
8,11,38
36,22,45
23,4,19
28,11,31
49,2,21
40,16,34
21,0,11
52,5,27
3,4,38
4,3,32
5,19,62
46,13,31
13,12,36
8,16,55
12,14,47
11,0,28
3,4,35
19,10,33
2,1,33
60,15,41
44,5,21
33,2,19
2,20,63
11,19,57
29,1,19
47,8,26
50,13,33
33,11,27
5,9,45
50,4,23
56,9,33
8,12,38
18,2,15
57,6,32
19,22,57
14,16,50
15,22,59
41,10,25
35,15,34
43,8,24
31,19,42
53,12,33
21,8,28
25,3,21
50,23,49
34,16,37
55,20,48
39,16,35
24,10,25
23,11,27
7,1,27
5,18,59
12,0,27
18,7,34
33,9,27
44,2,17
38,21,43
58,12,38
18,1,19
63,7,32
42,22,45
63,22,45
61,16,42
5,11,47
50,8,26
42,11,27
6,2,30
27,22,49
21,12,34
49,18,41
12,10,35
21,2,14
32,19,42
53,14,38
28,20,46
16,6,32
58,17,44
51,18,42
17,20,53
12,14,43
19,6,30
53,0,21
48,15,36
31,3,23
34,21,43
1,17,60
17,0,23
8,16,56
19,3,26
48,20,45
44,20,42
0,15,57
30,11,31
49,17,39
14,18,52
43,16,34
8,12,40
39,4,20
27,14,34
9,11,36
60,23,51
56,16,44
14,1,26
21,3,17
29,9,28
9,8,35
31,6,25
27,10,28
26,18,41
47,18,39
25,16,38
20,5,22
50,8,27
59,5,31
32,7,26
53,15,42
4,10,49
30,23,47
18,2,19
60,8,35
21,9,26
3,0,28
7,14,50
48,13,31
39,19,38
5,2,29
26,18,43
38,2,18
43,15,33
31,6,24
37,10,24
55,3,25
18,10,35
44,21,42
53,7,29
5,20,62
2,2,34
23,22,51
47,12,29
9,13,42
7,2,30
0,11,52
21,18,45
33,11,29
16,21,55
26,15,35
36,2,17
57,7,32
49,8,27
6,12,48
37,17,37
51,16,38
46,10,28
44,20,41
27,16,38
36,11,24
19,18,46
61,19,45
20,12,38
53,3,26
33,14,34
42,0,15
5,3,32
42,2,18
60,10,35
1,2,36
17,18,50
13,18,52
31,7,25
24,22,49
44,6,22
5,15,56
59,5,30
40,7,23
15,15,42
5,13,51
50,16,39
10,11,36
52,15,39
10,13,46
32,17,37
32,21,45
37,5,21
6,15,54
22,10,24
9,11,38
20,21,51
48,23,49
23,13,36
22,0,13
3,9,47
7,5,33
49,5,23
8,12,42
25,2,19
18,4,16
52,15,40
7,19,60
44,23,45
30,21,44
20,6,25
11,13,38
45,21,44
17,14,40
56,2,26
23,16,42
45,10,25
3,13,53
18,8,33
63,2,26
19,14,41
58,8,34
46,8,24
47,9,26
34,9,24
32,5,24
22,19,46
20,6,28
51,5,24
21,10,29
0,6,45
54,12,37
62,9,34
6,10,44
15,17,49
24,22,50
9,7,34
27,7,26
28,20,45
4,18,61
3,16,57
34,1,18
51,6,27
17,1,22
11,15,48
26,5,23
19,1,13
60,1,24
47,19,40
26,12,30
48,16,37
62,21,45
61,13,38
2,5,39
60,15,43
1,7,44
12,17,54
4,9,46
48,11,30
18,1,18
62,4,29
31,15,35
28,15,36
32,10,29
46,7,23
24,13,33
47,5,21
31,20,42
35,15,35
49,15,36
19,3,27
24,5,21
56,6,29
47,17,39
51,6,24
9,21,60
13,15,49
17,1,17
63,19,45
38,17,38
40,16,32
47,4,20
40,11,27
57,0,23
53,12,34
20,6,20
31,1,19
0,15,59
49,23,50
3,4,37
56,1,23
25,19,46
35,20,42
59,4,28
38,12,28
49,16,37
13,17,50
25,5,21
24,11,27
7,13,49
51,6,28
11,10,34
23,15,38
52,10,30
31,0,19
12,21,59
49,12,30
11,0,27
51,7,27
10,20,59
12,13,39
3,1,31
31,10,30
30,20,42
56,17,44
6,7,38
53,6,28
12,6,33
17,21,57
49,11,29
23,21,50
20,20,49
4,7,42
27,19,45
50,6,26
54,8,31
5,5,35
12,22,62
28,22,47
15,16,46
34,2,18
42,8,23
1,20,63
52,19,45
44,3,20
39,19,39
61,2,27
59,3,27
6,6,34
19,16,43
61,21,48
33,17,39
29,20,43
16,16,43
11,14,47
40,22,44
8,17,57
34,8,23
50,7,26
9,7,33
39,2,18
18,17,44
0,6,44
62,23,49
53,21,49
1,12,53
63,8,32
10,15,52
18,23,59
4,4,37
17,4,31
22,15,39
21,8,30
16,18,51
10,11,35
2,13,55
56,11,35
28,18,42
31,18,39
20,8,31
28,3,22
49,6,24
58,15,42
17,0,18
53,6,29
17,8,35
50,3,23
47,12,31
30,13,34
33,3,22
47,11,29
12,3,30
32,2,20
43,23,46
21,19,47
21,22,54
37,5,20
51,0,19
28,10,29
27,17,38
4,5,38
49,0,18
52,22,50
12,4,31
10,21,61
3,20,63
13,2,29
21,16,43
58,22,49
60,23,49
51,17,40
62,16,43
21,11,31
52,10,31
20,1,14
48,9,28
13,14,44
20,3,25
25,16,41
6,4,31
32,5,23
29,10,29
34,3,22
11,17,52
43,4,21
20,14,41
50,16,37
0,3,36
40,12,26
11,22,63
18,15,43
62,9,32
15,21,58
10,7,33
59,12,39
22,2,16
28,16,36
52,1,20
27,17,40
15,16,49
31,19,41
33,11,31
25,4,21
16,1,24
60,5,31
51,20,46
43,7,22
57,12,39
50,0,18
33,19,41
20,3,15
3,7,43
43,11,26
36,15,35
5,9,42
9,0,27
55,7,32
60,16,43
32,10,28
49,6,25
54,23,51
48,9,26
62,20,45
1,9,48
12,23,61
39,17,36
14,15,46
27,8,27
58,9,35
28,22,49
1,16,60
15,5,33
52,14,38
15,16,43
35,11,28
59,6,31
40,18,36
17,2,25
23,2,16
38,7,22
16,16,46
5,13,53
32,4,24
39,15,31
26,3,22
12,13,40
37,8,23
57,14,41
11,20,59
37,23,46
17,3,29
10,19,57
28,21,46
9,1,29
22,11,32
59,10,36
15,19,55
19,19,47
41,17,34
51,0,20
4,19,63
19,3,24
26,17,39
10,12,43
42,6,22
17,18,47
53,4,27
47,10,27
50,23,50
34,2,20
24,12,32
22,1,13
28,10,28
12,11,36
7,6,33
4,1,30
22,5,19
13,15,46
55,5,29
61,7,32
21,10,28
5,14,54
25,15,37
13,22,61
41,20,41
15,19,53
29,23,48
7,11,46
1,13,54
28,8,28
23,21,48
14,15,43
46,19,39
47,22,45
35,13,32
48,0,15
21,9,31
2,11,52
53,16,43
45,10,27
32,18,40
14,10,35
34,19,40
24,8,24
45,3,20
9,15,52
32,20,43
57,19,47
24,15,36
21,4,16
27,13,32
11,12,36
8,0,28
23,17,43
1,5,41
54,2,24
21,21,50
25,14,35
57,18,45
45,23,47
11,18,55
16,15,41
18,22,57
18,1,23
20,10,34
17,0,21
3,2,33
18,21,53
4,6,39
25,15,39
25,10,27
21,9,24
42,3,20
15,0,26
3,9,44
9,1,28
33,5,23
10,12,46
27,7,27
43,20,42
24,19,44
38,6,22
1,0,30
61,17,43
51,1,19
15,2,30
20,2,13
18,21,55
54,14,38
17,7,33
49,7,26
35,12,30
19,20,51
42,13,29
23,0,14
41,22,45
47,3,19
19,3,17
36,6,23
32,8,27
54,13,38
10,6,33
28,19,42
10,14,48
48,18,40
39,11,25
2,17,59
19,21,52
2,6,41
54,11,33
37,13,29
15,20,57
9,13,41
45,22,45
18,17,46
41,19,40
10,18,55
8,4,32
52,21,47
53,23,51
36,12,28
38,20,42
16,19,53
42,14,31
15,20,56
50,8,28
14,13,38
37,17,38
37,12,28
52,17,42
50,18,42
47,4,21
41,12,28
53,8,30
45,2,17
24,21,48
16,2,27
19,8,32
27,23,50
61,20,47
20,5,27
53,1,21
38,21,44
59,19,46
31,12,32
46,11,29
7,1,28
30,19,41
18,10,34
20,7,21
25,12,31
54,7,31
9,15,54
17,18,48
31,16,37
49,4,23
8,12,43
14,5,32
41,13,30
20,9,32
23,20,48
52,8,29
8,9,36
33,21,44
59,1,25
55,9,32
20,10,31
51,21,49
29,23,49
39,3,18
47,21,44
0,2,36
36,21,43
8,21,63
39,3,19
4,12,52
4,16,58
6,0,25
3,10,49
44,14,32
33,9,25
28,12,32
60,16,44
8,13,49
40,17,36
12,17,52
50,18,43
50,15,37
62,22,49
58,21,47
4,8,42
12,22,61
13,17,52
25,17,42
59,12,38
29,5,25
7,8,36
48,2,20
28,6,26
62,22,46
17,16,43
55,6,30
46,20,41
32,18,37
3,19,61
12,19,55
21,6,21
0,2,37
5,1,27
50,14,34
16,17,50
5,10,44
32,9,26
20,4,23
2,2,33
44,17,37
9,14,51
29,18,40
13,5,33
54,1,21
18,18,48
25,3,22
14,19,54
21,14,38
56,0,23
9,18,58
39,1,16
35,12,29
21,5,18
37,0,15
53,13,35
57,16,43
45,12,30
58,11,37
38,22,45
13,4,31
32,9,29
60,19,45
29,17,38
52,8,30
47,15,34
51,2,21
10,13,44
47,16,37
54,21,49
54,17,43
24,11,26
25,18,44
36,7,23
63,20,45
60,5,30
19,14,40
11,22,62
37,16,34
11,11,36
3,12,51
5,14,55
18,6,31
19,3,15
33,18,39
22,10,29
9,15,51
55,17,44
44,7,23
25,20,47
8,18,57
14,17,49
47,20,43
56,13,39
55,3,27
42,3,19
15,18,51
51,3,22
7,12,48
21,8,23
49,13,32
7,7,36
15,14,39
32,23,47
8,11,43
31,20,44
9,13,46
18,12,38
46,12,29
63,16,42
35,18,40
18,23,57
1,5,40
6,13,51
22,9,24
34,3,20
15,8,35
23,21,49
17,15,41
46,19,40
53,9,31
21,23,56
24,12,31
6,16,56
60,12,38
37,20,40
1,9,47
56,12,37
58,21,48
36,5,20
35,11,25
22,11,31
11,21,61
11,13,40
15,16,45
54,4,26
8,14,53
11,13,46
40,19,39
32,12,31
30,6,25
24,22,51
29,21,45
38,18,38
5,9,41
11,6,33
51,1,21
16,2,26
54,13,36
19,18,47
35,1,18
41,19,39
18,2,22
3,9,48
32,1,19
10,18,57
53,20,48
53,19,47
27,5,25
4,16,56
61,11,37
1,1,35
17,0,13
42,5,21
34,23,48
39,10,25
32,13,32
26,2,19
63,14,40
19,23,58
23,5,18
11,14,42
62,21,47
11,19,58
29,4,24
45,20,40
45,19,40
30,8,27
42,17,36
2,12,53
46,9,25
55,16,43
19,16,44
29,13,34
14,15,47
0,1,34
48,13,33
13,20,56
18,11,36
45,3,19
36,1,17
54,10,33
35,17,37
37,3,19
32,9,28
42,17,35
53,19,46
19,5,17
49,23,49
12,2,29
51,19,46
30,2,21
4,8,40
19,19,50
13,19,56
24,18,44
16,21,56
40,9,24
58,23,49
17,0,17
56,4,27
41,4,20
9,15,53
23,14,38
12,19,56
14,23,62
62,22,47
23,13,34
46,20,42
14,2,28
12,12,38
48,17,37
43,1,17
42,7,22
26,4,23
55,15,41
4,11,50
21,3,16
18,15,41
13,1,29
48,0,16
21,10,27
17,5,32
1,8,46
3,17,59
48,19,43
52,12,34
23,7,22
60,3,28
28,17,39
39,19,40
24,0,16
3,3,34
1,12,54
10,22,62
24,23,51
27,12,30
15,3,30
23,2,18
19,5,30
42,12,27
10,5,32
55,22,50
31,4,23
30,5,25
44,1,17
18,7,32
63,9,32
34,3,21
43,17,37
51,17,42
28,9,28
56,4,28
25,13,34
33,10,29
50,9,28
21,8,22
63,6,30
9,19,58
39,15,32
16,19,52
60,9,35
16,13,38
11,20,58
20,6,18
57,20,48
34,10,25
43,21,43
62,14,40
25,18,43
21,18,46
44,16,34
46,9,26
48,1,16
38,13,29
29,14,35
11,11,35
12,18,53
49,20,43
38,20,39
44,22,43
54,0,22
45,14,33
46,16,37
34,1,19
10,21,62
33,8,25
22,7,22
50,3,21
24,15,40
56,9,32
54,9,31
13,23,63
34,0,18
5,1,30
60,0,24
47,19,43
54,23,50
