0,10,0
0,11,0
0,10,1
0,11,1
0,10,2
0,11,2
0,10,3
0,9,4
0,10,4
0,8,5
0,9,5
0,8,6
0,9,6
0,7,7
0,8,7
0,6,8
0,7,8
0,6,9
0,6,10
0,5,11
0,6,11
0,5,12
0,6,12
0,5,13
0,4,14
0,5,14
0,5,15
0,5,16
0,5,17
0,5,18
0,5,19
0,6,19
0,6,20
0,6,21
0,7,21
0,7,22
0,7,23
0,8,23
0,8,24
0,9,24
0,8,25
0,9,25
0,10,25
0,9,26
0,10,26
0,10,27
0,11,27
0,11,28
0,12,28
0,11,29
0,12,29
0,12,30
0,12,31
0,13,31
0,13,32
0,13,33
0,13,34
0,14,34
0,13,35
0,14,35
0,14,36
0,14,37
0,14,38
0,14,39
0,14,40
0,13,41
0,14,41
0,13,42
0,14,42
0,13,43
0,14,43
0,13,44
0,14,44
0,13,45
0,14,45
0,13,46
0,14,46
0,13,47
0,13,48
0,12,49
0,13,49
0,12,50
0,13,50
0,12,51
0,13,51
0,12,52
0,13,52
0,12,53
0,13,53
0,12,54
0,13,54
0,12,55
0,13,55
0,13,56
0,13,57
0,13,58
0,13,59
0,13,60
0,13,61
0,13,62
0,13,63
1,11,0
1,11,1
1,11,2
1,10,3
1,11,3
1,9,4
1,10,4
1,11,4
1,9,5
1,10,5
1,8,6
1,9,6
1,7,7
1,8,7
1,6,8
1,7,8
1,6,9
1,7,9
1,6,10
1,6,11
1,5,12
1,6,12
1,5,13
1,5,14
1,5,15
1,5,16
1,5,17
1,5,18
1,6,18
1,5,19
1,6,19
1,6,20
1,7,20
1,6,21
1,7,21
1,7,22
1,8,22
1,8,23
1,9,23
1,8,24
1,9,24
1,9,25
1,10,25
1,10,26
1,11,26
1,10,27
1,11,27
1,11,28
1,12,28
1,12,29
1,12,30
1,13,30
1,13,31
1,13,32
1,13,33
1,14,33
1,13,34
1,14,34
1,14,35
1,14,36
1,14,37
1,14,38
1,14,39
1,14,40
1,14,41
1,14,42
1,14,43
1,14,44
1,14,45
1,13,46
1,14,46
1,13,47
1,14,47
1,13,48
1,14,48
1,13,49
1,14,49
1,13,50
1,14,50
1,13,51
1,13,52
1,13,53
1,13,54
1,13,55
1,13,56
1,13,57
1,13,58
1,13,59
1,14,59
1,13,60
1,14,60
1,13,61
1,14,61
1,13,62
1,14,62
1,13,63
1,14,63
2,11,0
2,11,1
2,11,2
2,11,3
2,10,4
2,11,4
2,9,5
2,10,5
2,8,6
2,9,6
2,10,6
2,8,7
2,9,7
2,7,8
2,8,8
2,6,9
2,7,9
2,6,10
2,7,10
2,6,11
2,5,12
2,6,12
2,5,13
2,6,13
2,5,14
2,5,15
2,5,16
2,5,17
2,6,17
2,5,18
2,6,18
2,6,19
2,6,20
2,7,20
2,7,21
2,7,22
2,8,22
2,8,23
2,9,23
2,9,24
2,10,24
2,10,25
2,10,26
2,11,26
2,11,27
2,11,28
2,12,28
2,12,29
2,12,30
2,13,30
2,13,31
2,13,32
2,13,33
2,14,33
2,14,34
2,14,35
2,14,36
2,14,37
2,14,38
2,14,39
2,15,39
2,14,40
2,15,40
2,14,41
2,14,42
2,14,43
2,14,44
2,14,45
2,14,46
2,14,47
2,14,48
2,14,49
2,13,50
2,14,50
2,13,51
2,14,51
2,13,52
2,14,52
2,13,53
2,13,54
2,13,55
2,13,56
2,13,57
2,14,57
2,13,58
2,14,58
2,13,59
2,14,59
2,14,60
2,14,61
2,14,62
2,13,63
2,14,63
3,11,0
3,12,0
3,11,1
3,12,1
3,11,2
3,12,2
3,11,3
3,12,3
3,10,4
3,11,4
3,10,5
3,11,5
3,9,6
3,10,6
3,8,7
3,9,7
3,7,8
3,8,8
3,9,8
3,7,9
3,8,9
3,6,10
3,7,10
3,6,11
3,6,12
3,5,13
3,6,13
3,5,14
3,5,15
3,5,16
3,6,16
3,5,17
3,6,17
3,6,18
3,6,19
3,7,19
3,7,20
3,7,21
3,8,21
3,7,22
3,8,22
3,8,23
3,9,23
3,9,24
3,10,24
3,10,25
3,10,26
3,11,26
3,11,27
3,11,28
3,12,28
3,12,29
3,12,30
3,13,30
3,13,31
3,13,32
3,14,32
3,14,33
3,14,34
3,14,35
3,14,36
3,14,37
3,15,37
3,14,38
3,15,38
3,14,39
3,15,39
3,14,40
3,15,40
3,14,41
3,15,41
3,14,42
3,15,42
3,14,43
3,15,43
3,14,44
3,15,44
3,14,45
3,15,45
3,14,46
3,14,47
3,14,48
3,14,49
3,14,50
3,14,51
3,13,52
3,14,52
3,13,53
3,14,53
3,13,54
3,14,54
3,13,55
3,14,55
3,13,56
3,14,56
3,13,57
3,14,57
3,14,58
3,14,59
3,14,60
3,14,61
3,14,62
3,14,63
4,12,0
4,12,1
4,12,2
4,11,3
4,12,3
4,11,4
4,12,4
4,10,5
4,11,5
4,10,6
4,11,6
4,9,7
4,10,7
4,8,8
4,9,8
4,7,9
4,8,9
4,9,9
4,6,10
4,7,10
4,8,10
4,6,11
4,7,11
4,6,12
4,5,13
4,6,13
4,5,14
4,5,15
4,5,16
4,6,16
4,6,17
4,6,18
4,6,19
4,7,19
4,7,20
4,8,20
4,8,21
4,8,22
4,9,22
4,9,23
4,9,24
4,10,24
4,10,25
4,10,26
4,11,26
4,11,27
4,12,27
4,11,28
4,12,28
4,12,29
4,12,30
4,13,30
4,13,31
4,13,32
4,14,32
4,14,33
4,14,34
4,14,35
4,14,36
4,15,36
4,14,37
4,15,37
4,15,38
4,15,39
4,15,40
4,15,41
4,15,42
4,15,43
4,15,44
4,15,45
4,14,46
4,15,46
4,14,47
4,15,47
4,14,48
4,15,48
4,14,49
4,15,49
4,14,50
4,14,51
4,14,52
4,14,53
4,14,54
4,14,55
4,14,56
4,14,57
4,14,58
4,14,59
4,15,59
4,14,60
4,15,60
4,14,61
4,15,61
4,14,62
4,15,62
4,14,63
4,15,63
5,12,0
5,12,1
5,12,2
5,12,3
5,11,4
5,12,4
5,11,5
5,12,5
5,10,6
5,11,6
5,9,7
5,10,7
5,11,7
5,9,8
5,10,8
5,8,9
5,9,9
5,7,10
5,8,10
5,6,11
5,7,11
5,6,12
5,5,13
5,6,13
5,5,14
5,6,14
5,5,15
5,6,15
5,6,16
6,12,2
6,13,2
6,12,3
6,13,3
6,12,4
6,13,4
6,11,5
6,12,5
6,11,6
6,12,6
6,10,7
6,11,7
6,9,8
6,10,8
6,8,9
6,9,9
6,7,10
6,8,10
6,6,11
6,7,11
6,6,12
6,7,12
6,5,13
6,6,13
6,5,14
6,6,14
6,6,15
6,6,16
6,6,17
6,7,17
6,7,18
6,7,19
6,8,19
6,8,20
6,8,21
6,9,21
6,9,22
6,9,23
6,10,23
6,9,24
6,10,24
6,10,25
6,11,25
6,11,26
6,11,27
6,12,27
6,12,28
6,12,29
6,12,30
6,13,30
6,13,31
6,13,32
6,14,32
6,13,33
6,14,33
6,14,34
6,14,35
6,14,36
6,15,36
6,15,37
6,15,38
6,15,39
6,15,40
6,15,41
6,15,42
6,15,43
6,15,44
6,16,44
6,15,45
6,15,46
6,15,47
6,15,48
6,15,49
6,15,50
6,15,51
6,15,52
6,15,53
6,15,54
6,15,55
6,15,56
6,15,57
6,15,58
6,15,59
6,15,60
6,15,61
6,15,62
6,15,63
7,13,0
7,13,1
7,13,2
7,13,3
7,12,4
7,13,4
7,12,5
7,13,5
7,11,6
7,12,6
7,10,7
7,11,7
7,9,8
7,10,8
7,11,8
7,8,9
7,9,9
7,10,9
7,8,10
7,9,10
7,6,11
7,7,11
7,8,11
7,6,12
7,7,12
7,6,13
7,6,14
7,6,15
7,6,16
7,7,16
7,6,17
7,7,17
7,7,18
7,8,18
7,7,19
7,8,19
7,8,20
7,9,20
7,8,21
7,9,21
7,9,22
7,9,23
7,10,23
7,10,24
7,10,25
7,11,25
7,11,26
7,11,27
7,12,27
7,12,28
7,12,29
7,12,30
7,13,30
7,13,31
7,13,32
7,13,33
7,14,33
7,14,34
7,14,35
7,14,36
7,15,36
7,15,37
7,15,38
7,15,39
7,15,40
7,15,41
7,16,41
7,15,42
7,16,42
7,15,43
7,16,43
7,15,44
7,16,44
7,15,45
7,16,45
7,15,46
7,16,46
7,15,47
7,16,47
7,15,48
7,16,48
7,15,49
7,16,49
7,15,50
7,15,51
7,15,52
7,15,53
7,15,54
7,15,55
7,15,56
7,15,57
7,15,58
7,15,59
7,15,60
7,16,60
7,15,61
7,16,61
7,15,62
7,16,62
7,15,63
7,16,63
8,13,0
8,13,1
8,14,1
8,13,2
8,14,2
8,13,3
8,14,3
8,13,4
8,12,5
8,13,5
8,11,6
8,12,6
8,11,7
8,12,7
8,10,8
8,11,8
8,9,9
8,10,9
8,8,10
8,9,10
8,7,11
8,8,11
8,6,12
8,7,12
8,6,13
8,6,14
8,6,15
8,6,16
8,7,16
8,7,17
8,7,18
8,8,18
8,8,19
8,8,20
8,9,20
8,9,21
8,9,22
8,10,22
8,9,23
8,10,23
8,10,24
8,11,24
8,10,25
8,11,25
8,11,26
8,11,27
8,12,27
8,12,28
8,12,29
8,12,30
8,13,30
8,13,31
8,13,32
8,13,33
8,14,33
8,14,34
8,14,35
8,14,36
8,15,36
8,15,37
8,15,38
8,15,39
8,15,40
8,16,40
8,15,41
8,16,41
8,16,42
8,16,43
8,16,44
8,16,45
8,16,46
8,16,47
8,16,48
8,16,49
8,15,50
8,16,50
8,15,51
8,16,51
8,15,52
8,16,52
8,15,53
8,16,53
8,15,54
8,16,54
8,15,55
8,16,55
8,15,56
8,16,56
8,15,57
8,16,57
8,15,58
8,16,58
8,15,59
8,16,59
8,15,60
8,16,60
8,16,61
8,16,62
8,16,63
9,13,0
9,14,0
9,13,1
9,14,1
9,14,2
9,13,3
9,14,3
9,13,4
9,14,4
9,13,5
9,12,6
9,13,6
9,11,7
9,12,7
9,10,8
9,11,8
9,9,9
9,10,9
9,8,10
9,9,10
9,7,11
9,8,11
9,9,11
9,7,12
9,8,12
9,6,13
9,7,13
9,6,14
9,6,15
9,6,16
9,7,16
9,7,17
9,7,18
9,8,18
9,8,19
9,8,20
9,9,20
9,9,21
9,9,22
9,10,22
9,10,23
9,10,24
9,11,24
9,10,25
9,11,25
9,11,26
9,11,27
9,12,27
9,12,28
9,12,29
9,12,30
9,13,30
9,13,31
9,13,32
9,13,33
9,14,33
9,14,34
9,14,35
9,14,36
9,15,36
9,15,37
9,15,38
9,15,39
9,15,40
9,16,40
9,16,41
9,16,42
9,16,43
9,16,44
9,16,45
9,16,46
9,16,47
9,16,48
9,16,49
9,16,50
9,16,51
9,16,52
9,16,53
9,16,54
9,16,55
9,16,56
9,16,57
9,16,58
9,16,59
9,16,60
9,16,61
9,16,62
9,16,63
10,14,0
10,14,1
10,14,2
10,14,3
10,13,4
10,14,4
10,13,5
10,14,5
10,12,6
10,13,6
10,11,7
10,12,7
10,10,8
10,11,8
10,12,8
10,9,9
10,10,9
10,11,9
10,9,10
10,10,10
10,8,11
10,9,11
10,7,12
10,8,12
10,6,13
10,7,13
10,6,14
10,7,14
10,6,15
10,6,16
10,7,16
10,7,17
10,7,18
10,8,18
10,8,19
10,8,20
10,9,20
10,9,21
10,9,22
10,10,22
10,10,23
10,10,24
10,10,25
10,11,25
10,11,26
10,11,27
10,12,27
10,12,28
10,12,29
10,12,30
10,13,30
10,13,31
10,13,32
10,13,33
10,14,33
10,13,34
10,14,34
10,14,35
10,14,36
10,15,36
10,14,37
10,15,37
10,15,38
10,15,39
10,15,40
10,16,40
10,16,41
10,16,42
10,16,43
10,16,44
10,16,45
10,16,46
10,16,47
10,16,48
10,16,49
10,16,50
10,16,51
10,16,52
10,16,53
10,16,54
10,16,55
10,16,56
10,16,57
10,16,58
10,17,58
10,16,59
10,17,59
10,16,60
10,17,60
10,16,61
10,17,61
10,16,62
10,17,62
10,16,63
10,17,63
11,14,0
11,14,1
11,14,2
11,15,2
11,14,3
11,14,4
11,13,5
11,14,5
11,12,6
11,13,6
11,14,6
11,12,7
11,13,7
11,11,8
11,12,8
11,10,9
11,11,9
11,9,10
11,10,10
11,8,11
11,9,11
11,8,12
11,9,12
11,7,13
11,8,13
11,6,14
11,7,14
11,6,15
11,6,16
11,7,16
11,7,17
11,7,18
11,8,18
11,8,19
11,9,19
11,8,20
11,9,20
11,9,21
11,9,22
11,10,22
11,10,23
11,10,24
11,10,25
11,11,25
11,11,26
11,11,27
11,12,27
11,11,28
11,12,28
11,12,29
11,12,30
11,13,30
11,12,31
11,13,31
11,13,32
11,13,33
11,13,34
11,14,34
11,14,35
11,14,36
11,14,37
11,15,37
11,15,38
11,15,39
11,15,40
11,16,40
11,16,41
11,16,42
11,16,43
11,16,44
11,16,45
11,16,46
11,16,47
11,16,48
11,16,49
11,16,50
11,16,51
11,16,52
11,16,53
11,16,54
11,16,55
11,17,55
11,16,56
11,17,56
11,16,57
11,17,57
11,16,58
11,17,58
11,17,59
11,17,60
11,17,61
11,17,62
11,17,63
12,14,0
12,15,0
12,14,1
12,15,1
12,15,2
12,14,3
12,15,3
12,14,4
12,15,4
12,14,5
12,13,6
12,14,6
12,12,7
12,13,7
12,11,8
12,12,8
12,10,9
12,11,9
13,6,17
13,7,17
13,6,18
13,7,18
13,6,19
13,7,19
13,8,19
13,7,20
13,8,20
13,8,21
13,9,21
13,9,22
13,10,22
13,9,23
13,10,23
13,10,24
13,10,25
13,11,25
13,11,26
13,11,27
13,11,28
13,12,28
13,11,29
13,12,29
13,12,30
13,12,31
13,12,32
13,13,32
13,12,33
13,13,33
13,13,34
13,13,35
13,14,35
13,13,36
13,14,36
13,14,37
13,14,38
13,15,38
13,14,39
13,15,39
13,15,40
13,15,41
13,16,41
13,15,42
13,16,42
13,16,43
13,16,44
13,16,45
13,16,46
13,16,47
13,16,48
13,16,49
13,16,50
13,16,51
13,16,52
13,16,53
13,17,53
13,17,54
13,17,55
13,17,56
13,17,57
13,17,58
13,17,59
13,17,60
13,17,61
13,18,61
13,17,62
13,18,62
13,18,63
14,15,0
14,16,0
14,15,1
14,16,1
14,15,2
14,16,2
14,15,3
14,16,3
14,15,4
14,16,4
14,14,5
14,15,5
14,14,6
14,15,6
14,13,7
14,14,7
14,12,8
14,13,8
14,11,9
14,12,9
14,11,10
14,12,10
14,10,11
14,11,11
14,9,12
14,10,12
14,8,13
14,9,13
14,10,13
14,8,14
14,9,14
14,7,15
14,8,15
14,7,16
14,8,16
14,6,17
14,7,17
14,8,17
14,6,18
14,7,18
14,6,19
14,7,19
14,7,20
14,8,20
14,7,21
14,8,21
14,9,21
14,8,22
14,9,22
14,9,23
14,10,23
14,10,24
14,10,25
14,10,26
14,11,26
14,11,27
14,11,28
14,11,29
14,12,29
14,11,30
14,12,30
14,12,31
14,12,32
14,12,33
14,13,33
14,12,34
14,13,34
14,13,35
14,13,36
14,14,36
14,13,37
14,14,37
14,14,38
14,14,39
14,15,39
14,14,40
14,15,40
14,15,41
14,15,42
14,16,42
14,15,43
14,16,43
14,15,44
14,16,44
14,16,45
14,16,46
14,16,47
14,16,48
14,16,49
14,16,50
14,16,51
14,16,52
14,16,53
14,17,53
14,17,54
14,17,55
14,17,56
14,17,57
14,17,58
14,17,59
14,17,60
14,18,60
14,17,61
14,18,61
14,18,62
14,18,63
15,15,0
15,16,0
15,16,1
15,16,2
15,16,3
15,15,4
15,16,4
15,15,5
15,16,5
15,14,6
15,15,6
15,13,7
15,14,7
15,13,8
15,14,8
15,12,9
15,13,9
15,11,10
15,12,10
15,11,11
15,12,11
15,10,12
15,11,12
15,9,13
15,10,13
15,9,14
15,10,14
15,8,15
15,9,15
15,8,16
15,9,16
15,8,17
15,9,17
15,7,18
15,8,18
15,7,19
15,8,19
15,7,20
15,7,21
15,8,21
15,8,22
15,9,22
15,9,23
15,9,24
15,10,24
15,10,25
15,10,26
15,11,26
15,10,27
15,11,27
15,10,28
15,11,28
15,11,29
15,11,30
15,11,31
15,12,31
15,11,32
15,12,32
15,12,33
15,12,34
15,13,34
15,12,35
15,13,35
15,12,36
15,13,36
15,13,37
15,14,37
15,13,38
15,14,38
15,14,39
15,14,40
15,15,40
15,14,41
15,15,41
15,15,42
15,15,43
15,15,44
15,16,44
15,15,45
15,16,45
15,16,46
15,16,47
15,16,48
15,16,49
15,16,50
15,16,51
15,16,52
15,16,53
15,17,53
15,16,54
15,17,54
15,17,55
15,17,56
15,17,57
15,17,58
15,17,59
15,17,60
15,18,60
15,18,61
15,18,62
15,18,63
16,16,0
16,16,1
16,16,2
16,16,3
16,16,4
16,15,5
16,16,5
16,15,6
16,16,6
16,14,7
16,15,7
16,13,8
16,14,8
16,13,9
16,14,9
16,12,10
16,13,10
16,11,11
16,12,11
16,11,12
16,12,12
16,10,13
16,11,13
16,9,14
16,10,14
16,11,14
16,9,15
16,10,15
16,9,16
16,10,16
16,8,17
16,9,17
16,10,17
16,8,18
16,9,18
16,7,19
16,8,19
16,9,19
16,7,20
16,8,20
16,7,21
16,8,21
16,8,22
16,9,22
16,8,23
16,9,23
16,9,24
16,10,24
16,9,25
16,10,25
16,10,26
16,10,27
16,10,28
16,11,28
16,10,29
16,11,29
16,10,30
16,11,30
16,10,31
16,11,31
16,11,32
16,12,32
16,11,33
16,12,33
16,11,34
16,12,34
16,12,35
16,12,36
16,13,36
16,12,37
16,13,37
16,13,38
16,14,38
16,13,39
16,14,39
16,14,40
16,14,41
16,15,41
16,14,42
16,15,42
16,15,43
16,15,44
16,15,45
16,15,46
16,16,46
16,15,47
16,16,47
16,15,48
16,16,48
16,16,49
16,16,50
16,16,51
16,16,52
16,16,53
16,16,54
16,17,54
16,16,55
16,17,55
16,17,56
16,17,57
16,17,58
16,17,59
16,17,60
16,18,60
16,18,61
16,18,62
16,18,63
17,16,0
17,16,1
17,17,1
17,16,2
17,17,2
17,16,3
17,17,3
17,16,4
17,17,4
17,16,5
17,15,6
17,16,6
17,14,7
17,15,7
17,16,7
17,14,8
17,15,8
17,13,9
17,14,9
17,12,10
17,13,10
17,14,10
17,12,11
17,13,11
17,11,12
17,12,12
17,11,13
17,12,13
17,10,14
17,11,14
17,10,15
17,11,15
17,10,16
17,11,16
17,9,17
17,10,17
17,9,18
17,10,18
17,8,19
17,9,19
17,7,20
17,8,20
17,9,20
17,7,21
17,8,21
17,7,22
17,8,22
17,8,23
17,9,23
17,9,24
17,9,25
17,8,26
17,9,26
17,10,26
17,8,27
17,9,27
17,10,27
17,8,28
17,9,28
17,10,28
17,9,29
17,10,29
17,9,30
17,10,30
17,10,31
17,11,31
17,10,32
17,11,32
17,11,33
17,11,34
17,12,34
17,11,35
17,12,35
17,12,36
17,12,37
17,13,37
17,12,38
17,13,38
17,13,39
17,14,39
17,13,40
17,14,40
17,14,41
17,14,42
17,15,42
17,14,43
17,15,43
17,14,44
17,15,44
17,15,45
17,15,46
17,15,47
17,15,48
17,15,49
17,16,49
17,15,50
17,16,50
17,15,51
17,16,51
17,16,52
17,16,53
17,16,54
17,16,55
17,17,55
17,16,56
17,17,56
17,17,57
17,17,58
17,17,59
17,17,60
17,18,60
17,18,61
17,18,62
17,18,63
18,16,0
18,17,0
18,16,1
18,17,1
18,17,2
18,17,3
18,16,4
18,17,4
18,16,5
18,17,5
18,16,6
18,17,6
18,15,7
18,16,7
18,14,8
18,15,8
18,16,8
18,14,9
18,15,9
18,13,10
18,14,10
18,12,11
18,13,11
18,14,11
18,12,12
18,13,12
18,11,13
18,12,13
18,11,14
18,12,14
18,11,15
18,12,15
18,10,16
18,11,16
18,10,17
18,11,17
18,9,18
18,10,18
18,11,18
18,9,19
18,10,19
18,8,20
18,9,20
18,7,21
18,8,21
18,9,21
18,7,22
18,8,22
18,8,23
18,9,23
18,8,24
18,9,24
18,8,25
18,9,25
18,8,26
18,9,26
18,8,27
18,9,27
18,8,28
18,9,28
18,8,29
18,9,29
18,9,30
18,10,30
18,9,31
18,10,31
18,10,32
18,11,32
18,10,33
18,11,33
18,10,34
18,11,34
18,11,35
18,12,35
18,11,36
18,12,36
18,12,37
18,12,38
18,13,38
18,13,39
18,13,40
18,14,40
18,13,41
18,14,41
18,14,42
18,14,43
18,14,44
18,15,44
18,14,45
18,15,45
18,14,46
18,15,46
18,14,47
18,15,47
18,15,48
18,15,49
18,15,50
18,15,51
18,16,51
18,15,52
18,16,52
18,15,53
18,16,53
18,16,54
18,16,55
18,16,56
18,17,56
18,16,57
18,17,57
18,17,58
18,17,59
18,17,60
18,18,60
18,17,61
18,18,61
18,18,62
18,18,63
19,17,0
19,17,1
19,17,2
19,17,3
19,17,4
19,17,5
19,16,6
19,17,6
19,16,7
19,17,7
19,15,8
19,16,8
19,14,9
19,15,9
19,16,9
19,14,10
19,15,10
19,13,11
19,14,11
19,13,12
19,14,12
19,12,13
19,13,13
19,12,14
19,13,14
19,11,15
19,12,15
19,13,15
19,11,16
19,12,16
19,11,17
19,12,17
19,10,18
19,11,18
19,9,19
19,10,19
19,11,19
19,9,20
19,10,20
19,8,21
19,9,21
19,8,22
19,9,22
19,8,23
19,9,23
19,8,24
19,9,24
19,8,25
19,9,25
19,8,26
19,9,26
19,9,27
19,8,28
19,9,28
19,8,29
19,9,29
19,9,30
19,9,31
19,10,31
19,9,32
19,10,32
19,10,33
19,10,34
19,11,34
19,11,35
19,11,36
19,12,36
19,11,37
19,12,37
19,12,38
19,13,38
19,12,39
19,13,39
19,13,40
19,13,41
19,14,41
19,13,42
19,14,42
19,13,43
19,14,43
19,14,44
19,14,45
19,14,46
19,14,47
19,15,47
19,14,48
19,15,48
19,14,49
19,15,49
19,15,50
19,15,51
19,15,52
19,15,53
19,16,53
19,15,54
19,16,54
19,16,55
19,16,56
19,16,57
19,17,57
19,16,58
19,17,58
19,17,59
19,17,60
19,17,61
19,18,61
19,18,62
19,18,63
20,17,0
20,17,1
20,17,2
20,17,3
20,17,4
20,17,5
20,17,6
20,16,7
20,17,7
20,16,8
20,17,8
20,15,9
20,16,9
20,14,10
20,15,10
20,16,10
20,14,11
20,15,11
20,13,12
20,14,12
20,13,13
20,14,13
20,13,14
20,14,14
20,12,15
20,13,15
20,12,16
20,13,16
20,11,17
20,12,17
20,11,18
20,12,18
20,10,19
20,11,19
20,9,20
20,10,20
20,11,20
20,9,21
20,10,21
20,9,22
20,10,22
20,9,23
20,10,23
20,8,24
20,9,24
20,8,25
20,9,25
20,9,26
20,10,26
20,9,27
20,10,27
20,9,28
20,10,28
20,9,29
20,10,29
20,9,30
20,9,31
20,9,32
20,10,32
20,10,33
20,10,34
20,11,34
20,10,35
20,11,35
20,11,36
20,11,37
20,12,37
20,12,38
20,12,39
20,13,39
20,12,40
20,13,40
20,13,41
20,13,42
20,13,43
20,14,43
20,13,44
20,14,44
20,13,45
20,14,45
20,13,46
20,14,46
20,14,47
20,14,48
20,14,49
20,14,50
20,15,50
20,14,51
20,15,51
20,14,52
20,15,52
20,15,53
20,15,54
20,16,54
20,15,55
20,16,55
20,15,56
20,16,56
20,16,57
20,16,58
20,17,58
20,16,59
20,17,59
20,17,60
20,17,61
20,17,62
20,18,62
20,18,63
21,17,0
21,17,1
21,18,1
21,17,2
21,18,2
21,17,3
21,18,3
21,17,4
21,18,4
21,17,5
21,18,5
21,17,6
21,17,7
21,16,8
21,17,8
21,16,9
21,17,9
21,15,10
21,16,10
21,15,11
21,16,11
21,14,12
21,15,12
21,14,13
21,15,13
21,13,14
21,14,14
21,13,15
21,14,15
21,13,16
21,14,16
21,12,17
21,13,17
21,11,18
21,12,18
21,13,18
21,11,19
21,12,19
21,10,20
21,11,20
21,10,21
21,11,21
21,10,22
21,11,22
21,9,23
21,10,23
21,9,24
21,10,24
21,9,25
21,10,25
21,9,26
21,10,26
21,10,27
21,10,28
21,9,29
21,10,29
21,9,30
21,10,30
21,9,31
21,9,32
21,10,32
21,9,33
21,10,33
21,9,34
21,10,34
21,9,35
21,10,35
21,11,35
21,10,36
21,11,36
21,11,37
21,12,37
21,11,38
21,12,38
21,12,39
21,12,40
21,13,40
21,12,41
21,13,41
21,12,42
21,13,42
21,13,43
21,13,44
21,13,45
21,13,46
21,14,46
21,13,47
21,14,47
21,13,48
21,14,48
21,13,49
21,14,49
21,14,50
21,14,51
21,14,52
21,15,52
21,14,53
21,15,53
21,14,54
21,15,54
21,15,55
21,15,56
21,16,56
21,15,57
21,16,57
21,16,58
21,16,59
21,17,59
21,16,60
21,17,60
21,17,61
21,17,62
21,17,63
21,18,63
22,17,0
22,18,0
22,18,1
22,18,2
22,18,3
22,18,4
22,17,5
22,18,5
22,17,6
22,18,6
22,17,7
22,18,7
22,17,8
22,16,9
22,17,9
22,16,10
22,17,10
22,15,11
22,16,11
22,15,12
22,16,12
22,14,13
22,15,13
22,14,14
22,15,14
22,14,15
22,15,15
22,13,16
22,14,16
22,13,17
22,14,17
22,12,18
22,13,18
22,11,19
22,12,19
22,13,19
22,11,20
22,12,20
22,11,21
22,12,21
22,10,22
22,11,22
22,10,23
22,11,23
22,10,24
22,11,24
22,10,25
22,11,25
22,10,26
22,11,26
22,10,27
22,11,27
22,10,28
22,11,28
22,10,29
22,11,29
22,9,30
22,10,30
22,9,31
22,10,31
22,9,32
22,10,32
22,9,33
22,10,33
22,9,34
22,10,34
22,9,35
22,10,35
22,10,36
22,11,36
22,10,37
22,11,37
22,11,38
22,12,38
22,11,39
22,12,39
22,12,40
22,12,41
22,12,42
22,13,42
22,12,43
22,13,43
22,12,44
22,13,44
22,12,45
22,13,45
22,13,46
22,13,47
22,13,48
22,13,49
22,14,49
22,13,50
22,14,50
22,13,51
22,14,51
22,14,52
22,14,53
22,14,54
22,15,54
22,14,55
22,15,55
22,15,56
22,15,57
22,16,57
22,15,58
22,16,58
22,16,59
22,16,60
22,17,60
22,16,61
22,17,61
22,16,62
22,17,62
22,17,63
23,18,0
23,18,1
23,18,2
23,18,3
23,18,4
23,18,5
23,18,6
23,17,7
23,18,7
23,17,8
23,18,8
23,17,9
23,16,10
23,17,10
23,16,11
23,17,11
23,15,12
23,16,12
23,15,13
23,16,13
23,15,14
23,16,14
23,14,15
23,15,15
23,14,16
23,15,16
23,13,17
23,14,17
23,13,18
23,14,18
23,12,19
23,13,19
23,12,20
23,13,20
23,11,21
23,12,21
23,13,21
23,11,22
23,12,22
23,11,23
23,12,23
23,11,24
23,12,24
23,11,25
23,11,26
23,11,27
23,11,28
23,11,29
23,10,30
23,11,30
23,10,31
23,11,31
23,10,32
23,11,32
23,10,33
23,9,34
23,10,34
23,9,35
23,10,35
23,10,36
23,10,37
23,11,37
23,11,38
23,11,39
23,12,39
23,11,40
23,12,40
23,12,41
23,12,42
23,12,43
23,12,44
23,12,45
23,13,45
23,12,46
23,13,46
23,12,47
23,13,47
23,12,48
23,13,48
23,12,49
23,13,49
23,13,50
23,13,51
23,13,52
23,14,52
23,13,53
23,14,53
23,13,54
23,14,54
23,14,55
23,14,56
23,15,56
23,14,57
23,15,57
23,15,58
23,15,59
23,16,59
23,15,60
23,16,60
23,16,61
23,16,62
23,17,62
23,16,63
23,17,63
24,18,0
24,18,1
24,18,2
24,18,3
24,18,4
24,18,5
24,18,6
24,18,7
24,17,8
24,18,8
24,17,9
24,18,9
24,17,10
24,18,10
24,16,11
24,17,11
24,16,12
24,17,12
24,16,13
24,17,13
24,15,14
24,16,14
24,15,15
24,16,15
24,14,16
24,15,16
24,16,16
24,14,17
24,15,17
24,14,18
24,15,18
24,13,19
24,14,19
24,13,20
24,14,20
24,12,21
24,13,21
24,12,22
24,13,22
24,12,23
24,13,23
24,11,24
24,12,24
24,11,25
24,12,25
24,11,26
24,12,26
24,11,27
24,12,27
24,11,28
24,12,28
24,11,29
24,12,29
24,11,30
24,12,30
24,11,31
24,10,32
24,11,32
24,10,33
24,11,33
24,10,34
24,9,35
24,10,35
24,9,36
24,10,36
24,10,37
24,11,37
24,10,38
24,11,38
24,11,39
24,11,40
24,11,41
24,12,41
24,11,42
24,12,42
24,11,43
24,12,43
24,11,44
24,12,44
24,12,45
24,12,46
24,12,47
24,12,48
24,12,49
24,13,49
24,12,50
24,13,50
24,12,51
24,13,51
24,12,52
24,13,52
24,13,53
24,13,54
24,14,54
24,13,55
24,14,55
24,14,56
24,14,57
24,15,57
24,14,58
24,15,58
24,15,59
24,15,60
24,16,60
24,15,61
24,16,61
24,16,62
24,16,63
25,18,0
25,18,1
25,18,2
25,18,3
25,18,4
25,18,5
25,18,6
25,18,7
25,18,8
25,18,9
25,17,10
25,18,10
25,17,11
25,18,11
25,17,12
25,16,13
25,17,13
25,16,14
25,17,14
25,16,15
25,15,16
25,16,16
25,15,17
25,16,17
25,14,18
25,15,18
25,14,19
25,15,19
25,13,20
25,14,20
25,13,21
25,14,21
25,13,22
25,14,22
25,12,23
25,13,23
25,12,24
25,13,24
25,12,25
25,13,25
25,12,26
25,13,26
25,12,27
25,13,27
25,12,28
25,13,28
25,12,29
25,13,29
25,12,30
25,11,31
25,12,31
25,11,32
25,12,32
25,11,33
25,10,34
25,11,34
25,9,35
25,10,35
25,11,35
25,9,36
25,10,36
25,10,37
25,10,38
25,11,38
25,11,39
25,11,40
25,11,41
25,11,42
25,11,43
25,11,44
25,11,45
25,12,45
25,11,46
25,12,46
25,11,47
25,12,47
25,11,48
25,12,48
25,11,49
25,12,49
25,11,50
25,12,50
25,11,51
25,12,51
25,12,52
25,13,52
25,12,53
25,13,53
25,12,54
25,13,54
25,13,55
25,14,55
25,13,56
25,14,56
25,13,57
25,14,57
25,14,58
25,15,58
25,14,59
25,15,59
25,15,60
25,15,61
25,16,61
25,15,62
25,16,62
25,16,63
26,18,0
26,18,1
26,18,2
26,18,3
26,18,4
26,18,5
26,18,6
26,19,6
26,18,7
26,18,8
26,18,9
26,18,10
26,18,11
26,17,12
26,18,12
26,17,13
26,18,13
26,16,14
26,17,14
26,16,15
26,17,15
26,16,16
26,17,16
26,15,17
26,16,17
26,15,18
26,16,18
26,14,19
26,15,19
26,14,20
26,15,20
26,14,21
26,15,21
26,13,22
26,14,22
26,13,23
26,14,23
26,13,24
26,14,24
26,13,25
26,14,25
26,13,26
26,14,26
26,13,27
26,14,27
26,13,28
26,14,28
26,13,29
26,12,30
26,13,30
26,12,31
26,13,31
26,12,32
26,13,32
26,11,33
26,12,33
26,11,34
26,12,34
26,10,35
26,11,35
26,10,36
26,10,37
26,10,38
26,10,39
26,11,39
26,10,40
26,11,40
26,10,41
26,11,41
26,10,42
26,11,42
26,10,43
26,11,43
26,10,44
26,11,44
26,11,45
26,11,46
26,11,47
26,11,48
26,11,49
26,11,50
26,11,51
26,12,51
26,11,52
26,12,52
26,12,53
26,12,54
26,13,54
26,12,55
26,13,55
26,13,56
26,13,57
26,14,57
26,14,58
26,14,59
26,15,59
26,14,60
26,15,60
26,15,61
26,15,62
26,15,63
26,16,63
27,18,0
27,18,1
27,18,2
27,18,3
27,18,4
27,18,5
27,18,6
27,19,6
27,18,7
27,19,7
27,18,8
27,18,9
27,18,10
27,18,11
27,18,12
27,17,13
27,18,13
27,17,14
27,17,15
27,16,16
27,17,16
27,16,17
27,15,18
27,16,18
27,15,19
27,15,20
27,14,21
27,15,21
27,14,22
27,14,23
27,14,24
27,14,25
27,14,26
27,14,27
27,14,28
27,13,29
27,14,29
27,13,30
27,13,31
27,12,32
27,13,32
27,12,33
27,11,34
27,12,34
27,10,35
27,11,35
27,10,36
27,11,36
27,10,37
27,10,38
27,10,39
27,10,40
27,10,41
27,10,42
27,11,42
27,11,43
27,11,44
27,11,45
27,11,46
27,11,47
27,11,48
27,11,49
27,11,50
27,11,51
27,11,52
27,12,52
27,12,53
27,12,54
27,12,55
27,13,55
27,13,56
27,13,57
27,14,57
27,13,58
27,14,58
27,14,59
27,14,60
27,15,60
27,14,61
27,15,61
27,15,62
27,15,63
5,6,17
5,7,17
5,6,18
5,7,18
5,7,19
5,8,19
5,7,20
5,8,20
5,8,21
5,8,22
5,9,22
5,9,23
5,9,24
5,10,24
5,10,25
5,11,25
5,10,26
5,11,26
5,11,27
5,12,27
5,12,28
5,12,29
5,12,30
5,13,30
5,13,31
5,13,32
5,14,32
5,14,33
5,14,34
5,14,35
5,14,36
5,15,36
5,15,37
5,15,38
5,15,39
5,15,40
5,15,41
5,15,42
5,15,43
5,15,44
5,15,45
5,15,46
5,15,47
5,15,48
5,14,49
5,15,49
5,14,50
5,15,50
5,14,51
5,15,51
5,14,52
5,15,52
5,14,53
5,15,53
5,14,54
5,15,54
5,14,55
5,15,55
5,14,56
5,15,56
5,14,57
5,15,57
5,14,58
5,15,58
5,14,59
5,15,59
5,15,60
5,15,61
5,15,62
5,15,63
6,12,0
6,13,0
6,12,1
6,13,1
12,9,10
12,10,10
12,11,10
12,9,11
12,10,11
12,8,12
12,9,12
12,7,13
12,8,13
12,9,13
12,6,14
12,7,14
12,8,14
12,6,15
12,7,15
12,6,16
12,7,16
12,6,17
12,7,17
12,7,18
12,8,18
12,7,19
12,8,19
12,8,20
12,9,20
12,9,21
12,9,22
12,10,22
12,10,23
12,10,24
12,10,25
12,11,25
12,11,26
12,11,27
12,11,28
12,12,28
12,12,29
12,12,30
12,12,31
12,13,31
12,12,32
12,13,32
12,13,33
12,13,34
12,14,34
12,13,35
12,14,35
12,14,36
12,14,37
12,15,37
12,14,38
12,15,38
12,15,39
12,15,40
12,15,41
12,16,41
12,16,42
12,16,43
12,16,44
12,16,45
12,16,46
12,16,47
12,16,48
12,16,49
12,16,50
12,16,51
12,16,52
12,16,53
12,17,53
12,16,54
12,17,54
12,16,55
12,17,55
12,17,56
12,17,57
12,17,58
12,17,59
12,17,60
12,17,61
12,17,62
12,18,62
12,17,63
12,18,63
13,15,0
13,15,1
13,15,2
13,15,3
13,14,4
13,15,4
13,14,5
13,15,5
13,13,6
13,14,6
13,12,7
13,13,7
13,14,7
13,12,8
13,13,8
13,11,9
13,12,9
13,10,10
13,11,10
13,9,11
13,10,11
13,11,11
13,9,12
13,10,12
13,8,13
13,9,13
13,7,14
13,8,14
13,6,15
13,7,15
13,8,15
13,6,16
13,7,16
