12,9,39
11,11,58
7,13,7
24,11,57
24,11,35
10,14,8
26,21,1
15,17,3
13,10,49
25,21,6
25,11,36
13,14,11
20,13,62
4,10,25
10,8,32
11,9,43
19,16,12
14,11,16
18,9,32
15,14,13
24,21,0
16,10,36
23,15,17
19,14,15
3,12,62
17,14,15
0,10,22
22,9,35
16,16,10
14,17,7
21,16,13
20,13,22
9,10,56
0,12,57
26,21,5
27,17,14
19,13,60
26,22,1
17,9,47
13,12,15
8,10,52
1,6,15
1,12,49
20,13,61
16,11,21
23,12,29
19,12,59
9,11,15
3,7,15
16,16,11
5,9,24
15,12,59
24,12,40
7,8,24
11,10,15
10,9,35
4,12,34
24,11,49
6,11,30
22,12,44
4,12,7
14,15,11
26,12,49
3,8,13
7,11,46
21,15,13
18,18,1
20,16,11
22,12,29
4,8,14
24,15,21
25,13,30
17,10,50
1,13,31
18,12,17
14,10,48
9,6,21
7,11,51
20,18,9
4,9,23
11,9,29
17,10,44
24,11,37
21,20,2
13,11,56
10,15,3
9,10,61
22,17,12
12,11,56
10,9,50
21,13,20
14,11,56
26,17,13
2,11,4
0,12,1
0,5,16
2,13,35
24,11,56
22,20,3
6,12,9
1,12,30
17,10,26
27,16,21
25,15,26
4,11,28
22,14,19
5,12,56
0,7,19
0,7,10
5,13,7
6,10,14
21,11,48
22,13,24
21,19,6
11,9,40
15,12,16
21,16,11
4,12,54
2,10,23
0,8,10
22,9,34
27,22,1
19,12,57
13,10,17
10,10,55
15,11,53
23,11,31
6,7,20
16,9,29
4,8,15
19,9,50
15,14,46
27,21,7
19,13,22
12,9,23
18,15,12
25,16,19
8,8,27
19,13,19
26,14,30
8,11,58
5,11,38
25,15,17
25,11,32
23,14,22
5,11,26
0,13,50
0,13,45
20,10,34
25,16,22
19,18,3
9,9,51
4,11,10
26,15,27
14,12,15
18,19,2
9,10,36
17,15,14
7,10,32
16,11,58
9,13,12
27,21,4
9,10,39
5,11,35
10,10,47
19,12,41
7,9,23
8,13,8
27,15,25
0,7,9
15,8,26
26,12,35
20,9,34
25,15,25
5,11,8
12,10,49
13,11,59
2,12,4
20,19,4
3,12,39
21,14,45
17,12,61
26,22,0
23,11,56
17,11,40
10,9,37
8,11,49
0,14,34
17,10,48
7,11,38
8,7,21
12,11,63
8,8,25
23,13,27
9,13,10
21,18,8
25,13,29
25,12,38
10,13,11
21,19,4
11,7,25
14,8,26
12,9,18
9,9,38
15,14,14
3,12,32
4,12,29
8,10,39
26,16,25
20,14,16
3,12,27
5,11,32
27,12,60
10,10,17
15,13,14
15,16,9
13,11,62
10,14,11
10,7,20
0,11,1
1,12,62
24,17,13
4,8,20
1,11,2
12,11,61
12,15,6
24,19,10
9,11,58
14,15,12
5,8,14
15,17,5
10,14,10
5,12,44
13,9,43
4,14,1
1,9,9
16,11,54
20,19,0
19,19,2
2,12,53
23,13,29
12,16,3
21,11,45
16,11,24
18,12,24
6,7,16
4,11,9
12,8,38
3,11,25
6,9,15
26,12,33
10,10,46
19,12,24
3,10,11
5,12,53
26,11,60
9,10,35
0,13,52
23,14,20
22,11,49
27,16,25
25,16,21
18,11,36
12,15,46
27,14,31
19,11,47
21,19,5
16,11,56
15,10,40
14,16,1
5,14,4
9,10,63
18,10,48
25,14,26
25,11,53
12,16,1
22,10,51
4,13,4
26,21,7
24,15,19
4,12,33
15,16,10
14,10,23
25,11,52
23,12,45
6,11,31
25,17,12
14,11,53
12,8,36
22,10,36
9,10,59
18,18,2
20,11,30
8,15,1
3,12,31
0,12,60
18,13,17
21,9,34
23,14,18
14,8,27
20,13,17
6,11,39
24,12,58
19,11,45
2,12,35
10,10,16
13,10,19
8,8,22
3,12,45
20,17,10
18,10,28
24,16,14
24,20,3
16,9,34
14,10,19
7,9,14
2,11,26
1,9,22
0,12,62
22,13,27
6,11,40
0,9,20
2,12,62
16,9,46
13,16,1
16,17,8
9,12,13
13,11,61
2,12,59
11,7,22
4,7,20
23,10,36
13,8,36
10,11,14
18,10,29
9,12,12
5,6,18
12,16,4
11,8,22
4,12,63
9,10,62
21,10,31
12,8,20
14,13,14
14,11,59
15,10,36
15,10,23
27,18,12
18,14,15
4,12,58
0,14,39
13,14,10
24,17,11
18,13,18
19,12,25
12,9,37
24,10,51
19,12,22
27,19,11
18,19,3
3,9,9
15,9,44
12,9,22
17,14,14
1,13,30
2,8,20
16,11,51
14,11,60
26,12,46
10,7,23
17,15,13
14,9,23
13,9,46
9,10,58
4,6,19
11,15,3
0,13,39
19,10,50
26,12,45
27,17,17
7,11,42
2,13,37
16,10,48
14,17,6
0,9,22
27,22,2
23,11,55
20,13,16
0,11,2
6,12,11
22,13,26
25,16,14
13,12,14
7,12,9
19,18,4
1,8,19
1,13,0
6,11,61
15,11,55
10,11,57
20,19,7
9,9,39
21,20,1
0,7,18
8,8,17
13,14,13
7,14,8
17,10,27
26,22,2
9,10,32
8,10,31
20,11,45
14,9,48
0,5,15
6,6,19
10,9,41
0,12,55
22,13,63
26,12,61
26,16,23
16,15,13
9,9,49
24,19,9
21,13,62
15,12,61
10,9,47
5,12,34
2,12,54
22,12,55
16,12,19
0,12,63
3,12,34
5,12,52
17,11,44
23,12,61
22,13,44
24,18,12
24,15,15
0,13,49
25,11,59
26,22,4
0,14,36
23,14,27
2,10,22
10,13,10
10,10,63
11,14,46
18,13,15
3,10,24
22,10,35
18,11,30
3,13,4
27,15,26
26,20,9
12,8,39
11,15,1
26,12,41
6,11,52
5,9,23
8,7,17
22,14,25
17,12,24
24,15,20
13,11,60
15,14,45
9,10,51
2,12,34
2,13,33
5,10,24
15,8,33
14,9,45
19,11,37
5,11,10
26,20,6
8,14,2
0,11,25
2,13,38
1,11,5
13,7,25
14,11,52
2,9,11
25,17,13
15,9,29
5,12,54
17,14,13
6,9,14
6,8,21
19,11,39
9,10,15
8,10,14
19,12,60
11,8,37
12,14,12
22,11,30
7,9,16
4,12,53
1,7,19
2,8,19
14,12,63
5,11,57
15,11,40
5,11,51
9,9,35
1,13,34
10,9,38
20,11,55
23,11,36
26,12,51
6,11,32
8,9,15
14,11,61
9,9,30
19,12,23
21,12,60
0,13,47
6,11,63
25,11,56
3,11,5
24,12,31
19,12,27
1,10,6
9,8,26
15,11,50
20,12,58
4,12,32
6,11,54
15,10,46
2,8,21
9,10,47
12,9,21
0,7,14
17,15,12
12,8,28
21,10,50
21,13,18
12,11,58
20,14,17
24,20,7
19,18,5
22,11,32
12,8,30
10,9,32
24,19,7
17,12,63
27,12,43
20,12,40
14,16,7
3,12,40
19,13,18
8,11,43
17,10,46
11,8,33
22,14,16
19,10,51
14,9,22
15,8,29
24,20,2
8,9,26
5,8,15
20,10,47
14,10,36
6,14,2
16,9,28
14,16,0
26,17,15
4,9,24
25,12,48
5,9,13
14,11,58
23,13,63
22,12,41
5,12,42
3,12,42
3,12,35
20,16,12
8,10,54
15,11,57
3,9,13
24,12,32
15,16,11
11,9,31
15,9,26
2,6,16
15,17,1
18,11,29
10,15,8
1,9,8
2,13,36
6,10,28
25,16,16
17,9,32
20,9,35
26,13,63
18,10,36
4,7,17
13,17,3
26,15,25
0,12,52
16,18,0
14,7,28
4,12,8
24,12,46
15,10,49
25,16,20
14,14,11
23,11,57
24,13,61
22,20,6
9,9,40
3,8,22
7,11,30
19,12,21
21,11,43
16,11,44
18,14,45
21,13,28
12,8,40
1,12,48
19,12,58
14,11,54
11,8,39
11,16,5
21,15,15
13,7,26
12,10,16
22,19,0
4,14,3
10,11,56
11,9,50
8,11,44
23,10,35
9,9,48
1,12,44
0,9,8
12,7,26
14,8,32
9,9,54
9,11,63
18,12,61
7,11,36
0,14,37
15,10,42
2,12,61
5,11,41
1,13,40
11,14,9
1,12,54
13,7,28
22,15,14
14,12,62
13,16,0
8,10,42
24,12,47
25,11,33
15,9,33
17,18,5
10,7,21
7,10,31
14,8,28
1,7,14
18,18,0
3,13,1
22,12,45
11,8,32
21,14,16
18,16,10
12,11,15
8,9,28
23,12,31
19,13,16
9,14,6
21,10,35
11,7,23
10,10,60
13,11,57
4,12,36
15,10,35
8,14,0
4,11,58
25,10,55
17,9,33
18,10,27
14,16,10
17,18,4
23,15,14
19,12,19
3,11,7
13,9,22
17,17,6
11,11,55
11,11,54
12,14,46
19,13,20
24,14,24
19,9,49
24,14,27
0,13,44
24,17,14
16,9,26
27,12,34
9,9,50
14,7,30
12,9,24
6,13,6
9,15,6
21,11,38
4,8,22
21,9,35
6,10,27
2,12,60
3,12,61
13,9,34
27,12,53
0,12,25
14,9,46
23,14,19
16,11,23
10,9,48
21,11,55
9,10,41
16,11,39
8,11,61
9,9,36
5,12,46
10,10,58
27,12,47
4,12,46
0,8,7
12,11,54
10,8,21
20,11,43
6,11,42
11,15,9
13,13,13
10,10,54
6,7,18
24,12,49
14,10,35
21,17,9
15,8,30
26,17,16
1,12,55
8,10,44
20,19,6
4,11,8
23,20,4
22,11,54
14,9,36
14,12,16
19,11,38
27,19,9
10,9,27
8,11,62
10,11,61
11,9,47
0,9,21
16,15,11
11,16,4
5,11,45
2,12,2
27,16,23
16,12,57
13,9,42
10,10,44
23,11,33
26,12,44
14,11,17
24,15,16
7,8,16
7,9,15
17,11,43
21,16,12
21,19,2
19,11,28
16,10,49
24,14,28
7,10,36
14,11,57
4,11,27
2,12,41
5,11,27
20,10,36
8,7,24
5,12,37
21,12,39
24,11,55
14,8,33
23,12,47
16,17,0
23,19,9
17,13,62
10,10,56
11,8,19
11,7,26
26,12,50
15,10,21
22,14,44
7,9,25
6,13,8
5,10,13
22,14,20
5,11,40
26,17,19
10,7,19
13,9,30
20,10,51
5,12,47
11,15,6
21,12,58
7,11,44
23,13,61
22,12,59
25,11,54
14,10,38
9,7,23
23,14,17
19,18,1
15,17,2
15,13,16
16,9,33
9,11,61
2,13,40
24,21,3
23,17,11
13,15,11
24,15,23
2,12,63
22,19,8
14,14,45
26,11,53
17,11,23
6,12,62
26,11,54
14,8,31
27,12,38
8,11,12
20,12,44
10,8,36
21,11,30
17,12,20
25,21,1
14,8,34
3,12,43
7,6,18
8,11,59
25,12,43
25,20,9
25,12,44
5,10,25
9,12,11
11,8,40
21,13,26
13,11,17
21,14,21
23,12,38
7,10,41
12,9,49
15,9,28
16,11,36
21,12,27
6,13,9
10,8,41
21,11,41
0,13,28
5,10,10
15,11,37
23,13,26
11,15,7
24,11,52
4,12,39
6,9,22
20,12,41
19,11,41
16,11,50
24,11,34
21,11,50
17,10,30
17,11,45
25,14,27
19,17,11
12,15,0
27,21,0
20,12,25
23,19,7
18,18,5
4,6,18
10,15,1
20,13,18
1,10,24
18,9,31
17,11,19
10,10,43
26,12,48
3,7,16
4,12,30
2,12,3
1,7,11
24,12,57
23,10,51
6,13,7
19,17,8
23,20,3
17,11,37
12,7,27
11,8,20
26,17,20
0,12,56
13,9,20
12,13,14
7,6,19
24,12,42
11,7,21
15,12,18
4,12,42
0,13,38
3,9,10
22,12,46
5,11,44
8,14,4
3,9,12
10,11,15
5,12,55
9,9,27
8,11,63
7,9,27
20,10,48
19,19,0
9,7,19
27,12,45
13,8,32
4,12,60
21,19,1
1,12,2
9,7,18
12,9,29
0,9,5
8,10,41
3,12,57
20,14,15
12,10,51
5,12,38
6,14,0
9,6,23
25,12,49
19,14,16
7,7,18
8,11,50
2,12,27
15,8,27
12,7,25
8,15,4
20,15,15
21,16,14
18,8,33
8,10,56
27,14,29
8,10,57
8,9,17
5,12,10
20,15,14
2,8,11
18,11,24
11,8,30
0,13,53
18,15,14
18,14,14
22,15,63
18,18,4
18,13,61
24,10,36
25,21,0
22,12,43
12,15,8
15,8,31
13,8,35
9,14,7
16,8,32
14,16,9
13,10,50
6,11,36
14,10,50
5,12,35
13,11,54
22,19,7
13,8,30
3,12,55
4,12,62
4,12,51
2,10,24
16,10,25
7,11,31
11,11,59
22,12,58
7,11,45
26,12,39
6,9,13
24,15,17
13,9,47
7,13,9
23,12,42
26,12,40
6,11,57
25,14,28
11,9,42
22,14,21
18,16,11
24,12,62
19,12,55
21,14,23
2,12,52
17,17,7
24,11,58
2,5,16
14,16,6
20,13,60
0,9,4
13,9,37
19,10,35
27,12,39
24,12,59
3,12,30
3,12,41
2,13,44
22,14,22
22,20,2
8,12,13
9,11,13
3,12,53
10,10,45
18,11,43
10,8,37
12,9,43
8,14,5
9,15,2
11,11,62
11,16,2
7,11,39
20,13,19
11,10,52
13,11,52
1,13,43
7,12,12
1,10,7
18,10,46
24,16,13
14,9,47
14,9,20
22,11,38
10,14,9
8,7,20
26,12,60
17,10,49
4,13,0
7,9,26
19,16,13
23,12,56
7,9,24
27,18,13
23,12,58
18,17,7
21,18,10
23,14,21
19,11,30
5,14,5
13,16,9
13,7,30
2,5,17
4,12,5
22,11,39
22,12,60
10,9,54
15,10,19
21,12,59
9,7,22
5,12,40
15,14,12
23,10,52
9,9,41
16,13,15
16,11,18
23,11,50
9,10,29
12,14,11
4,13,3
13,10,51
12,15,10
8,10,13
24,11,36
22,10,50
5,12,58
21,15,14
8,7,22
10,9,17
24,12,44
10,8,40
6,8,22
18,11,44
16,17,6
9,9,37
23,11,51
15,11,19
7,8,22
22,10,32
21,13,61
2,7,19
25,11,55
0,12,61
2,10,9
2,12,51
5,13,3
15,11,18
17,18,7
5,6,17
6,14,3
5,7,21
22,11,46
18,18,3
11,11,57
20,11,42
14,11,51
27,14,30
14,11,55
1,13,38
11,7,27
13,7,27
16,15,12
10,8,28
5,11,61
24,11,32
22,11,53
24,11,48
26,18,14
10,8,34
26,11,55
19,9,31
17,11,26
5,11,36
22,19,4
0,14,40
5,15,47
20,18,8
5,11,30
14,10,18
8,8,18
21,20,0
1,13,45
13,8,25
22,14,18
21,13,63
6,11,37
27,19,10
22,20,4
19,19,4
1,10,22
24,21,4
15,10,45
23,20,5
18,12,56
25,16,17
15,10,41
7,10,29
27,15,28
3,10,9
3,7,19
23,12,59
19,15,13
4,8,13
10,9,49
24,13,30
7,10,28
17,11,42
1,12,27
5,11,59
24,21,1
5,11,11
3,11,26
18,17,8
11,13,13
2,11,25
8,9,27
5,12,48
3,9,23
21,10,36
2,13,0
9,9,28
11,9,18
18,11,38
18,9,35
22,18,10
19,9,48
11,16,3
1,12,57
15,11,20
22,16,12
12,8,37
1,12,28
20,11,41
2,7,14
12,10,50
15,17,7
17,15,11
19,9,32
7,10,35
17,18,2
3,9,22
4,12,49
0,6,15
23,12,57
17,12,57
24,12,38
9,15,7
17,9,31
6,11,46
6,12,50
5,8,22
17,12,22
21,12,42
25,12,41
10,10,61
22,11,52
11,8,41
27,12,57
0,13,36
17,12,21
16,18,4
7,10,40
14,9,24
25,11,35
27,11,58
21,12,44
8,11,57
27,20,8
20,13,26
16,11,43
10,10,30
25,15,20
9,10,48
23,19,6
26,22,3
27,12,54
11,10,53
4,11,59
4,13,1
4,9,11
21,12,26
26,17,21
13,14,46
16,14,45
10,8,33
5,12,29
0,11,4
9,15,0
22,11,55
13,8,24
26,12,52
16,12,16
2,10,6
1,12,53
19,18,0
19,10,37
5,6,19
4,12,44
24,16,17
23,15,19
12,11,57
10,9,36
23,18,9
16,8,31
21,12,41
7,12,10
21,11,37
23,20,7
25,15,18
22,14,17
26,18,11
2,12,47
18,12,21
11,12,14
27,12,51
7,10,37
22,9,33
0,7,12
0,6,13
16,12,63
10,9,40
25,19,8
6,12,49
11,11,15
23,15,20
15,10,20
20,19,2
1,12,1
17,11,38
23,18,10
6,11,11
8,10,49
11,10,16
27,20,7
13,16,5
18,18,7
8,10,38
13,11,58
26,13,32
26,12,37
12,16,0
5,11,34
1,12,56
23,11,53
21,17,11
26,12,42
25,13,62
9,11,56
13,13,12
7,10,33
2,12,37
9,10,33
17,17,8
0,7,13
17,9,29
18,9,49
21,9,32
27,21,5
19,11,27
6,9,25
4,9,14
25,15,27
9,9,53
7,11,60
11,11,63
5,11,39
18,11,41
2,10,7
0,9,6
3,10,8
0,13,46
18,16,12
1,12,60
9,14,8
6,11,60
8,11,60
20,10,32
2,12,44
6,7,19
13,10,39
4,12,35
11,14,8
5,12,62
7,11,50
6,11,38
9,10,14
4,9,22
20,11,39
13,8,29
18,11,53
5,12,59
24,10,54
0,13,51
19,9,34
13,13,14
4,10,12
9,15,4
13,16,4
20,10,31
23,13,28
11,9,52
9,7,25
3,5,17
7,12,11
26,11,56
11,11,60
21,11,46
24,12,48
0,5,14
6,11,33
2,12,30
7,10,13
11,9,30
5,10,11
16,11,25
2,13,39
26,14,29
7,14,3
24,12,60
14,9,25
2,12,5
27,12,63
25,20,6
12,9,38
7,8,17
16,11,19
25,17,16
25,18,11
14,10,37
11,16,6
10,9,51
4,11,7
13,11,15
15,11,59
5,7,15
7,11,55
13,17,5
20,17,9
0,11,23
25,12,52
11,8,24
8,10,53
21,10,33
25,18,13
0,16,48
2,9,23
16,14,13
1,13,41
22,14,26
2,13,42
8,10,34
2,12,38
17,10,25
16,10,35
11,8,34
2,13,31
21,10,34
22,20,5
9,7,21
15,15,10
21,14,22
14,15,10
20,18,7
4,8,21
3,8,20
0,8,9
12,14,10
13,9,23
6,11,49
5,10,27
18,10,30
5,13,4
19,11,46
0,13,42
23,11,52
21,14,24
5,8,16
0,6,17
8,7,23
5,11,9
10,15,6
0,11,3
18,18,6
7,11,59
12,16,6
26,11,58
12,10,17
12,9,47
13,11,51
1,6,14
12,10,18
14,7,29
15,17,0
10,8,19
7,10,14
6,14,7
4,14,0
17,11,21
10,9,46
15,11,52
8,15,3
20,12,56
25,13,31
5,12,33
1,11,24
23,15,15
25,12,58
26,11,52
6,9,24
13,10,48
3,7,18
11,8,27
6,12,63
9,8,27
23,20,6
0,12,0
0,10,23
21,10,49
16,9,31
11,15,2
22,11,56
27,20,9
13,17,4
19,10,52
8,10,58
23,15,22
16,10,42
6,11,58
4,12,57
13,9,19
14,7,27
25,15,22
24,21,2
11,14,12
8,10,46
25,12,34
19,12,18
21,19,8
26,15,28
14,10,43
4,12,4
6,15,47
9,10,52
18,12,23
3,12,5
11,16,1
16,10,46
11,7,24
24,12,39
21,19,0
13,12,63
18,12,18
27,16,26
11,15,8
24,20,6
16,9,48
7,7,21
0,12,26
5,12,36
15,17,4
16,17,2
10,10,57
17,12,18
15,16,8
12,11,52
17,12,60
9,7,24
11,11,14
22,12,30
20,13,25
23,11,47
6,11,43
25,12,42
13,7,29
6,10,12
15,15,13
20,13,21
5,7,20
12,12,15
26,12,38
20,11,40
21,18,9
5,7,16
11,8,31
27,12,56
3,12,58
24,11,38
23,12,30
22,11,47
25,17,14
17,9,34
12,11,16
1,12,46
5,11,62
3,12,46
9,10,16
15,12,62
17,11,27
16,14,15
26,16,17
14,13,15
7,11,56
15,10,44
7,11,62
8,11,45
3,8,12
13,10,40
21,11,31
18,9,48
23,10,53
26,16,18
10,9,28
14,11,19
17,12,17
11,11,53
15,17,6
2,11,5
18,12,19
21,15,16
21,13,21
14,10,24
18,13,16
9,10,38
14,9,26
9,7,26
27,18,11
5,11,42
26,13,30
0,12,51
19,18,2
11,12,15
23,14,24
23,15,21
27,14,28
2,5,15
25,10,53
6,11,13
19,15,14
14,10,39
5,10,26
7,11,32
5,12,57
25,20,7
16,17,9
18,9,33
6,11,53
24,15,18
12,8,35
16,12,61
5,13,5
27,17,19
25,15,24
3,12,60
0,13,41
0,10,6
13,9,39
25,12,45
2,8,14
13,15,10
3,13,3
2,12,55
17,9,48
7,10,38
4,12,6
24,20,0
9,10,45
13,10,20
16,12,17
16,13,16
17,10,29
10,14,7
16,18,1
14,10,21
5,11,54
18,13,62
10,8,17
14,12,61
19,18,8
3,12,59
6,10,26
17,11,24
17,11,55
4,9,12
7,11,41
25,15,23
5,12,43
21,12,56
8,6,20
11,10,17
23,13,62
0,13,32
9,10,60
21,12,45
18,10,31
17,17,0
2,12,29
21,11,52
27,17,21
13,12,16
14,10,42
3,7,20
10,9,29
23,16,13
10,8,35
3,6,16
19,15,12
8,11,52
6,11,28
22,12,40
17,10,28
20,10,52
4,12,37
20,11,46
7,11,13
1,13,32
25,12,32
22,15,15
12,8,21
8,7,19
5,11,56
20,9,32
13,10,52
24,12,43
7,11,47
21,10,32
17,9,30
25,11,50
18,11,45
7,8,23
6,6,17
27,22,4
9,6,22
14,12,60
7,11,53
6,11,41
1,12,52
6,11,27
8,11,51
2,12,28
8,8,24
5,12,8
3,12,51
12,9,46
22,18,9
2,12,50
11,13,11
11,13,12
21,11,39
3,11,8
27,13,31
13,17,2
20,12,60
23,14,26
13,16,6
8,11,46
14,17,4
3,12,52
26,17,18
7,11,57
1,7,13
22,13,28
25,11,58
27,17,20
6,8,15
8,15,5
15,12,60
17,16,9
11,15,4
9,9,42
26,15,24
7,13,10
9,6,19
11,8,18
9,11,52
8,10,33
23,12,48
12,16,8
20,16,13
1,12,25
27,12,36
10,9,43
10,9,44
0,12,29
18,10,49
9,9,33
25,19,11
9,14,5
21,13,17
23,15,24
27,16,22
10,9,18
2,9,7
18,12,26
14,16,5
2,10,5
14,13,16
27,13,30
16,18,2
2,9,8
4,12,28
7,11,43
18,10,51
5,11,47
1,8,20
25,18,10
26,15,26
8,14,6
4,10,9
4,12,40
9,10,34
16,8,33
9,10,57
19,13,17
2,12,33
11,16,0
9,15,1
15,9,46
13,16,7
20,13,63
21,11,54
18,11,52
23,20,0
22,12,61
16,9,30
17,16,12
10,11,13
25,12,61
12,9,40
1,11,23
21,12,55
9,8,25
20,11,44
23,14,23
25,11,51
12,15,7
19,12,28
10,12,12
2,7,18
5,11,46
6,11,44
5,11,37
18,11,39
24,13,31
10,15,2
7,11,37
4,10,26
0,10,3
19,11,51
23,17,13
23,16,14
20,11,53
12,10,53
11,9,51
9,10,46
20,10,49
15,10,24
18,11,26
27,22,3
6,11,62
5,10,12
6,6,18
2,12,43
13,9,48
2,9,22
18,12,20
23,11,48
4,7,15
19,19,6
4,12,48
17,9,35
1,7,18
5,11,28
8,11,53
15,11,58
2,12,57
11,11,16
15,10,48
23,17,12
9,10,49
15,9,27
0,12,50
16,17,7
10,9,39
4,7,16
21,17,10
23,20,2
9,9,16
18,10,50
8,10,36
3,7,14
9,15,3
23,11,32
0,12,28
25,21,4
11,9,45
6,7,21
13,9,41
17,11,36
18,11,51
1,7,17
10,10,51
12,11,60
11,10,49
7,11,61
3,12,3
4,7,19
8,10,50
2,13,41
15,9,45
2,12,31
25,20,5
25,17,15
9,10,31
20,9,33
10,9,42
3,12,38
15,12,17
18,11,42
6,11,50
7,15,47
11,14,11
24,10,34
19,11,40
16,17,4
8,11,14
2,8,10
18,9,47
0,13,31
21,11,53
10,8,20
4,12,27
22,13,25
13,10,38
15,11,39
12,7,24
18,11,25
27,13,33
15,11,60
27,17,22
12,16,2
9,6,20
22,11,31
25,12,37
2,12,45
21,13,27
19,17,9
13,11,18
13,8,26
2,6,14
1,10,4
8,12,10
22,12,47
7,11,48
12,9,42
0,13,40
10,6,22
20,14,14
11,9,28
22,11,45
25,13,28
22,13,43
15,9,30
19,11,42
26,19,9
21,11,49
3,12,33
26,11,59
14,9,35
17,17,10
13,16,2
3,12,50
19,13,62
5,9,22
18,17,10
1,12,26
11,8,38
16,12,56
13,15,8
11,10,55
2,9,12
5,12,50
20,12,26
12,8,22
0,13,33
1,6,16
17,17,9
5,14,0
13,8,34
22,13,62
8,7,18
16,10,44
3,13,0
24,16,16
21,12,28
27,12,50
24,13,63
10,13,12
22,13,61
1,9,21
7,11,63
7,11,52
1,8,12
2,12,40
8,10,32
4,9,13
12,9,48
0,13,37
6,11,29
24,16,15
10,9,45
20,13,20
16,12,58
14,9,21
1,9,20
8,9,16
9,14,10
25,12,36
22,10,33
13,8,31
14,17,3
10,15,0
1,8,13
20,11,38
18,11,28
21,12,57
25,21,5
19,19,1
8,13,9
25,12,62
2,12,36
1,13,29
3,13,2
10,11,58
25,16,23
24,11,54
20,15,13
19,19,5
25,12,35
26,13,62
26,12,63
25,10,54
3,5,16
15,11,21
14,9,33
0,13,48
4,16,47
6,11,48
0,8,19
0,6,16
24,15,24
26,12,47
14,17,2
21,14,17
0,12,59
19,9,33
26,21,6
7,14,5
14,9,41
7,11,33
11,8,23
12,9,45
17,11,41
1,8,9
9,15,5
16,11,52
2,11,7
15,11,54
7,10,15
25,12,47
24,10,35
23,19,8
26,19,10
23,10,34
18,12,22
21,10,51
1,5,16
4,12,47
23,15,18
25,21,3
27,17,18
20,18,6
10,10,53
25,12,51
16,11,20
8,10,48
9,11,14
18,11,27
26,17,14
18,12,60
18,12,59
1,12,45
2,13,34
6,7,17
5,11,55
9,13,11
15,16,7
17,12,58
25,12,59
8,6,19
24,10,55
13,9,21
13,8,28
16,17,5
26,21,4
25,18,12
8,14,8
3,6,17
2,13,32
4,12,55
6,11,10
22,16,14
10,9,16
22,11,37
12,8,25
19,11,44
27,17,16
25,19,10
3,9,21
14,8,29
10,8,38
26,18,13
3,6,18
24,12,37
8,10,28
5,12,7
23,11,49
19,13,23
27,12,62
20,12,42
5,12,61
24,18,9
10,10,52
14,9,34
1,13,48
16,9,27
24,13,29
1,8,8
23,15,23
14,14,14
0,8,21
19,11,26
22,19,6
17,18,3
24,10,53
21,13,60
17,10,36
12,8,34
26,16,19
19,19,3
1,13,35
14,14,12
10,15,7
1,6,17
1,12,59
11,9,49
18,10,37
0,9,7
22,19,5
14,8,30
6,12,8
7,11,49
25,19,9
11,10,54
12,12,13
24,13,27
25,12,50
7,14,4
2,10,25
20,17,11
17,12,23
21,14,18
14,10,49
2,10,8
17,12,55
5,12,45
2,12,48
27,12,37
19,11,55
8,10,35
4,13,2
16,11,53
26,12,53
8,15,2
6,11,51
1,12,51
11,8,36
16,16,8
12,9,19
11,9,19
6,11,56
18,10,45
0,6,14
0,11,24
21,19,7
26,12,54
12,9,41
9,9,34
8,10,47
15,8,28
11,8,21
8,8,23
1,13,39
24,11,50
20,11,52
11,9,17
7,14,7
17,16,10
11,9,48
12,13,13
5,12,31
10,10,59
18,10,47
5,12,30
13,11,53
16,14,14
6,14,4
5,12,39
12,15,9
1,13,42
5,11,52
4,10,10
19,16,11
24,21,5
27,15,27
27,12,48
16,18,6
27,13,32
16,10,50
20,11,28
4,6,16
9,9,17
26,14,27
20,12,43
10,10,62
27,18,14
27,17,15
11,10,18
27,12,40
10,15,46
27,11,60
4,12,56
12,16,7
19,10,32
11,8,28
8,10,51
7,11,54
3,8,21
2,12,49
9,9,31
16,12,60
15,15,11
24,12,45
4,12,45
6,11,47
21,18,7
22,20,0
1,13,1
15,9,48
21,10,52
13,9,38
18,12,58
15,13,15
7,7,19
2,12,56
15,9,34
11,15,0
12,8,31
1,12,63
3,12,36
5,11,50
18,12,57
2,12,46
4,12,31
11,15,5
8,12,12
12,8,32
11,11,61
2,8,12
8,10,15
17,11,20
7,8,21
14,10,41
24,12,41
4,11,26
8,14,3
24,12,30
18,11,50
14,17,5
26,12,32
25,13,63
7,11,40
16,11,38
4,12,41
2,7,15
8,8,16
7,11,11
20,10,37
24,13,28
5,9,12
20,11,47
15,10,39
18,17,9
20,12,59
22,14,23
10,10,42
21,12,30
27,21,6
0,7,11
22,18,8
23,11,39
15,9,25
10,8,39
19,11,43
14,13,13
9,9,32
6,11,35
9,7,20
27,12,33
8,6,18
26,16,16
5,12,60
8,10,55
22,12,28
23,15,16
17,13,63
14,12,17
3,9,11
27,12,44
23,12,44
19,10,31
22,14,53
9,8,24
8,11,55
21,20,4
0,10,5
6,14,5
25,12,40
7,10,39
10,8,27
8,14,7
18,15,13
20,11,54
8,11,56
26,21,0
5,11,58
3,12,44
2,13,3
0,10,4
26,21,2
4,12,38
9,10,42
4,12,52
19,12,56
9,11,60
10,8,26
3,12,54
21,13,23
9,9,29
18,11,40
9,9,55
11,10,51
20,11,31
0,12,2
22,15,16
21,19,3
25,12,60
2,7,13
22,12,31
20,19,1
14,10,20
21,11,47
6,11,45
21,9,33
17,10,45
26,12,43
21,14,15
7,7,17
2,13,1
7,11,58
17,9,46
14,9,42
13,14,12
5,11,29
12,12,14
19,9,35
9,10,53
13,9,44
14,11,50
8,11,54
9,8,17
16,11,41
26,11,57
17,11,54
3,12,29
17,8,32
18,9,34
12,9,20
14,16,8
17,13,16
0,12,27
23,12,39
24,19,8
27,12,49
25,16,18
20,11,37
12,8,23
12,11,53
13,15,9
13,16,8
0,13,29
0,12,53
26,14,28
10,11,62
25,15,19
26,13,29
10,11,63
20,13,24
15,11,38
3,12,28
19,11,54
1,9,7
27,22,0
26,20,7
25,11,57
7,13,8
11,14,10
26,16,24
22,17,10
17,11,50
16,10,45
13,10,37
2,12,42
24,18,10
6,10,25
22,12,39
19,11,29
26,19,11
14,9,44
10,9,53
1,13,36
2,8,13
14,17,1
5,12,41
24,13,62
4,12,43
24,15,25
3,10,10
2,6,18
17,12,19
24,11,31
5,11,33
4,12,59
22,12,57
5,14,1
15,10,37
15,11,41
17,12,59
16,13,17
26,16,22
24,15,22
12,16,5
13,11,63
4,6,17
26,13,31
24,10,33
21,13,19
11,8,29
14,17,0
24,17,12
15,12,58
19,18,7
15,10,43
10,15,5
11,8,35
12,8,33
16,11,55
3,12,48
25,12,39
16,18,3
17,12,62
10,11,59
25,12,31
16,9,47
17,18,1
3,12,56
7,11,34
19,13,21
20,11,48
16,11,22
24,14,25
8,10,29
5,12,6
7,10,27
27,16,24
27,12,46
11,9,20
27,12,42
9,11,55
8,11,47
5,13,8
6,10,13
8,11,41
26,16,21
6,8,16
21,10,48
17,11,22
18,18,8
13,10,22
7,8,25
8,8,21
24,11,53
18,8,32
22,13,29
5,11,12
0,12,49
6,8,23
23,13,30
18,9,46
13,17,1
24,20,8
16,11,37
7,10,26
14,10,22
15,9,47
19,11,53
12,10,48
13,9,45
15,9,35
0,13,35
8,10,40
4,15,47
8,8,26
3,6,15
4,13,5
1,11,4
1,13,46
2,11,6
15,10,50
23,12,43
5,14,3
24,12,61
4,11,25
12,13,12
1,9,6
15,10,38
10,6,23
10,9,31
23,12,46
4,12,61
7,7,20
21,11,42
22,17,11
8,14,9
5,12,32
10,7,26
25,16,15
16,11,42
27,12,55
10,11,60
13,8,33
23,10,33
16,10,27
0,13,43
23,11,54
1,8,11
18,13,63
21,10,37
8,11,42
21,13,22
24,20,4
19,10,30
18,12,25
25,21,2
0,6,12
5,11,60
23,10,37
27,11,57
18,11,54
6,11,55
0,14,35
23,16,15
4,10,24
24,10,52
13,9,36
0,8,20
5,7,17
11,9,44
9,10,30
10,7,25
4,12,50
12,8,24
19,13,61
20,12,28
7,10,30
7,14,2
2,9,10
8,10,37
24,12,50
1,12,3
3,12,26
18,14,16
15,11,23
24,20,1
8,13,11
19,12,20
12,10,19
20,14,45
19,12,26
23,14,25
2,16,47
19,18,9
6,13,5
23,18,8
14,8,25
20,13,23
1,13,2
17,13,15
25,12,46
12,11,59
21,13,24
16,11,40
5,9,15
27,11,59
15,8,32
26,12,36
7,10,34
7,14,1
2,12,26
26,16,20
16,12,62
2,9,21
5,12,51
1,12,58
6,12,48
25,11,34
3,11,27
17,11,56
20,19,5
9,10,50
10,7,22
2,13,43
2,7,17
12,8,27
12,11,62
16,10,26
24,14,26
24,18,11
9,10,55
0,8,8
6,9,26
1,13,44
9,8,18
19,10,46
26,12,55
16,17,1
2,6,15
5,12,49
20,11,29
16,12,18
1,7,12
11,10,50
8,10,43
5,9,14
12,10,52
6,14,1
9,10,54
2,11,24
10,9,52
10,12,13
20,12,27
17,11,25
12,9,30
21,12,29
16,12,59
10,10,15
16,16,9
23,12,40
16,10,28
17,10,35
21,13,25
17,13,17
9,10,44
1,12,29
27,12,35
1,12,47
17,11,53
19,10,49
24,11,33
20,12,55
18,12,55
14,15,9
17,8,33
22,11,50
15,11,22
3,12,37
8,10,30
12,11,17
17,11,51
20,10,35
9,10,40
9,9,47
23,9,34
2,7,20
5,11,48
15,10,26
21,11,44
17,18,0
7,14,0
21,12,40
16,10,24
7,14,6
3,10,25
5,11,53
6,9,23
13,16,3
2,6,17
0,13,34
19,10,48
8,14,1
22,14,24
26,17,17
26,12,62
3,10,23
4,13,6
3,12,4
24,20,5
19,13,24
8,12,11
6,14,6
21,20,3
10,8,18
5,12,9
3,12,63
4,14,2
9,14,9
2,13,2
1,10,5
19,14,14
19,10,47
1,10,23
3,12,47
18,11,55
23,12,41
9,11,53
1,13,33
7,11,35
6,12,10
23,11,37
11,9,46
22,16,13
11,8,26
23,10,32
15,12,63
16,10,43
13,10,18
11,12,13
3,8,14
11,9,41
11,11,56
14,11,18
15,10,25
19,16,10
4,10,11
26,12,59
1,13,37
19,10,36
20,19,3
10,7,24
13,9,35
19,18,6
22,12,42
13,11,16
14,10,51
2,12,58
13,9,40
17,16,11
9,11,57
12,8,29
26,20,8
1,13,47
27,12,41
19,11,52
26,12,34
2,12,39
18,10,35
14,11,62
7,11,29
25,14,29
10,9,34
22,13,60
10,12,14
27,12,61
3,12,7
5,16,47
23,10,50
9,10,37
23,16,12
21,11,40
15,17,8
2,12,32
3,10,7
9,11,62
12,9,44
0,12,58
21,12,43
22,10,52
15,11,56
16,17,3
17,11,52
5,13,6
21,17,12
3,12,6
3,11,6
17,12,56
2,9,9
20,10,50
15,11,51
19,13,63
13,9,24
10,9,30
1,8,10
8,15,0
23,11,38
20,12,57
25,11,37
6,8,17
21,14,19
16,9,35
1,12,50
0,14,38
22,20,1
23,12,60
16,11,57
14,10,40
15,11,24
0,7,17
6,11,12
5,12,63
13,11,55
8,11,48
25,20,8
16,18,5
23,18,11
10,15,4
6,11,34
17,18,6
3,12,49
9,11,59
14,9,43
21,14,20
8,13,10
12,7,28
22,11,48
8,11,13
9,10,43
26,18,12
1,5,15
22,10,37
1,11,3
19,17,10
15,10,22
15,15,12
20,12,29
1,12,61
18,11,37
22,12,56
25,15,21
12,11,55
5,14,2
24,11,51
17,10,31
14,14,13
16,10,37
7,11,12
23,20,1
6,11,59
10,9,33
0,12,54
1,11,25
5,7,19
5,11,31
0,13,30
8,10,45
25,12,33
15,9,24
25,10,56
5,8,21
13,9,25
17,11,39
26,21,3
15,14,15
5,11,43
13,12,62
22,10,31
1,12,0
26,12,31
1,9,10
27,12,52
