0,12,0
0,13,0
0,12,1
0,13,1
0,12,2
0,11,3
0,12,3
0,11,4
0,12,4
0,11,5
0,12,5
0,11,6
0,11,7
0,12,7
0,11,8
0,12,8
0,12,9
0,12,10
0,11,11
0,12,11
0,12,12
0,12,13
0,12,14
0,12,15
0,12,16
0,12,17
0,13,17
0,13,18
0,13,19
0,13,20
0,14,20
0,13,21
0,14,21
0,14,22
0,14,23
0,14,24
0,15,24
0,15,25
0,15,26
0,15,27
0,15,28
0,15,29
0,14,30
0,15,30
0,14,31
0,15,31
0,13,32
0,14,32
0,12,33
0,13,33
0,11,34
0,12,34
0,10,35
0,11,35
0,9,36
0,10,36
0,9,37
0,10,37
0,8,38
0,9,38
0,8,39
0,9,39
0,8,40
0,9,40
0,9,41
0,10,41
0,10,42
0,11,42
0,12,42
0,11,43
0,12,43
0,11,44
0,12,44
0,11,45
0,12,45
0,11,46
0,12,46
0,11,47
0,12,47
0,12,48
0,12,49
0,12,50
0,11,51
0,12,51
0,11,52
0,12,52
0,10,53
0,11,53
0,9,54
0,10,54
0,9,55
0,10,55
0,10,56
0,11,56
0,11,57
0,11,58
0,12,58
0,11,59
0,12,59
0,12,60
0,12,61
0,12,62
0,13,62
0,12,63
0,13,63
1,13,0
1,12,1
1,13,1
1,12,2
1,13,2
1,12,3
1,13,3
1,12,4
1,11,5
1,12,5
1,11,6
1,12,6
1,12,7
1,12,8
1,12,9
1,12,10
1,12,11
1,12,12
1,12,13
1,12,14
1,12,15
1,12,16
1,12,17
1,13,17
1,13,18
1,13,19
1,13,20
1,14,20
1,14,21
1,14,22
1,14,23
1,15,23
1,15,24
1,15,25
1,15,26
1,15,27
1,16,27
1,15,28
1,16,28
1,15,29
1,16,29
1,15,30
1,16,30
1,14,31
1,15,31
1,13,32
1,14,32
1,15,32
1,12,33
1,13,33
1,11,34
1,12,34
1,11,35
1,12,35
1,10,36
1,11,36
1,9,37
1,10,37
1,9,38
1,10,38
1,9,39
1,10,39
1,9,40
1,10,40
1,9,41
1,10,41
1,11,41
1,11,42
1,12,42
1,12,43
1,13,43
1,12,44
1,13,44
1,12,45
1,13,45
1,12,46
1,13,46
1,12,47
1,13,47
1,12,48
1,13,48
1,12,49
1,13,49
1,12,50
1,13,50
1,12,51
1,13,51
1,11,52
1,12,52
1,11,53
1,12,53
1,10,54
1,11,54
1,10,55
1,11,55
1,10,56
1,11,56
1,11,57
1,11,58
1,12,58
1,12,59
1,12,60
1,12,61
1,13,61
1,12,62
1,13,62
1,12,63
1,13,63
2,13,0
2,14,0
2,13,1
2,14,1
2,13,2
2,12,3
2,13,3
2,12,4
2,13,4
2,12,5
2,13,5
2,12,6
2,13,6
2,12,7
2,13,7
2,12,8
2,12,9
2,12,10
2,12,11
2,12,12
2,12,13
2,12,14
2,12,15
2,12,16
2,13,16
2,12,17
2,13,17
2,13,18
2,13,19
2,14,19
2,14,20
2,14,21
2,14,22
2,15,22
2,14,23
2,15,23
2,15,24
2,15,25
2,15,26
2,16,26
2,15,27
2,16,27
2,16,28
2,16,29
2,15,30
2,16,30
2,15,31
2,16,31
2,13,32
2,14,32
2,15,32
2,13,33
2,14,33
2,12,34
2,13,34
2,11,35
2,12,35
2,10,36
2,11,36
2,10,37
2,11,37
2,10,38
2,11,38
2,9,39
2,10,39
2,10,40
2,11,40
2,10,41
2,11,41
2,11,42
2,12,42
2,12,43
2,13,43
2,13,44
2,14,44
2,13,45
2,14,45
2,12,46
2,13,46
2,13,47
2,14,47
2,13,48
2,14,48
2,13,49
2,14,49
2,13,50
2,14,50
2,12,51
2,13,51
2,12,52
2,13,52
2,11,53
2,12,53
2,11,54
2,12,54
2,10,55
2,11,55
2,10,56
2,11,56
2,11,57
2,11,58
2,12,58
2,12,59
2,12,60
2,13,60
2,12,61
2,13,61
2,13,62
2,13,63
3,14,0
3,13,1
3,14,1
3,13,2
3,14,2
3,13,3
3,14,3
3,13,4
3,13,5
3,13,6
3,12,7
3,13,7
3,12,8
3,13,8
3,12,9
3,13,9
3,12,10
3,13,10
3,12,11
3,13,11
3,12,12
3,13,12
3,12,13
3,13,13
3,12,14
3,12,15
3,12,16
3,13,16
3,13,17
3,13,18
3,13,19
3,14,19
3,14,20
3,14,21
3,14,22
3,15,22
3,15,23
3,15,24
3,15,25
3,16,25
3,15,26
3,16,26
3,16,27
3,16,28
3,16,29
3,16,30
3,15,31
3,16,31
3,14,32
3,15,32
3,16,32
3,13,33
3,14,33
3,15,33
3,12,34
3,13,34
3,14,34
3,11,35
3,12,35
3,13,35
3,11,36
3,12,36
3,11,37
3,12,37
3,11,38
3,12,38
3,10,39
3,11,39
3,10,40
3,11,40
3,10,41
3,11,41
3,11,42
3,12,42
3,13,42
3,12,43
3,13,43
3,14,43
3,13,44
3,14,44
3,13,45
3,14,45
3,15,45
3,13,46
3,14,46
3,13,47
3,14,47
3,14,48
3,14,49
3,13,50
3,14,50
3,13,51
3,14,51
3,12,52
3,13,52
3,12,53
3,13,53
3,11,54
3,12,54
3,11,55
3,12,55
3,11,56
3,11,57
3,11,58
3,12,58
3,12,59
3,12,60
3,13,60
3,13,61
3,13,62
3,13,63
4,14,0
4,15,0
4,14,1
4,14,2
4,13,3
4,14,3
4,13,4
4,14,4
4,13,5
4,13,6
4,13,7
4,13,8
4,13,9
4,13,10
4,13,11
4,13,12
4,12,13
4,13,13
4,12,14
4,13,14
4,12,15
4,12,16
4,13,16
4,13,17
4,13,18
4,14,18
4,13,19
4,14,19
4,14,20
4,14,21
4,15,21
4,14,22
4,15,22
4,15,23
4,15,24
4,16,24
4,15,25
4,16,25
4,16,26
4,16,27
4,16,28
4,16,29
4,16,30
4,16,31
4,15,32
4,16,32
4,14,33
4,15,33
4,13,34
4,14,34
4,12,35
4,13,35
4,14,35
4,12,36
4,13,36
4,12,37
4,13,37
4,11,38
4,12,38
4,11,39
4,12,39
4,11,40
4,12,40
4,11,41
4,12,41
4,12,42
4,13,42
4,13,43
4,14,43
4,14,44
4,15,44
4,14,45
4,15,45
4,14,46
4,15,46
4,14,47
4,15,47
4,14,48
4,15,48
4,14,49
4,15,49
4,14,50
4,15,50
4,13,51
4,14,51
4,13,52
4,14,52
4,12,53
4,13,53
4,12,54
4,13,54
4,12,55
4,11,56
4,12,56
4,11,57
4,12,57
4,11,58
4,12,58
4,12,59
4,13,59
4,12,60
4,13,60
4,13,61
4,13,62
4,14,62
4,13,63
4,14,63
5,14,0
5,15,0
5,14,1
5,15,1
5,14,2
5,15,2
5,14,3
5,15,3
5,13,4
5,14,4
5,13,5
5,14,5
5,13,6
5,14,6
5,13,7
5,14,7
5,13,8
5,13,9
5,13,10
5,14,10
5,13,11
5,13,12
5,13,13
5,13,14
5,12,15
5,13,15
5,12,16
5,13,16
5,13,17
5,13,18
5,14,18
5,14,19
5,14,20
5,14,21
5,15,21
5,15,22
5,15,23
5,15,24
5,16,24
5,16,25
5,16,26
5,16,27
5,16,28
5,16,29
5,17,29
5,16,30
5,17,30
5,16,31
5,17,31
5,15,32
5,16,32
5,17,32
5,14,33
5,15,33
5,16,33
5,14,34
5,15,34
5,13,35
5,14,35
5,13,36
5,14,36
5,12,37
5,13,37
5,14,37
5,12,38
5,13,38
5,12,39
5,13,39
5,14,39
5,12,40
5,13,40
5,14,40
5,12,41
5,13,41
5,14,41
5,12,42
5,13,42
5,14,42
5,13,43
5,14,43
5,15,43
5,14,44
5,15,44
5,15,45
5,16,45
5,15,46
5,16,46
5,15,47
5,16,47
5,15,48
5,16,48
5,15,49
5,16,49
5,14,50
5,15,50
5,14,51
5,15,51
5,13,52
5,14,52
5,13,53
5,14,53
5,13,54
5,12,55
5,13,55
5,12,56
5,13,56
5,11,57
5,12,57
5,11,58
5,12,58
5,12,59
5,13,59
5,13,60
5,13,61
5,13,62
5,14,62
5,14,63
6,15,0
6,15,1
6,15,2
6,14,3
6,15,3
6,14,4
6,15,4
6,14,5
6,15,5
6,14,6
6,13,7
6,14,7
6,13,8
6,14,8
6,13,9
6,14,9
6,13,10
6,14,10
6,13,11
6,14,11
6,13,12
6,14,12
6,13,13
6,14,13
6,13,14
6,13,15
6,13,16
6,13,17
6,13,18
6,14,18
6,14,19
6,14,20
6,14,21
6,15,21
6,15,22
6,15,23
6,15,24
6,16,24
6,16,25
6,16,26
6,16,27
6,16,28
6,17,28
6,16,29
6,17,29
6,17,30
6,17,31
6,16,32
6,17,32
6,15,33
6,16,33
6,17,33
6,14,34
6,15,34
6,16,34
6,14,35
6,15,35
6,16,35
6,14,36
6,15,36
6,13,37
6,14,37
6,15,37
6,13,38
6,14,38
6,13,39
6,14,39
6,13,40
6,14,40
6,15,40
6,13,41
6,14,41
6,15,41
6,14,42
6,15,42
6,14,43
6,15,43
6,15,44
6,16,44
6,16,45
6,17,45
6,16,46
6,17,46
6,16,47
6,17,47
6,16,48
6,15,49
6,16,49
6,15,50
6,16,50
6,14,51
6,15,51
6,14,52
6,15,52
6,14,53
6,13,54
6,14,54
6,13,55
6,12,56
6,13,56
6,12,57
6,13,57
6,12,58
6,12,59
6,13,59
6,13,60
6,13,61
6,14,61
6,13,62
6,14,62
6,14,63
7,15,0
7,16,0
7,15,1
7,16,1
7,15,2
7,16,2
7,15,3
7,15,4
7,14,5
7,15,5
7,14,6
7,15,6
7,14,7
7,15,7
7,14,8
7,14,9
7,14,10
7,14,11
7,14,12
7,14,13
7,13,14
7,14,14
7,13,15
7,14,15
7,13,16
7,13,17
7,13,18
7,14,18
7,14,19
7,14,20
7,14,21
7,15,21
7,15,22
7,15,23
7,15,24
7,16,24
7,16,25
7,16,26
7,16,27
7,17,27
7,16,28
7,17,28
7,17,29
7,17,30
7,17,31
7,17,32
7,16,33
7,17,33
7,16,34
7,17,34
7,16,35
7,17,35
7,15,36
7,16,36
7,17,36
7,14,37
7,15,37
7,16,37
7,14,38
7,15,38
7,14,39
7,15,39
7,14,40
7,15,40
7,16,40
7,14,41
7,15,41
7,16,41
7,15,42
7,16,42
7,15,43
7,16,43
7,15,44
7,16,44
7,17,44
7,16,45
7,17,45
7,17,46
7,16,47
7,17,47
7,16,48
7,17,48
7,16,49
7,17,49
7,15,50
7,16,50
7,15,51
7,16,51
7,14,52
7,15,52
7,14,53
7,15,53
7,14,54
7,13,55
7,14,55
7,13,56
7,14,56
7,12,57
7,13,57
7,12,58
7,13,58
7,13,59
7,13,60
7,14,60
7,13,61
7,14,61
7,14,62
7,14,63
8,16,0
8,16,1
8,15,2
8,16,2
8,15,3
8,16,3
8,15,4
8,16,4
8,15,5
8,16,5
8,15,6
8,14,7
8,15,7
8,14,8
8,15,8
8,14,9
8,15,9
8,14,10
8,15,10
8,14,11
8,15,11
8,14,12
8,15,12
8,14,13
8,14,14
8,14,15
8,13,16
8,14,16
8,13,17
8,14,17
8,13,18
8,14,18
8,14,19
8,14,20
8,14,21
8,15,21
8,15,22
8,15,23
8,16,23
8,15,24
8,16,24
8,16,25
8,16,26
8,16,27
8,17,27
8,17,28
8,17,29
8,17,30
8,17,31
8,17,32
8,17,33
8,17,34
8,17,35
8,16,36
8,17,36
8,15,37
8,16,37
8,17,37
8,15,38
8,16,38
8,15,39
8,16,39
8,15,40
8,16,40
8,17,40
8,15,41
8,16,41
8,16,42
8,17,42
8,16,43
8,17,43
8,16,44
8,17,44
8,17,45
8,18,45
8,17,46
8,18,46
8,17,47
8,18,47
8,17,48
8,16,49
8,17,49
8,16,50
8,17,50
8,15,51
8,16,51
8,15,52
8,16,52
8,14,53
8,15,53
8,14,54
8,15,54
8,14,55
8,13,56
8,14,56
8,13,57
8,12,58
8,13,58
8,13,59
8,14,59
8,13,60
8,14,60
8,14,61
8,14,62
8,14,63
8,15,63
9,16,0
9,16,1
9,16,2
9,16,3
9,16,4
9,16,5
9,15,6
9,16,6
9,15,7
9,16,7
9,15,8
9,16,8
9,15,9
9,16,9
9,15,10
9,15,11
9,15,12
9,14,13
9,15,13
9,14,14
9,15,14
9,14,15
9,15,15
9,14,16
9,13,17
9,14,17
9,13,18
9,14,18
9,14,19
9,14,20
9,14,21
9,15,21
9,15,22
9,15,23
9,16,23
9,16,24
9,16,25
9,16,26
9,17,26
9,16,27
9,17,27
9,17,28
9,17,29
9,17,30
9,17,31
9,17,32
9,18,32
9,17,33
9,18,33
9,17,34
9,18,34
9,17,35
9,18,35
9,17,36
9,18,36
9,17,37
9,18,37
9,16,38
9,17,38
9,18,38
9,16,39
9,17,39
9,16,40
9,17,40
9,16,41
9,17,41
9,18,41
9,16,42
9,17,42
9,18,42
9,17,43
9,18,43
9,17,44
9,18,44
9,17,45
9,18,45
9,18,46
9,17,47
9,18,47
9,17,48
9,18,48
9,17,49
9,18,49
9,16,50
9,17,50
9,16,51
9,17,51
9,15,52
9,16,52
9,15,53
9,16,53
9,14,54
9,15,54
9,14,55
9,15,55
9,13,56
9,14,56
9,13,57
9,14,57
9,13,58
9,13,59
9,14,59
9,14,60
9,14,61
9,14,62
9,15,62
9,14,63
9,15,63
10,16,0
10,17,0
10,16,1
10,17,1
10,16,2
10,17,2
10,16,3
10,17,3
10,16,4
10,17,4
10,16,5
10,17,5
10,16,6
10,16,7
10,16,8
10,15,9
10,16,9
10,15,10
10,16,10
10,15,11
10,16,11
10,15,12
10,16,12
10,15,13
10,15,14
10,14,15
10,15,15
10,14,16
10,15,16
10,14,17
10,14,18
10,14,19
10,14,20
10,14,21
10,15,21
10,15,22
10,15,23
10,16,23
10,16,24
10,16,25
10,16,26
10,17,26
10,17,27
10,17,28
10,17,29
10,17,30
10,18,30
10,17,31
10,18,31
10,18,32
10,18,33
10,18,34
10,18,35
10,18,36
10,18,37
10,18,38
10,17,39
10,18,39
10,17,40
10,18,40
10,18,41
10,18,42
10,19,42
10,18,43
10,19,43
10,18,44
10,19,44
10,18,45
10,19,45
10,18,46
10,18,47
10,18,48
10,17,49
10,18,49
10,17,50
10,18,50
10,16,51
10,17,51
10,16,52
10,17,52
10,15,53
10,16,53
10,15,54
10,16,54
10,14,55
10,15,55
10,14,56
10,15,56
10,13,57
10,14,57
10,13,58
10,14,58
10,14,59
10,14,60
10,14,61
10,15,61
10,14,62
10,15,62
10,15,63
11,17,0
11,17,1
11,17,2
11,17,3
11,17,4
11,16,5
11,17,5
11,16,6
11,17,6
11,16,7
11,17,7
11,16,8
11,17,8
11,16,9
11,17,9
11,16,10
11,16,11
11,15,12
11,16,12
11,15,13
11,16,13
11,15,14
11,16,14
11,15,15
11,15,16
11,14,17
11,15,17
11,14,18
11,15,18
11,14,19
11,14,20
11,15,20
11,14,21
11,15,21
11,15,22
11,15,23
11,16,23
11,16,24
11,16,25
11,16,26
11,17,26
11,17,27
11,17,28
11,17,29
11,18,29
11,17,30
11,18,30
11,18,31
11,18,32
11,18,33
11,18,34
11,18,35
11,18,36
11,18,37
11,18,38
11,19,38
11,18,39
11,19,39
11,18,40
11,19,40
11,18,41
11,19,41
11,19,42
11,19,43
11,19,44
11,19,45
11,18,46
11,19,46
11,18,47
11,19,47
11,18,48
11,18,49
11,17,50
11,18,50
11,17,51
11,16,52
11,17,52
11,16,53
11,15,54
11,16,54
11,15,55
11,14,56
11,15,56
11,14,57
11,14,58
11,14,59
11,14,60
11,15,60
11,14,61
11,15,61
11,15,62
11,15,63
12,17,0
12,18,0
12,17,1
12,18,1
12,17,2
12,18,2
12,17,3
12,18,3
12,17,4
12,18,4
12,17,5
12,18,5
12,17,6
12,17,7
12,17,8
12,16,9
12,17,9
12,16,10
12,17,10
12,16,11
12,17,11
12,16,12
12,16,13
12,15,14
12,16,14
12,15,15
12,16,15
12,15,16
12,16,16
12,15,17
12,14,18
12,15,18
12,14,19
12,15,19
12,14,20
12,15,20
12,14,21
12,15,21
12,15,22
12,15,23
12,16,23
12,16,24
12,16,25
12,16,26
12,17,26
12,17,27
12,17,28
12,17,29
12,18,29
12,18,30
12,18,31
12,18,32
12,18,33
12,18,34
12,19,34
12,18,35
12,19,35
12,18,36
12,19,36
12,18,37
12,19,37
12,19,38
12,19,39
12,19,40
12,19,41
12,19,42
12,19,43
12,19,44
12,19,45
12,19,46
12,18,47
12,19,47
12,18,48
12,19,48
12,18,49
12,17,50
12,18,50
12,17,51
12,18,51
12,16,52
12,17,52
12,16,53
12,17,53
12,15,54
12,16,54
12,15,55
12,16,55
12,14,56
12,15,56
12,14,57
12,15,57
12,14,58
12,15,58
12,14,59
12,15,59
12,14,60
12,15,60
12,15,61
12,15,62
12,16,62
12,15,63
12,16,63
13,18,0
13,18,1
13,18,2
13,18,3
13,18,4
13,17,5
13,18,5
13,17,6
13,18,6
13,17,7
13,18,7
13,17,8
13,18,8
13,17,9
13,18,9
13,17,10
13,17,11
13,16,12
13,17,12
13,16,13
13,17,13
13,16,14
13,16,15
13,15,16
13,16,16
13,15,17
13,16,17
13,15,18
13,16,18
13,15,19
13,14,20
13,15,20
13,14,21
13,15,21
13,15,22
13,15,23
13,16,23
13,16,24
13,16,25
13,16,26
13,17,26
13,17,27
13,17,28
13,17,29
13,18,29
13,18,30
13,18,31
13,18,32
13,18,33
13,19,33
13,18,34
13,19,34
13,19,35
13,19,36
13,19,37
13,19,38
13,19,39
13,19,40
13,19,41
13,19,42
13,19,43
13,19,44
13,19,45
13,19,46
13,19,47
13,19,48
13,18,49
13,19,49
13,18,50
13,17,51
13,18,51
13,17,52
13,18,52
13,16,53
13,17,53
13,16,54
13,15,55
13,16,55
13,15,56
13,14,57
13,15,57
13,14,58
13,15,58
13,15,59
13,15,60
13,15,61
13,16,61
13,15,62
13,16,62
13,16,63
14,18,0
14,18,1
14,18,2
14,18,3
14,18,4
14,18,5
14,18,6
14,18,7
14,18,8
14,17,9
14,18,9
14,17,10
14,18,10
14,17,11
14,18,11
14,17,12
14,17,13
14,16,14
14,17,14
14,16,15
14,17,15
14,16,16
14,17,16
14,16,17
14,15,18
14,16,18
14,15,19
14,16,19
14,15,20
14,16,20
14,15,21
14,15,22
14,15,23
14,16,23
14,15,24
14,16,24
14,16,25
14,16,26
14,17,26
14,17,27
14,17,28
14,17,29
14,18,29
14,18,30
14,18,31
14,18,32
14,19,32
14,19,33
14,19,34
14,19,35
14,19,36
14,19,37
14,19,38
14,20,38
14,19,39
14,20,39
14,19,40
14,20,40
14,19,41
14,20,41
14,19,42
14,20,42
14,19,43
14,20,43
14,19,44
14,20,44
14,19,45
14,20,45
14,19,46
14,20,46
14,19,47
14,20,47
14,19,48
14,18,49
14,19,49
14,18,50
14,19,50
14,18,51
14,17,52
14,18,52
14,16,53
14,17,53
14,16,54
14,17,54
14,15,55
14,16,55
14,15,56
14,16,56
14,14,57
14,15,57
14,15,58
14,15,59
14,16,59
14,15,60
14,16,60
14,16,61
14,16,62
14,16,63
14,17,63
15,18,0
15,18,1
15,18,2
15,19,2
15,18,3
15,19,3
15,18,4
15,19,4
15,18,5
15,19,5
15,18,6
15,19,6
15,18,7
15,19,7
15,18,8
15,19,8
15,18,9
15,18,10
15,18,11
15,17,12
15,18,12
15,17,13
15,18,13
15,17,14
15,17,15
15,16,16
15,17,16
15,16,17
15,17,17
15,16,18
15,17,18
15,16,19
15,15,20
15,16,20
15,15,21
15,16,21
15,15,22
15,16,22
15,15,23
15,16,23
15,15,24
15,16,24
15,16,25
15,16,26
15,17,26
15,17,27
15,17,28
15,17,29
15,18,29
15,18,30
15,18,31
15,19,31
15,18,32
15,19,32
15,19,33
15,19,34
15,19,35
15,20,35
15,19,36
15,20,36
15,19,37
15,20,37
15,19,38
15,20,38
15,19,39
15,20,39
15,20,40
15,20,41
15,20,42
15,20,43
15,20,44
15,20,45
15,20,46
15,19,47
15,20,47
15,19,48
15,20,48
15,19,49
15,18,50
15,19,50
15,18,51
15,19,51
15,17,52
15,18,52
15,17,53
15,18,53
15,16,54
15,17,54
15,16,55
15,17,55
15,15,56
15,16,56
15,15,57
15,15,58
15,16,58
15,15,59
15,16,59
15,16,60
15,16,61
15,17,61
15,16,62
15,17,62
15,16,63
15,17,63
16,18,0
16,18,1
16,19,1
16,18,2
16,19,2
16,19,3
16,19,4
16,19,5
16,19,6
16,19,7
16,18,8
16,19,8
16,18,9
16,19,9
16,18,10
16,19,10
16,18,11
16,19,11
16,18,12
16,18,13
16,17,14
16,18,14
16,17,15
16,18,15
16,17,16
16,18,16
16,17,17
16,16,18
16,17,18
16,16,19
16,17,19
16,16,20
16,17,20
16,16,21
16,17,21
16,16,22
16,16,23
16,16,24
16,16,25
16,16,26
16,17,26
16,17,27
16,17,28
16,18,28
16,17,29
16,18,29
16,18,30
16,18,31
16,19,31
16,19,32
16,19,33
16,19,34
16,20,34
16,19,35
16,20,35
16,20,36
16,20,37
16,20,38
16,20,39
16,20,40
16,20,41
16,20,42
16,20,43
16,20,44
16,20,45
16,20,46
16,20,47
16,19,48
16,20,48
16,19,49
16,20,49
16,19,50
16,18,51
16,19,51
16,18,52
16,17,53
16,18,53
16,17,54
16,16,55
16,17,55
16,15,56
16,16,56
16,15,57
16,16,57
16,16,58
16,16,59
16,16,60
16,17,60
16,16,61
16,17,61
16,17,62
16,17,63
17,18,0
17,18,1
17,19,1
17,19,2
17,19,3
17,19,4
17,19,5
17,19,6
17,19,7
17,19,8
17,19,9
17,19,10
17,18,11
17,19,11
17,18,12
17,19,12
17,18,13
17,19,13
17,18,14
17,18,15
17,17,16
17,18,16
17,17,17
17,18,17
17,17,18
17,18,18
17,17,19
17,17,20
17,17,21
17,16,22
17,17,22
17,16,23
17,17,23
17,16,24
17,17,24
17,16,25
17,17,25
17,16,26
17,17,26
17,17,27
17,17,28
17,18,28
17,18,29
17,18,30
17,19,30
17,18,31
17,19,31
17,19,32
17,19,33
17,20,33
17,19,34
17,20,34
17,20,35
17,20,36
17,20,37
17,20,38
17,20,39
17,20,40
17,21,40
17,20,41
17,20,42
17,21,42
17,20,43
17,21,43
17,20,44
17,21,44
17,20,45
17,21,45
17,20,46
17,20,47
17,20,48
17,19,49
17,20,49
17,19,50
17,20,50
17,19,51
17,18,52
17,19,52
17,17,53
17,18,53
17,17,54
17,18,54
17,16,55
17,17,55
17,16,56
17,17,56
17,16,57
17,16,58
17,16,59
17,17,59
17,16,60
17,17,60
17,17,61
17,17,62
17,18,62
17,17,63
17,18,63
18,18,0
18,19,0
18,18,1
18,19,1
18,18,2
18,19,2
18,18,3
18,19,3
18,19,4
18,19,5
18,19,6
18,19,7
18,19,8
18,19,9
18,19,10
18,19,11
18,19,12
18,18,13
18,19,13
18,18,14
18,19,14
18,18,15
18,19,15
18,18,16
18,19,16
18,18,17
18,17,18
18,18,18
18,17,19
18,18,19
18,17,20
18,18,20
18,17,21
18,18,21
18,17,22
18,17,23
18,17,24
18,17,25
18,17,26
18,18,26
18,17,27
18,18,27
18,17,28
18,18,28
18,18,29
18,18,30
18,19,30
18,19,31
18,19,32
18,20,32
18,19,33
18,20,33
18,20,34
18,20,35
18,20,36
18,20,37
18,21,37
18,20,38
18,21,38
18,20,39
18,21,39
18,20,40
18,21,40
18,21,41
18,21,42
18,21,43
18,21,44
18,20,45
18,21,45
18,20,46
18,21,46
18,20,47
18,21,47
18,20,48
18,20,49
18,19,50
18,20,50
18,19,51
18,20,51
18,18,52
18,19,52
18,18,53
18,19,53
18,17,54
18,18,54
18,17,55
18,18,55
18,16,56
18,17,56
18,16,57
18,17,57
18,16,58
18,17,58
18,16,59
18,17,59
18,17,60
18,17,61
18,18,61
18,17,62
18,18,62
18,18,63
19,18,0
19,19,0
19,18,1
19,19,1
19,18,2
19,19,2
19,18,3
19,19,3
19,18,4
19,19,4
19,19,5
19,19,6
19,19,7
19,19,8
19,19,9
19,20,9
19,19,10
19,20,10
19,19,11
19,19,12
19,19,13
19,19,14
19,19,15
19,18,16
19,19,16
19,18,17
19,19,17
19,18,18
19,19,18
19,18,19
19,19,19
19,18,20
19,18,21
19,17,22
19,18,22
19,17,23
19,18,23
19,17,24
19,18,24
19,17,25
19,18,25
19,17,26
19,18,26
19,18,27
19,18,28
19,19,28
19,18,29
19,19,29
19,19,30
19,19,31
19,20,31
19,19,32
19,20,32
19,20,33
19,20,34
19,20,35
19,21,35
19,20,36
19,21,36
19,21,37
19,21,38
19,21,39
19,21,40
19,21,41
19,21,42
19,21,43
19,21,44
19,21,45
19,21,46
19,21,47
19,20,48
19,21,48
19,20,49
19,21,49
19,20,50
19,19,51
19,20,51
19,19,52
19,20,52
19,18,53
19,19,53
19,18,54
19,19,54
19,17,55
19,18,55
19,17,56
19,18,56
19,16,57
19,17,57
19,16,58
19,17,58
19,17,59
19,17,60
19,18,60
19,17,61
19,18,61
19,18,62
19,18,63
19,19,63
20,18,0
20,18,1
20,19,1
20,18,2
20,19,2
20,18,3
20,19,3
20,18,4
20,19,4
20,19,5
20,19,6
20,19,7
20,19,8
20,19,9
20,20,9
20,20,10
20,20,11
20,19,12
20,20,12
20,19,13
20,20,13
20,19,14
20,20,14
20,19,15
20,20,15
20,19,16
20,19,17
20,19,18
20,18,19
20,19,19
20,18,20
20,19,20
20,18,21
20,19,21
20,18,22
20,19,22
20,18,23
20,19,23
20,18,24
20,19,24
20,18,25
20,19,25
20,18,26
20,19,26
20,18,27
20,19,27
20,18,28
20,19,28
20,19,29
20,19,30
20,20,30
20,19,31
20,20,31
20,20,32
20,20,33
20,20,34
20,21,34
20,20,35
20,21,35
20,21,36
20,21,37
20,21,38
20,21,39
20,21,40
20,22,40
20,21,41
20,22,41
20,21,42
20,22,42
20,21,43
20,22,43
20,21,44
20,22,44
20,21,45
20,22,45
20,21,46
20,21,47
20,21,48
20,20,49
20,21,49
20,20,50
20,21,50
20,20,51
20,19,52
20,20,52
20,19,53
20,18,54
20,19,54
20,18,55
20,19,55
20,17,56
20,18,56
20,17,57
20,18,57
20,17,58
20,17,59
20,18,59
20,17,60
20,18,60
20,18,61
20,18,62
20,19,62
20,18,63
20,19,63
21,17,0
21,18,0
21,18,1
21,18,2
21,19,2
21,18,3
21,19,3
21,18,4
21,19,4
21,19,5
21,19,6
21,19,7
21,19,8
21,20,8
21,20,9
21,20,10
21,20,11
21,20,12
21,20,13
21,20,14
21,19,15
21,20,15
21,19,16
21,20,16
21,19,17
21,20,17
21,19,18
21,20,18
21,19,19
21,20,19
21,19,20
21,20,20
21,19,21
21,20,21
21,19,22
21,20,22
21,19,23
21,20,23
21,19,24
21,18,25
21,19,25
21,18,26
21,19,26
21,19,27
21,19,28
21,20,28
21,19,29
21,20,29
21,19,30
21,20,30
21,20,31
21,20,32
21,21,32
21,20,33
21,21,33
21,20,34
21,21,34
21,21,35
21,21,36
21,21,37
21,22,37
21,21,38
21,22,38
21,21,39
21,22,39
21,21,40
21,22,40
21,22,41
21,22,42
21,22,43
21,22,44
21,22,45
21,21,46
21,22,46
21,21,47
21,22,47
21,21,48
21,22,48
21,21,49
21,20,50
21,21,50
21,20,51
21,21,51
21,20,52
21,19,53
21,20,53
21,19,54
21,18,55
21,19,55
21,18,56
21,19,56
21,17,57
21,18,57
21,17,58
21,18,58
21,17,59
21,18,59
21,18,60
21,19,60
21,18,61
21,19,61
21,19,62
21,19,63
22,17,0
22,18,0
22,17,1
22,18,1
22,18,2
22,18,3
22,18,4
22,19,4
22,19,5
22,19,6
22,19,7
22,19,8
22,19,9
22,20,9
22,20,10
22,20,11
22,20,12
22,20,13
22,20,14
22,20,15
22,20,16
22,20,17
22,20,18
22,20,19
22,20,20
22,20,21
22,19,22
22,20,22
22,19,23
22,20,23
22,19,24
22,20,24
22,19,25
22,20,25
22,19,26
22,20,26
22,19,27
22,20,27
22,19,28
22,20,28
22,20,29
22,20,30
22,20,31
22,21,31
22,20,32
22,21,32
22,21,33
22,21,34
22,21,35
22,22,35
22,21,36
22,22,36
22,22,37
22,22,38
22,22,39
22,22,40
22,22,41
22,22,42
22,22,43
22,22,44
22,22,45
22,22,46
22,22,47
22,21,48
22,22,48
22,21,49
22,22,49
22,21,50
22,20,51
22,21,51
22,20,52
22,21,52
22,19,53
22,20,53
22,19,54
22,20,54
22,19,55
22,18,56
22,19,56
22,18,57
22,19,57
22,18,58
22,18,59
22,18,60
22,19,60
22,19,61
22,19,62
22,20,62
22,19,63
22,20,63
23,17,0
23,17,1
23,18,1
23,17,2
23,18,2
23,18,3
23,18,4
23,18,5
23,19,5
23,18,6
23,19,6
23,19,7
23,19,8
23,19,9
23,20,9
23,19,10
23,20,10
23,20,11
23,20,12
23,20,13
23,20,14
23,20,15
23,20,16
23,20,17
23,20,18
23,20,19
23,20,20
23,20,21
23,20,22
23,20,23
23,20,24
23,20,25
23,20,26
23,20,27
23,20,28
23,20,29
23,20,30
23,21,30
23,20,31
23,21,31
23,21,32
23,21,33
23,21,34
23,22,34
23,21,35
23,22,35
23,22,36
23,22,37
23,22,38
23,22,39
23,22,40
23,23,40
23,22,41
23,23,41
23,22,42
23,23,42
23,22,43
23,23,43
23,22,44
23,23,44
23,22,45
23,23,45
23,22,46
23,23,46
23,22,47
23,23,47
23,22,48
23,22,49
23,21,50
23,22,50
23,21,51
23,20,52
23,21,52
23,20,53
23,21,53
23,19,54
23,20,54
23,19,55
23,20,55
23,19,56
23,20,56
23,18,57
23,19,57
23,18,58
23,19,58
23,18,59
23,19,59
23,19,60
23,19,61
23,20,61
23,19,62
23,20,62
23,20,63
24,16,0
24,17,0
24,16,1
24,17,1
24,17,2
24,17,3
24,18,3
24,17,4
24,18,4
24,18,5
24,18,6
24,19,6
24,18,7
24,19,7
24,19,8
24,19,9
24,19,10
24,20,10
24,19,11
24,20,11
24,19,12
24,20,12
24,20,13
24,20,14
24,20,15
24,20,16
24,20,17
24,20,18
24,20,19
24,20,20
24,20,21
24,20,22
24,20,23
24,20,24
24,20,25
24,20,26
24,20,27
24,20,28
24,20,29
24,21,29
24,20,30
24,21,30
24,21,31
24,21,32
24,21,33
24,22,33
24,21,34
24,22,34
24,22,35
24,22,36
24,22,37
24,22,38
24,23,38
24,22,39
24,23,39
24,23,40
24,23,41
24,23,42
24,23,43
24,23,44
24,23,45
24,23,46
24,22,47
24,23,47
24,22,48
24,23,48
24,22,49
24,23,49
24,22,50
24,21,51
24,22,51
24,21,52
24,22,52
24,20,53
24,21,53
24,20,54
24,21,54
24,20,55
24,19,56
24,20,56
24,19,57
24,20,57
24,19,58
24,20,58
24,19,59
24,19,60
24,20,60
24,19,61
24,20,61
24,20,62
24,20,63
24,21,63
25,16,0
25,16,1
25,17,1
25,16,2
25,17,2
25,17,3
25,17,4
25,18,4
25,17,5
25,18,5
25,18,6
25,18,7
25,19,7
25,18,8
25,19,8
25,19,9
25,19,10
25,19,11
25,19,12
25,20,12
25,19,13
25,20,13
25,20,14
25,20,15
25,20,16
25,20,17
25,20,18
25,20,19
25,20,20
25,20,21
25,20,22
25,20,23
25,20,24
25,20,25
25,20,26
25,20,27
25,20,28
25,20,29
25,21,29
25,20,30
25,21,30
25,21,31
25,21,32
25,21,33
25,22,33
25,22,34
25,22,35
25,22,36
25,22,37
25,23,37
25,22,38
25,23,38
25,23,39
25,23,40
25,23,41
25,23,42
25,23,43
25,23,44
25,23,45
25,23,46
25,23,47
25,23,48
25,22,49
25,23,49
25,22,50
25,23,50
25,22,51
25,21,52
25,22,52
25,21,53
25,22,53
25,20,54
25,21,54
25,20,55
25,21,55
25,20,56
25,21,56
25,20,57
25,19,58
25,20,58
25,19,59
25,20,59
25,19,60
25,20,60
25,20,61
25,20,62
25,21,62
25,20,63
25,21,63
26,15,0
26,16,0
26,16,1
26,16,2
26,17,2
26,16,3
26,17,3
26,17,4
26,17,5
26,18,5
26,17,6
26,18,6
26,18,7
26,18,8
26,19,8
26,18,9
26,19,9
26,19,10
26,19,11
26,19,12
26,19,13
26,20,13
26,19,14
26,20,14
26,20,15
26,20,16
26,20,17
26,20,18
26,20,19
26,20,20
26,20,21
26,20,22
26,20,23
26,20,24
26,20,25
26,20,26
26,20,27
26,20,28
26,20,29
26,20,30
26,21,30
26,20,31
26,21,31
26,21,32
26,21,33
26,22,33
26,22,34
26,22,35
26,22,36
26,22,37
26,23,37
26,23,38
26,23,39
26,23,40
26,23,41
26,23,42
26,23,43
26,23,44
26,23,45
26,23,46
26,23,47
26,23,48
26,23,49
26,22,50
26,23,50
26,22,51
26,23,51
26,22,52
26,23,52
26,21,53
26,22,53
26,21,54
26,22,54
26,21,55
26,20,56
26,21,56
26,20,57
26,21,57
26,20,58
26,21,58
26,20,59
26,21,59
26,20,60
26,20,61
26,21,61
26,20,62
26,21,62
26,21,63
27,15,0
27,16,0
27,16,1
27,16,2
27,16,3
27,17,3
27,17,4
27,17,5
27,17,6
27,18,6
27,18,7
27,18,8
27,18,9
27,19,9
27,18,10
27,19,10
27,19,11
27,19,12
27,19,13
27,19,14
27,20,14
27,20,15
27,20,16
27,20,17
27,20,18
27,20,19
27,20,20
27,20,21
27,20,22
27,20,23
27,20,24
27,20,25
27,20,26
27,20,27
27,20,28
27,20,29
27,20,30
27,20,31
27,21,31
27,21,32
27,21,33
27,22,33
27,22,34
27,22,35
27,22,36
27,22,37
27,23,37
27,23,38
27,23,39
27,23,40
27,23,41
27,23,42
27,23,43
27,23,48
27,23,49
27,23,50
27,23,51
27,22,52
27,23,52
27,22,53
27,21,54
27,22,54
27,21,55
27,22,55
27,21,56
27,21,57
27,21,58
27,20,59
27,21,59
27,20,60
27,21,60
27,21,61
27,21,62
27,21,63
27,22,63
