52,10,56
46,18,31
15,20,51
25,17,19
24,13,29
24,22,51
23,18,61
21,20,56
59,19,0
17,16,3
4,18,51
52,7,62
51,16,44
18,19,49
16,20,57
19,16,6
18,11,29
8,16,3
21,19,60
26,13,32
22,16,23
12,11,24
46,18,32
42,19,5
1,16,10
3,9,21
63,20,3
45,17,48
41,13,58
29,16,25
24,13,28
22,18,44
13,15,11
5,16,7
3,12,33
50,19,1
37,18,14
2,17,48
11,19,53
12,20,55
14,17,38
21,16,6
15,11,30
7,16,5
5,13,30
45,12,57
17,20,56
9,10,24
20,20,58
38,17,26
49,19,13
26,17,16
40,14,57
11,15,9
13,18,43
30,18,43
21,20,53
59,20,23
40,12,59
40,18,29
51,6,63
19,16,0
2,11,34
14,19,50
9,10,21
62,19,25
35,14,60
58,20,9
52,16,43
11,16,37
29,14,32
21,11,30
21,14,26
35,17,55
51,11,54
23,21,51
63,17,35
43,16,52
7,16,0
39,19,1
9,19,53
42,19,8
2,16,2
1,17,51
17,20,58
43,18,29
40,18,32
54,20,19
29,14,34
33,17,11
19,18,42
38,13,60
33,18,52
31,17,7
43,11,59
56,18,33
36,18,18
21,18,42
54,10,53
36,18,2
35,19,0
38,17,33
24,19,47
17,11,29
34,17,41
33,14,61
50,20,11
45,19,14
47,16,47
4,11,19
32,18,43
25,17,17
12,11,31
43,18,35
10,9,27
56,20,15
31,17,15
1,15,45
46,19,15
41,13,57
55,7,60
24,16,17
45,19,24
18,19,46
44,19,6
1,16,8
14,13,17
32,17,24
9,19,56
38,18,39
44,19,2
32,17,22
42,17,47
37,17,26
33,16,35
48,19,17
27,17,12
47,18,38
60,18,34
54,17,41
60,19,31
38,16,52
44,10,60
11,12,19
41,18,18
48,18,35
25,18,44
46,19,7
40,18,48
61,19,1
26,16,11
26,18,42
55,19,28
0,9,21
51,19,5
51,18,37
38,18,16
21,12,28
11,18,50
29,13,31
13,11,31
3,15,45
20,15,17
62,17,38
27,16,14
60,7,58
14,12,16
2,12,36
36,19,3
36,12,61
3,12,43
6,13,42
36,17,55
18,15,36
10,18,43
18,12,26
35,18,4
60,19,29
27,17,21
58,20,15
45,19,22
5,13,42
53,14,47
52,7,60
3,16,2
59,20,22
13,19,51
20,18,41
22,14,26
31,15,60
1,16,47
5,18,58
57,7,60
43,19,8
5,18,59
13,20,63
25,18,42
7,19,59
0,10,37
29,18,43
17,14,38
31,17,57
9,17,41
58,9,54
18,12,28
52,18,37
22,16,22
2,16,8
23,16,7
11,15,11
25,15,34
46,19,5
49,18,39
60,19,28
33,17,25
2,18,61
0,16,48
16,16,40
62,19,28
43,19,12
50,19,18
38,18,48
45,19,2
54,10,55
25,19,47
53,10,54
27,19,50
13,18,40
53,19,20
15,16,5
2,16,0
39,18,26
8,13,15
42,17,49
62,12,47
46,19,16
36,17,30
0,8,26
0,10,29
31,18,5
49,18,42
14,19,45
9,15,36
24,16,21
33,17,41
60,7,57
48,16,49
15,15,9
28,17,38
42,11,59
20,14,34
48,18,39
19,20,57
34,16,56
61,20,23
2,13,42
57,19,28
55,20,5
19,17,40
33,16,32
4,12,42
22,16,7
8,16,40
44,18,45
30,18,45
50,19,27
10,16,9
9,9,23
48,8,61
33,17,10
60,14,42
22,14,33
54,15,46
32,14,63
46,17,47
8,17,49
51,19,20
38,18,50
14,18,44
3,18,63
23,14,26
55,17,40
51,12,54
6,16,4
33,17,56
0,12,40
28,17,23
5,9,21
10,14,13
33,16,34
1,10,39
58,6,59
46,11,57
28,17,0
44,15,51
24,16,63
49,19,21
11,16,6
41,17,48
47,19,21
27,18,45
57,9,54
33,13,62
15,12,32
28,19,50
61,10,50
61,20,15
55,6,62
41,18,46
17,15,19
15,16,37
4,7,23
4,12,35
40,18,12
54,19,25
57,16,43
3,12,32
32,18,51
17,14,23
13,13,14
13,18,44
39,18,32
7,19,62
23,20,56
5,16,0
1,15,12
5,13,35
13,12,23
36,17,52
19,15,36
7,15,35
10,17,40
11,18,47
21,15,12
4,13,44
5,13,17
6,13,30
13,14,22
51,11,56
4,15,48
50,9,60
24,21,52
42,18,13
29,13,32
11,9,25
12,16,38
61,15,41
14,14,20
61,19,2
27,15,35
11,16,9
16,13,34
19,20,55
17,20,54
47,18,36
22,20,52
30,17,40
39,18,30
27,18,43
3,8,25
26,19,45
26,17,59
12,12,20
18,18,63
9,19,60
26,16,26
50,19,31
10,17,45
4,14,45
12,13,20
11,19,63
33,17,38
19,14,33
54,18,38
10,16,4
58,12,49
6,14,45
42,18,28
24,19,57
2,17,61
10,11,23
11,18,41
17,21,54
60,18,33
33,18,47
54,20,14
55,9,56
17,16,2
42,13,56
44,18,41
48,11,55
53,12,52
52,13,50
10,11,18
6,18,61
21,16,37
7,16,3
47,16,48
25,17,62
4,13,33
46,19,3
29,18,58
46,19,12
0,14,14
35,13,61
23,12,30
60,20,22
0,10,19
14,16,0
53,8,60
33,17,20
51,14,51
59,9,53
8,16,41
46,15,50
8,10,27
26,15,33
52,19,29
36,18,17
53,19,2
35,18,10
16,14,15
25,17,3
30,18,1
15,13,33
52,17,43
48,18,36
52,19,18
25,16,25
26,17,8
57,19,25
2,16,3
11,16,5
28,16,22
22,19,49
34,17,37
53,19,25
0,8,23
32,16,30
33,16,59
63,5,59
27,16,26
56,13,47
34,14,61
50,16,45
10,19,58
14,14,35
49,11,56
6,10,20
48,19,12
27,19,48
33,17,36
27,16,10
61,9,53
6,15,11
6,15,47
40,18,21
29,17,41
39,19,4
31,17,14
49,7,63
61,19,28
5,15,13
50,19,21
0,16,1
49,17,46
45,15,51
60,5,62
40,13,58
31,16,59
38,12,61
58,19,23
55,7,61
61,20,8
18,18,44
9,11,30
17,17,42
19,14,34
44,19,13
15,16,38
51,19,24
12,13,33
42,18,29
63,5,58
54,19,22
49,19,11
7,19,60
27,15,33
11,14,14
35,18,1
47,18,40
9,15,12
5,18,60
0,10,33
32,17,55
29,18,57
2,16,9
14,15,10
0,13,42
54,20,16
0,10,35
45,16,51
10,11,17
55,17,38
52,20,12
18,21,54
33,17,27
19,16,22
9,16,8
38,18,34
7,10,19
34,17,25
55,18,37
22,19,46
32,16,33
10,16,36
55,10,55
6,10,27
4,14,16
53,16,42
54,11,54
20,16,22
17,11,32
61,17,38
33,17,26
62,6,59
40,18,36
47,10,58
63,10,49
0,16,6
21,13,33
8,9,22
60,20,16
35,18,49
47,12,55
39,10,63
55,7,58
63,9,50
16,16,7
50,18,34
1,16,0
42,14,55
63,12,47
59,17,37
51,14,50
54,19,6
18,12,34
29,18,52
10,18,47
21,15,37
4,10,19
39,17,26
32,20,53
23,13,33
11,14,12
1,10,34
18,10,30
44,19,17
48,17,45
63,19,27
38,18,35
24,19,45
12,16,5
24,17,3
62,18,32
31,18,2
54,20,20
49,10,57
24,16,6
58,18,37
10,10,25
24,16,62
13,20,59
28,13,30
7,8,25
5,13,33
48,14,51
1,15,11
26,17,6
34,17,19
35,17,19
36,17,20
4,16,6
59,6,60
50,19,24
19,16,8
25,16,24
26,13,29
4,8,23
30,18,41
29,18,53
53,8,57
4,14,14
23,19,45
9,16,45
22,19,45
3,10,20
63,7,56
59,10,50
31,16,60
27,18,55
48,16,47
52,12,53
10,10,23
20,15,22
7,17,50
23,17,38
18,19,62
9,9,26
61,16,40
26,14,28
54,19,1
31,17,38
2,16,6
46,18,26
16,12,25
44,18,25
45,13,54
18,17,40
60,20,19
6,8,24
50,18,40
17,10,29
59,19,24
22,15,24
1,10,19
9,16,48
6,18,54
39,17,27
39,18,36
57,19,23
53,19,28
54,20,12
32,15,30
0,11,38
39,18,18
9,17,39
53,11,53
12,16,6
4,10,21
50,17,44
48,14,52
35,14,58
30,17,14
41,12,58
41,16,52
27,17,6
12,14,14
63,6,58
26,19,49
5,14,33
47,19,16
15,16,6
11,9,26
25,19,55
30,16,59
34,18,4
20,19,44
57,20,16
63,18,31
24,16,9
12,20,61
22,16,18
31,16,34
32,16,35
41,18,23
4,13,16
46,19,20
17,19,63
18,19,59
37,14,59
31,15,36
54,20,8
42,18,24
29,17,19
35,17,26
20,14,33
35,18,17
56,20,12
20,16,2
55,20,14
36,17,34
4,16,9
31,16,26
11,18,51
60,15,43
9,17,44
16,14,16
10,13,14
51,20,11
5,14,16
16,15,16
33,15,32
6,10,21
10,10,19
8,10,29
15,12,24
15,13,35
29,21,53
1,15,47
17,12,31
30,17,37
19,15,19
22,21,55
50,16,48
2,17,62
62,20,18
24,15,27
42,16,52
1,11,19
8,9,21
24,12,31
30,14,33
55,19,31
20,16,23
11,15,10
11,12,15
39,18,42
0,14,43
22,16,1
31,18,46
45,18,29
8,13,33
20,13,32
26,16,21
23,22,51
17,11,27
7,10,20
13,16,5
58,19,0
45,9,62
50,11,55
56,20,20
30,17,25
14,20,58
5,14,39
53,20,18
59,20,6
36,18,48
59,20,9
32,17,21
10,16,1
4,16,5
32,18,1
3,15,11
11,11,20
15,11,26
26,19,48
42,18,18
35,16,55
62,12,46
7,15,44
1,11,32
63,5,60
43,18,43
12,16,3
63,20,12
19,15,38
22,16,0
6,15,36
19,15,16
39,18,39
19,20,54
4,11,28
62,20,6
18,15,23
11,20,58
51,19,17
6,11,19
8,14,13
29,17,11
6,15,13
61,13,46
9,18,50
47,13,54
51,19,3
39,17,30
62,20,4
59,20,13
20,19,49
44,18,31
48,18,34
31,16,28
29,15,62
20,20,53
54,20,9
32,16,29
53,14,49
58,17,39
17,18,43
17,12,27
39,18,15
35,19,1
11,11,29
37,17,33
16,14,24
32,13,63
63,11,49
7,11,19
20,11,30
8,16,47
2,11,29
8,11,17
21,16,4
34,18,43
37,18,9
14,13,34
57,13,48
20,19,46
60,20,3
22,16,2
34,17,16
2,9,22
38,17,29
16,16,1
34,16,38
0,16,0
23,15,26
23,16,36
63,20,8
25,16,4
34,18,3
18,20,55
7,11,18
14,18,42
23,14,27
48,12,56
32,15,61
54,14,47
17,20,60
3,17,51
48,19,13
35,17,33
28,16,35
22,18,61
57,20,13
42,18,31
57,10,51
6,18,57
16,15,13
45,18,39
32,18,0
49,16,48
30,16,26
8,15,41
57,20,4
27,19,56
59,19,26
27,13,30
34,17,36
7,19,54
23,15,25
4,8,24
1,17,50
45,19,7
46,18,44
40,18,22
8,15,11
7,19,55
22,16,21
23,16,22
44,19,19
10,14,14
57,12,50
55,19,5
7,9,23
28,14,63
49,14,51
20,15,37
31,17,10
7,10,27
8,15,45
28,17,19
52,18,38
20,20,49
32,15,31
18,15,12
10,11,22
56,14,45
49,11,57
37,18,10
27,14,32
29,16,59
52,16,45
8,15,37
43,12,57
21,16,5
31,18,53
37,18,49
35,18,14
33,18,2
46,19,0
8,16,10
4,14,15
29,17,22
17,17,40
14,20,63
33,17,14
5,13,45
31,17,18
54,19,30
38,13,58
13,14,35
42,19,15
14,15,8
30,17,17
37,18,7
10,17,48
9,9,20
23,16,16
21,18,63
27,17,17
57,19,33
63,18,35
51,20,12
2,12,34
41,11,59
58,8,57
6,16,50
50,16,44
16,20,63
2,11,36
45,19,0
55,20,7
32,18,7
33,15,30
42,18,35
47,18,28
10,9,26
51,19,19
29,17,20
18,15,19
16,15,12
42,19,6
25,17,0
34,17,13
15,20,55
46,8,63
16,20,55
62,20,15
55,19,27
10,16,5
17,15,8
4,17,49
22,19,50
13,20,58
37,18,37
13,11,25
10,19,53
11,16,0
36,18,42
15,15,12
9,10,29
51,9,59
16,20,60
52,19,4
54,7,61
7,18,52
10,16,7
7,15,45
39,18,23
55,19,24
50,19,8
17,15,23
1,10,27
17,13,36
2,13,16
35,18,5
52,17,40
17,19,44
53,19,6
26,17,60
35,17,28
10,19,55
29,17,1
3,13,17
59,18,36
14,13,22
28,18,59
55,11,52
53,20,6
36,17,24
42,15,54
20,12,29
29,17,21
8,11,18
42,19,4
48,18,41
60,8,54
9,19,59
48,18,32
17,19,46
49,19,25
26,17,4
25,14,34
58,13,48
63,13,44
46,13,54
44,19,10
12,14,35
48,18,37
41,19,2
52,19,28
29,19,48
60,19,1
7,8,22
32,16,27
0,10,20
44,18,22
4,16,49
20,19,58
11,16,3
30,18,55
38,18,17
0,10,31
17,19,49
55,19,2
60,20,11
29,17,16
10,16,38
36,18,11
45,13,56
49,18,32
40,17,48
19,16,18
30,14,30
35,13,60
18,20,59
63,20,10
7,10,28
26,16,9
22,18,62
14,16,36
47,18,44
54,18,32
38,12,60
41,18,47
62,11,49
40,18,9
0,14,13
23,20,55
16,16,0
19,15,11
2,7,24
17,20,50
5,16,10
50,18,36
2,10,29
44,17,49
7,16,48
23,20,50
22,20,55
53,7,59
12,15,9
29,17,14
57,6,63
62,12,48
37,15,58
13,16,3
60,20,20
19,17,39
33,17,24
27,17,8
58,19,25
11,12,22
47,9,61
21,14,33
58,20,13
32,17,6
39,19,5
53,12,53
16,20,54
21,17,63
19,15,13
22,14,34
17,20,57
5,18,57
50,19,12
23,18,40
17,14,36
15,11,28
14,14,16
18,15,15
28,15,29
4,18,61
44,10,59
30,15,34
48,19,1
21,13,26
18,13,32
48,19,21
61,18,33
33,15,61
6,19,55
22,18,40
14,16,9
4,13,15
26,21,52
14,16,6
9,13,34
30,19,49
6,18,53
23,16,8
8,18,54
55,20,18
19,12,32
3,11,20
9,9,27
56,19,25
18,14,24
61,19,25
52,9,57
8,16,45
41,19,8
27,18,41
7,15,41
59,20,11
41,18,42
47,11,58
50,18,32
47,12,54
10,11,19
42,13,57
22,18,45
28,15,63
42,18,36
2,13,44
3,18,55
55,20,17
32,18,53
44,18,27
46,18,28
39,14,58
18,14,14
24,20,53
55,12,50
38,18,14
12,12,23
39,18,43
36,13,60
43,17,48
35,16,30
13,13,16
12,16,1
47,18,33
27,18,57
37,18,19
41,19,10
42,18,40
38,19,3
29,17,15
17,14,37
52,20,8
39,17,29
25,14,27
15,12,31
17,19,47
47,19,4
13,19,49
47,17,45
48,17,43
43,13,55
57,18,32
0,17,59
20,16,21
4,17,51
17,11,28
31,18,44
51,20,13
6,14,43
12,18,42
43,18,46
63,10,50
1,11,31
50,15,49
50,7,61
58,6,62
44,18,39
11,12,18
24,18,42
54,18,35
13,19,46
51,18,34
49,19,20
19,18,41
51,14,48
63,6,57
6,14,33
20,15,15
51,19,30
29,14,63
34,17,24
33,17,23
31,18,54
15,14,18
12,13,14
24,16,20
0,15,13
18,20,54
11,19,55
28,18,54
24,19,49
11,11,22
52,18,40
56,6,60
32,18,46
19,20,49
28,19,52
1,14,43
44,18,24
7,18,55
42,18,45
47,18,43
53,18,34
2,15,13
23,12,31
24,19,48
11,16,2
26,15,36
7,15,37
31,14,31
52,20,18
26,14,33
52,19,25
2,16,5
7,15,11
1,13,43
50,17,42
45,18,30
19,14,25
0,10,32
37,12,63
44,18,32
10,13,15
5,8,23
8,16,43
4,9,21
50,19,7
43,16,50
11,18,43
8,8,25
19,19,49
32,18,5
39,15,54
19,20,58
6,13,17
10,13,33
60,20,2
42,11,60
53,19,19
63,18,34
24,16,38
47,19,28
29,17,4
0,11,39
25,14,28
54,17,40
22,16,24
18,16,9
43,19,10
4,15,11
7,16,50
56,17,39
60,6,58
52,18,34
54,20,11
36,17,22
24,17,1
57,8,57
16,13,35
20,12,27
46,19,6
47,13,53
24,16,37
20,18,43
36,17,33
45,15,50
58,14,44
41,10,63
26,15,27
60,20,18
0,16,7
10,19,56
41,18,11
57,19,22
28,14,33
48,19,9
38,18,13
12,12,19
4,12,36
56,15,43
10,10,24
6,18,52
26,15,63
18,18,62
14,14,22
40,18,14
20,12,28
33,16,39
8,9,24
21,18,60
29,19,51
16,11,28
43,18,32
21,18,44
3,12,41
11,14,34
22,11,30
11,19,51
42,19,13
63,17,37
10,14,15
6,9,21
30,17,16
43,8,63
32,15,29
10,18,53
9,16,49
4,16,10
6,19,62
5,14,42
6,13,43
9,20,60
17,22,52
62,21,16
2,7,25
39,12,60
44,11,60
63,8,53
26,18,57
38,17,28
46,9,62
32,17,28
44,12,56
55,20,10
37,18,48
25,12,29
18,20,51
6,15,14
62,19,23
9,17,49
1,10,29
53,19,31
48,15,50
23,18,59
35,17,35
10,15,11
12,17,41
31,15,37
10,16,10
53,8,59
12,14,34
27,18,44
29,16,37
35,17,40
60,19,22
32,18,6
52,18,31
8,15,46
50,19,16
24,19,46
20,16,16
33,16,28
12,20,63
52,15,45
62,19,26
7,14,13
43,9,62
17,16,4
35,18,18
53,19,23
54,20,6
40,18,20
4,18,57
43,18,28
17,16,8
56,18,32
8,16,7
52,20,15
57,17,39
62,11,48
27,17,3
10,19,62
19,15,24
56,10,53
55,19,4
29,17,38
40,16,54
16,14,37
0,17,53
43,14,54
19,11,30
36,16,54
20,17,40
15,15,20
62,20,21
59,7,58
32,15,59
35,17,36
34,13,63
20,16,36
57,8,55
46,12,57
19,20,53
16,13,26
27,19,49
25,17,6
33,17,12
34,18,1
60,20,9
47,18,29
4,17,50
23,14,32
0,16,46
10,17,46
39,17,31
53,18,40
3,13,42
42,9,62
61,18,34
27,16,15
16,12,31
11,12,23
48,19,2
23,16,15
6,12,31
54,12,52
10,15,35
33,19,48
22,17,41
55,20,19
36,17,39
61,11,50
18,16,20
34,18,13
38,19,47
51,8,58
8,15,36
8,14,15
39,18,41
61,14,42
7,16,6
48,19,8
29,18,55
6,16,11
5,16,4
3,12,30
6,14,36
25,16,21
48,19,6
22,15,35
13,12,15
51,12,52
28,14,30
60,20,4
39,18,40
57,15,42
4,12,30
9,15,35
23,16,4
36,18,7
46,18,39
47,7,63
14,11,30
13,19,48
21,20,52
55,11,53
10,16,37
18,16,6
52,17,44
61,20,10
42,18,34
54,16,43
34,17,28
28,18,44
53,17,39
62,20,23
60,17,38
63,20,17
52,19,19
16,15,36
19,18,63
51,8,59
2,11,19
55,16,41
28,19,47
37,16,53
23,17,62
44,19,15
46,18,29
24,19,56
18,18,41
37,18,40
47,13,55
11,14,35
4,18,62
57,5,63
34,17,33
37,17,51
15,18,42
61,12,46
63,15,41
34,17,31
5,16,6
50,19,19
1,13,15
56,19,24
37,14,57
63,14,42
58,15,43
57,8,56
23,16,20
31,18,56
0,16,3
37,18,12
57,14,44
20,15,36
27,19,55
30,15,29
32,19,48
34,18,51
50,10,58
49,14,52
4,12,39
18,15,14
17,12,34
20,19,61
21,16,14
35,17,37
6,16,7
46,18,38
30,14,63
32,15,35
26,19,50
34,12,63
7,16,49
18,11,31
32,18,42
5,18,56
42,12,58
11,14,13
15,17,40
7,9,24
21,13,28
53,9,58
51,13,52
28,17,2
14,13,16
62,14,43
2,10,21
59,11,50
5,18,52
27,17,38
57,19,4
28,17,22
42,18,17
52,18,39
35,17,32
37,15,56
32,16,38
10,15,10
35,12,62
63,4,63
21,20,51
33,17,21
48,18,38
39,18,46
48,14,53
62,13,45
53,19,24
10,18,51
20,19,47
43,18,17
5,16,9
43,11,58
21,15,35
31,19,50
63,20,9
11,11,31
52,20,14
56,20,6
31,17,6
62,20,14
39,18,48
15,17,38
50,19,28
59,7,57
30,16,27
18,12,32
57,16,40
3,17,50
29,14,30
43,18,47
3,9,26
16,19,63
19,16,7
3,8,22
21,16,15
62,6,56
58,18,36
55,19,0
36,17,31
14,20,53
43,19,5
47,18,32
36,18,51
38,18,47
31,16,27
61,20,2
2,15,10
25,13,29
26,14,34
33,18,54
28,15,62
63,20,6
14,19,46
37,18,5
38,17,25
24,15,34
26,17,20
40,18,43
22,18,60
6,11,28
7,9,27
22,11,29
11,11,25
27,13,29
9,17,42
4,16,11
41,17,47
31,16,32
6,14,16
3,11,39
60,19,3
34,14,62
10,11,24
43,18,44
24,19,55
20,16,0
1,12,40
20,11,29
48,18,43
57,19,32
53,19,18
40,19,6
58,6,63
6,9,22
25,16,13
37,17,50
11,18,48
44,18,30
27,16,34
41,17,51
0,11,30
45,15,52
17,10,30
50,18,31
49,18,36
4,13,37
16,20,49
7,9,26
45,18,24
19,20,56
34,17,22
32,19,50
26,17,3
58,20,4
9,16,7
44,9,63
7,16,7
26,16,15
56,17,38
52,8,58
16,13,13
33,16,29
39,11,63
38,19,1
43,19,11
59,6,61
40,16,51
44,12,57
24,16,4
16,10,28
52,6,63
56,12,49
9,14,35
22,16,15
51,18,31
60,19,32
2,15,11
38,18,20
60,16,41
24,14,26
1,11,38
29,18,1
41,14,57
23,16,21
2,17,53
32,18,44
34,17,32
32,17,54
11,20,59
39,18,29
62,20,19
48,17,46
10,15,13
49,13,54
21,16,20
20,18,44
62,18,33
5,10,21
48,13,52
36,18,1
56,7,60
32,18,55
48,19,4
60,19,27
26,17,1
11,20,62
30,17,11
2,9,21
59,9,54
54,19,3
39,13,60
12,16,37
7,19,56
38,15,57
32,19,46
39,18,28
10,16,2
4,18,63
24,16,11
12,19,46
51,17,42
23,17,40
16,15,20
41,13,56
5,14,40
50,19,15
2,11,31
60,17,37
53,6,63
27,17,4
41,19,5
34,17,38
27,15,29
54,11,51
22,17,62
2,10,20
23,16,24
55,18,38
63,20,7
34,16,29
46,16,50
12,11,29
3,12,37
27,17,37
1,17,49
32,16,37
32,17,13
59,8,56
63,19,31
58,17,38
32,15,37
25,16,16
14,19,52
54,19,5
51,18,35
50,19,14
10,16,8
44,17,46
29,17,7
32,17,27
62,20,10
49,10,56
17,15,12
55,12,49
15,12,27
52,13,51
46,11,58
53,9,57
46,17,45
22,17,38
13,19,53
19,19,44
55,19,23
50,19,17
6,18,63
2,13,43
15,20,56
29,15,63
55,14,47
44,19,11
6,14,42
5,14,44
56,11,51
1,17,48
57,20,23
46,14,54
49,13,52
34,18,47
10,20,63
15,13,23
53,19,32
17,16,0
49,17,42
41,18,28
63,20,22
48,19,11
39,17,28
11,20,61
57,7,59
4,17,52
44,14,55
47,19,11
9,20,59
51,19,7
12,19,49
33,18,9
5,13,16
13,10,26
18,21,52
6,12,29
6,13,33
21,19,58
48,19,19
47,19,1
51,18,40
62,19,31
60,20,5
32,17,20
18,13,35
48,18,31
39,16,54
55,20,6
15,15,37
15,18,43
0,9,27
7,13,33
18,12,27
16,15,10
31,14,63
57,20,20
53,20,15
36,18,9
8,9,20
3,15,14
38,18,22
12,19,56
44,18,18
50,14,52
35,13,63
30,18,57
7,18,63
2,10,19
56,8,55
42,13,58
25,20,58
49,15,51
56,16,41
17,15,38
33,17,15
15,15,36
52,19,0
29,17,12
1,11,29
52,18,33
43,18,20
3,15,47
45,19,21
43,18,34
30,17,9
16,13,14
38,18,19
8,13,32
6,16,8
21,16,38
49,13,53
8,19,56
15,15,11
6,19,60
11,11,24
18,15,13
14,13,18
56,6,63
12,19,54
40,17,51
5,16,2
49,17,43
51,18,36
60,8,53
62,20,20
48,13,53
62,7,56
13,16,7
13,18,45
50,19,11
60,10,51
14,16,2
54,8,57
24,16,24
61,14,44
32,17,14
21,13,27
7,15,47
4,12,31
36,17,28
0,11,40
22,19,59
5,14,34
53,6,62
60,16,39
0,12,17
29,17,39
40,15,56
48,9,61
28,17,21
35,18,44
48,19,24
40,19,8
57,15,44
53,7,62
44,19,12
38,18,38
8,15,38
28,17,20
23,12,28
58,11,51
8,12,16
56,17,40
41,18,26
18,15,39
23,17,1
40,12,61
4,13,41
4,18,55
50,18,35
60,19,30
29,18,45
45,18,40
19,20,51
2,16,48
13,13,34
44,19,0
39,19,47
11,20,63
49,19,30
48,18,40
50,7,62
14,18,40
3,18,53
53,18,33
35,17,25
16,12,27
44,16,50
9,18,52
55,20,9
11,17,39
27,17,41
49,9,59
21,18,41
53,20,13
41,11,60
25,18,59
19,17,41
28,17,37
3,16,4
15,13,15
6,16,1
59,17,38
54,14,46
36,18,12
24,12,30
11,9,28
60,18,35
41,10,61
26,17,7
4,9,26
31,18,4
0,10,30
43,17,46
8,15,42
48,15,49
17,13,14
26,17,38
22,16,11
45,18,46
52,10,57
4,14,46
13,11,29
25,16,11
25,15,35
12,13,22
25,13,28
54,16,45
62,16,39
13,9,27
16,20,52
50,18,42
12,10,27
47,18,27
22,18,42
46,11,56
51,8,60
22,13,32
40,18,10
56,8,58
13,20,55
2,18,57
7,8,21
2,11,41
5,18,54
54,19,32
6,16,3
44,18,36
42,18,32
9,13,16
51,11,55
9,17,46
38,17,50
36,13,62
56,18,38
31,16,37
62,20,7
8,11,19
53,16,44
28,17,5
32,18,41
30,17,41
44,18,28
7,13,32
18,14,35
33,18,3
16,15,21
13,15,12
12,13,18
14,9,28
54,19,23
17,20,55
5,12,30
17,11,31
54,8,59
50,19,0
48,16,46
45,18,34
62,5,58
6,18,56
15,12,26
29,19,46
34,18,12
42,19,11
48,19,27
0,16,9
22,16,5
54,15,44
33,15,31
31,17,17
40,19,10
60,9,52
12,15,10
55,19,1
60,19,25
54,19,31
28,17,12
61,8,54
11,17,40
31,17,9
15,16,0
41,12,60
16,12,26
49,19,18
41,16,50
41,18,32
61,5,60
3,16,3
50,8,60
44,14,54
41,11,61
30,19,47
29,19,49
63,15,39
63,14,43
21,21,52
61,8,52
50,20,14
26,15,62
43,12,59
2,12,39
33,19,53
2,16,49
47,9,60
49,8,60
58,19,28
43,19,7
19,16,2
49,9,60
10,12,32
16,20,61
36,18,45
7,15,42
1,16,46
18,18,43
53,19,26
41,18,40
47,19,27
47,18,41
61,20,19
6,18,59
24,17,38
15,14,36
62,13,44
12,18,41
1,17,61
41,18,37
15,17,39
7,15,46
6,13,32
47,19,18
48,10,59
24,19,50
50,19,26
54,14,48
38,14,56
10,17,41
46,19,22
38,17,31
24,16,8
38,15,56
62,14,42
40,11,62
54,12,49
31,17,8
33,18,43
7,14,38
56,20,9
55,19,26
6,16,48
11,19,54
30,17,22
46,18,45
34,18,5
4,13,40
8,15,44
1,17,59
58,19,1
50,7,63
39,18,34
2,14,13
56,20,5
24,16,18
38,13,59
12,10,29
31,17,16
23,19,46
49,18,41
15,14,12
17,12,33
37,17,27
35,18,40
2,12,32
30,14,31
28,17,3
13,14,21
16,20,62
35,18,6
24,14,34
53,19,1
5,15,14
37,18,20
0,17,58
28,16,61
57,13,47
42,19,7
47,19,0
35,17,18
63,19,2
25,19,58
54,12,51
7,13,31
52,8,60
35,15,59
40,18,30
16,20,59
27,18,40
32,18,2
7,14,33
48,19,22
51,20,10
59,7,55
63,19,32
23,13,29
5,13,15
10,10,28
62,14,41
10,10,20
36,17,40
36,17,18
2,18,53
57,9,58
49,19,3
23,17,63
45,16,49
16,14,22
17,15,15
13,15,35
34,17,21
16,20,58
37,17,52
35,18,15
22,12,29
10,17,47
63,9,51
11,10,29
37,19,2
41,18,43
47,18,39
21,14,34
35,17,53
16,19,46
19,18,44
62,5,63
1,16,4
8,16,4
3,11,40
41,9,63
30,19,52
25,17,39
48,12,54
11,20,57
49,12,54
34,15,60
28,16,37
35,18,41
28,15,27
47,19,22
56,18,36
18,15,24
52,19,2
46,19,8
13,20,53
45,18,42
40,17,49
32,15,32
21,13,34
9,16,6
61,13,45
49,19,16
39,17,52
11,12,16
13,16,1
44,13,56
60,7,55
62,20,5
46,19,18
12,20,56
36,18,8
17,19,62
8,16,42
42,18,20
25,18,45
33,16,37
61,7,55
22,20,54
30,17,3
6,16,10
61,6,59
9,10,19
15,19,48
19,19,48
24,20,55
28,19,51
58,20,12
0,11,18
42,18,21
0,13,15
13,20,56
0,17,55
13,13,20
44,16,48
61,19,30
52,19,17
18,11,28
13,18,41
20,15,23
25,16,14
21,16,22
61,20,17
52,19,6
21,11,29
4,16,3
38,19,5
56,9,55
12,14,12
32,17,15
7,15,36
54,19,29
25,13,31
49,15,49
25,15,26
54,10,54
8,16,39
43,19,3
51,14,49
1,10,35
27,16,61
9,16,46
49,11,55
15,13,34
52,15,47
14,20,52
48,19,5
19,20,50
19,20,59
25,13,30
45,14,54
31,17,5
53,20,8
5,14,15
32,15,36
48,16,48
45,18,26
28,17,14
2,17,54
44,19,8
23,20,51
19,13,33
63,20,11
22,19,56
43,18,40
62,4,63
17,20,52
60,16,40
39,18,45
12,10,25
17,15,17
20,19,45
3,16,7
12,13,21
26,19,56
58,20,8
5,9,24
58,5,62
48,19,3
22,16,16
25,16,23
17,15,9
20,16,38
15,20,61
2,8,26
50,12,52
37,18,16
49,19,0
58,8,55
28,19,46
47,14,51
38,10,63
3,12,36
35,18,0
31,17,27
31,17,19
50,17,41
15,15,21
12,15,36
2,15,12
58,9,55
56,7,57
34,17,11
39,17,32
60,14,45
44,12,58
22,18,43
58,15,44
1,7,23
63,19,25
12,12,31
47,19,24
49,19,4
6,16,0
56,20,13
5,14,41
53,17,43
56,18,37
58,9,53
32,17,10
46,19,19
59,20,8
57,19,30
53,18,39
0,17,61
35,17,30
26,16,14
31,17,25
34,18,45
44,9,62
55,19,21
61,19,26
32,17,56
22,12,32
15,18,41
16,19,62
49,19,28
29,15,28
43,19,17
60,20,13
46,9,61
27,17,1
36,15,56
19,15,37
37,18,35
61,5,61
35,16,56
48,15,51
59,19,25
59,18,32
9,12,33
6,8,21
38,18,26
22,20,61
16,11,29
58,11,49
47,8,61
36,18,44
42,12,57
59,18,35
1,8,23
22,16,13
49,19,26
26,16,38
20,13,26
28,14,29
7,14,39
11,15,12
12,17,38
55,19,32
62,20,17
58,10,52
59,8,55
51,18,41
17,12,32
5,17,49
3,11,19
9,14,14
44,18,44
60,6,61
38,19,6
49,16,47
58,19,3
1,11,18
38,17,34
62,15,41
43,19,9
44,17,48
4,16,1
40,18,34
61,10,49
49,18,37
61,6,58
8,19,59
30,17,57
7,11,29
57,13,46
43,18,27
59,20,16
31,18,51
31,17,41
41,14,54
62,20,13
9,10,20
15,19,49
36,18,10
21,16,17
57,20,15
36,18,39
45,9,63
24,18,41
37,17,24
63,5,61
5,15,46
23,18,43
46,19,13
24,16,10
63,16,37
33,17,8
42,19,10
9,16,1
60,19,2
46,17,46
7,16,1
26,17,0
41,18,39
25,12,31
55,14,45
7,12,30
57,15,45
33,17,40
38,12,62
63,19,23
12,16,7
37,13,60
12,19,48
54,18,34
3,13,15
39,18,27
47,18,34
63,8,54
3,11,18
60,20,14
19,16,1
26,17,17
42,19,12
2,17,49
3,7,23
58,20,11
34,17,35
56,10,52
56,20,4
2,12,42
36,18,20
30,17,56
60,15,41
35,17,54
43,19,13
41,18,10
14,14,21
63,15,38
35,18,50
30,17,2
45,12,56
49,19,1
2,15,46
18,13,25
51,19,28
21,15,14
50,19,30
39,19,0
48,13,54
44,11,59
37,18,36
56,12,48
5,12,17
12,12,24
13,15,36
57,6,59
4,15,46
6,8,22
31,18,0
35,17,27
22,15,34
2,18,54
22,20,57
20,16,15
46,19,25
17,23,52
11,18,44
13,12,22
43,15,51
19,11,31
56,7,61
10,10,30
43,12,56
24,20,56
8,19,53
9,16,41
13,12,16
0,9,26
10,10,22
26,13,31
26,15,28
34,18,42
53,19,7
25,19,50
2,11,37
30,19,48
28,17,17
47,15,52
1,12,17
27,16,24
56,19,2
13,14,12
14,15,9
42,18,14
39,18,17
44,18,19
7,10,26
6,11,18
40,18,23
59,15,41
4,13,36
18,16,0
51,18,39
29,18,42
23,18,60
35,17,52
28,17,18
39,18,16
58,16,40
36,16,55
36,18,19
12,20,58
27,14,28
59,19,3
30,18,53
63,16,38
19,15,35
19,16,10
47,17,44
36,18,49
58,19,27
59,18,34
44,18,40
41,18,30
18,14,36
57,20,17
8,9,25
61,5,63
41,18,17
52,15,48
15,19,51
23,18,41
4,18,53
15,11,27
21,16,19
39,18,33
56,19,30
43,16,51
7,15,48
4,18,58
20,20,55
26,19,47
2,18,59
27,14,30
30,18,54
40,11,60
37,13,59
14,16,38
19,11,29
31,18,41
4,11,20
58,13,46
8,19,54
57,16,41
61,7,56
59,20,4
26,16,10
33,17,55
4,16,4
17,13,13
0,15,45
62,15,42
39,19,2
52,15,46
25,17,60
22,16,17
28,16,36
21,20,50
49,14,50
14,11,26
7,15,40
33,15,59
16,15,38
44,19,7
42,18,25
17,16,40
2,16,10
3,12,18
34,17,34
18,15,11
27,15,63
28,19,53
30,18,56
21,16,23
49,18,43
14,15,35
44,18,46
17,16,7
28,19,54
16,11,32
41,18,38
7,12,29
62,10,49
17,13,34
23,19,55
34,17,18
41,16,53
63,17,36
16,14,36
17,15,20
51,19,21
43,19,16
32,16,59
29,15,30
1,11,34
26,19,54
42,16,49
40,14,55
13,15,9
36,14,58
16,10,30
42,10,62
26,16,13
46,16,47
0,10,28
43,17,49
29,16,26
20,18,61
61,19,32
34,17,40
3,12,17
63,13,43
45,18,38
41,19,9
2,11,35
12,19,55
1,11,37
9,10,23
45,19,1
15,14,22
40,18,38
60,20,7
1,12,18
43,19,0
2,16,1
20,11,31
34,18,11
33,18,0
45,18,23
5,16,8
18,20,50
1,8,25
10,15,12
14,11,27
49,7,62
38,18,44
31,18,55
25,17,1
6,14,37
0,16,10
36,18,43
35,18,9
53,15,47
21,16,36
48,19,20
13,12,32
51,20,9
3,10,26
60,20,23
17,15,14
45,19,9
4,12,43
1,10,31
33,19,47
11,17,42
2,12,38
51,20,8
24,16,35
30,15,32
47,14,53
35,17,39
24,14,28
20,15,13
55,14,48
55,10,54
4,11,27
44,19,4
5,13,41
58,12,47
60,11,50
14,16,7
9,13,33
8,12,17
33,18,48
24,16,15
19,12,31
51,11,53
31,17,24
28,19,48
39,11,62
16,19,49
10,11,20
60,13,47
53,13,49
12,12,22
11,11,17
62,5,59
54,20,13
39,18,6
2,17,52
30,17,5
4,15,12
14,17,40
48,19,18
12,19,47
36,17,36
31,15,62
9,16,42
1,11,39
21,20,55
21,17,38
8,10,19
26,16,36
54,18,37
19,16,38
26,16,63
27,17,11
27,17,20
53,20,16
3,16,11
29,17,3
57,20,6
48,19,28
41,18,22
5,14,37
38,18,10
40,9,63
59,20,18
9,9,25
55,19,29
48,18,29
35,17,24
15,13,24
25,19,52
37,19,0
14,11,31
37,17,28
25,20,53
56,6,61
7,13,17
51,16,46
8,17,51
7,14,44
59,12,48
27,17,40
23,13,32
50,19,3
36,11,63
5,8,24
19,18,62
53,20,14
38,18,25
13,11,26
46,10,60
51,8,61
16,15,37
19,11,28
13,14,19
7,14,14
17,13,35
20,16,39
5,11,28
55,19,25
33,18,42
43,10,61
12,14,13
47,19,29
55,17,39
14,19,53
59,13,46
58,6,60
59,20,17
3,13,33
7,9,22
43,19,2
40,15,55
41,19,11
13,20,54
52,19,5
54,13,48
18,20,57
4,12,18
44,18,23
9,12,16
8,10,28
12,11,17
46,10,58
62,19,2
42,18,44
6,14,41
8,19,60
16,16,3
57,19,27
4,8,25
29,17,17
3,18,62
24,17,19
23,16,11
58,7,57
56,19,23
11,13,33
58,19,30
17,18,42
13,12,25
58,16,39
13,13,17
56,16,43
0,12,41
31,15,31
49,15,50
9,10,18
61,20,20
46,13,55
60,18,32
53,19,4
54,9,57
52,10,55
57,20,10
25,14,33
48,12,55
50,12,54
53,19,27
15,19,44
61,20,5
58,10,51
5,11,27
36,15,57
52,9,56
57,20,5
19,16,4
11,19,52
21,19,48
32,19,47
6,16,6
44,18,43
43,13,56
51,7,63
54,20,21
38,19,2
39,18,14
23,19,59
47,19,12
32,16,32
33,20,53
46,17,48
22,13,34
50,8,62
44,18,38
25,16,36
1,13,44
8,10,23
7,18,62
21,18,40
28,19,55
46,18,41
16,17,40
60,8,55
24,16,3
0,10,36
52,18,35
56,19,26
20,14,25
1,17,55
18,10,29
15,16,1
37,18,39
57,20,8
6,14,46
39,18,8
47,11,56
36,18,21
22,13,27
21,18,59
28,16,28
20,15,24
63,5,57
40,18,49
26,17,5
29,17,2
7,17,51
50,16,46
51,19,26
23,14,34
24,20,52
61,18,35
39,19,7
55,20,16
55,6,61
61,17,36
25,17,20
26,18,58
47,15,49
45,15,53
41,18,12
22,16,38
59,5,61
14,20,54
25,15,25
7,12,31
36,18,13
40,18,11
26,12,30
16,10,29
55,16,43
56,11,50
25,17,5
18,16,7
45,19,20
46,18,27
36,17,53
43,16,49
58,18,32
57,9,53
23,17,37
31,15,29
47,17,47
23,13,27
8,19,62
23,15,35
60,13,45
38,18,33
37,13,61
22,20,51
32,17,7
5,10,19
15,12,33
15,15,35
6,14,15
3,18,57
37,18,4
36,17,38
3,12,31
24,18,60
23,19,48
38,17,52
15,10,28
57,20,19
44,18,21
40,18,16
45,19,5
15,13,14
17,15,18
22,16,20
25,16,9
6,9,26
25,18,40
47,19,7
20,20,56
16,16,2
22,19,48
61,7,57
6,16,5
26,17,9
14,16,1
19,13,26
20,16,17
56,20,8
5,15,11
43,13,57
61,5,59
35,15,58
5,18,53
30,18,44
50,20,13
50,18,38
1,17,60
0,9,20
19,14,24
6,17,49
60,19,0
14,15,12
16,18,43
53,7,60
2,11,32
46,15,52
20,16,18
7,16,10
32,18,45
53,20,12
16,19,44
39,18,12
57,14,46
19,15,21
59,19,30
18,19,44
53,18,35
30,17,23
15,14,34
22,19,57
18,16,40
8,19,61
33,17,34
63,16,36
14,16,5
8,11,31
16,13,24
52,19,22
19,19,45
30,17,19
7,14,41
45,17,47
28,17,10
14,13,14
25,17,38
28,17,8
41,12,59
33,17,29
61,11,49
12,18,44
25,19,48
58,10,53
24,16,12
32,17,11
61,19,22
5,17,51
9,11,29
4,12,33
48,11,56
54,19,20
37,11,62
40,13,57
23,16,1
1,13,17
15,14,14
28,17,60
57,20,18
3,16,48
20,15,16
35,17,23
30,14,62
29,19,53
53,20,10
56,18,35
15,16,4
35,18,45
58,20,21
23,16,9
30,17,18
39,10,62
37,18,6
11,19,49
52,13,52
61,16,38
20,15,11
50,19,25
6,12,30
51,19,10
25,17,16
17,12,28
51,19,8
9,17,43
19,12,30
0,11,29
21,15,11
30,15,63
16,19,50
62,13,46
48,18,44
26,18,40
39,19,6
1,16,1
61,19,24
18,19,61
50,14,50
13,14,13
13,14,14
19,16,5
26,17,15
26,19,46
45,16,48
63,7,53
61,20,11
46,18,42
53,15,46
10,15,37
20,13,27
34,18,8
2,18,60
50,19,22
34,18,10
16,13,33
36,14,59
26,16,37
20,20,52
34,17,23
57,9,55
15,13,16
11,10,26
14,19,48
29,18,56
18,15,9
42,19,0
29,16,27
25,14,32
3,16,5
30,16,28
24,17,61
32,16,57
8,12,31
57,12,49
1,14,45
40,16,52
56,19,22
30,15,62
13,12,24
50,14,51
34,16,55
24,16,5
9,15,10
10,15,36
24,14,27
44,19,18
8,11,28
49,19,12
25,16,20
21,16,7
61,20,4
14,12,15
17,14,24
51,18,38
3,18,60
25,16,19
9,16,9
15,20,62
46,19,21
40,19,2
10,13,34
12,12,16
37,17,54
1,11,36
11,13,14
37,17,23
49,19,5
18,16,2
50,18,39
3,16,8
5,18,63
25,16,15
16,20,53
56,20,19
5,13,36
30,18,0
19,15,23
3,10,27
56,7,58
3,14,45
0,8,22
46,18,35
49,19,8
56,20,18
27,17,5
44,17,47
59,13,47
37,18,44
2,16,47
56,11,52
32,17,26
31,17,20
15,20,59
36,17,27
14,20,61
43,18,26
30,15,36
12,19,52
5,16,11
6,16,49
4,18,56
31,18,52
30,17,59
36,18,40
7,19,63
35,17,34
7,11,30
29,18,2
51,17,44
55,20,21
54,20,5
7,18,51
8,15,39
62,20,22
63,20,23
46,14,53
51,18,33
20,19,59
48,17,47
41,15,55
58,20,23
61,12,48
58,20,18
4,15,14
38,18,42
63,15,40
6,16,9
4,12,17
43,18,42
57,18,36
7,16,9
6,8,23
13,13,22
41,18,13
46,19,2
22,16,3
8,10,22
43,10,62
41,19,4
30,16,29
43,18,37
12,18,46
47,18,37
51,9,58
47,19,5
11,16,4
53,17,42
58,20,3
8,9,26
26,19,51
7,8,24
9,10,28
12,15,11
29,17,9
19,15,18
34,14,59
13,11,30
6,10,28
24,13,33
10,12,33
34,15,31
51,19,6
60,12,46
18,15,17
61,18,32
37,18,3
55,19,33
37,18,8
34,17,56
12,12,33
24,17,41
58,14,43
36,18,37
10,18,42
61,6,60
15,20,63
60,7,56
43,18,22
18,20,60
5,16,49
7,19,58
20,16,10
52,18,36
3,16,47
30,17,8
29,16,24
2,14,45
9,19,58
8,9,23
47,18,35
17,19,45
18,16,8
14,12,24
60,5,60
12,20,57
62,19,29
10,18,45
24,20,54
31,14,62
42,15,53
42,18,27
31,17,58
29,15,36
55,13,49
48,19,31
32,17,19
33,16,38
51,19,4
4,10,27
13,12,17
37,17,30
49,12,55
53,13,50
26,14,32
38,18,45
15,14,16
56,19,1
14,14,18
55,8,56
52,7,63
24,22,52
42,11,61
46,19,26
17,21,55
27,17,7
56,20,16
62,17,36
14,14,23
59,20,7
49,18,40
31,18,3
19,14,26
32,17,40
42,9,63
61,6,56
55,10,53
11,13,32
9,16,4
34,17,29
52,20,16
48,19,7
38,18,7
12,10,26
52,11,55
1,16,48
24,17,2
32,17,25
49,19,31
46,19,23
33,18,8
15,16,7
30,16,25
34,18,2
14,10,30
16,11,30
27,18,59
14,14,14
2,12,41
46,12,55
20,16,5
30,17,12
40,10,63
46,16,49
43,18,38
2,17,56
20,16,3
24,14,33
7,18,53
28,18,55
21,12,29
58,18,34
4,16,47
26,17,19
19,14,35
60,5,63
10,10,29
10,17,39
40,18,18
51,7,61
15,12,25
13,16,37
32,16,36
0,17,56
29,19,47
56,14,47
49,17,44
27,17,2
56,13,48
25,18,60
20,19,48
1,8,26
58,8,56
62,7,55
61,19,27
52,20,7
29,18,41
34,16,31
39,16,52
13,17,40
12,16,2
5,11,19
42,18,47
28,19,45
31,17,39
16,19,45
21,19,45
0,15,9
57,19,29
1,17,58
3,12,40
46,18,34
5,18,62
49,19,24
46,9,60
3,13,44
7,16,4
25,13,32
14,11,25
23,16,63
24,16,7
27,17,18
42,19,3
12,13,19
5,9,26
54,19,0
50,20,10
14,12,23
42,19,1
24,19,51
52,20,11
25,18,58
10,20,60
23,17,2
19,19,59
6,15,48
32,18,4
4,10,20
55,20,4
57,11,52
35,18,53
21,16,18
36,17,21
56,9,56
37,17,21
2,12,33
11,11,21
23,21,52
55,8,59
53,10,57
30,17,7
9,17,51
21,20,57
63,13,45
11,20,60
40,18,25
23,19,49
39,14,57
8,15,47
62,4,62
31,17,13
40,18,13
18,17,41
16,16,38
10,14,34
20,16,20
12,19,50
22,15,37
35,18,48
15,11,31
37,18,17
8,11,29
40,19,1
8,10,20
27,19,52
58,20,5
43,17,47
16,15,22
14,20,56
15,10,30
20,16,9
42,16,51
36,14,60
24,17,4
31,17,56
24,15,36
14,16,8
57,18,35
27,16,25
32,19,49
2,15,45
45,11,58
15,19,45
33,18,50
60,20,8
14,12,25
45,10,59
38,18,4
17,15,13
24,13,32
3,11,29
39,18,21
8,16,9
15,14,13
45,10,60
51,19,29
42,10,63
6,18,51
16,16,39
57,20,22
0,7,25
55,11,51
16,14,23
37,17,31
36,15,58
32,18,3
21,14,27
21,12,32
8,15,10
59,19,32
23,16,23
43,18,18
29,17,5
37,17,36
55,8,58
8,16,6
8,16,37
56,20,21
59,19,1
4,13,38
17,20,61
59,8,54
62,11,47
2,13,17
56,8,57
34,17,27
54,20,17
23,16,25
20,16,6
17,19,61
63,4,62
7,13,15
7,18,54
30,17,24
1,16,6
7,9,20
59,20,15
59,19,27
61,6,57
0,11,19
23,19,56
63,19,30
1,9,26
14,15,36
59,9,52
3,12,34
55,19,3
2,17,57
3,15,10
21,15,25
48,11,57
62,19,24
29,16,61
55,20,12
18,20,52
9,16,5
9,16,44
4,18,54
62,10,51
33,17,17
59,19,2
45,13,55
10,9,25
38,17,51
17,14,15
51,19,31
19,18,43
40,18,33
0,15,11
52,14,50
11,10,24
5,13,32
8,12,33
8,19,63
34,18,52
20,16,7
41,18,36
38,18,11
23,12,29
53,16,43
58,20,16
47,15,51
18,15,38
42,18,16
58,17,40
28,18,56
2,17,59
37,17,32
49,19,14
60,20,12
2,12,35
30,14,32
12,11,23
40,19,4
11,18,49
51,19,9
13,10,29
16,21,54
6,13,31
11,18,45
34,16,30
24,15,25
49,16,45
55,18,36
30,18,42
18,14,37
40,19,5
21,16,11
61,7,54
27,15,26
36,19,1
7,14,35
25,15,37
63,8,51
3,14,46
52,18,32
39,13,57
24,17,20
60,10,52
1,7,24
16,15,9
19,21,54
2,17,51
36,17,23
58,9,52
42,18,38
52,8,59
37,19,4
20,15,12
37,17,29
42,14,54
48,18,42
60,9,53
61,15,40
34,18,53
10,12,31
14,14,19
28,14,31
30,14,34
34,13,61
57,20,9
8,16,0
30,19,50
63,10,48
8,15,12
49,19,2
60,6,59
60,12,48
49,8,61
21,16,16
34,18,41
44,9,61
42,18,37
45,14,53
56,16,42
57,19,31
54,20,10
27,16,12
44,10,62
54,6,63
0,14,44
35,18,47
34,17,54
2,14,44
48,19,10
39,18,7
19,19,46
53,9,56
46,18,33
62,19,0
45,19,8
5,15,47
43,14,55
9,19,54
43,18,39
36,17,51
35,18,43
54,12,50
30,16,36
31,15,33
57,16,42
15,14,21
53,20,11
47,19,8
26,17,21
63,18,32
47,18,31
51,19,22
63,20,20
24,18,61
34,17,26
19,16,21
30,16,24
12,10,28
62,19,1
6,9,24
33,15,58
62,13,43
59,14,45
39,18,11
2,12,31
34,18,49
9,14,15
40,10,62
14,14,13
33,18,6
2,8,24
58,19,24
10,15,9
5,16,1
61,5,62
16,18,44
26,19,53
53,7,61
54,19,28
37,18,43
38,18,9
37,11,63
17,15,11
37,17,34
31,19,51
38,16,55
46,15,51
54,11,53
60,20,10
58,19,2
18,13,33
9,17,48
54,19,27
14,10,28
7,15,10
34,18,6
29,19,45
60,9,51
62,8,53
31,17,21
11,11,18
51,15,46
54,7,60
20,20,54
44,19,1
54,19,4
21,16,21
49,19,22
40,18,17
14,19,49
14,16,3
2,11,33
36,18,6
41,18,27
12,18,45
63,12,45
11,16,8
9,11,18
5,14,45
13,16,9
34,17,39
59,18,33
23,18,44
58,18,35
19,14,36
52,16,44
11,11,19
43,18,41
19,15,9
10,11,21
3,15,12
19,13,34
9,13,15
2,17,60
56,20,11
34,18,46
0,16,4
15,16,3
25,16,17
3,9,27
46,19,14
38,18,41
20,19,57
60,17,39
11,11,23
61,15,42
42,18,39
48,19,26
45,8,63
7,15,39
1,12,41
1,11,40
49,19,27
26,17,61
5,13,40
18,15,20
2,18,63
21,16,0
19,15,10
27,15,28
59,20,14
40,12,58
58,6,58
6,19,59
28,21,52
51,15,49
54,15,47
13,16,36
2,9,25
29,17,60
63,20,1
45,12,55
46,11,59
8,14,36
39,19,8
32,14,31
20,21,52
18,20,49
1,13,16
50,16,47
28,17,39
16,15,19
21,17,39
47,19,13
50,9,58
30,15,33
9,14,34
31,14,30
42,14,56
39,18,20
34,15,59
39,12,59
35,17,38
26,18,45
43,18,21
52,20,9
63,11,47
61,20,12
22,15,36
22,16,36
47,19,25
8,16,44
1,15,46
24,16,36
27,19,51
32,17,18
61,20,3
62,5,60
1,10,21
16,20,50
39,18,10
49,9,58
17,20,51
17,14,14
26,14,27
62,18,35
8,14,34
63,19,29
31,15,35
16,14,13
34,18,40
55,20,20
20,12,31
17,13,26
2,7,23
50,19,13
30,17,38
56,20,7
47,19,23
47,17,46
30,15,30
60,19,26
6,11,29
7,13,34
41,18,20
50,19,9
22,14,27
20,20,51
35,17,17
37,18,51
6,12,17
14,13,24
53,13,51
54,6,62
18,19,63
57,19,0
0,9,22
62,9,51
52,19,7
20,14,26
22,18,59
47,19,14
18,13,34
23,20,52
25,16,22
25,19,57
41,18,14
8,10,21
32,14,62
30,14,35
14,15,11
43,15,54
34,18,48
56,19,31
51,10,56
43,19,15
28,16,23
52,17,42
33,18,41
9,16,47
41,18,48
18,15,37
45,9,61
26,17,39
13,9,28
25,13,33
26,15,35
53,19,0
51,15,48
22,17,39
58,20,20
5,11,29
18,20,56
28,17,1
4,13,17
41,19,12
26,16,23
48,8,63
18,12,33
37,18,21
14,10,29
46,12,56
38,19,4
13,19,45
58,19,32
26,17,41
20,12,32
0,15,12
15,14,20
23,16,2
58,7,59
18,11,30
3,15,46
13,16,8
49,19,17
30,17,15
9,11,17
44,14,53
59,6,59
5,18,55
31,18,43
37,18,15
8,16,38
55,18,34
26,16,24
32,14,61
62,17,37
11,16,7
10,17,43
3,10,29
31,17,26
19,16,19
47,19,15
15,14,19
18,18,42
5,16,3
38,18,8
21,16,13
20,14,35
58,14,46
17,14,13
10,20,58
56,20,17
14,20,55
29,16,28
19,16,17
61,13,44
57,18,33
3,8,24
25,14,35
32,18,8
20,13,28
36,19,0
23,19,51
3,13,43
8,16,50
45,19,10
40,19,7
17,19,60
25,16,37
12,18,40
38,14,59
23,22,52
52,6,62
28,15,61
11,19,57
16,14,18
48,17,44
18,15,22
43,18,33
1,8,22
0,13,43
24,18,45
49,8,62
1,15,13
13,19,52
28,17,16
17,20,53
6,14,14
3,18,58
62,15,40
7,12,32
27,17,14
6,13,44
10,11,31
28,13,32
36,17,35
9,10,27
59,5,63
50,11,54
24,18,44
37,19,3
56,19,27
34,18,44
3,14,15
52,19,24
0,17,48
53,12,51
32,17,41
8,16,48
53,12,50
12,12,32
20,18,62
1,14,15
56,19,28
20,16,8
55,15,44
33,16,30
61,20,9
10,16,0
60,14,44
3,13,32
56,17,37
57,17,38
62,8,54
9,16,38
45,18,27
43,19,6
10,12,17
37,12,62
28,17,59
0,16,47
60,15,42
39,18,44
20,16,19
28,16,60
29,19,52
16,11,27
44,11,58
33,16,58
28,17,15
16,12,34
50,20,12
6,19,58
41,14,55
31,17,40
53,18,32
12,11,30
42,18,30
36,17,25
10,19,57
5,17,50
9,12,32
13,20,61
30,16,61
19,13,32
44,18,34
46,14,52
2,11,20
60,19,23
61,20,6
41,19,13
23,16,3
2,15,47
7,14,37
62,20,2
43,9,63
21,16,1
4,13,31
58,17,37
55,20,11
20,17,39
34,18,50
17,12,26
46,19,10
61,20,7
57,14,45
9,10,30
61,9,52
49,19,6
43,18,30
9,14,13
54,8,58
21,12,31
20,19,60
33,15,60
30,15,35
24,16,23
52,19,31
27,14,29
19,19,47
56,13,49
27,17,59
13,13,19
25,15,63
9,12,31
39,18,37
59,16,39
4,13,34
10,19,59
53,11,52
7,11,28
8,19,55
8,12,30
62,6,58
56,12,50
30,15,61
21,13,32
50,14,49
27,19,54
60,5,61
25,16,62
4,11,29
18,20,58
62,19,27
4,16,7
41,18,41
59,17,36
4,14,44
30,18,4
16,15,18
20,16,14
61,17,35
36,19,2
17,18,63
10,14,35
48,19,23
4,15,47
55,20,22
8,10,18
0,11,17
12,18,49
15,13,32
6,14,32
37,18,34
34,18,54
10,11,16
22,21,54
6,15,12
46,18,30
8,13,16
36,13,61
50,10,56
41,18,31
50,19,20
46,19,17
40,18,24
23,17,39
0,17,60
42,18,15
26,16,62
40,18,35
40,18,26
61,20,13
47,19,3
28,19,49
34,14,60
42,16,50
44,19,5
44,16,51
61,20,21
59,16,40
32,18,54
53,20,7
52,19,23
40,18,27
20,11,28
41,18,34
44,19,14
9,9,28
58,16,42
63,20,13
13,19,50
21,19,46
55,15,45
43,19,1
40,18,39
12,11,25
41,18,45
8,18,52
49,18,35
13,19,54
35,18,13
12,9,27
62,10,50
50,19,6
21,19,49
59,11,49
15,20,57
39,12,61
1,17,52
34,13,62
34,18,7
27,19,53
19,12,28
40,15,53
47,11,57
1,9,27
36,18,5
33,16,33
17,15,21
33,17,54
57,20,14
33,18,53
27,17,60
59,12,49
49,19,9
48,8,62
58,6,61
38,18,6
12,20,60
51,19,0
54,11,52
7,12,17
18,19,45
40,18,42
18,16,3
38,11,62
20,16,4
9,16,37
4,12,41
54,20,18
42,18,19
36,17,19
56,19,32
63,20,21
58,20,10
5,13,34
30,17,58
24,16,22
57,17,40
15,13,25
51,16,45
12,17,39
30,17,4
4,12,40
38,18,49
27,17,13
26,18,44
0,10,27
45,19,19
59,13,45
52,14,48
33,17,13
41,18,24
9,19,62
31,16,33
3,16,0
29,17,10
20,17,41
45,19,15
61,19,23
21,19,57
2,17,55
33,18,4
63,16,39
45,18,31
0,16,2
6,18,60
24,17,39
25,16,8
8,16,5
12,9,26
48,9,59
3,18,61
24,19,54
30,15,31
25,17,21
62,15,39
45,19,13
57,7,58
46,18,25
40,18,8
18,15,16
6,19,57
28,18,0
63,21,15
18,13,27
42,13,55
29,16,35
0,10,39
4,11,30
22,14,25
20,16,11
53,14,48
2,11,38
2,11,30
34,16,57
1,14,13
44,19,16
42,17,48
45,11,57
17,18,44
33,18,10
51,20,16
8,11,30
58,12,48
14,19,47
8,16,1
55,12,51
20,18,42
23,14,33
0,17,49
59,6,62
1,11,30
34,19,50
19,16,3
29,16,60
14,14,17
19,19,58
18,13,26
44,15,53
16,16,6
9,15,13
55,18,33
3,8,23
11,16,36
20,18,60
54,20,7
24,16,16
53,17,41
2,9,26
46,19,11
58,7,56
38,16,53
45,18,45
4,10,26
27,16,23
0,8,21
62,20,12
25,16,63
11,10,28
2,14,15
59,10,51
63,20,19
30,17,13
7,9,21
40,18,19
5,9,25
26,18,59
20,16,1
50,8,59
56,17,41
55,10,52
40,18,46
7,9,25
55,20,8
22,16,14
3,13,16
6,14,35
13,14,34
29,15,61
3,10,21
10,17,44
16,19,48
42,17,50
58,8,54
38,17,23
55,19,22
52,12,51
50,19,29
29,17,57
62,5,61
60,20,6
52,14,49
2,11,39
22,16,4
13,16,2
19,15,14
21,14,35
58,19,31
20,15,10
38,14,57
22,13,33
8,19,58
26,19,52
49,15,48
27,16,62
39,18,35
63,20,18
2,12,17
6,18,58
54,13,49
41,17,49
45,19,17
21,15,24
7,8,23
46,18,37
38,18,5
31,15,34
35,14,61
9,10,22
62,14,44
49,18,34
22,17,63
35,17,21
63,21,16
13,13,21
60,16,38
37,18,47
0,17,57
35,12,63
26,17,18
24,17,40
40,11,61
55,18,35
57,20,12
7,12,16
45,19,16
36,17,54
24,18,43
21,16,3
36,18,46
35,17,31
18,16,39
41,18,33
6,14,39
34,17,53
17,16,39
29,19,50
0,8,25
56,19,0
15,14,17
51,19,23
52,11,54
49,12,53
14,19,51
23,15,36
33,18,49
51,16,47
51,18,32
28,15,34
10,19,54
57,19,1
9,9,24
12,13,34
34,16,39
62,5,62
52,19,3
44,13,54
11,19,50
7,14,42
11,18,52
12,18,47
53,9,55
16,15,17
10,18,49
10,18,46
33,14,60
21,16,12
12,19,51
9,14,36
48,20,40
1,9,20
19,15,20
61,4,63
47,16,50
27,18,42
48,19,30
12,12,21
6,13,15
3,18,56
40,18,47
38,18,12
50,15,47
24,18,58
52,19,32
0,17,62
17,15,39
8,15,35
23,19,50
28,17,4
24,12,29
63,20,4
23,17,61
53,16,45
8,15,13
41,19,7
9,15,11
22,20,53
32,17,9
31,17,11
15,20,50
57,7,57
52,19,1
50,19,23
14,12,32
22,14,35
45,18,32
35,18,46
16,15,23
5,13,39
61,20,14
41,10,62
9,18,53
56,14,46
1,12,42
11,10,25
5,13,44
18,13,36
29,18,44
27,16,22
14,20,57
63,12,46
26,19,57
39,18,19
58,11,50
15,20,53
28,17,6
49,19,15
55,8,57
51,19,15
4,12,37
13,20,62
26,14,29
53,19,29
54,18,36
7,15,43
45,18,22
9,17,47
8,15,43
2,8,25
46,17,44
45,16,50
13,16,4
30,17,39
5,14,14
20,15,25
19,19,61
44,16,49
63,20,15
23,19,58
53,20,9
4,9,22
5,11,18
0,17,54
41,19,0
14,20,59
45,18,37
58,20,17
26,16,7
54,19,21
63,19,24
10,17,49
5,12,18
3,18,59
14,16,37
4,8,22
38,18,21
0,15,46
38,17,30
57,15,43
35,16,57
23,20,53
3,17,52
14,18,43
19,15,12
11,19,56
27,19,47
26,16,22
37,18,11
59,10,52
3,16,9
2,8,23
23,16,35
28,15,35
54,9,55
28,16,24
33,16,56
42,18,33
41,18,15
15,15,19
61,20,16
5,8,22
59,6,58
49,18,31
1,16,5
21,16,2
13,13,33
32,15,60
35,18,11
58,20,19
1,17,63
30,19,45
61,19,31
15,19,46
22,19,58
43,15,53
3,16,6
12,16,8
15,19,50
31,18,42
28,17,9
42,19,9
11,11,30
0,7,24
40,15,54
31,19,47
35,18,7
31,16,29
19,19,60
14,19,44
57,19,24
34,17,30
21,19,50
51,17,43
60,10,50
36,16,56
3,9,25
33,16,31
30,17,10
4,16,0
33,17,35
15,15,8
37,18,22
8,17,50
49,16,46
9,15,37
63,20,2
17,15,10
3,14,14
16,14,35
4,16,2
26,17,2
31,16,58
34,17,17
9,16,3
45,18,28
37,18,41
7,19,57
54,16,44
59,15,43
54,15,45
11,12,32
39,11,61
13,14,18
42,19,14
12,18,48
15,19,63
6,11,27
52,19,20
33,19,49
40,20,47
2,18,55
11,18,46
3,14,44
27,17,16
22,17,61
61,19,29
41,15,52
13,18,46
40,19,3
35,17,16
17,14,35
15,14,24
15,15,18
30,17,26
8,16,46
58,14,45
15,20,52
34,17,55
39,15,56
1,11,41
55,9,55
44,10,61
24,16,14
57,6,61
50,12,53
1,9,22
61,16,39
22,16,12
40,18,15
33,18,46
13,13,15
27,16,35
25,18,41
47,16,49
2,10,28
28,17,40
57,20,7
47,10,59
31,16,38
39,16,53
57,6,62
35,18,3
31,19,46
60,20,15
60,11,49
17,15,16
37,14,58
21,19,59
50,13,52
3,16,1
12,16,4
25,15,27
63,20,24
55,16,42
45,18,41
42,12,59
3,15,13
25,17,40
53,15,45
38,19,0
52,10,54
37,18,42
10,19,52
28,15,33
5,14,38
38,18,15
41,18,29
42,18,46
49,19,19
37,17,37
29,18,54
62,17,35
0,12,42
39,18,38
45,19,3
22,16,10
24,15,35
26,16,35
31,19,48
35,18,8
43,15,52
58,20,22
57,19,2
23,16,10
40,18,44
18,19,47
4,18,60
21,15,23
2,17,63
47,19,19
14,18,41
10,17,50
55,6,63
4,13,43
26,16,25
16,13,25
51,19,1
59,20,5
4,12,29
36,18,50
49,18,33
27,19,46
1,16,7
16,11,31
24,17,63
2,15,14
29,14,33
62,12,45
18,12,31
7,15,12
22,16,8
55,20,13
5,15,12
49,17,45
19,12,27
25,16,26
11,12,31
21,18,43
12,13,15
58,5,63
35,15,57
17,13,25
47,19,17
1,10,38
23,16,12
35,18,42
58,18,33
1,15,10
32,17,23
61,10,51
46,8,62
40,19,9
53,19,21
50,20,39
38,18,37
0,17,63
60,11,48
36,17,26
2,18,58
63,20,16
58,20,6
12,9,28
8,16,49
9,16,10
9,16,39
40,14,56
5,15,48
35,18,12
40,18,28
36,18,41
50,19,2
19,15,15
56,19,29
37,17,22
55,17,41
61,8,53
15,14,35
63,4,61
9,19,61
27,17,0
55,13,48
59,16,42
5,14,36
49,10,58
2,17,50
3,7,24
53,18,37
52,19,30
33,17,18
25,19,45
8,9,27
38,16,54
48,7,63
28,18,43
20,17,38
43,12,58
43,10,60
12,15,35
41,19,3
12,16,9
48,10,58
30,16,37
45,18,36
8,16,2
8,13,34
10,18,50
31,19,49
30,19,51
60,13,46
32,13,62
51,20,14
0,17,50
29,16,23
21,18,62
26,18,60
37,15,55
21,17,40
41,17,50
54,13,50
11,15,13
25,16,10
46,19,27
45,19,12
10,18,44
13,10,27
3,12,39
45,14,52
16,14,17
50,17,43
11,16,39
60,19,33
31,20,53
8,12,18
50,13,51
54,19,24
15,14,15
26,17,37
26,16,61
44,18,26
53,20,20
9,17,40
2,10,27
16,16,8
29,17,23
50,18,33
2,16,7
8,14,14
38,17,24
56,19,4
3,11,41
6,9,20
50,17,45
16,17,41
50,15,48
61,17,37
27,17,10
20,15,35
31,13,63
17,21,53
9,18,51
35,17,29
50,10,57
18,19,48
15,16,2
28,18,58
33,14,62
23,15,34
63,8,52
59,14,43
10,19,63
57,11,51
17,16,6
26,15,26
7,15,38
11,9,27
24,17,0
40,18,45
36,17,32
27,15,34
28,16,27
59,16,41
31,17,22
28,17,41
14,14,12
61,11,48
43,18,31
61,12,47
32,18,50
15,20,60
14,10,27
1,16,9
35,16,31
41,15,54
34,16,58
58,19,29
14,15,37
13,17,39
10,17,42
36,18,3
6,14,38
5,18,61
19,20,52
34,15,57
0,10,34
54,9,56
62,8,52
63,4,60
42,18,43
7,19,61
27,16,36
27,17,9
51,9,57
19,19,62
5,14,46
35,17,22
25,19,56
0,7,23
60,15,40
62,9,50
1,10,37
36,17,29
44,18,33
23,16,37
53,18,36
9,17,45
18,20,53
20,13,33
24,17,62
60,13,44
36,18,4
8,19,57
7,16,2
33,18,51
32,17,58
41,18,25
11,12,21
32,17,39
60,6,60
1,10,28
11,15,36
60,12,47
56,6,62
10,16,39
62,20,16
33,13,63
27,16,37
17,16,5
43,18,24
3,11,28
5,10,20
56,20,22
13,20,60
56,15,44
11,13,15
17,19,48
24,16,2
30,16,60
33,17,19
21,16,8
47,10,57
9,8,25
46,10,59
47,14,52
6,14,34
34,17,20
32,17,57
12,12,17
34,17,12
10,12,16
43,18,45
59,20,19
37,18,18
10,16,6
0,14,15
25,19,53
62,20,8
59,19,28
19,16,37
25,15,36
51,11,57
23,16,14
46,19,24
23,16,17
5,12,31
10,11,30
36,18,52
1,10,33
14,12,33
57,20,3
42,12,61
17,20,62
1,10,20
21,19,47
33,17,37
32,18,52
28,17,13
1,13,42
24,17,18
50,19,5
8,15,40
17,20,59
50,18,37
34,17,14
39,19,3
14,12,31
16,16,5
40,16,53
51,19,2
36,17,37
28,16,26
4,12,34
13,17,38
22,17,0
51,19,16
6,15,46
10,16,3
34,15,58
38,18,24
22,15,26
53,20,17
47,9,59
54,7,62
1,7,25
58,13,47
42,15,52
19,16,39
54,19,2
16,17,39
23,19,47
9,17,50
55,16,44
31,17,12
56,20,14
17,11,30
35,18,16
55,19,30
14,13,32
33,17,16
25,16,7
53,19,30
5,12,29
45,8,62
54,16,42
38,18,43
57,20,11
53,20,19
23,16,5
23,15,24
29,17,8
54,20,15
33,17,28
20,16,37
50,11,56
47,15,50
1,17,56
52,20,10
23,16,19
44,13,55
16,13,15
2,17,58
21,17,41
22,20,56
6,13,16
1,17,57
49,19,10
6,17,50
3,17,53
27,19,45
38,14,58
46,18,43
9,16,40
28,18,42
31,17,4
54,19,26
26,19,55
28,17,7
7,14,36
45,19,23
5,9,22
5,10,26
4,11,18
50,8,61
6,14,44
53,10,55
16,18,41
41,14,56
47,19,10
16,20,56
30,19,46
35,17,20
6,18,55
14,12,26
47,19,26
59,14,44
4,13,39
46,19,4
15,17,41
23,13,31
51,19,18
28,18,41
29,15,29
63,19,0
16,20,51
19,18,61
10,10,18
50,15,50
29,17,58
17,15,22
12,20,59
25,16,5
1,10,36
1,16,3
29,16,36
60,20,17
27,16,9
7,14,40
40,19,47
52,7,61
16,15,11
48,18,30
19,16,40
27,16,27
28,17,11
45,19,11
31,18,1
22,18,41
10,11,29
25,16,12
15,16,39
13,12,33
62,16,40
17,18,41
10,18,48
7,14,45
24,19,52
52,19,21
16,14,12
20,19,50
17,14,16
55,13,47
22,13,31
32,18,47
1,10,32
54,6,61
2,12,37
35,17,15
63,19,26
38,18,23
4,10,28
59,20,10
38,18,46
45,18,35
13,16,0
55,18,32
51,19,27
47,12,56
63,20,14
5,16,5
1,14,14
18,15,21
24,15,26
47,9,62
21,15,36
29,17,18
23,16,18
45,17,46
37,18,45
37,17,35
25,14,29
23,16,13
56,10,54
29,17,40
15,20,58
22,16,19
13,19,47
15,19,47
22,19,47
33,17,33
0,13,14
19,16,20
52,19,27
27,17,61
7,13,16
13,16,6
54,7,59
16,12,32
43,14,53
25,16,38
23,16,38
3,16,10
18,15,18
23,18,42
42,18,41
24,14,32
24,18,40
2,12,18
41,15,53
25,17,2
44,18,20
24,19,58
26,17,40
50,19,4
42,18,22
12,15,12
5,13,37
12,20,62
1,11,35
44,19,9
41,18,16
57,19,3
57,11,50
48,19,15
8,18,53
3,11,30
29,15,34
63,14,41
1,17,53
39,13,59
21,18,61
17,15,37
1,16,2
59,20,20
19,15,17
48,18,33
41,19,6
29,15,35
45,18,44
52,11,53
52,12,52
3,18,54
51,19,25
28,14,32
28,15,28
42,10,61
62,19,32
37,18,38
41,18,44
5,13,43
33,17,39
6,12,18
8,8,24
40,19,0
4,18,52
6,19,61
59,15,42
13,13,23
6,16,2
56,15,45
36,18,47
55,20,15
0,14,45
39,18,49
28,17,58
63,20,5
63,19,1
41,18,35
5,10,27
55,14,46
57,10,52
25,19,54
21,18,45
13,15,10
0,17,51
50,9,59
10,20,62
61,19,0
62,16,37
44,18,42
7,12,18
56,18,34
25,19,49
3,16,49
11,12,20
60,18,36
7,15,13
10,20,59
17,17,41
39,18,24
39,18,13
51,12,53
5,14,35
43,19,4
4,9,24
41,16,51
38,17,53
46,19,1
59,7,56
61,20,18
35,14,59
12,11,16
59,19,29
17,20,49
43,11,60
3,12,35
45,19,6
5,18,51
41,19,1
17,13,24
55,7,59
39,18,31
26,18,43
58,19,26
15,16,8
19,13,27
55,9,54
39,17,50
31,15,32
57,18,37
43,19,14
0,12,16
10,13,16
12,12,15
14,13,15
25,19,46
27,16,60
59,12,47
7,14,46
53,19,22
10,18,52
2,11,18
48,9,60
60,20,21
49,19,23
43,18,23
62,20,11
21,11,31
9,19,55
40,12,60
25,12,30
50,18,41
48,10,57
13,14,20
56,7,59
28,18,45
40,18,41
60,14,43
21,14,25
47,18,30
17,14,25
6,14,40
31,15,30
61,9,51
8,18,51
0,14,12
2,11,40
58,15,42
53,18,38
4,13,32
32,16,58
2,16,4
39,18,22
12,19,53
16,19,47
63,6,56
39,17,51
24,18,59
15,15,10
50,13,53
29,17,37
39,18,9
58,16,41
58,13,45
19,16,9
26,13,30
23,17,0
22,16,6
11,20,56
2,13,15
28,13,31
30,18,52
44,18,35
0,16,5
53,8,58
42,19,2
10,10,21
23,18,58
31,18,45
57,12,48
22,15,25
32,17,16
28,16,25
20,20,57
48,19,14
38,18,18
27,18,56
0,17,52
46,19,9
43,18,19
23,19,57
21,20,54
3,12,42
24,19,53
7,14,34
44,18,37
11,17,38
22,12,30
42,19,16
58,19,33
19,10,29
2,18,56
10,9,28
45,18,43
13,11,24
13,10,28
36,16,57
36,12,63
52,9,58
51,17,41
49,18,38
11,11,16
14,17,39
50,19,10
59,19,23
27,16,11
31,15,61
37,18,50
30,17,6
2,9,27
44,8,63
42,18,26
18,14,13
37,16,54
61,20,22
18,15,10
50,9,57
46,18,40
28,16,62
16,15,8
55,15,46
63,11,48
51,20,15
20,18,63
59,5,62
40,17,50
24,16,13
57,20,21
37,17,53
17,16,38
47,10,60
20,15,14
1,17,54
15,20,54
25,19,51
35,18,2
31,17,55
25,18,43
1,11,33
18,19,60
29,17,13
53,19,5
46,16,48
41,18,19
63,7,54
5,16,48
54,17,39
18,14,38
5,13,31
3,10,28
47,19,9
37,16,55
27,17,22
0,15,10
32,16,34
30,18,2
51,15,47
3,18,52
56,8,56
18,14,25
48,19,25
63,18,33
9,11,31
36,18,16
4,16,48
46,18,36
39,18,47
63,17,34
41,11,62
10,13,32
50,12,55
52,18,41
44,19,21
33,17,57
31,16,35
57,11,49
1,12,16
59,20,21
59,20,12
22,12,28
63,9,52
6,10,19
4,15,13
28,18,57
21,16,9
32,18,49
0,16,8
37,12,61
25,17,61
52,19,8
11,16,1
16,18,42
47,8,63
13,13,18
29,17,59
27,14,33
6,18,62
17,16,1
62,20,9
9,16,43
59,17,39
23,20,54
27,15,62
37,18,46
27,17,39
24,16,19
37,17,25
42,18,42
32,16,28
59,20,3
29,14,31
21,12,30
53,10,56
47,19,20
40,18,40
35,18,52
9,19,63
7,14,15
3,12,38
57,19,26
62,16,38
38,17,32
8,12,32
8,16,8
42,18,23
54,17,42
38,15,55
43,18,25
62,9,52
14,14,34
20,17,63
18,16,1
53,17,40
33,16,36
57,17,37
54,18,39
56,20,10
15,10,29
16,12,33
9,16,0
15,18,40
52,13,49
22,16,37
3,17,49
14,20,60
1,14,44
24,13,31
40,13,59
40,18,31
15,10,27
33,17,22
51,10,57
45,10,61
44,19,3
27,13,32
27,17,15
61,8,55
6,19,56
28,18,53
22,17,40
49,19,29
14,18,45
13,12,31
21,16,10
21,15,13
19,13,25
16,14,14
31,18,50
7,15,14
55,18,39
3,13,31
6,15,35
46,18,24
31,18,6
59,19,33
24,16,25
36,18,38
60,6,57
38,11,63
43,19,18
13,10,30
26,16,16
22,13,28
13,18,42
4,13,35
62,19,30
11,17,41
47,19,2
57,6,60
40,18,37
44,18,29
25,17,41
61,18,36
14,13,33
57,18,34
63,19,28
63,7,55
61,14,43
23,13,28
22,20,50
32,17,8
38,18,36
12,13,32
45,18,25
29,17,24
2,18,62
3,9,22
7,14,43
11,18,42
31,14,61
41,18,21
39,13,58
14,16,4
58,20,14
1,9,21
14,13,23
34,16,32
34,18,0
34,18,9
52,16,46
9,19,57
58,20,7
43,18,36
27,15,27
30,17,21
12,12,18
35,18,51
58,7,58
51,7,62
25,16,6
45,19,18
36,12,62
21,17,62
26,16,12
32,17,12
30,16,38
27,16,13
63,6,55
33,18,45
62,6,57
19,15,22
11,15,35
15,14,23
20,20,50
15,18,44
39,15,55
52,20,13
32,17,17
27,17,19
44,19,20
33,18,1
32,16,39
2,8,22
39,14,56
4,9,25
25,17,18
7,16,8
17,21,52
9,16,2
47,18,42
26,15,34
38,18,40
29,17,6
33,17,9
2,12,30
1,17,62
0,13,16
23,18,45
52,17,41
6,9,25
34,17,15
39,17,49
51,13,51
47,19,6
26,18,41
14,20,62
49,19,7
9,12,17
0,12,18
23,11,30
33,16,57
18,16,5
51,10,55
35,13,62
10,20,61
13,16,38
36,18,14
60,19,24
54,18,33
33,18,7
16,16,4
45,11,59
22,16,9
5,13,38
53,19,3
39,18,25
18,16,4
30,20,53
37,15,57
48,19,16
37,16,56
59,19,31
38,17,27
6,17,51
8,14,35
12,17,40
24,20,51
48,19,0
33,18,5
11,12,17
12,16,36
33,18,44
62,18,34
0,10,38
23,16,6
45,17,45
45,18,33
44,15,52
53,11,54
12,18,43
62,7,54
11,16,38
56,9,54
27,13,31
12,16,0
37,19,1
2,14,14
30,18,3
26,16,8
60,17,36
4,12,38
48,19,29
45,19,4
52,20,17
62,20,3
25,17,4
31,17,23
47,8,62
4,13,42
36,18,15
13,20,57
52,19,26
6,10,26
37,18,13
22,12,31
37,18,23
29,18,0
4,18,59
57,10,53
30,17,20
27,18,58
4,16,8
15,15,22
13,19,55
43,18,16
30,15,60
51,13,50
11,13,34
10,20,57
56,19,3
32,18,48
48,8,60
22,21,52
18,14,34
