0,3,0
0,4,0
0,2,1
0,3,1
0,2,2
0,3,2
0,2,3
0,2,4
0,2,5
0,2,6
0,3,6
0,2,7
0,3,7
0,2,8
0,3,8
0,2,9
0,3,9
0,1,10
0,2,10
0,1,11
0,2,11
0,2,12
0,3,12
0,2,13
0,3,13
0,3,14
0,4,14
0,4,15
0,5,15
0,4,16
0,5,16
0,4,17
0,5,17
0,4,18
0,5,18
0,3,19
0,4,19
0,5,19
0,3,20
0,4,20
0,2,21
0,3,21
0,1,22
0,2,22
0,0,23
0,1,23
0,2,23
0,0,24
0,1,24
0,0,25
0,0,26
0,1,26
0,1,27
0,2,27
0,1,28
0,2,28
0,1,29
0,2,29
0,1,30
0,2,30
0,1,31
0,2,31
0,0,32
0,1,32
0,0,33
0,1,33
0,0,34
0,1,34
0,0,35
0,1,35
0,0,36
0,0,37
0,0,38
0,0,41
0,0,42
1,3,0
1,4,0
1,3,1
1,4,1
1,2,2
1,3,2
1,2,3
1,3,3
1,2,4
1,3,4
1,2,5
1,3,5
1,2,6
1,3,6
1,3,7
1,3,8
1,2,9
1,3,9
1,2,10
1,3,10
1,2,11
1,2,12
1,2,13
1,3,13
1,3,14
1,4,14
1,4,15
1,5,15
1,4,16
1,5,16
1,5,17
1,5,18
1,4,19
1,5,19
1,3,20
1,4,20
1,2,21
1,3,21
1,4,21
1,2,22
1,3,22
1,1,23
1,2,23
1,3,23
1,1,24
1,2,24
1,0,25
1,1,25
1,0,26
1,1,26
1,1,27
1,2,27
1,2,28
1,3,28
1,2,29
1,3,29
1,2,30
1,3,30
1,2,31
1,3,31
1,1,32
1,2,32
1,1,33
1,2,33
1,1,34
1,2,34
1,0,35
1,1,35
1,2,35
1,0,36
1,1,36
1,0,37
1,1,37
1,0,38
1,0,39
1,0,40
1,0,41
1,0,42
2,4,0
2,3,1
2,4,1
2,2,2
2,3,2
2,2,3
2,3,3
2,3,4
2,3,5
2,3,6
2,3,7
2,3,8
2,3,9
2,4,9
2,2,10
2,3,10
2,2,11
2,3,11
2,2,12
2,2,13
2,3,13
2,3,14
2,4,14
2,4,15
2,4,16
2,5,16
2,5,17
2,5,18
2,4,19
2,5,19
2,4,20
2,5,20
2,3,21
2,4,21
2,3,22
2,4,22
2,2,23
2,3,23
2,1,24
2,2,24
2,1,25
2,2,25
2,1,26
2,2,26
2,1,27
2,2,27
2,3,27
2,2,28
2,3,28
2,3,29
2,4,29
2,3,30
2,4,30
2,2,31
2,3,31
2,4,31
2,2,32
2,3,32
2,2,33
2,3,33
2,2,34
2,3,34
2,1,35
2,2,35
2,1,36
2,2,36
2,1,37
2,2,37
2,0,38
2,1,38
2,2,38
2,0,39
2,1,39
2,0,40
2,1,40
2,0,41
2,0,42
3,4,0
3,3,1
3,4,1
3,3,2
3,3,3
3,3,4
3,4,4
3,3,5
3,4,5
3,3,6
3,4,6
3,3,7
3,4,7
3,3,8
3,4,8
3,3,9
3,4,9
3,3,10
3,4,10
3,2,11
3,3,11
3,2,12
3,2,13
3,3,13
3,3,14
3,4,14
3,4,15
3,4,16
3,5,16
3,5,17
3,6,17
3,5,18
3,6,18
3,5,19
3,6,19
3,4,20
3,5,20
3,4,21
3,5,21
3,3,22
3,4,22
3,3,23
3,4,23
3,2,24
3,3,24
3,1,25
3,2,25
3,1,26
3,2,26
3,2,27
3,3,27
3,3,28
3,4,28
3,3,29
3,4,29
3,4,30
3,5,30
3,3,31
3,4,31
3,5,31
3,3,32
3,4,32
3,3,33
3,4,33
3,3,34
3,4,34
3,2,35
3,3,35
3,2,36
3,3,36
3,2,37
3,3,37
3,1,38
3,2,38
3,3,38
3,1,39
3,2,39
3,1,40
3,2,40
3,0,41
3,1,41
3,0,42
3,1,42
4,4,0
4,5,0
4,4,1
4,3,2
4,4,2
4,3,3
4,4,3
4,3,4
4,4,4
4,4,5
4,5,5
4,4,6
4,4,7
4,4,8
4,4,9
4,3,10
4,4,10
4,2,11
4,3,11
4,2,12
4,3,12
4,2,13
4,3,13
4,3,14
4,4,14
4,4,15
4,5,15
4,4,16
4,5,16
4,5,17
4,6,17
4,6,18
4,6,19
4,5,20
4,6,20
4,4,21
4,5,21
4,4,22
4,5,22
4,3,23
4,4,23
4,3,24
4,4,24
4,2,25
4,3,25
4,2,26
4,3,26
4,2,27
4,3,27
4,3,28
4,4,28
4,4,29
4,5,29
4,4,30
4,5,30
4,4,31
4,5,31
4,4,32
4,5,32
4,4,33
4,5,33
4,3,34
4,4,34
4,5,34
4,3,35
4,4,35
4,3,36
4,4,36
4,3,37
4,4,37
4,2,38
4,3,38
4,2,39
4,3,39
4,2,40
4,3,40
4,1,41
4,2,41
4,1,42
4,2,42
5,4,0
5,5,0
5,4,1
5,5,1
5,4,2
5,5,2
5,4,3
5,5,3
5,4,4
5,5,4
5,4,5
5,5,5
5,4,6
5,5,6
5,4,7
5,4,8
5,4,9
5,5,9
5,3,10
5,4,10
5,3,11
5,4,11
5,2,12
5,3,12
5,3,13
5,3,14
5,4,14
5,4,15
5,5,15
5,5,16
5,6,16
5,5,17
5,6,17
5,6,18
5,6,19
5,5,20
5,6,20
5,5,21
5,6,21
5,4,22
5,5,22
5,6,22
5,4,23
5,5,23
5,3,24
5,4,24
5,5,24
5,3,25
5,4,25
5,2,26
5,3,26
5,3,27
5,3,28
5,4,28
5,4,29
5,5,29
5,4,30
5,5,30
5,5,31
5,6,31
5,5,32
5,6,32
5,5,33
5,6,33
5,4,34
5,5,34
5,4,35
5,5,35
5,4,36
5,5,36
5,4,37
5,5,37
5,3,38
5,4,38
5,3,39
5,4,39
5,3,40
5,4,40
5,2,41
5,3,41
5,2,42
5,3,42
6,5,0
6,6,0
6,5,1
6,6,1
6,5,2
6,6,2
6,5,3
6,5,4
6,5,5
6,4,6
6,5,6
6,4,7
6,5,7
6,4,8
6,5,8
6,4,9
6,5,9
6,4,10
6,5,10
6,3,11
6,4,11
6,2,12
6,3,12
6,3,13
6,4,13
6,4,14
6,4,15
6,5,15
6,5,16
6,6,16
6,6,17
6,6,18
6,7,18
6,6,19
6,7,19
6,6,20
6,7,20
6,6,21
6,7,21
6,5,22
6,6,22
6,5,23
6,6,23
6,4,24
6,5,24
6,4,25
6,5,25
6,3,26
6,4,26
6,3,27
6,4,27
6,3,28
6,4,28
6,4,29
6,5,29
6,5,30
6,5,31
6,6,31
6,6,32
6,6,33
6,5,34
6,6,34
6,5,35
6,6,35
6,5,36
6,6,36
6,4,37
6,5,37
6,4,38
6,5,38
6,4,39
6,5,39
6,3,40
6,4,40
6,5,40
6,3,41
6,4,41
6,3,42
6,4,42
7,5,0
7,6,0
7,5,1
7,6,1
7,5,2
7,6,2
7,5,3
7,5,4
7,5,5
7,5,6
7,5,7
7,5,8
7,5,9
7,4,10
7,5,10
7,3,11
7,4,11
7,3,12
7,4,12
7,3,13
7,4,13
7,4,14
7,4,15
7,5,15
7,5,16
7,6,16
7,6,17
7,6,18
7,7,18
7,7,19
7,7,20
7,6,21
7,7,21
7,6,22
7,7,22
7,5,23
7,6,23
7,5,24
7,6,24
7,4,25
7,5,25
7,4,26
7,5,26
7,4,27
7,5,27
7,4,28
7,5,28
7,4,29
7,5,29
7,5,30
7,6,30
7,5,31
7,6,31
7,6,32
7,7,32
7,6,33
7,7,33
7,6,34
7,7,34
7,6,35
7,7,35
7,6,36
7,7,36
7,5,37
7,6,37
7,5,38
7,6,38
7,5,39
7,6,39
7,4,40
7,5,40
7,6,40
7,4,41
7,5,41
7,4,42
7,5,42
8,5,0
8,6,0
8,5,1
8,6,1
8,5,2
8,5,3
8,5,4
8,6,4
8,5,5
8,6,5
8,5,6
8,6,6
8,5,7
8,5,8
8,5,9
8,5,10
8,4,11
8,5,11
8,3,12
8,4,12
8,3,13
8,4,13
8,4,14
8,4,15
8,5,15
8,5,16
8,6,16
8,6,17
8,6,18
8,7,18
8,7,19
8,7,20
8,7,21
8,6,22
8,7,22
8,6,23
8,7,23
8,5,24
8,6,24
8,5,25
8,6,25
8,4,26
8,5,26
8,4,27
8,5,27
8,5,28
8,6,28
8,5,29
8,6,29
8,6,30
8,6,31
8,7,31
8,6,32
8,7,32
8,7,33
8,7,34
8,6,35
8,7,35
8,6,36
8,7,36
8,6,37
8,7,37
8,6,38
8,7,38
8,6,39
8,7,39
8,5,40
8,6,40
8,5,41
8,6,41
8,4,42
8,5,42
9,6,0
9,5,1
9,6,1
9,5,2
9,6,2
9,5,3
9,6,3
9,5,4
9,6,4
9,6,5
9,5,6
9,6,6
9,5,7
9,6,7
9,5,8
9,6,8
9,5,9
9,6,9
9,5,10
9,6,10
9,4,11
9,5,11
9,3,12
9,4,12
9,5,12
9,3,13
9,4,13
9,4,14
9,4,15
9,5,15
9,5,16
9,6,16
9,6,17
9,7,17
9,6,18
9,7,18
9,7,19
9,8,19
9,7,20
9,8,20
9,7,21
9,8,21
9,7,22
9,8,22
9,6,23
9,7,23
9,6,24
9,7,24
9,6,25
9,5,26
9,6,26
9,5,27
9,6,27
9,5,28
9,6,28
9,6,29
9,7,29
9,6,30
9,7,30
9,6,31
9,7,31
9,7,32
9,7,33
9,7,34
9,7,35
9,7,36
9,7,37
9,8,37
9,7,38
9,8,38
9,6,39
9,7,39
9,6,40
9,7,40
9,5,41
9,6,41
9,7,41
9,5,42
9,6,42
10,6,0
10,6,1
10,6,2
10,6,3
10,6,4
10,6,5
10,6,6
10,6,7
10,6,8
10,6,9
10,5,10
10,6,10
10,5,11
10,6,11
10,4,12
10,5,12
10,3,13
10,4,13
10,4,14
10,5,14
10,4,15
10,5,15
10,5,16
10,6,16
10,6,17
10,7,17
10,7,18
10,7,19
10,8,19
10,8,20
10,8,21
10,7,22
10,8,22
10,7,23
10,8,23
10,7,24
10,6,25
10,7,25
10,6,26
10,7,26
10,6,27
10,7,27
10,6,28
10,7,28
10,6,29
10,7,29
10,7,30
10,7,31
10,7,32
10,7,33
10,7,34
10,7,35
10,7,36
10,7,37
10,8,37
10,8,38
10,7,39
10,8,39
10,7,40
10,8,40
10,6,41
10,7,41
10,6,42
10,7,42
11,6,0
11,6,1
11,6,2
11,6,3
11,6,4
11,6,5
11,6,6
11,6,7
11,6,8
11,6,9
11,6,10
11,5,11
11,6,11
11,4,12
11,5,12
11,4,13
11,4,14
11,5,14
11,5,15
11,5,16
11,6,16
11,6,17
11,7,17
11,7,18
11,8,18
11,7,19
11,8,19
11,8,20
11,8,21
11,8,22
11,7,23
11,8,23
11,7,24
11,8,24
11,7,25
11,6,26
11,7,26
11,7,27
11,6,28
11,7,28
11,7,29
11,7,30
11,7,31
11,7,32
11,7,33
11,7,34
11,7,35
11,7,36
11,7,37
11,8,37
11,8,38
11,8,39
11,8,40
11,7,41
11,8,41
11,7,42
11,8,42
12,6,0
12,6,1
12,6,2
12,6,3
12,6,4
12,6,5
12,6,6
12,6,7
12,6,8
12,6,9
12,6,10
12,5,11
12,6,11
12,4,12
12,5,12
12,4,13
12,5,13
12,4,14
12,5,14
12,5,15
12,6,15
12,6,16
12,6,17
12,7,17
12,7,18
12,8,18
12,8,19
12,8,20
12,8,21
12,8,22
12,9,22
12,8,23
12,8,24
12,7,25
12,8,25
12,7,26
12,8,26
12,7,27
12,8,27
12,7,28
12,7,29
12,7,30
12,7,31
12,7,32
12,7,33
12,7,34
12,7,35
12,7,36
12,8,36
12,7,37
12,8,37
12,8,38
12,8,39
12,8,40
12,8,41
12,9,41
12,8,42
12,9,42
13,6,0
13,7,0
13,6,1
13,6,2
13,6,3
13,6,4
13,6,5
13,6,6
13,6,7
13,6,8
13,6,9
13,7,9
13,6,10
13,7,10
13,6,11
13,5,12
13,6,12
13,4,13
13,5,13
13,4,14
13,5,14
13,5,15
13,6,15
13,6,16
13,7,16
13,6,17
13,7,17
13,7,18
13,8,18
13,8,19
13,8,20
13,9,20
13,8,21
13,9,21
13,8,22
13,9,22
13,8,23
13,9,23
13,8,24
13,9,24
13,8,25
13,8,26
13,7,27
13,8,27
13,7,28
13,8,28
13,7,29
13,8,29
13,7,30
13,7,31
13,7,32
13,7,33
13,7,34
13,7,35
13,7,36
13,8,36
13,8,37
13,8,38
13,8,39
13,8,40
13,8,41
13,9,41
13,8,42
13,9,42
14,6,0
14,7,0
14,6,1
14,7,1
14,6,2
14,7,2
14,6,3
14,6,4
14,6,5
14,7,5
14,6,6
14,7,6
14,6,7
14,7,7
14,6,8
14,7,8
14,6,9
14,7,9
14,7,10
14,6,11
14,7,11
14,5,12
14,6,12
14,5,13
14,6,13
14,5,14
14,5,15
14,6,15
14,6,16
14,7,16
14,7,17
14,8,17
14,7,18
14,8,18
14,8,19
14,9,19
14,8,20
14,9,20
14,9,21
14,9,22
14,9,23
14,9,24
14,8,25
14,9,25
14,8,26
14,9,26
14,8,27
14,8,28
14,7,29
14,8,29
14,7,30
14,8,30
14,7,31
14,8,31
14,7,32
14,7,33
14,8,33
14,7,34
14,8,34
14,7,35
14,8,35
14,7,36
14,8,36
14,8,37
14,8,38
14,8,39
14,8,40
14,8,41
14,9,41
14,9,42
15,7,0
15,8,0
15,7,1
15,8,1
15,6,2
15,7,2
15,6,3
15,7,3
15,6,4
15,7,4
15,6,5
15,7,5
15,7,6
15,7,7
15,7,8
15,7,9
15,7,10
15,6,11
15,7,11
15,6,12
15,7,12
15,5,13
15,6,13
15,5,14
15,5,15
15,6,15
15,6,16
15,7,16
15,7,17
15,8,17
15,7,18
15,8,18
15,8,19
15,9,19
15,9,20
15,9,21
15,9,22
15,9,23
15,9,24
15,9,25
15,8,26
15,9,26
15,8,27
15,9,27
15,8,28
15,8,29
15,8,30
15,7,31
15,8,31
15,7,32
15,8,32
15,7,33
15,8,33
15,7,34
15,8,34
15,7,35
15,8,35
15,8,36
15,8,37
15,8,38
15,8,39
15,8,40
15,8,41
15,9,41
15,9,42
16,8,0
16,9,0
16,7,1
16,8,1
16,7,2
16,8,2
16,7,3
16,7,4
16,7,5
16,7,6
16,7,7
16,7,8
16,7,9
16,7,10
16,7,11
16,8,11
16,6,12
16,7,12
16,5,13
16,6,13
16,7,13
16,5,14
16,6,14
16,5,15
16,6,15
16,6,16
16,7,16
16,7,17
16,7,18
16,8,18
16,8,19
16,9,19
16,9,20
16,9,21
16,9,22
16,9,23
16,9,24
16,9,25
16,9,26
16,8,27
16,9,27
16,8,28
16,9,28
16,8,29
16,8,30
16,8,31
16,8,32
16,8,33
16,7,34
16,8,34
16,7,35
16,8,35
16,8,36
16,8,37
16,8,38
16,8,39
16,8,40
16,9,40
16,8,41
16,9,41
16,9,42
17,8,0
17,9,0
17,8,1
17,9,1
17,7,2
17,8,2
17,7,3
17,8,3
17,7,4
17,7,5
17,7,6
17,8,6
17,7,7
17,8,7
17,7,8
17,8,8
17,7,9
17,8,9
17,7,10
17,8,10
17,7,11
17,8,11
17,7,12
17,8,12
17,6,13
17,7,13
17,5,14
17,6,14
17,5,15
17,6,15
17,6,16
17,7,16
17,7,17
17,7,18
17,8,18
17,8,19
17,9,19
17,9,20
17,9,21
17,9,22
17,10,22
17,9,23
17,10,23
17,9,24
17,10,24
17,9,25
17,10,25
17,9,26
17,9,27
17,9,28
17,8,29
17,9,29
17,8,30
17,9,30
17,8,31
17,9,31
17,8,32
17,9,32
17,8,33
17,9,33
17,8,34
17,9,34
17,8,35
17,8,36
17,8,37
17,8,38
17,8,39
17,8,40
17,9,40
17,9,41
17,9,42
18,9,0
18,10,0
18,8,1
18,9,1
18,8,2
18,9,2
18,7,3
18,8,3
18,7,4
18,8,4
18,7,5
18,8,5
18,7,6
18,8,6
18,8,7
18,8,8
18,8,9
18,8,10
18,8,11
18,7,12
18,8,12
18,7,13
18,8,13
18,6,14
18,7,14
18,5,15
18,6,15
18,6,16
18,7,16
18,6,17
18,7,17
18,7,18
18,8,18
18,8,19
18,9,19
18,8,20
18,9,20
18,9,21
18,10,21
18,9,22
18,10,22
18,10,23
18,10,24
18,9,25
18,10,25
18,9,26
18,10,26
18,9,27
18,10,27
18,9,28
18,9,29
18,9,30
18,9,31
18,9,32
18,9,33
18,8,34
18,9,34
18,8,35
18,9,35
18,8,36
18,9,36
18,8,37
18,8,38
18,8,39
18,8,40
18,9,40
18,9,41
18,9,42
19,9,0
19,10,0
19,9,1
19,10,1
19,8,2
19,9,2
19,8,3
19,9,3
19,8,4
19,9,4
19,8,5
19,9,5
19,8,6
19,8,7
19,8,8
19,8,9
19,9,9
19,8,10
19,9,10
19,8,11
19,9,11
19,8,12
19,9,12
19,7,13
19,8,13
19,6,14
19,7,14
19,8,14
19,6,15
19,7,15
19,6,16
19,6,17
19,7,17
19,7,18
19,8,18
19,8,19
19,8,20
19,9,20
19,9,21
19,10,21
19,10,22
19,10,23
19,10,24
19,10,25
19,10,26
19,9,27
19,10,27
19,9,28
19,10,28
19,9,29
19,10,29
19,9,30
19,9,31
19,9,32
19,9,33
19,9,34
19,9,35
19,8,36
19,9,36
19,8,37
19,9,37
19,8,38
19,9,38
19,8,39
19,9,39
19,8,40
19,9,40
19,8,41
19,9,41
19,9,42
20,10,0
20,11,0
20,9,1
20,10,1
20,9,2
20,10,2
20,9,3
20,10,3
20,9,4
20,8,5
20,9,5
20,8,6
20,9,6
20,8,7
20,9,7
20,8,8
20,9,8
20,8,9
20,9,9
20,8,10
20,9,10
20,9,11
20,9,12
20,8,13
20,9,13
20,7,14
20,8,14
20,6,15
20,7,15
20,8,15
20,6,16
20,7,16
20,6,17
20,7,17
20,7,18
20,8,18
20,7,19
20,8,19
20,8,20
20,9,20
20,9,21
20,10,21
20,10,22
20,10,23
20,10,24
20,10,25
20,10,26
20,10,27
20,10,28
20,10,29
20,9,30
20,10,30
20,9,31
20,10,31
20,9,32
20,10,32
20,9,33
20,10,33
20,9,34
20,10,34
20,9,35
20,9,36
20,10,36
20,9,37
20,10,37
20,9,38
20,9,39
20,8,40
20,9,40
20,9,41
20,9,42
21,10,0
21,11,0
21,10,1
21,11,1
21,10,2
21,11,2
21,9,3
21,10,3
21,9,4
21,10,4
21,9,5
21,10,5
21,9,6
21,10,6
21,9,7
21,10,7
21,9,8
21,10,8
21,9,9
21,9,10
21,9,11
21,9,12
21,8,13
21,9,13
21,8,14
21,9,14
21,7,15
21,8,15
21,6,16
21,7,16
21,8,16
21,6,17
21,7,17
21,7,18
21,7,19
21,8,19
21,8,20
21,9,20
21,9,21
21,10,21
21,9,22
21,10,22
21,10,23
21,10,24
21,10,25
21,11,25
21,10,26
21,11,26
21,10,27
21,11,27
21,10,28
21,10,29
21,10,30
21,10,31
21,10,32
21,9,33
21,10,33
21,9,34
21,10,34
21,9,35
21,10,35
21,9,36
21,10,36
21,9,37
21,10,37
21,9,38
21,10,38
21,9,39
21,10,39
21,9,40
21,10,40
21,9,41
21,10,41
21,9,42
21,10,42
22,11,0
22,11,1
22,11,2
22,10,3
22,11,3
22,10,4
22,11,4
22,10,5
22,11,5
22,9,6
22,10,6
22,10,7
22,9,8
22,10,8
22,9,9
22,10,9
22,9,10
22,10,10
22,9,11
22,10,11
22,9,12
22,10,12
22,9,13
22,10,13
22,8,14
22,9,14
22,8,15
22,9,15
22,7,16
22,8,16
22,7,17
22,8,17
22,7,18
22,8,18
22,7,19
22,8,19
22,8,20
22,9,20
22,9,21
22,9,22
22,10,22
22,10,23
22,10,24
22,11,24
22,10,25
22,11,25
22,11,26
22,10,27
22,11,27
22,10,28
22,11,28
22,10,29
22,11,29
22,10,30
22,11,30
22,10,31
22,11,31
22,10,32
22,11,32
22,10,33
22,11,33
22,10,34
22,11,34
22,10,35
22,11,35
22,10,36
22,11,36
22,10,37
22,11,37
22,10,38
22,11,38
22,10,39
22,11,39
22,10,40
22,11,40
22,10,41
22,11,41
22,10,42
22,11,42
23,11,0
23,11,1
23,11,2
23,11,3
23,11,4
23,10,5
23,11,5
23,10,6
23,11,6
23,10,7
23,11,7
23,10,8
23,11,8
23,10,9
23,11,9
23,10,10
23,11,10
23,10,11
23,10,12
23,10,13
23,9,14
23,10,14
23,8,15
23,9,15
23,8,16
23,9,16
23,8,17
23,9,17
23,7,18
23,8,18
23,7,19
23,8,19
23,8,20
23,9,20
23,9,21
23,9,22
23,10,22
23,10,23
23,10,24
23,11,24
23,11,25
23,11,26
23,11,27
23,11,28
23,11,29
23,11,30
23,11,31
23,11,32
23,11,33
23,11,34
23,11,35
23,11,36
23,11,37
23,11,38
23,12,38
23,11,39
23,11,40
23,10,41
23,11,41
23,10,42
23,11,42
24,11,0
24,11,1
24,11,2
24,11,3
24,11,4
24,11,5
24,11,6
24,11,7
24,10,8
24,11,8
24,10,9
24,11,9
24,10,10
24,11,10
24,10,11
24,11,11
24,10,12
24,11,12
24,10,13
24,11,13
24,10,14
24,11,14
24,9,15
24,10,15
24,9,16
24,8,17
24,9,17
24,8,18
24,9,18
24,8,19
24,9,19
24,8,20
24,9,20
24,8,21
24,9,21
24,9,22
24,10,22
24,10,23
24,10,24
24,11,24
24,11,25
24,11,26
24,11,27
24,11,28
24,11,29
24,11,30
24,11,31
24,11,32
24,11,33
24,11,34
24,11,35
24,12,35
24,11,36
24,12,36
24,11,37
24,12,37
24,11,38
24,12,38
24,11,39
24,12,39
24,11,40
24,12,40
24,11,41
24,12,41
24,11,42
24,12,42
25,11,0
25,11,1
25,11,2
25,11,3
25,11,4
25,11,5
25,11,6
25,11,7
25,11,8
25,11,9
25,11,10
25,11,11
25,11,12
25,11,13
25,10,14
25,11,14
25,10,15
25,11,15
25,9,16
25,10,16
25,9,17
25,10,17
25,9,18
25,10,18
25,9,19
25,8,20
25,9,20
25,8,21
25,9,21
25,9,22
25,10,22
25,9,23
25,10,23
25,10,24
25,11,24
25,11,25
25,11,26
25,11,27
25,11,28
25,11,29
25,11,30
25,12,30
25,11,31
25,12,31
25,11,32
25,12,32
25,11,33
25,12,33
25,11,34
25,12,34
25,11,35
25,12,35
25,12,36
25,12,37
25,12,38
25,12,39
25,12,40
25,12,41
25,12,42
26,11,0
26,11,1
26,11,2
26,11,3
26,11,4
26,11,5
26,11,6
26,11,7
26,11,8
26,11,9
26,12,9
26,11,10
26,12,10
26,11,11
26,12,11
26,11,12
26,11,13
26,11,14
26,10,15
26,11,15
26,10,16
26,11,16
26,10,17
26,11,17
26,9,18
26,10,18
26,9,19
26,10,19
26,9,20
26,10,20
26,9,21
26,10,21
26,9,22
26,10,22
26,9,23
26,10,23
26,10,24
26,10,25
26,11,25
26,11,26
26,11,27
26,11,28
26,11,29
26,11,30
26,12,30
26,12,31
26,12,32
26,12,33
26,12,34
26,12,35
26,12,36
26,12,37
26,12,38
26,12,39
26,12,40
26,12,41
26,12,42
27,11,0
27,12,0
27,11,1
27,12,1
27,11,2
27,11,3
27,11,4
27,12,4
27,11,5
27,11,6
27,11,7
27,11,8
27,11,9
27,11,10
27,11,11
27,11,12
27,12,12
27,11,13
27,12,13
27,11,14
27,12,14
27,11,15
27,12,15
27,11,16
27,12,16
27,10,17
27,11,17
27,10,18
27,11,18
27,10,19
27,11,19
27,10,20
27,11,20
27,10,21
27,11,21
27,10,22
27,11,22
27,10,23
27,10,24
27,11,24
27,10,25
27,11,25
27,10,26
27,11,26
27,11,27
27,11,28
27,11,29
27,11,30
27,12,30
27,12,31
27,12,32
27,12,33
27,12,34
27,13,34
27,11,35
27,12,35
27,13,35
27,12,36
27,12,37
27,12,38
27,12,39
27,12,40
27,12,41
27,12,42
28,12,0
28,11,1
28,12,1
28,11,2
28,12,2
28,11,3
28,12,3
28,11,4
28,12,4
28,11,5
28,11,6
28,11,7
28,11,8
28,11,9
28,11,10
28,11,11
28,12,11
28,11,12
28,12,12
28,11,13
28,12,13
28,12,14
28,12,15
28,11,16
28,12,16
28,11,17
28,12,17
28,11,18
28,12,18
28,11,19
28,11,20
28,10,21
28,11,21
28,11,22
28,11,23
28,11,24
28,10,25
28,11,25
28,10,26
28,11,26
28,11,27
28,11,28
28,11,29
28,12,29
28,11,30
28,12,30
28,12,31
28,12,32
28,12,33
28,12,34
28,12,35
28,12,36
28,12,37
28,12,38
28,12,39
28,12,40
28,12,41
28,12,42
29,12,0
29,12,1
29,12,2
29,12,3
29,11,4
29,12,4
29,11,5
29,12,5
29,11,6
29,12,6
29,11,7
29,12,7
29,11,8
29,12,8
29,11,9
29,12,9
29,11,10
29,12,10
29,11,11
29,12,11
29,12,12
29,12,13
29,12,14
29,12,15
29,12,16
29,12,17
29,12,18
29,11,19
29,12,19
29,11,20
29,12,20
29,11,21
29,12,21
29,11,22
29,12,22
29,11,23
29,12,23
29,11,24
29,12,24
29,11,25
29,12,25
29,11,26
29,12,26
29,11,27
29,12,27
29,11,28
29,12,28
29,11,29
29,12,29
29,12,30
29,12,31
29,12,32
29,12,33
29,12,34
29,12,35
29,12,36
29,12,37
29,12,38
29,12,39
29,12,40
29,12,41
29,12,42
30,12,0
30,13,0
30,12,1
30,13,1
30,12,2
30,12,3
30,12,4
30,12,5
30,11,6
30,12,6
30,11,7
30,12,7
30,11,8
30,12,8
30,12,9
30,12,10
30,12,11
30,12,12
30,12,13
30,12,14
30,12,15
30,12,16
30,12,17
30,12,18
30,12,19
30,12,20
30,12,21
30,12,22
30,12,23
30,11,24
30,12,24
30,11,25
30,12,25
30,11,26
30,12,26
30,11,27
30,12,27
30,11,28
30,12,28
30,11,29
30,12,29
30,12,30
30,12,31
30,12,32
30,12,33
30,12,34
30,12,35
30,12,36
30,12,37
30,12,38
30,12,39
30,12,40
30,12,41
30,12,42
31,13,0
31,14,0
31,13,1
31,14,1
31,12,2
31,13,2
31,12,3
31,13,3
31,12,4
31,12,5
31,12,6
31,12,7
31,12,8
31,12,9
31,12,10
31,12,11
31,12,12
31,12,13
31,12,14
31,12,15
31,12,16
31,12,17
31,12,18
31,12,19
31,12,20
31,12,21
31,12,22
31,12,23
31,12,24
31,11,25
31,12,25
31,11,26
31,12,26
31,11,27
31,12,27
31,11,28
31,12,28
31,11,29
31,12,29
31,11,30
31,12,30
31,12,31
31,12,32
31,12,33
31,12,34
31,12,35
31,13,35
31,12,36
31,13,36
31,12,37
31,13,37
31,12,38
31,13,38
31,12,39
31,13,39
31,12,40
31,13,40
31,12,41
31,13,41
31,12,42
31,13,42
32,13,0
32,14,0
32,13,1
32,14,1
32,13,2
32,14,2
32,12,3
32,13,3
32,14,3
32,12,4
32,13,4
32,12,5
32,12,6
32,12,7
32,12,8
32,12,9
32,12,10
32,13,10
32,12,11
32,13,11
32,12,12
32,13,12
32,12,13
32,13,13
32,12,14
32,13,14
32,12,15
32,13,15
32,12,16
32,12,17
32,12,18
32,12,19
32,12,20
32,12,21
32,12,22
32,12,23
32,12,24
32,11,25
32,12,25
32,11,26
32,12,26
32,11,27
32,12,27
32,11,28
32,12,28
32,11,29
32,12,29
32,11,30
32,12,30
32,12,31
32,12,32
32,12,33
32,12,34
32,12,35
32,13,35
32,12,36
32,13,36
32,13,37
32,13,38
32,14,38
32,13,39
32,14,39
32,13,40
32,14,40
32,13,41
32,14,41
32,13,42
32,14,42
33,13,0
33,14,0
33,14,1
33,14,2
33,13,3
33,14,3
33,13,4
33,14,4
33,12,5
33,13,5
33,12,6
33,13,6
33,12,7
33,13,7
33,12,8
33,13,8
33,12,9
33,13,9
33,12,10
33,13,10
33,12,11
33,13,11
33,14,11
33,12,12
33,13,12
33,14,12
33,13,13
33,14,13
33,13,14
33,14,14
33,12,15
33,13,15
33,12,16
33,13,16
33,12,17
33,13,17
33,12,18
33,13,18
33,12,19
33,12,20
33,12,21
33,12,22
33,12,23
33,12,24
33,12,25
33,12,26
33,12,27
33,12,28
33,12,29
33,12,30
33,12,31
33,12,32
33,12,33
33,12,34
33,12,35
33,12,36
33,13,36
33,13,37
33,13,38
33,14,38
33,14,39
33,14,40
33,14,41
33,14,42
34,13,0
34,14,0
34,14,1
34,14,2
34,14,3
34,13,4
34,14,4
34,13,5
34,14,5
34,13,6
34,14,6
34,13,7
34,14,7
34,13,8
34,14,8
34,13,9
34,14,9
34,13,10
34,14,10
34,13,11
34,14,11
34,15,11
34,14,12
34,15,12
34,14,13
34,15,13
34,14,14
34,15,14
34,13,15
34,14,15
34,13,16
34,14,16
34,13,17
34,14,17
34,13,18
34,14,18
34,12,19
34,13,19
34,12,20
34,13,20
34,12,21
34,13,21
34,12,22
34,13,22
34,12,23
34,12,24
34,12,25
34,12,26
34,12,27
34,12,28
34,13,28
34,12,29
34,12,30
34,12,31
34,12,32
34,12,33
34,13,33
34,12,34
34,13,34
34,12,35
34,13,35
34,12,36
34,13,36
34,13,37
34,14,37
34,13,38
34,14,38
34,14,39
34,14,40
34,14,41
34,14,42
35,14,0
35,14,1
35,14,2
35,14,3
35,15,3
35,14,4
35,14,5
35,13,6
35,14,6
35,13,7
35,14,7
35,13,8
35,14,8
35,14,9
35,14,10
35,15,10
35,14,11
35,15,11
35,15,12
35,15,13
35,14,14
35,15,14
35,14,15
35,15,15
35,14,16
35,15,16
35,14,17
35,15,17
35,13,18
35,14,18
35,13,19
35,14,19
35,13,20
35,14,20
35,13,21
35,14,21
35,12,22
35,13,22
35,12,23
35,13,23
35,12,24
35,13,24
35,12,25
35,13,25
35,12,26
35,13,26
35,12,27
35,13,27
35,12,28
35,13,28
35,12,29
35,13,29
35,12,30
35,13,30
35,12,31
35,13,31
35,12,32
35,13,32
35,12,33
35,13,33
35,13,34
35,13,35
35,14,35
35,13,36
35,13,37
35,14,37
35,14,38
35,14,39
35,14,40
35,14,41
35,15,41
35,14,42
35,15,42
36,14,0
36,14,1
36,14,2
36,15,2
36,14,3
36,15,3
36,14,4
36,15,4
36,14,5
36,15,5
36,14,6
36,14,7
36,14,8
36,15,8
36,14,9
36,15,9
36,15,10
36,15,11
36,15,12
36,15,13
36,15,14
36,15,15
36,15,16
36,14,17
36,15,17
36,14,18
36,15,18
36,14,19
36,14,20
36,13,21
36,14,21
36,13,22
36,14,22
36,13,23
36,14,23
36,13,24
36,13,25
36,12,26
36,13,26
36,13,27
36,13,28
36,13,29
36,13,30
36,13,31
36,14,31
36,13,32
36,14,32
36,13,33
36,14,33
36,13,34
36,14,34
36,13,35
36,14,35
36,13,36
36,14,36
36,13,37
36,14,37
36,14,38
36,15,38
36,14,39
36,15,39
36,14,40
36,15,40
36,15,41
36,15,42
37,14,0
37,14,1
37,15,1
37,14,2
37,15,2
37,15,3
37,15,4
37,14,5
37,15,5
37,14,6
37,15,6
37,14,7
37,15,7
37,14,8
37,15,8
37,14,9
37,15,9
37,15,10
37,15,11
37,15,12
37,15,13
37,15,14
37,15,15
37,15,16
37,15,17
37,15,18
37,14,19
37,15,19
37,14,20
37,15,20
37,14,21
37,14,22
37,14,23
37,13,24
37,14,24
37,13,25
37,14,25
37,13,26
37,14,26
37,13,27
37,13,28
37,13,29
37,13,30
37,14,30
37,13,31
37,14,31
37,14,32
37,14,33
37,14,34
37,14,35
37,14,36
37,14,37
37,15,37
37,14,38
37,15,38
37,15,39
37,15,40
37,15,41
37,15,42
38,14,0
38,15,0
38,14,1
38,15,1
38,15,2
38,15,3
38,15,4
38,15,5
38,16,5
38,15,6
38,16,6
38,14,7
38,15,7
38,14,8
38,15,8
38,15,9
38,15,10
38,15,11
38,15,12
38,15,13
38,15,14
38,15,15
38,16,15
38,15,16
38,16,16
38,15,17
38,16,17
38,15,18
38,15,19
38,14,20
38,15,20
38,14,21
38,15,21
38,14,22
38,15,22
38,14,23
38,14,24
38,14,25
38,14,26
38,13,27
38,14,27
38,13,28
38,14,28
38,13,29
38,14,29
38,13,30
38,14,30
38,14,31
38,14,32
38,14,33
38,14,34
38,15,34
38,14,35
38,15,35
38,14,36
38,15,36
38,14,37
38,15,37
38,15,38
38,15,39
38,15,40
38,15,41
38,16,41
38,15,42
38,16,42
39,15,0
39,15,1
39,15,2
39,15,3
39,16,3
39,15,4
39,16,4
39,15,5
39,16,5
39,15,6
39,16,6
39,15,7
39,16,7
39,15,8
39,16,8
39,15,9
39,16,9
39,15,10
39,16,10
39,15,11
39,16,11
39,15,12
39,16,12
39,15,13
39,16,13
39,15,14
39,16,14
39,15,15
39,16,15
39,16,16
39,15,17
39,16,17
39,15,18
39,16,18
39,15,19
39,15,20
39,15,21
39,14,22
39,15,22
39,14,23
39,15,23
39,14,24
39,15,24
39,14,25
39,15,25
39,14,26
39,15,26
39,14,27
39,15,27
39,14,28
39,14,29
39,14,30
39,14,31
39,14,32
39,14,33
39,14,34
39,15,34
39,15,35
39,15,36
39,15,37
39,15,38
39,15,39
39,16,39
39,15,40
39,16,40
39,15,41
39,16,41
39,16,42
40,15,0
40,15,1
40,15,2
40,16,2
40,15,3
40,16,3
40,16,4
40,16,5
40,16,6
40,16,7
40,17,7
40,16,8
40,17,8
40,16,9
40,17,9
40,16,10
40,17,10
40,16,11
40,17,11
40,16,12
40,17,12
40,15,13
40,16,13
40,17,13
40,16,14
40,16,15
40,16,16
40,16,17
40,16,18
40,15,19
40,16,19
40,15,20
40,16,20
40,15,21
40,16,21
40,15,22
40,15,23
40,15,24
40,15,25
40,15,26
40,15,27
40,14,28
40,15,28
40,14,29
40,15,29
40,14,30
40,15,30
40,14,31
40,15,31
40,14,32
40,15,32
40,14,33
40,15,33
40,15,34
40,15,35
40,15,36
40,15,37
40,16,37
40,15,38
40,16,38
40,15,39
40,16,39
40,16,40
40,16,41
40,16,42
41,15,0
41,16,0
41,15,1
41,16,1
41,15,2
41,16,2
41,16,3
41,16,4
41,16,5
41,17,5
41,16,6
41,17,6
41,16,7
41,17,7
41,17,8
41,17,9
41,17,10
41,17,11
41,17,12
41,16,13
41,17,13
41,16,14
41,17,14
41,16,15
41,17,15
41,16,16
41,17,16
41,16,17
41,16,18
41,16,19
41,16,20
41,15,21
41,16,21
41,15,22
41,16,22
41,15,23
41,16,23
41,15,24
41,16,24
41,15,25
41,16,25
41,15,26
41,15,27
41,15,28
41,15,29
41,15,30
41,15,31
41,15,32
41,15,33
41,15,34
41,15,35
41,16,35
41,15,36
41,16,36
41,15,37
41,16,37
41,16,38
41,16,39
41,16,40
41,16,41
41,16,42
41,17,42
42,15,0
42,16,0
42,16,1
42,16,2
42,16,3
42,17,3
42,16,4
42,17,4
42,16,5
42,17,5
42,17,6
42,17,7
42,17,8
42,17,9
42,17,10
42,18,10
42,17,11
42,18,11
42,17,12
42,18,12
42,17,13
42,17,14
42,17,15
42,17,16
42,16,17
42,17,17
42,16,18
42,17,18
42,16,19
42,17,19
42,16,20
42,17,20
42,16,21
42,16,22
42,16,23
42,16,24
42,15,25
42,16,25
42,15,26
42,16,26
42,15,27
42,16,27
42,15,28
42,16,28
42,15,29
42,16,29
42,15,30
42,16,30
42,15,31
42,16,31
42,15,32
42,16,32
42,15,33
42,16,33
42,15,34
42,16,34
42,15,35
42,16,35
42,15,36
42,16,36
42,16,37
42,16,38
42,16,39
42,17,39
42,16,40
42,17,40
42,16,41
42,17,41
42,17,42
43,16,0
43,16,1
43,16,2
43,17,2
43,16,3
43,17,3
43,17,4
43,17,5
43,17,6
43,17,7
43,18,7
43,17,8
43,18,8
43,17,9
43,18,9
43,18,10
43,18,11
43,17,12
43,18,12
43,17,13
43,18,13
43,17,14
43,18,14
43,17,15
43,17,16
43,17,17
43,17,18
43,17,19
43,16,20
43,17,20
43,16,21
43,17,21
43,16,22
43,17,22
43,16,23
43,17,23
43,16,24
43,17,24
43,16,25
43,17,25
43,16,26
43,17,26
43,16,27
43,16,28
43,17,28
43,16,29
43,17,29
43,16,30
43,16,31
43,16,32
43,16,33
43,17,33
43,16,34
43,17,34
43,16,35
43,17,35
43,16,36
43,17,36
43,16,37
43,17,37
43,16,38
43,17,38
43,16,39
43,17,39
43,17,40
43,17,41
43,18,41
43,17,42
43,18,42
44,16,0
44,16,1
44,17,1
44,16,2
44,17,2
44,17,3
44,17,4
44,17,5
44,17,6
44,18,6
44,17,7
44,18,7
44,18,8
44,18,9
44,18,10
44,18,11
44,18,12
44,18,13
44,18,14
44,17,15
44,18,15
44,17,16
44,18,16
44,17,17
44,18,17
44,17,18
44,18,18
44,17,19
44,17,20
44,17,21
44,17,22
44,17,23
44,17,24
44,16,25
44,17,25
44,16,26
44,17,26
44,16,27
44,17,27
44,17,28
44,16,29
44,17,29
44,16,30
44,17,30
44,16,31
44,17,31
44,16,32
44,17,32
44,16,33
44,17,33
44,17,34
44,17,35
44,17,36
44,17,37
44,17,38
44,18,38
44,17,39
44,17,40
44,18,40
44,17,41
44,18,41
44,18,42
45,16,0
45,17,0
45,16,1
45,17,1
45,17,2
45,17,3
45,17,4
45,17,5
45,18,5
45,17,6
45,18,6
45,18,7
45,18,8
45,18,9
45,18,10
45,18,11
45,18,12
45,18,13
45,18,14
45,18,15
45,18,16
45,18,17
45,17,18
45,18,18
45,17,19
45,18,19
45,17,20
45,18,20
45,17,21
45,18,21
45,17,22
45,18,22
45,17,23
45,18,23
45,17,24
45,18,24
45,17,25
45,18,25
45,17,26
45,18,26
45,17,27
45,17,28
45,17,29
45,17,30
45,17,31
45,17,32
45,17,33
45,18,33
45,17,34
45,18,34
45,17,35
45,18,35
45,17,36
45,18,36
45,17,37
45,18,37
45,17,38
45,18,38
45,17,39
45,18,39
45,17,40
45,18,40
45,18,41
45,18,42
46,17,0
46,17,1
46,17,2
46,17,3
46,17,4
46,17,5
46,18,5
46,18,6
46,18,7
46,18,8
46,18,9
46,18,10
46,18,11
46,18,12
46,18,13
46,18,14
46,18,15
46,18,16
46,18,17
46,18,18
46,18,19
46,18,20
46,18,21
46,18,22
46,18,23
46,18,24
46,18,25
46,17,26
46,18,26
46,17,27
46,18,27
46,17,28
46,18,28
46,17,29
46,18,29
46,17,30
46,18,30
46,17,31
46,18,31
46,17,32
46,18,32
46,18,33
46,18,34
46,18,35
46,18,36
46,18,37
46,18,38
46,19,38
46,18,39
46,19,39
46,18,40
46,19,40
46,18,41
46,19,41
46,18,42
46,19,42
47,17,0
47,17,1
47,17,2
47,17,3
47,17,4
47,17,5
47,18,5
47,17,6
47,18,6
47,18,7
47,18,8
47,18,9
47,18,10
47,18,11
47,18,12
47,18,13
47,18,14
47,18,15
47,18,16
47,18,17
47,18,18
47,18,19
47,18,20
47,18,21
47,18,22
47,18,23
47,18,24
47,18,25
47,18,26
47,18,27
47,18,28
47,18,29
47,18,30
47,18,31
47,18,32
47,18,33
47,19,33
47,18,34
47,19,34
47,18,35
47,19,35
47,18,36
47,19,36
47,18,37
47,19,37
47,18,38
47,19,38
47,19,39
47,19,40
47,19,41
47,19,42
48,17,0
48,17,1
48,17,2
48,17,3
48,17,4
48,17,5
48,17,6
48,18,6
48,17,7
48,18,7
48,17,8
48,18,8
48,17,9
48,18,9
48,17,10
48,18,10
48,18,11
48,18,12
48,18,13
48,18,14
48,18,15
48,18,16
48,18,17
48,18,18
48,18,19
48,18,20
48,18,21
48,18,22
48,18,23
48,18,24
48,18,25
48,18,26
48,18,27
48,19,27
48,18,28
48,19,28
48,18,29
48,19,29
48,18,30
48,19,30
48,18,31
48,19,31
48,18,32
48,19,32
48,18,33
48,19,33
48,19,34
48,19,35
48,19,36
48,19,37
48,19,38
48,19,39
48,19,40
48,19,41
48,20,41
48,19,42
48,20,42
49,17,0
49,17,1
49,17,2
49,17,3
49,17,4
49,17,5
49,17,6
49,17,7
49,17,8
49,17,9
49,17,10
49,17,11
49,18,11
49,17,12
49,18,12
49,17,13
49,18,13
49,17,14
49,18,14
49,17,15
49,18,15
49,18,16
49,18,17
49,18,18
49,18,19
49,18,20
49,18,21
49,18,22
49,18,23
49,18,24
49,18,25
49,19,25
49,18,26
49,19,26
49,18,27
49,19,27
49,19,28
49,19,29
49,19,30
49,19,31
49,19,32
49,19,33
49,19,34
49,19,35
49,19,36
49,19,37
49,19,38
49,20,38
49,19,39
49,20,39
49,19,40
49,20,40
49,19,41
49,20,41
49,20,42
50,17,0
50,17,1
50,17,2
50,17,3
50,17,4
50,17,5
50,17,6
50,17,7
50,17,8
50,17,9
50,17,10
50,17,11
50,17,12
50,17,13
50,17,14
50,17,15
50,18,15
50,17,16
50,18,16
50,18,17
50,18,18
50,18,19
50,18,20
50,18,21
50,18,22
50,18,23
50,18,24
50,18,25
50,19,25
50,19,26
50,19,27
50,19,28
50,19,29
50,19,30
50,19,31
50,19,32
50,19,33
50,19,34
50,19,35
50,19,36
50,19,37
50,20,37
50,19,38
50,20,38
50,20,39
50,20,40
50,20,41
50,20,42
51,16,0
51,17,0
51,16,1
51,17,1
51,16,2
51,17,2
51,16,3
51,17,3
51,16,4
51,17,4
51,16,5
51,17,5
51,16,6
51,17,6
51,17,7
51,17,8
51,17,9
51,17,10
51,17,11
51,17,12
51,17,13
51,17,14
51,17,15
51,17,16
51,17,17
51,18,17
51,17,18
51,18,18
51,18,19
51,18,20
51,18,21
51,18,22
51,18,23
51,18,24
51,18,25
51,19,25
51,18,26
51,19,26
51,19,27
51,19,28
51,19,29
51,19,30
51,19,31
51,19,32
51,19,33
51,19,34
51,19,35
51,19,36
51,20,36
51,19,37
51,20,37
51,20,38
51,20,39
51,20,40
51,20,41
51,20,42
52,16,0
52,16,1
52,16,2
52,16,3
52,16,4
52,16,5
52,16,6
52,17,6
52,16,7
52,17,7
52,16,8
52,17,8
52,16,9
52,17,9
52,16,10
52,17,10
52,16,11
52,17,11
52,16,12
52,17,12
52,17,13
52,17,14
52,17,15
52,17,16
52,17,17
52,17,18
52,18,18
52,17,19
52,18,19
52,17,20
52,18,20
52,18,21
52,18,22
52,18,23
52,18,24
52,18,25
52,18,26
52,19,26
52,18,27
52,19,27
52,19,28
52,19,29
52,19,30
52,19,31
52,19,32
52,19,33
52,19,34
52,19,35
52,19,36
52,20,36
52,19,37
52,20,37
52,20,38
52,20,39
52,20,40
52,20,41
52,20,42
53,16,0
53,16,1
53,16,2
53,16,3
53,16,4
53,16,5
53,16,6
53,16,7
53,16,8
53,16,9
53,16,10
53,16,11
53,16,12
53,16,13
53,17,13
53,16,14
53,17,14
53,16,15
53,17,15
53,17,16
53,17,17
53,17,18
53,17,19
53,17,20
53,18,20
53,17,21
53,18,21
53,18,22
53,18,23
53,18,24
53,18,25
53,18,26
53,18,27
53,19,27
53,18,28
53,19,28
53,18,29
53,19,29
53,19,30
53,19,31
53,19,32
53,19,33
53,19,34
53,19,35
53,19,36
53,19,37
53,20,37
53,19,38
53,20,38
53,19,39
53,20,39
53,19,40
53,20,40
53,19,41
53,20,41
53,19,42
53,20,42
54,15,0
54,16,0
54,15,1
54,16,1
54,15,2
54,16,2
54,16,3
54,16,4
54,16,5
54,16,6
54,16,7
54,16,8
54,16,9
54,16,10
54,16,11
54,16,12
54,16,13
54,16,14
54,16,15
54,17,15
54,16,16
54,17,16
54,16,17
54,17,17
54,17,18
54,17,19
54,17,20
54,17,21
54,18,21
54,17,22
54,18,22
54,18,23
54,18,24
54,18,25
54,18,26
54,18,27
54,18,28
54,18,29
54,19,29
54,18,30
54,19,30
54,18,31
54,19,31
54,19,32
54,19,33
54,19,34
54,19,35
54,19,36
54,19,37
54,19,38
54,19,39
54,19,40
54,19,41
54,19,42
55,15,0
55,16,0
55,15,1
55,15,2
55,16,2
55,15,3
55,16,3
55,15,4
55,16,4
55,15,5
55,16,5
55,15,6
55,16,6
55,15,7
55,16,7
55,15,8
55,16,8
55,15,9
55,16,9
55,15,10
55,16,10
55,15,11
55,16,11
55,16,12
55,16,13
55,16,14
55,16,15
55,16,16
55,16,17
55,17,17
55,16,18
55,17,18
55,17,19
55,17,20
55,17,21
55,17,22
55,17,23
55,18,23
55,17,24
55,18,24
55,18,25
55,18,26
55,18,27
55,18,28
55,18,29
55,18,30
55,18,31
55,19,31
55,18,32
55,19,32
55,18,33
55,19,33
55,19,34
55,19,35
55,19,36
55,19,37
55,19,38
55,19,39
55,19,40
55,19,41
55,19,42
56,15,0
56,15,1
56,15,2
56,15,3
56,15,4
56,15,5
56,15,6
56,15,7
56,15,8
56,15,9
56,15,10
56,15,11
56,15,12
56,16,12
56,15,13
56,16,13
56,15,14
56,16,14
56,16,15
56,16,16
56,16,17
56,16,18
56,16,19
56,17,19
56,17,20
56,17,21
56,17,22
56,17,23
56,17,24
56,18,24
56,17,25
56,18,25
56,17,26
56,18,26
56,17,27
56,18,27
56,18,28
56,18,29
56,18,30
56,18,31
56,18,32
56,18,33
56,19,33
56,18,34
56,19,34
56,18,35
56,19,35
56,18,36
56,19,36
56,18,37
56,19,37
56,18,38
56,19,38
56,18,39
56,19,39
56,18,40
56,19,40
56,18,41
56,19,41
56,18,42
56,19,42
57,15,0
57,15,1
57,15,2
57,15,3
57,15,4
57,15,5
57,15,6
57,15,7
57,15,8
57,15,9
57,15,10
57,15,11
57,15,12
57,15,13
57,15,14
57,16,14
57,15,15
57,16,15
57,15,16
57,16,16
57,16,17
57,16,18
57,16,19
57,16,20
57,17,20
57,16,21
57,17,21
57,17,22
57,17,23
57,17,24
57,17,25
57,17,26
57,17,27
57,17,28
57,18,28
57,17,29
57,18,29
57,17,30
57,18,30
57,18,31
57,18,32
57,18,33
57,18,34
57,18,35
57,18,36
57,18,37
57,18,38
57,18,39
57,18,40
57,18,41
57,18,42
58,14,0
58,15,0
58,14,1
58,15,1
58,14,2
58,14,3
58,15,3
58,14,4
58,15,4
58,14,5
58,15,5
58,14,6
58,15,6
58,14,7
58,15,7
58,14,8
58,15,8
58,14,9
58,15,9
58,15,10
58,15,11
58,15,12
58,15,13
58,15,14
58,15,15
58,15,16
58,16,16
58,15,17
58,16,17
58,16,18
58,16,19
58,16,20
58,16,21
58,17,21
58,16,22
58,17,22
58,16,23
58,17,23
58,17,24
58,17,25
58,17,26
58,17,27
58,17,28
58,17,29
58,17,30
58,17,31
58,18,31
58,17,32
58,18,32
58,17,33
58,18,33
58,17,34
58,18,34
58,17,35
58,18,35
58,17,36
58,18,36
58,17,37
58,18,37
58,17,38
58,18,38
58,17,39
58,18,39
58,17,40
58,18,40
58,17,41
58,18,41
58,17,42
58,18,42
59,14,0
59,14,1
59,14,2
59,14,3
59,14,4
59,14,5
59,14,6
59,14,7
59,14,8
59,14,9
59,14,10
59,14,11
59,15,11
59,14,12
59,15,12
59,15,13
59,15,14
59,15,15
59,15,16
59,15,17
59,16,17
59,15,18
59,16,18
59,16,19
59,16,20
59,16,21
59,16,22
59,16,23
59,17,23
59,16,24
59,17,24
59,16,25
59,17,25
59,16,26
59,17,26
59,16,27
59,17,27
59,16,28
59,17,28
59,17,29
59,17,30
59,17,31
59,17,32
59,17,33
59,17,34
59,17,35
59,18,35
59,17,36
59,17,37
59,17,38
59,17,39
59,17,40
59,17,41
59,17,42
60,13,0
60,14,0
60,13,1
60,14,1
60,13,2
60,14,2
60,14,3
60,14,4
60,14,5
60,14,6
60,14,7
60,14,8
60,14,9
60,14,10
60,14,11
60,14,12
60,15,12
60,14,13
60,15,13
60,14,14
60,15,14
60,15,15
60,15,16
60,15,17
60,15,18
60,16,18
60,15,19
60,16,19
60,16,20
60,16,21
60,16,22
60,16,23
60,16,24
60,16,25
60,16,26
60,16,27
60,16,28
60,17,28
60,16,29
60,17,29
60,16,30
60,17,30
60,17,31
60,17,32
60,17,33
60,17,34
60,17,35
60,17,36
60,16,37
60,17,37
60,16,38
60,17,38
60,16,39
60,17,39
60,16,40
60,17,40
60,16,41
60,17,41
60,16,42
60,17,42
61,12,0
61,13,0
61,13,1
61,13,2
61,14,2
61,13,3
61,14,3
61,13,4
61,14,4
61,13,5
61,14,5
61,13,6
61,14,6
61,14,7
61,14,8
61,14,9
61,14,10
61,14,11
61,14,12
61,14,13
61,14,14
61,15,14
61,14,15
61,15,15
61,15,16
61,15,17
61,15,18
61,15,19
61,15,20
61,16,20
61,15,21
61,16,21
61,15,22
61,16,22
61,15,23
61,16,23
61,16,24
61,16,25
61,16,26
61,16,27
61,16,28
61,16,29
61,16,30
61,16,31
61,17,31
61,16,32
61,17,32
61,16,33
61,17,33
61,16,34
61,17,34
61,16,35
61,17,35
61,16,36
61,17,36
61,16,37
61,16,38
61,16,39
61,16,40
61,16,41
61,16,42
62,12,0
62,13,0
62,12,1
62,13,1
62,12,2
62,13,2
62,12,3
62,13,3
62,12,4
62,13,4
62,13,5
62,13,6
62,14,6
62,13,7
62,14,7
62,13,8
62,14,8
62,13,9
62,14,9
62,13,10
62,14,10
62,13,11
62,14,11
62,14,12
62,14,13
62,14,14
62,14,15
62,15,15
62,14,16
62,15,16
62,15,17
62,15,18
62,15,19
62,15,20
62,15,21
62,15,22
62,15,23
62,15,24
62,16,24
62,15,25
62,16,25
62,15,26
62,16,26
62,15,27
62,16,27
62,16,28
62,16,29
62,16,30
62,16,31
62,16,32
62,16,33
62,16,34
62,16,35
62,16,36
62,16,37
62,16,38
62,15,39
62,16,39
62,15,40
62,16,40
62,15,41
62,16,41
62,16,42
63,12,0
63,12,1
63,12,2
63,12,3
63,12,4
63,12,5
63,13,5
63,12,6
63,13,6
63,12,7
63,13,7
63,12,8
63,13,8
63,12,9
63,13,9
63,12,10
63,13,10
63,13,11
63,13,12
63,14,12
63,13,13
63,14,13
63,14,14
63,14,15
63,14,16
63,14,17
63,15,17
63,14,18
63,15,18
63,15,19
63,15,20
63,15,21
63,15,22
63,15,23
63,15,24
63,15,25
63,15,26
63,15,27
63,16,27
63,15,28
63,16,28
63,15,29
63,16,29
63,15,30
63,16,30
63,15,31
63,16,31
63,15,32
63,16,32
63,15,33
63,16,33
63,15,34
63,16,34
63,15,35
63,16,35
63,15,36
63,16,36
63,15,37
63,16,37
63,15,38
63,16,38
63,15,39
63,16,39
63,15,40
63,15,41
63,16,41
63,15,42
63,16,42
