0,1,10
0,0,16
23,1,8
2,5,2
12,4,0
20,1,0
18,0,9
21,1,3
11,5,0
19,1,7
24,0,6
1,4,3
24,0,9
13,2,4
11,2,4
17,1,4
7,3,5
17,1,5
4,0,16
5,2,5
19,0,13
22,0,10
23,0,8
8,3,3
1,0,16
4,0,14
9,3,3
16,1,8
11,4,1
0,0,14
2,5,1
18,2,0
15,1,12
12,1,11
12,1,7
13,1,7
4,0,18
26,0,3
10,3,3
1,4,6
22,1,5
19,1,10
27,0,3
4,0,10
2,4,3
1,0,12
9,3,5
3,0,13
23,1,4
22,1,4
13,0,12
8,2,5
5,0,10
4,0,15
10,0,14
27,0,4
0,4,3
1,0,13
6,2,8
20,0,11
14,1,6
18,1,9
14,4,1
6,0,12
18,1,1
4,1,10
16,2,1
5,0,17
4,0,17
0,3,6
8,1,13
24,0,7
10,1,10
9,1,7
12,1,4
5,0,18
24,1,3
8,1,8
15,3,2
8,0,14
7,1,7
1,0,17
13,0,15
22,1,8
14,0,13
1,4,4
2,0,11
14,0,14
15,1,3
16,0,14
3,0,14
25,0,3
6,5,0
2,4,2
13,1,11
4,3,7
12,4,1
15,3,0
6,0,13
10,4,2
19,2,0
10,2,4
2,4,4
19,1,0
8,4,3
5,0,11
15,0,13
14,1,4
20,1,7
9,1,9
3,4,3
11,1,6
16,1,6
17,1,2
0,3,7
18,1,2
1,5,3
1,0,11
16,0,10
1,5,2
16,2,2
3,2,8
4,4,1
18,2,1
15,2,2
4,2,8
14,2,4
8,0,13
23,0,10
12,3,3
9,5,1
11,3,2
3,0,11
13,4,0
10,1,8
5,4,3
9,0,15
5,3,4
2,0,17
8,3,4
12,5,0
1,5,0
13,1,6
12,1,8
25,0,6
15,4,1
4,2,7
8,4,1
3,3,4
23,1,5
11,4,2
19,1,6
6,3,3
12,1,13
8,1,9
24,1,2
8,0,12
16,2,7
19,0,9
17,0,12
15,1,9
14,4,0
6,4,1
13,3,2
5,2,8
21,1,0
11,4,0
9,1,6
2,3,5
9,5,0
17,3,0
10,3,2
2,1,9
5,3,5
2,0,16
6,4,3
20,0,9
26,0,2
0,6,0
9,4,1
3,5,1
8,1,6
14,3,3
19,1,3
2,5,0
6,1,11
2,4,1
4,0,11
11,3,4
18,1,6
12,2,4
12,4,2
16,3,0
16,1,2
17,1,9
19,1,8
21,1,2
23,1,7
23,0,9
19,2,1
17,3,1
19,1,4
1,2,9
1,3,8
9,1,10
2,2,7
7,2,6
4,4,2
8,1,10
7,0,12
9,0,13
15,1,5
13,1,13
6,1,9
16,1,9
22,1,1
0,5,3
16,1,4
20,1,6
2,0,14
3,3,3
23,0,7
2,3,6
23,0,6
15,0,11
13,1,8
3,1,10
3,4,1
10,1,14
10,3,4
23,1,0
14,1,11
15,1,6
1,4,2
7,1,10
19,1,9
11,1,13
5,1,8
5,1,10
16,1,11
17,0,11
17,1,7
13,1,12
4,1,9
25,0,7
12,0,13
10,4,0
1,1,10
18,0,11
25,1,2
14,1,7
1,1,9
19,1,2
6,3,4
8,5,0
0,2,10
19,1,1
16,3,1
27,0,5
0,0,13
7,5,0
7,5,1
24,1,6
15,0,14
25,1,5
16,0,11
25,0,2
1,0,15
1,5,1
6,5,1
3,4,2
10,0,15
24,0,8
4,5,1
3,2,9
5,4,2
3,2,7
14,3,2
2,2,8
14,1,10
0,4,4
11,0,13
20,1,2
5,0,12
6,2,5
15,1,7
20,1,4
3,0,17
0,4,5
20,1,5
5,4,1
6,1,7
20,1,1
27,0,2
16,1,7
16,0,7
4,4,3
6,1,10
19,1,5
9,3,4
5,0,14
7,3,4
6,1,12
12,3,2
11,1,14
0,0,12
0,2,9
3,4,4
22,1,6
13,1,4
19,0,12
10,1,7
21,1,7
11,1,8
11,1,10
1,2,8
25,1,6
17,2,1
14,3,1
14,1,9
11,1,12
5,1,9
13,2,3
0,5,4
8,3,2
5,0,13
7,2,7
14,1,5
4,3,4
21,1,5
5,0,15
7,2,5
6,2,7
1,0,14
12,1,5
0,3,8
8,1,7
14,1,12
14,1,8
20,2,0
4,0,13
12,1,6
2,1,10
5,1,11
24,1,1
0,0,18
2,0,12
14,2,3
4,2,6
11,1,9
21,0,9
3,5,0
3,0,16
24,1,0
26,0,7
7,1,12
10,2,5
17,2,2
19,0,11
9,1,13
2,0,13
10,2,6
21,1,1
6,2,6
6,3,5
12,3,4
15,3,1
1,3,7
0,2,8
16,3,2
22,1,0
4,5,0
25,0,1
1,3,6
21,1,4
22,1,2
18,1,3
17,1,8
8,5,1
10,5,0
8,0,15
20,1,9
25,1,3
4,3,5
1,0,10
4,3,6
12,1,10
13,4,1
8,4,2
3,0,15
10,3,5
21,0,10
5,2,6
26,0,1
6,0,14
16,2,3
5,5,0
7,0,15
20,0,10
25,0,0
8,1,12
7,3,3
21,1,6
4,3,3
24,1,5
9,4,2
2,0,10
3,3,7
0,4,6
25,0,5
10,5,1
13,1,5
6,0,16
13,0,13
15,1,8
15,1,10
5,0,16
12,2,3
7,0,16
9,2,6
18,1,8
13,0,14
15,2,3
25,1,0
2,3,7
5,5,1
7,1,11
22,0,9
20,1,3
13,4,2
3,0,10
17,1,6
1,0,18
26,0,6
16,0,13
10,1,13
0,6,1
20,0,12
7,4,2
24,1,4
20,1,8
11,2,5
10,1,6
10,1,9
4,0,19
17,1,3
11,0,15
22,1,7
7,0,14
8,2,6
0,5,2
9,3,2
0,0,11
15,2,7
3,3,6
3,0,18
14,1,3
4,2,9
19,0,10
8,1,11
0,0,17
0,5,1
7,4,3
10,1,11
26,0,0
13,1,9
22,1,3
1,1,11
16,0,12
23,1,1
17,0,10
12,2,5
0,0,15
23,1,3
21,0,8
7,4,1
5,0,19
5,3,6
2,0,18
1,2,10
4,1,8
10,1,12
14,4,2
0,5,0
8,3,5
12,0,14
6,0,17
7,0,13
11,3,3
11,1,11
12,0,15
17,0,13
18,1,5
9,2,5
25,1,4
0,1,11
22,0,8
9,1,14
2,4,5
9,1,12
6,0,15
25,0,4
15,1,4
5,3,3
14,0,12
3,0,12
21,1,9
1,3,5
2,2,9
11,1,5
15,1,11
26,0,4
8,2,7
15,0,12
21,1,8
11,1,7
6,0,18
9,1,11
16,1,5
16,1,10
12,1,9
3,3,5
2,0,15
21,0,11
6,4,2
3,1,9
17,1,10
15,4,0
16,1,3
14,2,2
25,0,8
10,1,5
18,1,4
18,1,10
6,0,11
26,0,5
23,1,6
1,4,5
23,1,2
25,1,1
18,1,7
17,2,0
9,1,8
13,3,3
5,2,7
11,0,14
7,1,9
9,0,14
10,4,1
13,1,10
18,0,13
4,0,12
12,1,12
7,1,8
6,1,8
18,0,10
18,0,12
