27,17,36
12,20,28
59,14,22
56,14,15
30,19,21
62,13,20
47,15,21
17,22,19
45,14,26
39,18,17
18,18,35
27,21,19
23,21,22
63,8,41
13,21,25
56,14,23
12,18,37
16,20,27
57,19,0
62,13,21
58,12,30
58,14,15
22,22,19
37,19,9
25,19,25
20,16,41
47,16,16
36,15,36
18,17,41
32,20,15
50,16,11
49,10,37
48,13,26
31,17,37
29,19,22
47,12,30
51,15,20
50,12,32
11,17,38
37,19,6
49,17,3
9,22,26
38,18,18
51,12,28
42,13,35
43,11,39
44,13,28
40,19,0
26,21,19
22,22,16
58,18,0
38,15,31
20,19,32
16,22,24
50,17,2
13,17,38
8,19,35
45,15,22
10,19,31
18,16,42
46,18,7
55,13,25
28,17,39
7,23,16
20,20,25
15,21,25
9,18,41
20,17,39
56,10,36
37,14,40
47,13,26
2,21,30
48,11,36
54,14,15
24,23,9
60,8,39
6,18,37
50,15,18
55,17,2
20,19,33
55,14,17
63,8,37
25,18,32
27,18,33
37,17,20
60,13,18
49,10,38
30,22,12
46,11,35
2,23,20
25,16,42
61,10,35
23,19,25
44,18,3
25,18,33
40,13,30
58,9,36
37,14,35
48,9,41
31,18,23
42,19,2
47,10,40
43,13,33
44,11,41
48,18,8
35,14,42
29,23,1
40,19,1
27,17,29
49,18,0
48,17,5
62,9,38
60,9,36
28,18,31
39,14,30
35,16,33
40,18,17
48,16,18
28,19,20
19,16,41
15,17,37
60,13,24
4,19,37
44,12,35
34,16,36
10,23,18
50,12,30
33,16,30
39,18,16
8,19,36
21,23,13
7,22,26
60,18,1
20,22,20
4,20,32
52,15,19
40,19,9
25,23,8
38,15,25
28,23,4
54,16,11
49,16,18
55,11,29
10,23,16
52,15,17
53,16,10
49,16,16
54,9,38
30,22,8
62,13,24
42,12,38
31,20,19
5,22,22
39,12,42
54,10,35
63,13,27
51,16,5
22,20,24
40,16,21
0,21,27
13,23,19
4,19,33
53,10,36
20,17,38
41,13,29
44,19,1
46,14,26
59,11,30
46,18,9
46,18,6
52,10,35
32,16,28
56,17,5
51,13,24
27,18,30
25,18,31
41,16,20
62,15,11
49,18,2
44,17,10
9,19,32
37,15,31
38,17,19
11,18,34
24,17,39
18,22,19
57,14,13
36,20,5
24,17,37
54,15,15
36,20,10
52,11,34
54,12,26
63,15,10
19,22,23
3,20,31
57,11,31
14,23,19
25,18,27
57,9,36
43,18,10
42,18,7
30,17,27
14,22,21
61,15,10
14,22,20
27,22,16
45,12,31
41,18,10
28,17,40
49,18,6
29,23,0
63,16,8
34,20,12
10,18,38
1,23,20
3,22,23
1,20,33
50,17,4
60,14,19
51,15,16
4,18,42
38,14,37
30,22,2
51,16,12
59,15,13
40,18,15
45,18,3
63,15,8
3,21,30
14,23,17
6,18,42
25,16,40
50,9,41
19,23,15
46,15,21
53,15,15
13,23,17
7,19,36
38,19,14
25,20,21
60,9,37
30,21,5
16,17,37
8,20,32
59,12,29
41,18,6
31,17,34
16,17,40
46,15,20
50,18,0
38,13,40
49,19,1
17,18,36
30,21,12
53,13,26
37,14,28
60,8,41
32,20,12
24,20,20
22,16,39
25,23,7
44,11,42
43,18,4
29,21,13
50,16,17
50,17,8
43,17,15
34,20,14
7,22,23
47,16,19
25,22,14
47,16,17
5,23,18
54,18,1
16,18,36
28,17,35
47,17,8
38,19,5
50,16,13
33,20,13
19,21,23
24,21,21
41,15,26
11,20,29
47,16,18
22,17,35
34,20,3
60,11,33
45,18,6
42,11,40
43,18,14
24,16,39
61,18,0
20,18,33
40,13,39
44,17,9
42,16,21
29,21,17
25,23,11
13,22,24
21,17,37
60,14,23
40,17,17
25,17,39
23,19,28
32,16,29
28,17,31
38,19,9
14,22,24
3,19,36
40,18,14
53,9,38
28,20,21
23,20,22
54,9,36
40,15,23
20,21,23
55,18,1
49,11,32
31,16,40
0,21,25
24,22,16
40,18,10
13,16,42
33,17,25
38,14,29
22,18,32
28,17,29
6,23,20
31,21,5
51,16,13
13,23,18
26,23,1
42,12,40
61,15,11
23,20,24
46,17,12
55,15,10
59,14,21
50,16,16
19,23,14
24,16,41
44,16,18
13,20,30
61,9,35
46,15,19
54,14,22
39,13,40
36,15,33
32,21,2
45,19,2
34,15,34
61,13,22
40,19,5
52,13,25
53,14,19
60,10,32
34,18,21
47,18,0
61,14,19
42,17,17
27,17,30
57,9,40
56,15,13
14,20,29
40,19,6
52,14,22
2,21,28
19,17,41
17,22,21
33,16,32
37,13,42
56,14,22
43,12,32
12,23,17
27,23,2
57,14,15
32,19,17
29,17,33
41,13,38
12,23,18
49,9,41
37,15,34
52,12,29
56,12,29
33,16,33
23,22,16
61,12,28
23,17,35
63,10,33
29,16,42
52,9,42
53,11,31
36,19,16
32,18,21
56,12,27
44,11,39
31,20,15
14,20,30
39,17,20
38,19,12
37,14,42
50,12,28
32,19,18
57,14,14
34,15,29
32,16,30
12,21,25
25,22,13
36,17,22
45,11,36
32,16,31
39,19,11
58,14,16
39,14,28
27,16,40
28,17,33
37,16,25
14,17,42
61,13,25
40,13,36
45,17,9
56,12,30
34,17,23
32,20,13
39,16,21
54,16,6
44,18,7
16,19,29
45,11,38
11,20,30
52,10,38
43,17,16
49,10,40
61,13,19
53,13,24
55,13,23
18,17,36
2,21,29
55,14,19
47,12,32
53,13,25
5,21,31
58,8,42
62,13,15
37,13,41
57,14,21
6,21,27
27,22,8
32,16,27
31,22,1
54,17,1
10,22,23
31,17,29
27,19,23
53,10,34
53,15,17
36,20,11
49,16,11
2,18,41
58,18,3
62,14,11
19,20,28
59,12,30
27,23,11
35,20,13
0,21,24
32,16,34
46,11,41
34,17,24
35,17,20
58,8,40
57,15,10
39,12,41
35,16,34
42,15,23
47,10,39
56,17,3
50,10,39
49,18,3
48,17,11
56,11,31
41,12,39
24,18,34
10,21,29
39,16,19
45,18,2
63,14,12
34,20,8
48,17,7
58,14,20
59,18,3
24,20,22
34,16,38
6,20,32
32,16,41
38,14,33
30,21,7
11,20,28
15,17,42
14,17,37
59,17,6
24,19,27
47,13,25
32,20,18
10,22,25
19,17,39
55,17,3
30,21,8
41,15,22
34,19,18
51,9,41
1,22,24
39,14,36
46,13,26
58,18,2
44,18,11
8,23,19
57,9,41
31,15,41
11,23,19
56,8,42
13,20,29
18,23,13
58,14,23
61,16,7
40,16,19
27,18,29
51,17,9
44,18,5
41,15,23
43,16,18
44,14,28
42,14,29
30,22,11
40,19,12
44,15,23
35,15,40
59,8,39
26,23,11
61,13,14
34,20,10
5,18,39
55,16,7
33,16,36
41,14,31
56,16,7
24,22,18
14,18,36
57,11,30
49,15,20
29,22,7
23,18,33
55,10,36
46,19,1
32,20,10
28,21,15
52,9,38
62,10,34
43,18,7
23,18,35
2,22,23
59,13,23
61,13,24
34,20,4
31,21,6
59,13,19
50,12,29
51,10,36
62,14,22
41,13,36
57,10,34
36,19,13
22,17,40
50,16,15
12,22,25
46,12,30
33,20,8
50,15,16
45,12,38
42,18,13
63,13,24
35,16,28
43,17,14
45,16,16
20,18,36
58,18,1
29,18,26
34,16,29
34,17,25
18,23,18
53,11,32
30,22,4
16,22,21
27,23,1
6,22,25
34,20,6
59,11,32
52,17,3
35,16,29
49,17,5
5,19,33
13,19,30
50,15,13
21,18,36
36,14,40
52,14,21
44,12,39
0,21,26
1,22,21
29,16,40
11,23,17
59,15,12
52,16,8
60,10,33
22,17,38
34,20,11
52,11,31
48,18,2
2,19,37
31,19,19
14,23,18
51,16,11
28,20,20
40,15,25
5,18,38
63,11,29
56,9,37
31,18,21
18,21,26
23,18,30
33,17,21
23,19,24
58,13,26
48,12,33
49,13,26
45,18,5
52,12,28
36,19,6
56,9,41
50,15,17
7,18,38
47,16,12
20,19,30
38,15,27
48,13,28
39,17,18
1,20,30
50,13,27
50,16,14
53,15,12
49,11,33
48,10,39
36,15,28
21,23,11
15,20,27
54,14,17
8,20,30
26,18,31
55,14,23
60,13,17
8,18,36
37,14,39
30,18,24
29,17,38
46,17,10
5,20,33
51,9,39
5,19,35
58,14,14
45,12,34
34,16,31
35,19,17
17,17,42
9,20,31
29,18,25
27,23,0
28,17,28
16,17,36
14,19,29
17,19,27
28,23,7
59,10,34
20,23,11
21,22,21
43,19,5
3,23,21
34,16,27
9,18,34
6,19,36
48,15,18
0,19,38
29,21,15
58,15,12
44,18,10
4,18,39
21,22,20
46,17,9
9,22,21
44,11,38
55,15,11
24,17,34
55,18,0
53,16,12
20,17,36
21,17,36
58,11,32
39,13,42
47,17,11
28,17,34
52,16,12
25,21,17
15,19,29
36,20,7
34,18,19
26,22,12
56,15,8
54,17,5
36,18,19
12,20,30
42,18,11
47,10,41
34,16,26
41,15,25
41,14,27
30,20,19
50,10,38
19,21,26
11,20,31
62,15,9
12,22,22
27,18,23
36,20,2
39,13,39
53,16,8
41,18,16
61,14,23
55,11,30
17,23,15
59,9,37
33,20,0
40,18,12
12,17,39
25,22,15
58,12,27
62,9,36
24,19,26
38,18,17
21,20,26
8,21,30
60,14,22
30,21,16
5,18,42
28,21,17
37,20,3
22,23,15
35,15,30
53,12,27
58,9,39
46,14,22
41,17,19
59,14,17
46,13,27
2,22,22
36,19,7
30,17,37
20,21,24
14,23,15
7,20,32
15,18,37
42,17,18
55,12,29
46,13,29
56,11,33
58,12,26
55,16,9
32,19,20
60,10,34
63,13,26
18,23,14
43,19,0
58,13,25
33,16,27
29,20,18
39,15,23
36,16,25
40,12,41
58,16,7
8,22,25
22,16,41
37,20,2
60,17,3
51,18,0
3,19,37
59,16,8
39,19,10
53,15,16
33,19,18
27,19,22
9,21,29
9,18,35
11,22,21
14,21,24
48,10,40
29,22,6
3,22,26
55,12,27
54,15,19
12,17,37
33,16,28
59,11,31
32,15,41
6,22,27
47,15,19
22,17,37
40,12,42
20,18,35
38,15,29
24,17,36
42,13,30
42,17,15
27,22,9
42,18,16
42,13,37
55,14,20
46,19,0
3,19,38
42,16,19
25,17,37
48,11,37
21,16,42
30,17,34
62,8,39
51,17,3
12,19,30
63,10,34
54,15,17
45,13,29
45,18,1
56,13,25
60,14,21
33,18,22
51,16,10
26,18,28
13,20,28
27,23,5
41,13,32
47,14,24
9,23,16
15,20,25
47,16,11
32,17,34
55,14,21
26,18,27
30,17,31
55,15,15
35,20,10
11,18,38
40,14,28
9,23,21
30,16,42
5,21,30
49,14,21
25,16,41
44,17,15
44,11,40
0,23,21
4,23,19
0,18,40
20,16,40
7,22,27
29,20,20
8,19,34
51,12,31
44,12,31
35,15,37
44,15,22
35,15,38
40,19,11
43,16,21
33,21,6
57,9,42
55,11,28
51,16,15
61,13,27
59,15,11
27,23,6
57,16,8
33,19,17
52,16,9
35,20,5
30,19,19
31,21,3
11,18,35
13,22,21
19,19,32
62,10,33
47,11,38
6,23,19
43,14,28
57,18,2
44,19,2
50,12,27
13,17,42
30,22,3
25,23,9
14,18,32
2,20,31
59,9,40
9,22,25
29,17,27
5,22,27
21,23,15
2,20,33
34,16,37
52,18,0
61,8,38
17,19,31
13,17,40
28,22,12
42,15,21
50,17,3
23,21,20
11,21,29
50,16,10
33,21,7
35,15,34
25,20,23
46,11,34
27,23,10
34,15,40
63,11,30
38,18,16
63,13,17
48,13,29
37,14,36
51,11,33
24,23,12
9,22,22
36,20,0
63,13,15
29,20,19
49,16,17
29,17,32
36,16,26
26,19,25
0,18,38
6,18,39
53,16,5
62,8,38
10,18,37
32,21,12
62,13,17
59,14,19
37,15,35
1,19,36
54,17,2
35,20,1
60,14,13
24,21,20
48,16,13
52,11,33
15,18,34
1,21,25
11,22,22
22,20,26
35,15,39
33,21,8
54,16,7
41,18,11
42,13,33
51,15,14
45,11,37
53,10,32
2,20,30
41,17,16
3,23,19
24,18,31
45,12,33
44,13,31
29,16,39
1,21,26
56,14,17
37,16,21
54,14,21
14,19,31
53,12,25
6,22,26
28,16,42
16,17,41
10,22,24
44,13,30
10,22,22
43,17,18
62,13,23
16,23,14
62,13,19
9,18,40
23,23,14
16,23,20
6,18,41
8,22,26
51,15,21
60,12,28
4,18,41
12,17,38
37,18,18
23,23,11
44,16,17
21,22,18
21,19,29
30,19,22
27,21,17
36,18,16
29,22,2
52,14,24
32,17,26
28,23,8
45,16,20
22,17,39
56,15,11
20,17,40
50,13,25
51,17,10
22,23,11
56,13,26
52,9,39
15,18,32
44,16,19
17,23,16
14,17,39
54,15,18
2,22,24
17,17,37
57,13,25
35,18,18
31,17,25
42,14,28
57,15,9
24,19,28
47,11,39
21,22,17
9,19,33
35,18,17
57,15,11
27,18,28
7,23,17
61,14,15
4,22,24
42,18,14
33,17,26
34,18,20
19,23,17
60,15,10
55,15,12
5,23,19
61,14,22
32,16,35
45,17,11
27,17,35
24,18,30
62,8,37
14,18,34
31,20,16
45,15,19
42,16,18
29,17,39
57,13,23
54,16,10
52,17,7
26,23,13
38,14,35
53,16,6
30,17,25
61,15,12
15,18,35
60,13,23
31,16,38
38,20,1
19,21,24
46,17,15
22,23,14
52,18,1
44,12,36
20,20,29
16,23,19
52,17,4
22,23,17
2,20,32
45,13,26
32,18,22
18,17,40
61,12,29
28,17,36
29,22,10
24,18,28
30,18,22
9,20,29
54,15,11
48,12,32
34,15,39
57,8,41
59,9,38
22,20,27
22,20,25
33,16,31
45,17,12
19,22,18
7,19,37
45,18,8
18,21,25
59,19,0
39,14,34
30,21,0
40,14,30
24,23,15
12,19,32
31,17,36
15,23,15
27,22,12
11,19,30
47,10,38
4,22,25
51,11,34
32,17,33
46,11,36
60,11,30
3,21,31
42,19,5
36,15,38
41,19,7
41,18,9
37,15,24
62,17,5
29,22,9
57,8,42
60,17,4
38,16,22
15,23,20
20,18,34
16,23,17
53,14,23
19,22,20
48,17,9
26,17,34
20,20,28
3,19,34
45,11,41
62,11,31
9,19,31
63,12,29
19,21,25
54,14,24
38,15,32
2,21,27
56,11,29
54,13,24
26,18,29
54,12,28
38,19,13
54,11,32
28,18,28
15,22,23
46,15,22
10,18,33
21,21,21
31,21,10
50,13,26
36,16,27
15,22,24
57,16,9
32,17,22
53,16,13
18,18,36
44,14,26
44,12,32
46,12,29
44,17,18
54,9,42
35,16,24
14,18,33
21,23,16
59,13,26
59,17,5
13,18,34
28,17,37
62,14,13
15,20,28
35,20,12
47,11,33
2,23,19
36,19,9
47,16,15
32,21,1
23,21,21
11,18,37
28,23,5
54,13,23
55,10,33
35,20,3
18,20,29
51,15,19
59,13,27
36,17,20
63,14,13
42,14,25
23,17,38
54,13,26
52,17,8
61,14,13
35,15,36
50,17,5
20,17,37
63,8,42
4,22,21
34,15,28
40,16,20
57,12,28
34,20,9
39,15,22
19,23,16
10,23,17
54,11,33
7,22,20
3,19,33
28,23,0
35,14,39
6,22,21
62,12,27
28,21,14
33,21,0
8,21,29
34,14,42
17,19,29
3,20,30
27,20,18
7,18,40
59,9,39
22,21,23
39,12,40
39,19,0
59,16,9
1,19,35
3,18,38
28,23,1
4,21,31
16,20,28
44,13,27
9,23,15
54,14,23
53,14,21
26,20,19
44,17,14
47,18,4
33,15,39
1,21,27
41,18,8
52,15,15
39,14,33
23,16,40
61,14,21
12,19,31
62,8,42
8,17,41
63,9,36
46,12,35
13,17,39
7,19,33
2,23,18
40,19,10
24,18,32
47,14,23
22,16,40
45,14,23
62,15,8
50,9,39
33,21,3
50,17,7
38,19,6
50,13,24
41,13,30
43,19,1
62,15,10
13,19,31
7,20,30
26,21,16
41,14,26
41,12,38
0,23,17
34,16,35
0,23,18
22,19,32
41,15,24
24,21,19
47,18,5
28,22,2
50,11,34
42,13,29
20,17,41
58,17,6
48,18,1
16,22,19
31,16,37
30,21,9
6,20,33
57,13,24
16,19,27
19,19,33
17,18,33
48,17,4
54,15,12
32,20,8
42,18,9
34,20,1
53,17,2
25,18,26
44,14,27
60,8,40
52,10,34
57,14,16
12,18,36
7,18,36
41,19,6
29,22,3
37,19,5
56,16,5
35,15,28
62,12,29
45,18,4
30,20,18
19,23,18
15,23,16
63,18,0
53,15,18
16,19,31
50,14,22
62,8,40
42,18,6
61,11,32
25,23,13
30,17,26
10,17,39
20,19,29
28,16,40
27,23,3
40,17,16
33,17,23
9,19,34
4,22,22
53,16,7
36,14,42
42,18,10
24,23,8
9,18,36
0,19,33
33,16,34
30,17,29
30,17,28
38,18,14
58,10,32
36,19,5
61,13,15
5,22,23
52,10,33
38,16,20
43,19,4
21,20,29
10,17,42
59,8,41
49,17,4
3,21,27
61,13,20
11,22,24
18,21,24
43,13,30
28,16,39
61,18,1
32,21,5
34,18,18
37,19,8
5,19,37
49,13,28
21,19,30
35,20,8
42,18,8
13,23,16
58,10,36
49,14,23
39,19,3
1,18,40
60,16,7
43,14,27
35,16,31
53,14,22
55,14,18
16,22,20
39,14,31
42,15,24
62,16,7
32,21,13
37,19,16
11,17,37
22,20,28
20,23,14
59,10,32
6,20,31
54,18,2
42,19,4
55,15,9
43,15,25
12,18,32
7,18,42
7,22,25
50,14,23
48,14,22
22,18,35
46,12,34
10,23,19
38,17,20
49,17,9
62,8,41
27,22,10
24,17,35
47,19,1
14,17,38
57,10,33
62,13,16
4,23,21
50,11,33
44,17,17
25,19,26
19,16,42
17,23,19
33,20,16
40,16,22
53,9,37
60,17,5
62,17,4
51,18,2
45,14,25
34,19,15
13,17,41
26,23,8
19,19,29
17,23,13
17,23,18
31,17,24
29,22,5
20,23,12
20,23,13
57,12,29
47,17,14
48,14,24
40,14,31
37,15,33
48,15,22
24,18,33
54,12,30
45,16,17
39,16,23
60,16,8
4,20,33
6,21,30
17,23,17
34,15,37
25,22,18
61,14,20
40,19,13
63,15,7
44,18,14
42,19,6
33,15,40
46,10,41
42,13,32
61,17,5
39,14,27
14,18,37
58,12,29
61,10,33
42,14,26
39,15,26
20,22,21
37,18,16
5,18,37
11,17,39
52,11,32
8,18,41
48,10,42
29,22,13
13,18,33
49,19,0
61,13,23
45,17,10
43,19,2
57,17,5
62,17,3
51,10,38
8,18,35
55,16,6
26,23,12
1,23,19
28,23,2
15,23,19
48,11,34
63,13,18
12,22,23
21,18,34
38,19,2
58,16,6
21,20,24
41,12,41
36,14,38
62,11,30
18,20,28
16,23,18
17,17,36
30,21,14
20,22,22
36,20,4
0,21,29
34,16,28
42,12,37
26,22,17
29,17,26
43,14,24
41,19,4
52,14,23
8,20,29
43,12,38
45,14,27
23,22,20
44,19,3
28,18,30
20,18,32
50,15,19
25,21,18
43,18,6
31,17,31
45,12,35
60,18,0
51,11,31
14,22,23
36,19,11
49,13,24
45,10,41
39,16,22
58,13,24
0,22,22
33,20,7
1,21,30
10,20,29
4,19,34
32,20,14
55,16,5
48,16,11
10,18,39
48,10,36
51,15,15
30,17,24
59,12,27
54,15,13
61,13,17
23,23,12
57,10,35
43,12,37
19,18,33
25,23,15
43,11,40
54,10,32
53,11,30
62,10,35
61,13,18
48,16,16
17,23,14
41,18,7
6,19,34
26,20,22
37,15,25
17,18,37
59,10,36
30,16,38
23,23,15
11,23,16
50,14,21
44,13,29
24,19,25
35,20,9
35,15,33
34,15,38
49,17,7
13,23,21
51,12,29
44,10,42
28,22,3
55,11,33
42,12,36
56,9,38
46,11,37
34,16,23
30,17,32
47,17,9
31,21,13
32,21,8
47,18,7
36,20,1
63,16,3
54,16,9
11,18,36
5,23,21
47,12,33
53,9,42
63,15,9
18,22,22
44,12,37
38,16,23
59,14,20
49,12,32
20,23,16
2,18,39
33,19,16
38,17,17
29,18,27
30,21,1
11,17,41
55,17,5
45,18,7
48,10,37
51,10,35
60,13,19
12,23,20
44,18,8
58,9,37
23,21,19
36,15,32
51,12,27
10,19,34
30,20,17
25,16,39
15,18,33
12,18,34
1,22,25
49,10,35
55,13,26
53,12,29
38,15,24
49,16,14
35,19,15
21,18,33
33,20,5
13,17,37
13,23,20
53,15,14
45,13,27
47,13,28
47,14,22
62,16,8
63,9,35
26,21,18
17,18,32
10,21,26
52,18,2
28,17,32
9,18,37
21,20,23
26,17,38
3,22,25
45,12,30
60,14,16
26,18,26
47,13,27
52,15,20
40,12,39
53,11,33
46,11,39
58,15,13
16,23,15
37,19,10
12,17,41
25,20,22
54,14,16
62,9,35
42,19,0
47,16,14
31,17,35
47,11,34
54,16,5
25,18,28
58,9,38
51,14,21
37,16,22
27,16,42
57,9,38
37,15,26
8,18,38
19,20,27
48,10,38
6,19,37
7,21,30
18,18,32
62,13,25
26,16,42
23,22,18
51,9,38
20,20,26
13,22,25
38,19,0
59,14,16
30,16,39
26,19,24
46,17,11
62,14,12
41,12,42
56,9,40
19,23,13
28,18,33
44,14,25
42,18,15
31,20,18
52,13,23
33,15,41
40,19,2
16,21,23
60,17,2
43,16,19
43,18,15
24,19,29
43,12,34
33,20,4
61,11,31
53,12,30
40,13,34
9,17,41
20,21,25
16,20,26
62,13,22
8,18,39
57,10,32
53,9,40
50,11,32
49,10,36
61,17,3
61,9,36
30,17,39
31,21,8
5,21,29
47,17,12
48,16,14
18,23,15
16,23,16
30,18,23
28,18,27
61,13,26
48,15,19
32,16,38
61,11,30
11,23,15
20,22,18
49,13,25
41,13,34
55,19,0
35,16,25
27,16,41
33,20,1
13,18,37
37,16,26
23,20,25
10,19,33
7,19,34
32,18,20
36,17,21
41,15,21
44,18,9
12,23,19
10,18,36
46,14,25
34,19,14
39,19,2
56,14,21
62,16,3
11,17,42
53,12,28
16,22,22
33,16,40
29,19,21
32,17,25
33,15,38
56,15,15
7,23,14
27,17,33
57,16,5
22,21,22
38,17,18
25,17,35
4,22,27
54,12,29
52,17,9
29,17,30
49,16,13
23,16,41
21,16,41
40,15,27
55,14,16
14,22,22
8,19,32
3,23,18
49,17,8
30,22,13
0,20,30
40,17,18
33,19,19
41,18,12
55,15,14
14,20,28
21,18,32
5,18,40
34,14,41
43,16,20
13,18,35
60,16,5
37,15,28
63,13,25
27,20,20
26,16,40
33,21,5
37,14,41
15,19,32
52,17,2
9,23,20
39,13,36
50,11,31
48,10,41
36,14,39
24,23,14
31,17,27
14,20,26
48,11,38
55,11,32
42,19,1
59,10,33
62,10,32
30,21,6
4,23,18
58,13,27
52,16,7
30,22,9
47,16,13
32,21,14
41,18,14
14,23,14
6,19,33
49,12,30
14,20,27
39,14,32
49,11,34
60,8,42
16,21,24
60,14,14
60,16,9
56,9,42
21,23,17
15,17,41
49,14,22
41,19,3
32,20,17
10,23,15
53,16,9
26,19,22
26,21,17
7,22,22
52,16,10
24,20,24
39,19,1
58,10,34
3,18,39
38,15,30
62,13,14
60,14,20
31,17,26
30,22,7
62,14,21
60,13,25
48,16,12
27,18,32
8,22,27
46,18,8
49,9,40
34,20,15
43,12,31
26,17,35
43,13,32
12,23,16
44,15,21
28,18,24
16,22,23
52,16,6
32,20,9
32,16,26
48,18,3
47,11,40
23,18,32
55,9,41
15,21,24
49,12,28
11,21,27
45,17,13
53,8,42
47,12,31
38,19,11
28,22,10
6,22,22
33,15,42
50,18,2
26,23,9
11,23,18
9,21,27
45,12,36
31,17,28
35,17,19
55,10,34
12,20,29
58,14,13
6,23,16
20,21,22
34,16,24
35,14,40
47,18,2
60,12,27
16,17,39
55,14,15
35,19,14
8,17,42
18,22,23
29,21,14
36,16,21
33,20,2
53,15,20
29,17,37
3,18,42
52,10,36
52,11,30
38,20,0
35,16,22
0,19,36
55,15,8
28,18,26
39,14,38
26,22,13
35,17,22
31,15,42
45,14,24
29,22,11
13,18,36
18,17,37
60,9,38
39,19,9
30,22,6
44,18,12
13,18,32
21,20,27
39,14,37
54,13,25
36,15,37
57,17,4
9,18,38
21,17,39
59,14,18
37,17,19
56,14,19
30,17,38
32,16,40
59,13,24
43,12,35
6,23,18
53,10,35
22,20,23
46,12,31
41,18,15
49,16,12
27,23,9
59,17,3
10,22,26
28,21,18
58,17,3
38,14,38
42,18,5
28,22,15
59,10,35
37,16,24
31,20,17
21,19,28
29,22,1
59,18,0
48,17,3
53,16,4
15,17,39
15,22,20
56,18,0
46,17,13
29,16,41
54,10,33
46,13,28
58,14,18
44,17,16
18,19,31
36,16,23
24,20,21
22,19,26
43,11,42
61,17,4
34,17,20
56,9,39
34,15,36
36,15,35
25,23,12
46,16,18
27,17,40
55,9,42
55,9,39
47,11,37
30,22,5
18,19,32
18,23,17
8,22,21
58,14,17
51,11,30
19,17,40
40,19,7
4,22,26
36,15,29
48,14,25
37,17,18
49,11,35
45,10,42
61,14,16
37,15,36
40,14,34
35,20,0
46,15,23
30,17,30
8,22,20
51,16,16
36,16,30
29,18,22
8,23,18
57,16,6
54,15,14
14,23,16
1,19,33
46,16,19
26,17,36
59,11,33
33,20,10
59,13,18
58,14,22
58,15,9
48,9,42
18,21,23
30,22,10
42,16,20
20,22,17
55,11,31
32,21,11
60,12,29
53,10,37
6,21,28
40,13,35
56,14,16
47,18,3
54,11,31
35,16,23
50,15,20
30,17,35
17,20,26
36,19,12
58,17,4
45,11,40
2,22,25
4,21,28
33,17,22
58,11,30
27,17,39
49,9,42
50,18,1
16,21,25
39,13,37
0,20,32
56,10,34
56,11,32
30,21,17
3,22,22
41,13,31
14,17,41
32,16,32
32,21,0
33,21,4
45,12,37
10,18,40
14,22,25
48,13,30
37,13,40
61,14,14
46,18,2
31,21,14
32,21,7
8,18,37
33,18,21
12,22,26
22,22,20
33,21,2
57,14,23
60,14,17
23,19,26
36,19,8
36,20,6
48,17,8
24,16,40
63,8,38
37,19,11
16,18,35
50,17,11
21,20,25
59,14,23
50,10,37
62,16,6
12,17,42
5,19,36
33,20,3
32,21,4
6,21,29
63,16,7
1,21,28
23,17,39
25,18,30
48,12,29
34,19,17
58,16,8
39,14,35
37,20,0
29,17,31
37,15,29
19,22,22
62,17,1
33,20,12
56,15,12
29,17,34
35,20,11
54,15,16
52,13,24
12,23,15
45,13,30
35,15,32
29,19,23
42,17,16
28,18,29
43,15,21
43,13,34
41,13,33
61,14,12
23,17,36
28,22,1
9,22,24
31,21,1
23,20,23
56,9,36
57,12,30
23,23,10
23,19,27
31,21,9
3,21,29
57,12,27
20,19,31
21,20,28
38,19,15
2,19,38
45,16,19
31,17,32
48,15,21
25,22,17
38,15,23
22,22,17
48,17,6
11,22,25
22,19,29
56,15,9
49,17,6
43,14,29
49,15,21
59,12,28
26,22,16
50,15,21
43,12,39
1,20,31
36,20,12
42,18,12
43,18,13
35,15,31
63,13,22
30,21,4
28,20,18
33,18,19
10,17,40
46,16,17
28,22,14
17,21,25
7,21,29
2,22,26
12,21,28
37,19,12
2,21,26
8,20,31
19,21,22
29,19,20
17,19,32
0,19,35
16,17,38
11,19,31
57,15,13
20,16,42
36,20,9
57,9,39
48,16,17
51,11,32
59,8,42
2,18,42
55,18,2
3,22,24
58,12,28
57,9,37
41,16,19
51,10,34
59,14,14
48,17,10
58,13,23
36,20,8
7,22,21
30,21,11
37,19,3
33,16,25
25,19,24
22,23,12
28,17,27
63,12,28
43,11,41
43,15,23
38,14,40
27,17,38
9,21,28
23,22,17
8,22,22
27,23,8
24,16,42
32,16,39
8,22,24
6,23,21
20,23,15
29,17,35
8,23,20
10,19,32
11,21,26
22,23,13
9,19,35
19,19,31
0,20,29
8,23,16
48,19,0
38,13,42
29,17,29
43,18,8
52,9,40
48,15,20
1,18,38
53,17,3
38,14,34
49,13,27
11,22,26
3,19,35
53,13,27
35,16,27
16,17,42
63,14,14
10,18,35
54,14,19
21,18,35
54,14,18
2,19,36
18,17,42
58,16,9
31,16,36
18,20,27
2,21,25
40,18,11
31,21,0
40,19,4
49,10,41
32,17,31
43,14,25
62,15,12
54,15,9
32,17,29
27,22,7
16,19,32
56,12,28
24,18,29
46,18,4
13,23,15
41,13,35
50,10,36
33,20,6
4,23,20
30,16,41
26,17,37
8,21,28
45,19,1
36,16,22
26,18,25
8,21,27
27,20,19
5,23,20
19,17,36
4,21,30
9,22,27
34,15,41
57,14,20
38,14,36
30,20,20
3,20,33
61,15,9
62,11,32
55,9,40
24,19,30
56,10,35
17,21,26
54,11,30
41,17,17
52,15,16
48,13,27
26,19,23
56,13,24
53,16,11
8,18,40
46,18,5
39,17,17
0,19,34
60,14,15
46,18,0
26,22,11
35,16,32
43,18,12
14,17,40
60,8,38
14,21,27
25,20,20
32,17,35
19,20,26
44,12,38
55,14,22
41,11,42
41,12,40
54,10,34
26,20,20
56,19,0
12,23,21
58,10,35
18,18,34
37,14,37
14,21,26
27,18,26
34,20,2
63,17,3
0,23,20
21,17,38
5,20,32
38,14,28
41,16,22
32,21,3
19,22,19
28,17,38
1,23,21
35,17,21
59,19,1
4,19,36
9,18,39
16,16,42
35,15,27
49,15,18
51,14,23
5,22,21
55,17,4
40,14,35
34,16,25
40,18,8
38,14,30
42,17,19
38,15,34
6,23,17
37,19,4
4,22,23
37,19,15
49,15,19
28,19,22
22,19,30
40,18,13
6,22,23
47,15,20
40,13,38
41,14,32
60,16,6
46,16,16
24,23,11
39,18,14
56,15,14
35,20,4
36,18,18
21,22,19
28,22,13
63,8,39
19,18,35
21,16,40
32,20,16
47,18,1
52,15,14
11,23,20
63,10,35
61,11,33
17,20,25
29,18,24
21,17,35
43,17,17
34,16,30
42,13,36
32,17,30
31,20,14
10,23,21
4,20,31
54,11,29
35,20,7
57,17,6
61,12,27
63,10,32
47,11,36
27,23,4
6,18,38
60,14,12
58,8,41
7,21,27
38,19,10
59,18,1
54,17,3
39,13,38
48,18,6
52,13,27
3,21,26
39,19,7
61,10,34
51,17,4
4,21,29
1,18,41
49,12,29
7,21,28
15,18,36
63,13,16
31,21,4
30,19,20
15,17,40
24,19,24
32,19,19
0,21,30
51,14,24
58,14,19
10,20,30
25,17,38
11,19,32
22,17,36
37,19,7
3,18,41
46,13,25
53,9,41
57,18,1
19,18,36
28,22,9
37,15,32
9,17,42
9,23,17
6,22,24
23,20,26
46,17,8
18,17,38
28,23,6
24,22,19
37,19,2
55,9,37
36,19,15
32,21,9
55,10,35
55,18,3
62,16,5
26,18,32
53,15,19
47,12,29
17,20,27
53,18,0
57,18,0
50,13,28
2,23,21
59,18,2
35,16,26
33,21,1
48,13,25
25,18,25
21,23,14
41,12,37
13,22,23
14,23,20
45,12,32
60,10,35
63,17,1
6,19,35
30,17,33
7,22,24
36,20,3
25,19,23
7,23,15
40,18,7
39,19,14
32,17,27
1,19,38
49,12,31
38,19,8
44,17,11
22,21,21
41,16,21
50,12,31
43,19,3
55,9,38
63,9,37
29,20,17
37,18,15
40,14,27
48,11,35
29,22,0
18,20,26
56,14,14
30,21,10
0,19,37
49,18,5
45,13,31
13,20,27
9,20,30
49,17,11
12,21,26
21,19,31
59,14,13
63,17,2
0,18,42
63,12,26
48,13,24
4,19,35
52,13,26
40,13,29
22,23,16
47,19,0
54,10,37
44,18,4
9,17,40
26,16,39
31,17,38
40,18,16
18,22,21
60,15,9
59,14,15
24,19,23
58,9,41
58,14,12
41,18,13
8,23,21
42,11,42
5,22,25
23,23,16
43,13,31
51,16,4
1,18,42
51,10,39
15,20,29
32,15,42
54,17,4
55,12,26
48,11,32
15,23,18
36,17,18
19,17,38
25,21,19
60,15,13
23,22,15
46,10,40
31,18,22
32,17,28
27,19,24
34,16,34
31,19,21
48,16,19
46,16,11
52,9,41
25,21,20
0,22,25
59,16,7
63,14,11
38,15,33
7,20,33
46,14,23
7,18,39
54,18,0
54,9,39
56,14,13
51,12,30
35,20,6
54,11,28
31,21,2
57,14,22
63,11,31
15,23,17
36,15,27
38,15,28
12,19,33
34,20,5
56,17,4
63,13,21
39,19,5
61,17,2
45,17,15
38,15,26
26,18,33
40,13,40
36,19,10
5,18,41
31,16,39
10,23,20
61,15,8
37,14,34
41,14,28
33,20,9
26,19,21
26,23,2
12,22,24
20,22,19
23,20,21
56,10,32
33,20,17
28,22,5
0,20,31
31,21,16
54,15,10
22,20,22
48,18,5
54,14,20
37,18,17
56,14,20
11,23,21
56,16,8
9,23,19
52,16,13
56,15,10
18,19,29
22,18,33
24,23,13
24,22,15
38,19,1
24,17,38
15,17,38
17,21,24
19,23,12
40,13,37
31,16,41
12,21,27
32,21,10
25,17,36
12,22,21
28,18,23
51,13,26
57,18,3
63,18,1
28,22,8
58,9,40
63,16,6
52,17,6
46,18,1
37,19,13
62,16,4
56,14,18
59,16,5
33,20,15
23,16,39
42,13,31
35,14,41
46,11,33
20,21,21
58,11,31
24,21,18
48,18,0
50,15,14
5,22,24
28,21,16
54,12,27
3,18,40
48,11,33
38,19,3
63,11,32
37,14,29
54,16,8
39,18,15
52,15,13
15,20,26
50,19,0
21,21,23
16,19,30
30,21,13
56,18,2
27,17,34
17,21,23
23,23,13
50,10,35
3,20,32
14,21,25
36,19,14
46,17,14
38,19,4
46,18,3
0,18,41
57,16,7
40,15,26
13,22,22
44,18,13
9,23,18
48,16,15
7,23,18
47,13,30
57,11,32
59,9,36
1,21,29
4,21,27
49,18,1
17,22,20
27,21,18
11,21,28
40,13,33
44,12,34
33,18,20
61,9,38
13,21,27
58,19,1
24,18,27
32,17,23
26,16,41
41,14,29
63,13,23
35,16,30
42,12,35
37,16,20
18,23,12
56,11,30
1,23,18
44,15,24
62,18,1
63,16,4
50,9,40
40,17,19
22,19,31
2,18,38
53,14,24
38,14,39
62,18,0
0,22,21
24,18,35
2,19,35
31,19,20
57,14,19
19,17,42
45,15,21
20,20,24
23,19,31
1,19,34
32,21,6
40,14,33
15,23,14
23,23,9
15,19,31
43,14,26
56,16,6
30,16,40
50,16,12
54,9,37
17,19,30
30,18,25
54,9,41
60,10,36
44,17,12
61,16,6
43,15,24
44,14,23
36,20,13
37,20,5
25,22,16
26,22,15
1,18,39
37,14,38
52,10,37
18,22,20
7,17,42
27,22,15
30,17,36
36,17,19
54,10,36
48,19,1
25,18,29
7,23,19
4,19,38
53,15,11
0,20,33
29,22,4
30,22,0
10,21,27
5,19,34
10,22,27
40,18,9
60,11,32
59,15,9
39,14,29
43,18,5
14,19,30
59,13,25
60,18,3
56,10,33
32,15,40
53,18,1
40,15,22
28,17,30
53,9,39
10,21,28
51,17,6
52,17,5
55,13,24
18,19,30
2,19,33
22,18,34
53,15,13
31,17,30
12,18,35
25,23,14
43,18,11
43,12,36
42,11,39
61,16,5
43,15,20
27,21,15
43,18,9
42,11,41
24,23,10
51,18,1
47,18,6
17,17,40
7,20,31
26,17,39
22,19,28
14,23,21
5,21,28
1,22,22
37,15,27
51,17,5
27,22,14
51,14,22
11,22,23
36,14,37
2,22,21
39,19,4
17,18,35
33,17,24
35,15,29
53,12,26
29,17,36
43,12,33
51,13,27
31,21,15
12,16,42
26,22,14
16,18,33
62,17,2
51,15,13
53,17,1
52,12,27
38,14,32
30,15,41
47,17,13
24,22,17
3,21,28
56,16,9
0,22,23
9,22,23
58,15,11
7,18,37
9,20,32
34,15,35
44,14,24
42,13,34
43,13,28
51,15,17
31,18,24
36,19,17
50,17,6
62,14,20
39,15,28
39,18,13
27,20,21
52,14,20
49,16,15
37,20,1
61,8,40
51,10,37
11,18,33
42,12,39
26,18,24
27,21,16
15,19,30
33,16,37
61,8,42
10,22,21
59,17,4
63,16,5
25,17,34
27,23,7
42,15,25
55,9,36
28,22,6
59,16,6
7,18,41
36,16,24
35,19,13
26,20,21
17,20,28
50,17,9
26,23,7
5,21,27
53,10,38
47,10,42
62,14,14
36,14,41
40,19,3
41,19,2
27,16,39
27,18,25
26,18,30
20,23,17
23,19,30
45,15,20
18,18,33
27,18,27
38,19,7
50,9,42
44,12,33
6,20,30
48,18,7
60,18,2
2,19,34
14,18,35
51,17,7
62,12,28
34,16,33
21,21,22
56,18,3
48,14,23
39,17,19
48,12,31
46,17,16
59,8,40
60,13,27
41,17,18
38,13,39
19,18,34
27,18,34
20,23,18
28,22,4
39,15,27
38,20,2
5,19,38
42,14,27
53,14,20
39,19,8
16,18,31
25,23,10
62,13,27
55,15,13
7,19,35
32,18,23
48,12,30
16,20,25
20,20,27
39,16,20
37,20,4
43,13,29
52,16,5
30,22,1
39,15,25
33,16,35
22,22,18
21,21,24
31,17,33
8,22,23
1,22,23
49,15,17
43,13,35
53,18,2
41,19,1
32,17,24
37,16,23
19,19,30
39,19,13
36,15,34
6,18,40
51,9,40
46,14,24
34,20,7
11,17,40
30,21,15
5,22,26
49,10,39
19,20,29
28,19,21
63,15,11
43,15,22
17,17,41
17,17,39
48,18,4
3,23,20
25,18,34
10,17,41
60,9,39
0,18,39
19,22,21
1,20,32
18,23,19
45,17,17
40,15,24
63,8,40
45,19,0
16,19,28
39,19,6
30,20,16
49,14,24
62,13,18
21,19,32
56,18,1
15,21,26
19,18,32
4,18,38
1,19,37
23,18,34
39,19,12
41,11,41
17,22,23
28,20,17
25,19,27
33,14,42
58,10,33
16,18,32
36,15,30
36,18,17
61,17,1
40,12,40
60,12,30
58,17,5
3,22,21
32,16,33
53,17,4
17,17,38
61,9,37
18,23,16
17,18,34
26,23,6
26,18,34
52,15,18
39,15,24
22,19,27
13,23,14
27,18,24
32,16,37
40,14,29
35,17,23
22,23,10
49,17,10
41,19,0
44,17,13
23,18,31
23,17,37
23,19,29
8,23,17
33,16,29
50,11,35
32,16,36
34,16,32
8,23,15
32,17,32
12,17,40
35,20,2
34,17,22
38,13,41
56,13,23
57,14,17
36,15,26
52,16,4
57,13,26
22,21,20
47,15,22
30,15,42
52,16,11
8,18,42
57,14,18
28,18,25
61,10,36
37,17,21
60,14,18
15,17,36
29,17,28
47,18,8
61,13,16
16,18,34
16,23,13
42,15,22
61,16,8
57,10,36
47,14,25
24,20,23
27,18,31
19,17,37
37,19,14
12,18,33
42,19,3
29,21,16
47,13,29
40,14,32
27,22,11
34,20,13
28,18,32
15,22,21
27,17,37
36,15,31
38,16,21
26,23,10
61,12,30
44,18,2
37,15,30
46,11,40
59,15,10
60,11,31
58,14,21
44,18,6
60,15,11
27,22,13
33,16,38
10,20,31
21,17,40
47,11,35
41,19,5
38,18,15
57,17,3
35,20,14
62,12,30
45,13,28
18,17,39
61,16,9
32,20,11
44,15,20
6,21,31
46,12,36
31,22,2
36,15,39
31,17,23
40,19,8
31,21,12
26,23,0
46,12,32
18,22,18
25,19,22
57,15,12
8,19,33
48,10,35
51,17,8
33,16,39
35,19,16
55,12,28
58,15,10
4,18,40
34,19,16
45,17,16
47,17,15
0,23,19
5,20,31
34,20,0
35,15,35
28,20,19
35,18,19
63,12,27
29,22,12
57,12,26
33,20,14
22,16,42
2,18,40
28,16,41
53,10,33
38,13,38
44,16,20
0,22,24
51,13,23
31,21,7
51,13,25
36,14,36
23,16,42
13,19,32
28,19,23
28,23,3
17,18,31
13,21,28
31,19,18
34,15,42
11,19,33
39,13,41
35,18,20
45,11,39
21,23,12
47,17,10
51,15,18
38,14,31
54,9,40
45,16,18
27,19,21
38,16,24
52,12,30
62,9,37
50,17,10
33,20,11
60,13,26
41,13,37
10,18,34
46,11,38
7,23,20
13,21,26
29,18,23
61,14,17
34,17,21
23,22,19
63,13,19
28,22,7
15,22,22
61,8,39
60,15,12
62,13,26
52,15,21
17,22,22
58,19,0
29,22,8
51,17,2
46,12,33
63,13,20
50,14,24
0,21,28
31,21,11
33,16,26
45,17,14
46,10,42
56,12,26
61,8,41
45,18,9
14,19,32
62,11,33
63,13,14
45,15,23
48,14,21
44,19,0
51,9,42
55,16,8
28,22,11
17,19,28
63,8,36
7,23,21
