21,14,7
17,16,18
11,4,62
22,16,21
62,12,20
34,5,49
12,14,41
57,0,47
11,12,47
18,0,63
42,13,3
23,14,31
45,8,39
61,14,8
51,10,30
52,2,43
47,13,4
56,9,29
61,13,5
18,15,17
43,15,21
50,14,23
4,17,25
38,4,48
9,15,38
0,14,48
33,8,44
61,13,4
41,15,20
13,15,8
51,14,6
29,10,39
29,15,20
58,14,17
43,14,12
19,14,35
14,16,23
57,2,40
37,9,0
32,12,34
57,14,10
37,12,32
4,17,26
10,15,0
31,12,36
15,10,48
3,14,47
27,15,20
47,14,5
35,15,26
17,6,54
9,16,15
39,7,42
4,16,17
0,11,54
30,5,49
13,5,57
1,17,20
29,15,29
32,12,7
0,16,15
15,15,34
22,14,8
56,8,32
3,12,50
9,6,58
27,8,47
49,6,40
40,14,12
19,7,53
42,14,23
41,0,52
63,10,26
25,16,23
50,3,44
54,5,39
49,1,46
4,17,27
36,14,12
4,15,1
0,17,37
22,15,30
14,16,19
2,8,57
18,10,44
56,11,28
54,14,0
62,4,35
12,5,59
5,17,30
29,15,14
41,11,34
38,5,47
0,9,57
22,5,55
40,5,43
4,15,0
20,13,38
42,15,20
43,12,31
26,0,60
19,8,50
47,4,44
17,16,26
63,6,33
37,1,51
38,13,8
57,0,46
38,15,16
11,16,9
11,9,52
63,2,37
45,3,45
13,14,37
35,9,40
58,5,36
61,9,28
9,11,47
24,14,5
40,14,10
24,6,52
11,6,58
58,7,32
9,16,6
30,12,2
43,15,13
34,14,28
27,10,40
28,15,19
22,9,47
4,17,30
10,16,17
35,11,36
8,16,35
3,11,52
29,5,51
37,0,53
61,7,30
13,13,41
15,16,33
55,14,7
12,13,40
52,14,5
30,8,45
15,15,6
57,4,38
4,9,56
49,0,48
59,13,0
28,3,55
13,5,58
27,0,58
25,14,4
28,5,52
49,14,8
41,14,11
17,8,52
15,16,23
21,15,18
24,10,41
39,8,40
37,15,15
39,0,55
54,10,29
42,14,9
15,8,51
59,14,17
25,13,33
37,15,23
28,1,57
19,11,42
52,3,44
14,16,33
35,7,44
51,15,11
54,11,28
2,5,62
62,5,33
18,8,49
40,12,6
7,4,62
6,15,39
25,12,36
28,7,46
61,1,38
38,13,10
2,16,44
43,13,3
11,5,60
7,9,52
27,10,43
8,7,58
33,12,1
62,13,3
51,1,44
11,15,35
57,10,28
56,14,5
24,12,37
54,10,31
58,14,18
36,11,4
51,6,39
35,0,57
54,6,36
16,12,42
12,3,61
49,15,14
41,3,47
1,16,18
47,12,29
0,16,11
38,3,49
11,15,39
46,5,41
34,12,33
11,16,14
51,14,19
0,7,59
33,6,46
38,6,44
21,16,25
2,15,3
28,10,42
0,17,21
4,6,60
14,15,13
7,16,10
53,14,9
6,17,26
16,15,13
35,14,26
3,16,10
63,13,19
43,14,22
31,15,21
8,16,10
14,15,0
52,10,32
35,12,32
28,13,3
40,15,21
20,4,58
60,14,17
20,14,35
40,2,49
14,12,42
46,12,31
14,16,16
42,10,36
33,11,3
42,6,41
55,5,37
33,10,38
2,14,1
24,2,57
42,2,48
19,16,27
58,2,40
31,13,33
3,16,12
38,15,17
28,16,25
38,10,1
61,12,23
40,8,39
6,15,2
50,14,6
14,10,48
58,1,41
21,4,56
59,14,19
6,16,22
20,10,43
24,9,46
17,15,17
12,16,16
52,3,43
22,14,6
21,16,19
3,17,23
25,16,20
4,9,54
17,9,48
47,7,39
54,1,47
20,11,42
18,16,31
24,15,18
40,8,40
11,16,20
44,15,20
34,2,54
61,8,30
17,13,39
47,1,49
12,15,4
41,11,32
39,14,13
22,14,5
22,16,27
59,13,19
24,15,14
43,15,17
8,5,61
7,13,47
0,17,36
60,9,29
36,12,33
38,11,3
54,2,44
29,14,14
33,12,8
60,6,33
43,13,26
0,16,42
25,10,44
1,7,61
32,12,3
32,15,20
56,12,23
29,13,2
9,15,39
55,13,21
45,15,10
61,0,43
28,14,31
10,4,60
19,16,26
42,15,21
17,4,57
42,13,5
2,14,46
8,14,42
32,0,58
50,14,4
58,14,19
11,6,56
36,15,17
25,14,1
44,12,0
29,2,54
14,16,20
10,16,15
17,16,22
2,9,57
46,7,38
19,9,47
14,15,11
36,5,47
19,15,9
44,14,6
11,15,15
21,15,2
44,14,9
42,15,12
34,4,48
53,10,32
63,9,27
42,11,32
61,3,38
6,10,53
27,16,23
58,1,40
6,17,34
16,4,57
61,13,1
60,7,32
46,15,15
42,15,13
61,1,39
44,13,4
17,15,18
41,15,23
9,3,62
41,12,1
11,13,42
13,16,17
28,16,24
24,14,12
50,14,22
16,15,15
21,16,24
0,10,54
60,14,8
38,0,54
11,15,5
31,12,3
29,13,0
23,15,15
27,4,55
4,16,16
59,1,42
51,15,17
58,14,6
7,9,54
13,11,47
12,16,23
10,11,49
40,14,14
51,9,34
41,2,49
17,15,12
25,13,7
22,7,52
9,13,42
8,10,50
22,14,0
47,10,33
33,7,46
2,17,21
25,14,30
57,14,14
49,9,33
46,3,46
5,14,44
12,15,37
34,14,29
0,17,30
41,15,22
4,16,41
36,15,23
57,4,39
53,2,44
35,6,46
32,15,26
48,4,42
6,16,14
36,4,49
24,16,23
13,14,39
20,3,59
36,0,54
23,6,52
45,0,50
4,17,29
5,5,62
4,7,59
45,11,31
25,13,11
7,16,9
26,7,47
20,5,56
5,16,18
50,15,17
35,10,39
26,8,46
9,12,46
38,10,0
25,14,0
43,1,47
36,13,31
21,13,37
3,17,39
19,15,13
11,7,56
12,16,33
57,1,43
9,16,8
58,14,5
14,16,29
48,14,4
4,14,46
33,13,32
21,14,32
24,5,52
32,8,43
52,0,48
26,13,32
0,17,17
32,5,48
51,15,10
22,9,46
47,5,42
26,13,9
21,3,59
6,9,54
61,12,2
28,13,10
26,14,32
1,9,57
58,11,26
4,16,22
63,6,31
13,3,60
38,12,34
38,15,19
39,3,48
1,13,51
30,13,33
5,16,37
16,16,31
15,16,24
6,11,50
53,14,0
21,5,55
46,12,30
39,12,2
31,3,52
58,14,4
33,8,42
36,10,36
33,15,15
59,10,27
11,15,37
27,11,39
14,3,61
32,14,11
44,10,36
15,15,12
25,11,41
19,1,62
16,11,45
61,13,20
59,9,28
29,13,5
22,7,49
13,15,0
30,13,3
33,0,56
28,0,58
43,15,19
0,14,47
63,11,0
49,14,6
0,12,52
5,16,4
30,13,8
36,10,0
46,5,43
51,14,7
47,15,11
11,15,4
7,11,50
15,14,36
8,17,28
0,15,46
7,9,55
44,14,7
57,14,1
38,0,51
25,5,51
35,5,48
53,6,36
47,15,16
52,4,40
61,8,31
20,2,61
25,11,38
60,2,40
46,15,13
60,4,35
16,2,60
31,16,24
10,17,30
44,10,34
38,12,4
62,11,25
34,10,3
54,15,13
59,4,37
54,8,34
51,15,16
54,3,41
26,14,13
7,15,3
19,16,21
24,14,2
20,7,51
49,9,34
38,5,46
39,14,9
35,10,0
48,6,41
38,1,51
36,12,34
4,17,35
7,17,24
19,15,33
31,10,41
37,10,36
21,10,45
56,14,3
3,17,32
60,10,27
49,15,13
52,7,36
28,7,48
18,7,52
17,3,60
24,14,14
28,11,39
51,10,31
10,14,42
17,8,51
26,11,37
30,13,4
57,14,20
57,12,22
14,6,56
48,10,34
27,13,7
63,5,32
61,13,18
42,13,30
17,15,1
12,11,47
31,5,50
3,11,51
35,15,18
49,15,19
54,14,5
11,12,45
32,10,40
34,14,13
35,14,11
38,12,5
17,15,32
27,15,18
41,12,30
22,4,56
33,12,2
22,11,40
43,0,51
27,15,28
11,16,10
42,3,47
3,7,60
17,15,16
58,6,34
59,13,20
0,17,28
6,8,56
36,13,7
15,13,40
31,13,9
40,11,2
49,15,10
49,13,24
12,17,27
19,15,17
40,15,18
63,7,31
6,7,57
27,14,13
33,13,31
52,4,42
1,8,58
42,8,39
26,15,28
26,5,53
2,17,30
32,1,55
63,0,41
23,11,40
42,4,45
24,13,10
44,15,19
21,13,36
12,16,19
12,10,49
14,15,34
19,2,60
8,16,22
41,12,31
40,13,7
48,6,40
5,15,3
5,13,46
53,1,44
26,7,49
54,14,1
26,15,26
43,0,50
31,11,37
36,11,35
20,1,62
42,9,36
5,16,20
38,2,49
29,12,34
39,14,23
5,16,40
32,2,53
43,10,35
0,17,18
9,15,0
7,17,35
20,16,24
21,6,52
50,15,8
5,13,49
13,15,36
2,15,6
40,13,9
53,10,31
54,14,14
57,5,37
29,12,6
52,14,18
54,13,23
23,15,27
46,9,37
8,13,44
10,13,45
40,1,51
30,0,56
20,0,62
27,5,53
48,14,9
21,14,5
31,15,28
6,6,58
26,15,18
27,16,25
32,0,55
17,16,17
35,4,48
29,3,55
1,18,35
46,14,9
35,4,50
61,2,38
18,15,34
35,8,40
54,7,35
24,13,36
5,8,55
26,10,41
24,11,38
31,8,43
52,12,27
62,8,29
2,6,61
21,16,23
13,9,50
11,16,16
26,14,2
60,13,20
39,6,42
11,17,24
32,15,27
63,14,18
46,15,19
7,10,52
40,13,6
18,10,47
23,8,49
27,15,29
60,12,21
10,3,62
26,13,6
30,12,6
25,3,56
0,7,60
51,3,44
51,11,30
13,16,31
32,12,2
20,15,16
31,15,25
16,16,17
18,6,54
39,15,20
27,12,37
0,12,53
60,14,6
62,14,13
54,1,46
35,13,7
9,7,55
33,15,14
58,13,1
34,13,9
13,16,21
10,17,23
14,12,44
39,11,2
32,6,47
2,16,6
19,13,36
31,13,10
33,15,19
9,17,30
35,13,33
31,2,54
15,15,0
23,12,37
36,4,47
5,16,8
52,15,17
41,14,26
5,16,5
32,11,6
33,13,10
3,16,14
35,10,38
45,8,37
60,0,44
23,2,60
56,13,0
11,7,55
17,11,45
60,5,36
39,0,53
58,12,25
52,14,20
22,16,26
8,8,56
45,14,8
31,4,52
61,12,1
3,8,58
13,15,15
45,9,37
47,0,49
40,15,19
28,12,37
37,15,21
14,5,57
0,17,25
50,1,47
1,15,46
50,5,41
26,13,10
9,11,48
4,7,58
10,12,45
30,15,24
28,15,17
45,0,51
22,12,38
9,14,42
9,16,22
41,12,32
27,16,21
61,14,18
23,6,53
10,16,18
13,17,29
37,15,25
27,15,17
5,17,24
35,13,32
49,9,35
13,3,61
17,5,56
28,12,8
5,16,12
26,8,45
9,16,12
63,14,7
9,17,31
34,14,30
18,6,55
43,4,45
23,8,48
26,0,62
11,16,8
39,1,51
31,16,23
26,16,20
5,5,61
25,16,27
29,11,36
38,15,25
63,12,0
23,16,21
16,15,0
43,13,5
23,15,29
44,15,12
25,4,53
39,4,45
7,14,41
23,8,46
41,1,48
31,16,25
33,8,41
20,15,8
30,10,38
24,14,1
10,16,9
30,3,54
46,2,46
7,16,23
29,12,36
20,6,53
15,8,52
63,14,17
43,12,2
1,16,40
44,9,36
3,15,43
31,8,42
57,11,27
53,14,8
25,13,9
33,9,42
62,7,31
38,14,25
19,12,40
58,14,8
30,15,28
46,10,34
25,4,55
31,3,51
7,6,58
13,12,43
41,11,0
14,13,41
26,9,43
50,13,25
20,3,58
19,12,39
63,14,8
13,8,53
3,16,17
26,14,0
26,13,7
27,11,38
26,13,1
14,17,30
63,13,4
18,8,51
53,14,22
25,13,6
19,14,11
7,15,0
45,6,42
7,16,38
63,14,13
0,6,61
2,17,31
27,15,15
4,16,18
31,3,53
48,14,19
2,16,11
4,17,24
13,11,45
26,6,51
55,6,36
37,12,7
10,16,11
30,4,51
2,15,2
40,12,4
28,8,45
7,17,26
60,13,5
52,0,49
32,13,8
10,13,43
52,9,33
59,7,32
24,13,8
36,14,28
40,11,1
32,14,13
9,16,20
63,12,3
3,15,5
34,15,24
18,4,59
25,14,2
63,14,11
24,7,49
1,17,24
53,14,1
7,16,19
40,4,46
63,14,9
27,13,3
4,14,45
10,16,13
29,15,25
35,11,5
10,16,35
51,13,0
9,12,48
22,5,53
10,15,4
23,1,61
4,9,55
58,1,43
22,11,42
32,10,38
0,16,9
42,14,24
23,2,58
60,11,26
16,10,47
24,2,59
40,10,0
59,14,10
23,4,55
1,16,15
10,6,58
48,13,24
48,14,23
23,10,41
42,4,44
23,13,9
5,7,59
51,11,29
3,11,53
59,14,15
36,15,22
26,10,40
1,16,17
59,2,39
10,15,1
2,12,51
14,4,60
46,8,37
37,13,28
49,8,36
3,16,8
50,13,23
18,11,44
40,14,26
21,14,9
37,5,45
44,9,37
27,13,1
30,7,46
53,3,42
21,15,3
8,13,46
62,5,34
41,14,8
22,15,18
43,13,4
15,2,62
43,2,46
25,12,38
44,15,11
11,2,63
42,12,1
33,10,37
21,5,56
61,14,10
35,14,30
6,16,36
16,11,42
43,14,6
4,15,6
36,9,0
3,17,30
43,14,11
25,15,17
61,14,15
36,14,11
46,4,44
2,8,58
57,14,11
46,1,48
13,10,47
52,13,26
50,13,24
0,9,56
4,17,38
51,15,18
23,7,50
1,16,42
56,0,47
5,10,53
44,10,35
19,2,61
20,6,52
33,10,40
41,8,38
44,7,40
3,17,28
26,11,38
21,14,3
29,12,35
36,10,3
37,14,26
34,13,33
25,9,45
43,5,43
20,9,47
10,7,56
10,5,60
42,11,34
46,13,29
59,14,16
35,15,23
5,17,35
55,14,1
1,16,44
30,8,44
33,0,58
17,6,53
47,13,2
58,0,45
33,15,16
14,15,33
28,10,40
28,2,57
13,7,55
63,13,20
16,10,48
32,12,1
14,2,61
8,15,39
55,14,8
26,15,15
23,11,41
62,9,26
8,16,23
4,8,58
26,3,55
12,8,53
21,14,0
19,15,5
29,4,53
5,16,39
1,17,25
0,16,41
27,14,32
39,5,45
38,7,42
9,13,45
10,16,6
20,14,7
62,11,24
45,6,40
50,1,45
11,8,54
37,8,42
42,1,50
46,13,26
29,7,48
32,6,46
16,3,59
23,13,35
6,15,1
12,13,42
11,4,60
56,14,10
16,6,56
43,11,33
34,14,27
32,15,22
37,3,49
27,9,45
6,15,3
47,4,43
29,12,9
12,14,40
45,10,33
41,14,27
31,14,30
58,8,32
28,13,33
14,16,31
29,1,57
12,17,26
56,14,8
6,17,24
35,14,13
47,1,46
45,12,29
2,6,63
24,15,30
51,10,32
56,5,36
20,14,11
60,10,28
10,11,47
59,14,12
19,15,14
54,0,46
29,13,10
29,9,43
41,7,40
25,5,53
54,1,43
17,6,56
20,8,51
60,2,38
27,16,22
55,14,4
40,6,42
0,13,0
34,6,45
2,17,27
22,15,16
2,6,60
6,9,53
8,11,51
32,5,50
25,14,7
18,9,50
15,13,42
56,0,46
44,15,16
48,14,21
28,15,25
60,13,21
49,15,15
41,14,9
48,15,8
9,4,63
41,3,46
10,8,53
10,10,51
25,15,29
0,12,51
25,4,54
51,2,45
4,15,5
49,12,29
60,12,23
36,12,35
12,15,12
49,7,37
8,16,7
55,13,22
31,7,45
0,11,53
5,17,33
4,15,4
13,16,16
29,14,12
63,14,15
17,2,60
61,13,6
27,2,57
2,10,54
24,14,0
6,17,25
46,14,20
12,3,62
49,3,44
47,13,27
41,15,17
44,15,15
2,13,49
45,15,13
32,13,33
31,12,1
26,12,36
32,0,57
32,11,3
42,5,42
48,13,2
55,12,26
23,14,9
43,6,41
10,4,61
47,10,34
24,14,9
37,14,25
36,13,10
39,13,7
55,13,20
49,2,45
36,14,14
10,16,34
19,11,43
56,7,35
25,3,57
16,14,35
31,5,48
58,7,34
1,15,7
25,5,54
19,15,8
14,15,7
1,17,35
59,6,33
55,15,15
8,12,48
5,17,25
30,15,17
30,16,21
34,11,4
12,7,54
46,11,32
25,8,48
53,15,16
5,15,4
51,13,25
34,3,52
3,15,44
24,14,30
7,16,35
31,11,38
18,15,2
16,1,62
8,16,13
58,10,29
14,16,18
21,2,59
37,2,50
34,15,25
1,12,52
1,10,54
8,4,63
63,6,32
49,14,21
10,13,42
15,15,14
15,11,43
0,17,38
43,13,30
21,15,19
22,10,43
46,12,28
6,17,33
38,13,30
48,14,3
60,1,42
28,12,34
61,11,23
53,7,35
11,16,32
52,14,6
15,15,16
16,16,18
42,12,3
28,15,18
22,8,47
41,13,27
60,14,12
23,4,56
26,15,27
55,3,40
8,15,4
58,5,37
12,8,52
18,1,61
13,15,10
5,17,23
16,15,7
44,0,50
57,14,3
38,10,37
7,17,25
39,13,6
24,0,61
30,14,14
22,15,29
17,15,13
39,5,44
44,14,21
2,10,53
30,9,44
54,4,41
49,14,3
21,9,46
54,14,17
46,11,31
40,3,47
48,13,1
12,4,59
41,15,15
43,15,14
60,0,42
59,0,44
35,0,55
24,15,15
55,14,20
58,2,41
47,14,7
37,4,49
30,4,52
26,13,3
20,12,39
23,14,5
31,12,2
60,13,1
44,1,49
3,14,1
17,16,19
17,16,20
24,9,44
46,15,12
23,16,19
37,1,53
57,14,5
3,8,56
63,9,26
14,16,28
58,0,46
22,12,40
27,1,59
19,15,12
2,8,59
26,3,57
27,4,52
9,9,54
29,10,42
61,12,3
12,16,22
49,11,31
6,14,42
27,12,34
9,17,24
22,15,31
2,16,14
57,9,30
45,15,12
28,15,15
41,4,44
46,9,36
21,15,15
17,3,59
24,14,11
56,2,42
45,15,21
59,4,36
24,16,22
20,7,53
57,12,24
63,12,20
46,6,40
15,15,7
15,15,11
12,5,57
54,6,37
6,13,45
11,16,15
43,12,0
47,11,32
7,7,58
59,9,29
56,14,19
55,10,29
18,3,58
18,16,24
59,12,24
46,13,1
22,8,49
38,14,10
7,15,39
31,12,34
49,9,36
22,6,51
7,17,31
9,17,27
10,3,63
56,9,30
9,7,57
40,15,16
60,13,2
40,11,0
14,14,39
36,13,8
46,0,50
37,10,38
8,16,20
53,15,11
43,15,20
32,14,12
54,6,38
53,4,42
38,12,31
38,14,26
12,14,38
26,11,40
4,13,47
14,3,60
45,5,41
18,14,34
14,17,28
44,14,23
0,17,16
33,11,35
43,12,30
26,2,58
58,4,37
50,15,16
26,1,58
5,15,41
50,12,29
45,11,32
2,17,39
24,7,48
43,14,26
35,8,42
14,16,17
32,6,48
57,14,19
40,4,45
41,15,13
60,0,43
17,16,24
61,8,29
19,15,7
21,16,20
25,15,20
2,17,32
56,4,38
54,3,43
38,13,28
1,6,62
8,16,21
14,15,16
19,15,32
41,12,3
50,14,19
61,3,37
39,7,41
57,11,25
55,13,24
37,15,18
38,15,21
46,13,5
23,15,14
35,15,24
43,14,10
54,13,0
0,16,14
2,16,41
41,14,24
43,3,46
27,3,54
19,7,52
33,13,33
7,17,30
62,7,30
16,11,43
5,12,48
35,2,53
34,10,39
41,12,33
18,15,30
49,15,11
44,13,3
39,14,14
30,15,18
35,5,46
44,14,8
46,13,0
46,15,9
33,7,43
35,15,27
53,11,30
11,8,52
19,4,56
44,12,32
32,16,23
17,7,51
41,1,49
32,13,9
56,3,42
16,15,4
58,13,19
38,2,51
10,16,20
32,15,17
2,17,35
0,18,32
49,14,5
27,15,19
26,16,22
36,10,38
45,14,23
24,12,38
7,17,34
20,16,28
59,13,4
11,17,25
5,11,51
0,16,13
30,3,53
31,16,22
6,16,16
30,16,26
57,13,2
37,14,27
19,16,24
46,14,6
18,15,5
32,2,55
56,6,36
29,16,20
36,8,40
15,16,29
46,12,0
43,14,7
58,6,33
1,10,56
54,14,12
43,1,50
61,8,28
30,12,9
0,16,12
0,17,22
46,6,41
2,11,54
51,1,46
42,12,30
13,12,45
34,13,10
60,14,19
0,14,3
36,15,20
8,16,18
12,7,55
37,13,30
46,5,42
30,5,50
48,1,48
52,9,32
36,7,43
2,9,55
6,16,7
15,16,20
55,14,0
12,17,30
15,15,33
6,14,44
42,13,7
23,6,51
7,9,53
33,14,12
46,15,20
33,15,26
25,13,8
26,16,23
0,15,3
31,12,4
5,13,47
38,14,24
24,14,32
45,13,27
39,15,17
62,9,27
16,16,28
14,4,59
29,13,9
42,8,38
44,2,47
0,10,56
24,15,19
0,17,24
16,16,23
38,11,35
39,13,30
9,16,34
49,11,29
40,11,33
8,9,52
31,15,15
0,18,36
30,15,20
1,14,0
41,14,25
19,14,32
9,16,18
36,11,5
56,14,1
29,13,11
36,8,42
21,6,53
1,15,4
10,17,28
33,12,33
26,0,61
24,16,20
2,16,19
23,5,53
11,9,51
11,15,13
60,5,35
2,17,29
28,14,32
56,13,1
60,14,14
37,14,12
37,6,45
3,16,15
36,15,15
55,2,42
3,6,61
22,16,25
42,6,43
39,15,23
47,15,19
34,14,14
10,14,39
21,1,60
53,12,27
21,15,30
59,12,22
42,0,50
4,16,20
56,13,22
3,7,59
29,7,47
30,13,34
58,2,39
9,11,49
54,14,8
60,14,15
42,2,47
50,0,48
0,17,29
21,16,28
21,14,8
42,3,46
21,4,55
0,16,8
5,14,43
11,17,32
29,15,16
58,10,27
39,15,13
30,15,19
11,5,59
55,5,39
8,7,56
4,13,49
55,7,34
14,11,46
9,9,53
1,11,52
61,13,19
50,7,36
43,0,49
55,11,28
4,11,53
21,15,28
11,15,14
8,8,54
3,16,6
1,16,43
29,15,18
21,8,49
20,16,26
4,16,40
23,14,2
44,15,14
10,16,7
28,14,13
5,17,29
36,13,32
16,9,48
0,18,35
53,15,10
47,9,34
3,13,48
21,7,51
3,16,13
50,10,32
54,14,19
15,16,26
24,15,20
3,15,4
43,11,34
25,15,18
3,16,39
40,9,37
21,12,37
35,15,19
1,11,54
20,15,7
60,11,24
59,13,21
59,4,38
61,1,42
42,14,13
30,12,0
17,15,35
57,5,38
34,8,41
41,13,4
38,1,50
3,17,22
32,11,4
40,0,53
45,14,11
15,5,56
23,16,25
1,17,41
55,0,48
22,14,13
21,15,4
1,14,3
7,12,46
29,6,50
31,12,33
14,9,49
43,13,2
26,9,46
32,13,31
52,14,2
7,15,2
22,0,62
38,14,12
54,8,33
34,15,20
15,15,10
31,15,22
39,9,38
20,9,48
10,7,55
13,15,6
22,15,19
14,15,35
44,12,30
16,10,46
17,6,55
39,13,8
53,15,17
49,12,28
20,10,46
41,10,36
9,17,23
32,15,28
13,11,44
28,16,23
49,2,44
59,13,1
58,14,16
12,15,13
41,2,48
17,14,34
37,15,17
47,8,36
32,12,35
32,13,11
35,10,1
15,16,27
2,17,20
56,2,41
19,9,46
19,16,19
18,11,43
57,3,41
35,0,54
36,9,38
57,8,32
15,13,41
56,14,9
44,13,26
46,2,45
24,16,25
57,10,27
15,12,42
42,12,31
9,16,21
29,15,27
53,6,37
34,12,8
13,8,51
2,12,52
20,16,25
10,9,53
13,3,62
57,13,21
9,15,40
7,16,17
52,14,9
34,2,53
8,15,3
50,10,33
1,15,3
11,17,31
34,15,14
50,9,35
15,15,15
25,16,22
27,10,42
58,8,31
47,0,50
18,13,36
21,14,10
22,16,24
61,10,26
5,16,38
14,16,30
46,13,3
27,5,50
50,7,37
32,12,5
29,5,50
26,14,31
7,16,18
32,12,6
35,11,35
22,8,48
14,4,58
39,15,21
16,15,9
27,12,8
6,9,55
16,1,63
24,1,59
61,13,2
22,14,2
49,1,47
35,15,17
63,10,24
50,15,18
56,14,2
13,10,50
29,8,44
3,16,18
22,5,54
10,15,3
12,3,63
24,14,31
53,11,27
7,5,62
60,5,34
10,16,5
35,14,28
53,13,25
8,6,59
13,8,52
18,10,45
47,12,30
9,12,45
33,15,23
10,17,24
30,14,12
31,10,38
8,13,43
35,13,29
39,11,34
30,12,4
26,14,12
30,15,21
56,7,34
18,15,11
15,16,31
10,6,56
46,14,8
22,0,63
0,16,45
23,14,30
31,6,46
28,13,11
4,17,21
30,12,1
4,16,42
30,0,57
21,10,46
13,13,39
63,4,36
40,8,41
38,14,14
5,4,63
62,14,10
14,15,36
29,13,1
0,15,47
26,14,14
39,12,33
26,10,42
5,12,49
1,17,28
27,0,61
9,15,37
30,15,16
47,12,28
25,6,51
32,14,29
28,15,26
3,15,0
11,14,39
23,15,17
36,7,44
49,6,39
63,13,5
37,13,9
45,13,4
30,6,49
24,0,63
52,12,25
59,1,41
12,9,51
3,16,19
41,13,9
5,16,10
2,16,39
54,0,47
3,16,40
32,2,54
43,14,8
6,12,47
15,10,47
38,15,20
1,8,59
27,3,55
11,17,29
51,14,3
29,14,31
51,14,21
11,15,3
45,13,1
22,14,31
57,4,37
7,16,22
48,0,49
48,15,18
24,3,56
55,14,11
24,13,34
13,15,9
61,12,22
15,15,5
30,12,8
48,13,0
16,9,49
47,11,30
2,5,63
35,12,35
20,11,41
20,16,23
51,12,26
0,17,39
19,8,49
40,14,9
63,4,35
11,8,55
15,16,25
6,5,60
40,12,33
32,9,42
58,7,33
1,13,50
52,0,47
10,17,26
12,13,41
14,10,47
63,3,35
36,15,14
13,15,34
3,8,57
17,15,6
60,4,37
28,0,60
34,0,55
23,0,61
21,1,61
54,14,11
43,9,37
29,7,46
48,5,41
15,15,2
63,7,30
16,14,36
45,0,49
52,8,35
27,1,57
40,12,3
34,13,8
32,12,8
47,14,23
7,16,21
44,4,45
58,13,0
61,4,36
2,15,45
9,4,60
27,5,52
48,15,12
14,13,42
11,16,34
33,15,20
22,16,28
48,0,48
61,14,13
23,14,10
45,6,41
32,15,25
29,15,28
21,15,13
61,12,21
63,13,3
25,2,59
6,15,42
3,9,55
40,15,17
21,16,27
36,0,53
57,14,16
36,11,37
16,10,45
15,3,60
19,4,57
7,14,43
16,5,56
35,5,47
59,13,6
15,15,17
19,4,58
23,16,28
41,6,41
3,16,21
25,12,37
57,0,44
37,7,41
33,12,0
35,3,49
49,10,31
5,10,52
45,13,3
7,17,22
41,6,42
33,4,50
37,14,28
22,2,60
39,10,36
38,6,45
22,13,34
30,2,56
28,13,5
14,15,37
5,15,0
17,14,35
62,12,23
41,0,50
5,9,54
10,17,29
52,11,29
28,2,55
11,15,38
44,11,34
3,16,41
40,14,24
57,13,0
39,12,31
0,18,30
28,8,44
3,14,46
39,11,0
26,14,5
62,1,39
41,7,42
54,7,36
8,15,40
3,13,47
39,2,49
11,16,35
51,13,22
58,13,22
58,14,15
2,12,50
50,10,31
27,2,56
52,15,15
63,11,1
17,15,14
47,14,6
13,17,25
37,8,40
26,6,49
43,15,12
19,15,3
48,15,16
62,0,42
59,14,11
4,17,22
44,13,28
5,17,22
11,3,63
27,14,11
48,13,26
49,15,16
51,15,15
60,11,25
31,10,39
33,8,43
16,15,6
31,6,49
57,11,26
8,17,32
47,7,40
32,12,4
27,7,48
24,15,16
50,2,44
25,14,13
45,9,36
23,14,11
54,14,9
63,1,39
35,11,3
34,4,50
50,14,5
55,7,35
58,10,28
6,13,48
55,0,46
6,17,22
61,11,25
1,15,2
49,13,1
14,7,53
13,16,23
4,11,51
9,9,52
36,14,29
55,8,33
56,12,26
56,11,27
28,10,39
52,4,41
32,14,14
52,15,16
19,6,54
51,12,28
15,12,43
18,14,36
13,15,2
43,11,32
57,1,45
63,2,36
33,11,0
23,5,54
57,12,23
42,10,35
53,15,15
27,16,20
38,12,6
32,0,56
39,5,46
40,2,48
44,8,38
27,13,6
63,4,34
28,13,4
18,8,50
1,14,48
29,12,37
53,14,21
19,10,46
31,2,55
41,8,39
13,16,22
14,14,38
4,16,37
35,12,33
16,15,2
33,11,2
2,11,52
60,13,19
62,6,32
47,15,14
22,15,17
23,16,20
44,13,2
63,9,28
46,15,11
63,11,2
16,5,58
22,15,14
12,16,8
34,8,42
10,7,57
33,2,54
48,8,38
11,15,16
36,2,50
40,12,30
53,12,24
14,3,62
20,15,30
34,11,2
19,16,22
31,10,40
37,13,7
14,15,14
13,15,7
5,16,22
32,15,18
58,13,20
1,17,40
44,7,39
28,7,47
40,14,25
28,9,44
27,13,9
27,14,31
8,16,9
36,11,2
2,17,25
60,14,7
22,12,37
16,15,14
37,10,1
57,10,29
28,4,53
22,2,59
10,12,46
4,6,61
15,4,59
40,15,15
51,14,18
41,14,12
47,9,35
26,14,11
55,14,18
31,1,55
47,6,39
60,14,11
14,16,21
9,4,61
19,16,25
1,16,16
39,6,44
6,14,45
16,8,50
4,16,13
54,12,26
54,12,25
50,15,19
38,4,46
17,16,28
6,17,36
46,14,21
2,17,33
30,16,24
55,14,6
21,15,17
2,7,61
12,10,48
4,17,32
33,13,11
2,7,58
8,17,27
22,1,60
47,15,20
26,16,21
39,8,39
37,11,3
8,17,24
28,16,20
20,2,60
48,6,39
0,16,10
61,13,3
33,5,49
50,13,27
16,15,16
52,1,45
10,15,38
12,12,43
17,9,47
15,11,46
18,3,60
2,17,23
20,16,20
53,7,36
29,0,57
36,13,29
8,17,34
22,9,45
12,15,7
45,4,43
2,16,42
31,15,17
17,12,42
25,16,21
34,12,6
27,0,62
38,2,50
9,15,2
50,14,2
49,14,4
24,14,10
42,13,29
42,15,15
7,16,37
33,9,41
17,7,52
27,13,2
23,12,39
25,13,34
5,16,41
29,0,60
9,15,1
20,8,48
58,12,23
22,15,28
55,14,19
53,8,35
44,3,45
29,12,5
14,15,12
33,11,37
30,9,42
35,13,10
52,2,44
10,12,44
11,16,17
34,12,5
3,17,34
26,16,24
51,4,41
43,10,34
32,11,5
25,15,19
54,14,10
57,14,2
19,11,41
53,0,47
8,16,15
61,13,21
33,7,44
44,14,22
17,5,57
26,7,50
42,0,51
11,15,11
1,17,34
27,8,45
18,14,35
55,1,44
49,14,22
55,4,40
42,4,46
20,15,1
16,16,30
7,17,27
4,16,9
34,1,54
52,1,46
55,5,38
19,7,51
16,7,53
1,16,14
41,12,5
37,7,42
31,12,8
39,14,12
58,1,42
22,10,42
51,12,27
39,15,22
56,8,31
51,13,1
17,15,15
23,13,34
38,13,7
5,16,6
0,16,17
19,1,61
45,7,38
18,1,63
37,5,47
18,15,9
35,15,21
11,12,46
38,11,36
28,4,54
57,3,40
37,13,10
33,14,11
49,5,42
30,13,10
26,5,51
53,7,37
5,6,60
3,17,27
39,6,43
1,17,37
38,11,2
45,12,1
48,4,43
42,14,25
23,15,19
36,2,51
28,10,41
37,11,35
25,15,15
29,14,29
34,15,26
42,9,38
42,1,48
63,12,4
9,17,26
24,13,35
59,3,38
6,4,63
51,14,20
59,14,7
59,11,26
44,13,27
45,9,35
9,16,17
51,0,47
8,14,44
51,6,40
61,1,41
3,10,53
27,14,29
34,9,40
41,14,23
41,9,36
27,16,24
17,13,40
21,2,61
34,7,44
54,9,33
31,14,28
43,13,7
0,16,18
22,15,15
44,13,1
49,14,1
4,7,60
56,6,37
13,15,38
22,14,33
62,3,36
12,6,57
20,8,50
39,11,1
34,13,11
7,8,56
24,11,39
54,14,4
42,15,14
43,14,23
7,7,57
57,7,33
6,15,41
5,7,57
33,5,48
2,11,53
53,14,19
12,6,56
57,1,41
0,17,20
30,6,48
40,15,23
32,13,10
25,16,25
0,18,34
39,13,31
25,15,16
28,15,14
36,9,39
39,8,41
50,12,28
2,14,47
38,15,14
45,13,6
60,4,36
40,1,50
56,13,20
1,16,11
21,1,62
16,15,1
24,13,11
23,3,58
30,14,13
8,6,58
10,8,54
4,16,5
10,12,47
48,4,44
11,17,26
4,11,52
46,4,43
30,3,52
22,13,35
6,16,19
57,9,31
49,14,20
38,0,53
14,15,2
6,17,28
31,14,29
38,12,32
45,3,44
13,15,13
2,16,8
26,4,55
37,4,47
39,0,54
29,6,49
18,15,12
36,15,16
34,3,51
3,5,62
28,11,37
8,5,60
16,16,32
39,3,49
28,14,11
21,14,33
63,0,40
2,16,9
58,13,2
42,5,44
18,15,10
18,5,57
18,16,23
22,11,41
15,13,38
35,14,12
42,15,19
54,0,48
21,2,60
21,15,29
20,15,14
14,8,52
35,8,41
44,14,24
50,11,30
20,16,22
9,8,53
51,15,13
3,9,57
17,9,49
1,17,32
61,11,24
38,8,40
57,6,36
1,17,31
17,12,40
14,11,44
6,15,4
24,1,60
27,16,26
49,4,43
27,6,50
3,15,2
5,8,57
37,10,37
25,16,24
21,14,1
31,8,45
12,14,39
51,11,31
18,15,8
4,15,41
8,16,11
55,6,35
17,8,50
26,13,34
20,16,21
6,7,59
11,17,27
8,16,16
42,15,16
19,16,18
62,14,14
13,16,30
16,9,50
10,17,32
34,2,52
8,17,33
16,15,33
32,14,31
28,12,36
56,0,45
36,14,13
8,12,47
31,15,19
20,11,40
42,14,22
9,14,40
61,7,32
60,10,25
23,5,52
23,16,24
27,6,51
63,7,29
48,5,40
16,11,44
24,12,35
14,8,51
1,15,47
30,11,39
47,13,24
15,2,63
44,14,10
24,10,44
49,13,2
1,12,50
15,3,59
16,13,37
61,14,19
31,13,34
8,7,55
3,16,9
6,17,27
49,10,32
17,4,59
25,0,60
27,13,32
50,14,1
12,15,36
30,12,7
16,15,17
0,18,33
20,16,27
62,12,22
30,0,59
19,16,20
20,15,32
28,13,6
17,12,39
56,14,16
8,16,8
3,15,42
9,13,43
39,4,46
61,14,12
48,13,3
1,14,46
52,13,0
18,12,41
48,14,24
12,15,14
9,16,23
21,14,2
39,3,47
59,13,22
51,9,32
5,15,43
45,15,14
32,1,56
28,1,58
15,14,37
41,12,2
9,17,25
7,11,51
29,15,19
12,15,16
45,14,25
56,4,39
36,10,37
41,10,35
5,11,50
17,11,42
42,13,4
38,14,13
1,16,8
36,15,26
32,9,41
19,15,18
48,15,13
16,16,20
1,7,60
23,15,18
25,1,59
4,16,21
45,10,35
11,3,61
1,14,49
21,0,62
32,15,23
32,4,49
5,16,16
5,17,26
30,10,39
23,14,0
39,12,5
8,4,62
50,6,39
27,13,4
31,0,58
56,12,25
51,13,24
37,7,43
51,15,12
37,0,52
34,11,6
9,16,10
35,11,4
26,4,54
8,16,12
5,17,27
24,2,58
41,14,13
15,11,44
45,5,43
19,11,44
55,1,45
47,7,38
7,17,28
19,16,29
21,16,29
58,13,3
37,12,34
5,16,19
24,4,56
6,16,20
52,6,38
20,13,35
22,6,52
28,2,56
42,11,0
4,6,59
13,15,16
30,6,47
48,1,46
58,4,39
43,1,48
37,14,14
11,16,23
47,2,45
27,14,0
31,4,50
19,3,59
43,7,41
7,16,16
48,14,8
1,13,49
41,4,46
9,4,62
41,13,7
60,14,10
42,6,42
37,6,44
14,15,6
16,3,60
34,13,31
55,9,31
54,1,45
5,16,17
13,17,26
43,13,29
17,1,63
59,1,43
50,12,26
34,10,38
54,2,42
0,17,35
15,3,61
34,6,46
43,15,15
61,13,0
12,12,46
42,14,11
7,15,42
2,16,21
20,14,6
21,14,6
3,10,54
19,5,57
43,14,21
43,13,6
24,16,19
15,10,49
36,15,21
46,0,49
28,12,7
55,14,21
17,15,33
25,7,50
31,14,12
7,16,12
20,4,56
4,16,15
63,14,16
41,8,40
22,4,57
54,15,14
8,14,43
41,5,44
56,14,15
9,15,3
54,1,44
17,15,10
54,9,31
25,0,61
16,16,27
42,10,34
7,10,53
35,13,8
12,16,31
6,15,40
46,10,35
48,15,20
37,13,31
38,9,39
6,16,8
22,14,32
18,15,18
63,14,14
27,13,8
56,1,42
12,17,29
30,12,34
35,13,31
28,0,59
14,7,55
29,13,4
41,12,4
49,8,37
21,12,38
8,15,1
60,2,39
55,11,27
28,12,9
21,16,26
0,14,0
9,5,60
42,13,27
15,15,13
0,17,40
16,15,3
20,15,6
41,13,6
23,14,1
34,15,17
4,17,37
53,14,2
5,16,21
45,13,29
48,15,14
20,15,2
58,9,30
28,13,0
29,1,56
35,14,10
8,6,60
31,15,16
31,0,59
2,16,20
10,16,14
3,6,62
21,3,57
43,13,28
25,11,39
58,3,39
1,17,33
39,14,25
37,6,43
6,15,0
37,14,13
6,5,61
59,14,6
33,12,35
18,11,41
51,14,22
24,8,47
55,4,39
11,11,48
31,0,57
29,8,46
63,3,36
59,14,18
1,17,23
53,11,28
52,14,7
16,16,22
4,16,8
45,13,0
7,10,51
4,17,28
27,15,16
11,16,13
5,9,56
1,15,6
3,17,33
26,6,50
31,12,7
16,15,12
49,14,19
47,9,36
52,13,24
62,11,23
46,11,33
7,16,8
30,13,0
24,11,40
19,8,51
7,15,40
47,11,31
44,5,42
32,12,0
56,10,28
54,12,24
63,1,38
13,14,40
8,16,19
13,11,46
39,13,29
53,14,16
49,11,30
50,9,33
8,12,46
4,5,61
40,0,52
24,10,43
2,16,16
46,15,14
61,0,42
19,5,56
33,9,39
35,3,50
14,9,50
3,12,52
8,12,49
19,13,35
35,3,51
18,9,49
1,17,18
55,15,12
14,10,49
13,8,54
49,15,20
31,3,54
41,2,47
55,14,10
33,3,51
32,14,30
19,14,36
15,16,30
38,15,22
46,15,18
61,0,44
41,14,10
3,17,29
30,1,56
33,2,53
47,13,28
23,7,49
25,3,55
43,3,47
56,5,38
38,9,40
12,4,61
57,6,35
62,14,8
55,10,28
43,6,42
16,15,5
59,13,5
41,5,43
55,13,23
51,2,44
11,17,28
62,14,12
12,7,56
8,11,50
31,9,41
31,7,46
52,13,25
17,15,11
23,9,45
2,16,12
41,13,8
49,7,39
12,6,55
45,14,10
2,15,46
33,15,27
34,15,22
23,10,42
7,12,48
29,13,3
12,10,50
2,17,26
11,15,36
3,16,7
7,11,49
29,14,13
44,1,48
26,13,2
17,16,23
30,13,9
29,9,42
52,14,17
53,14,17
54,11,27
60,9,28
7,13,46
32,8,42
20,1,61
5,8,56
17,15,4
3,15,3
45,12,30
31,15,23
35,14,27
1,16,41
6,16,6
9,15,4
59,0,43
18,16,27
41,6,43
57,8,31
62,12,1
45,15,11
3,14,45
35,15,25
6,16,5
34,11,35
54,11,29
36,5,46
41,11,35
34,11,1
3,17,31
14,14,37
43,5,44
17,16,32
31,12,5
13,7,53
54,14,16
53,13,22
33,4,51
41,9,37
9,17,33
41,15,21
38,14,11
39,10,0
22,14,1
54,8,32
28,15,27
51,4,43
48,14,20
14,14,36
11,16,6
10,9,51
56,5,37
41,3,48
27,3,56
50,15,11
58,14,7
51,5,39
0,13,49
14,16,22
8,14,41
50,14,3
43,4,44
33,14,28
7,5,63
44,8,39
10,15,36
46,10,33
35,14,29
34,13,7
36,14,25
13,15,37
16,3,61
59,11,25
55,9,32
1,6,61
31,15,18
21,15,32
55,4,38
47,2,46
9,10,51
37,13,29
17,16,31
6,5,63
63,13,17
38,13,9
48,12,27
12,15,11
5,9,55
26,9,45
19,1,63
15,16,22
42,15,17
7,7,56
30,12,3
13,15,35
37,15,22
9,16,9
50,11,31
31,15,27
10,16,36
1,18,33
4,17,31
18,16,21
40,9,39
45,12,0
21,14,11
36,12,6
61,3,36
52,3,42
40,12,2
46,13,25
16,7,52
18,11,42
51,15,8
48,13,25
14,2,62
34,15,16
24,13,33
45,15,20
56,6,35
62,12,4
48,15,17
19,12,41
60,8,30
32,9,40
57,14,8
14,8,53
38,7,41
23,14,13
55,1,46
25,14,6
36,4,48
0,13,51
51,8,35
47,6,40
24,14,8
15,4,58
18,14,12
41,0,51
45,2,46
49,13,25
44,15,17
20,5,55
25,9,43
25,7,48
4,5,63
47,14,20
12,16,24
32,3,52
23,8,47
29,15,24
3,16,22
15,14,35
47,15,15
30,1,57
19,3,58
3,17,21
7,16,6
26,12,9
25,1,60
22,1,62
42,0,53
28,0,57
32,1,54
22,13,37
21,14,35
15,8,50
6,7,56
34,15,19
45,14,24
33,0,55
3,14,0
28,6,49
48,0,50
26,13,4
49,8,35
52,10,30
17,2,61
21,11,41
30,15,15
20,5,54
29,13,34
22,12,36
6,16,18
21,12,39
13,13,42
25,15,30
59,1,40
23,14,7
34,11,3
9,16,38
59,6,34
54,10,30
7,16,14
43,15,22
22,14,9
29,16,21
12,15,0
28,12,6
18,9,47
9,16,11
14,17,25
48,15,11
30,14,31
44,6,42
62,14,7
20,14,12
4,8,56
28,7,49
15,16,32
23,14,4
24,11,41
1,17,38
38,11,4
4,5,62
47,1,47
35,10,3
37,15,14
23,2,59
28,6,50
50,4,43
40,0,54
54,14,18
27,9,43
47,6,41
50,15,9
57,14,12
45,3,46
42,9,37
52,11,28
43,7,40
13,15,4
16,15,11
1,16,13
14,15,8
55,6,37
45,15,17
1,11,53
58,3,38
55,7,36
21,6,54
21,16,18
45,14,7
25,10,41
30,13,2
16,6,55
27,7,47
48,11,31
17,11,43
6,11,51
63,1,40
18,15,33
47,1,48
29,16,24
1,9,56
3,15,6
8,16,34
37,8,41
12,16,18
11,16,11
21,13,35
59,12,23
5,15,42
48,12,30
5,17,28
12,16,17
18,16,22
35,7,42
56,9,31
30,11,38
26,8,47
29,16,22
18,15,31
63,10,25
55,14,12
18,4,57
56,8,33
52,14,21
62,12,21
1,14,2
27,15,27
38,9,38
12,15,10
47,8,37
46,13,28
27,12,36
23,9,44
9,13,44
42,11,33
20,11,43
18,16,30
53,5,40
1,16,9
60,7,31
9,16,4
55,12,25
61,14,16
12,8,54
30,15,26
27,0,60
11,17,30
55,0,47
1,17,39
40,15,22
17,15,31
52,5,39
36,14,26
32,0,59
62,6,31
23,9,46
15,2,61
7,15,38
36,5,48
61,2,39
31,12,6
7,13,44
55,15,13
19,5,55
42,0,49
19,2,59
36,0,57
15,12,40
28,3,56
42,14,27
24,8,49
30,8,46
21,10,43
12,2,63
46,3,45
21,15,14
12,4,60
33,6,47
21,12,40
46,8,38
22,14,10
50,13,1
60,14,9
30,14,29
45,13,26
20,2,59
10,5,58
33,11,6
59,9,30
2,16,13
39,11,33
10,9,52
34,13,32
38,7,43
28,5,50
8,17,29
56,3,41
24,14,13
25,5,52
14,2,63
54,2,43
53,14,18
28,14,14
51,14,5
57,14,13
27,14,30
5,12,51
59,10,28
1,17,19
46,14,7
29,10,40
10,8,55
62,8,28
18,16,17
20,14,32
46,1,47
57,7,34
36,14,10
20,0,63
49,10,33
47,14,4
13,7,54
52,15,11
26,15,14
13,4,58
4,15,42
42,7,39
37,15,24
36,15,24
13,17,30
48,14,7
23,1,60
8,7,57
48,3,45
23,7,51
9,16,16
21,0,63
11,10,50
7,8,55
42,14,26
37,10,2
50,2,45
28,4,52
31,8,44
25,2,58
19,14,9
59,10,26
60,6,34
46,15,17
12,17,24
42,1,49
30,15,25
57,2,42
28,14,12
7,14,45
10,11,48
46,13,27
44,15,13
29,13,6
41,13,29
53,9,31
31,9,43
32,15,21
17,15,5
10,16,37
48,12,29
35,9,39
28,15,20
37,11,4
0,16,7
40,10,36
29,12,8
29,15,26
9,10,50
61,12,0
11,15,12
35,11,37
33,12,34
48,9,34
10,15,5
19,9,48
60,14,13
23,0,62
31,1,56
20,12,38
58,14,11
51,15,9
53,8,34
11,8,53
55,8,34
33,14,30
21,14,12
38,13,6
42,8,40
6,17,30
18,15,0
40,11,34
37,9,38
54,14,6
8,17,26
2,15,1
0,5,63
57,2,41
20,15,5
11,16,18
32,4,51
37,0,56
22,4,55
50,13,26
15,15,35
42,15,18
15,16,28
22,7,51
10,17,27
10,13,44
28,14,29
24,3,57
36,15,25
10,16,33
11,3,62
26,13,8
37,3,50
26,14,4
62,14,9
25,8,47
4,16,14
18,16,25
48,15,9
40,12,5
15,15,4
51,7,36
23,11,42
34,8,43
32,11,36
23,14,34
42,14,10
25,13,35
44,12,2
34,3,50
46,15,10
57,8,33
25,15,14
32,7,46
17,15,9
3,13,49
6,7,58
15,12,41
13,16,34
6,12,50
60,13,4
4,12,49
6,16,11
29,4,52
50,4,41
0,15,7
10,15,39
45,11,33
52,14,19
18,15,1
52,14,8
7,16,7
7,17,29
53,5,38
24,16,26
43,12,32
5,17,36
20,13,37
28,13,32
6,17,31
63,12,1
61,4,35
36,12,7
16,8,51
19,10,45
32,15,24
53,15,14
53,4,40
26,15,19
8,16,4
11,16,19
50,15,15
9,16,19
24,16,27
29,14,30
63,1,41
18,14,10
15,11,45
46,14,22
34,14,12
32,15,15
55,8,32
1,14,1
3,12,51
39,0,52
15,16,21
0,7,61
49,15,12
51,1,48
33,9,40
5,16,9
3,16,16
34,1,53
62,0,41
8,16,14
39,14,28
33,4,49
0,8,57
13,9,51
12,17,28
55,11,26
41,5,45
63,14,12
58,14,14
31,7,44
49,6,38
49,11,32
23,15,28
42,12,2
0,18,37
58,11,24
39,7,43
60,11,23
37,15,16
8,13,45
7,6,59
6,16,17
45,13,25
33,2,52
9,16,14
5,13,48
4,17,36
53,13,21
62,1,38
5,14,46
34,12,35
5,16,11
52,15,12
4,16,38
9,16,36
39,15,18
51,5,40
22,3,59
50,14,21
14,13,40
49,3,43
62,3,37
62,12,0
31,9,40
25,9,46
7,15,1
7,4,63
9,6,59
41,11,1
52,12,26
38,0,55
16,12,41
14,6,57
32,12,33
33,0,57
62,2,38
44,13,29
58,13,21
5,7,58
10,17,33
36,1,53
23,14,14
27,12,9
31,11,36
21,9,47
60,3,37
31,4,51
49,12,27
16,2,63
34,15,27
17,9,50
46,14,10
44,4,44
20,14,33
6,16,9
6,13,46
26,5,52
34,11,37
18,13,38
9,11,50
17,12,41
31,14,11
36,12,32
47,14,24
37,14,10
63,12,21
35,12,34
58,6,35
56,10,29
6,6,59
20,15,29
15,1,63
34,5,47
27,14,14
56,3,40
22,12,39
9,16,13
22,14,3
36,11,36
47,13,25
43,14,24
57,14,7
16,7,54
11,15,0
58,14,12
45,1,46
46,13,4
53,10,30
21,15,31
63,12,2
35,10,37
1,7,59
50,1,46
1,12,51
62,13,18
11,11,49
13,15,3
15,15,3
47,14,21
53,15,12
7,15,41
54,13,22
3,17,24
38,13,29
2,16,40
50,6,40
56,14,12
57,1,44
48,14,6
48,8,36
13,4,60
18,4,58
2,16,7
16,8,52
55,14,5
45,1,49
10,16,4
53,15,13
27,5,51
52,1,47
60,13,3
14,12,43
30,4,50
33,11,4
40,14,11
17,13,38
35,13,9
18,14,33
31,2,53
18,12,40
56,14,13
13,6,55
11,16,36
52,13,22
22,11,39
15,7,55
33,3,53
43,9,36
43,7,39
41,11,33
10,15,37
6,16,10
22,14,12
52,12,28
7,16,13
53,12,26
40,6,43
4,14,47
15,6,56
20,8,49
4,17,23
44,11,32
26,15,16
56,4,40
55,1,43
50,15,13
12,13,43
21,3,58
25,13,10
46,7,39
26,14,1
21,10,44
34,10,2
46,7,40
11,14,38
48,3,43
51,3,42
24,6,50
48,13,28
26,1,59
24,6,51
56,13,21
10,15,40
18,15,14
12,3,60
46,14,4
52,8,33
24,7,50
26,12,35
27,13,35
21,8,47
25,0,63
44,7,41
11,5,57
30,0,58
13,17,27
15,15,9
29,11,37
62,2,37
34,12,34
25,15,28
43,12,3
17,2,62
47,14,25
15,15,8
51,0,48
20,14,8
56,1,44
24,12,36
2,7,59
18,7,51
23,14,6
47,13,26
54,5,38
29,14,11
7,5,60
25,16,26
62,13,21
15,8,53
7,16,11
58,12,22
20,14,10
53,13,0
33,15,25
26,13,5
5,6,59
20,15,31
18,16,18
1,16,19
43,14,9
62,10,27
39,9,37
33,3,52
25,12,35
8,16,17
57,9,29
59,14,14
49,14,2
21,16,21
7,17,36
39,14,11
63,1,37
14,11,45
25,9,44
60,1,40
60,8,31
52,5,40
24,14,4
52,15,10
50,14,8
15,5,58
37,11,34
16,13,39
39,12,6
10,16,19
10,10,49
24,4,55
1,9,55
56,14,14
12,15,6
60,12,24
37,7,44
0,11,52
40,3,48
29,3,54
42,12,0
28,5,51
18,12,39
48,2,44
40,11,35
17,11,44
32,8,44
11,10,51
24,14,7
51,14,23
21,4,57
9,12,47
11,15,1
47,14,8
58,11,27
23,13,36
8,5,62
37,9,40
53,9,32
45,15,16
57,14,6
34,4,49
6,16,21
20,14,13
24,0,60
49,0,50
34,15,15
1,18,31
30,8,43
7,12,47
36,0,55
63,11,24
21,14,34
26,4,53
1,18,32
48,9,35
60,14,16
48,14,2
48,11,30
25,14,3
30,9,43
40,7,40
25,14,12
16,11,46
45,13,28
41,0,53
12,15,15
0,15,5
34,9,41
52,15,9
30,16,23
21,15,0
20,14,34
10,16,23
31,13,11
15,10,46
6,17,35
31,6,48
28,16,21
16,14,37
12,9,50
6,17,29
55,10,30
47,13,1
40,3,49
55,14,17
33,14,27
4,15,43
57,3,39
28,9,42
50,1,48
25,15,26
30,13,31
36,1,52
62,1,40
5,15,44
6,14,43
44,10,33
31,11,6
29,0,59
22,10,45
33,12,6
30,9,41
9,7,56
52,14,0
59,1,44
8,16,38
5,10,54
58,9,29
58,9,28
33,12,3
27,15,14
49,12,30
36,10,39
24,1,61
58,4,36
61,2,37
55,13,1
13,5,59
30,15,27
47,14,3
11,15,6
55,12,24
7,17,33
25,2,57
1,16,7
40,13,27
36,11,3
41,1,50
1,17,29
10,16,21
56,14,4
40,13,5
19,13,38
19,14,13
63,13,18
41,7,41
2,9,56
51,7,37
59,13,2
47,15,12
15,9,49
30,2,54
49,13,27
26,10,43
62,12,3
12,17,31
10,16,22
17,15,34
33,11,5
8,10,51
57,6,34
16,16,26
2,17,34
57,13,1
61,14,14
36,15,19
56,14,7
14,16,32
10,15,2
39,1,50
62,1,41
17,16,29
13,6,56
62,14,18
21,8,48
29,13,32
47,15,10
61,6,34
7,16,4
9,16,5
59,3,37
28,15,29
18,16,19
59,5,34
37,13,32
30,7,47
15,9,48
58,1,44
16,12,40
35,14,14
14,15,15
36,12,4
2,15,5
48,14,22
24,7,51
16,15,34
44,15,18
54,4,40
40,13,8
19,15,31
55,14,3
60,8,29
2,6,62
6,17,23
26,15,20
15,15,36
49,14,7
62,8,30
63,11,22
10,14,40
56,13,23
47,5,43
19,14,8
24,8,48
37,14,11
16,15,32
3,17,36
53,14,3
55,2,43
13,2,63
33,13,9
29,0,58
36,14,27
45,10,34
38,15,18
40,7,41
22,14,4
63,5,34
21,5,54
52,8,36
62,14,17
3,17,37
33,11,36
8,4,61
31,12,0
1,17,36
43,13,27
2,16,17
6,16,12
17,15,7
13,16,24
13,16,33
2,15,44
51,14,0
13,15,11
29,16,25
28,11,38
8,6,57
31,15,14
0,15,44
49,15,18
50,0,49
49,15,17
52,15,14
23,14,8
35,12,5
3,16,11
3,13,50
36,6,46
24,16,24
34,0,54
31,7,47
8,16,6
60,1,41
8,15,41
27,11,37
48,7,37
47,13,3
44,4,43
60,14,18
62,4,36
1,16,12
48,13,27
50,7,38
12,11,48
9,16,35
18,13,39
33,11,38
26,14,30
47,15,13
11,12,43
22,14,11
15,7,53
35,1,54
15,17,28
19,6,55
44,13,5
23,15,31
23,13,33
16,4,58
45,1,47
3,16,38
63,3,37
34,7,45
5,15,5
7,14,42
23,16,23
42,12,32
33,15,28
39,15,24
35,1,52
52,15,18
6,11,52
26,16,27
58,10,26
13,17,31
24,0,62
38,5,44
4,6,62
50,15,10
25,1,58
27,15,30
13,10,48
3,16,42
38,15,23
63,13,7
51,3,43
26,9,44
39,11,35
56,14,6
15,9,50
21,11,40
52,14,3
29,9,41
13,16,19
7,17,23
47,10,32
44,6,41
3,15,1
22,2,58
17,7,54
54,15,11
50,14,20
5,17,32
59,5,35
53,13,23
30,15,14
40,13,29
34,13,30
43,3,45
4,12,51
0,16,43
25,10,43
59,0,45
33,15,22
30,13,32
31,15,20
21,14,13
11,13,44
12,15,3
54,13,24
50,15,12
14,15,10
26,16,26
43,12,29
27,6,49
25,15,27
29,5,49
49,4,42
28,1,56
39,12,3
29,6,48
35,11,2
46,3,44
51,8,36
53,14,20
25,14,5
28,14,30
1,17,30
29,16,23
35,15,20
11,5,58
50,6,38
30,12,36
53,8,33
26,15,29
62,13,6
6,8,55
37,1,52
43,15,16
40,9,38
11,15,10
48,15,15
16,16,21
51,13,23
63,0,42
0,16,16
50,8,35
31,14,31
34,15,23
29,8,45
50,4,42
58,4,38
18,15,32
63,8,29
47,14,22
52,5,41
46,14,24
14,10,46
1,5,63
4,15,44
8,14,40
24,5,53
36,12,5
13,17,24
27,7,49
54,15,16
28,15,28
36,13,9
5,17,34
44,14,26
42,12,4
39,14,10
62,0,43
47,4,42
0,14,1
57,1,42
30,16,22
51,15,14
9,3,63
6,5,62
39,15,16
15,15,1
16,16,24
50,12,27
7,16,39
16,6,54
60,13,6
6,16,15
20,10,44
20,16,29
9,5,61
10,5,59
58,5,35
48,1,49
36,7,42
14,7,54
38,13,31
24,9,45
55,12,23
34,9,39
60,6,32
35,1,53
35,3,52
33,6,45
21,15,1
26,15,17
23,16,27
32,3,51
7,16,5
47,15,17
22,16,23
0,8,59
43,8,38
23,15,30
4,13,46
23,9,47
28,11,40
43,9,38
22,15,13
21,14,31
27,15,25
11,15,9
13,13,43
36,6,44
54,4,39
18,15,6
13,9,49
21,14,4
37,12,31
38,1,52
60,12,22
28,6,48
10,17,31
23,16,26
25,6,52
2,17,24
28,3,53
48,15,19
16,13,40
25,7,49
17,16,21
12,16,32
25,14,31
59,5,36
26,11,39
59,7,33
38,0,52
44,2,46
19,14,12
32,15,19
27,13,34
56,1,43
62,7,32
24,14,33
51,0,49
6,16,4
46,1,46
1,17,27
18,15,4
52,10,31
44,13,6
20,15,18
20,16,18
55,14,9
21,9,45
23,3,56
19,14,34
38,5,45
46,9,35
51,9,33
29,12,4
23,15,16
22,3,58
29,15,21
19,10,44
12,15,9
37,0,55
52,14,4
43,8,39
8,8,55
29,10,41
60,13,7
39,13,28
19,16,30
6,15,43
36,3,51
3,6,60
58,8,30
56,6,34
52,15,13
0,6,63
24,15,29
63,8,28
62,10,25
6,10,52
38,8,41
35,6,44
18,2,61
8,5,59
21,7,52
37,9,39
55,14,16
49,5,41
53,11,29
5,15,40
41,13,5
50,8,36
61,14,9
55,15,14
0,17,27
1,17,22
42,0,52
50,3,43
13,15,12
16,15,10
33,13,8
16,2,62
62,13,7
45,1,48
45,4,44
56,14,20
5,16,15
57,0,45
30,13,11
57,14,18
26,13,33
37,11,36
11,17,33
61,9,29
40,5,45
54,14,7
51,11,28
61,5,35
27,11,40
17,14,37
35,8,43
56,10,30
31,12,35
25,0,62
59,8,30
34,11,5
61,13,7
33,14,29
42,13,8
34,7,43
13,15,5
63,11,23
48,5,42
57,13,22
15,17,25
34,0,57
33,1,55
7,16,36
29,13,33
51,13,26
49,10,34
42,5,43
5,14,45
30,10,40
45,14,6
3,17,25
53,1,47
6,17,32
34,11,0
34,11,36
25,0,59
11,15,7
43,2,48
11,10,48
11,13,43
33,12,36
14,5,56
38,8,39
9,14,43
8,16,37
8,15,38
19,6,53
8,11,48
60,9,27
20,14,5
62,4,34
4,7,57
21,15,5
34,1,55
19,15,1
33,14,14
39,13,9
59,6,35
12,15,1
41,10,37
35,12,7
6,16,39
35,15,14
5,15,1
54,14,3
39,10,35
23,10,44
27,13,33
19,16,23
31,14,13
12,16,21
19,12,38
14,15,3
34,15,18
12,5,58
44,11,33
3,15,45
41,9,38
33,5,47
8,17,30
40,13,28
13,12,44
54,15,15
0,15,4
12,16,35
49,1,45
19,15,2
21,15,16
30,14,28
57,13,23
32,14,28
27,12,35
43,10,36
36,15,18
33,15,21
43,15,18
4,16,7
39,15,15
55,14,13
11,15,8
53,14,5
5,16,13
13,13,40
2,17,38
2,13,48
1,15,45
30,7,45
49,13,26
52,6,39
1,18,34
38,10,36
13,15,14
6,8,57
31,14,14
46,14,23
27,4,54
55,4,41
0,8,58
11,14,40
40,10,37
28,15,16
18,16,29
21,11,42
26,13,35
18,5,55
39,0,51
27,13,10
37,5,46
31,13,8
17,10,45
51,14,1
1,8,57
46,14,25
54,14,20
3,17,35
2,14,0
11,4,59
47,15,18
16,2,61
27,9,44
9,17,29
10,14,41
12,17,25
13,14,38
27,10,41
32,10,39
37,12,5
39,4,48
21,8,50
37,12,4
38,11,34
18,13,37
54,13,21
37,3,48
29,4,51
4,14,44
24,15,27
27,14,12
47,3,44
20,12,37
13,16,20
4,10,54
8,17,31
53,1,45
11,9,50
9,5,59
8,15,0
51,14,4
55,14,2
0,6,62
53,4,41
53,6,38
16,13,38
40,12,31
7,8,54
52,7,37
38,14,27
53,14,6
53,2,43
43,2,47
19,14,10
58,0,44
2,17,22
45,14,21
17,7,53
40,14,23
59,7,31
45,7,40
51,14,2
18,16,20
54,12,27
14,17,29
4,16,6
38,4,47
1,10,55
34,15,21
14,17,24
45,15,15
22,1,61
1,17,21
25,14,14
12,15,2
48,3,44
52,6,37
45,4,45
23,4,54
29,2,55
34,5,48
40,0,50
44,14,11
43,4,43
16,5,57
56,9,32
44,14,5
37,15,20
23,10,45
3,16,43
40,15,13
38,12,3
40,6,44
45,2,47
55,11,29
35,0,53
22,14,14
52,15,8
8,16,3
20,12,41
43,15,11
3,16,20
41,4,45
57,7,32
37,13,8
11,14,41
20,14,9
9,16,3
2,10,55
28,8,46
16,16,25
2,15,4
33,15,24
19,13,37
11,16,5
5,17,31
32,13,32
27,13,11
17,4,58
33,7,45
27,13,0
54,14,15
0,13,50
14,15,4
43,12,1
7,17,32
43,1,49
51,6,38
13,10,49
0,16,44
0,10,55
13,17,28
44,6,40
31,0,56
14,1,63
39,14,27
11,17,23
0,17,19
14,15,5
38,6,43
42,14,8
4,15,3
46,8,36
61,14,17
18,15,15
53,3,43
53,14,10
7,16,20
28,16,22
11,16,12
24,5,54
25,14,33
41,15,16
50,11,29
55,9,30
14,5,58
49,1,48
1,13,48
52,7,35
18,15,7
35,12,6
37,12,33
2,17,28
40,12,32
30,10,41
42,15,22
26,15,30
26,14,3
51,1,47
5,17,37
33,15,18
29,15,15
28,12,35
57,14,17
47,14,9
63,8,30
11,6,57
27,13,5
56,14,11
20,15,13
13,15,1
24,14,6
10,17,25
24,4,54
36,13,30
55,3,41
40,5,44
41,13,28
28,13,34
23,12,36
33,11,1
2,16,43
53,9,33
27,15,26
46,13,2
38,15,15
40,10,35
9,8,54
31,15,26
19,15,30
6,16,13
17,16,25
21,13,34
42,7,40
21,7,50
17,15,2
43,14,25
55,7,33
27,4,53
23,1,59
49,14,24
4,15,2
8,10,52
35,10,2
35,6,45
28,13,9
9,6,57
22,13,36
32,11,37
11,11,47
3,17,38
57,13,20
18,5,56
17,16,30
21,9,48
61,5,34
38,3,48
14,15,1
23,12,38
53,0,48
17,10,47
17,15,0
12,15,38
5,12,50
21,16,22
0,17,23
0,17,41
31,5,49
30,5,51
8,9,53
41,15,19
31,16,21
51,7,38
59,14,13
43,0,52
37,14,29
12,15,35
51,4,42
42,13,6
30,2,55
36,8,41
56,14,17
17,1,62
0,18,31
15,15,32
49,5,40
8,11,49
54,9,32
51,10,33
54,15,12
20,4,57
40,15,14
18,12,42
30,1,55
60,13,22
48,15,10
10,6,57
39,10,37
45,13,5
0,14,49
54,5,37
2,7,60
17,5,55
54,3,42
25,8,46
48,9,36
17,10,48
15,17,26
44,12,29
53,12,25
20,10,45
9,14,41
37,11,1
27,1,58
0,15,45
44,11,31
51,14,8
20,9,46
22,3,57
50,15,14
0,14,2
61,10,27
20,15,3
55,1,42
45,15,19
33,12,7
52,8,34
35,15,15
11,16,22
11,13,41
17,10,46
37,15,19
39,14,24
4,16,10
2,15,43
49,15,9
29,3,53
18,2,62
14,17,27
19,15,6
62,14,15
16,16,19
8,16,36
30,11,37
24,15,17
30,14,11
24,13,9
45,7,39
32,7,45
55,14,14
11,7,54
12,15,8
43,8,37
18,15,13
44,14,25
54,14,21
29,2,56
31,13,31
30,13,1
10,4,62
49,13,0
8,17,35
63,14,10
4,16,12
14,17,26
3,5,63
19,0,63
26,16,25
35,11,0
4,8,57
19,15,4
35,15,22
7,12,49
4,17,33
2,14,48
1,15,5
54,15,10
19,14,33
23,3,57
48,11,32
28,13,7
27,9,42
14,6,55
56,14,18
15,16,18
10,16,10
3,12,49
39,9,39
58,12,24
1,15,44
2,16,10
7,15,4
7,13,45
20,9,49
15,6,54
15,6,55
36,3,50
61,1,40
16,12,43
62,13,19
14,11,47
63,2,38
44,13,25
56,1,46
21,10,42
4,10,55
59,2,40
18,10,46
34,10,37
57,12,25
14,13,39
44,8,37
37,10,0
55,13,0
44,12,31
24,16,21
14,16,34
11,12,44
52,14,1
31,9,42
62,14,11
62,9,28
4,16,39
41,15,18
28,9,43
54,8,35
39,12,32
22,6,53
48,2,46
51,1,45
31,6,47
30,0,60
34,14,11
25,6,50
35,15,16
5,15,2
63,13,6
18,14,9
28,3,54
19,3,60
20,7,52
44,9,35
7,16,15
44,3,46
51,8,34
40,4,47
52,14,22
57,14,9
30,12,5
29,15,17
16,15,8
57,14,4
35,13,30
12,9,52
13,9,52
18,7,53
53,13,24
56,7,33
29,11,39
57,14,15
32,3,53
46,1,49
11,11,46
22,0,61
35,7,43
26,2,56
17,13,37
3,9,56
60,13,0
22,14,34
29,9,44
5,6,61
12,16,20
16,14,38
40,14,27
61,6,32
27,0,59
7,5,61
22,7,50
55,3,42
17,14,36
53,14,7
23,13,10
44,5,43
11,16,21
12,12,44
34,0,56
62,14,16
22,10,44
24,15,28
15,14,39
19,16,28
12,11,45
9,13,46
49,14,23
18,1,62
36,0,56
26,0,59
40,15,20
23,11,39
38,12,33
27,8,46
45,15,18
46,12,29
53,10,29
47,15,9
62,13,4
15,13,39
13,4,59
19,15,16
39,12,4
58,14,3
56,11,26
11,9,53
53,5,39
36,10,2
1,16,10
18,15,3
17,15,8
37,12,6
42,14,7
33,10,39
20,15,4
46,15,16
20,15,15
52,9,34
38,14,9
58,11,25
15,17,27
21,11,43
48,10,33
39,2,50
13,16,35
38,15,13
18,2,60
16,16,29
25,14,32
22,14,7
28,9,45
62,13,5
6,13,47
30,14,30
63,5,33
59,13,3
59,3,39
36,3,49
35,2,52
15,7,54
61,4,37
35,7,45
3,10,55
23,16,22
61,14,7
23,14,32
50,14,18
14,9,51
37,0,54
57,13,19
22,16,22
61,14,11
28,16,26
7,14,44
40,7,42
19,10,47
4,15,45
54,5,40
15,9,51
24,13,7
60,3,39
50,8,37
32,15,14
2,14,2
15,7,52
62,5,35
41,14,22
48,1,45
28,13,8
62,11,22
0,15,8
62,10,26
15,16,19
10,10,50
62,12,2
6,16,40
22,16,19
12,16,34
18,9,48
42,13,28
36,9,40
49,7,38
5,11,52
2,13,50
54,14,2
38,15,24
18,16,26
26,12,37
44,1,47
18,6,53
36,6,45
60,10,26
25,4,56
33,14,13
24,10,42
48,1,47
9,16,37
53,15,9
52,11,30
12,2,62
45,14,22
26,7,48
10,16,8
11,16,7
36,2,52
48,8,37
19,15,15
46,14,5
4,17,34
8,16,5
35,4,49
9,17,32
44,12,1
58,14,10
20,13,36
43,5,42
38,10,38
53,1,46
8,9,54
58,13,4
38,11,1
57,5,36
40,13,31
61,7,31
13,16,18
0,15,6
3,17,26
36,10,1
15,16,17
2,17,36
32,15,16
33,6,48
18,14,11
4,10,53
59,8,31
7,6,60
52,13,23
14,16,24
19,15,0
54,7,34
44,0,49
6,16,37
48,7,38
56,1,45
8,17,23
41,15,14
15,14,38
56,12,24
48,10,32
61,10,25
47,3,45
26,2,57
23,14,33
50,9,34
44,15,21
29,12,7
56,11,25
59,14,8
58,14,13
4,13,48
9,16,7
10,16,16
38,11,33
50,5,40
55,14,15
2,17,40
12,15,5
47,8,38
0,17,26
44,1,50
6,12,49
6,6,60
44,0,51
59,14,9
12,11,46
11,16,33
11,15,2
49,0,49
3,7,58
1,14,47
19,9,49
23,5,55
5,5,63
47,13,0
59,14,5
36,11,34
48,2,45
16,15,35
6,12,48
10,16,12
39,11,3
1,17,26
2,17,37
58,14,9
60,1,39
24,8,46
17,15,3
8,17,25
39,15,14
9,10,52
25,14,11
33,13,30
42,13,26
13,16,32
62,13,20
40,13,30
13,2,62
18,16,28
31,13,32
50,13,0
4,16,11
30,12,35
39,15,19
14,16,25
48,12,28
8,15,2
31,15,24
40,1,49
20,6,54
29,14,32
23,10,43
47,5,41
30,11,36
22,16,20
29,11,38
61,9,27
40,14,13
45,5,42
20,12,40
37,4,48
42,7,41
4,12,50
33,15,17
45,12,31
53,14,4
26,13,11
38,14,28
39,14,26
50,14,7
60,7,33
12,12,45
39,4,47
32,4,50
49,15,8
34,12,7
25,11,40
32,7,44
45,14,9
23,14,12
35,9,41
45,8,38
14,15,9
60,1,43
32,11,38
9,17,28
60,3,38
20,15,0
32,5,49
28,13,1
59,11,24
63,12,22
52,1,44
13,12,42
23,14,3
37,11,2
11,10,49
1,6,63
12,17,23
9,8,55
5,16,7
28,13,2
48,7,39
30,15,29
5,16,14
1,16,20
18,3,59
20,16,19
20,15,17
41,13,30
35,11,1
13,6,57
6,16,38
2,16,18
25,10,42
48,14,5
11,4,61
9,17,34
28,0,61
17,16,27
37,2,51
61,6,33
18,15,16
45,13,2
24,14,3
51,5,41
26,3,56
4,16,19
20,7,50
58,3,40
33,1,54
35,0,56
62,6,33
35,2,51
45,14,5
33,14,31
39,13,27
40,0,51
32,12,36
42,14,12
2,16,15
16,4,59
34,6,47
27,14,1
9,9,51
40,2,50
15,5,57
