0,19,25
7,23,34
0,18,37
16,17,62
5,22,37
30,22,62
0,21,37
2,19,35
3,22,24
4,21,49
17,18,63
13,22,61
30,21,62
2,20,38
24,23,62
13,20,61
2,19,26
6,23,37
19,19,63
7,22,26
3,21,43
24,23,59
6,21,26
13,22,55
1,19,37
10,21,58
8,22,57
26,20,63
31,21,62
3,19,56
11,19,63
4,21,52
2,20,36
13,18,63
2,18,61
26,21,62
5,19,62
28,22,62
8,15,63
5,19,59
15,23,54
31,23,61
31,22,62
21,22,59
0,16,60
7,19,62
21,22,63
3,21,37
1,18,27
2,23,25
8,23,55
5,20,31
14,19,62
5,23,39
7,23,48
11,17,61
3,18,26
16,22,56
6,22,52
19,20,62
3,17,61
8,19,61
13,18,60
15,21,58
3,20,45
1,21,37
4,23,30
11,23,54
12,19,62
1,19,50
5,22,36
1,17,63
32,22,61
5,20,30
18,20,63
2,23,47
4,23,45
13,23,60
2,16,61
0,17,30
15,21,61
5,23,41
15,18,61
23,22,61
3,20,35
0,19,36
0,20,52
4,21,43
1,19,35
19,19,61
5,23,23
0,17,59
9,20,60
7,17,61
1,18,33
7,21,55
5,16,62
7,22,33
2,20,42
3,19,32
6,22,51
40,23,63
6,21,54
16,22,59
32,23,60
1,21,23
12,18,62
2,18,29
13,21,56
18,20,61
15,22,58
17,20,61
6,22,32
0,19,40
2,17,62
5,21,30
0,18,35
7,23,31
6,21,31
5,23,24
0,19,34
16,23,55
13,21,57
7,21,57
8,18,61
41,23,63
3,22,45
24,22,62
8,19,63
3,23,37
4,18,27
4,20,51
32,21,62
2,21,42
3,21,54
5,16,63
8,20,57
10,20,62
4,22,53
15,22,60
6,18,61
4,21,38
20,22,61
22,23,58
9,19,60
4,20,55
5,21,35
5,22,29
0,16,62
30,23,59
14,20,63
5,19,26
1,17,30
1,20,24
7,21,58
7,17,62
10,17,61
26,23,60
4,18,61
0,16,59
0,17,51
0,22,38
3,22,38
32,22,62
10,20,58
2,19,31
8,20,61
3,21,42
10,20,59
3,20,32
9,17,63
4,20,34
1,19,38
8,21,56
3,15,63
27,22,60
18,21,57
3,19,57
1,18,47
38,23,63
5,17,62
3,16,63
25,22,63
6,20,26
0,16,28
19,20,59
2,23,22
2,18,28
7,22,32
5,21,29
11,17,62
12,21,61
12,19,63
9,21,56
19,22,57
17,19,60
14,23,58
2,19,27
6,22,36
17,20,60
18,22,62
5,22,24
5,21,57
15,17,63
4,23,38
7,23,46
13,22,57
5,21,51
4,19,26
5,22,39
1,17,60
4,21,58
3,20,56
12,16,62
14,23,60
17,19,61
3,19,26
18,22,57
0,16,61
11,17,63
1,20,41
8,23,52
8,16,63
13,21,62
7,23,53
2,19,36
12,17,63
9,23,58
0,22,22
22,22,60
6,21,59
8,23,54
3,21,44
23,22,63
13,21,59
17,23,59
3,22,52
3,19,33
4,20,31
0,20,25
9,18,62
7,23,36
9,21,59
25,21,62
18,23,57
16,20,61
0,18,31
6,21,56
3,21,52
6,22,48
2,19,57
5,21,34
23,23,63
15,21,63
0,20,24
9,22,58
18,21,59
1,18,52
2,22,37
7,22,58
13,23,57
2,19,46
14,21,60
4,22,42
38,23,62
7,23,27
4,20,57
2,20,52
2,20,46
4,21,34
3,18,58
18,21,61
17,21,62
6,22,56
16,21,61
22,23,60
14,21,56
6,16,63
4,20,33
5,22,38
9,20,61
12,21,57
1,18,30
11,22,55
3,21,40
18,22,61
14,18,60
8,21,58
27,22,62
2,18,60
9,23,54
2,21,24
5,22,42
21,23,56
9,21,58
4,22,39
5,20,28
7,19,58
9,22,59
0,19,33
21,23,57
14,22,59
5,23,44
4,22,37
18,21,58
4,21,37
16,23,57
6,19,58
1,20,39
7,19,59
7,23,42
1,20,59
5,22,33
29,23,60
5,19,61
0,17,34
0,21,24
24,23,61
18,19,60
24,22,63
6,22,30
27,23,61
1,16,29
5,21,31
5,20,60
27,23,62
1,19,39
0,18,32
18,23,60
6,22,31
0,18,48
2,22,23
4,20,49
6,22,46
16,21,59
26,23,63
17,20,63
2,20,41
22,23,59
5,21,25
19,23,59
0,18,36
0,19,50
1,22,24
0,17,49
6,23,29
6,17,61
6,22,55
0,23,23
2,19,44
4,23,23
8,20,62
0,19,51
1,18,54
33,23,61
4,20,52
16,19,62
17,23,61
4,20,50
8,22,55
1,18,58
1,18,31
6,23,39
15,23,60
5,19,25
9,23,53
15,19,62
7,23,29
6,23,40
0,19,48
1,19,30
14,23,56
16,19,59
16,22,55
8,23,34
15,23,55
0,18,34
8,23,31
2,19,30
26,22,62
3,20,53
12,22,59
13,22,56
7,23,52
4,19,27
19,21,62
0,17,55
18,23,59
3,21,33
7,18,60
9,16,63
15,17,62
23,22,60
16,20,58
2,23,23
14,19,59
7,18,61
0,18,29
19,19,62
31,23,62
1,19,25
6,20,57
7,22,30
1,20,42
9,18,63
6,23,38
28,23,59
15,19,63
25,23,61
0,19,52
4,20,54
2,20,49
20,21,59
14,22,61
6,22,33
0,20,36
4,21,45
10,20,60
10,15,63
8,21,59
11,22,60
4,22,36
17,20,58
4,22,34
1,20,40
28,22,63
21,23,63
2,19,39
13,19,59
1,23,37
1,19,36
0,19,39
7,23,49
5,21,53
1,17,55
18,19,63
3,18,27
6,22,34
34,22,62
18,23,61
12,22,60
1,16,28
17,21,63
3,20,44
6,23,35
7,23,40
6,22,40
20,22,57
0,17,27
2,18,55
11,21,61
11,18,61
27,23,63
4,20,60
29,22,62
10,18,60
19,20,60
35,22,62
4,19,28
10,21,60
20,21,63
12,22,61
0,17,31
0,19,59
2,19,33
13,23,56
1,19,58
8,19,59
0,18,45
4,22,45
1,19,40
28,23,63
16,20,59
36,23,62
23,23,61
16,20,62
1,17,61
8,19,62
5,20,25
5,22,25
15,22,59
33,23,63
2,19,47
6,23,46
0,18,51
18,22,58
1,18,29
3,20,31
1,18,28
32,22,63
14,20,58
14,20,59
12,22,55
20,22,58
17,22,56
11,21,57
6,23,24
4,16,62
21,23,59
1,19,44
21,23,62
0,22,24
17,19,63
12,16,63
13,22,60
10,19,59
20,23,55
1,18,59
13,21,58
3,20,28
7,23,39
1,20,45
6,19,25
0,17,52
12,17,61
3,20,34
6,21,29
18,23,56
8,23,53
16,19,60
10,23,58
7,23,38
20,22,60
7,20,61
1,23,22
2,19,55
4,19,25
23,23,62
1,20,34
10,16,63
6,22,29
13,17,62
6,21,58
5,22,53
4,21,44
4,16,63
1,17,58
14,19,63
1,20,36
10,19,62
14,19,60
5,21,26
1,19,33
4,21,40
3,20,47
3,21,45
4,22,52
22,21,61
16,22,61
22,22,59
0,17,53
4,19,56
19,18,63
8,20,60
22,22,62
21,22,58
34,22,63
8,19,60
9,19,63
17,23,56
23,22,62
4,23,24
2,17,27
0,19,44
17,23,57
5,21,50
6,20,27
4,22,44
39,23,63
6,22,49
8,23,56
5,20,56
23,23,59
17,21,60
2,22,47
0,15,62
13,18,61
11,22,57
14,18,63
11,23,58
8,23,51
7,23,57
5,22,50
10,17,63
1,19,59
0,19,42
1,17,31
2,20,55
5,20,57
5,22,35
7,23,28
12,18,61
7,23,54
0,19,26
4,20,25
14,20,61
1,17,29
13,19,60
7,22,56
8,17,62
2,19,56
29,23,59
5,23,30
6,17,62
6,18,60
4,18,63
7,22,25
11,22,56
32,23,63
28,20,63
15,23,57
18,23,58
3,22,54
6,22,57
17,22,58
20,20,63
7,16,62
7,20,59
4,21,48
36,23,63
7,23,33
1,18,55
4,19,30
1,18,51
13,19,63
20,23,56
2,21,43
3,19,52
2,18,32
8,18,60
33,23,60
3,20,37
0,17,57
2,15,63
27,20,63
8,21,60
7,23,44
3,22,25
16,23,59
2,19,37
19,20,63
31,23,63
0,17,29
5,23,45
19,22,59
10,17,62
5,23,28
0,17,58
7,20,57
3,20,46
20,23,57
0,16,31
15,20,58
3,19,51
37,23,62
0,21,52
6,23,36
12,22,57
1,22,38
27,23,59
0,18,43
15,20,61
1,22,22
19,23,58
16,18,61
6,23,48
17,18,62
8,23,30
12,21,60
7,22,57
5,21,49
0,20,37
4,21,31
0,18,44
9,16,62
22,22,61
4,20,28
1,17,27
1,16,63
9,22,57
0,17,54
9,22,55
2,19,48
14,23,54
7,23,45
10,23,56
19,23,56
2,22,25
6,20,28
2,22,48
3,21,34
7,23,30
4,22,47
0,18,26
16,21,58
14,23,59
3,19,60
6,19,62
0,18,42
3,16,62
26,23,62
1,19,42
12,23,57
2,18,26
0,22,23
20,20,61
29,21,62
1,18,56
0,18,41
5,22,46
3,22,47
10,22,57
36,23,61
12,21,56
19,23,57
5,18,59
18,22,56
11,23,59
15,20,63
28,23,62
1,18,25
8,23,35
4,21,36
13,20,63
35,22,63
1,19,51
4,20,30
11,18,63
6,22,47
1,17,57
3,22,37
4,23,25
1,18,46
5,20,58
6,19,27
2,21,55
8,18,62
11,19,62
6,22,25
0,21,38
9,19,62
35,23,61
4,20,58
38,22,63
14,17,62
2,17,26
4,20,53
16,22,60
7,21,61
3,21,36
0,23,24
0,17,60
31,22,61
3,19,27
4,20,59
4,21,35
2,21,37
2,17,60
0,18,38
6,19,59
10,18,63
0,19,45
10,20,63
14,23,55
4,17,61
2,19,45
5,19,60
1,19,47
11,23,57
13,23,58
3,23,22
15,19,60
2,20,37
15,22,56
33,22,62
30,21,63
2,21,25
29,20,63
5,21,52
4,18,62
14,22,56
2,19,53
1,18,32
1,19,43
11,23,55
20,22,63
9,23,55
0,20,58
0,20,38
4,20,56
8,20,58
0,18,40
0,18,59
35,23,62
1,22,37
4,21,30
20,19,63
11,20,58
16,19,61
7,21,59
10,22,59
4,18,26
10,16,62
3,21,49
16,20,63
15,21,56
3,20,52
3,23,24
6,22,28
2,20,40
2,20,58
12,21,59
3,19,58
8,22,58
5,22,40
11,22,58
10,21,61
6,21,28
1,18,50
20,23,59
5,21,54
12,21,62
7,22,51
6,22,37
12,20,60
16,23,60
0,18,33
4,21,25
2,19,51
10,21,57
7,18,62
10,18,61
6,23,41
8,23,57
2,20,54
3,20,33
11,20,61
23,20,63
6,21,25
6,19,61
0,18,53
7,23,47
33,22,63
2,16,62
7,23,58
9,18,60
2,21,47
9,21,60
0,17,47
13,22,58
5,18,60
14,21,59
10,23,54
6,23,50
11,23,56
0,19,58
23,21,62
9,23,56
14,18,62
3,17,63
5,23,40
0,18,50
11,20,59
4,22,35
2,19,49
0,18,39
7,16,63
9,20,59
17,21,61
0,21,23
3,19,29
32,23,62
17,18,61
6,23,26
18,22,60
0,17,33
1,16,60
3,20,29
2,20,50
9,17,61
0,19,41
13,21,60
0,15,63
34,23,61
7,22,52
25,23,63
7,23,26
2,18,57
7,20,60
10,23,57
5,17,63
15,22,61
17,20,62
22,23,63
3,21,38
5,18,61
1,19,49
6,22,50
4,22,51
3,19,59
5,22,51
4,21,55
5,22,43
20,21,62
7,23,50
4,21,51
13,23,54
15,19,61
6,16,62
6,21,55
7,22,55
4,21,47
4,17,60
6,20,56
3,19,53
16,21,60
3,20,51
39,23,62
1,19,48
8,23,26
2,17,28
13,16,63
14,22,55
15,19,59
6,23,43
5,19,27
3,18,30
4,23,26
0,18,49
2,22,39
0,19,35
23,23,60
7,22,31
4,21,33
15,22,55
21,21,62
2,19,52
2,20,48
17,21,58
2,20,25
19,20,61
1,20,43
14,20,60
8,18,63
11,16,63
4,23,50
1,19,45
16,21,57
6,23,51
12,23,56
5,20,27
5,19,28
17,22,60
20,21,61
1,20,49
15,21,60
28,23,60
5,19,57
5,15,63
30,20,63
2,22,38
13,22,59
13,21,61
10,19,63
11,18,62
6,23,47
8,20,59
6,20,60
20,19,62
1,19,26
1,17,53
4,19,59
2,17,29
17,21,57
6,18,59
2,19,59
1,18,57
16,22,57
4,21,32
0,17,56
19,21,61
3,22,23
1,17,56
19,21,59
10,23,55
27,21,63
4,19,29
12,20,62
6,22,35
15,21,57
3,20,38
5,18,62
7,22,59
27,22,63
2,18,56
0,18,27
5,22,30
8,23,50
32,21,63
1,18,35
25,22,61
16,23,61
10,22,55
4,23,29
2,18,59
0,17,48
28,23,61
6,22,26
17,22,63
6,23,33
15,23,58
14,16,63
6,19,26
6,23,44
3,23,23
22,20,63
4,21,50
6,22,39
22,23,62
28,21,63
19,22,58
21,23,58
6,23,34
26,23,59
4,22,43
0,23,21
2,21,36
6,19,60
33,23,62
2,17,59
4,21,41
1,18,48
3,20,36
21,20,61
2,18,31
29,22,61
4,22,24
3,20,40
1,16,62
17,20,59
21,22,60
3,22,53
5,23,49
1,23,23
2,18,33
1,21,38
1,18,53
27,21,62
20,23,58
18,21,60
0,18,47
12,23,55
6,23,25
5,22,52
25,23,62
2,19,32
8,21,57
16,23,56
12,20,59
1,20,35
5,21,32
3,21,53
0,19,37
19,22,56
22,21,62
32,23,61
11,20,63
12,19,61
15,20,60
17,22,61
30,22,63
4,17,62
4,15,63
4,20,32
4,21,42
5,23,29
5,22,45
26,22,61
0,22,37
3,19,54
2,23,24
2,20,45
6,15,63
2,21,44
10,22,60
19,22,60
3,21,41
3,21,24
8,22,59
1,17,32
2,20,59
3,21,39
11,21,60
27,22,61
1,20,25
9,17,62
4,19,57
11,18,60
40,23,62
16,19,63
16,22,62
2,20,44
5,21,58
6,23,45
8,23,32
1,21,24
4,21,29
10,18,62
1,23,38
3,18,29
11,16,62
11,19,60
2,20,33
6,23,32
13,23,55
12,19,60
14,23,57
8,22,54
5,22,47
21,21,60
14,19,61
30,22,61
2,20,47
18,18,62
3,20,54
14,22,60
4,21,46
4,21,53
26,22,60
20,22,59
1,17,59
6,21,30
6,23,49
4,23,37
5,22,49
4,19,60
10,21,56
14,22,58
10,22,56
7,23,51
2,18,58
3,21,47
8,23,58
6,22,53
20,20,62
7,15,63
20,23,60
2,18,53
14,21,61
6,23,31
17,23,54
19,21,58
18,18,63
17,17,63
19,23,60
3,21,35
23,23,58
2,19,25
37,23,63
27,23,60
0,19,38
2,19,34
5,23,38
2,17,61
5,21,33
9,23,57
3,19,30
2,19,58
4,19,58
7,23,25
5,22,28
1,20,50
3,19,31
2,20,39
7,23,41
31,22,63
21,21,63
2,21,48
12,19,59
4,17,63
2,22,24
17,22,59
12,20,63
18,19,62
21,20,62
2,21,41
7,21,56
2,20,26
34,23,63
5,23,42
5,21,56
17,22,62
5,20,55
0,19,43
21,22,62
14,21,57
11,22,59
25,21,63
12,22,58
13,20,60
17,23,58
2,18,54
3,20,30
6,20,59
1,19,34
2,20,34
1,19,46
17,22,57
6,23,42
2,21,54
0,23,22
18,20,60
30,23,61
2,21,38
6,21,53
4,22,46
2,19,54
12,17,62
14,21,58
12,18,60
1,19,31
3,18,59
20,21,60
5,22,32
4,22,38
37,22,63
9,19,59
31,21,63
2,19,50
6,22,58
1,18,34
3,18,28
6,20,61
7,23,37
5,22,41
16,18,62
1,17,54
11,19,59
5,21,28
9,18,61
24,21,63
5,23,35
7,23,35
0,18,46
3,20,48
34,21,63
9,21,57
28,22,61
11,21,59
3,19,55
22,22,63
2,18,27
5,23,43
4,18,60
29,21,63
12,21,58
5,22,31
9,19,61
18,22,59
21,22,61
25,23,60
13,19,62
0,17,50
3,19,28
18,21,63
7,20,58
2,19,38
10,21,59
1,16,61
19,21,60
0,17,32
36,22,63
7,22,54
2,20,35
5,17,61
1,15,63
5,20,59
1,20,37
5,19,58
26,22,63
12,22,56
3,20,49
3,20,41
4,21,39
22,23,57
4,22,50
20,20,60
11,20,60
13,17,61
24,23,63
0,16,30
6,22,27
16,21,62
0,18,30
1,20,38
14,18,61
2,20,43
4,20,29
6,21,57
6,22,54
17,23,55
11,21,56
8,22,56
1,19,41
3,20,25
10,19,61
3,20,39
14,17,63
4,21,54
2,18,52
2,20,32
15,21,62
7,19,60
5,23,36
5,22,34
15,21,59
9,20,58
3,21,46
3,17,62
3,19,25
15,18,62
2,16,63
13,23,59
19,23,55
4,22,41
5,22,48
31,23,60
8,23,33
12,18,63
29,23,61
13,20,59
12,23,58
3,18,60
3,20,55
25,22,62
24,23,60
16,23,54
19,22,61
5,21,48
1,17,28
2,18,62
4,22,25
0,16,58
12,20,61
2,19,29
0,17,28
0,16,29
15,20,59
2,20,51
3,21,48
13,20,62
34,23,62
12,20,58
0,21,25
7,21,60
18,19,61
0,18,52
6,23,28
5,22,44
3,20,50
3,21,25
9,20,62
6,23,27
11,20,62
5,21,55
17,19,62
11,21,58
15,20,62
21,21,61
6,20,58
30,23,60
1,19,32
3,20,59
5,22,26
0,16,32
0,18,25
17,21,59
16,17,63
2,18,30
9,15,63
23,21,63
8,23,29
13,20,58
12,23,54
6,17,63
18,23,55
33,21,63
8,16,62
1,18,49
7,19,61
4,22,40
7,22,29
18,20,59
35,23,63
7,23,32
3,17,60
10,19,60
9,22,56
7,22,53
26,21,63
5,23,37
24,22,61
1,22,23
21,20,63
15,22,57
15,18,63
5,23,25
4,21,59
22,21,63
10,20,61
1,18,26
4,19,62
10,22,58
2,21,39
15,23,59
4,18,59
8,17,61
28,21,62
1,20,44
