40,13,24
53,13,47
43,12,12
37,14,27
43,12,24
15,6,40
32,11,31
56,16,30
15,4,34
40,10,14
44,14,29
16,9,0
20,9,48
55,17,28
19,6,37
57,16,5
23,11,21
28,14,5
31,13,39
49,12,54
31,12,53
51,14,40
48,15,42
44,15,42
55,12,47
63,11,46
21,8,36
21,11,53
17,11,61
34,13,33
49,13,22
58,15,17
54,14,39
22,14,1
56,13,42
47,12,17
18,12,22
36,12,59
56,15,32
28,12,15
48,13,19
60,16,28
63,17,21
52,14,10
14,12,9
29,12,44
39,11,62
52,15,37
21,14,6
58,15,35
29,13,7
30,10,63
60,11,47
27,9,28
25,9,32
32,13,4
40,10,63
37,14,37
51,15,24
48,12,54
21,12,19
50,14,29
37,11,21
40,15,44
33,10,16
21,7,33
22,7,31
45,12,16
47,14,47
29,13,46
26,12,48
48,12,55
63,16,12
40,14,36
20,14,6
34,13,43
34,14,42
16,7,46
19,11,4
51,10,56
14,7,46
48,13,10
29,12,11
28,11,33
62,11,46
15,14,11
51,14,13
43,12,1
17,11,59
20,12,21
46,13,19
34,13,31
43,13,56
30,13,51
63,17,0
47,14,46
45,15,32
44,16,36
36,11,24
52,14,12
20,14,9
44,13,56
20,13,18
39,14,39
18,7,42
42,12,7
48,14,29
43,12,8
24,8,34
41,13,23
45,12,22
26,9,32
36,14,52
54,15,32
30,13,47
39,12,0
59,15,35
14,5,39
19,8,46
18,11,58
41,12,58
35,12,3
32,13,5
42,11,21
48,14,49
14,4,32
44,14,53
34,14,35
49,15,42
31,12,10
52,10,55
35,10,14
35,14,41
39,15,45
33,10,25
16,10,25
51,7,63
29,12,50
60,16,8
28,12,56
49,13,10
18,9,52
57,15,37
50,12,51
29,13,49
16,8,28
38,10,11
46,13,25
33,12,9
53,14,5
23,9,49
17,9,0
24,10,44
20,13,3
33,13,53
32,12,59
54,14,41
16,8,1
25,12,55
29,13,40
56,16,28
22,8,30
57,15,19
34,14,31
31,13,54
23,9,22
14,10,6
24,10,51
14,11,22
56,16,27
29,13,41
48,15,37
48,12,56
37,14,39
36,11,60
25,11,53
51,14,4
14,11,59
50,10,57
22,11,20
59,15,31
24,10,20
60,16,25
36,13,29
61,9,52
49,15,40
19,14,10
41,15,38
33,13,45
18,7,28
37,13,25
63,16,22
26,12,47
49,14,44
29,12,54
53,11,53
29,14,1
60,16,23
63,14,35
37,11,12
23,10,45
48,14,5
16,11,6
58,16,27
42,16,42
62,16,9
34,10,16
37,10,13
52,15,24
46,14,26
47,13,0
17,13,20
63,14,40
29,12,59
41,11,14
28,14,3
26,12,57
57,15,17
18,8,45
44,14,49
25,10,46
14,7,44
39,10,21
28,10,63
57,16,20
29,10,16
34,10,14
16,14,16
46,14,27
36,15,43
43,11,60
15,5,33
21,10,51
45,12,57
39,11,20
35,12,7
49,12,52
43,11,15
38,12,3
20,13,19
18,13,6
27,13,9
27,9,25
33,11,27
54,15,1
21,10,63
59,12,47
28,10,19
51,15,26
45,10,61
52,12,52
38,14,46
38,13,24
31,14,39
49,14,4
41,14,35
20,7,38
18,13,9
24,12,14
23,13,15
24,9,30
14,11,58
23,8,36
63,13,40
16,12,22
38,9,16
46,15,32
33,10,14
17,7,41
31,13,53
61,14,40
35,10,23
16,7,28
56,14,39
25,11,57
58,16,28
30,12,49
33,13,5
56,15,10
56,15,33
48,14,44
41,11,20
19,8,28
61,11,48
15,6,39
24,12,16
32,14,37
36,10,62
54,13,45
42,12,58
25,9,38
54,15,4
42,12,22
14,9,4
51,13,11
43,16,37
62,17,0
63,11,48
34,14,34
26,9,23
32,13,48
31,13,50
26,10,44
16,6,41
41,15,47
20,12,4
52,10,56
40,15,38
47,12,56
51,14,1
27,9,19
47,14,30
52,15,27
56,8,62
58,16,8
21,11,57
21,9,26
56,13,44
30,13,45
62,17,21
41,10,18
32,12,33
52,14,0
60,17,1
51,13,44
22,10,47
42,15,34
55,15,28
25,12,57
40,16,41
14,10,25
16,14,10
45,12,14
19,9,26
52,15,29
32,13,50
30,12,50
29,13,43
21,13,2
26,11,51
63,17,18
18,10,1
62,17,18
50,11,56
49,14,0
54,14,16
54,10,54
21,13,17
52,10,58
59,8,62
62,15,33
53,12,51
51,15,34
38,14,47
20,6,33
35,13,52
29,9,24
61,17,1
53,15,19
54,12,47
52,11,52
47,15,46
50,14,44
63,16,11
26,14,4
51,14,29
42,14,26
20,11,57
28,12,48
30,11,62
54,14,12
49,13,48
27,10,37
33,9,21
58,9,55
41,11,11
62,17,3
19,7,34
40,11,18
18,14,15
40,14,48
60,16,17
22,8,41
18,13,19
48,14,7
56,10,54
43,14,54
51,15,25
25,9,35
31,10,16
63,14,37
18,13,18
26,10,62
16,6,37
53,14,18
19,10,62
45,15,44
53,10,55
51,15,35
28,12,55
62,16,15
15,6,41
57,16,22
14,11,63
39,15,43
27,10,62
48,11,56
33,13,57
26,10,61
20,13,13
30,12,54
39,14,49
39,10,15
31,13,38
25,11,52
32,13,0
15,5,35
36,14,29
17,8,27
61,17,0
55,10,56
15,8,47
25,11,61
50,11,54
23,10,47
25,11,59
36,12,8
39,11,6
32,12,11
51,13,14
33,14,42
30,11,14
32,13,47
36,13,27
39,10,62
54,14,8
39,14,56
16,11,24
34,14,36
60,15,33
33,13,42
44,9,62
62,16,11
47,11,56
27,9,31
18,7,43
31,9,23
48,13,3
53,15,8
57,15,14
21,8,46
24,11,50
62,11,49
43,13,3
55,15,13
40,14,46
38,14,55
54,14,11
27,11,50
58,15,8
46,11,59
44,12,22
14,7,29
48,15,45
22,12,19
56,15,37
29,11,32
54,13,46
37,12,3
25,9,37
46,10,60
24,10,41
53,7,63
14,8,47
57,14,41
29,11,15
43,14,33
54,9,56
46,13,18
34,12,8
31,12,60
63,15,35
19,11,59
23,9,46
31,10,15
36,13,31
23,9,43
61,15,35
19,6,33
31,10,28
63,8,57
28,11,41
36,14,43
35,12,28
23,9,44
40,12,5
51,14,27
51,15,37
34,12,10
60,9,58
14,14,13
26,9,29
35,12,26
56,15,38
17,9,26
32,11,15
33,11,13
26,11,55
32,12,6
21,8,45
52,8,62
36,14,42
49,10,60
51,15,22
43,15,43
40,15,41
49,14,27
54,9,57
36,9,20
28,9,25
21,13,11
22,9,42
60,16,11
53,12,50
39,15,40
51,14,23
20,8,39
18,10,54
34,11,14
16,9,25
16,6,44
48,13,12
49,12,53
21,14,10
63,16,10
34,13,29
44,12,16
39,14,31
43,11,61
41,12,2
22,12,20
21,11,55
32,12,57
54,8,61
24,11,20
49,15,41
28,10,35
40,12,8
24,9,36
56,12,46
26,10,35
49,10,61
24,10,22
62,10,52
35,11,11
18,7,44
22,10,52
34,13,58
37,13,2
42,13,0
29,13,4
59,14,39
61,16,28
22,12,18
46,13,3
26,14,6
42,14,54
60,10,52
17,14,16
42,11,13
17,6,38
50,13,50
53,15,22
14,13,20
37,14,56
44,16,43
35,13,27
22,12,54
34,13,42
52,14,2
50,8,62
60,16,15
16,7,29
53,11,50
44,15,32
44,11,22
14,10,56
44,13,7
20,11,0
44,15,36
53,15,29
18,9,25
39,12,58
52,15,39
35,12,58
63,15,31
28,9,29
53,13,45
55,8,60
25,13,12
33,12,31
51,12,50
25,11,48
14,6,42
15,9,3
33,13,4
35,14,35
25,10,21
41,13,58
57,8,61
38,12,1
53,8,61
59,10,52
58,15,12
31,9,21
63,12,42
25,11,58
16,12,21
15,11,54
59,16,1
38,11,7
40,12,7
59,12,45
22,8,42
23,13,8
36,10,23
20,13,17
33,10,15
51,15,29
32,12,12
61,16,20
60,11,46
51,10,57
57,12,48
43,13,2
47,9,62
52,15,22
52,14,9
63,16,24
28,9,31
39,14,50
19,7,42
57,11,49
55,13,42
51,11,54
29,9,26
18,12,20
52,13,46
18,8,48
23,9,23
56,15,3
19,10,63
31,14,1
52,15,33
55,8,61
33,12,60
62,16,28
24,12,13
23,10,21
32,12,60
62,17,6
48,10,57
40,14,50
50,9,62
23,13,12
33,12,58
25,13,8
36,14,50
45,13,8
30,10,30
26,9,21
35,12,59
24,9,43
47,13,50
28,10,34
18,6,30
35,13,2
36,11,10
61,16,14
48,13,7
43,11,22
26,10,20
52,14,14
20,11,59
30,10,18
56,13,45
40,12,22
19,10,1
28,12,12
45,16,37
39,15,46
27,12,15
62,17,22
34,11,27
28,11,36
22,8,35
24,11,54
19,11,56
30,12,34
47,15,38
48,15,36
63,16,30
55,15,12
19,9,25
17,12,8
31,12,7
16,4,33
54,7,62
37,10,15
43,12,6
56,15,8
46,16,42
46,12,9
25,12,14
24,9,23
18,6,33
20,12,22
26,11,62
22,9,39
58,16,12
36,15,42
17,9,51
33,10,26
46,9,61
47,16,40
29,11,17
47,13,49
49,14,8
30,14,43
36,14,39
55,15,23
21,10,62
14,13,18
23,9,50
57,16,26
16,11,55
20,7,34
18,14,9
56,15,34
51,15,31
53,14,8
36,12,61
23,9,26
41,14,49
49,14,18
43,13,54
32,13,42
29,12,13
33,11,12
16,10,5
42,15,43
59,16,12
25,10,41
41,14,34
49,13,12
51,14,12
19,12,22
14,6,44
27,11,47
60,15,37
24,13,9
55,9,58
56,10,51
36,9,19
34,9,23
60,12,46
34,9,17
34,13,51
42,9,63
24,11,58
14,11,8
28,10,62
50,13,13
38,14,44
37,12,6
60,16,13
25,11,55
48,15,32
41,11,9
30,13,52
25,11,54
57,15,32
22,9,50
15,5,42
24,9,41
35,12,27
38,9,17
62,10,48
28,12,38
48,15,41
40,14,47
49,14,25
18,12,8
46,15,39
36,11,25
38,11,60
51,14,28
40,10,18
36,10,15
50,14,10
36,10,14
46,15,37
50,13,47
54,12,49
63,17,22
61,16,22
22,10,51
27,11,35
25,11,44
47,13,22
57,10,55
17,11,57
45,11,59
47,12,54
47,14,0
17,13,19
31,10,62
18,8,46
50,15,32
49,14,30
57,16,17
18,7,47
32,9,25
38,10,15
16,11,54
63,17,14
59,16,23
18,10,2
43,12,3
47,12,57
59,7,62
38,13,27
28,11,61
45,13,5
54,12,46
20,11,2
48,12,14
42,11,60
22,11,60
58,15,34
25,9,26
28,13,7
35,13,1
34,10,63
41,10,16
23,10,51
17,7,47
46,15,44
36,10,63
61,16,2
34,14,44
31,13,43
41,11,15
16,8,49
57,14,39
43,14,50
37,12,2
24,9,22
19,14,8
35,13,56
57,15,16
25,10,37
47,13,7
32,13,3
40,12,0
47,12,55
59,13,42
26,9,35
40,11,12
55,10,52
24,12,18
63,16,28
61,6,63
22,10,21
27,10,18
38,14,50
24,10,21
37,13,56
53,15,0
31,12,52
33,12,32
55,15,22
55,16,27
20,8,36
18,4,32
28,13,4
15,11,9
21,13,5
51,13,12
37,12,24
63,13,42
35,13,48
63,14,38
47,13,15
18,8,26
17,5,34
61,15,32
60,13,44
41,16,42
37,14,32
54,13,43
15,11,57
25,9,22
45,16,39
34,12,6
26,11,46
47,13,54
43,12,14
45,14,49
27,12,48
58,8,59
31,13,49
23,9,41
22,9,46
27,14,4
56,12,48
20,14,5
24,9,42
24,9,26
22,8,31
18,8,50
46,14,49
30,13,48
36,11,22
31,13,37
30,13,39
35,12,60
37,14,28
29,10,62
15,5,34
32,12,8
29,9,29
48,13,53
30,13,8
34,10,23
15,9,27
32,14,40
55,14,41
49,13,50
19,11,60
59,16,21
48,15,40
18,5,31
47,15,45
46,13,53
60,16,26
50,15,42
21,13,4
26,11,50
40,12,4
22,9,49
41,16,39
37,13,57
46,16,41
22,14,0
14,8,28
46,14,28
44,15,33
28,13,5
42,14,33
58,16,20
44,13,2
31,9,22
26,14,0
41,14,48
39,10,13
28,9,28
34,12,59
21,9,23
48,10,60
17,6,30
28,9,23
21,8,35
19,13,18
59,8,58
16,5,32
52,8,60
40,14,53
35,13,55
26,14,7
52,15,4
31,12,55
25,9,29
19,11,2
21,11,54
21,10,50
30,13,3
26,13,7
24,13,8
59,14,38
39,10,17
59,16,2
27,10,20
31,11,32
35,11,12
53,15,1
32,13,34
51,15,33
19,11,55
36,10,20
52,15,38
48,13,26
16,13,11
35,11,24
26,9,24
14,12,22
21,13,10
37,14,54
31,13,7
33,11,11
51,13,50
27,11,44
39,13,26
50,12,52
19,6,32
55,16,29
15,10,53
25,14,0
32,14,34
34,12,27
14,7,28
56,15,31
20,10,50
52,13,43
38,10,62
26,9,63
58,8,60
58,16,13
44,14,26
55,15,26
17,5,32
50,7,63
57,10,51
17,8,26
15,5,41
50,15,38
41,12,0
20,10,51
33,14,39
46,12,24
22,9,23
61,7,60
27,9,23
53,15,30
49,14,46
35,14,37
43,16,41
35,9,18
38,14,53
41,15,43
46,15,41
45,14,47
52,15,1
32,13,32
42,12,4
19,6,34
23,11,19
18,11,57
56,15,16
17,14,13
57,15,7
35,13,50
43,13,1
19,14,14
60,14,41
56,15,0
27,10,33
45,13,2
57,16,29
29,14,0
15,11,23
53,15,6
62,12,46
25,11,56
33,11,29
48,13,22
52,15,31
56,15,12
48,13,21
39,15,38
62,17,5
33,10,62
35,14,47
40,11,62
61,15,34
55,12,45
17,10,5
15,4,33
25,12,12
27,11,53
49,13,49
39,10,18
46,15,42
25,14,2
37,15,44
16,14,17
35,10,13
33,12,30
25,10,63
52,14,3
27,9,63
53,11,51
25,10,43
41,10,17
15,8,3
38,14,31
40,11,59
29,12,14
14,8,2
45,13,54
30,9,18
51,13,47
50,12,54
39,10,16
21,8,38
36,12,4
46,15,35
28,11,35
55,14,38
42,12,59
49,13,13
40,12,1
19,13,5
51,14,42
36,12,27
47,13,51
62,16,22
43,11,20
18,7,45
54,15,27
58,16,9
27,14,1
54,15,8
62,17,9
14,5,41
46,15,43
47,13,10
42,12,1
41,14,25
49,10,58
58,16,30
21,8,28
33,13,52
31,13,52
41,14,47
21,9,48
15,11,7
49,10,59
23,13,11
17,6,43
43,12,59
15,5,32
41,15,35
44,14,33
16,13,9
19,14,6
21,13,19
36,10,17
16,8,0
22,9,48
35,11,26
52,14,20
22,8,36
58,8,61
46,13,50
28,12,37
39,12,4
47,15,44
33,13,48
24,9,29
34,12,60
53,9,60
46,14,32
60,11,49
38,11,61
26,13,10
50,14,42
38,14,32
22,9,25
52,14,43
20,7,37
18,10,63
47,14,50
43,16,38
27,11,52
41,14,26
59,9,56
41,11,60
15,13,19
14,14,17
63,9,53
27,9,34
35,10,17
39,15,41
42,15,44
18,14,14
58,16,22
40,14,49
41,16,41
42,13,58
35,12,6
62,13,41
52,12,50
44,12,9
63,17,20
61,16,24
28,12,40
37,11,7
52,15,0
21,12,18
47,13,16
20,10,22
37,10,20
49,14,47
53,14,42
26,14,2
24,10,61
16,13,17
56,16,22
27,12,45
48,13,8
44,12,17
63,8,55
33,12,5
33,14,36
26,10,41
62,7,62
21,7,35
46,16,38
44,14,50
29,11,36
32,12,32
24,13,11
43,14,34
48,13,54
54,15,34
36,14,54
49,13,16
43,13,55
52,12,47
15,9,49
55,15,18
26,10,63
61,16,10
42,11,19
16,11,23
40,15,45
59,16,20
33,9,19
50,15,31
29,12,43
21,10,22
16,9,51
52,11,56
30,14,0
32,10,16
22,13,9
46,13,6
33,13,49
49,13,18
62,7,59
15,7,45
60,11,48
27,9,27
19,5,32
27,12,47
28,12,47
30,9,26
21,12,2
33,12,7
42,12,10
15,13,20
47,13,12
41,12,7
26,13,6
16,11,56
56,9,58
44,13,54
35,14,34
60,16,1
28,11,38
21,9,46
45,12,11
48,15,38
27,11,60
26,12,12
46,13,55
55,15,32
21,9,24
40,15,39
14,11,57
34,9,19
55,15,33
41,15,37
17,12,9
55,15,2
42,12,9
40,11,13
59,16,15
14,8,4
61,13,43
25,10,38
58,12,46
33,13,51
25,12,13
45,14,27
23,10,48
32,11,61
27,11,16
24,14,6
15,6,37
42,16,40
57,15,3
59,9,57
32,9,17
38,14,38
47,13,52
25,9,28
63,17,15
39,11,60
51,14,44
45,14,31
29,9,21
18,11,4
44,12,58
34,13,48
50,14,26
34,9,20
48,14,47
47,13,8
26,9,25
37,12,1
15,8,0
23,10,49
44,14,28
23,12,54
31,10,26
26,12,55
52,14,1
39,10,12
38,9,19
33,13,46
25,9,40
49,15,35
33,9,24
17,8,47
30,12,38
44,12,21
61,16,13
58,13,43
59,15,36
41,14,31
34,13,5
41,9,63
40,14,28
18,9,2
60,9,54
20,8,28
32,12,10
39,14,30
42,14,34
61,13,40
51,15,23
36,12,25
17,14,14
35,11,10
33,9,22
35,13,57
51,9,59
19,14,15
26,9,33
14,9,51
47,10,60
29,12,55
31,11,15
46,16,39
59,10,53
22,14,7
62,16,4
31,11,60
57,7,63
57,11,48
36,9,18
32,13,53
15,9,6
23,9,24
58,15,13
24,10,62
20,11,21
17,11,24
49,13,15
39,12,7
53,9,57
27,10,34
18,10,0
57,15,30
15,7,28
58,16,14
60,16,3
27,12,54
53,14,7
25,9,34
30,11,30
41,16,38
26,10,39
23,8,35
55,14,42
25,9,24
15,13,10
23,10,20
46,13,8
14,5,37
31,10,27
45,16,42
26,9,30
59,16,8
57,15,36
29,12,53
19,12,21
20,12,1
18,6,38
16,6,29
46,12,56
56,16,24
40,14,27
56,10,52
30,12,56
62,12,43
45,13,3
43,14,52
63,7,60
40,13,23
34,13,52
39,14,54
17,7,44
15,13,12
27,12,13
50,14,46
22,7,32
42,13,24
29,12,48
14,11,9
55,15,38
15,10,5
23,8,29
59,16,24
16,9,49
41,15,46
52,14,40
34,12,4
46,13,26
51,12,48
39,14,33
29,9,20
61,7,63
46,13,23
55,10,54
32,10,63
27,11,18
24,10,43
14,13,10
14,8,5
36,14,49
45,12,7
23,11,58
30,12,58
55,11,52
27,11,39
50,13,17
51,14,21
42,14,31
23,9,27
54,15,28
30,11,15
17,8,49
63,7,61
35,14,48
62,15,35
29,13,5
33,12,54
28,12,11
29,12,51
22,11,52
58,12,47
57,16,6
43,12,17
19,5,30
18,11,24
23,9,47
18,9,24
24,12,57
43,12,20
45,14,53
16,5,40
23,10,52
17,9,49
22,9,47
20,10,23
19,9,52
18,6,40
16,9,1
56,16,2
44,11,14
52,12,53
37,11,22
31,13,3
43,11,59
58,16,6
23,13,16
40,15,37
49,14,31
18,6,29
52,8,63
14,9,5
42,13,56
61,16,18
32,12,7
28,11,16
58,16,29
42,14,55
21,11,22
62,17,20
41,10,15
24,11,52
33,13,56
29,9,30
24,9,21
16,11,22
22,10,50
34,9,22
32,10,25
28,11,37
14,10,55
33,12,29
30,12,60
57,16,21
44,15,34
16,8,48
23,12,19
21,14,0
31,11,62
23,9,42
44,13,53
50,15,41
40,12,59
28,9,22
49,14,24
18,6,37
45,13,56
45,14,32
21,14,1
25,12,18
28,10,18
50,14,45
16,11,62
15,10,24
24,9,39
59,10,50
57,13,44
56,16,23
29,11,59
35,12,5
27,9,26
31,13,34
62,13,43
60,14,40
38,13,1
58,15,11
47,15,34
17,7,42
20,11,56
15,10,25
41,12,22
47,12,13
59,9,55
31,14,42
45,16,40
52,15,36
28,14,1
54,14,43
20,14,14
47,13,9
14,6,43
19,6,36
16,11,59
63,17,17
30,12,51
54,15,24
26,10,43
39,12,5
46,10,58
17,6,35
17,7,46
46,8,63
44,10,62
60,13,43
28,11,59
59,11,47
41,11,21
62,14,40
61,10,50
32,10,14
63,16,26
62,17,19
39,11,7
16,6,45
30,13,42
35,12,8
55,10,53
29,10,29
22,9,22
18,11,3
23,9,37
42,11,22
23,9,28
48,13,14
61,8,59
58,10,51
34,10,17
21,7,30
35,12,10
28,12,57
23,14,0
41,11,16
23,10,50
35,11,23
53,15,23
29,12,52
28,12,45
63,17,5
15,11,63
61,16,27
15,5,37
21,8,27
22,13,16
16,9,5
49,14,20
37,12,8
56,15,11
29,13,10
45,11,61
16,5,37
44,11,17
21,8,33
21,14,3
18,8,44
23,12,55
33,14,43
57,11,51
30,14,41
58,16,11
53,14,15
35,14,30
36,14,28
32,13,35
25,11,17
51,14,22
43,14,53
36,14,33
37,12,26
25,9,27
62,16,16
24,12,56
32,14,41
59,16,30
61,9,55
40,11,21
20,9,50
23,13,13
37,12,5
16,6,35
17,11,22
25,10,52
39,14,38
49,14,5
62,8,59
53,12,46
41,12,8
24,14,2
20,7,42
36,13,58
57,11,50
48,8,63
23,12,15
56,14,40
38,10,19
38,10,18
47,13,2
32,12,53
56,15,13
24,11,57
41,15,41
35,13,51
27,12,55
25,11,19
36,13,54
26,12,16
63,17,23
61,16,32
40,10,17
58,16,4
15,12,10
60,16,14
30,13,38
31,13,2
42,15,47
35,14,36
61,16,21
58,16,3
33,10,17
28,9,21
57,8,62
52,15,28
39,11,12
52,14,19
29,12,9
23,9,45
41,10,63
22,11,55
59,16,31
42,15,37
31,9,27
39,11,9
50,9,61
27,11,45
41,11,12
32,13,52
20,9,25
15,11,24
50,14,28
41,12,9
15,11,56
46,9,62
42,16,41
36,13,2
48,14,27
43,9,63
16,5,35
51,15,40
48,13,50
35,11,25
50,14,7
17,4,32
61,9,56
30,12,10
26,9,22
18,14,11
21,14,9
49,9,62
18,7,41
23,13,10
48,14,26
39,13,56
16,4,32
48,15,35
41,12,6
24,9,35
15,8,1
23,8,30
39,12,2
52,14,17
60,15,34
39,13,25
46,9,63
22,9,43
44,11,60
49,14,43
63,12,45
52,14,39
47,13,21
19,7,28
25,9,39
57,9,56
32,10,62
25,11,49
61,15,31
19,12,6
36,13,30
25,10,47
28,11,58
55,11,48
63,16,17
32,14,43
44,12,5
24,13,15
17,10,53
24,11,48
46,12,19
54,15,33
22,8,44
55,16,24
17,9,3
20,8,38
58,9,58
48,14,46
24,10,46
17,12,21
42,12,11
52,13,47
48,14,2
40,12,2
14,5,38
21,11,58
35,13,0
53,14,10
42,13,23
41,11,19
39,14,27
63,17,3
59,14,42
47,13,5
27,13,11
27,11,36
32,9,21
45,15,35
16,7,45
46,12,18
60,16,7
53,10,54
25,14,3
39,10,14
29,9,25
54,12,50
47,15,33
45,15,33
21,8,42
34,11,13
41,16,37
41,13,55
62,16,18
46,12,55
31,13,36
53,14,39
37,14,38
45,15,43
40,10,62
31,14,0
47,14,1
14,11,62
19,8,42
14,7,0
45,13,24
24,9,28
43,11,13
20,9,51
34,13,55
44,15,46
16,13,18
62,16,17
61,7,61
40,11,20
44,11,61
18,11,55
42,14,51
33,13,3
20,13,5
35,9,22
37,10,22
24,14,4
19,13,20
23,12,16
38,15,40
63,17,12
38,10,12
17,13,8
45,12,17
50,14,30
36,11,61
50,15,39
47,13,6
41,14,50
57,15,34
59,16,0
40,13,56
20,6,32
56,15,5
48,13,49
25,10,51
46,13,0
61,8,58
58,16,31
62,17,8
58,13,45
40,14,30
43,11,21
53,8,63
20,8,45
61,16,6
16,9,3
29,12,40
33,10,23
55,16,22
52,14,6
58,11,49
39,12,3
43,14,25
20,10,52
34,12,61
28,11,34
45,14,50
19,10,0
37,11,24
60,9,53
43,12,0
50,14,47
62,18,21
46,13,2
63,10,48
42,12,0
62,17,24
62,17,14
17,14,15
29,13,39
22,9,41
58,8,62
18,10,24
20,9,24
44,12,56
59,7,61
63,16,18
18,5,33
55,15,25
57,9,54
57,15,4
15,9,26
46,15,46
38,14,37
51,15,36
34,11,10
31,14,43
20,6,30
51,13,13
35,14,43
58,15,38
24,11,60
30,9,20
23,11,57
14,5,35
44,13,55
46,12,57
19,5,31
14,14,12
47,14,32
18,6,36
57,15,11
35,13,29
42,14,50
57,7,62
27,11,54
43,15,34
35,14,33
59,16,17
31,11,29
33,13,50
33,13,33
30,12,53
63,17,8
42,16,37
28,12,59
14,10,8
22,8,40
24,9,27
63,17,1
63,14,39
36,14,53
36,14,44
25,9,25
26,11,40
41,14,29
49,14,3
46,12,10
38,10,17
23,11,54
19,12,4
58,10,54
45,10,62
54,14,38
36,14,55
26,10,18
53,14,41
55,15,30
55,9,59
19,11,61
54,14,13
26,11,61
27,10,35
62,16,6
20,8,47
51,9,60
33,13,44
48,8,62
48,9,61
14,10,54
15,9,25
43,15,35
63,17,9
14,11,55
34,14,38
43,15,45
54,12,48
59,16,18
18,11,63
61,16,7
18,11,6
15,4,31
34,10,15
17,10,2
19,13,17
24,10,52
15,6,44
62,8,58
54,15,37
20,13,0
51,13,48
53,15,33
14,8,49
39,13,24
15,13,18
24,12,17
55,11,53
51,14,24
25,11,50
63,6,63
59,15,37
23,11,60
61,16,15
27,9,21
52,14,41
46,13,1
57,16,23
33,13,54
38,14,27
61,16,16
48,14,3
51,15,21
32,9,19
34,12,30
39,14,45
29,11,31
34,13,4
36,9,21
22,8,34
58,10,50
45,13,52
46,13,21
52,9,61
21,6,32
55,16,28
45,12,15
42,14,35
16,6,40
40,13,55
14,5,30
21,8,26
21,8,49
52,11,51
35,13,4
17,6,33
33,12,27
24,11,49
20,13,1
60,10,53
30,11,33
58,11,48
14,11,23
27,13,5
43,15,44
36,9,16
53,15,35
38,13,56
17,6,31
42,11,20
16,11,60
47,14,48
47,14,45
46,14,47
31,13,44
52,15,34
40,14,54
61,16,3
17,11,56
17,10,3
55,15,16
42,14,29
33,11,14
20,12,2
52,13,44
45,13,55
33,12,6
63,9,54
40,11,8
39,12,6
51,14,19
38,11,12
18,7,40
22,14,6
35,10,22
25,8,33
42,11,15
37,9,19
26,10,37
63,6,62
40,12,58
48,13,9
45,12,56
23,13,14
38,10,63
20,14,10
35,11,61
62,17,4
20,9,26
60,13,41
16,10,53
35,10,21
56,11,51
42,14,49
50,14,8
30,13,7
14,14,15
15,6,29
49,14,2
17,13,10
41,14,51
43,11,12
38,15,43
57,15,8
58,9,56
32,13,7
50,8,63
41,14,52
47,13,26
48,14,30
42,12,5
14,7,1
58,15,14
45,10,60
40,13,25
38,12,25
56,9,55
57,15,31
43,12,57
51,14,5
21,10,53
56,15,20
53,14,9
25,8,32
54,14,15
48,13,25
60,14,39
14,13,19
36,13,51
33,9,23
41,11,13
51,14,18
61,16,12
37,9,18
25,9,36
17,10,63
53,14,43
62,16,25
20,6,31
30,11,16
47,13,1
23,14,6
39,13,32
48,15,43
62,15,37
50,12,53
32,9,18
26,9,27
37,14,35
24,14,7
16,13,20
60,16,31
48,13,13
24,13,7
59,13,43
18,10,62
49,11,57
42,14,30
27,10,19
24,10,45
26,10,36
47,15,41
54,10,56
31,13,5
41,14,36
58,16,7
22,13,15
14,4,33
44,12,57
36,14,38
19,11,0
16,10,4
35,14,42
27,12,16
19,8,26
57,16,1
58,15,32
20,10,63
61,16,5
15,7,1
28,9,26
21,12,21
38,12,22
18,8,27
62,12,44
21,6,30
55,15,24
55,16,26
21,6,31
23,7,32
28,11,52
21,14,12
61,7,59
15,11,22
56,15,15
35,14,49
48,13,20
27,12,43
46,12,22
30,12,55
36,13,55
55,15,31
24,8,35
38,14,39
31,9,18
19,13,16
19,11,57
32,11,60
18,9,51
32,11,29
18,11,59
19,7,36
29,12,39
53,14,13
34,12,11
49,13,14
26,11,18
24,14,8
15,11,60
46,15,36
37,10,62
41,12,3
63,9,51
20,12,0
16,5,34
36,14,36
55,15,3
51,14,15
62,16,27
45,15,45
48,10,61
48,9,62
37,14,41
49,15,38
47,13,23
35,14,40
51,14,7
30,12,9
51,11,56
15,8,48
52,14,13
49,13,47
56,15,4
38,12,4
63,15,33
52,9,60
58,16,26
33,13,47
24,8,31
29,13,9
38,14,35
50,8,61
32,12,30
22,10,49
42,11,17
20,7,28
26,12,15
62,16,5
20,12,20
60,16,5
17,9,50
42,15,35
29,12,12
16,10,54
20,10,24
21,8,44
20,6,29
18,12,5
62,16,20
51,12,54
22,8,43
48,14,6
51,13,45
43,14,26
52,10,57
60,12,44
37,14,53
45,12,55
16,14,12
29,14,2
44,16,37
50,14,25
62,16,10
59,14,41
23,9,35
52,14,16
42,15,42
59,12,46
32,14,42
37,14,40
45,12,12
49,14,1
36,14,47
18,7,39
21,12,20
28,12,14
34,11,26
17,11,62
31,12,11
36,15,44
44,13,25
45,14,48
58,9,54
25,11,46
25,12,17
49,8,62
29,12,42
14,9,27
21,10,23
20,13,15
38,14,52
31,14,37
36,10,22
33,13,32
41,10,20
30,11,13
45,13,6
30,9,27
18,11,62
57,9,57
17,6,39
27,12,51
29,13,6
17,9,2
32,14,35
61,12,43
20,8,44
25,9,30
58,11,47
36,10,21
49,9,61
43,11,19
60,16,10
39,11,61
16,6,31
48,15,34
16,6,42
41,15,45
44,11,15
14,9,25
63,16,29
27,14,2
32,11,27
26,9,36
40,14,52
40,16,38
21,14,8
31,13,41
42,16,36
46,12,20
26,12,49
50,14,31
22,7,33
48,12,52
53,10,57
21,11,62
38,10,16
31,11,13
58,7,63
22,12,17
14,11,56
15,14,15
56,10,53
15,11,62
52,14,15
35,11,13
57,15,35
16,6,38
21,11,61
54,15,2
37,14,31
17,10,24
62,14,39
45,13,4
18,12,6
40,12,23
46,13,10
49,14,23
42,13,25
31,9,26
25,10,20
55,15,20
52,13,45
47,12,16
45,16,41
46,13,9
50,9,60
56,9,56
42,10,63
46,12,21
15,9,5
23,11,20
31,13,45
40,12,3
39,11,21
45,8,63
19,7,44
45,13,1
30,12,52
49,12,51
38,14,33
24,11,59
52,12,48
43,13,0
19,13,7
18,7,29
36,12,24
36,13,28
35,13,30
16,10,24
22,8,38
55,11,50
49,13,23
15,10,52
46,11,57
52,9,58
43,11,14
50,10,56
17,8,50
24,9,38
31,12,54
51,10,59
61,12,45
56,16,21
32,10,26
20,11,54
48,13,23
37,9,20
52,7,63
15,10,6
63,17,19
17,6,29
46,12,12
23,14,1
56,16,26
14,9,6
14,13,12
15,5,40
34,12,26
53,14,11
20,13,16
21,11,59
33,10,24
27,9,29
38,11,9
37,14,45
50,15,35
31,9,24
52,9,59
30,10,62
43,14,47
54,15,18
23,9,29
14,8,3
60,15,35
43,12,19
25,10,61
53,15,32
46,15,45
58,15,10
56,16,29
42,11,12
43,14,27
50,14,16
14,12,10
50,15,36
54,8,60
54,9,59
44,12,13
19,8,48
39,15,44
46,12,14
55,16,20
31,11,28
45,11,15
44,14,25
42,12,12
49,14,42
14,9,26
47,16,41
46,14,48
44,13,26
18,5,30
54,15,15
17,7,48
60,17,0
52,14,21
17,11,8
53,11,55
22,7,30
57,9,55
53,15,17
14,7,2
28,12,46
45,10,59
63,13,41
39,14,35
34,14,32
37,11,9
38,12,6
40,10,20
54,15,10
55,15,36
51,14,45
14,4,34
31,13,8
37,11,61
39,13,0
26,12,11
55,15,0
24,11,55
44,12,10
22,11,54
60,16,30
52,12,51
40,9,63
46,16,40
23,14,7
54,15,20
55,15,15
15,11,55
42,12,3
62,16,31
24,9,40
16,6,36
30,12,8
38,13,26
36,10,12
21,8,43
38,13,58
25,8,34
19,7,43
35,9,20
42,14,27
37,11,10
29,12,47
45,14,46
31,11,61
26,12,58
32,12,54
40,14,34
33,14,47
42,14,25
26,8,31
46,14,29
23,14,4
49,14,48
49,14,26
48,11,57
17,10,4
34,10,24
31,12,58
23,8,34
36,12,60
33,12,53
56,13,43
21,13,16
47,13,4
39,14,26
19,8,49
30,12,33
50,15,37
40,11,7
21,13,8
15,11,61
54,15,19
60,9,55
41,11,59
45,12,21
39,12,24
26,12,56
14,9,52
51,14,3
58,16,23
45,15,34
52,15,23
25,9,21
16,8,3
42,15,45
51,15,30
32,11,12
42,13,57
26,11,52
19,9,50
35,10,62
53,13,44
50,10,58
37,13,59
17,11,23
50,13,14
28,12,42
28,12,53
46,12,23
24,9,44
37,10,16
32,11,13
48,15,44
47,15,37
62,10,51
33,13,55
20,7,36
28,13,8
49,8,63
63,12,44
27,12,14
47,10,58
57,16,25
44,12,12
16,11,58
33,14,40
34,14,47
38,11,10
40,11,22
52,11,55
23,11,59
55,11,51
46,17,38
50,14,15
56,9,60
27,12,10
61,9,53
41,12,10
61,10,52
61,8,55
43,16,42
24,9,63
16,11,7
28,9,63
50,13,9
28,11,53
57,16,31
37,14,34
46,15,33
18,10,25
30,13,46
35,14,31
62,17,10
49,14,9
37,12,23
60,16,32
27,11,15
52,15,30
39,12,23
56,16,19
51,14,26
19,11,3
25,13,10
38,12,24
59,8,60
50,13,51
32,10,15
15,7,44
23,12,17
46,12,16
45,12,18
18,11,0
39,11,13
16,7,44
48,14,28
49,14,28
23,12,20
23,10,63
28,12,41
22,11,61
37,14,29
20,8,49
46,13,11
55,15,6
46,10,59
18,14,16
26,14,3
56,15,35
37,14,51
61,11,49
38,14,45
31,13,47
38,14,56
54,15,23
62,17,17
43,10,61
18,12,7
30,13,49
45,13,25
29,12,45
20,8,48
61,11,46
63,16,31
38,11,11
46,10,61
60,15,38
30,11,60
59,10,51
23,11,56
20,7,35
24,8,30
29,9,27
26,14,1
50,14,21
58,16,25
29,13,44
25,10,45
27,11,56
42,10,20
47,13,25
60,16,27
20,9,47
63,7,58
56,11,52
33,11,28
54,11,52
53,9,59
19,8,44
22,14,5
18,10,23
42,11,16
28,10,32
17,5,31
43,16,39
29,11,62
52,11,53
18,9,50
57,9,59
60,14,37
50,11,55
32,13,43
45,14,30
17,10,25
49,15,34
50,15,34
29,11,16
32,11,30
25,11,18
54,14,40
27,11,51
18,5,32
46,13,4
53,15,24
15,6,38
43,16,35
27,10,63
53,12,49
23,9,39
19,13,8
62,9,55
20,14,12
55,16,23
51,15,32
37,12,25
21,9,47
19,10,24
21,8,37
52,15,3
49,13,20
36,11,62
19,6,29
33,12,11
63,17,16
51,9,61
14,10,24
22,14,3
47,15,40
44,12,24
63,13,43
15,10,51
44,16,41
19,7,38
46,10,62
44,12,20
63,16,14
44,11,16
47,11,58
21,9,44
22,10,48
53,14,6
19,8,43
16,7,47
14,8,27
42,11,61
60,16,20
31,11,31
40,14,33
20,11,1
36,14,41
54,9,58
16,6,30
44,12,15
61,16,26
45,12,23
56,15,6
17,4,33
58,16,1
48,12,15
45,14,52
17,9,25
35,12,4
21,9,50
25,11,45
53,15,7
29,11,61
22,11,56
49,15,32
62,16,19
37,14,36
62,16,26
60,14,38
15,10,56
20,8,46
18,13,10
28,14,0
17,6,41
31,13,1
23,8,33
59,15,34
40,14,25
41,15,42
63,16,25
61,10,53
41,14,55
25,10,42
53,15,5
39,11,10
34,12,9
48,10,58
15,11,58
58,15,37
19,10,52
18,13,17
54,15,0
28,12,50
30,9,22
40,14,35
38,14,28
18,14,17
57,15,9
57,16,19
15,6,30
28,9,32
16,14,15
31,12,59
42,15,36
15,12,22
17,11,60
32,9,20
63,6,61
33,9,18
37,12,4
21,14,7
53,8,60
27,9,22
63,16,13
60,10,49
27,14,3
30,11,32
47,9,63
27,9,32
34,9,21
23,14,3
38,15,45
63,15,32
54,11,49
49,12,55
24,10,63
26,13,11
58,16,5
29,13,47
40,12,24
19,6,31
19,11,58
21,13,1
56,8,59
62,10,50
36,14,35
17,5,30
60,16,22
15,7,2
37,14,30
62,16,23
20,13,14
22,9,45
19,6,30
18,10,4
31,13,42
36,13,3
27,12,50
49,14,29
31,14,40
17,13,17
56,15,9
38,11,8
62,8,57
38,15,39
44,15,44
50,14,17
32,13,36
16,13,10
26,11,45
51,14,10
57,14,38
39,14,34
44,13,0
63,13,39
26,9,37
48,14,25
18,6,34
31,12,35
52,15,5
16,12,9
44,13,6
55,15,29
44,12,8
34,13,44
44,12,18
22,9,40
33,14,44
36,11,11
34,12,29
30,13,41
52,14,7
15,8,27
32,13,1
43,10,63
29,14,3
39,14,53
25,10,62
18,7,38
45,14,26
39,11,59
59,7,63
17,7,29
44,14,51
46,13,51
54,15,38
62,7,60
62,16,3
56,10,56
28,9,19
31,12,9
21,9,45
59,16,7
25,12,16
22,13,8
38,13,59
14,11,54
47,14,27
17,6,34
35,14,46
48,10,59
28,11,62
32,9,23
21,14,4
28,11,39
59,9,53
40,15,43
55,8,62
19,6,35
21,10,52
18,13,8
18,7,48
52,15,32
34,13,54
33,12,61
58,9,57
42,11,62
34,10,13
34,14,41
19,14,12
43,11,58
57,16,18
26,11,39
33,14,35
27,12,44
40,10,16
37,13,28
56,12,47
30,9,24
34,13,50
57,12,45
53,15,31
33,11,62
21,13,3
23,10,62
21,9,49
28,9,20
23,9,40
14,7,47
30,10,28
27,13,7
24,13,10
43,12,5
30,9,29
19,14,16
28,14,4
59,16,5
21,7,31
33,13,0
52,15,25
62,16,30
19,10,54
14,7,3
51,12,49
36,12,3
59,10,54
33,13,34
45,13,26
21,14,5
24,8,32
55,9,57
62,17,1
52,15,18
28,11,15
43,13,25
60,15,36
40,11,9
38,14,30
54,10,55
15,8,2
21,11,56
49,11,56
42,11,59
56,15,17
44,16,40
58,16,21
41,15,36
55,15,11
25,8,30
56,8,61
61,17,3
49,14,32
42,14,32
53,15,21
41,10,19
40,15,40
50,14,27
59,14,40
20,8,43
24,9,34
27,11,62
40,15,36
21,12,0
43,12,18
22,8,27
22,8,29
43,12,13
16,7,43
39,11,14
16,11,8
17,10,6
53,15,25
27,12,52
45,16,36
24,14,0
62,11,48
55,14,40
40,14,51
25,10,44
30,12,37
15,11,8
19,11,62
35,11,62
30,12,14
56,15,1
15,8,4
24,9,24
54,7,63
62,10,49
34,14,37
16,8,2
44,15,45
30,13,2
55,11,49
50,14,19
18,10,52
30,13,36
44,13,3
55,13,46
27,11,42
42,11,10
62,17,2
24,9,37
55,15,19
36,11,12
30,10,31
18,8,49
37,11,11
20,7,41
63,17,2
53,15,38
22,9,26
34,10,22
49,15,37
51,15,38
28,12,49
59,16,10
25,9,33
15,5,30
19,14,13
55,7,63
27,12,56
17,5,33
25,14,6
25,9,23
29,9,18
39,14,29
63,9,55
28,11,40
23,10,44
37,10,21
40,14,55
26,11,42
31,13,35
34,14,46
21,11,21
14,9,50
61,16,9
20,8,42
33,11,26
47,14,31
38,15,42
21,13,13
31,12,34
53,11,54
29,13,8
23,10,46
16,10,6
32,13,33
63,12,43
21,10,61
52,15,35
36,13,26
42,14,53
47,13,11
20,10,62
19,8,47
44,16,39
34,9,18
16,8,27
47,14,29
37,9,16
55,12,48
37,12,59
16,9,26
39,13,59
33,12,56
43,14,28
20,7,32
49,14,19
22,10,63
37,15,41
15,13,17
17,11,55
16,5,33
29,14,4
26,11,56
29,10,32
21,9,25
62,14,37
15,10,54
17,6,37
39,13,58
59,16,26
32,10,17
60,16,21
51,8,63
37,13,0
25,11,60
54,15,6
45,13,7
59,10,49
39,14,25
55,14,12
30,14,42
20,11,3
61,16,31
24,8,33
36,13,32
26,13,12
35,13,28
18,13,16
63,8,56
19,11,23
60,15,32
29,12,41
18,6,31
18,9,49
62,14,36
58,16,10
57,16,24
59,16,22
23,14,2
18,7,46
62,17,7
51,13,49
29,12,57
19,10,53
27,13,8
34,13,56
50,13,48
32,13,6
38,14,29
17,9,27
62,16,24
51,14,9
50,13,15
31,10,17
41,11,22
59,16,27
52,15,19
47,9,61
31,12,33
45,15,46
39,11,11
29,12,10
26,11,17
54,15,22
56,11,50
50,10,59
27,14,5
45,12,24
46,15,40
49,13,51
50,15,40
33,14,37
60,9,56
18,13,20
36,13,57
26,11,48
59,11,48
58,15,36
17,11,58
38,14,34
29,11,14
53,10,56
34,13,32
49,15,36
51,11,53
14,10,52
58,14,39
60,8,60
34,13,1
33,14,46
51,14,16
25,13,7
32,13,46
36,14,37
31,13,48
35,14,44
34,11,11
26,11,60
41,12,4
50,14,2
45,12,9
25,10,40
51,14,0
47,15,32
37,10,12
18,14,13
15,14,16
62,6,63
40,11,15
47,14,26
35,9,17
32,12,55
45,13,0
58,16,15
32,13,51
37,11,62
26,11,53
51,14,41
31,9,19
50,14,41
19,13,15
44,14,52
33,14,38
63,17,7
22,9,24
17,7,28
38,13,32
32,13,49
54,15,9
60,10,51
62,8,56
49,10,57
16,14,11
51,14,11
58,16,17
33,12,10
45,15,37
31,9,25
63,10,49
14,9,49
57,10,53
30,13,35
42,11,14
42,14,52
56,15,30
53,13,46
51,13,46
41,13,25
17,10,0
32,13,2
41,12,5
57,16,2
52,13,48
57,11,47
26,13,8
22,9,44
20,11,61
20,14,13
44,15,43
44,13,57
15,14,14
18,11,23
29,13,48
46,13,20
18,6,41
38,11,62
29,13,42
38,9,18
53,15,16
48,13,11
20,11,55
22,13,18
50,13,46
45,11,58
37,13,58
45,13,9
26,10,42
63,16,27
41,12,23
33,13,43
28,9,24
48,13,16
15,14,12
56,16,25
16,13,19
37,13,27
33,9,17
28,12,54
14,5,40
26,9,31
34,14,39
57,15,6
32,12,56
38,11,23
54,15,25
33,11,25
40,14,38
26,11,41
48,14,0
58,14,42
46,13,5
44,14,30
46,11,58
22,13,13
61,10,49
42,11,18
28,10,31
27,12,46
21,13,14
39,14,28
40,14,26
51,15,28
60,8,61
27,9,24
53,15,37
50,14,0
27,12,11
36,9,17
62,11,47
53,14,17
27,11,58
26,9,34
40,11,61
18,6,39
18,11,54
56,15,36
37,14,49
47,14,2
54,11,51
24,13,12
59,11,49
35,13,49
52,15,21
50,10,60
59,16,3
36,12,7
35,11,9
34,10,25
27,12,57
39,11,22
15,10,8
61,15,36
59,16,13
24,12,19
29,12,35
29,13,3
41,14,27
30,9,19
48,14,1
37,10,14
15,12,21
45,16,38
51,11,55
16,8,47
29,10,63
26,10,38
61,16,19
38,12,0
52,10,59
58,16,0
44,14,47
49,15,39
32,12,29
30,13,9
53,9,56
24,11,18
27,11,43
43,11,17
39,14,36
17,14,12
63,17,6
37,13,1
24,11,53
28,12,44
59,9,58
49,13,11
19,9,24
37,12,60
37,14,46
21,12,1
22,13,17
48,13,5
61,17,2
47,11,57
31,12,32
57,15,15
25,13,13
49,13,21
18,14,10
54,15,30
32,11,62
14,8,48
50,13,49
15,5,38
17,11,54
45,13,27
22,8,37
30,12,13
52,11,54
62,9,54
48,13,15
25,10,39
14,5,42
40,11,11
34,11,62
48,13,4
27,12,49
34,13,3
30,11,59
56,16,3
23,8,37
63,16,15
28,11,14
24,12,55
35,13,59
26,9,20
14,6,30
29,10,19
14,12,20
14,12,21
44,12,6
44,12,7
20,8,40
61,10,51
63,15,36
30,10,29
42,15,46
51,14,17
43,14,30
60,9,57
57,16,3
15,7,0
26,10,21
47,12,12
48,12,53
35,14,38
20,11,58
39,11,8
16,12,20
59,16,19
19,7,41
58,12,44
49,13,7
51,14,25
31,9,20
54,14,14
40,13,58
48,14,31
15,12,9
14,5,36
63,15,34
24,10,49
43,12,2
62,7,61
57,13,43
36,14,30
19,12,5
39,14,37
15,6,43
45,15,42
30,13,4
33,9,20
34,11,12
17,14,10
21,11,52
36,13,56
59,15,32
20,11,22
29,12,56
60,7,60
31,11,14
50,14,43
47,10,59
30,13,6
15,8,28
15,6,31
46,13,52
62,12,45
20,7,39
45,11,60
57,13,45
55,7,62
60,7,63
38,12,2
27,11,40
47,15,35
55,9,60
44,12,11
39,14,52
31,12,57
34,13,47
29,12,38
38,14,54
41,11,8
30,14,2
54,15,3
41,11,10
54,13,44
22,10,23
50,14,23
61,8,57
57,15,5
41,13,57
60,16,24
53,15,36
26,11,58
51,14,8
60,16,29
63,10,51
19,11,1
52,14,4
53,15,20
38,14,48
56,8,60
16,5,31
52,14,18
19,7,37
17,10,54
30,9,28
23,8,28
53,15,34
42,13,54
37,15,42
30,12,12
33,13,31
56,12,45
43,14,48
54,15,17
30,12,57
46,12,15
25,13,59
55,15,35
31,13,40
55,14,15
32,10,28
18,11,60
44,14,27
35,13,47
14,6,29
21,7,32
53,15,26
27,10,61
20,13,6
14,5,31
37,14,33
44,12,4
52,15,2
17,6,36
39,10,63
33,14,34
29,9,22
44,10,61
60,16,2
24,13,14
29,10,18
48,13,24
60,8,58
36,12,2
54,8,62
52,14,38
49,13,17
19,8,27
40,14,56
59,13,44
38,13,25
32,12,61
29,12,36
34,11,25
61,14,39
37,14,52
39,14,48
18,13,7
43,13,24
44,16,35
30,11,31
15,7,29
51,14,6
22,9,27
63,16,23
40,13,57
22,13,12
20,7,40
15,9,50
25,13,9
55,14,43
18,12,21
14,11,61
63,7,59
57,14,42
28,14,2
50,13,10
32,12,9
15,6,42
24,14,1
57,16,30
20,8,26
42,14,48
42,12,6
22,11,58
53,14,40
53,9,58
19,10,51
23,12,18
56,15,2
40,14,37
20,12,19
48,15,33
55,13,45
46,14,51
58,14,38
32,10,24
52,15,20
31,12,31
30,13,37
30,9,21
63,7,62
63,14,36
26,8,30
34,11,24
55,16,21
58,15,16
55,15,14
60,8,57
16,4,31
38,14,36
28,9,30
43,10,62
16,10,52
47,15,43
49,14,17
36,14,34
29,10,17
47,14,49
36,12,26
32,13,44
17,11,6
57,8,60
62,15,36
47,13,20
23,13,9
60,8,56
53,15,2
24,14,3
58,12,45
26,9,26
44,12,14
44,14,31
32,12,58
34,13,49
17,14,17
58,16,18
30,13,43
43,14,49
35,10,15
16,11,57
42,16,38
27,11,38
39,12,59
53,14,12
48,14,48
44,16,42
58,16,19
47,13,53
31,11,16
19,10,23
19,12,20
43,12,11
18,12,4
37,15,40
44,13,24
44,11,21
58,15,6
43,13,23
31,9,28
62,17,15
24,11,19
57,10,54
58,15,9
48,9,63
29,11,35
19,14,7
39,12,22
38,10,21
35,13,31
19,9,49
55,15,8
32,13,45
20,13,4
28,12,51
32,9,26
47,8,63
56,9,57
26,9,28
57,15,12
36,14,51
54,11,53
48,13,52
23,8,32
39,14,32
53,10,58
52,12,49
40,15,42
50,14,24
51,10,58
28,10,33
35,14,45
40,10,15
29,11,60
22,11,57
26,11,49
41,13,56
41,14,28
61,16,11
60,16,4
19,9,51
15,11,59
31,10,29
47,13,24
30,14,3
27,11,55
63,17,10
36,10,13
52,14,44
27,11,46
51,14,39
22,8,39
26,11,16
24,13,13
55,13,44
41,16,40
55,15,9
23,13,17
37,11,8
31,12,13
43,15,42
42,14,47
40,15,46
24,10,42
57,16,4
61,16,4
19,14,11
26,10,40
18,8,47
63,17,11
37,12,7
21,7,34
32,12,31
28,12,39
31,11,30
62,15,34
38,14,51
16,14,14
63,11,45
58,13,44
38,12,5
25,11,47
28,12,52
45,15,47
63,9,52
48,13,51
49,13,52
23,9,25
49,14,45
16,6,34
19,7,35
31,14,36
18,9,26
27,9,20
25,12,15
21,13,0
43,16,36
37,11,60
43,14,51
32,11,26
21,7,29
37,13,55
57,15,38
20,12,3
26,11,43
46,15,34
41,11,17
44,13,1
59,16,25
21,8,39
54,15,7
34,12,5
53,12,48
36,13,50
42,13,55
30,12,35
19,13,19
45,14,28
19,13,4
21,8,48
56,15,19
27,11,17
35,12,25
58,15,7
50,14,40
58,9,59
44,13,27
21,8,29
20,10,54
27,12,53
14,4,31
18,6,32
29,10,33
15,4,32
55,10,55
39,15,39
43,11,18
27,12,12
30,13,5
36,13,1
62,9,53
39,13,57
17,14,11
22,9,28
47,13,18
35,13,3
57,16,0
41,10,62
43,12,22
18,11,56
45,12,10
57,8,59
39,15,42
43,12,4
57,13,42
55,15,21
38,10,13
40,11,14
27,13,6
36,14,32
32,14,39
29,12,46
23,14,5
37,14,50
27,13,10
56,10,55
62,13,42
53,7,62
17,7,43
54,15,35
59,16,11
38,10,14
14,10,53
25,14,5
59,16,29
46,14,31
47,12,15
45,9,63
22,13,11
15,5,31
29,13,45
50,13,12
21,13,15
47,13,3
62,11,45
60,13,42
60,7,62
43,14,32
22,8,28
57,12,46
18,9,1
50,13,16
23,8,31
25,14,7
20,14,7
39,14,51
41,14,53
54,15,16
61,16,17
38,12,7
30,12,59
23,14,8
25,12,56
54,14,10
49,13,8
49,14,7
16,6,39
14,13,17
53,14,14
24,10,47
33,14,41
54,15,26
59,16,28
58,14,41
21,11,60
22,11,21
50,14,18
39,10,20
26,11,19
42,14,28
37,14,55
36,14,48
51,14,20
32,10,27
39,14,46
20,14,11
45,12,20
30,13,44
56,14,41
51,14,43
40,14,31
36,13,49
35,14,32
17,11,63
61,16,29
15,14,13
56,9,59
34,10,62
54,14,9
61,7,62
49,14,21
36,12,5
60,16,0
27,9,30
42,12,23
25,12,58
40,14,29
22,14,4
30,12,36
25,8,31
31,13,51
59,8,59
20,7,33
48,14,24
16,9,50
43,12,7
20,11,23
24,11,47
45,12,13
50,12,50
22,9,38
53,15,27
43,9,62
15,13,9
63,17,13
38,15,41
61,12,46
37,15,43
16,6,43
43,12,58
50,15,33
47,13,13
43,12,9
53,15,4
35,10,63
26,10,34
35,10,24
55,15,27
20,9,23
29,12,34
53,15,28
29,12,49
21,9,27
17,11,7
44,15,47
54,11,50
57,15,33
49,13,9
41,14,54
61,16,23
50,14,1
17,7,45
34,12,58
27,10,38
61,16,8
48,13,6
28,12,13
26,11,59
39,10,19
20,8,41
28,13,6
32,14,36
20,14,15
32,11,14
34,13,0
31,14,2
56,11,49
58,10,52
31,13,46
26,12,17
43,11,16
51,12,52
32,9,22
20,8,37
58,14,40
44,12,19
38,12,59
34,13,30
53,13,43
38,13,0
17,6,42
24,11,61
57,15,10
24,10,48
33,12,59
36,13,0
60,8,59
46,15,38
59,16,9
59,15,33
41,14,30
33,13,2
45,9,62
55,13,43
58,8,58
35,14,39
58,10,53
55,15,7
50,13,11
31,12,8
42,12,2
49,14,22
37,13,26
55,15,4
21,14,2
46,13,24
62,9,52
17,8,48
46,12,17
54,10,53
29,12,58
25,13,11
21,8,40
37,14,48
17,12,20
53,15,18
43,14,31
59,11,50
60,16,6
50,14,20
54,15,29
18,8,28
51,8,61
37,11,23
15,12,8
18,6,35
27,11,37
24,9,25
36,12,9
43,15,46
19,14,9
47,13,17
37,10,63
61,16,25
52,14,8
28,9,27
62,16,13
18,10,3
54,15,31
57,9,58
60,16,9
47,14,28
59,12,44
44,11,58
27,14,0
58,11,50
27,11,41
41,11,61
46,12,13
54,9,60
59,16,16
51,8,62
28,12,43
43,15,47
47,13,19
55,15,34
21,7,28
29,10,30
62,8,55
31,14,38
19,7,39
28,13,9
21,13,9
46,14,46
49,9,60
55,15,1
22,8,33
59,13,41
44,11,59
15,7,46
56,7,63
17,4,31
55,9,56
51,15,39
43,13,58
16,5,36
22,7,29
23,11,52
25,11,20
21,8,34
46,16,37
15,6,45
35,13,32
44,12,23
36,14,40
20,7,30
57,10,52
15,13,11
16,14,13
28,11,60
20,11,60
58,15,33
34,11,61
31,12,12
61,15,37
62,13,40
15,9,52
44,16,38
19,13,6
47,15,36
20,8,27
28,11,17
39,12,1
36,13,52
50,12,55
42,10,62
62,16,21
49,11,55
49,13,24
56,16,20
33,12,57
23,9,36
40,15,47
58,16,16
27,11,59
21,14,11
19,8,45
49,15,33
33,12,28
36,12,6
38,15,44
62,6,62
30,9,23
54,15,36
34,14,43
33,14,45
46,13,54
32,14,38
17,8,28
43,16,40
44,13,5
33,13,1
51,12,53
50,15,30
36,14,31
24,10,50
32,9,24
60,7,61
14,5,34
35,13,53
19,12,3
42,10,61
17,12,7
57,14,40
58,16,2
35,9,19
27,10,36
30,13,50
57,15,18
26,13,9
51,15,27
62,15,32
40,14,32
43,12,10
40,16,40
54,15,21
54,11,54
17,12,22
41,12,1
22,10,61
48,14,32
34,12,7
45,15,36
61,16,30
42,11,11
29,12,37
34,14,33
41,14,33
31,13,4
43,14,29
35,10,16
39,14,55
52,14,42
56,15,18
18,11,61
15,5,39
23,9,38
58,15,31
45,14,51
48,14,4
22,10,62
31,14,41
20,10,53
14,13,11
19,10,2
19,11,22
39,14,47
60,10,50
38,11,22
56,14,42
23,10,61
38,11,21
48,13,48
61,13,42
44,9,63
61,8,60
37,9,17
37,14,44
41,11,62
31,13,6
32,14,0
47,14,3
18,11,5
62,17,16
61,16,1
31,13,33
17,10,52
16,10,7
55,16,25
23,10,22
33,13,6
38,11,6
59,16,32
18,11,22
16,12,8
14,11,24
38,14,40
17,9,52
38,12,60
56,14,38
28,11,42
29,10,31
58,16,24
31,10,63
50,14,6
59,16,4
62,16,29
34,13,2
33,12,8
15,10,7
47,12,14
52,8,61
30,11,61
27,10,32
63,10,52
49,15,43
20,7,29
22,11,59
60,16,12
41,12,59
55,15,5
60,16,18
59,9,54
61,14,38
60,12,45
51,14,14
34,14,45
51,13,15
42,12,8
36,13,53
17,13,9
51,14,2
21,13,12
21,8,41
30,9,25
44,13,4
50,14,22
29,11,34
34,14,40
53,14,16
50,14,9
15,9,51
44,15,35
53,14,38
47,10,61
34,13,53
26,8,32
35,12,61
27,14,6
51,12,51
46,14,50
56,16,0
14,14,14
23,11,53
15,9,4
14,10,7
56,16,1
20,14,8
22,13,14
28,13,10
57,15,13
26,14,5
55,14,13
55,12,46
41,15,44
33,10,63
31,10,18
62,16,7
38,10,20
21,13,18
36,13,59
36,14,45
55,15,37
37,10,19
36,10,16
56,11,48
15,8,49
49,15,31
34,12,28
62,14,38
32,11,28
60,16,19
24,11,56
53,15,3
14,14,16
43,15,33
33,12,12
16,9,2
48,13,17
26,11,47
48,13,18
53,8,62
17,6,40
26,11,44
50,14,4
15,7,47
40,16,39
49,14,6
53,12,47
30,10,17
38,14,49
22,10,22
53,11,52
17,9,1
33,12,55
22,11,53
16,9,4
27,9,33
20,13,12
16,9,27
35,13,54
26,11,54
36,11,9
54,15,5
50,14,5
59,16,14
40,11,10
55,12,49
25,9,63
61,12,44
20,11,62
17,9,4
36,14,46
45,12,8
56,15,29
28,10,30
39,12,60
32,13,54
31,13,0
30,11,29
44,14,32
46,13,22
43,12,23
61,8,56
28,12,10
33,13,30
62,7,63
30,14,1
43,13,57
30,12,11
15,5,36
45,13,53
56,7,62
26,10,19
30,10,16
40,11,60
16,11,63
26,12,14
54,14,42
24,12,15
46,12,11
63,10,50
29,9,19
49,13,19
37,14,47
61,11,47
55,15,10
27,12,58
15,12,20
62,16,8
16,10,51
31,12,56
35,12,9
59,16,6
62,16,14
15,14,17
20,11,53
47,15,42
18,10,53
29,11,33
23,11,55
29,9,28
26,12,13
44,14,48
63,8,58
33,14,33
41,14,32
17,11,5
28,10,17
20,5,31
22,14,8
62,15,31
46,14,30
20,9,49
36,11,23
57,16,28
48,15,39
61,15,33
25,14,4
40,10,19
46,13,7
57,12,47
61,9,54
22,13,10
35,9,21
38,13,57
30,13,40
56,15,14
60,16,16
58,15,15
33,11,61
14,7,45
61,13,41
41,11,18
52,14,11
40,12,6
20,9,46
55,15,17
19,7,40
45,12,58
50,15,29
63,17,4
61,14,37
57,10,50
29,9,23
59,8,61
14,11,60
30,11,34
58,13,42
38,12,23
35,13,58
16,11,61
55,14,39
58,7,62
28,12,58
48,14,45
25,10,19
57,16,27
23,11,61
42,16,39
19,7,29
34,13,57
17,13,18
15,10,55
59,15,38
41,13,24
22,8,32
45,14,29
25,11,51
52,15,26
22,14,2
19,11,54
62,16,12
55,14,14
24,14,5
63,11,47
61,14,41
47,15,39
36,11,8
56,15,7
25,14,1
18,14,12
52,14,5
50,14,3
27,11,61
45,12,19
