49,12,40
15,12,40
43,13,45
60,12,38
47,12,50
44,13,63
16,13,62
19,12,37
57,12,46
21,12,39
47,12,55
55,12,45
48,12,50
37,13,62
33,13,59
55,12,44
63,12,40
31,13,58
61,13,53
31,13,40
17,13,46
44,13,52
36,13,57
43,13,60
63,14,55
58,12,40
23,13,49
29,14,59
40,13,40
53,12,38
38,13,48
41,13,51
21,13,54
40,13,44
51,12,38
56,12,45
15,13,49
42,13,53
17,13,49
28,13,62
30,13,44
29,14,58
59,13,57
22,13,43
63,12,39
30,14,58
57,12,38
23,13,42
38,13,60
55,12,42
55,14,62
50,12,54
43,13,48
56,14,62
58,13,49
46,12,51
39,13,56
26,13,62
28,13,51
62,14,57
32,13,56
15,13,46
55,12,37
17,13,42
58,12,44
45,13,54
45,12,61
40,13,55
48,12,57
37,13,54
33,12,36
61,12,40
54,13,57
44,13,38
54,13,61
31,14,57
50,12,39
49,12,50
19,13,51
19,12,39
58,12,48
27,13,57
41,13,39
53,13,58
30,13,50
16,12,36
33,13,57
62,12,39
45,12,58
14,13,59
23,13,43
56,13,53
43,13,53
22,12,38
24,13,51
35,13,45
60,14,61
36,13,41
48,12,47
15,13,56
56,11,37
56,13,51
47,13,39
28,13,49
51,12,47
62,13,49
52,13,54
23,13,63
44,13,50
42,13,62
44,13,36
25,13,53
25,12,36
59,12,37
26,13,47
40,13,48
21,13,49
60,12,46
57,12,49
49,12,56
51,13,61
23,13,46
30,13,61
18,13,55
41,13,45
51,12,50
16,13,59
23,12,38
21,13,46
20,12,40
32,13,37
62,12,38
42,13,59
14,13,47
45,12,54
19,13,52
52,12,43
59,13,50
23,13,61
48,12,60
15,13,43
45,13,45
47,13,42
46,12,54
63,13,47
39,13,44
39,13,53
38,13,41
38,13,57
14,13,43
43,13,56
33,13,42
22,13,61
41,13,36
15,13,44
48,12,55
20,13,53
22,13,62
37,13,56
28,12,40
17,13,58
55,13,55
46,12,44
23,12,36
54,12,40
15,12,36
58,12,45
27,13,51
32,13,44
58,12,39
40,13,45
24,13,61
51,12,52
49,13,60
33,13,62
53,13,61
32,13,61
23,13,59
53,12,51
17,12,39
16,13,42
58,13,55
56,12,38
22,13,59
38,13,55
25,13,43
26,13,63
55,12,49
30,13,41
32,13,54
24,13,44
35,13,47
63,13,46
42,13,43
15,13,61
63,13,49
26,13,51
24,13,50
46,13,36
58,14,61
62,14,59
41,13,49
34,13,53
58,12,46
30,13,38
55,12,51
60,13,49
63,13,51
26,13,43
53,12,42
49,12,46
54,12,44
51,12,42
40,13,47
33,13,55
41,13,46
19,13,61
23,13,50
51,12,56
24,13,52
50,12,58
59,14,60
41,13,63
28,13,40
45,12,50
53,13,63
57,12,45
58,14,60
36,13,60
24,12,37
41,13,58
44,13,47
55,13,58
54,13,56
27,13,43
47,12,37
19,13,56
44,13,42
29,13,48
17,13,63
21,13,43
48,13,60
32,12,37
49,12,51
57,11,36
58,12,47
32,13,52
42,13,38
29,13,45
19,12,42
36,13,45
51,12,46
51,12,51
30,13,57
18,13,43
62,14,62
47,12,47
17,13,45
53,12,46
62,13,52
43,13,36
56,13,58
27,13,46
44,13,37
50,12,51
53,12,37
20,13,44
49,12,55
30,13,47
55,12,46
47,13,63
30,13,55
38,13,38
30,13,45
30,13,62
25,13,63
29,13,44
56,11,38
46,13,48
27,13,48
51,12,44
56,14,61
46,12,42
42,13,45
60,14,59
63,13,44
21,13,55
31,13,47
27,13,60
19,12,38
55,12,39
54,12,38
33,13,53
56,12,39
59,13,59
32,14,57
15,13,50
53,12,48
27,13,53
20,13,42
16,12,39
29,13,59
52,13,58
61,13,52
52,12,39
36,13,59
37,13,42
36,13,53
24,12,39
16,13,52
60,12,45
15,12,42
58,13,48
47,12,46
52,12,44
19,13,44
19,13,55
21,12,42
46,13,43
28,13,42
26,13,60
59,14,63
21,13,47
25,13,57
47,12,49
50,12,47
46,12,52
33,13,52
56,12,51
56,13,50
52,12,50
15,13,63
46,13,62
59,13,48
60,12,36
45,13,56
14,13,53
47,12,38
36,13,48
44,13,40
34,13,61
58,13,58
24,12,42
16,12,42
16,12,40
62,13,55
47,12,43
58,12,41
54,12,50
57,14,60
26,13,45
27,13,45
15,12,37
17,12,38
51,12,40
29,13,62
38,13,43
44,13,43
61,13,55
55,13,54
35,13,53
43,13,62
62,14,60
54,12,42
59,11,36
27,12,41
33,13,45
59,12,41
35,13,46
45,13,51
28,14,58
62,13,43
49,13,58
15,13,52
29,13,55
15,13,55
17,12,41
41,13,60
36,13,39
22,13,55
35,13,60
60,14,62
33,13,54
16,13,44
38,13,63
43,13,61
28,13,44
44,13,45
33,13,36
52,12,37
21,13,44
45,12,48
46,13,41
34,13,38
22,12,40
58,14,63
33,13,63
54,13,58
39,13,37
62,14,55
15,13,45
53,13,60
31,13,55
20,13,47
55,13,51
36,13,43
59,12,38
31,13,37
25,13,54
38,13,62
23,12,37
30,14,57
14,12,38
48,12,58
49,12,47
30,13,48
39,13,46
20,13,61
41,13,42
32,13,48
56,12,41
51,13,56
45,13,42
19,13,54
28,13,52
39,13,61
52,13,55
45,13,38
31,13,54
51,12,39
22,12,37
56,12,37
39,13,38
35,13,41
61,12,36
40,13,63
45,12,55
32,13,49
18,13,62
17,13,47
57,13,55
45,12,49
56,12,47
38,13,59
63,14,58
57,12,37
61,14,59
18,13,59
26,13,54
59,12,36
34,13,42
22,12,36
52,12,47
24,13,45
58,13,52
60,12,47
28,13,50
33,13,44
40,13,51
21,13,52
24,13,58
20,13,63
22,13,45
14,13,49
20,12,36
51,12,53
28,13,60
38,13,45
47,12,48
18,13,48
35,13,59
21,13,60
37,13,50
39,13,59
43,13,38
16,13,60
32,13,43
61,13,56
33,13,60
45,13,37
57,12,48
47,12,56
29,13,50
22,13,56
45,13,47
29,12,37
54,13,54
53,13,62
48,12,41
55,13,57
45,13,36
16,12,41
39,13,62
34,13,55
63,14,59
20,12,37
52,12,52
56,12,44
63,14,62
50,12,55
47,13,38
63,14,53
35,13,61
24,12,36
45,13,46
28,13,55
14,13,45
22,12,41
56,13,52
21,13,42
55,12,48
59,12,47
36,13,38
55,12,40
33,13,58
19,13,53
26,12,38
53,12,53
53,12,52
41,13,47
40,13,49
40,13,58
46,13,40
31,13,42
52,13,62
18,13,56
31,13,51
40,13,56
44,13,53
60,12,41
39,13,42
29,13,63
22,12,42
45,12,62
16,13,48
16,12,37
18,12,40
36,13,52
33,13,40
37,13,36
42,13,56
31,13,62
20,13,55
34,13,50
18,13,45
47,12,45
15,12,38
63,13,54
28,12,37
24,13,63
16,13,58
33,13,48
27,13,52
47,12,39
32,12,36
41,13,37
35,13,44
60,14,57
25,13,52
16,13,45
40,13,46
45,13,63
63,14,60
54,14,63
25,12,42
16,13,40
39,13,58
41,13,48
57,14,61
54,12,39
59,13,51
52,12,53
37,13,45
27,12,38
43,13,55
27,12,37
30,13,52
59,14,61
46,12,36
48,12,59
28,13,46
52,12,51
39,13,39
17,13,59
45,13,49
16,13,51
14,13,56
48,12,46
22,13,54
27,13,61
62,13,53
38,13,54
39,13,45
37,13,38
36,13,47
20,13,45
49,12,49
51,13,63
41,13,52
33,13,51
57,13,60
14,13,51
21,12,36
54,12,53
49,12,53
26,13,56
44,13,54
35,13,52
56,13,62
46,12,37
14,12,43
50,12,38
47,12,60
60,13,47
58,13,57
30,12,39
60,14,63
17,13,62
53,13,54
25,12,39
46,12,43
56,11,36
20,13,60
19,13,48
47,12,61
23,13,62
16,13,46
40,13,52
50,13,63
62,13,45
18,13,42
51,12,48
56,13,59
58,13,59
28,13,48
57,12,43
59,12,43
54,12,45
62,14,56
26,13,52
19,13,50
16,12,38
14,13,52
14,13,46
46,13,44
30,13,54
60,14,60
59,13,49
34,12,36
24,13,55
43,13,44
57,13,50
25,13,56
45,13,48
38,13,42
21,13,48
59,11,37
15,13,48
26,13,46
46,12,47
61,12,46
31,13,57
30,13,51
59,13,58
44,12,59
55,13,60
42,13,50
27,13,42
35,13,43
44,13,57
50,12,52
14,13,54
57,12,42
60,12,42
57,13,52
17,12,40
48,12,40
52,12,36
19,12,41
42,13,44
48,12,54
22,13,47
17,13,54
30,13,53
40,13,61
18,12,39
50,12,42
34,13,47
32,13,38
31,12,38
45,13,43
43,13,49
46,13,46
29,13,52
31,13,61
14,13,58
28,13,59
38,13,51
57,12,41
46,12,38
22,13,63
44,13,51
45,12,59
63,13,48
31,13,59
49,12,58
62,14,54
30,13,46
24,13,57
29,13,61
27,13,54
50,13,62
38,13,52
42,13,39
38,13,47
29,13,51
29,13,49
53,12,44
30,13,40
23,13,44
29,13,46
57,11,38
16,13,43
32,13,53
43,13,37
23,13,54
34,13,57
53,13,56
59,12,45
39,13,50
50,13,59
47,13,62
60,13,56
27,13,50
52,12,54
39,13,55
37,13,55
58,13,53
35,13,40
60,13,51
17,13,53
60,12,40
55,13,53
43,13,63
61,13,50
48,12,51
46,12,56
53,12,54
27,13,44
37,13,44
63,12,41
18,13,51
42,13,42
56,12,43
33,12,37
35,13,37
31,13,60
46,12,45
20,13,41
41,13,43
20,13,48
26,13,53
61,12,38
19,13,59
47,12,42
28,13,57
24,13,47
55,12,38
44,13,44
25,13,42
29,13,40
27,13,63
35,13,50
63,13,52
19,13,63
63,14,61
62,12,41
50,13,58
27,13,59
35,13,63
52,13,61
21,13,57
26,13,44
34,13,45
20,12,42
33,13,38
34,13,56
29,13,43
46,12,61
25,13,62
56,12,50
55,12,36
18,12,41
28,13,41
18,12,36
17,13,56
43,13,58
57,13,58
43,13,52
60,13,55
61,14,62
51,12,37
44,12,57
61,14,61
17,13,57
43,13,39
53,12,43
16,13,57
24,13,46
39,13,52
17,12,42
61,14,58
19,13,42
32,13,47
25,13,51
21,12,40
23,13,51
28,13,56
56,13,54
22,13,51
48,12,49
56,12,36
34,13,48
60,12,37
27,13,62
63,12,43
18,13,60
30,13,49
48,12,37
17,13,48
14,12,42
31,13,43
35,13,36
27,12,36
19,13,62
20,13,58
42,13,51
35,13,62
21,13,56
60,12,39
15,12,43
55,12,41
45,13,40
58,13,56
63,13,50
59,13,54
59,13,47
30,12,37
20,13,56
61,12,44
59,14,62
14,13,50
44,13,61
15,13,51
22,13,50
39,13,47
18,13,58
45,12,53
14,12,39
38,13,40
35,13,54
30,12,36
61,13,49
37,13,63
16,13,55
60,13,53
29,13,60
51,13,57
38,13,58
39,13,63
41,13,61
43,13,50
54,13,55
59,12,42
55,13,56
61,13,47
38,13,39
34,13,44
53,12,47
30,14,56
61,14,60
57,12,39
35,13,51
43,13,51
36,13,40
20,12,39
46,12,49
60,14,58
32,13,57
34,13,39
50,12,45
59,12,39
42,13,40
36,13,49
19,13,45
43,13,42
26,12,39
25,13,44
57,13,59
59,14,59
61,13,46
53,12,40
20,13,62
63,13,53
42,13,47
42,13,63
46,13,45
56,12,42
29,13,42
47,12,57
39,13,43
36,13,63
61,13,51
41,13,41
20,13,57
24,13,53
57,13,53
46,12,46
27,13,40
37,13,47
47,12,62
47,12,59
50,12,56
42,13,37
27,13,47
34,13,41
32,13,46
48,13,61
39,13,57
36,13,37
36,13,46
48,12,56
54,12,43
29,13,39
63,14,63
63,13,45
23,13,47
46,13,38
22,13,42
15,13,54
46,12,63
19,13,60
36,13,51
45,13,55
37,13,40
32,13,63
22,13,44
52,12,48
47,13,41
49,13,61
16,13,50
17,13,51
42,13,49
47,12,44
54,13,59
16,13,61
51,12,41
14,13,55
58,13,51
34,13,43
54,13,53
50,12,57
32,13,42
24,13,62
19,13,46
53,13,57
50,12,46
58,13,50
23,12,42
45,12,60
22,13,57
19,13,49
62,14,58
31,13,45
28,13,43
48,13,62
18,13,47
58,11,37
62,14,63
35,13,55
22,13,58
54,13,62
55,13,52
42,13,41
30,13,42
30,13,39
50,12,49
62,12,42
30,13,59
59,13,55
34,13,51
55,12,47
49,12,59
34,13,63
62,13,47
43,13,47
40,13,50
23,13,48
48,13,63
33,13,50
29,13,58
30,13,58
25,12,40
16,13,49
61,14,55
46,12,57
53,12,50
58,12,43
50,13,60
26,12,36
51,12,54
19,13,57
23,12,39
26,13,55
48,12,52
27,12,39
38,13,37
37,13,57
61,12,45
62,12,44
54,12,52
61,14,63
49,12,36
49,13,63
18,13,63
42,13,46
15,13,60
36,13,55
48,12,44
52,12,56
48,12,38
24,13,60
24,13,59
47,13,40
36,13,61
32,13,58
61,13,48
50,13,61
60,12,44
49,12,39
23,13,45
25,12,37
54,13,60
42,13,55
17,12,43
16,12,43
46,12,41
17,13,44
58,11,36
15,12,41
47,12,51
46,12,53
17,13,50
44,13,49
20,12,43
28,12,39
16,13,47
31,12,37
59,13,52
59,13,56
23,13,55
18,12,38
48,12,53
28,13,63
24,13,48
34,13,62
37,13,48
20,13,51
63,12,38
29,12,38
57,14,62
62,13,51
49,12,44
40,13,38
32,13,45
55,13,59
51,12,49
53,12,41
20,13,50
44,13,56
35,13,57
50,12,36
45,13,60
60,13,52
51,13,58
49,12,54
53,12,45
14,12,36
37,13,39
38,13,36
40,13,62
56,14,60
45,13,59
46,12,39
29,14,60
44,13,58
40,13,59
25,13,41
24,13,49
44,13,46
57,13,51
57,12,47
36,13,50
44,13,39
58,12,42
62,13,44
30,13,56
40,13,43
24,13,56
33,13,41
27,13,55
45,12,52
31,13,50
52,12,55
35,13,56
46,12,58
32,13,39
58,13,54
25,13,50
28,13,61
55,13,61
44,13,48
16,13,53
28,13,47
63,12,42
42,13,36
34,13,52
16,13,63
24,12,40
27,12,40
43,13,59
45,13,62
61,12,37
14,13,44
34,13,59
61,13,45
29,12,39
14,13,57
52,12,49
20,13,54
24,12,41
35,13,49
15,13,57
56,13,60
60,12,43
46,12,60
53,12,49
25,13,46
39,13,41
40,13,36
17,12,37
37,13,41
21,13,59
27,13,58
50,13,57
33,13,47
18,12,37
18,13,61
33,13,37
26,13,48
22,12,39
17,12,36
25,13,55
30,12,38
57,14,63
29,13,53
55,13,63
32,13,60
25,13,49
24,13,42
52,12,46
23,13,57
21,13,62
51,12,55
31,13,49
36,13,58
44,13,55
31,13,48
40,13,60
18,13,50
57,13,54
41,13,53
47,12,36
37,13,53
18,13,44
28,12,36
51,12,57
60,13,54
32,13,41
18,12,42
56,12,40
60,13,57
58,13,47
45,13,57
47,12,63
52,13,57
22,13,49
44,13,41
31,13,56
42,13,57
33,13,46
41,13,38
23,12,40
55,12,50
46,12,59
41,13,56
52,12,41
20,13,43
62,12,37
39,13,60
19,12,40
52,12,45
29,14,57
42,13,58
38,13,44
52,12,40
60,13,50
47,12,41
56,12,49
38,13,61
48,12,42
17,13,43
37,13,59
49,12,43
51,13,60
21,13,51
22,13,46
55,13,62
33,13,49
56,13,57
25,13,48
17,13,61
28,13,54
16,13,54
56,13,56
39,13,40
33,13,43
38,13,50
30,13,63
26,13,49
37,13,58
48,12,43
54,12,48
44,13,60
57,11,37
46,13,39
47,12,52
52,13,56
46,13,42
48,12,61
63,13,42
53,13,53
57,13,56
31,12,36
19,13,58
31,14,56
29,13,56
56,13,61
38,13,46
34,13,54
41,13,54
42,13,61
36,13,56
29,13,54
39,13,51
29,12,36
40,13,57
61,12,39
44,13,62
49,12,38
55,12,43
48,12,45
61,14,56
18,13,49
38,13,49
37,13,37
36,13,42
62,13,46
54,12,47
43,13,41
48,12,48
45,13,61
37,13,43
28,13,58
45,13,50
14,12,37
37,13,61
43,13,57
49,12,41
52,12,38
18,13,54
63,12,37
25,13,61
25,13,58
47,12,58
34,13,46
20,12,38
31,13,52
49,12,57
34,13,49
36,13,62
54,13,63
30,13,43
53,12,39
41,13,50
50,12,53
60,13,46
18,13,46
62,12,40
20,13,59
60,13,48
17,13,60
23,13,53
22,13,52
22,13,53
42,13,52
17,13,55
31,13,38
61,12,42
29,13,47
24,13,54
32,13,51
30,14,59
25,12,38
26,12,41
45,13,44
58,12,38
58,13,60
14,13,63
41,13,44
34,13,37
31,13,46
45,13,52
48,12,39
25,13,47
34,13,60
22,13,60
18,13,57
14,13,62
18,13,53
32,13,40
45,13,41
28,12,38
25,13,45
21,13,50
37,13,60
32,13,62
21,12,37
22,13,48
45,12,51
26,13,57
25,12,41
54,12,37
16,13,56
23,12,41
49,12,42
56,12,48
45,12,56
49,12,48
46,12,40
54,12,41
46,12,62
20,13,46
40,13,39
57,12,44
23,13,60
24,12,38
29,13,57
63,12,36
34,13,36
37,13,52
39,13,54
20,13,49
57,13,49
31,13,44
21,12,38
62,12,43
61,12,41
21,13,61
32,13,59
49,12,45
43,13,54
42,13,48
29,14,56
35,13,38
49,12,60
44,12,58
51,12,45
14,13,48
58,14,62
59,13,53
63,14,56
56,13,55
51,12,43
59,12,44
15,12,39
60,14,56
57,12,40
54,12,49
51,13,62
52,13,63
19,13,47
52,12,42
31,13,63
28,13,39
23,13,58
50,12,50
58,12,37
50,12,40
62,13,50
62,13,54
41,13,55
21,13,58
27,13,41
14,12,41
58,14,59
36,13,36
47,12,53
50,12,48
50,12,44
49,12,37
51,13,59
54,12,46
14,11,36
59,14,58
53,12,36
15,13,42
39,13,49
35,13,48
54,12,51
26,13,41
31,13,39
15,13,47
26,13,59
40,13,37
42,13,60
60,13,58
21,13,63
18,13,52
40,13,42
15,13,58
47,12,40
50,12,41
37,13,51
23,13,56
21,12,43
54,13,52
46,12,55
41,13,59
56,12,46
53,13,59
27,13,49
26,13,58
15,13,62
52,13,59
38,13,53
46,12,50
34,13,58
26,13,42
42,13,54
43,13,46
61,12,43
28,13,53
14,13,42
15,13,59
56,14,63
49,12,52
14,13,61
20,13,52
63,13,43
26,13,61
31,14,59
32,13,55
41,13,40
33,13,61
40,13,53
54,12,36
37,13,46
31,13,41
63,14,57
62,12,36
27,13,56
31,14,58
30,13,60
15,13,53
50,12,37
43,13,43
55,14,63
25,13,60
14,13,60
46,12,48
40,13,54
61,13,54
45,12,63
21,13,53
40,13,41
53,13,55
34,13,40
20,12,41
21,13,45
19,12,36
61,14,57
39,13,36
28,14,59
33,13,39
41,13,62
17,13,52
63,14,54
32,13,50
62,14,61
28,13,45
38,13,56
39,13,48
59,12,46
31,13,53
37,13,49
57,13,57
25,13,59
46,13,63
36,13,44
21,12,41
29,13,41
35,13,58
50,12,43
44,13,59
45,12,57
59,12,40
49,13,59
41,13,57
35,13,42
33,13,56
48,12,36
62,13,48
45,13,53
52,13,60
36,13,54
26,12,40
35,13,39
26,12,37
51,12,36
43,13,40
47,12,54
49,13,62
45,13,39
14,12,40
46,13,37
23,13,52
46,13,47
26,13,50
45,13,58
19,13,43
24,13,43
55,12,52
