28,0,27
28,0,28
28,0,29
28,0,30
28,0,31
28,0,32
29,0,26
29,0,27
29,0,28
29,0,29
29,0,30
29,0,31
29,0,32
29,0,33
30,0,26
30,0,27
30,1,27
30,0,28
30,1,28
30,0,29
30,1,29
30,0,30
30,1,30
30,0,31
30,0,32
30,0,33
30,0,34
31,0,26
31,0,27
31,1,27
31,1,28
31,1,29
31,1,30
31,0,31
31,1,31
31,0,32
31,1,32
31,0,33
31,1,33
31,0,34
31,1,34
31,0,35
32,0,26
32,0,27
32,1,27
32,1,28
32,1,29
32,1,30
32,1,31
32,1,32
32,1,33
32,0,34
32,1,34
32,0,35
32,1,35
32,0,36
33,0,26
33,0,27
33,1,27
33,0,28
33,1,28
33,1,29
33,1,30
33,2,30
33,1,31
33,2,31
33,1,32
33,2,32
33,1,33
33,2,33
33,1,34
33,0,35
33,1,35
33,0,36
33,1,36
33,0,37
33,0,38
34,0,27
34,0,28
34,1,28
34,0,29
34,1,29
34,1,30
34,2,30
34,2,31
34,2,32
34,1,33
34,2,33
34,1,34
34,2,34
34,1,35
34,2,35
34,0,36
34,1,36
34,0,37
34,1,37
34,0,38
34,0,39
35,0,27
35,0,28
35,0,29
35,1,29
35,1,30
35,2,30
35,1,31
35,2,31
35,2,32
35,2,33
35,2,34
35,1,35
35,2,35
35,1,36
35,2,36
35,0,37
35,1,37
35,0,38
35,1,38
35,0,39
35,0,40
36,0,28
36,0,29
36,1,29
36,1,30
36,1,31
36,2,31
36,2,32
36,2,33
36,3,33
36,2,34
36,3,34
36,2,35
36,3,35
36,2,36
36,1,37
36,2,37
36,1,38
36,2,38
36,0,39
36,1,39
36,0,40
36,1,40
36,0,41
36,0,42
37,0,26
37,0,27
37,0,28
37,1,28
37,0,29
37,1,29
37,1,30
37,2,30
37,1,31
37,2,31
37,2,32
37,3,32
37,3,33
37,3,34
37,2,35
37,3,35
37,2,36
37,3,36
37,2,37
37,3,37
37,1,38
37,2,38
37,1,39
37,2,39
37,0,40
37,1,40
37,0,41
37,1,41
37,0,42
38,0,26
38,0,27
38,1,27
38,0,28
38,1,28
38,1,29
38,2,29
38,1,30
38,2,30
38,2,31
38,3,31
38,2,32
38,3,32
38,3,33
38,3,34
38,3,35
38,3,36
38,2,37
38,3,37
38,2,38
38,3,38
38,1,39
38,2,39
38,3,39
38,1,40
38,2,40
38,0,41
38,1,41
38,2,41
38,0,42
38,1,42
39,0,25
39,0,26
39,0,27
39,1,27
39,1,28
39,2,28
39,1,29
39,2,29
39,2,30
39,3,30
39,2,31
39,3,31
39,3,32
39,4,32
39,3,33
39,4,33
39,3,34
39,4,34
39,3,35
39,4,35
39,3,36
39,4,36
39,3,37
39,4,37
39,3,38
39,2,39
39,3,39
39,2,40
39,3,40
39,1,41
39,2,41
39,1,42
40,0,25
40,0,26
40,1,26
40,0,27
40,1,27
40,1,28
40,2,28
40,2,29
40,3,29
40,3,30
40,3,31
40,4,31
40,3,32
40,4,32
40,4,33
40,4,34
40,4,35
40,4,36
40,3,37
40,4,37
40,3,38
40,4,38
40,3,39
40,4,39
40,2,40
40,3,40
40,2,41
40,3,41
40,1,42
40,2,42
41,0,25
41,0,26
41,1,26
41,1,27
41,2,27
41,1,28
41,2,28
41,3,28
41,2,29
41,3,29
41,3,30
41,4,30
41,3,31
41,4,31
41,4,32
41,4,33
41,4,34
41,4,35
41,4,36
41,4,37
41,4,38
41,3,39
41,4,39
41,3,40
41,4,40
41,2,41
41,3,41
41,2,42
41,3,42
42,0,25
42,0,26
42,1,26
42,0,27
42,1,27
42,2,27
42,2,28
42,3,28
42,2,29
42,3,29
42,3,30
42,4,30
42,4,31
42,4,32
42,4,33
42,4,34
42,4,35
42,5,35
42,4,36
42,5,36
42,4,37
42,5,37
42,4,38
42,4,39
42,3,40
42,4,40
42,3,41
42,4,41
42,2,42
42,3,42
43,0,26
43,0,27
43,1,27
43,1,28
43,2,28
43,2,29
43,3,29
43,3,30
43,4,30
43,3,31
43,4,31
43,4,32
43,4,33
43,5,33
43,4,34
43,5,34
43,4,35
43,5,35
43,5,36
43,4,37
43,5,37
43,4,38
43,5,38
43,4,39
43,5,39
43,4,40
43,3,41
43,4,41
43,3,42
43,4,42
44,0,26
44,0,27
44,1,27
44,0,28
44,1,28
44,2,28
44,1,29
44,2,29
44,2,30
44,3,30
44,3,31
44,4,31
44,4,32
44,4,33
44,5,33
44,5,34
44,5,35
44,5,36
44,5,37
44,5,38
44,5,39
44,4,40
44,5,40
44,4,41
44,5,41
44,4,42
45,0,26
45,0,27
45,0,28
45,1,28
45,1,29
45,2,29
45,1,30
45,2,30
45,3,30
45,2,31
45,3,31
45,4,31
45,3,32
45,4,32
45,4,33
45,5,33
45,4,34
45,5,34
45,5,35
45,5,36
45,5,37
45,5,38
45,5,39
45,5,40
45,4,41
45,5,41
45,4,42
45,5,42
46,0,1
46,0,3
46,0,4
46,0,5
46,0,8
46,0,27
46,0,28
46,1,28
46,0,29
46,1,29
46,1,30
46,2,30
46,2,31
46,3,31
46,2,32
46,3,32
46,4,32
46,3,33
46,4,33
46,4,34
46,5,34
46,5,35
46,5,36
46,5,37
46,5,38
46,6,38
46,5,39
46,6,39
46,5,40
46,6,40
46,5,41
46,6,41
46,5,42
46,6,42
47,0,7
47,0,8
47,0,27
47,0,28
47,0,29
47,1,29
47,1,30
47,2,30
47,1,31
47,2,31
47,2,32
47,3,32
47,3,33
47,4,33
47,3,34
47,4,34
47,4,35
47,5,35
47,4,36
47,5,36
47,5,37
47,5,38
47,6,38
47,6,39
47,6,40
47,6,41
47,6,42
48,0,28
48,0,29
48,1,29
48,0,30
48,1,30
48,1,31
48,2,31
48,1,32
48,2,32
48,2,33
48,3,33
48,2,34
48,3,34
48,4,34
48,3,35
48,4,35
48,4,36
48,5,36
48,5,37
48,6,37
48,6,38
48,6,39
48,6,40
48,6,41
48,6,42
49,0,29
49,0,30
49,1,30
49,0,31
49,1,31
49,1,32
49,2,32
49,2,33
49,3,33
49,2,34
49,3,34
49,4,34
49,4,35
49,5,35
49,4,36
49,5,36
49,5,37
49,6,37
49,6,38
49,5,39
49,6,39
49,5,40
49,6,40
49,6,41
49,6,42
50,0,2
50,0,29
50,0,30
50,0,31
50,1,31
50,1,32
50,2,32
50,2,33
50,3,33
50,3,34
50,4,34
50,4,35
50,5,35
50,4,36
50,5,36
50,5,37
50,6,37
50,5,38
50,6,38
50,4,39
50,5,39
50,6,39
50,5,40
50,6,40
50,5,41
50,6,41
50,6,42
51,0,0
51,0,1
51,0,2
51,0,12
51,0,13
51,0,14
51,0,29
51,0,30
51,0,31
51,1,31
51,1,32
51,2,32
51,2,33
51,3,33
51,3,34
51,4,34
51,3,35
51,4,35
51,3,36
51,4,36
51,5,36
51,4,37
51,5,37
51,4,38
51,5,38
51,4,39
51,5,39
51,6,39
51,6,40
51,6,41
51,6,42
52,0,0
52,0,1
52,0,2
52,0,3
52,0,4
52,0,5
52,0,6
52,0,7
52,0,12
52,0,13
52,0,14
52,0,15
52,0,16
52,0,29
52,0,30
52,1,30
52,1,31
52,1,32
52,2,32
52,2,33
52,2,34
52,3,34
52,2,35
52,3,35
52,3,36
52,4,36
52,3,37
52,4,37
52,3,38
52,4,38
52,5,38
52,4,39
52,5,39
52,5,40
52,6,40
52,5,41
52,6,41
52,6,42
53,0,0
53,0,1
53,0,2
53,0,3
53,0,4
53,0,5
53,0,6
53,0,7
53,0,8
53,0,11
53,0,12
53,0,13
53,0,14
53,0,15
53,0,16
53,0,29
53,0,30
53,1,30
53,0,31
53,1,31
53,1,32
53,1,33
53,2,33
53,1,34
53,2,34
53,1,35
53,2,35
53,3,35
53,1,36
53,2,36
53,3,36
53,2,37
53,3,37
53,4,37
53,3,38
53,4,38
53,4,39
53,5,39
53,4,40
53,5,40
53,5,41
53,6,41
53,5,42
53,6,42
54,0,0
54,0,1
54,0,2
54,0,3
54,0,4
54,0,5
54,0,6
54,0,7
54,0,8
54,0,9
54,0,10
54,0,11
54,0,12
54,1,12
54,0,13
54,1,13
54,0,14
54,1,14
54,0,15
54,1,15
54,0,16
54,1,16
54,0,17
54,0,18
54,0,29
54,0,30
54,0,31
54,0,32
54,1,32
54,0,33
54,1,33
54,0,34
54,1,34
54,2,34
54,0,35
54,1,35
54,2,35
54,1,36
54,2,36
54,3,36
54,2,37
54,3,37
54,3,38
54,4,38
54,3,39
54,4,39
54,4,40
54,5,40
54,4,41
54,5,41
54,5,42
55,0,0
55,0,1
55,0,2
55,0,3
55,0,4
55,0,5
55,0,6
55,0,7
55,0,8
55,0,9
55,0,10
55,0,11
55,1,11
55,0,12
55,1,12
55,1,13
55,1,14
55,1,15
55,0,16
55,1,16
55,0,17
55,1,17
55,0,18
55,0,30
55,0,31
55,0,32
55,0,33
55,1,33
55,0,34
55,1,34
55,0,35
55,1,35
55,2,35
55,1,36
55,2,36
55,2,37
55,3,37
55,2,38
55,3,38
55,2,39
55,3,39
55,4,39
55,3,40
55,4,40
55,3,41
55,4,41
55,4,42
55,5,42
56,0,0
56,0,1
56,0,2
56,0,3
56,0,4
56,0,5
56,0,6
56,0,7
56,0,8
56,0,9
56,1,9
56,0,10
56,1,10
56,0,11
56,1,11
56,1,12
56,2,12
56,1,13
56,2,13
56,1,14
56,2,14
56,1,15
56,2,15
56,1,16
56,2,16
56,0,17
56,1,17
56,0,18
56,1,18
56,0,19
56,0,32
56,0,33
56,0,34
56,1,34
56,0,35
56,1,35
56,1,36
56,2,36
56,1,37
56,2,37
56,1,38
56,2,38
56,2,39
56,3,39
56,2,40
56,3,40
56,3,41
56,4,41
56,4,42
57,0,0
57,0,1
57,0,2
57,0,3
57,0,4
57,0,5
57,0,6
57,0,7
57,1,7
57,0,8
57,1,8
57,2,8
57,0,9
57,1,9
57,2,9
57,1,10
57,2,10
57,1,11
57,2,11
57,1,12
57,2,12
57,2,13
57,2,14
57,2,15
57,3,15
57,1,16
57,2,16
57,3,16
57,1,17
57,2,17
57,0,18
57,1,18
57,0,19
57,1,19
57,0,20
57,0,33
57,0,34
57,0,35
57,1,35
57,0,36
57,1,36
57,0,37
57,1,37
57,1,38
57,2,38
57,1,39
57,2,39
57,2,40
57,3,40
57,2,41
57,3,41
57,3,42
57,4,42
58,0,0
58,0,1
58,0,2
58,0,3
58,0,4
58,0,5
58,0,6
58,0,7
58,1,7
58,1,8
58,2,8
58,2,9
58,2,10
58,3,10
58,2,11
58,3,11
58,2,12
58,3,12
58,2,13
58,3,13
58,2,14
58,3,14
58,2,15
58,3,15
58,2,16
58,3,16
58,2,17
58,3,17
58,1,18
58,2,18
58,0,19
58,1,19
58,0,20
58,1,20
58,0,21
58,0,34
58,0,35
58,0,36
58,0,37
58,1,37
58,0,38
58,1,38
58,1,39
58,2,39
58,1,40
58,2,40
58,2,41
58,3,41
58,3,42
59,0,0
59,1,0
59,0,1
59,1,1
59,0,2
59,0,3
59,0,4
59,0,5
59,0,6
59,1,6
59,0,7
59,1,7
59,0,8
59,1,8
59,2,8
59,1,9
59,2,9
59,2,10
59,2,11
59,3,11
59,3,12
59,3,13
59,4,13
59,2,14
59,3,14
59,2,15
59,3,15
59,3,16
59,2,17
59,3,17
59,1,18
59,2,18
59,3,18
59,1,19
59,2,19
59,0,20
59,1,20
59,0,21
59,0,22
59,0,36
59,0,37
59,0,38
59,1,38
59,0,39
59,1,39
59,1,40
59,2,40
59,2,41
59,2,42
59,3,42
60,1,0
60,2,0
60,0,1
60,1,1
60,0,2
60,1,2
60,0,3
60,1,3
60,0,4
60,1,4
60,0,5
60,1,5
60,1,6
60,0,7
60,1,7
60,0,8
60,1,8
60,1,9
60,2,9
60,1,10
60,2,10
60,2,11
60,3,11
60,3,12
60,3,13
60,4,13
60,3,14
60,4,14
60,3,15
60,3,16
60,4,16
60,3,17
60,4,17
60,2,18
60,3,18
60,1,19
60,2,19
60,3,19
60,1,20
60,2,20
60,0,21
60,1,21
60,0,22
60,0,37
60,0,38
60,0,39
60,1,39
60,0,40
60,1,40
60,1,41
60,2,41
60,2,42
61,1,0
61,2,0
61,1,1
61,2,1
61,0,2
61,1,2
61,1,3
61,1,4
61,1,5
61,1,6
61,1,7
61,1,8
61,1,9
61,1,10
61,2,10
61,2,11
61,2,12
61,3,12
61,3,13
61,4,13
61,3,14
61,4,14
61,3,15
61,4,15
61,3,16
61,4,16
61,3,17
61,4,17
61,3,18
61,4,18
61,2,19
61,3,19
61,1,20
61,2,20
61,0,21
61,1,21
61,0,22
61,1,22
61,0,23
61,0,38
61,0,39
61,0,40
61,1,40
61,0,41
61,1,41
61,1,42
61,2,42
62,2,0
62,3,0
62,1,1
62,2,1
62,1,2
62,2,2
62,1,3
62,1,4
62,1,5
62,2,5
62,1,6
62,2,6
62,1,7
62,2,7
62,1,8
62,2,8
62,1,9
62,2,9
62,1,10
62,2,10
62,2,11
62,2,12
62,3,12
62,3,13
62,4,13
62,4,14
62,3,15
62,4,15
62,3,16
62,4,16
62,4,17
62,3,18
62,4,18
62,2,19
62,3,19
62,4,19
62,2,20
62,3,20
62,1,21
62,2,21
62,0,22
62,1,22
62,0,23
62,1,23
62,0,24
62,0,26
62,0,27
62,0,28
62,0,29
62,0,30
62,0,31
62,0,32
62,0,40
62,0,41
62,1,41
62,0,42
62,1,42
63,2,0
63,3,0
63,2,1
63,3,1
63,1,2
63,2,2
63,1,3
63,2,3
63,1,4
63,2,4
63,1,5
63,2,5
63,2,6
63,2,7
63,2,8
63,1,9
63,2,9
63,1,10
63,2,10
63,1,11
63,2,11
63,2,12
63,3,12
63,3,13
63,4,13
63,4,14
63,4,15
63,5,15
63,4,16
63,4,17
63,5,17
63,4,18
63,3,19
63,4,19
63,2,20
63,3,20
63,1,21
63,2,21
63,3,21
63,1,22
63,2,22
63,0,23
63,1,23
63,0,24
63,0,25
63,0,26
63,1,26
63,0,27
63,1,27
63,0,28
63,1,28
63,0,29
63,1,29
63,0,30
63,1,30
63,0,31
63,1,31
63,0,32
63,0,33
63,0,34
63,0,35
63,0,40
63,0,41
63,0,42
