27,9,40
27,10,40
27,10,41
27,10,42
27,10,43
27,11,43
27,10,44
27,11,44
27,11,45
27,11,46
27,11,47
27,12,47
27,11,48
27,12,48
27,12,49
27,12,50
27,12,51
27,12,52
27,13,52
27,12,53
27,13,53
27,13,54
27,13,55
27,13,56
27,13,57
27,13,58
27,13,59
27,13,60
27,14,60
27,13,61
27,14,61
27,13,62
27,14,62
27,13,63
27,14,63
28,8,36
28,9,36
28,9,37
28,9,38
28,9,39
28,9,40
28,10,40
28,10,41
28,10,42
28,10,43
28,10,44
28,11,44
28,11,45
28,11,46
28,11,47
28,11,48
28,12,48
28,11,49
28,12,49
28,12,50
28,12,51
28,12,52
28,12,53
28,12,54
28,13,54
28,12,55
28,13,55
28,13,56
28,13,57
28,13,58
28,13,59
28,13,60
28,13,61
28,13,62
28,13,63
29,8,36
29,9,36
29,9,37
29,9,38
29,9,39
29,9,40
29,10,40
29,10,41
29,10,42
29,10,43
29,10,44
29,11,44
29,10,45
29,11,45
29,11,46
29,11,47
29,11,48
29,11,49
29,12,49
29,11,50
29,12,50
29,12,51
29,12,52
29,12,53
29,12,54
29,12,55
29,13,55
29,12,56
29,13,56
29,12,57
29,13,57
29,12,58
29,13,58
29,13,59
29,13,60
29,13,61
29,13,62
29,13,63
30,8,36
30,8,37
30,9,37
30,9,38
30,9,39
30,9,40
30,9,41
30,10,41
30,10,42
30,10,43
30,10,44
30,10,45
30,11,45
30,10,46
30,11,46
30,11,47
30,11,48
30,11,49
30,11,50
30,11,51
30,12,51
30,11,52
30,12,52
30,12,53
30,12,54
30,12,55
30,12,56
30,12,57
30,12,58
30,13,58
30,12,59
30,13,59
30,12,60
30,13,60
30,12,61
30,13,61
30,12,62
30,13,62
30,12,63
30,13,63
31,8,36
31,8,37
31,9,37
31,9,38
31,9,39
31,9,40
31,9,41
31,10,41
31,9,42
31,10,42
31,10,43
31,10,44
31,10,45
31,10,46
31,11,46
31,10,47
31,11,47
31,11,48
31,11,49
31,11,50
31,11,51
31,11,52
31,11,53
31,12,53
31,11,54
31,12,54
31,11,55
31,12,55
31,12,56
31,12,57
31,12,58
31,12,59
31,12,60
31,12,61
31,12,62
31,12,63
32,8,36
32,8,37
32,9,37
32,8,38
32,9,38
32,9,39
32,9,40
32,9,41
32,9,42
32,10,42
32,10,43
32,10,44
32,10,45
32,10,46
32,10,47
32,10,48
32,11,48
32,10,49
32,11,49
32,10,50
32,11,50
32,11,51
32,11,52
32,11,53
32,11,54
32,11,55
32,12,55
32,11,56
32,12,56
32,11,57
32,12,57
32,11,58
32,12,58
32,12,59
32,11,60
32,12,60
32,11,61
32,12,61
32,12,62
32,12,63
33,8,36
33,8,37
33,8,38
33,9,38
33,9,39
33,9,40
33,9,41
33,9,42
33,10,42
33,9,43
33,10,43
33,10,44
33,10,45
33,10,46
33,10,47
33,10,48
33,10,49
33,10,50
33,11,50
33,10,51
33,11,51
33,10,52
33,11,52
33,11,53
33,11,54
33,11,55
33,11,56
33,11,57
33,11,58
33,12,58
33,11,59
33,12,59
33,11,60
33,11,61
33,12,61
33,11,62
33,12,62
33,11,63
33,12,63
34,8,36
34,8,37
34,8,38
34,9,38
34,8,39
34,9,39
34,9,40
34,9,41
34,9,42
34,9,43
34,9,44
34,10,44
34,9,45
34,10,45
34,9,46
34,10,46
34,10,47
34,10,48
34,10,49
34,10,50
34,10,51
34,10,52
34,10,53
34,11,53
34,10,54
34,11,54
34,10,55
34,11,55
34,11,56
34,11,57
34,10,58
34,11,58
34,10,59
34,11,59
34,11,60
34,11,61
34,11,62
34,11,63
35,8,36
35,8,37
35,8,38
35,8,39
35,9,39
35,8,40
35,9,40
35,9,41
35,9,42
35,9,43
35,9,44
35,9,45
35,9,46
35,9,47
35,10,47
35,9,48
35,10,48
35,9,49
35,10,49
35,9,50
35,10,50
35,9,51
35,10,51
35,10,52
35,10,53
35,10,54
35,10,55
35,10,56
35,11,56
35,10,57
35,11,57
35,10,58
35,11,58
35,10,59
35,11,59
35,10,60
35,11,60
35,10,61
35,11,61
35,10,62
35,11,62
35,10,63
35,11,63
36,8,36
36,8,37
36,8,38
36,8,39
36,8,40
36,9,40
36,8,41
36,9,41
36,8,42
36,9,42
36,8,43
36,9,43
36,8,44
36,9,44
36,8,45
36,9,45
36,8,46
36,9,46
36,8,47
36,9,47
36,9,48
36,9,49
36,9,50
36,9,51
36,9,52
36,10,52
36,9,53
36,10,53
36,9,54
36,10,54
36,9,55
36,10,55
36,9,56
36,10,56
36,9,57
36,10,57
36,10,58
36,10,59
36,10,60
36,10,61
36,10,62
36,9,63
36,10,63
37,7,36
37,8,36
37,7,37
37,8,37
37,7,38
37,8,38
37,8,39
37,8,40
37,8,41
37,8,42
37,8,43
37,8,44
37,8,45
37,8,46
37,8,47
37,9,47
37,8,48
37,9,48
37,8,49
37,9,49
37,8,50
37,9,50
37,8,51
37,9,51
37,8,52
37,9,52
37,8,53
37,9,53
37,8,54
37,9,54
37,9,55
37,9,56
37,9,57
37,9,58
37,10,58
37,9,59
37,10,59
37,9,60
37,10,60
37,9,61
37,10,61
37,9,62
37,10,62
37,9,63
37,10,63
38,7,36
38,7,37
38,7,38
38,7,39
38,8,39
38,7,40
38,8,40
38,7,41
38,8,41
38,7,42
38,8,42
38,7,43
38,8,43
38,7,44
38,8,44
38,7,45
38,8,45
38,7,46
38,8,46
38,7,47
38,8,47
38,7,48
38,8,48
38,7,49
38,8,49
38,7,50
38,8,50
38,7,51
38,8,51
38,7,52
38,8,52
38,8,53
38,8,54
38,9,54
38,8,55
38,9,55
38,8,56
38,9,56
38,9,57
38,9,58
38,9,59
38,9,60
38,9,61
38,9,62
38,9,63
38,10,63
39,6,36
39,7,36
39,6,37
39,7,37
39,6,38
39,7,38
39,6,39
39,7,39
39,6,40
39,7,40
39,6,41
39,7,41
39,6,42
39,7,42
39,6,43
39,7,43
39,6,44
39,7,44
39,6,45
39,7,45
39,6,46
39,7,46
39,6,47
39,7,47
39,6,48
39,7,48
39,6,49
39,7,49
39,7,50
39,7,51
39,8,51
39,7,52
39,8,52
39,8,53
39,8,54
39,8,55
39,8,56
39,9,56
39,8,57
39,9,57
39,8,58
39,9,58
39,9,59
39,9,60
39,9,61
39,10,61
39,9,62
39,10,62
39,9,63
39,10,63
40,5,36
40,6,36
40,5,37
40,6,37
40,5,38
40,6,38
40,6,39
40,6,40
40,6,41
40,6,42
40,5,43
40,6,43
40,5,44
40,6,44
40,5,45
40,6,45
40,6,46
40,6,47
40,6,48
40,7,48
40,6,49
40,7,49
40,7,50
40,7,51
40,8,51
40,7,52
40,8,52
40,8,53
40,8,54
40,8,55
40,8,56
40,9,56
40,8,57
40,9,57
40,8,58
40,9,58
40,9,59
40,10,59
40,9,60
40,10,60
40,9,61
40,10,61
40,10,62
40,11,62
40,10,63
40,11,63
41,4,36
41,5,36
41,4,37
41,5,37
41,5,38
41,5,39
41,6,39
41,5,40
41,6,40
41,5,41
41,6,41
41,5,42
41,6,42
41,5,43
41,5,44
41,6,44
41,5,45
41,6,45
41,6,46
41,7,46
41,6,47
41,7,47
41,6,48
41,7,48
41,7,49
41,8,49
41,7,50
41,8,50
41,7,51
41,8,51
41,8,52
41,8,53
41,8,54
41,9,54
41,8,55
41,9,55
41,8,56
41,9,56
41,8,57
41,9,57
41,10,57
41,9,58
41,10,58
41,9,59
41,10,59
41,10,60
41,10,61
41,11,61
41,10,62
41,11,62
41,11,63
42,4,36
42,5,36
42,4,37
42,5,37
42,4,38
42,5,38
42,5,39
42,5,40
42,5,41
42,6,41
42,5,42
42,6,42
42,5,43
42,6,43
42,5,44
42,6,44
42,7,44
42,6,45
42,7,45
42,6,46
42,7,46
42,7,47
42,8,47
42,7,48
42,8,48
42,7,49
42,8,49
42,8,50
42,9,50
42,8,51
42,9,51
42,8,52
42,9,52
42,8,53
42,9,53
42,8,54
42,9,54
42,9,55
42,10,55
42,9,56
42,10,56
42,9,57
42,10,57
42,10,58
42,10,59
42,11,59
42,10,60
42,11,60
42,10,61
42,11,61
42,11,62
42,11,63
42,12,63
43,5,36
43,5,37
43,6,37
43,5,38
43,6,38
43,5,39
43,6,39
43,5,40
43,6,40
43,5,41
43,6,41
43,6,42
43,7,42
43,6,43
43,7,43
43,6,44
43,7,44
43,7,45
43,8,45
43,7,46
43,8,46
43,7,47
43,8,47
43,8,48
43,9,48
43,8,49
43,9,49
43,8,50
43,9,50
43,9,51
43,10,51
43,9,52
43,10,52
43,9,53
43,10,53
43,9,54
43,10,54
43,9,55
43,10,55
43,10,56
43,10,57
43,11,57
43,10,58
43,11,58
43,10,59
43,11,59
43,11,60
43,11,61
43,11,62
43,12,62
43,11,63
43,12,63
44,5,36
44,6,36
44,5,37
44,6,37
44,6,38
44,6,39
44,7,39
44,6,40
44,7,40
44,6,41
44,7,41
44,6,42
44,7,42
44,7,43
44,8,43
44,7,44
44,8,44
44,7,45
44,8,45
44,8,46
44,9,46
44,8,47
44,9,47
44,9,48
44,9,49
44,9,50
44,10,50
44,9,51
44,10,51
44,10,52
44,11,52
44,10,53
44,10,54
44,10,55
44,11,55
44,10,56
44,11,56
44,10,57
44,11,57
44,11,58
44,11,59
44,11,60
44,11,61
44,12,61
44,11,62
44,12,62
44,12,63
45,6,36
45,6,37
45,7,37
45,6,38
45,7,38
45,6,39
45,7,39
45,7,40
45,8,40
45,7,41
45,8,41
45,7,42
45,8,42
45,8,43
45,8,44
45,9,44
45,8,45
45,9,45
45,8,46
45,9,46
45,9,47
45,9,48
45,9,49
45,10,49
45,9,50
45,10,50
45,10,51
45,10,52
45,10,53
45,10,54
45,11,54
45,10,55
45,11,55
45,11,56
45,11,57
45,11,58
45,11,59
45,12,59
45,11,60
45,12,60
45,12,61
45,12,62
45,12,63
46,6,36
46,7,36
46,7,37
46,7,38
46,8,38
46,7,39
46,8,39
46,7,40
46,8,40
46,8,41
46,8,42
46,9,42
46,8,43
46,9,43
46,8,44
46,9,44
46,9,45
46,9,46
46,9,47
46,9,48
46,10,48
46,9,49
46,10,49
46,10,50
46,10,51
46,10,52
46,10,53
46,11,53
46,10,54
46,11,54
46,11,55
46,11,56
46,11,57
46,12,57
46,11,58
46,12,58
46,11,59
46,12,59
46,12,60
46,12,61
46,12,62
46,12,63
46,13,63
47,7,36
47,7,37
47,8,37
47,7,38
47,8,38
47,8,39
47,8,40
47,8,41
47,9,41
47,8,42
47,9,42
47,9,43
47,9,44
47,9,45
47,9,46
47,9,47
47,10,47
47,9,48
47,10,48
47,10,49
47,10,50
47,10,51
47,11,51
47,10,52
47,11,52
47,10,53
47,11,53
47,11,54
47,11,55
47,11,56
47,12,56
47,11,57
47,12,57
47,12,58
47,12,59
47,12,60
47,12,61
47,12,62
47,13,62
47,12,63
47,13,63
48,7,36
48,8,36
48,7,37
48,8,37
48,8,38
48,8,39
48,8,40
48,8,41
48,9,41
48,9,42
48,9,43
48,9,44
48,9,45
48,9,46
48,10,46
48,9,47
48,10,47
48,10,48
48,10,49
48,10,50
48,10,51
48,11,51
48,11,52
48,11,53
48,11,54
48,11,55
48,12,55
48,11,56
48,12,56
48,12,57
48,12,58
48,12,59
48,12,60
48,12,61
48,13,61
48,12,62
48,13,62
48,13,63
49,7,36
49,8,36
49,8,37
49,8,38
49,8,39
49,8,40
49,8,41
49,9,41
49,9,42
49,9,43
49,9,44
49,9,45
49,9,46
49,10,46
49,10,47
49,10,48
49,10,49
49,10,50
49,11,50
49,10,51
49,11,51
49,11,52
49,11,53
49,11,54
49,11,55
49,12,55
49,11,56
49,12,56
49,12,57
49,12,58
49,12,59
49,12,60
49,13,60
49,12,61
49,13,61
49,13,62
49,13,63
50,7,36
50,8,36
50,8,37
50,8,38
50,8,39
50,8,40
50,9,40
50,8,41
50,9,41
50,9,42
50,9,43
50,9,44
50,9,45
50,10,45
50,9,46
50,10,46
50,10,47
50,10,48
50,10,49
50,10,50
50,11,50
50,11,51
50,11,52
50,11,53
50,11,54
50,12,54
50,11,55
50,12,55
50,12,56
50,12,57
50,12,58
50,12,59
50,12,60
50,13,60
50,13,61
50,13,62
50,13,63
51,8,36
51,8,37
51,8,38
51,8,39
51,8,40
51,9,40
51,9,41
51,9,42
51,9,43
51,9,44
51,9,45
51,10,45
51,10,46
51,10,47
51,10,48
51,10,49
51,11,49
51,10,50
51,11,50
51,11,51
51,11,52
51,11,53
51,11,54
51,12,54
51,12,55
51,12,56
51,12,57
51,12,58
51,12,59
51,13,59
51,12,60
51,13,60
51,13,61
51,13,62
51,13,63
52,8,36
52,8,37
52,8,38
52,8,39
52,8,40
52,9,40
52,9,41
52,9,42
52,9,43
52,9,44
52,9,45
52,10,45
52,10,46
52,10,47
52,10,48
52,10,49
52,10,50
52,11,50
52,11,51
52,11,52
52,11,53
52,11,54
52,12,54
52,12,55
52,12,56
52,12,57
52,12,58
52,12,59
52,13,59
52,13,60
52,13,61
52,13,62
52,13,63
53,8,36
53,8,37
53,8,38
53,8,39
53,8,40
53,9,40
53,9,41
53,9,42
53,9,43
53,9,44
53,9,45
53,10,45
53,10,46
53,10,47
53,10,48
53,10,49
53,10,50
53,11,50
53,11,51
53,11,52
53,11,53
53,11,54
53,11,55
53,12,55
53,12,56
53,12,57
53,12,58
53,12,59
53,13,59
53,13,60
53,13,61
53,13,62
53,13,63
54,8,36
54,8,37
54,8,38
54,8,39
54,8,40
54,9,40
54,9,41
54,9,42
54,9,43
54,9,44
54,9,45
54,10,45
54,10,46
54,10,47
54,10,48
54,10,49
54,10,50
54,11,50
54,11,51
54,11,52
54,11,53
54,11,54
54,11,55
54,12,55
54,12,56
54,12,57
54,12,58
54,12,59
54,13,59
54,13,60
54,13,61
54,13,62
54,13,63
55,8,36
55,8,37
55,8,38
55,8,39
55,8,40
55,8,41
55,9,41
55,9,42
55,9,43
55,9,44
55,9,45
55,10,45
55,9,46
55,10,46
55,10,47
55,10,48
55,10,49
55,10,50
55,11,50
55,11,51
55,11,52
55,11,53
55,11,54
55,11,55
55,12,55
55,12,56
55,12,57
55,12,58
55,12,59
55,13,59
55,12,60
55,13,60
55,13,61
55,13,62
55,13,63
56,7,36
56,8,36
56,8,37
56,8,38
56,8,39
56,8,40
56,8,41
56,9,41
56,9,42
56,9,43
56,9,44
56,9,45
56,10,45
56,9,46
56,10,46
56,10,47
56,10,48
56,10,49
56,10,50
56,11,50
56,10,51
56,11,51
56,11,52
56,11,53
56,11,54
56,11,55
56,12,55
56,12,56
56,12,57
56,12,58
56,12,59
56,12,60
56,13,60
56,13,61
56,13,62
56,13,63
57,7,36
57,8,36
57,8,37
57,8,38
57,8,39
57,8,40
57,8,41
57,9,41
57,9,42
57,9,43
57,9,44
57,9,45
57,9,46
57,10,46
57,10,47
57,10,48
57,10,49
57,10,50
57,10,51
57,11,51
57,11,52
57,11,53
57,11,54
57,11,55
57,12,55
57,12,56
57,12,57
57,12,58
57,12,59
57,12,60
57,13,60
57,13,61
57,13,62
57,13,63
58,7,36
58,8,36
58,7,37
58,8,37
58,8,38
58,9,38
58,8,39
58,8,40
58,8,41
58,8,42
58,9,42
58,9,43
58,9,44
58,9,45
58,9,46
58,10,46
58,9,47
58,10,47
58,9,48
58,10,48
58,10,49
58,10,50
58,10,51
58,11,51
58,10,52
58,11,52
58,11,53
58,11,54
58,11,55
58,12,55
58,11,56
58,12,56
58,12,57
58,12,58
58,12,59
58,12,60
58,13,60
58,12,61
58,13,61
58,13,62
58,13,63
59,7,36
59,7,37
59,8,37
59,8,38
59,8,39
59,8,40
59,8,41
59,8,42
59,9,42
59,9,43
59,9,44
59,9,45
59,9,46
59,9,47
59,10,47
59,9,48
59,10,48
59,10,49
59,10,50
59,10,51
59,10,52
59,11,52
59,11,53
59,11,54
59,11,55
59,11,56
59,12,56
59,12,57
59,12,58
59,12,59
59,12,60
59,12,61
59,13,61
59,12,62
59,13,62
59,13,63
60,7,36
60,7,37
60,8,37
60,7,38
60,8,38
60,8,39
60,8,40
60,8,41
60,8,42
60,8,43
60,9,43
60,8,44
60,9,44
60,9,45
60,9,46
60,9,47
60,9,48
60,10,48
60,9,49
60,10,49
60,10,50
60,10,51
60,10,52
60,11,52
60,10,53
60,11,53
60,11,54
60,11,55
60,11,56
60,12,56
60,11,57
60,12,57
60,12,58
60,12,59
60,12,60
60,12,61
60,12,62
60,13,62
60,12,63
60,13,63
61,7,36
61,7,37
61,7,38
61,8,38
61,7,39
61,8,39
61,8,40
61,8,41
61,8,42
61,8,43
61,8,44
61,9,44
61,8,45
61,9,45
61,9,46
61,9,47
61,9,48
61,9,49
61,10,49
61,10,50
61,10,51
61,10,52
61,10,53
61,11,53
61,11,54
61,11,55
61,11,56
61,11,57
61,12,57
61,11,58
61,12,58
61,12,59
61,12,60
61,12,61
61,12,62
61,12,63
62,7,36
62,7,37
62,7,38
62,7,39
62,8,39
62,7,40
62,8,40
62,8,41
62,8,42
62,8,43
62,8,44
62,8,45
62,9,45
62,8,46
62,9,46
62,9,47
62,9,48
62,9,49
62,10,49
62,9,50
62,10,50
62,10,51
62,10,52
62,10,53
62,11,53
62,10,54
62,11,54
62,11,55
62,11,56
62,11,57
62,11,58
62,12,58
62,11,59
62,12,59
62,11,60
62,12,60
62,12,61
62,12,62
62,12,63
63,7,36
63,7,37
63,7,38
63,7,39
63,7,40
63,8,40
63,8,41
63,8,42
63,8,43
63,8,44
63,8,45
63,8,46
63,9,46
63,9,47
63,9,48
63,9,49
63,9,50
63,10,50
63,10,51
63,10,52
63,10,53
63,10,54
63,11,54
63,10,55
63,11,55
63,11,56
63,11,57
63,11,58
63,11,59
63,11,60
63,12,60
63,11,61
63,12,61
63,11,62
63,12,62
63,11,63
63,12,63
0,5,36
0,6,36
0,5,37
0,6,37
0,6,38
0,7,38
0,6,39
0,7,39
0,7,40
0,7,41
0,8,41
0,8,42
0,8,43
0,9,43
0,8,44
0,9,44
0,9,45
0,9,46
0,10,46
0,9,47
0,10,47
0,10,48
0,10,49
0,11,49
0,10,50
0,11,50
0,11,51
0,11,52
0,11,53
0,12,53
0,11,54
0,12,54
0,12,55
0,12,56
0,12,57
0,12,58
0,13,58
0,12,59
0,13,59
0,13,60
0,13,61
0,13,62
0,14,62
0,13,63
0,14,63
1,6,36
1,7,36
1,6,37
1,7,37
1,6,38
1,7,38
1,7,39
1,7,40
1,8,40
1,7,41
1,8,41
1,8,42
1,9,42
1,8,43
1,9,43
1,9,44
1,10,44
1,9,45
1,10,45
1,9,46
1,10,46
1,10,47
1,10,48
1,11,48
1,10,49
1,11,49
1,11,50
1,11,51
1,11,52
1,12,52
1,11,53
1,12,53
1,12,54
1,12,55
1,12,56
1,13,56
1,12,57
1,13,57
1,13,58
1,13,59
1,13,60
1,13,61
1,14,61
1,13,62
1,14,62
1,14,63
2,6,36
2,7,36
2,7,37
2,7,38
2,8,38
2,7,39
2,8,39
2,8,40
2,8,41
2,9,41
2,8,42
2,9,42
2,9,43
2,10,43
2,9,44
2,10,44
2,10,45
2,10,46
2,11,46
2,10,47
2,11,47
2,11,48
2,11,49
2,11,50
2,12,50
2,11,51
2,12,51
2,12,52
2,12,53
2,12,54
2,12,55
2,13,55
2,12,56
2,13,56
2,13,57
2,13,58
2,13,59
2,13,60
2,14,60
2,13,61
2,14,61
2,14,62
2,14,63
3,7,36
3,8,36
3,7,37
3,8,37
3,7,38
3,8,38
3,8,39
3,9,39
3,8,40
3,9,40
3,8,41
3,9,41
3,9,42
3,10,42
3,9,43
3,10,43
3,10,44
3,10,45
3,11,45
3,10,46
3,11,46
3,11,47
3,11,48
3,11,49
3,11,50
3,12,50
3,12,51
3,12,52
3,12,53
3,12,54
3,13,54
3,12,55
3,13,55
3,13,56
3,13,57
3,13,58
3,14,58
3,13,59
3,14,59
3,14,60
3,14,61
3,14,62
3,14,63
3,15,63
4,7,36
4,8,36
4,8,37
4,9,37
4,8,38
4,9,38
4,8,39
4,9,39
4,9,40
4,9,41
4,10,41
4,9,42
4,10,42
4,10,43
4,10,44
4,10,45
4,11,45
4,11,46
4,11,47
4,11,48
4,11,49
4,12,49
4,12,50
4,12,51
4,12,52
4,12,53
4,13,53
4,13,54
4,13,55
4,13,56
4,13,57
4,14,57
4,13,58
4,14,58
4,14,59
4,14,60
4,14,61
4,14,62
4,15,62
4,14,63
4,15,63
5,8,36
5,9,36
5,8,37
5,9,37
5,9,38
5,9,39
5,9,40
5,10,40
5,9,41
5,10,41
5,10,42
5,10,43
5,10,44
5,11,44
5,10,45
5,11,45
5,11,46
5,11,47
5,11,48
5,12,48
5,12,49
5,12,50
5,12,51
5,12,52
5,13,52
5,13,53
5,13,54
5,13,55
5,13,56
5,14,56
5,13,57
5,14,57
5,14,58
5,14,59
5,14,60
5,14,61
5,15,61
5,14,62
5,15,62
5,15,63
6,8,36
6,9,36
6,9,37
6,9,38
6,9,39
6,10,39
6,9,40
6,10,40
6,10,41
6,10,42
6,10,43
6,11,43
6,10,44
6,11,44
6,11,45
6,11,46
6,11,47
6,12,47
6,11,48
6,12,48
6,12,49
6,12,50
6,12,51
6,13,51
6,12,52
6,13,52
6,13,53
6,13,54
6,13,55
6,14,55
6,13,56
6,14,56
6,14,57
6,14,58
6,14,59
6,14,60
6,15,60
6,14,61
6,15,61
6,15,62
6,15,63
7,9,36
7,9,37
7,9,38
7,10,38
7,9,39
7,10,39
7,10,40
7,10,41
7,10,42
7,10,43
7,11,43
7,11,44
7,11,45
7,11,46
7,11,47
7,12,47
7,12,48
7,12,49
7,12,50
7,13,50
7,12,51
7,13,51
7,13,52
7,13,53
7,13,54
7,14,54
7,13,55
7,14,55
7,14,56
7,14,57
7,14,58
7,14,59
7,15,59
7,14,60
7,15,60
7,15,61
7,15,62
7,15,63
8,9,36
8,9,37
8,9,38
8,10,38
8,10,39
8,10,40
8,10,41
8,10,42
8,10,43
8,11,43
8,11,44
8,11,45
8,11,46
8,11,47
8,12,47
8,12,48
8,12,49
8,12,50
8,13,50
8,13,51
8,13,52
8,13,53
8,13,54
8,14,54
8,14,55
8,14,56
8,14,57
8,14,58
8,14,59
8,15,59
8,15,60
8,15,61
8,15,62
8,15,63
9,9,36
9,9,37
9,10,37
9,9,38
9,10,38
9,10,39
9,10,40
9,10,41
9,10,42
9,11,42
9,11,43
9,11,44
9,11,45
9,11,46
9,12,46
9,12,47
9,12,48
9,12,49
9,12,50
9,13,50
9,13,51
9,13,52
9,13,53
9,13,54
9,14,54
9,14,55
9,14,56
9,14,57
9,14,58
9,15,58
9,14,59
9,15,59
9,15,60
9,15,61
9,15,62
9,15,63
10,9,36
10,9,37
10,10,37
10,10,38
10,10,39
10,10,40
10,10,41
10,10,42
10,11,42
10,11,43
10,11,44
10,11,45
10,11,46
10,12,46
10,12,47
10,12,48
10,12,49
10,12,50
10,13,50
10,13,51
10,13,52
10,13,53
10,13,54
10,14,54
10,14,55
10,14,56
10,14,57
10,14,58
10,15,58
10,15,59
10,15,60
10,15,61
10,15,62
10,15,63
11,9,36
11,9,37
11,10,37
11,9,38
11,10,38
11,10,39
11,10,40
11,10,41
11,10,42
11,11,42
11,11,43
11,11,44
11,11,45
11,11,46
11,12,46
11,12,47
11,12,48
11,12,49
11,12,50
11,13,50
11,13,51
11,13,52
11,13,53
11,14,53
11,14,54
11,14,55
11,14,56
11,14,57
11,14,58
11,15,58
11,15,59
11,15,60
11,15,61
11,15,62
11,15,63
12,9,36
12,9,37
12,9,38
12,10,38
12,10,39
12,10,40
12,10,41
12,10,42
12,11,42
12,11,43
12,11,44
12,11,45
12,11,46
12,12,46
12,12,47
12,12,48
12,12,49
12,13,49
12,12,50
12,13,50
12,13,51
12,13,52
12,13,53
12,14,53
12,14,54
12,14,55
12,14,56
12,14,57
12,14,58
12,15,58
12,15,59
12,15,60
12,15,61
12,15,62
12,15,63
13,9,36
13,9,37
13,9,38
13,10,38
13,10,39
13,10,40
13,10,41
13,10,42
13,11,42
13,10,43
13,11,43
13,11,44
13,11,45
13,11,46
13,12,46
13,12,47
13,12,48
13,12,49
13,13,49
13,12,50
13,13,50
13,13,51
13,13,52
13,13,53
13,14,53
13,14,54
13,14,55
13,14,56
13,14,57
13,14,58
13,15,58
13,15,59
13,15,60
13,15,61
13,15,62
13,15,63
14,9,36
14,9,37
14,9,38
14,9,39
14,10,39
14,10,40
14,10,41
14,10,42
14,10,43
14,11,43
14,11,44
14,11,45
14,11,46
14,12,46
14,12,47
14,12,48
14,12,49
14,13,49
14,13,50
14,13,51
14,13,52
14,13,53
14,14,53
14,14,54
14,14,55
14,14,56
14,14,57
14,14,58
14,15,58
14,15,59
14,15,60
14,15,61
14,15,62
14,15,63
15,9,36
15,9,37
15,9,38
15,9,39
15,10,39
15,10,40
15,10,41
15,10,42
15,10,43
15,11,43
15,11,44
15,11,45
15,11,46
15,12,46
15,12,47
15,12,48
15,12,49
15,13,49
15,13,50
15,13,51
15,13,52
15,13,53
15,14,53
15,14,54
15,14,55
15,14,56
15,14,57
15,14,58
15,15,58
15,14,59
15,15,59
15,15,60
15,15,61
15,15,62
15,15,63
16,8,36
16,9,36
16,9,37
16,9,38
16,9,39
16,10,39
16,10,40
16,10,41
16,10,42
16,10,43
16,11,43
16,11,44
16,11,45
16,11,46
16,12,46
16,12,47
16,12,48
16,12,49
16,13,49
16,13,50
16,13,51
16,13,52
16,13,53
16,14,53
16,14,54
16,14,55
16,14,56
16,14,57
16,14,58
16,14,59
16,15,59
16,15,60
16,15,61
16,15,62
16,15,63
17,8,36
17,9,36
17,9,37
17,9,38
17,9,39
17,10,39
17,10,40
17,10,41
17,10,42
17,10,43
17,11,43
17,11,44
17,11,45
17,11,46
17,12,46
17,12,47
17,12,48
17,12,49
17,13,49
17,13,50
17,13,51
17,13,52
17,13,53
17,14,53
17,14,54
17,14,55
17,14,56
17,14,57
17,14,58
17,14,59
17,15,59
17,14,60
17,15,60
17,15,61
17,15,62
17,15,63
18,9,36
18,9,37
18,9,38
18,9,39
18,10,39
18,10,40
18,10,41
18,10,42
18,10,43
18,11,43
18,11,44
18,11,45
18,11,46
18,12,46
18,12,47
18,12,48
18,12,49
18,13,49
18,13,50
18,13,51
18,13,52
18,13,53
18,14,53
18,13,54
18,14,54
18,14,55
18,14,56
18,14,57
18,14,58
18,14,59
18,14,60
18,15,60
18,15,61
18,15,62
18,15,63
19,9,36
19,9,37
19,9,38
19,9,39
19,10,39
19,10,40
19,10,41
19,10,42
19,10,43
19,11,43
19,11,44
19,11,45
19,11,46
19,12,46
19,12,47
19,12,48
19,12,49
19,13,49
19,13,50
19,13,51
19,13,52
19,13,53
19,13,54
19,14,54
19,14,55
19,14,56
19,14,57
19,14,58
19,14,59
19,14,60
19,15,60
19,14,61
19,15,61
19,15,62
19,15,63
20,9,36
20,9,37
20,9,38
20,9,39
20,10,39
20,10,40
20,10,41
20,10,42
20,10,43
20,11,43
20,11,44
20,11,45
20,11,46
20,12,46
20,12,47
20,12,48
20,12,49
20,13,49
20,12,50
20,13,50
20,13,51
20,13,52
20,13,53
20,13,54
20,14,54
20,14,55
20,14,56
20,14,57
20,14,58
20,14,59
20,14,60
20,14,61
20,15,61
20,14,62
20,15,62
20,14,63
20,15,63
21,9,36
21,9,37
21,9,38
21,9,39
21,10,39
21,10,40
21,10,41
21,10,42
21,10,43
21,11,43
21,11,44
21,11,45
21,11,46
21,12,46
21,12,47
21,12,48
21,12,49
21,12,50
21,13,50
21,13,51
21,13,52
21,13,53
21,13,54
21,14,54
21,14,55
21,14,56
21,14,57
21,14,58
21,14,59
21,14,60
21,14,61
21,14,62
21,14,63
21,15,63
22,9,36
22,9,37
22,9,38
22,9,39
22,10,39
22,10,40
22,10,41
22,10,42
22,10,43
22,11,43
22,11,44
22,11,45
22,11,46
22,12,46
22,12,47
22,12,48
22,12,49
22,12,50
22,13,50
22,13,51
22,13,52
22,13,53
22,13,54
22,14,54
22,13,55
22,14,55
22,14,56
22,14,57
22,14,58
22,14,59
22,14,60
22,14,61
22,14,62
22,14,63
23,9,36
23,9,37
23,9,38
23,9,39
23,10,39
23,10,40
23,10,41
23,10,42
23,10,43
23,11,43
23,11,44
23,11,45
23,11,46
23,12,46
23,12,47
23,12,48
23,12,49
23,12,50
23,13,50
23,13,51
23,13,52
23,13,53
23,13,54
23,13,55
23,14,55
23,14,56
23,14,57
23,14,58
23,14,59
23,14,60
23,14,61
23,14,62
23,14,63
24,8,36
24,9,36
24,9,37
24,9,38
24,9,39
24,10,39
24,10,40
24,10,41
24,10,42
24,10,43
24,11,43
24,11,44
24,11,45
24,11,46
24,12,46
24,12,47
24,12,48
24,12,49
24,12,50
24,13,50
24,12,51
24,13,51
24,13,52
24,13,53
24,13,54
24,13,55
24,14,55
24,13,56
24,14,56
24,14,57
24,14,58
24,14,59
24,14,60
24,14,61
24,14,62
24,14,63
25,8,36
25,9,36
25,9,37
25,9,38
25,9,39
25,10,39
25,9,40
25,10,40
25,10,41
25,10,42
25,10,43
25,11,43
25,11,44
25,11,45
25,11,46
25,11,47
25,12,47
25,12,48
25,12,49
25,12,50
25,12,51
25,13,51
25,13,52
25,13,53
25,13,54
25,13,55
25,13,56
25,14,56
25,13,57
25,14,57
25,14,58
25,14,59
25,14,60
25,14,61
25,14,62
25,14,63
26,8,36
26,9,36
26,9,37
26,9,38
26,9,39
26,9,40
26,10,40
26,10,41
26,10,42
26,10,43
26,11,43
26,11,44
26,11,45
26,11,46
26,11,47
26,12,47
26,12,48
26,12,49
26,12,50
26,12,51
26,13,51
26,12,52
26,13,52
26,13,53
26,13,54
26,13,55
26,13,56
26,13,57
26,14,57
26,13,58
26,14,58
26,13,59
26,14,59
26,14,60
26,14,61
26,14,62
26,14,63
27,8,36
27,9,36
27,9,37
27,9,38
27,9,39
