44,23,19
51,17,2
53,20,18
45,18,2
48,22,25
50,17,2
46,22,18
34,23,1
53,19,16
51,17,1
48,21,12
62,19,10
47,22,26
47,23,28
55,22,18
49,21,19
58,22,17
54,19,14
54,17,9
37,21,0
57,20,16
45,20,6
53,17,10
43,19,0
42,22,7
49,23,26
57,21,15
53,16,2
52,17,0
59,20,13
52,19,15
60,16,3
59,17,6
33,23,0
43,20,3
50,19,13
61,16,1
53,16,5
47,19,7
44,21,4
60,16,2
49,19,8
56,17,11
56,18,12
49,21,21
46,20,8
50,20,11
46,18,1
55,21,19
49,20,12
50,19,10
44,23,20
55,19,13
50,17,3
55,16,1
47,21,17
51,16,5
50,20,16
53,22,22
54,17,1
59,17,8
36,22,1
59,22,15
45,23,21
43,22,5
55,18,12
46,23,26
47,22,23
47,22,25
48,23,27
45,23,15
56,20,15
57,16,1
59,17,9
52,19,14
42,23,8
51,19,9
39,22,2
37,22,1
60,20,13
47,18,1
36,23,2
45,23,14
63,22,14
51,17,7
63,18,8
56,16,0
60,23,16
44,23,25
46,22,13
46,23,29
52,18,10
46,22,16
39,23,4
52,22,23
60,21,15
60,17,8
60,20,12
59,19,12
45,19,3
57,17,10
53,21,18
52,17,1
38,22,1
58,18,10
45,21,9
51,21,22
57,23,19
54,16,8
46,18,3
60,21,12
38,23,3
54,17,11
60,17,7
62,18,8
46,21,7
43,23,8
42,19,0
46,23,15
53,20,17
45,19,4
47,20,7
36,23,1
46,23,25
48,22,21
48,21,19
55,20,15
49,22,22
38,23,2
53,22,20
45,20,4
50,17,6
45,23,12
36,22,0
47,18,4
57,17,7
57,23,21
46,22,14
49,18,7
48,21,11
52,18,12
40,21,1
49,17,5
51,23,26
47,21,19
54,18,13
47,21,18
42,22,4
58,16,4
54,22,20
53,18,10
45,22,11
59,18,8
47,21,22
62,23,17
61,17,6
46,23,16
47,17,0
44,20,5
57,21,17
47,21,14
56,23,19
47,22,19
45,23,16
57,22,17
51,23,23
62,16,0
39,23,3
59,16,4
50,17,1
43,19,1
58,17,5
43,20,2
59,16,1
58,16,0
63,18,7
53,18,14
42,21,4
47,20,10
58,23,19
60,21,13
48,20,9
49,20,9
55,16,9
62,16,5
40,23,5
50,23,27
62,18,7
48,18,5
46,20,7
56,16,8
55,23,21
44,22,6
52,23,24
46,20,6
41,22,2
41,23,7
52,19,16
47,19,3
44,23,26
46,19,5
47,19,6
62,17,6
63,23,14
52,22,22
63,16,2
50,18,8
61,18,9
48,21,14
48,17,0
40,23,4
40,21,0
44,23,23
54,16,6
44,23,10
43,22,6
49,17,2
51,22,21
52,18,8
54,17,3
59,21,14
50,22,22
37,23,2
50,20,12
51,20,19
55,23,22
46,22,17
58,16,2
58,16,1
55,18,14
47,22,22
60,22,14
63,23,15
52,17,8
47,21,20
50,20,14
49,20,15
51,19,13
59,16,3
49,20,10
56,22,19
61,22,16
54,17,10
51,21,21
45,23,27
51,19,14
35,23,0
63,17,5
51,18,8
63,21,13
58,19,11
41,21,2
46,23,28
54,17,2
53,21,20
52,18,14
53,22,21
49,21,13
58,17,4
44,23,21
55,16,7
58,21,17
45,18,0
55,21,17
63,21,10
41,22,4
38,22,2
54,19,15
53,18,11
47,21,13
60,16,6
43,21,4
47,18,3
53,17,6
55,17,1
54,22,21
59,16,2
51,16,3
60,23,17
59,20,12
46,22,26
57,22,18
48,21,15
53,20,16
50,17,0
43,19,2
56,16,7
51,19,15
59,18,11
56,16,1
46,23,14
55,17,12
53,19,14
56,19,14
46,18,0
58,23,18
50,23,26
57,18,10
61,23,16
58,21,15
36,23,0
56,20,14
58,17,10
59,16,0
49,17,1
47,20,9
53,17,7
47,22,15
56,21,16
51,20,17
41,23,6
63,20,9
59,22,16
47,22,14
48,19,8
59,21,16
54,16,3
47,21,23
55,20,17
52,16,6
48,21,17
58,20,14
55,22,21
49,20,16
46,19,4
60,18,9
46,21,8
50,23,24
45,22,8
48,20,7
61,16,0
52,21,20
48,23,26
52,23,22
57,17,8
37,22,0
56,23,21
56,16,3
52,20,18
49,20,11
31,23,0
54,18,12
61,21,13
60,20,11
51,21,20
47,18,2
60,22,17
48,19,9
40,22,2
53,16,7
54,16,9
43,21,6
43,23,11
45,23,29
57,21,16
60,18,10
49,21,15
63,16,1
60,16,0
45,23,18
62,20,11
43,22,8
51,18,10
49,21,16
43,20,1
39,23,2
37,23,1
57,19,14
57,20,14
46,21,11
43,22,7
59,23,18
46,22,12
51,18,6
49,18,8
52,19,13
54,16,7
54,21,17
43,21,3
40,21,2
45,22,23
48,19,7
41,23,4
48,20,17
46,19,3
48,21,13
50,18,9
53,16,0
46,22,22
55,19,15
57,22,19
44,19,1
55,21,18
45,23,26
47,23,26
49,22,24
53,18,13
60,19,11
45,23,19
46,23,27
54,23,22
55,16,4
62,21,13
45,21,6
53,17,12
43,23,9
62,22,13
46,22,24
61,16,2
40,22,1
50,19,12
63,22,12
48,20,10
61,20,12
37,23,3
59,20,14
53,17,11
45,22,24
62,19,9
45,21,8
49,18,5
35,22,0
47,21,9
49,21,14
48,18,4
32,23,0
61,18,7
44,21,7
50,19,7
46,19,2
56,16,9
54,16,5
48,17,3
53,17,9
53,23,23
47,20,6
52,17,6
54,16,2
52,19,11
47,22,11
61,21,14
51,19,16
51,21,19
45,23,23
45,19,1
52,17,7
42,23,6
48,21,10
56,20,16
54,19,16
56,19,12
57,17,4
51,20,18
51,19,11
58,18,9
57,18,12
57,19,12
55,23,23
47,22,13
63,17,4
48,21,16
50,17,5
58,21,16
46,22,21
53,19,15
47,22,20
61,23,15
42,20,2
47,22,16
46,22,25
50,19,9
52,18,9
48,20,18
53,16,3
59,22,17
52,16,4
59,21,13
61,23,17
48,18,6
62,20,10
61,16,6
42,22,5
49,18,4
45,23,25
53,17,2
62,23,16
62,16,4
54,17,8
56,23,22
62,22,15
60,22,15
44,23,12
44,20,3
42,23,9
46,18,2
48,22,26
49,17,3
50,19,8
58,17,9
56,17,10
55,16,2
52,16,0
50,21,21
48,20,13
55,17,5
34,23,0
41,21,0
51,19,12
47,22,17
62,16,2
50,18,6
56,16,5
60,23,18
49,20,13
50,18,5
62,17,5
51,17,3
58,19,13
54,22,19
58,17,8
53,17,8
48,21,20
61,22,14
45,23,13
57,16,7
49,17,4
63,18,6
48,22,24
57,19,13
54,21,20
52,22,20
45,22,22
57,16,2
49,21,20
58,17,6
52,21,19
50,19,15
59,16,6
56,16,2
51,23,25
40,23,3
46,23,17
58,23,20
44,19,0
59,20,11
46,20,5
52,20,17
55,22,20
59,18,9
44,19,3
51,16,2
48,20,11
35,23,1
58,22,16
47,23,27
46,22,20
61,21,12
49,20,17
45,22,9
61,22,15
46,21,9
45,23,24
48,21,23
55,19,14
42,21,2
49,22,23
48,21,21
61,16,3
54,16,0
52,16,3
48,21,22
51,22,22
52,21,18
55,16,8
52,20,16
49,20,18
58,21,14
63,19,7
58,19,12
56,18,13
51,20,16
63,19,9
44,23,18
57,16,3
53,21,19
63,20,11
42,20,0
60,16,5
42,21,3
48,17,2
55,16,6
63,16,3
44,23,17
61,19,9
44,23,22
59,16,5
47,17,2
59,22,18
63,16,0
49,20,19
56,22,20
59,18,10
46,22,19
58,22,19
41,20,1
59,17,5
44,22,9
60,21,14
56,21,17
43,18,0
63,21,12
45,23,20
45,20,3
51,17,0
40,22,4
50,21,22
47,21,10
41,21,1
61,18,8
44,23,27
60,17,6
47,22,21
57,16,8
53,16,6
41,20,0
51,22,23
50,19,11
57,16,0
55,17,2
54,16,1
60,16,4
48,17,1
45,21,7
62,16,1
47,21,16
60,16,1
44,21,6
63,17,6
62,17,7
50,17,4
47,21,8
43,23,10
52,16,1
42,20,1
49,21,18
60,18,8
46,23,13
43,23,7
39,22,1
42,22,6
45,23,11
49,22,25
50,20,19
50,20,17
45,17,0
35,23,2
50,20,15
45,23,22
63,23,16
46,22,11
39,22,0
44,19,2
49,23,25
49,23,27
56,22,18
55,22,19
58,17,7
44,23,28
47,21,11
60,22,16
46,17,0
61,19,10
45,22,12
49,21,22
63,21,11
52,16,5
57,17,6
41,22,3
51,19,10
47,22,18
48,22,23
50,22,24
47,21,12
45,22,10
58,16,5
47,21,21
55,17,10
55,17,9
45,22,21
44,23,9
48,18,3
56,23,20
61,17,7
46,22,23
62,20,9
39,21,0
55,17,11
51,18,7
44,22,7
55,16,5
63,22,13
46,21,10
46,19,6
60,19,9
40,20,0
57,20,15
48,19,6
47,17,1
52,19,12
52,17,9
61,16,4
53,23,24
49,19,7
46,23,19
52,17,2
62,20,12
53,16,4
50,19,14
59,21,15
57,16,4
60,18,7
50,23,25
47,22,12
44,22,8
49,18,6
56,17,9
53,16,1
47,18,5
48,21,18
56,17,5
50,19,17
54,16,4
53,23,22
62,21,12
52,18,11
43,21,5
58,16,3
58,22,18
56,17,3
54,17,12
60,19,10
42,23,7
50,21,19
49,19,9
59,19,11
45,19,2
45,18,1
56,21,18
62,18,6
51,20,20
56,16,6
44,23,24
51,19,17
54,23,21
56,19,13
52,18,13
49,21,23
49,20,14
61,16,5
50,20,20
44,18,1
50,18,7
48,23,28
38,21,0
38,22,0
62,21,11
44,20,2
54,23,23
51,17,6
47,19,4
52,16,2
38,23,1
59,19,10
39,21,1
44,23,13
58,20,13
55,18,13
55,17,4
51,16,4
46,23,18
62,22,14
51,23,24
54,20,18
48,20,8
59,23,19
46,17,1
46,22,15
51,18,9
61,20,10
45,22,25
54,21,19
45,23,10
53,17,1
57,20,13
52,22,21
54,18,14
52,23,23
45,20,5
57,23,20
54,21,18
40,22,3
49,17,0
58,20,15
62,23,15
50,22,25
47,21,15
48,19,5
53,18,12
50,20,13
45,23,28
58,20,12
44,20,4
41,22,5
41,21,3
59,23,17
63,16,4
55,23,20
62,19,8
55,16,0
50,22,23
57,18,11
47,22,24
63,20,10
56,17,6
52,20,19
44,21,5
51,17,4
54,20,17
62,16,3
57,17,5
55,17,3
48,20,12
43,20,4
50,21,20
47,19,5
61,20,11
56,17,4
58,18,11
63,19,8
57,17,9
61,17,5
52,21,21
49,19,10
40,23,6
51,17,5
56,18,11
61,19,11
50,19,16
47,20,8
46,22,10
52,23,25
54,20,16
50,20,18
52,17,5
44,23,11
55,20,16
45,23,17
44,18,0
46,22,9
59,17,7
41,23,5
