0,9,36
0,10,36
0,9,37
0,10,37
0,9,38
0,9,39
0,9,40
0,10,40
0,9,41
0,10,41
0,10,42
0,10,43
0,11,43
0,10,44
0,11,44
0,11,45
0,12,45
0,11,46
0,12,46
0,11,47
0,12,47
0,12,48
0,12,49
0,12,50
0,13,50
0,13,51
0,13,52
0,13,53
0,13,54
0,13,55
0,14,55
0,13,56
0,14,56
0,14,57
0,14,58
0,14,59
0,14,60
0,14,61
0,14,62
0,14,63
0,15,63
1,10,36
1,9,37
1,10,37
1,9,38
1,10,38
1,9,39
1,10,39
1,9,40
1,10,40
1,9,41
1,10,41
1,9,42
1,10,42
1,10,43
1,10,44
1,11,44
1,10,45
1,11,45
1,11,46
1,11,47
1,12,47
1,11,48
1,12,48
1,12,49
1,12,50
1,13,50
1,12,51
1,13,51
1,12,52
1,13,52
1,13,53
1,13,54
1,13,55
1,13,56
1,14,56
1,13,57
1,14,57
1,14,58
1,14,59
1,14,60
1,14,61
1,14,62
1,14,63
2,10,36
2,10,37
2,10,38
2,10,39
2,10,40
2,9,41
2,10,41
2,9,42
2,10,42
2,9,43
2,10,43
2,10,44
2,10,45
2,11,45
2,10,46
2,11,46
2,11,47
2,11,48
2,12,48
2,11,49
2,12,49
2,12,50
2,12,51
2,12,52
2,13,52
2,12,53
2,13,53
2,13,54
2,13,55
2,13,56
2,13,57
2,14,57
2,13,58
2,14,58
2,14,59
2,14,60
2,14,61
2,14,62
2,14,63
3,10,36
3,11,36
3,10,37
3,11,37
3,10,38
3,11,38
3,10,39
3,11,39
3,10,40
3,11,40
3,10,41
3,11,41
3,10,42
3,10,43
3,10,44
3,10,45
3,10,46
3,11,46
3,10,47
3,11,47
3,10,48
3,11,48
3,11,49
3,12,49
3,11,50
3,12,50
3,11,51
3,12,51
3,11,52
3,12,52
3,12,53
3,13,53
3,12,54
3,13,54
3,12,55
3,13,55
3,13,56
3,13,57
3,13,58
3,14,58
3,13,59
3,14,59
3,13,60
3,14,60
3,14,61
3,14,62
3,14,63
4,11,36
4,11,37
4,11,38
4,11,39
4,11,40
4,10,41
4,11,41
4,10,42
4,11,42
4,10,43
4,11,43
4,10,44
4,11,44
4,10,45
4,11,45
4,10,46
4,11,46
4,10,47
4,10,48
4,11,48
4,10,49
4,11,49
4,10,50
4,11,50
4,11,51
4,11,52
4,12,52
4,11,53
4,12,53
4,12,54
4,12,55
4,13,55
4,12,56
4,13,56
4,12,57
4,13,57
4,13,58
4,13,59
4,13,60
4,14,60
4,13,61
4,14,61
4,14,62
4,14,63
5,11,36
5,11,37
5,11,38
5,11,39
5,11,40
5,11,41
5,11,42
5,11,43
5,11,44
5,11,45
5,11,46
5,10,47
5,11,47
5,10,48
5,11,48
5,10,49
5,11,49
5,10,50
5,11,50
5,11,51
5,11,52
5,11,53
5,11,54
5,12,54
5,12,55
5,12,56
5,12,57
5,13,57
5,12,58
5,13,58
5,12,59
5,13,59
5,13,60
5,13,61
5,14,61
5,13,62
5,14,62
5,14,63
6,11,36
6,11,37
6,12,37
6,11,38
6,12,38
6,11,39
6,12,39
6,11,40
6,12,40
6,11,41
6,12,41
6,11,42
6,12,42
6,11,43
6,12,43
6,11,44
6,12,44
6,11,45
6,12,45
6,11,46
6,12,46
6,11,47
6,12,47
6,11,48
6,12,48
6,11,49
6,12,49
6,11,50
6,12,50
6,11,51
6,12,51
6,11,52
6,12,52
6,11,53
6,12,53
6,11,54
6,12,54
6,12,55
6,12,56
6,12,57
6,13,57
6,12,58
6,13,58
6,13,59
6,13,60
6,14,60
6,13,61
6,14,61
6,14,62
6,14,63
7,11,36
7,12,36
7,11,37
7,12,37
7,12,38
7,12,39
7,12,40
7,12,41
7,12,42
7,12,43
7,12,44
7,12,45
7,12,46
7,12,47
7,12,48
7,12,49
7,12,50
7,12,51
7,12,52
7,12,53
7,13,53
7,12,54
7,13,54
7,12,55
7,13,55
7,12,56
7,13,56
7,13,57
7,13,58
7,13,59
7,14,59
7,13,60
7,14,60
7,14,61
7,14,62
7,14,63
8,12,36
8,12,37
8,12,38
8,12,39
8,12,40
8,12,41
8,12,42
8,12,43
8,12,44
8,12,45
8,12,46
8,12,47
8,12,48
8,12,49
8,13,49
8,12,50
8,13,50
8,12,51
8,13,51
8,12,52
8,13,52
8,12,53
8,13,53
8,13,54
8,13,55
8,13,56
8,13,57
8,14,57
8,13,58
8,14,58
8,13,59
8,14,59
8,14,60
8,14,61
8,14,62
8,14,63
9,12,36
9,12,37
9,12,38
9,12,39
9,12,40
9,12,41
9,12,42
9,12,43
9,12,44
9,13,44
9,12,45
9,13,45
9,12,46
9,13,46
9,12,47
9,13,47
9,12,48
9,13,48
9,13,49
9,13,50
9,13,51
9,13,52
9,13,53
9,13,54
9,13,55
9,13,56
9,14,56
9,13,57
9,14,57
9,14,58
9,14,59
9,14,60
9,14,61
9,14,62
9,14,63
9,15,63
10,12,36
10,12,37
10,12,38
10,12,39
10,12,40
10,12,41
10,13,41
10,12,42
10,13,42
10,12,43
10,13,43
10,12,44
10,13,44
10,13,45
10,13,46
10,13,47
10,13,48
10,13,49
10,13,50
10,13,51
10,13,52
10,13,53
10,13,54
10,14,54
10,13,55
10,14,55
10,13,56
10,14,56
10,14,57
10,14,58
10,14,59
10,14,60
10,14,61
10,14,62
10,15,62
10,14,63
10,15,63
11,12,36
11,12,37
11,12,38
11,12,39
11,12,40
11,13,40
11,12,41
11,13,41
11,13,42
11,13,43
11,13,44
11,13,45
11,13,46
11,13,47
11,13,48
11,13,49
11,13,50
11,13,51
11,13,52
11,14,52
11,13,53
11,14,53
11,13,54
11,14,54
11,14,55
11,14,56
11,14,57
11,14,58
11,14,59
11,14,60
11,14,61
11,15,61
11,14,62
11,15,62
11,15,63
12,12,36
12,12,37
12,12,38
12,12,39
12,13,39
12,12,40
12,13,40
12,13,41
12,13,42
12,13,43
12,13,44
12,13,45
12,13,46
12,13,47
12,13,48
12,13,49
12,13,50
12,14,50
12,13,51
12,14,51
12,13,52
12,14,52
12,14,53
12,14,54
12,14,55
12,14,56
12,14,57
12,14,58
12,14,59
12,14,60
12,15,60
12,14,61
12,15,61
12,15,62
12,15,63
13,12,36
13,12,37
13,12,38
13,13,38
13,13,39
13,13,40
13,13,41
13,13,42
13,13,43
13,13,44
13,13,45
13,13,46
13,13,47
13,13,48
13,13,49
13,14,49
13,13,50
13,14,50
13,14,51
13,14,52
13,14,53
13,14,54
13,14,55
13,14,56
13,14,57
13,14,58
13,14,59
13,15,59
13,14,60
13,15,60
13,15,61
13,15,62
13,15,63
14,12,36
14,12,37
14,13,37
14,12,38
14,13,38
14,13,39
14,13,40
14,13,41
14,13,42
14,13,43
14,13,44
14,13,45
14,13,46
14,13,47
14,14,47
14,13,48
14,14,48
14,13,49
14,14,49
14,14,50
14,14,51
14,14,52
14,14,53
14,14,54
14,14,55
14,14,56
14,14,57
14,14,58
14,15,58
14,14,59
14,15,59
14,15,60
14,15,61
14,15,62
14,15,63
15,12,36
15,12,37
15,13,37
15,13,38
15,13,39
15,13,40
15,13,41
15,13,42
15,13,43
15,13,44
15,13,45
15,13,46
15,14,46
15,13,47
15,14,47
15,14,48
15,14,49
15,14,50
15,14,51
15,14,52
15,14,53
15,14,54
15,14,55
15,14,56
15,14,57
15,14,58
15,15,58
15,15,59
15,15,60
15,15,61
15,15,62
15,15,63
16,12,36
16,12,37
16,13,37
16,13,38
16,13,39
16,13,40
16,13,41
16,13,42
16,13,43
16,13,44
16,13,45
16,14,45
16,13,46
16,14,46
16,14,47
16,14,48
16,14,49
16,14,50
16,14,51
16,14,52
16,14,53
16,14,54
16,14,55
16,14,56
16,14,57
16,15,57
16,14,58
16,15,58
16,15,59
16,15,60
16,15,61
16,15,62
16,15,63
17,12,36
17,12,37
17,13,37
17,13,38
17,13,39
17,13,40
17,13,41
17,13,42
17,13,43
17,13,44
17,13,45
17,14,45
17,14,46
17,14,47
17,14,48
17,14,49
17,14,50
17,14,51
17,14,52
17,14,53
17,14,54
17,14,55
17,14,56
17,14,57
17,15,57
17,15,58
17,15,59
17,15,60
17,15,61
17,15,62
17,15,63
18,12,36
18,12,37
18,13,37
18,13,38
18,13,39
18,13,40
18,13,41
18,13,42
18,13,43
18,13,44
18,13,45
18,14,45
18,14,46
18,14,47
18,14,48
18,14,49
18,14,50
18,14,51
18,14,52
18,14,53
18,14,54
18,14,55
18,14,56
18,14,57
18,15,57
18,15,58
18,15,59
18,15,60
18,15,61
18,15,62
18,15,63
19,12,36
19,12,37
19,13,37
19,13,38
19,13,39
19,13,40
19,13,41
19,13,42
19,13,43
19,13,44
19,13,45
19,14,45
19,14,46
19,14,47
19,14,48
19,14,49
19,14,50
19,14,51
19,14,52
19,14,53
19,14,54
19,14,55
19,14,56
19,14,57
19,15,57
19,15,58
19,15,59
19,15,60
19,15,61
19,15,62
19,15,63
20,12,36
20,12,37
20,13,37
20,12,38
20,13,38
20,13,39
20,13,40
20,13,41
20,13,42
20,13,43
20,13,44
20,13,45
20,14,45
20,14,46
20,14,47
20,14,48
20,14,49
20,14,50
20,14,51
20,14,52
20,14,53
20,14,54
20,14,55
20,14,56
20,15,56
20,14,57
20,15,57
20,15,58
20,15,59
20,15,60
20,15,61
20,15,62
20,15,63
21,12,36
21,12,37
21,12,38
21,13,38
21,13,39
21,13,40
21,13,41
21,13,42
21,13,43
21,13,44
21,13,45
21,14,45
21,14,46
21,14,47
21,14,48
21,14,49
21,14,50
21,14,51
21,14,52
21,14,53
21,14,54
21,14,55
21,14,56
21,14,57
21,15,57
21,15,58
21,15,59
21,15,60
21,15,61
21,15,62
21,15,63
22,12,36
22,12,37
22,12,38
22,13,38
22,12,39
22,13,39
22,13,40
22,13,41
22,13,42
22,13,43
22,13,44
22,13,45
22,14,45
22,14,46
22,14,47
22,14,48
22,14,49
22,14,50
22,14,51
22,14,52
22,14,53
22,14,54
22,14,55
22,14,56
22,14,57
22,15,57
22,14,58
22,15,58
22,15,59
22,15,60
22,15,61
22,15,62
22,15,63
23,12,36
23,12,37
23,12,38
23,12,39
23,13,39
23,13,40
23,13,41
23,13,42
23,13,43
23,13,44
23,13,45
23,14,45
23,13,46
23,14,46
23,14,47
23,14,48
23,14,49
23,14,50
23,14,51
23,14,52
23,14,53
23,14,54
23,14,55
23,14,56
23,14,57
23,14,58
23,15,58
23,14,59
23,15,59
23,14,60
23,15,60
23,15,61
23,15,62
23,15,63
24,12,36
24,12,37
24,12,38
24,12,39
24,13,39
24,12,40
24,13,40
24,13,41
24,13,42
24,13,43
24,13,44
24,13,45
24,13,46
24,14,46
24,14,47
24,14,48
24,14,49
24,14,50
24,14,51
24,14,52
24,14,53
24,14,54
24,14,55
24,14,56
24,14,57
24,14,58
24,14,59
24,15,59
24,14,60
24,15,60
24,14,61
24,15,61
24,14,62
24,15,62
24,14,63
24,15,63
25,12,36
25,12,37
25,12,38
25,12,39
25,12,40
25,13,40
25,13,41
25,13,42
25,13,43
25,13,44
25,13,45
25,13,46
25,14,46
25,14,47
25,14,48
25,14,49
25,14,50
25,14,51
25,14,52
25,14,53
25,14,54
25,14,55
25,14,56
25,14,57
25,14,58
25,14,59
25,14,60
25,14,61
25,14,62
25,14,63
26,12,36
26,12,37
26,12,38
26,12,39
26,12,40
26,12,41
26,13,41
26,13,42
26,13,43
26,13,44
26,13,45
26,13,46
26,14,46
26,13,47
26,14,47
26,14,48
26,14,49
26,14,50
26,14,51
26,14,52
26,14,53
26,14,54
26,14,55
26,14,56
26,14,57
26,14,58
26,14,59
26,14,60
26,14,61
26,14,62
26,14,63
27,11,36
27,12,36
27,12,37
27,12,38
27,12,39
27,12,40
27,12,41
27,13,41
27,13,42
27,13,43
27,13,44
27,13,45
27,13,46
27,13,47
27,14,47
27,14,48
27,14,49
27,14,50
27,14,51
27,14,52
27,14,53
27,14,54
27,14,55
27,14,56
27,14,57
27,14,58
27,14,59
27,14,60
27,14,61
27,14,62
27,14,63
28,11,36
28,12,36
28,11,37
28,12,37
28,12,38
28,12,39
28,12,40
28,12,41
28,13,41
28,12,42
28,13,42
28,13,43
28,13,44
28,13,45
28,13,46
28,13,47
28,14,47
28,14,48
28,14,49
28,14,50
28,14,51
28,14,52
28,14,53
28,14,54
28,14,55
28,14,56
28,14,57
28,14,58
28,14,59
28,14,60
28,14,61
28,14,62
28,14,63
29,11,36
29,11,37
29,12,37
29,11,38
29,12,38
29,12,39
29,12,40
29,12,41
29,12,42
29,13,42
29,13,43
29,13,44
29,13,45
29,13,46
29,13,47
29,14,47
29,13,48
29,14,48
29,14,49
29,14,50
29,14,51
29,14,52
29,14,53
29,14,54
29,14,55
29,14,56
29,14,57
29,14,58
29,14,59
29,14,60
29,14,61
29,14,62
29,13,63
29,14,63
30,11,36
30,11,37
30,11,38
30,12,38
30,12,39
30,12,40
30,12,41
30,12,42
30,13,42
30,13,43
30,13,44
30,13,45
30,13,46
30,13,47
30,14,47
30,13,48
30,14,48
30,14,49
30,14,50
30,14,51
30,14,52
30,14,53
30,14,54
30,14,55
30,14,56
30,14,57
30,14,58
30,14,59
30,14,60
30,13,61
30,14,61
30,13,62
30,14,62
30,13,63
30,14,63
31,11,36
31,11,37
31,11,38
31,12,38
31,12,39
31,12,40
31,12,41
31,12,42
31,13,42
31,13,43
31,13,44
31,13,45
31,13,46
31,13,47
31,13,48
31,14,48
31,14,49
31,14,50
31,14,51
31,14,52
31,14,53
31,14,54
31,14,55
31,14,56
31,14,57
31,14,58
31,13,59
31,14,59
31,13,60
31,14,60
31,13,61
31,14,61
31,13,62
31,13,63
32,11,36
32,11,37
32,11,38
32,12,38
32,12,39
32,12,40
32,12,41
32,12,42
32,13,42
32,13,43
32,13,44
32,13,45
32,13,46
32,13,47
32,13,48
32,14,48
32,14,49
32,14,50
32,14,51
32,14,52
32,14,53
32,14,54
32,14,55
32,14,56
32,13,57
32,14,57
32,13,58
32,14,58
32,13,59
32,14,59
32,13,60
32,13,61
32,13,62
32,13,63
33,11,36
33,11,37
33,11,38
33,12,38
33,12,39
33,12,40
33,12,41
33,12,42
33,13,42
33,13,43
33,13,44
33,13,45
33,13,46
33,13,47
33,13,48
33,14,48
33,13,49
33,14,49
33,14,50
33,14,51
33,14,52
33,14,53
33,14,54
33,13,55
33,14,55
33,13,56
33,14,56
33,13,57
33,14,57
33,13,58
33,13,59
33,13,60
33,13,61
33,13,62
33,12,63
33,13,63
34,11,36
34,11,37
34,11,38
34,12,38
34,12,39
34,12,40
34,12,41
34,12,42
34,13,42
34,13,43
34,13,44
34,13,45
34,13,46
34,13,47
34,13,48
34,13,49
34,14,49
34,13,50
34,14,50
34,13,51
34,14,51
34,13,52
34,14,52
34,13,53
34,14,53
34,13,54
34,14,54
34,13,55
34,14,55
34,13,56
34,13,57
34,13,58
34,13,59
34,13,60
34,12,61
34,13,61
34,12,62
34,13,62
34,12,63
34,13,63
35,11,36
35,11,37
35,11,38
35,12,38
35,12,39
35,12,40
35,12,41
35,12,42
35,13,42
35,13,43
35,13,44
35,13,45
35,13,46
35,13,47
35,13,48
35,13,49
35,13,50
35,13,51
35,14,51
35,13,52
35,14,52
35,13,53
35,13,54
35,13,55
35,13,56
35,13,57
35,13,58
35,13,59
35,12,60
35,13,60
35,12,61
35,13,61
35,12,62
35,12,63
36,11,36
36,11,37
36,11,38
36,12,38
36,12,39
36,12,40
36,12,41
36,12,42
36,13,42
36,13,43
36,13,44
36,13,45
36,13,46
36,13,47
36,13,48
36,13,49
36,13,50
36,13,51
36,13,52
36,13,53
36,13,54
36,13,55
36,13,56
36,13,57
36,13,58
36,12,59
36,13,59
36,12,60
36,13,60
36,12,61
36,12,62
36,11,63
36,12,63
37,11,36
37,11,37
37,12,37
37,11,38
37,12,38
37,12,39
37,12,40
37,12,41
37,12,42
37,13,42
37,13,43
37,13,44
37,13,45
37,13,46
37,13,47
37,13,48
37,13,49
37,13,50
37,13,51
37,13,52
37,13,53
37,13,54
37,13,55
37,13,56
37,12,57
37,13,57
37,12,58
37,13,58
37,12,59
37,13,59
37,12,60
37,12,61
37,11,62
37,12,62
37,11,63
38,11,36
38,11,37
38,12,37
38,12,38
38,12,39
38,12,40
38,12,41
38,12,42
38,13,42
38,13,43
38,13,44
38,13,45
38,13,46
38,13,47
38,13,48
38,13,49
38,13,50
38,13,51
38,13,52
38,13,53
38,13,54
38,13,55
38,12,56
38,13,56
38,12,57
38,13,57
38,12,58
38,12,59
38,11,60
38,12,60
38,11,61
38,12,61
38,11,62
38,10,63
38,11,63
39,11,36
39,11,37
39,12,37
39,12,38
39,12,39
39,12,40
39,12,41
39,12,42
39,13,42
39,13,43
39,13,44
39,13,45
39,13,46
39,13,47
39,13,48
39,13,49
39,13,50
39,13,51
39,13,52
39,13,53
39,12,54
39,13,54
39,12,55
39,13,55
39,12,56
39,13,56
39,12,57
39,12,58
39,11,59
39,12,59
39,11,60
39,12,60
39,11,61
39,10,62
39,11,62
39,10,63
39,11,63
40,11,36
40,11,37
40,12,37
40,12,38
40,12,39
40,12,40
40,12,41
40,12,42
40,13,42
40,12,43
40,13,43
40,13,44
40,13,45
40,13,46
40,13,47
40,13,48
40,13,49
40,13,50
40,13,51
40,13,52
40,12,53
40,13,53
40,12,54
40,13,54
40,12,55
40,12,56
40,12,57
40,11,58
40,12,58
40,11,59
40,12,59
40,11,60
40,10,61
40,11,61
40,10,62
40,11,62
40,9,63
40,10,63
41,11,36
41,12,36
41,11,37
41,12,37
41,12,38
41,12,39
41,12,40
41,12,41
41,12,42
41,12,43
41,13,43
41,13,44
41,13,45
41,13,46
41,13,47
41,13,48
41,13,49
41,13,50
41,12,51
41,13,51
41,12,52
41,13,52
41,12,53
41,12,54
41,12,55
41,12,56
41,11,57
41,12,57
41,11,58
41,12,58
41,11,59
41,10,60
41,11,60
41,10,61
41,11,61
41,9,62
41,10,62
41,8,63
41,9,63
42,11,36
42,12,36
42,12,37
42,12,38
42,12,39
42,12,40
42,12,41
42,12,42
42,12,43
42,13,43
42,12,44
42,13,44
42,13,45
42,13,46
42,13,47
42,13,48
42,12,49
42,13,49
42,12,50
42,13,50
42,12,51
42,13,51
42,12,52
42,12,53
42,12,54
42,12,55
42,11,56
42,12,56
42,11,57
42,12,57
42,11,58
42,10,59
42,11,59
42,10,60
42,11,60
42,9,61
42,10,61
42,8,62
42,9,62
42,8,63
42,9,63
43,11,36
43,12,36
43,12,37
43,12,38
43,12,39
43,12,40
43,12,41
43,12,42
43,12,43
43,12,44
43,12,45
43,13,45
43,12,46
43,13,46
43,12,47
43,13,47
43,12,48
43,13,48
43,12,49
43,13,49
43,12,50
43,12,51
43,12,52
43,12,53
43,11,54
43,12,54
43,11,55
43,12,55
43,11,56
43,12,56
43,11,57
43,10,58
43,11,58
43,10,59
43,11,59
43,9,60
43,10,60
43,9,61
43,10,61
43,8,62
43,9,62
43,8,63
43,9,63
44,11,36
44,12,36
44,11,37
44,12,37
44,12,38
44,12,39
44,12,40
44,12,41
44,12,42
44,12,43
44,12,44
44,12,45
44,12,46
44,12,47
44,12,48
44,12,49
44,12,50
44,12,51
44,12,52
44,11,53
44,12,53
44,11,54
44,12,54
44,11,55
44,11,56
44,10,57
44,11,57
44,10,58
44,11,58
44,9,59
44,10,59
44,9,60
44,10,60
44,8,61
44,9,61
44,8,62
44,9,62
44,8,63
44,9,63
45,11,36
45,11,37
45,12,37
45,12,38
45,12,39
45,12,40
45,12,41
45,12,42
45,12,43
45,12,44
45,12,45
45,12,46
45,12,47
45,12,48
45,12,49
45,12,50
45,11,51
45,12,51
45,11,52
45,12,52
45,11,53
45,12,53
45,11,54
45,11,55
45,10,56
45,11,56
45,10,57
45,11,57
45,9,58
45,10,58
45,9,59
45,10,59
45,9,60
45,8,61
45,9,61
45,8,62
45,9,62
45,8,63
45,9,63
46,11,36
46,11,37
46,12,37
46,11,38
46,12,38
46,12,39
46,12,40
46,12,41
46,12,42
46,12,43
46,12,44
46,12,45
46,12,46
46,12,47
46,12,48
46,11,49
46,12,49
46,11,50
46,12,50
46,11,51
46,12,51
46,11,52
46,11,53
46,11,54
46,10,55
46,11,55
46,10,56
46,11,56
46,9,57
46,10,57
46,9,58
46,10,58
46,8,59
46,9,59
46,8,60
46,9,60
46,8,61
46,9,61
46,8,62
46,9,62
46,9,63
46,10,63
47,11,36
47,11,37
47,11,38
47,12,38
47,11,39
47,12,39
47,11,40
47,12,40
47,11,41
47,12,41
47,11,42
47,12,42
47,11,43
47,12,43
47,11,44
47,12,44
47,11,45
47,12,45
47,11,46
47,12,46
47,11,47
47,12,47
47,11,48
47,12,48
47,11,49
47,12,49
47,11,50
47,11,51
47,11,52
47,11,53
47,10,54
47,11,54
47,10,55
47,11,55
47,9,56
47,10,56
47,9,57
47,10,57
47,8,58
47,9,58
47,8,59
47,9,59
47,8,60
47,8,61
47,9,61
47,9,62
47,10,62
47,9,63
47,10,63
48,11,36
48,11,37
48,11,38
48,11,39
48,11,40
48,11,41
48,12,41
48,11,42
48,12,42
48,11,43
48,12,43
48,11,44
48,11,45
48,11,46
48,11,47
48,11,48
48,11,49
48,11,50
48,11,51
48,10,52
48,11,52
48,10,53
48,11,53
48,10,54
48,9,55
48,10,55
48,9,56
48,10,56
48,8,57
48,9,57
48,8,58
48,9,58
48,8,59
48,8,60
48,9,60
48,8,61
48,9,61
48,9,62
48,10,62
48,10,63
48,11,63
49,11,36
49,11,37
49,11,38
49,11,39
49,11,40
49,11,41
49,11,42
49,11,43
49,11,44
49,11,45
49,11,46
49,11,47
49,11,48
49,10,49
49,11,49
49,10,50
49,11,50
49,10,51
49,11,51
49,10,52
49,10,53
49,9,54
49,10,54
49,9,55
49,10,55
49,8,56
49,9,56
49,8,57
49,9,57
49,8,58
49,8,59
49,8,60
49,9,60
49,9,61
49,9,62
49,10,62
49,10,63
49,11,63
50,11,36
50,11,37
50,11,38
50,11,39
50,11,40
50,11,41
50,11,42
50,11,43
50,10,44
50,11,44
50,10,45
50,11,45
50,10,46
50,11,46
50,10,47
50,11,47
50,10,48
50,11,48
50,10,49
50,11,49
50,10,50
50,10,51
50,9,52
50,10,52
50,9,53
50,10,53
50,9,54
50,10,54
50,8,55
50,9,55
50,8,56
50,9,56
50,8,57
50,7,58
50,8,58
50,8,59
50,8,60
50,9,60
50,9,61
50,9,62
50,10,62
50,10,63
50,11,63
51,10,36
51,11,36
51,10,37
51,11,37
51,10,38
51,11,38
51,10,39
51,11,39
51,10,40
51,11,40
51,10,41
51,11,41
51,10,42
51,11,42
51,10,43
51,11,43
51,10,44
51,10,45
51,10,46
51,10,47
51,10,48
51,10,49
51,9,50
51,10,50
51,9,51
51,10,51
51,9,52
51,10,52
51,8,53
51,9,53
51,8,54
51,9,54
51,8,55
51,9,55
51,7,56
51,8,56
51,7,57
51,8,57
51,7,58
51,8,58
51,8,59
51,9,59
51,8,60
51,9,60
51,8,61
51,9,61
51,9,62
51,10,62
51,9,63
51,10,63
52,10,36
52,10,37
52,10,38
52,10,39
52,10,40
52,10,41
52,10,42
52,10,43
52,10,44
52,10,45
52,10,46
52,9,47
52,10,47
52,9,48
52,10,48
52,9,49
52,10,49
52,9,50
52,10,50
52,8,51
52,9,51
52,8,52
52,9,52
52,8,53
52,9,53
52,8,54
52,7,55
52,8,55
52,7,56
52,8,56
52,7,57
52,8,57
52,8,58
52,9,58
52,8,59
52,9,59
52,9,60
52,10,60
52,9,61
52,10,61
52,9,62
52,10,62
52,9,63
52,10,63
53,10,36
53,10,37
53,10,38
53,10,39
53,10,40
53,10,41
53,9,42
53,10,42
53,9,43
53,10,43
53,9,44
53,10,44
53,9,45
53,10,45
53,9,46
53,10,46
53,9,47
53,10,47
53,9,48
53,8,49
53,9,49
53,8,50
53,9,50
53,8,51
53,9,51
53,8,52
53,7,53
53,8,53
53,7,54
53,8,54
53,7,55
53,8,55
53,7,56
53,8,56
53,8,57
53,9,57
53,8,58
53,9,58
53,9,59
53,10,59
53,9,60
53,10,60
53,10,61
53,10,62
53,10,63
53,11,63
54,10,36
54,10,37
54,10,38
54,9,39
54,10,39
54,9,40
54,10,40
54,9,41
54,10,41
54,9,42
54,10,42
54,9,43
54,10,43
54,9,44
54,10,44
54,9,45
54,8,46
54,9,46
54,8,47
54,9,47
54,8,48
54,9,48
54,8,49
54,9,49
54,7,50
54,8,50
54,7,51
54,8,51
54,7,52
54,8,52
54,7,53
54,8,53
54,7,54
54,7,55
54,8,55
54,8,56
54,8,57
54,9,57
54,9,58
54,9,59
54,10,59
54,10,60
54,10,61
54,11,61
54,10,62
54,11,62
54,10,63
54,11,63
55,9,36
55,10,36
55,9,37
55,10,37
55,9,38
55,10,38
55,9,39
55,9,40
55,9,41
55,9,42
55,8,43
55,9,43
55,8,44
55,9,44
55,8,45
55,9,45
55,8,46
55,9,46
55,8,47
55,7,48
55,8,48
55,7,49
55,8,49
55,7,50
55,8,50
55,7,51
55,7,52
55,7,53
55,7,54
55,8,54
55,7,55
55,8,55
55,8,56
55,8,57
55,9,57
55,9,58
55,9,59
55,10,59
55,10,60
55,10,61
55,11,61
55,11,62
55,11,63
55,12,63
56,9,36
56,9,37
56,9,38
56,9,39
56,8,40
56,9,40
56,8,41
56,9,41
56,8,42
56,9,42
56,8,43
56,9,43
56,7,44
56,8,44
56,7,45
56,8,45
56,7,46
56,8,46
56,7,47
56,8,47
56,7,48
56,8,48
56,7,49
56,7,50
56,7,51
56,7,52
56,8,52
56,7,53
56,8,53
56,7,54
56,8,54
56,8,55
56,8,56
56,8,57
56,9,57
56,9,58
56,9,59
56,10,59
56,10,60
56,11,60
56,11,61
56,11,62
56,11,63
56,12,63
57,8,36
57,9,36
57,8,37
57,9,37
57,8,38
57,9,38
57,8,39
57,9,39
57,8,40
57,9,40
57,8,41
57,7,42
57,8,42
57,7,43
57,8,43
57,7,44
57,8,44
57,6,45
57,7,45
57,6,46
57,7,46
57,6,47
57,7,47
57,6,48
57,7,48
57,7,49
57,7,50
57,7,51
57,7,52
57,8,52
57,8,53
57,9,53
57,8,54
57,9,54
57,8,55
57,9,55
57,8,56
57,9,56
57,8,57
57,9,57
57,9,58
57,9,59
57,10,59
57,10,60
57,11,60
57,10,61
57,11,61
57,11,62
57,12,62
57,12,63
58,8,36
58,9,36
58,8,37
58,8,38
58,7,39
58,8,39
58,7,40
58,8,40
58,7,41
58,8,41
58,7,42
58,8,42
58,6,43
58,7,43
58,6,44
58,7,44
58,6,45
58,7,45
58,6,46
58,7,46
58,6,47
58,7,47
58,6,48
58,7,48
58,6,49
58,7,49
58,7,50
58,7,51
58,8,51
58,8,52
58,9,52
58,8,53
58,9,53
58,9,54
58,10,54
58,9,55
58,10,55
58,9,56
58,10,56
58,8,57
58,9,57
58,9,58
58,9,59
58,10,59
58,10,60
58,11,60
58,10,61
58,11,61
58,11,62
58,12,62
58,12,63
59,7,36
59,8,36
59,7,37
59,8,37
59,7,38
59,8,38
59,7,39
59,8,39
59,7,40
59,6,41
59,7,41
59,6,42
59,7,42
59,6,43
59,7,43
59,6,44
59,6,45
59,7,45
59,7,46
59,7,47
59,7,48
59,8,48
59,7,49
59,8,49
59,7,50
59,8,50
59,7,51
59,8,51
59,8,52
59,9,52
59,9,53
59,10,53
59,9,54
59,10,54
59,10,55
59,9,56
59,10,56
59,9,57
59,10,57
59,9,58
59,10,58
59,9,59
59,10,59
59,9,60
59,10,60
59,10,61
59,11,61
59,11,62
59,12,62
59,11,63
59,12,63
60,7,36
60,7,37
60,6,38
60,7,38
60,6,39
60,7,39
60,6,40
60,7,40
60,6,41
60,7,41
60,6,42
60,6,43
60,7,43
60,6,44
60,7,44
60,7,45
60,7,46
60,8,46
60,7,47
60,8,47
60,8,48
60,8,49
60,9,49
60,8,50
60,9,50
60,8,51
60,9,51
60,8,52
60,9,52
60,9,53
60,10,53
60,10,54
60,10,55
60,11,55
60,10,56
60,11,56
60,10,57
60,11,57
60,10,58
60,11,58
60,10,59
60,11,59
60,10,60
60,11,60
60,10,61
60,11,61
60,11,62
60,11,63
60,12,63
61,6,36
61,7,36
61,6,37
61,7,37
61,6,38
61,6,39
61,6,40
61,6,41
61,6,42
61,7,42
61,6,43
61,7,43
61,7,44
61,7,45
61,8,45
61,7,46
61,8,46
61,8,47
61,9,47
61,8,48
61,9,48
61,8,49
61,9,49
61,9,50
61,10,50
61,9,51
61,10,51
61,9,52
61,10,52
61,10,53
61,11,53
61,10,54
61,11,54
61,10,55
61,11,55
61,11,56
61,11,57
61,10,58
61,11,58
61,11,59
61,12,59
61,11,60
61,12,60
61,11,61
61,12,61
61,11,62
61,12,62
61,11,63
61,12,63
62,6,36
62,5,37
62,6,37
62,5,38
62,6,38
62,6,39
62,6,40
62,6,41
62,7,41
62,6,42
62,7,42
62,7,43
62,8,43
62,7,44
62,8,44
62,8,45
62,8,46
62,9,46
62,8,47
62,9,47
62,9,48
62,10,48
62,9,49
62,10,49
62,9,50
62,10,50
62,10,51
62,10,52
62,11,52
62,10,53
62,11,53
62,11,54
62,11,55
62,11,56
62,12,56
62,11,57
62,12,57
62,11,58
62,12,58
62,11,59
62,12,59
62,12,60
62,12,61
62,12,62
62,13,62
62,12,63
62,13,63
63,5,36
63,6,36
63,5,37
63,6,37
63,5,38
63,6,38
63,6,39
63,7,39
63,6,40
63,7,40
63,7,41
63,7,42
63,8,42
63,7,43
63,8,43
63,8,44
63,8,45
63,9,45
63,8,46
63,9,46
63,9,47
63,10,47
63,9,48
63,10,48
63,10,49
63,10,50
63,11,50
63,10,51
63,11,51
63,11,52
63,11,53
63,11,54
63,12,54
63,11,55
63,12,55
63,12,56
63,12,57
63,12,58
63,12,59
63,13,59
63,12,60
63,13,60
63,12,61
63,13,61
63,13,62
63,13,63
