0,5,0
0,6,0
0,5,1
0,4,2
0,5,2
0,4,3
0,3,4
0,4,4
0,3,5
0,4,5
0,3,6
0,3,7
0,2,8
0,3,8
0,2,9
0,3,9
0,2,10
0,2,11
0,2,12
0,2,13
0,2,14
0,1,15
0,2,15
0,1,16
0,2,16
0,1,17
0,1,18
0,0,19
0,1,19
0,0,21
0,0,20
0,1,20
1,5,0
1,4,1
1,5,1
1,4,2
1,5,2
1,4,3
1,3,4
1,4,4
1,3,5
1,3,6
1,2,7
1,3,7
1,2,8
1,3,8
1,2,9
1,2,10
1,2,11
1,2,12
1,1,13
1,2,13
1,0,20
1,1,14
1,2,14
1,1,15
1,2,15
1,1,16
1,1,17
1,0,18
1,1,18
1,0,19
1,1,19
2,5,0
2,4,1
2,5,1
2,3,3
2,4,3
2,4,2
2,3,4
2,4,4
2,3,5
2,3,6
2,2,7
2,3,7
2,2,8
2,2,9
2,2,10
2,1,11
2,2,11
2,1,12
2,2,12
2,1,13
2,2,13
2,1,14
2,1,15
2,1,16
2,0,17
2,1,17
2,0,18
2,1,18
2,0,19
2,0,20
3,4,0
3,5,0
3,4,1
3,5,1
3,4,2
3,3,3
3,4,3
3,3,4
3,3,5
3,2,6
3,3,6
3,2,7
3,3,7
3,2,8
3,2,9
3,1,10
3,2,10
3,1,11
3,2,11
3,1,12
3,1,13
3,1,14
3,1,15
3,0,19
3,0,16
3,1,16
3,0,17
3,1,17
3,0,18
4,4,0
4,5,0
4,4,1
4,3,2
4,4,2
4,3,3
4,4,3
4,3,4
4,3,5
4,2,6
4,3,6
4,2,7
4,2,8
4,1,9
4,2,9
4,1,10
4,2,10
4,1,11
4,1,12
4,0,18
4,1,13
4,0,14
4,1,14
4,0,16
4,1,16
4,0,15
4,1,15
4,0,17
5,4,0
5,5,0
5,4,1
5,0,17
5,3,2
5,4,2
5,3,3
5,3,4
5,2,5
5,3,5
5,2,6
5,3,6
5,2,7
5,1,8
5,2,8
5,1,9
5,2,9
5,1,10
5,1,11
5,1,12
5,0,13
5,1,13
5,0,14
5,1,14
5,0,15
5,0,16
6,4,0
6,3,1
6,4,1
6,3,2
6,4,2
6,3,3
6,2,4
6,3,4
6,2,5
6,3,5
6,2,6
6,2,7
6,1,8
6,2,8
6,1,9
6,1,10
6,1,11
6,0,12
6,1,12
6,0,13
6,0,14
6,0,16
6,0,15
7,3,0
7,4,0
7,3,1
7,4,1
7,3,2
7,2,3
7,3,3
7,2,4
7,3,4
7,2,5
7,2,6
7,1,7
7,2,7
7,1,8
7,2,8
7,1,9
7,1,10
7,0,11
7,1,11
7,0,12
7,1,12
7,0,13
7,0,15
7,0,14
8,3,0
8,4,0
8,3,1
8,2,2
8,3,2
8,2,3
8,3,3
8,2,4
8,2,5
8,1,6
8,2,6
8,1,7
8,2,7
8,1,8
8,1,9
8,0,10
8,1,10
8,0,11
8,1,11
8,0,12
8,0,13
8,0,14
9,0,12
9,3,0
9,2,1
9,3,1
9,2,2
9,3,2
9,2,3
9,1,5
9,2,5
9,1,6
9,2,6
9,1,4
9,2,4
9,1,7
9,1,8
9,0,9
9,1,9
9,0,10
9,1,10
9,0,11
10,2,0
10,3,0
10,2,1
10,3,1
10,0,12
10,2,2
10,1,3
10,2,3
10,1,4
10,2,4
10,1,5
10,1,6
10,1,7
10,0,8
10,1,8
10,0,9
10,1,9
10,0,10
10,0,11
11,2,0
11,3,0
11,2,1
11,1,2
11,2,2
11,1,3
11,2,3
11,1,4
11,1,5
11,0,11
11,0,6
11,1,6
11,0,7
11,1,7
11,0,8
11,1,8
11,0,9
11,0,10
12,2,0
12,1,1
12,2,1
12,1,2
12,0,4
12,1,4
12,1,3
12,0,5
12,1,5
12,0,6
12,1,6
12,0,7
12,0,8
12,0,9
12,0,10
13,0,8
14,0,5
13,1,0
13,2,0
13,0,2
13,1,2
13,1,1
13,0,3
13,1,3
13,0,4
13,0,5
13,0,6
13,0,7
14,1,0
14,2,0
14,0,1
14,1,1
14,0,2
14,1,2
14,0,3
14,0,4
15,1,0
15,0,4
16,0,2
17,0,2
18,0,1
42,0,32
42,0,33
42,0,34
42,0,35
43,0,29
43,0,30
43,0,31
43,0,32
43,0,33
43,0,34
43,0,35
43,0,36
44,0,26
44,0,27
44,0,28
44,0,29
44,0,30
44,0,31
44,1,31
44,0,32
44,1,32
44,0,33
44,1,33
44,0,34
44,1,34
44,0,35
44,1,35
44,0,36
44,0,37
45,0,23
45,0,24
45,0,25
45,0,26
45,0,27
45,0,28
45,0,29
45,1,29
45,0,30
45,1,30
45,0,31
45,1,31
45,1,32
45,1,33
45,1,34
45,1,35
45,0,36
45,1,36
45,0,37
45,1,37
45,0,38
46,0,23
46,0,24
46,0,25
46,0,26
46,0,27
46,1,27
46,0,28
46,1,28
46,1,29
46,1,30
46,1,31
46,1,32
46,1,33
46,1,34
46,1,35
46,1,36
46,0,37
46,1,37
46,0,38
46,1,38
46,0,39
47,0,23
47,0,24
47,0,25
47,0,26
47,1,26
47,0,27
47,1,27
47,1,28
47,1,29
47,1,30
47,1,31
47,2,31
47,1,32
47,2,32
47,1,33
47,2,33
47,1,34
47,2,34
47,1,35
47,2,35
47,1,36
47,2,36
47,1,37
47,2,37
47,0,38
47,1,38
47,0,39
47,1,39
47,0,40
48,0,22
48,0,23
48,0,24
48,0,25
48,0,26
48,1,26
48,1,27
48,1,28
48,1,29
48,1,30
48,2,30
48,1,31
48,2,31
48,2,32
48,2,33
48,2,34
48,2,35
48,2,36
48,1,37
48,2,37
48,1,38
48,2,38
48,0,39
48,1,39
48,2,39
48,0,40
48,1,40
48,0,41
48,0,42
49,0,22
49,0,23
49,0,24
49,0,25
49,1,25
49,0,26
49,1,26
49,1,27
49,1,28
49,1,29
49,2,29
49,1,30
49,2,30
49,2,31
49,2,32
49,2,33
49,2,34
49,3,34
49,2,35
49,3,35
49,2,36
49,3,36
49,2,37
49,2,38
49,1,39
49,2,39
49,1,40
49,2,40
49,0,41
49,1,41
49,0,42
49,1,42
49,0,43
49,0,44
50,0,22
50,0,23
50,0,24
50,0,25
50,1,25
50,1,26
50,1,27
50,1,28
50,2,28
50,1,29
50,2,29
50,2,30
50,2,31
50,2,32
50,3,32
50,2,33
50,3,33
50,2,34
50,3,34
50,3,35
50,2,36
50,3,36
50,2,37
50,3,37
50,2,38
50,3,38
50,2,39
50,1,40
50,2,40
50,1,41
50,2,41
50,0,42
50,1,42
50,2,42
50,0,43
50,1,43
50,0,44
50,1,44
50,0,45
50,0,46
51,0,22
51,0,23
51,0,24
51,1,24
51,1,25
51,1,26
51,1,27
51,2,27
51,1,28
51,2,28
51,2,29
51,2,30
51,2,31
51,3,31
51,2,32
51,3,32
51,3,33
51,3,34
51,3,35
51,3,36
51,3,37
51,3,38
51,2,39
51,3,39
51,2,40
51,3,40
51,2,41
51,1,42
51,2,42
51,1,43
51,2,43
51,1,44
51,2,44
51,0,45
51,1,45
51,0,46
51,1,46
51,0,47
51,1,47
51,0,48
51,0,49
52,0,22
52,0,23
52,0,24
52,1,24
52,1,25
52,1,26
52,1,27
52,2,27
52,2,28
52,2,29
52,2,30
52,3,30
52,2,31
52,3,31
52,3,32
52,3,33
52,3,34
52,3,35
52,4,35
52,3,36
52,4,36
52,3,37
52,4,37
52,3,38
52,4,38
52,3,39
52,3,40
52,2,41
52,3,41
52,2,42
52,3,42
52,2,43
52,1,44
52,2,44
52,1,45
52,2,45
52,1,46
52,0,47
52,1,47
52,0,48
52,1,48
52,0,49
52,1,49
52,0,50
52,0,51
52,0,52
52,0,61
52,0,62
52,0,63
53,0,22
53,0,23
53,1,23
53,0,24
53,1,24
53,1,25
53,1,26
53,2,26
53,1,27
53,2,27
53,2,28
53,2,29
53,3,29
53,2,30
53,3,30
53,3,31
53,3,32
53,3,33
53,4,33
53,3,34
53,4,34
53,4,35
53,4,36
53,4,37
53,3,38
53,4,38
53,3,39
53,4,39
53,3,40
53,4,40
53,3,41
53,2,42
53,3,42
53,2,43
53,3,43
53,2,44
53,2,45
53,1,46
53,2,46
53,1,47
53,2,47
53,1,48
53,0,49
53,1,49
53,0,50
53,1,50
53,0,51
53,1,51
53,0,52
53,1,52
53,0,53
53,0,54
54,0,21
54,0,22
54,0,23
54,1,23
54,1,24
54,1,25
54,1,26
54,2,26
54,2,27
54,2,28
54,2,29
54,3,29
54,3,30
54,3,31
54,3,32
54,4,32
54,3,33
54,4,33
54,4,34
54,4,35
54,4,36
54,4,37
54,4,38
54,4,39
54,3,40
54,4,40
54,3,41
54,4,41
54,3,42
54,4,42
54,3,43
54,2,44
54,3,44
54,2,45
54,3,45
54,2,46
54,1,47
54,2,47
54,1,48
54,2,48
54,1,49
54,2,49
54,1,50
54,1,51
54,0,52
54,1,52
54,0,53
54,0,54
54,0,55
54,0,56
54,0,57
55,0,21
55,0,22
55,0,23
55,1,23
55,0,24
55,1,24
55,1,25
55,1,26
55,2,26
55,1,27
55,2,27
55,2,28
55,2,29
55,3,29
55,2,30
55,3,30
55,3,31
55,3,32
55,4,32
55,4,33
55,4,34
55,4,35
55,4,36
55,4,37
55,4,38
55,4,39
55,4,40
55,4,41
55,3,42
55,4,42
55,3,43
55,4,43
55,3,44
55,2,45
55,3,45
55,2,46
55,3,46
55,2,47
55,2,48
55,1,49
55,2,49
55,1,50
55,2,50
55,1,51
55,1,52
55,0,53
55,1,53
55,0,54
55,1,54
55,0,55
55,1,55
55,0,56
55,0,57
55,0,58
55,0,59
55,0,60
55,0,61
55,0,62
55,0,63
56,0,21
56,0,22
56,0,23
56,0,24
56,1,24
56,1,25
56,1,26
56,2,26
56,1,27
56,2,27
56,2,28
56,2,29
56,3,29
56,2,30
56,3,30
56,3,31
56,4,31
56,3,32
56,4,32
56,4,33
56,4,34
56,4,35
56,5,35
56,4,36
56,5,36
56,4,37
56,5,37
56,4,38
56,5,38
56,4,39
56,5,39
56,4,40
56,5,40
56,4,41
56,5,41
56,4,42
56,5,42
56,4,43
56,3,44
56,4,44
56,3,45
56,4,45
56,2,46
56,3,46
56,2,47
56,3,47
56,2,48
56,3,48
56,2,49
56,2,50
56,1,51
56,2,51
56,1,52
56,2,52
56,1,53
56,2,53
56,1,54
56,2,54
56,0,55
56,1,55
56,0,56
56,1,56
56,0,57
56,1,57
56,0,58
56,1,58
56,0,59
56,1,59
56,0,60
56,1,60
56,0,61
56,1,61
56,0,62
56,1,62
56,0,63
56,1,63
57,0,20
57,0,21
57,0,22
57,0,23
57,1,23
57,0,24
57,1,24
57,1,25
57,2,25
57,1,26
57,2,26
57,2,27
57,2,28
57,3,28
57,2,29
57,3,29
57,3,30
57,4,30
57,3,31
57,4,31
57,4,32
57,4,33
57,4,34
57,4,35
57,5,35
57,5,36
57,5,37
57,5,38
57,5,39
57,5,40
57,5,41
57,4,42
57,5,42
57,4,43
57,5,43
57,4,44
57,5,44
57,3,45
57,4,45
57,3,46
57,4,46
57,3,47
57,2,48
57,3,48
57,2,49
57,2,50
57,2,51
57,2,52
57,1,53
57,2,53
57,1,54
57,2,54
57,1,55
57,2,55
57,1,56
57,2,56
57,1,57
57,2,57
57,1,58
57,2,58
57,1,59
57,2,59
57,1,60
57,2,60
57,1,61
57,2,61
57,1,62
57,2,62
57,1,63
57,2,63
58,0,18
58,0,19
58,0,20
58,0,21
58,0,22
58,1,22
58,0,23
58,1,23
58,1,24
58,2,24
58,1,25
58,2,25
58,2,26
58,3,26
58,2,27
58,3,27
58,3,28
58,3,29
58,4,29
58,3,30
58,4,30
58,4,31
58,4,32
58,4,33
58,4,34
58,4,35
58,5,35
58,5,36
58,5,37
58,5,38
58,5,39
58,5,40
58,5,41
58,5,42
58,5,43
58,4,44
58,5,44
58,4,45
58,5,45
58,3,46
58,4,46
58,3,47
58,4,47
58,3,48
58,2,49
58,3,49
58,2,50
58,3,50
58,2,51
58,2,52
58,2,53
58,1,54
58,2,54
58,1,55
58,2,55
58,2,56
58,2,57
58,2,58
58,2,59
58,2,60
58,2,61
58,2,62
58,2,63
59,0,17
59,0,18
59,0,19
59,0,20
59,0,21
59,1,21
59,0,22
59,1,22
59,1,23
59,2,23
59,1,24
59,2,24
59,2,25
59,3,25
59,2,26
59,3,26
59,3,27
59,4,27
59,3,28
59,4,28
59,4,29
59,4,30
59,4,31
59,4,32
59,4,33
59,4,34
59,4,35
59,5,35
59,5,36
59,5,37
59,5,38
59,5,39
59,5,40
59,5,41
59,5,42
59,5,43
59,5,44
59,4,45
59,5,45
59,4,46
59,5,46
59,3,47
59,4,47
59,3,48
59,4,48
59,3,49
59,2,50
59,3,50
59,2,51
59,3,51
59,2,52
59,1,53
59,2,53
59,1,54
59,2,54
59,2,55
59,2,56
59,2,57
59,2,58
59,2,59
59,2,60
59,2,61
59,2,62
59,2,63
60,0,17
60,0,18
60,0,19
60,1,19
60,0,20
60,1,20
60,0,21
60,1,21
60,1,22
60,2,22
60,1,23
60,2,23
60,2,24
60,3,24
60,2,25
60,3,25
60,3,26
60,4,26
60,3,27
60,4,27
60,4,28
60,4,29
60,4,30
60,4,31
60,4,32
60,4,33
60,4,34
60,4,35
60,5,35
60,4,36
60,5,36
60,5,37
60,5,38
60,5,39
60,5,40
60,5,41
60,5,42
60,5,43
60,5,44
60,5,45
60,4,46
60,5,46
60,4,47
60,3,48
60,4,48
60,3,49
60,4,49
60,3,50
60,2,51
60,3,51
60,2,52
60,3,52
60,1,53
60,2,53
60,3,53
60,1,54
60,2,54
60,2,55
60,2,56
60,2,57
60,2,58
60,2,59
60,2,60
60,2,61
60,2,62
60,2,63
61,0,16
61,0,17
61,0,18
61,1,18
61,0,19
61,1,19
61,1,20
61,1,21
61,2,21
61,1,22
61,2,22
61,2,23
61,2,24
61,3,24
61,3,25
61,3,26
61,4,26
61,4,27
61,4,28
61,4,29
61,4,30
61,4,31
61,4,32
61,4,33
61,4,34
61,4,35
61,4,36
61,5,36
61,5,37
61,5,38
61,6,38
61,5,39
61,6,39
61,5,40
61,6,40
61,5,41
61,6,41
61,5,42
61,6,42
61,5,43
61,5,44
61,5,45
61,6,45
61,5,46
61,4,47
61,5,47
61,4,48
61,3,49
61,4,49
61,3,50
61,4,50
61,3,51
61,3,52
61,2,53
61,3,53
61,2,54
61,3,54
61,2,55
61,3,55
61,2,56
61,3,56
61,2,57
61,3,57
61,2,58
61,3,58
61,2,59
61,3,59
61,2,60
61,3,60
61,2,61
61,3,61
61,2,62
61,3,62
61,2,63
61,3,63
62,0,16
62,0,17
62,0,18
62,1,18
62,1,19
62,1,20
62,1,21
62,2,21
62,2,22
62,2,23
62,3,23
62,2,24
62,3,24
62,3,25
62,3,26
62,4,26
62,3,27
62,4,27
62,4,28
62,4,29
62,4,30
62,4,31
62,4,32
62,4,33
62,4,34
62,4,35
62,5,35
62,4,36
62,5,36
62,5,37
62,6,37
62,5,38
62,6,38
62,6,39
62,7,39
62,6,40
62,7,40
62,6,41
62,7,41
62,6,42
62,5,43
62,6,43
62,5,44
62,6,44
62,5,45
62,6,45
62,5,46
62,6,46
62,4,47
62,5,47
62,4,48
62,5,48
62,4,49
62,3,50
62,4,50
62,3,51
62,4,51
62,3,52
62,2,53
62,3,53
62,2,54
62,3,54
62,3,55
62,3,56
62,3,57
62,3,58
62,3,59
62,3,60
62,3,61
62,3,62
62,3,63
63,0,16
63,0,17
63,0,18
63,1,18
63,1,19
63,1,20
63,2,20
63,1,21
63,2,21
63,2,22
63,3,22
63,2,23
63,3,23
63,3,24
63,3,25
63,3,26
63,3,27
63,4,27
63,4,28
63,4,29
63,4,30
63,4,31
63,4,32
63,4,33
63,4,34
63,4,35
63,5,35
63,5,36
63,6,36
63,5,37
63,6,37
63,7,37
63,6,38
63,7,38
63,6,39
63,7,39
63,7,40
63,6,41
63,7,41
63,6,42
63,7,42
63,6,43
63,7,43
63,5,44
63,6,44
63,5,45
63,6,45
63,5,46
63,6,46
63,5,47
63,6,47
63,4,48
63,5,48
63,4,49
63,5,49
63,4,50
63,4,51
63,3,52
63,4,52
63,3,53
63,4,53
63,3,54
63,3,55
63,3,56
63,3,57
63,3,58
63,3,59
63,3,60
63,3,61
63,3,62
63,3,63
20,0,0
19,0,0
15,0,1
15,1,1
15,0,2
16,0,0
16,1,0
15,0,3
16,0,1
17,0,0
17,1,0
17,0,1
18,0,0
