6,18,45
11,20,38
13,21,35
14,20,26
16,22,33
11,18,59
10,20,43
11,17,20
1,10,19
16,22,49
15,21,23
10,16,30
3,11,27
0,14,58
2,9,27
3,17,42
14,20,51
4,17,44
3,14,35
15,22,34
1,13,34
20,23,60
9,19,49
18,22,61
0,16,44
4,12,24
19,23,27
19,23,49
5,16,51
22,23,56
6,20,39
14,22,56
15,23,45
4,16,53
20,22,57
5,18,48
12,18,26
10,20,42
14,20,55
1,18,63
10,16,20
4,11,23
12,19,31
13,19,21
11,16,25
6,18,32
7,18,37
6,17,55
8,17,17
11,20,57
11,17,31
19,23,54
12,21,26
20,22,53
15,20,24
3,15,55
4,15,39
7,16,58
12,19,35
11,23,41
12,20,25
11,18,34
11,16,28
6,14,31
3,14,29
5,17,40
22,23,60
18,21,59
21,23,60
3,13,29
0,10,32
16,23,59
1,15,50
13,18,25
4,17,47
0,14,49
19,23,53
2,16,48
12,18,29
11,19,53
23,23,59
10,18,34
4,11,25
16,21,28
7,15,57
2,14,39
7,16,35
5,19,42
15,23,36
1,11,30
17,21,21
0,12,37
0,8,25
4,17,46
12,19,58
1,13,55
10,19,33
3,16,47
9,19,41
8,18,39
14,20,18
6,13,26
7,16,54
2,10,29
1,16,57
9,19,53
0,15,49
21,22,56
0,16,47
17,23,18
4,15,60
6,14,22
15,20,19
16,21,25
5,17,37
19,23,58
4,11,22
11,20,52
9,16,62
15,23,35
2,15,51
4,16,32
7,17,32
6,16,58
18,23,17
8,15,21
12,17,30
17,23,19
7,16,53
16,21,55
1,11,17
0,10,33
14,20,25
2,17,43
17,20,59
0,15,59
19,23,22
1,14,35
0,16,62
4,17,53
6,18,41
3,16,42
18,23,29
2,18,62
12,18,25
0,15,54
8,19,56
4,19,47
18,21,60
9,19,31
9,18,54
3,12,23
12,19,32
14,18,61
3,10,23
7,16,32
5,16,37
4,15,53
10,16,25
15,23,56
8,16,17
19,22,56
5,15,56
14,23,43
1,9,24
5,19,47
10,18,33
0,17,45
9,21,42
14,22,33
19,23,61
14,19,31
1,17,45
10,22,48
14,23,48
6,12,27
17,23,51
18,22,58
12,22,49
5,19,48
10,21,48
0,11,35
1,13,53
3,13,33
0,17,63
6,16,56
0,11,36
4,16,50
9,17,62
20,23,51
8,17,52
0,11,31
14,21,33
11,17,62
12,21,53
4,17,36
0,14,57
3,14,34
9,18,34
7,19,52
14,23,38
6,14,17
7,17,53
13,23,47
10,23,40
12,18,62
6,15,59
10,17,31
7,17,50
13,21,49
3,14,58
7,18,40
9,21,46
15,21,56
9,15,28
11,20,55
6,17,38
12,18,59
4,16,52
15,22,50
5,14,20
13,17,62
18,21,56
19,23,51
10,22,46
1,17,62
4,16,57
13,21,38
8,16,20
3,14,37
18,20,59
8,17,32
10,16,59
5,14,18
7,18,36
12,17,61
24,23,59
12,21,49
12,21,48
15,23,46
0,13,56
10,18,58
15,20,56
13,19,20
12,21,39
11,18,57
1,15,43
14,21,34
3,17,63
8,16,57
15,20,23
6,15,60
14,18,62
11,20,37
0,8,23
0,9,27
8,15,28
2,17,45
16,21,29
13,20,27
9,17,18
6,15,32
1,16,42
2,10,28
15,19,61
17,22,20
6,18,50
11,17,58
0,8,21
11,20,51
5,16,36
5,12,27
0,14,39
21,21,62
9,20,51
11,19,33
12,22,47
5,16,62
8,19,50
2,16,59
4,16,55
6,12,25
1,14,55
19,20,62
9,15,26
2,12,19
8,16,60
12,18,28
4,17,49
10,21,49
10,16,24
9,18,55
17,21,25
9,20,44
15,20,17
6,19,50
10,17,21
5,13,19
17,22,51
0,15,46
12,20,36
8,18,49
2,14,36
2,16,61
4,17,40
2,16,43
15,18,61
17,23,28
3,13,23
1,11,19
0,15,44
15,23,40
16,23,17
7,14,27
10,18,19
1,17,44
11,17,17
8,16,21
8,18,50
7,17,55
2,19,62
4,14,35
16,21,19
15,21,51
6,16,37
4,19,54
9,20,39
0,13,54
11,19,56
13,22,50
8,15,60
20,21,59
14,20,34
17,22,50
2,11,21
19,23,20
10,16,62
25,23,61
10,19,51
9,21,51
13,18,24
17,21,55
11,20,40
2,15,41
9,16,30
2,15,37
11,18,24
7,19,42
9,19,38
7,13,28
13,18,29
18,23,55
20,22,58
8,21,46
11,23,49
4,15,35
15,20,55
8,17,55
11,17,18
15,22,47
17,22,59
16,22,60
4,14,36
1,15,48
19,23,21
1,10,31
13,18,58
10,17,23
3,11,22
17,21,54
10,17,19
9,17,54
11,17,26
15,23,55
13,22,45
6,16,33
2,17,44
13,18,21
1,8,25
2,11,25
2,9,25
0,12,55
14,19,19
10,22,41
13,19,24
7,18,51
13,22,40
10,16,27
16,21,52
3,12,24
15,20,31
4,13,26
13,20,49
10,19,18
17,19,62
15,20,21
2,16,54
14,20,52
12,23,45
17,23,20
6,19,52
7,16,60
15,20,29
7,13,27
2,11,29
6,20,43
11,19,34
7,18,48
17,22,27
16,23,47
5,12,23
8,14,22
1,16,62
11,21,48
8,16,33
8,20,55
0,10,29
8,16,63
0,13,57
3,12,32
14,19,24
0,13,39
9,19,50
18,22,55
0,8,26
8,17,37
6,18,42
7,17,59
12,18,32
16,23,23
8,18,59
13,19,25
7,20,39
3,12,34
2,16,50
9,16,33
15,21,31
7,19,49
21,21,60
4,12,27
2,12,34
10,20,39
9,22,40
12,19,21
1,17,48
6,15,61
7,20,47
18,22,28
9,17,21
0,9,18
17,22,53
2,15,59
11,17,21
15,22,49
8,17,51
3,16,51
10,18,31
0,9,32
14,19,54
18,21,54
15,23,34
6,15,31
4,14,57
4,17,51
9,21,40
14,19,57
8,14,21
19,21,60
9,19,37
10,17,32
12,21,35
7,18,41
20,22,59
23,22,61
0,15,50
4,17,63
9,16,22
7,21,48
17,22,55
10,20,47
9,16,19
12,17,28
4,17,52
8,18,38
16,19,58
0,12,34
11,18,19
5,16,39
11,21,44
14,18,60
9,16,18
14,21,30
14,19,22
12,19,56
16,21,61
19,20,60
3,14,55
13,23,46
14,22,19
13,20,56
6,16,63
13,19,28
2,15,55
10,19,52
14,19,58
12,18,31
3,16,36
12,21,46
3,13,34
15,21,55
4,13,31
5,15,35
17,23,59
7,15,60
16,23,46
5,17,52
13,22,36
1,9,22
12,18,58
13,19,18
18,22,59
17,22,22
7,17,52
11,16,27
0,13,55
25,23,60
0,16,51
4,13,33
7,18,47
6,18,39
18,23,30
8,15,32
16,23,28
6,16,35
15,21,17
4,13,18
17,22,32
9,18,33
1,14,57
1,12,17
20,21,57
5,19,43
11,17,30
5,17,54
6,19,44
14,18,63
10,17,61
10,18,52
2,14,52
9,23,48
9,22,43
15,18,60
17,23,26
4,16,40
6,18,43
5,18,40
17,21,30
3,17,44
6,19,40
9,17,22
15,22,35
4,16,54
0,14,52
10,21,45
0,18,62
4,12,17
1,14,41
6,21,48
7,21,47
13,21,37
1,15,61
19,23,30
4,17,41
12,20,49
3,15,54
13,18,20
2,10,22
15,22,56
3,18,45
7,15,18
12,20,33
15,21,53
17,23,27
16,23,35
1,10,28
10,20,51
7,17,63
13,22,47
3,15,36
7,17,51
10,22,40
17,22,21
13,21,47
6,16,18
12,22,48
14,21,36
6,17,49
1,15,53
8,16,61
10,18,36
13,18,63
6,17,52
8,14,26
6,13,21
15,21,21
12,22,43
5,19,54
14,22,47
1,12,32
16,23,49
5,18,39
16,23,48
6,13,24
11,19,50
1,18,62
9,16,17
9,17,59
2,12,17
19,23,31
5,13,29
8,18,54
14,20,58
19,21,57
7,16,17
14,23,40
0,15,41
7,17,56
2,14,53
2,10,24
7,14,21
17,19,63
11,19,21
19,21,55
2,16,52
12,20,35
18,20,62
17,23,36
2,12,35
1,13,36
1,9,25
9,16,31
15,21,29
12,19,18
7,16,31
0,16,48
17,21,51
12,23,46
22,21,62
0,16,60
20,23,63
10,17,20
5,16,58
9,20,40
5,14,57
20,23,52
0,16,45
6,16,36
0,17,62
7,14,18
10,16,29
13,23,49
1,10,22
18,22,30
2,12,29
12,18,19
9,15,24
16,22,26
11,17,25
1,10,24
7,14,20
3,14,36
12,21,41
10,17,33
18,23,53
2,11,31
8,17,59
23,23,60
14,20,29
2,11,30
14,23,39
5,13,22
0,12,36
0,8,27
0,14,41
8,19,55
13,20,55
2,16,47
16,23,50
0,13,53
13,18,56
12,20,57
15,21,18
13,20,18
4,13,25
13,20,51
17,22,52
0,9,23
18,22,21
5,12,24
17,22,31
4,11,21
2,9,26
9,19,47
13,19,32
20,23,61
8,20,41
14,23,45
2,13,34
12,18,54
11,22,42
5,15,36
8,18,37
12,21,47
5,13,21
7,18,53
10,19,50
20,23,57
14,20,50
4,12,25
5,16,54
12,20,32
1,15,40
18,21,61
14,20,19
10,19,54
16,23,18
12,20,48
11,21,42
7,17,54
11,20,35
9,15,20
8,20,39
12,20,37
13,20,32
9,19,30
1,10,23
17,21,28
13,19,52
0,10,18
12,20,47
14,20,24
16,20,58
12,17,27
16,20,29
9,18,51
9,15,22
6,18,49
10,18,35
3,13,35
8,21,41
1,15,49
13,22,46
8,18,53
7,16,18
9,18,35
14,20,23
12,18,63
14,21,35
7,18,32
8,17,60
12,20,34
15,21,20
7,17,39
19,23,52
10,19,47
6,15,17
11,20,36
0,13,40
5,12,25
5,17,41
10,21,43
8,17,57
12,17,25
9,21,39
19,23,29
16,22,31
18,23,50
9,20,49
8,17,34
0,13,34
7,15,17
12,20,52
13,20,36
14,23,33
6,15,20
16,23,19
14,21,50
13,22,39
12,17,29
4,18,50
11,18,58
17,23,46
20,20,63
6,17,39
7,13,24
14,22,36
4,18,46
2,14,34
10,22,49
5,12,20
2,16,53
11,18,55
17,22,29
5,15,58
7,19,50
18,22,19
19,22,62
11,17,60
21,22,61
16,21,18
5,20,44
10,18,55
16,23,34
16,21,32
8,20,49
18,21,63
7,19,41
15,21,19
5,14,34
13,22,37
2,14,59
10,17,28
4,18,49
14,23,37
16,19,61
23,23,58
7,14,25
5,18,49
3,11,28
1,10,18
5,20,63
12,20,17
1,14,52
12,22,45
15,23,51
19,23,18
2,15,54
12,19,53
2,17,63
10,18,56
1,8,26
17,23,58
7,20,46
14,20,20
5,15,32
10,21,44
11,20,49
1,12,33
1,14,51
9,17,30
9,19,36
15,21,30
11,19,36
8,18,58
16,20,53
21,23,53
16,18,62
0,12,38
9,17,26
18,23,60
5,15,37
18,23,56
12,21,38
13,19,54
16,22,47
8,16,59
10,20,49
7,21,46
11,21,36
1,15,59
3,16,61
14,19,30
1,17,47
2,13,36
0,10,22
6,18,40
8,19,43
11,21,40
18,22,52
4,16,33
2,19,46
9,21,49
15,21,49
5,14,17
3,15,56
6,17,32
17,21,56
14,21,18
17,21,53
3,12,17
7,17,37
9,16,57
9,19,63
7,16,36
1,15,47
25,23,62
18,20,63
19,23,32
7,19,40
5,13,24
8,19,38
13,18,61
4,11,24
16,21,27
11,23,47
10,16,60
10,17,58
16,22,22
23,22,62
4,17,45
17,20,55
0,9,25
9,21,44
6,17,41
7,15,58
11,22,49
9,16,20
12,18,23
0,10,34
0,11,32
8,16,34
9,22,49
7,13,26
8,20,40
15,23,38
11,19,27
16,22,61
17,23,32
4,15,57
15,20,61
6,17,62
5,18,63
2,10,30
0,14,53
6,13,20
4,13,21
7,18,46
1,18,45
2,15,61
18,23,20
11,20,39
13,20,53
8,20,44
1,16,47
2,14,55
14,23,41
12,21,40
6,15,34
16,21,51
16,21,59
1,15,51
10,17,63
4,14,25
1,12,37
13,19,60
8,16,55
11,21,43
12,18,17
2,16,45
14,20,17
6,15,36
9,19,48
1,15,58
13,20,34
1,13,56
23,23,61
5,16,33
14,20,54
1,9,23
0,13,38
6,19,43
12,21,17
22,23,61
17,23,61
11,19,37
5,18,41
11,20,50
3,18,41
18,22,54
4,12,18
5,13,23
6,14,29
22,23,62
6,16,34
17,22,60
17,21,60
19,22,52
11,19,22
20,21,63
9,17,35
21,23,52
15,23,43
4,12,28
8,19,42
0,14,54
3,13,18
11,18,60
4,15,37
15,22,51
16,22,51
9,21,43
8,19,41
8,21,42
11,18,32
16,20,57
15,21,25
7,16,62
6,18,46
12,20,55
8,18,57
14,19,55
6,14,18
20,23,55
4,11,26
1,16,50
8,20,42
0,9,22
10,17,56
16,22,17
3,11,19
14,23,47
8,14,27
5,18,46
10,19,37
11,19,57
3,10,24
6,15,55
4,14,32
16,21,54
20,23,62
3,15,53
6,13,27
12,21,51
10,20,34
12,17,24
17,21,61
15,22,29
15,22,48
2,16,51
8,15,25
1,16,60
3,15,58
2,10,25
0,9,24
8,20,58
9,18,30
16,21,50
21,22,59
14,19,26
13,22,38
23,23,56
9,19,34
10,20,33
11,19,32
15,23,47
17,23,45
3,19,45
16,21,22
18,23,34
12,18,22
19,23,25
15,19,58
17,21,57
0,12,56
12,22,36
17,20,62
14,20,22
14,22,44
11,19,30
13,20,33
12,19,27
5,12,28
14,23,44
14,21,47
17,20,63
24,23,61
14,22,17
12,19,51
18,23,33
14,22,49
10,20,38
5,19,39
5,15,57
17,22,48
9,18,31
3,18,47
15,23,39
19,23,59
3,10,26
14,21,23
3,15,59
3,13,57
26,23,63
14,20,30
2,15,39
4,16,58
1,12,36
8,20,50
1,11,34
17,23,50
11,18,56
14,22,45
11,22,44
20,23,54
21,22,60
23,23,57
2,15,56
20,22,60
10,19,34
9,16,32
16,19,62
5,17,42
11,17,59
15,20,20
5,17,38
20,23,50
17,21,29
18,23,26
21,22,57
3,17,45
17,22,61
7,19,43
13,21,26
7,14,22
12,18,56
11,21,49
25,23,63
14,21,49
5,20,39
9,18,37
18,20,58
1,13,35
18,19,61
4,13,32
19,23,50
10,21,42
15,22,33
4,17,62
18,23,32
11,18,29
0,16,49
0,9,28
4,13,34
0,13,35
2,11,20
18,23,23
9,19,55
13,20,24
21,23,63
5,18,53
12,20,22
11,17,56
17,22,25
2,10,20
8,15,29
5,17,47
4,16,39
15,20,54
9,17,31
14,19,28
4,12,30
14,21,29
9,18,63
3,15,35
7,19,51
18,23,54
6,19,39
15,19,60
2,10,21
4,15,54
10,18,18
13,18,22
4,14,58
8,19,35
18,22,26
6,18,48
9,20,42
16,22,28
12,21,52
6,15,57
3,16,52
17,20,56
7,20,44
1,13,38
11,21,53
8,14,29
1,16,45
11,17,63
4,18,54
8,18,40
15,22,60
12,23,49
3,17,36
2,12,32
16,21,31
0,16,43
17,22,54
16,23,45
10,17,57
22,22,60
6,19,48
18,23,19
11,22,39
0,13,37
2,11,28
18,23,18
17,22,18
13,18,59
13,18,62
17,23,60
0,16,61
11,17,19
6,19,45
11,17,24
0,10,30
0,10,17
6,13,18
10,16,22
18,19,63
10,16,61
5,21,44
2,9,24
7,14,26
5,18,44
2,12,18
0,16,63
17,23,24
3,11,24
18,23,48
18,22,53
2,13,56
2,15,40
14,19,25
5,14,31
14,22,50
3,14,56
17,22,49
1,16,63
16,22,19
4,15,55
1,10,20
15,20,58
2,15,58
8,18,31
11,20,30
10,16,23
2,16,41
11,22,40
5,19,63
24,23,62
9,16,58
4,13,30
9,18,52
9,15,19
18,21,58
5,14,33
9,18,36
7,19,46
5,16,56
3,16,43
2,16,60
13,19,29
0,13,58
11,17,57
4,16,56
2,14,54
14,22,48
12,22,39
3,16,48
10,21,46
19,21,62
9,20,45
18,23,22
0,17,46
14,22,46
6,16,52
3,10,28
10,21,51
12,19,55
9,20,46
9,17,57
3,16,41
11,20,22
2,17,62
7,14,24
18,22,29
15,20,25
1,13,37
8,19,47
18,22,56
1,12,35
20,21,61
17,20,61
14,21,48
18,21,62
13,19,17
1,16,43
5,15,38
18,22,20
3,17,48
13,20,23
16,23,61
4,18,53
0,11,34
14,19,18
10,23,48
14,23,49
22,22,59
1,14,58
17,22,58
9,17,55
1,14,59
6,14,32
22,22,62
18,23,58
1,13,33
14,19,60
9,15,23
6,20,63
3,11,30
2,14,38
12,18,18
3,17,41
16,21,33
16,22,29
8,18,55
10,16,19
0,16,46
18,23,51
21,23,55
12,19,26
4,16,60
20,22,55
7,15,56
1,9,27
14,19,20
5,18,45
3,17,46
16,21,21
5,13,31
13,19,31
15,19,57
16,21,23
11,23,48
23,22,59
16,23,37
0,8,22
0,15,53
2,14,35
2,13,29
5,14,56
10,20,41
3,12,18
13,22,49
7,14,23
1,14,39
20,23,58
8,15,20
13,23,39
0,9,20
12,22,41
11,18,27
3,16,37
16,23,44
8,20,43
20,22,62
0,15,45
5,15,60
5,13,20
5,17,62
8,18,36
10,17,18
15,21,60
7,17,38
1,10,21
9,17,63
13,19,30
16,22,34
10,18,51
2,13,35
8,19,44
9,19,40
1,18,47
12,19,25
7,14,17
2,18,45
7,13,25
6,14,19
1,11,32
4,18,48
2,17,51
13,18,30
5,14,35
2,16,46
3,13,20
6,13,22
14,18,59
6,14,20
15,20,57
17,22,33
4,15,58
3,13,21
1,9,28
11,19,18
4,15,52
12,22,40
4,16,62
0,10,19
6,20,44
21,23,59
8,15,26
21,23,62
22,22,61
9,17,23
13,19,22
12,22,44
9,20,41
6,16,55
2,10,26
8,16,19
17,22,56
4,18,55
10,23,45
3,13,24
13,22,35
10,18,32
2,17,48
20,23,59
14,19,59
7,18,38
16,20,59
0,9,21
8,16,56
6,16,60
5,17,49
8,19,46
5,18,54
13,20,50
0,15,51
16,20,62
16,21,24
1,16,49
16,22,54
17,20,60
3,16,50
19,23,26
12,17,60
16,21,17
4,13,19
3,10,21
18,23,21
6,19,63
17,23,31
4,16,61
22,23,57
14,22,38
2,10,19
4,13,17
6,14,28
8,20,45
6,13,29
6,20,49
2,15,42
10,20,46
23,22,60
8,21,50
6,20,48
4,15,33
6,15,19
12,19,20
18,22,50
14,19,27
23,23,62
11,17,61
17,20,57
13,22,41
8,15,31
11,22,48
13,19,56
19,21,58
4,18,43
7,15,20
5,17,48
1,17,63
7,16,63
16,21,56
7,15,30
10,22,42
8,21,49
1,16,41
1,10,27
16,21,53
4,13,20
17,21,52
8,15,18
13,21,50
15,22,36
1,10,30
12,21,44
15,18,62
12,19,57
16,20,56
0,15,43
9,17,32
11,19,49
3,17,62
14,20,21
3,16,49
16,22,30
5,16,38
13,20,52
11,18,30
7,19,48
12,20,26
13,19,58
22,23,54
8,19,34
19,23,62
9,18,50
6,16,61
9,15,25
7,20,48
15,20,27
1,10,17
18,23,24
15,23,48
7,16,55
8,19,53
7,16,34
2,16,42
11,21,39
8,15,23
5,14,58
7,17,35
5,15,55
16,20,61
18,23,59
16,22,23
11,17,27
9,17,33
1,17,46
12,22,46
8,16,32
14,20,53
22,23,55
4,17,43
14,19,29
10,18,59
2,10,23
15,22,17
13,23,42
4,16,35
13,18,26
19,22,53
4,17,61
19,23,23
5,18,55
17,21,59
16,21,20
11,17,22
11,19,54
4,12,29
16,23,38
4,15,56
8,17,36
1,10,25
21,21,61
11,18,23
11,18,31
5,17,51
4,17,48
2,15,60
0,15,48
13,18,57
13,18,28
9,16,61
2,13,37
20,23,53
4,16,41
15,21,34
11,18,54
3,16,54
5,19,45
17,20,58
0,15,58
9,17,17
3,12,30
3,14,57
5,20,43
10,23,42
16,21,26
5,11,26
6,12,26
3,12,20
20,22,63
10,20,48
7,19,47
17,23,33
11,18,53
11,20,53
1,9,19
8,17,63
6,18,52
3,15,38
10,21,39
15,23,49
3,12,19
3,16,40
12,17,63
9,16,24
13,19,55
15,19,56
17,23,48
14,23,50
2,14,37
18,23,25
17,22,24
10,19,38
17,23,49
10,21,47
1,16,61
6,17,59
6,15,58
7,16,19
11,16,29
5,19,44
4,12,19
4,16,38
1,15,42
6,15,56
10,18,53
8,14,23
4,11,27
10,21,40
1,15,54
11,20,31
12,18,60
0,9,30
5,17,63
23,22,63
6,16,32
7,18,49
7,14,31
13,19,57
11,22,43
9,16,60
8,20,48
15,20,22
7,21,49
9,16,21
21,21,63
7,19,54
10,17,24
10,22,45
17,22,28
4,12,31
7,16,33
13,21,36
2,16,49
17,21,22
3,16,60
4,16,36
5,17,50
2,11,18
3,13,19
3,13,31
14,21,56
8,17,22
0,8,28
9,17,34
1,16,46
11,21,52
0,9,31
12,18,21
12,18,61
1,9,26
7,15,34
5,17,39
17,22,17
2,14,57
20,20,62
11,17,32
4,15,36
13,22,44
3,11,23
2,13,57
17,19,60
11,17,29
18,22,23
12,21,55
10,19,35
8,21,48
19,21,61
15,21,61
0,13,52
9,19,51
8,18,48
2,11,32
15,21,24
6,17,51
15,23,42
14,23,36
12,18,55
2,17,52
3,15,51
18,23,47
20,21,58
3,17,50
13,21,17
12,19,19
18,22,25
7,20,45
16,22,48
15,22,28
5,18,50
5,17,53
14,22,29
3,11,29
6,13,28
8,15,30
16,20,54
3,11,20
16,20,28
6,16,54
7,18,54
16,23,51
9,19,32
6,20,47
13,22,43
15,21,32
5,18,38
3,17,47
10,17,34
0,9,26
15,21,48
14,20,56
8,20,47
14,19,63
9,17,56
1,14,38
7,15,23
5,12,29
6,18,44
1,16,44
13,19,26
21,22,58
11,18,21
13,21,48
7,15,19
6,16,59
15,22,23
12,20,31
14,22,39
0,9,17
12,19,33
17,21,26
5,15,33
10,17,30
2,18,63
4,17,42
17,21,27
0,14,50
0,11,19
5,16,40
15,20,32
2,11,17
12,22,38
3,12,33
5,14,32
18,23,28
4,17,35
15,23,17
1,15,57
5,16,61
9,16,59
4,17,54
19,23,48
2,16,44
3,19,46
8,21,47
22,22,58
19,22,60
12,22,42
2,11,19
8,15,19
4,17,50
16,22,32
0,9,19
3,15,60
6,17,37
4,12,26
18,21,57
2,16,62
22,21,63
11,19,63
19,23,17
5,13,17
2,9,23
8,17,33
17,22,30
13,22,42
10,17,22
10,19,55
3,15,52
19,23,19
6,15,35
9,18,49
3,10,22
8,19,49
11,21,38
4,15,38
7,17,58
13,19,33
6,14,33
19,23,28
18,20,61
6,16,62
20,22,54
4,18,47
14,21,17
2,12,30
10,21,50
4,16,51
16,21,60
14,20,31
16,22,59
6,17,48
9,20,55
0,14,42
16,20,55
3,14,18
16,23,36
3,13,56
12,18,27
8,14,28
7,16,30
4,14,34
12,19,22
2,14,56
3,15,40
11,18,33
19,23,57
24,23,60
1,11,18
15,22,37
12,21,30
17,23,47
9,17,58
0,17,61
1,8,24
9,16,28
10,19,39
13,20,35
7,18,52
3,10,27
6,13,19
12,20,30
11,20,46
16,22,50
2,17,47
4,16,49
16,22,35
1,13,54
5,15,34
13,18,60
9,21,47
2,15,52
0,8,24
16,22,24
13,20,17
2,18,46
10,17,17
24,23,58
13,23,45
8,15,17
0,12,35
21,23,61
10,20,52
7,15,33
5,18,43
3,13,32
9,21,48
15,22,55
12,19,17
10,23,41
12,23,40
9,23,46
7,14,29
13,19,27
3,15,37
6,17,40
15,21,22
15,23,18
3,18,48
7,19,44
14,20,32
3,12,29
21,22,62
9,20,56
8,15,27
11,21,41
11,20,56
11,19,52
6,18,47
9,16,56
9,15,30
8,14,24
6,17,54
22,23,59
5,12,22
15,23,44
24,23,63
1,16,48
14,20,28
15,19,59
1,17,43
0,18,63
9,18,56
0,14,51
8,15,22
9,22,46
9,19,39
7,18,42
3,18,46
5,13,32
1,10,29
1,14,40
12,20,56
21,22,63
8,15,24
10,22,39
0,15,52
12,18,20
8,16,58
1,16,40
7,19,39
14,21,26
6,17,63
1,13,57
5,15,59
1,14,50
14,22,35
8,20,56
17,23,35
19,22,59
10,23,49
17,23,21
9,20,37
6,21,49
5,14,19
3,16,39
10,17,29
8,22,48
6,14,30
3,16,62
10,20,45
17,19,61
9,18,38
5,17,56
6,17,60
10,16,28
15,23,50
11,20,47
11,21,45
12,21,36
8,18,35
12,20,51
0,15,42
13,23,43
10,17,55
1,9,29
16,23,24
19,23,60
14,19,23
1,9,21
3,12,31
21,23,54
13,22,48
12,20,18
8,20,46
8,14,25
15,22,52
9,18,53
14,22,37
6,13,30
10,17,62
13,23,40
15,20,53
11,21,46
8,18,52
23,23,63
19,22,54
18,21,55
12,17,26
8,19,32
15,18,63
6,13,23
1,15,52
7,16,56
19,23,24
6,17,53
17,23,29
11,19,55
19,20,63
2,15,50
18,19,62
5,18,42
2,17,46
12,21,45
18,22,60
19,21,56
4,19,53
5,18,37
9,17,61
13,23,37
11,19,51
2,10,27
8,19,58
5,17,55
6,14,26
0,15,61
7,14,30
15,20,52
17,23,56
14,19,56
7,15,59
1,11,31
1,15,41
9,16,27
8,17,56
7,18,50
22,22,63
6,17,33
12,17,22
8,19,40
8,19,45
4,11,28
16,20,60
9,15,27
15,23,37
18,20,60
5,13,30
0,10,31
7,14,19
14,20,33
2,16,40
8,18,34
21,23,57
15,21,52
7,15,31
20,21,60
4,14,37
1,17,49
10,19,53
14,23,42
7,16,59
10,19,59
19,23,56
3,11,26
17,23,17
11,19,29
3,16,53
10,20,37
13,23,44
11,17,23
15,22,31
14,20,63
7,13,23
22,23,58
13,21,46
6,17,50
1,14,37
4,13,29
19,21,59
16,22,25
6,15,33
4,12,21
12,22,37
9,18,32
0,11,33
10,18,30
5,16,55
14,20,27
3,15,41
15,19,63
13,23,36
15,23,28
5,12,26
1,12,34
8,16,18
17,21,58
9,19,46
8,18,32
7,19,45
11,18,18
19,20,61
5,16,60
1,11,33
4,18,45
0,15,60
15,23,29
8,17,54
6,16,53
19,21,63
21,23,58
13,23,48
3,12,21
18,22,62
15,20,60
14,19,32
5,13,28
9,16,23
3,11,25
6,19,47
15,20,26
16,19,63
17,22,19
6,15,18
0,9,29
11,22,41
9,19,56
19,22,58
5,16,59
12,18,24
0,11,29
15,20,63
5,13,18
4,12,23
13,18,27
11,21,47
14,22,51
24,23,57
7,17,36
8,19,48
18,22,24
6,19,46
3,18,42
8,18,56
16,23,60
6,14,21
11,22,46
22,22,57
18,23,49
12,21,37
10,17,60
0,8,20
13,19,63
3,15,57
15,22,46
12,20,50
7,18,39
4,18,44
5,18,47
4,14,33
3,14,38
8,16,31
10,22,44
18,23,31
9,16,29
17,23,34
0,14,59
11,19,26
0,16,52
6,18,63
10,18,54
0,12,29
22,23,63
3,17,52
8,18,51
12,20,23
6,19,41
8,17,58
11,18,20
14,21,51
9,16,26
12,19,54
14,20,57
12,19,30
11,16,26
19,22,61
15,21,26
16,22,20
8,17,31
2,12,33
11,17,28
3,11,21
4,18,51
16,22,53
9,20,48
7,20,49
20,21,62
13,17,61
11,20,48
2,13,55
7,16,61
1,15,60
7,17,33
7,17,30
12,18,57
5,12,21
12,20,53
8,17,35
12,18,30
12,19,34
9,22,47
15,20,30
1,14,54
9,16,25
7,16,57
7,15,21
0,14,40
3,11,18
8,15,59
11,22,47
15,20,18
10,22,43
15,23,41
16,19,60
18,23,52
3,14,54
10,19,48
14,23,46
11,18,63
9,17,53
18,22,22
15,21,28
18,23,27
5,16,52
8,22,46
17,22,26
0,15,47
16,19,59
14,19,21
21,23,56
11,18,17
11,21,55
16,21,30
7,15,32
3,10,25
10,19,49
13,23,41
6,18,51
14,21,28
11,23,46
2,15,49
2,19,45
9,15,21
11,20,54
5,16,57
19,23,55
4,12,20
12,19,52
10,20,50
10,21,41
11,23,45
8,16,62
12,17,62
10,16,26
6,13,25
15,20,28
9,20,43
12,21,56
14,22,34
17,22,23
0,15,57
5,17,43
6,16,17
5,15,54
18,22,27
5,16,53
11,21,37
8,16,22
9,18,22
16,22,18
10,17,59
9,15,29
7,14,28
8,19,57
2,14,58
15,21,33
13,19,19
11,18,22
15,22,22
14,22,40
3,17,43
8,17,53
15,19,62
2,15,53
15,21,50
7,15,61
19,22,57
9,22,48
1,14,53
13,17,60
10,16,21
9,20,47
5,13,27
13,20,26
4,14,55
17,23,55
18,22,51
10,16,31
14,21,32
9,21,56
12,19,63
12,17,59
9,16,63
14,21,19
13,19,23
8,21,40
4,12,22
8,19,39
11,19,35
4,15,59
20,22,61
10,18,17
4,14,56
2,11,33
6,16,38
10,19,36
2,12,31
6,19,49
13,20,19
9,19,35
11,22,45
0,12,54
3,16,35
1,9,20
13,19,53
10,20,40
12,19,23
19,22,55
10,16,18
3,15,39
15,20,62
