26,15,31
47,15,7
54,17,25
33,15,27
45,15,4
52,15,10
27,14,24
41,19,53
5,14,49
43,18,45
38,14,2
0,14,10
57,18,41
47,19,54
6,14,31
35,18,45
53,15,7
47,17,33
1,16,58
5,14,38
8,16,62
45,14,3
16,16,55
28,15,30
36,18,52
10,13,6
45,18,45
62,19,62
58,18,53
9,13,20
48,16,19
9,13,10
35,19,63
56,15,2
10,15,53
61,16,11
23,14,23
51,19,60
21,17,51
17,16,38
24,12,9
60,18,31
5,15,52
24,13,18
49,16,20
51,17,30
51,19,52
17,16,60
1,16,59
11,15,39
27,12,9
13,15,40
58,19,61
45,16,23
14,12,11
10,13,9
50,18,37
27,11,0
4,16,59
8,16,59
25,13,9
23,16,37
48,19,60
22,13,12
1,13,17
53,16,16
21,17,55
50,19,62
10,15,45
39,13,0
3,14,11
41,16,21
35,14,8
51,19,48
3,15,55
30,13,6
9,14,38
50,19,59
13,15,44
24,11,4
22,16,38
62,18,43
48,16,15
2,13,33
9,15,48
4,13,18
37,19,55
5,13,24
20,17,41
40,15,12
45,17,28
54,19,46
44,16,19
11,13,20
56,18,51
10,13,28
5,13,22
56,15,9
28,12,0
44,14,2
34,15,24
27,16,35
19,12,0
24,17,59
54,19,49
11,15,47
20,15,35
29,14,16
12,14,31
33,18,51
12,15,53
40,18,40
15,13,0
44,19,47
2,14,39
17,13,3
29,15,32
40,18,44
60,17,29
4,16,60
49,18,33
52,19,53
42,18,46
21,16,59
8,15,54
39,18,47
50,18,33
32,18,60
27,11,1
31,18,54
55,16,20
25,13,15
22,14,28
14,12,13
22,16,37
30,12,3
58,16,10
2,14,10
15,15,50
53,19,51
2,14,12
1,15,50
24,17,62
42,17,33
51,18,45
34,15,25
0,14,49
1,13,35
10,12,16
14,16,58
0,14,15
36,15,22
63,18,56
5,14,46
3,14,2
0,14,48
14,12,9
50,17,28
2,15,52
59,18,51
40,17,35
6,14,43
37,19,57
44,17,30
2,13,37
12,15,51
56,16,21
11,14,31
61,18,37
32,16,32
6,14,4
5,13,23
3,14,12
14,16,47
25,17,43
1,13,29
5,16,62
41,16,24
43,18,47
4,14,3
30,13,13
50,16,14
33,16,38
26,14,18
24,11,1
32,16,36
23,12,6
57,16,18
22,11,2
25,14,18
52,17,24
47,16,14
31,18,63
58,18,36
63,18,34
7,13,17
57,18,53
34,16,31
29,12,4
42,18,36
29,18,51
62,19,59
10,13,13
30,18,58
29,13,12
15,16,52
23,16,39
30,15,26
46,18,38
7,14,44
20,16,60
38,18,47
57,18,46
52,18,36
8,13,28
31,12,9
29,18,55
35,17,42
49,18,38
5,16,59
57,17,26
31,14,22
60,19,62
57,15,6
17,12,5
38,19,56
37,14,10
33,13,5
53,17,26
30,13,9
51,16,16
16,13,18
49,19,52
26,18,51
25,13,11
35,14,15
28,14,21
52,19,61
26,17,60
7,14,30
7,13,30
27,18,63
59,17,25
51,18,34
40,19,50
19,17,43
16,12,4
54,17,29
58,16,20
2,13,22
42,17,28
41,17,35
13,12,17
25,14,25
18,12,5
13,15,33
40,14,7
32,15,29
11,16,61
16,16,38
56,19,54
37,15,16
25,16,39
25,17,59
26,14,26
30,14,19
63,17,44
60,18,46
51,15,8
28,18,52
23,13,11
30,13,11
47,16,20
42,15,20
49,15,9
20,17,45
49,18,40
42,15,21
44,19,56
11,15,53
40,19,51
25,13,10
61,17,30
31,18,56
42,18,40
59,18,49
20,13,18
30,12,5
59,15,9
8,14,4
18,16,44
18,16,57
38,14,11
13,15,38
45,16,25
1,14,41
42,18,47
35,18,58
34,13,7
38,16,29
14,15,38
40,15,13
2,16,59
9,13,28
33,14,16
44,15,5
45,16,19
22,15,31
26,11,3
17,14,30
50,18,45
15,15,48
36,14,15
48,15,5
2,14,3
7,14,5
24,15,29
2,13,35
42,18,39
32,17,40
8,14,39
21,17,61
48,17,33
21,17,50
27,14,15
57,18,47
37,15,22
42,19,50
10,16,63
10,15,41
20,13,21
46,19,48
34,14,8
38,18,42
21,13,14
62,18,44
35,15,23
20,13,22
46,15,7
53,19,63
11,15,40
28,17,45
5,13,14
48,16,20
11,14,29
20,14,22
50,16,19
63,18,35
1,14,10
9,14,37
58,18,43
54,19,48
47,15,6
9,14,40
22,11,3
16,14,23
4,14,2
28,14,22
11,12,15
56,16,9
60,17,24
54,15,6
34,14,14
59,19,56
11,15,55
26,16,37
1,13,37
39,18,40
45,19,58
25,17,40
14,13,20
32,15,31
40,17,37
47,15,4
10,12,14
36,14,11
6,16,61
11,13,8
61,15,1
11,15,51
16,16,37
44,15,15
17,13,2
15,16,41
13,13,20
15,15,30
28,18,63
20,17,46
51,19,55
2,14,38
46,19,60
63,15,1
58,19,59
30,15,34
16,15,33
56,18,39
10,14,30
58,18,35
59,18,41
39,15,23
24,15,31
48,19,56
49,18,32
41,13,1
59,18,30
40,13,0
29,16,38
34,18,53
38,14,10
40,19,58
50,19,54
42,18,37
10,14,4
52,16,19
27,13,10
20,17,55
25,17,58
7,15,52
55,18,42
55,17,28
38,18,41
2,16,58
28,16,37
19,17,45
58,16,16
1,13,33
13,15,42
3,14,46
48,16,16
1,14,1
44,15,4
19,17,48
19,13,22
19,16,54
42,17,29
63,19,60
25,13,13
61,16,17
48,16,14
9,13,12
62,18,56
35,16,29
22,12,10
62,16,10
35,15,18
62,18,49
20,12,7
61,16,15
59,17,20
24,12,4
62,18,50
61,18,54
31,15,33
48,17,29
10,13,4
12,15,48
60,18,50
58,17,28
25,13,21
33,16,37
11,12,13
6,13,19
32,16,31
37,17,33
16,16,47
34,14,12
53,17,23
44,18,47
12,14,25
57,19,52
3,13,34
47,17,34
24,18,50
35,15,17
57,16,21
13,16,57
15,14,29
49,19,48
47,16,16
33,15,29
13,15,46
9,15,42
45,15,8
16,13,0
2,15,57
3,14,43
62,18,55
1,15,53
20,14,28
18,16,63
3,13,21
59,15,2
59,18,55
58,18,47
61,15,4
42,15,15
52,15,4
14,15,45
6,14,8
46,19,49
39,18,44
56,18,47
31,14,15
1,13,36
22,13,17
1,14,4
4,13,35
20,16,36
8,15,57
53,17,31
14,15,40
24,14,25
29,16,39
4,15,55
43,19,62
26,18,50
10,15,38
6,14,1
41,18,41
49,19,58
60,16,11
58,19,58
32,18,48
52,19,51
30,18,49
56,15,7
18,16,62
15,13,2
44,15,12
35,18,54
62,17,31
61,18,55
5,13,10
37,18,41
15,15,40
30,16,38
26,14,25
30,13,8
47,15,11
44,16,17
59,16,17
3,13,19
31,14,17
54,15,7
16,12,15
61,15,9
2,13,26
42,15,19
39,16,25
40,17,36
31,18,50
45,18,41
26,14,16
7,13,21
14,15,48
20,16,63
27,18,53
22,17,41
51,17,26
50,15,11
46,19,46
35,18,46
20,17,48
18,13,0
43,15,8
26,14,14
55,19,58
42,16,28
33,18,63
30,13,5
50,18,43
61,17,25
18,12,12
52,17,22
46,16,22
9,15,43
18,12,6
55,18,41
27,14,16
62,15,1
37,16,28
14,15,46
13,16,60
36,17,39
50,17,30
18,16,42
29,12,3
58,17,25
30,12,9
7,13,31
24,17,60
29,15,31
37,17,39
17,16,63
16,15,36
24,14,26
9,13,21
10,15,55
7,13,22
34,18,60
41,19,49
51,17,31
44,15,11
38,19,53
33,13,11
7,14,43
56,18,41
28,17,41
23,16,40
36,18,43
57,18,43
47,19,62
47,19,51
4,13,34
35,15,21
50,19,51
16,12,9
62,15,10
38,16,23
6,14,32
41,16,29
12,13,5
7,14,37
37,17,38
3,13,22
13,13,8
6,16,59
45,15,7
22,17,57
47,19,59
19,13,21
52,17,27
47,18,37
40,19,57
36,19,57
0,13,35
20,17,43
8,15,52
43,18,42
0,14,2
34,12,0
6,14,47
38,18,52
1,14,9
1,16,63
2,14,41
56,16,18
56,18,32
48,19,49
33,18,58
15,15,49
40,14,3
3,14,44
41,17,38
32,13,1
9,15,37
19,17,46
14,13,8
35,17,35
44,19,51
19,17,49
24,13,8
2,15,55
34,18,55
22,13,18
8,13,7
57,16,16
54,16,20
54,17,27
45,16,26
32,18,56
15,15,51
27,13,13
61,18,36
41,14,2
12,15,55
39,17,34
3,16,61
39,19,54
6,13,15
26,14,24
36,13,2
2,13,29
8,13,23
1,13,23
8,13,11
11,14,30
40,17,33
41,13,0
32,14,18
24,15,32
22,16,40
42,19,63
40,17,30
51,17,29
33,13,7
9,15,47
52,17,25
5,13,31
11,15,33
59,16,18
58,18,52
39,16,22
11,12,17
55,15,3
9,13,25
51,19,61
16,13,16
12,16,59
54,16,10
36,14,4
28,12,4
10,15,36
32,13,8
32,14,19
54,16,12
18,12,11
25,17,48
27,18,50
44,15,16
14,16,57
12,15,34
32,18,49
47,18,42
55,15,8
20,12,0
41,18,38
15,12,15
46,16,25
61,18,47
33,15,23
7,14,32
45,18,37
58,18,48
13,16,55
51,18,33
46,14,2
43,14,6
1,14,15
24,18,49
9,12,18
9,12,17
23,13,13
2,14,11
55,17,22
60,19,63
0,13,34
38,14,6
43,19,56
59,18,48
56,17,28
19,12,4
11,16,58
19,12,9
45,19,48
31,16,35
1,13,25
58,18,37
19,16,47
39,16,29
15,12,13
53,18,38
44,18,46
38,15,13
57,18,38
51,15,7
33,14,17
8,13,13
42,17,32
41,15,8
18,12,3
2,14,50
41,15,18
31,13,11
51,16,18
9,16,58
28,15,33
54,19,59
55,19,55
8,14,1
47,19,58
57,18,37
26,16,38
21,13,11
15,13,17
43,17,35
35,16,31
28,13,11
5,14,43
24,17,49
21,15,33
57,16,13
31,16,38
51,17,23
37,15,19
16,12,12
54,16,21
32,13,13
12,15,50
0,14,5
0,15,55
60,18,35
14,16,60
39,17,38
23,13,19
3,16,58
7,15,49
42,19,55
32,18,59
4,13,30
6,15,53
47,18,43
43,16,23
51,18,44
6,14,33
33,14,19
38,17,39
56,16,8
34,15,29
10,16,57
30,18,61
22,17,52
46,19,52
17,12,10
19,12,11
32,17,43
58,18,55
17,13,19
37,14,13
13,13,6
29,16,34
56,16,12
37,15,24
46,15,12
45,15,17
27,14,17
19,17,47
15,15,36
52,15,8
48,15,8
2,13,15
17,16,44
60,15,8
56,17,24
12,12,17
13,16,63
10,15,43
45,16,21
14,13,18
26,18,53
38,14,12
0,15,54
33,13,13
45,19,59
45,18,36
32,15,24
51,16,15
60,18,42
48,19,63
51,16,12
36,15,24
61,17,24
19,16,43
36,17,37
63,17,46
25,13,8
7,13,29
59,19,61
34,19,62
61,16,12
31,14,13
19,12,7
13,12,12
48,18,39
41,17,28
35,13,4
55,19,50
47,15,12
51,17,22
35,13,1
7,15,53
14,16,53
13,15,56
33,14,9
31,15,22
14,16,41
26,14,13
44,19,62
62,19,56
6,14,37
9,15,55
46,18,41
17,12,8
58,19,62
37,16,33
55,18,35
44,18,40
25,14,16
55,19,57
7,13,8
1,15,56
2,13,20
6,13,28
27,14,19
55,19,59
40,18,38
33,13,4
62,18,38
44,16,27
40,14,4
47,19,52
6,14,5
48,18,41
58,16,15
12,12,14
17,12,12
61,15,8
61,19,59
53,18,31
56,18,40
13,14,25
15,16,50
20,14,23
59,16,9
5,13,30
25,11,4
38,14,5
39,15,15
30,14,21
47,15,10
54,17,30
5,14,8
44,17,34
26,13,12
34,17,40
43,18,38
44,19,54
10,13,14
10,14,34
39,19,59
40,19,56
56,16,15
63,19,57
52,18,43
38,14,4
28,18,60
22,13,9
35,14,10
62,15,8
23,13,9
32,15,30
56,17,22
8,14,47
10,12,13
39,19,52
60,18,57
51,15,0
16,13,2
15,16,58
8,15,49
31,16,39
28,14,23
4,14,34
6,14,39
19,15,29
47,17,25
39,15,10
16,16,53
50,16,23
60,15,5
62,18,42
31,17,41
49,16,15
13,15,53
21,12,7
27,18,49
2,14,40
19,16,57
21,14,26
41,17,29
16,16,49
2,13,32
14,15,35
55,15,6
40,16,26
26,14,23
6,13,8
17,16,58
39,13,1
63,15,3
16,13,4
43,17,32
15,16,59
10,14,29
35,18,49
38,19,55
22,12,8
43,19,55
15,13,6
26,16,39
52,16,16
40,18,46
52,17,29
34,16,36
35,18,53
33,18,52
52,16,20
13,15,41
62,19,60
34,16,34
40,17,32
20,15,32
15,12,12
60,15,6
45,17,30
36,17,40
31,15,34
16,13,22
42,14,2
26,14,28
35,16,33
56,18,42
12,15,54
27,16,39
19,12,13
29,14,24
51,17,24
2,13,14
60,15,9
17,16,40
31,14,23
20,16,42
52,19,48
27,14,28
36,17,34
30,18,48
5,13,21
40,17,39
5,14,48
3,15,49
9,12,15
38,19,57
17,16,61
60,15,1
0,14,12
49,15,8
28,13,10
20,13,13
21,16,39
14,16,45
42,14,3
21,17,48
27,15,33
15,16,40
15,13,5
37,14,15
36,18,54
56,18,43
62,18,39
28,14,16
10,12,15
5,15,56
14,13,4
48,17,27
4,15,53
24,17,53
0,13,30
22,13,21
54,15,0
8,13,10
32,18,50
7,14,34
44,18,42
42,18,43
52,16,21
6,14,38
58,18,40
50,19,60
13,15,49
36,15,23
34,14,16
55,17,23
27,18,62
53,18,42
18,12,15
53,18,44
41,14,3
53,15,4
21,11,4
57,18,31
35,17,44
35,13,2
50,18,42
49,19,47
4,13,24
1,14,39
7,15,47
32,13,9
28,14,15
7,14,6
9,15,52
62,17,26
40,18,45
23,12,8
4,14,7
34,19,59
43,15,12
2,13,31
63,15,8
6,14,7
13,13,23
27,16,36
45,18,40
46,17,26
11,15,48
40,14,6
26,14,22
55,18,44
4,14,5
23,15,30
36,17,43
26,11,5
43,16,24
55,18,45
4,14,4
62,17,33
56,19,50
41,18,44
14,14,32
21,17,52
46,16,23
62,15,4
0,13,21
40,15,18
33,18,60
42,15,10
11,15,36
55,18,37
54,15,9
1,13,22
51,17,25
49,17,32
6,14,6
27,14,20
44,18,35
16,16,61
63,16,13
48,18,40
44,16,24
39,15,16
28,14,19
28,18,58
58,19,54
53,18,35
47,17,27
54,19,62
55,17,25
10,16,62
52,19,58
53,17,22
29,15,26
3,13,35
47,17,28
1,14,50
50,18,35
17,13,22
62,19,63
5,14,34
0,14,13
6,14,45
43,19,57
6,14,34
30,14,16
33,13,1
51,19,54
17,12,4
21,16,58
7,13,28
14,15,37
25,17,61
8,14,32
22,11,5
31,13,12
26,13,8
38,13,0
4,14,11
23,13,22
28,16,39
0,13,31
49,16,24
57,18,42
4,14,1
21,16,38
31,16,41
33,14,7
12,12,9
34,18,62
12,13,8
19,16,37
25,17,52
18,15,36
9,15,36
10,15,39
50,15,5
44,19,49
49,15,10
61,16,18
35,19,57
13,12,10
31,18,55
8,13,9
15,12,14
7,16,61
49,19,63
59,19,59
7,15,48
8,14,34
36,19,62
57,17,30
6,16,62
17,16,54
8,14,31
55,19,61
23,13,20
49,16,13
35,16,34
40,15,15
48,19,51
18,12,2
30,15,29
14,13,21
25,14,17
22,17,50
53,19,49
41,16,22
35,17,45
28,18,55
51,16,21
49,19,49
40,18,48
27,18,54
32,16,35
61,18,48
1,13,19
49,19,51
47,18,35
20,13,14
19,12,12
44,16,25
32,13,11
59,18,31
12,13,3
37,14,5
46,19,51
12,12,12
50,15,4
0,13,37
53,15,9
54,19,63
34,17,41
27,17,43
62,16,12
59,15,3
11,13,17
39,18,46
17,16,53
50,17,25
54,19,47
25,17,44
30,18,62
33,13,0
22,17,51
56,19,58
5,14,32
55,18,46
20,13,20
23,12,1
33,16,40
25,17,54
47,18,38
52,17,26
4,14,36
35,19,59
14,13,1
21,15,30
46,14,1
58,16,11
1,13,20
24,11,3
22,16,62
17,14,26
45,19,55
59,19,57
50,16,16
35,14,14
32,16,38
62,16,13
26,16,34
0,14,4
3,14,0
2,16,60
14,15,49
27,11,4
57,15,9
33,17,43
53,19,46
23,17,60
52,18,39
63,16,17
61,18,52
46,16,20
23,17,43
12,16,60
40,15,8
11,16,57
6,14,36
16,16,43
40,19,59
32,15,22
4,13,13
14,15,53
14,13,0
60,16,9
45,17,32
17,12,13
33,18,54
36,18,48
5,14,36
5,14,1
60,16,16
41,15,7
58,19,55
56,18,33
18,12,1
24,14,22
57,17,31
45,15,11
33,13,2
27,18,47
44,19,48
53,17,30
49,19,46
17,13,18
22,17,42
35,17,37
37,16,29
57,19,59
30,18,56
19,16,49
17,15,29
62,17,21
20,13,19
50,19,58
55,18,49
25,17,50
20,14,24
52,18,46
20,17,57
37,14,11
48,18,33
6,15,48
26,17,62
52,17,28
22,12,0
29,18,54
54,18,36
3,14,41
20,11,6
0,16,59
7,14,45
50,15,9
17,15,32
19,13,20
52,15,6
59,16,11
47,15,13
56,15,5
27,17,61
27,12,6
33,15,24
25,15,28
54,18,42
10,14,0
26,12,5
55,16,17
32,18,57
47,19,55
11,13,12
17,16,48
46,15,3
28,12,8
9,13,23
40,18,50
62,15,0
61,17,28
46,18,42
59,18,47
7,13,20
31,18,60
29,18,59
44,15,10
10,14,31
57,18,48
58,17,30
2,16,63
54,19,61
4,16,61
3,14,1
44,15,6
53,19,58
6,15,49
43,18,37
9,14,39
7,13,16
3,13,14
19,12,6
60,17,27
9,14,5
52,15,2
44,19,58
6,13,13
22,12,5
22,17,62
27,17,40
16,14,26
52,15,9
10,15,52
4,13,21
55,15,2
63,19,62
20,12,13
19,17,52
11,15,58
28,11,2
21,11,2
18,12,16
5,15,51
47,16,26
58,18,31
15,13,16
47,19,60
29,11,0
49,16,21
20,17,53
41,17,37
25,15,34
40,18,51
43,15,7
19,16,58
38,15,15
16,16,48
13,13,22
46,19,59
59,17,22
43,16,21
3,14,45
40,16,22
1,14,7
46,18,35
51,15,4
23,15,29
44,14,0
46,17,34
23,17,40
25,16,35
51,15,1
8,14,37
37,14,9
10,15,37
17,15,31
53,15,2
21,13,22
31,13,9
40,13,1
12,14,28
47,14,1
52,18,45
21,11,6
22,12,6
50,19,48
34,19,61
3,14,9
53,15,6
36,16,30
63,18,47
26,18,55
1,14,45
5,13,16
3,15,54
37,14,4
14,14,26
19,16,46
39,19,56
50,19,49
20,12,10
23,17,61
2,15,58
43,18,44
24,17,41
42,18,48
23,14,26
25,18,55
9,15,49
8,14,46
44,17,31
57,17,25
8,14,5
5,13,9
1,14,38
38,18,48
41,15,13
39,18,52
24,16,39
47,19,47
63,18,39
31,12,8
27,12,4
38,18,50
1,13,14
38,16,26
47,15,3
61,18,32
63,17,47
51,19,46
5,14,2
17,14,23
38,15,22
32,15,28
29,14,18
0,14,41
16,16,62
23,17,56
7,15,51
54,19,55
20,11,4
3,13,32
19,12,15
37,18,45
14,16,56
14,14,25
29,14,17
53,18,32
3,14,7
2,13,12
12,13,10
36,17,35
48,17,32
40,15,10
63,16,18
25,17,55
52,15,7
3,14,40
38,18,49
30,15,25
4,15,50
6,14,42
42,15,7
27,14,29
31,14,16
49,19,53
32,17,42
4,13,20
12,13,26
16,12,7
32,18,51
39,17,39
20,17,49
7,14,36
5,15,54
52,18,44
46,17,29
62,18,53
51,16,13
21,13,16
29,15,34
22,17,55
20,12,3
13,14,27
62,15,5
32,18,55
24,14,24
49,14,1
32,12,2
12,14,2
26,17,40
28,18,61
57,15,5
23,17,55
37,19,60
15,16,56
34,15,22
60,18,45
29,12,5
25,15,32
18,16,47
19,16,40
50,14,0
30,15,35
26,18,47
9,13,17
51,15,2
56,18,48
22,15,32
4,13,31
55,18,38
45,15,13
35,14,7
19,13,16
54,17,24
20,16,37
41,15,21
53,16,17
4,14,45
34,18,59
6,13,11
55,16,10
37,14,6
16,12,16
6,13,16
31,18,47
20,13,15
36,14,13
61,16,19
39,14,4
57,15,4
33,18,57
61,17,26
63,18,49
62,18,41
7,14,40
31,16,40
15,14,30
43,17,33
63,15,2
8,14,0
40,19,53
10,14,35
38,18,53
33,16,33
26,18,54
11,15,38
33,17,47
42,16,23
8,13,15
30,13,10
49,18,42
58,15,3
16,12,11
31,17,45
5,16,58
21,15,28
24,14,27
35,15,19
41,14,6
23,13,21
3,14,36
56,15,4
9,13,24
21,16,41
60,15,3
41,18,46
25,11,3
26,15,33
17,15,30
26,18,60
3,15,52
42,15,17
11,13,19
54,18,31
57,17,20
52,17,31
45,14,2
0,13,17
30,14,15
21,16,37
41,17,30
35,14,17
15,16,55
12,16,57
60,17,25
56,16,13
0,13,20
59,18,33
57,18,50
28,14,26
6,13,24
36,17,38
63,18,40
50,16,15
19,16,50
9,15,45
25,14,15
10,15,40
33,13,8
36,17,44
63,15,7
1,14,13
8,16,61
22,15,30
2,14,47
6,13,23
63,18,42
27,14,14
62,15,9
12,15,35
60,18,38
19,16,55
59,17,30
5,13,29
3,13,33
2,16,62
55,19,63
61,15,5
0,14,6
26,12,4
13,16,58
32,14,16
55,15,4
62,15,6
16,16,52
43,16,28
53,16,12
38,16,28
10,15,34
37,16,34
8,14,41
6,15,58
21,17,60
18,13,2
46,19,54
30,17,40
48,19,55
42,19,59
60,17,23
55,17,26
47,18,40
22,17,43
24,17,57
34,18,57
56,17,26
27,17,44
44,19,55
12,15,42
30,18,47
56,18,35
49,19,50
13,13,4
41,18,50
45,19,52
2,14,37
25,13,14
13,15,52
29,17,41
24,17,43
30,16,36
51,19,56
14,13,5
11,12,12
56,18,31
36,16,34
11,13,6
20,17,51
25,17,62
36,18,55
49,19,54
21,14,22
37,18,52
7,13,24
9,15,56
42,19,62
48,18,45
47,16,17
8,13,26
53,17,24
45,16,20
25,13,19
22,15,33
50,16,13
10,13,20
51,18,32
63,17,33
38,17,32
12,15,57
48,19,50
18,13,18
63,17,22
57,18,51
41,14,0
55,18,39
18,14,22
49,18,35
47,16,15
15,13,22
60,18,44
47,18,36
37,14,14
6,14,46
25,18,48
50,19,52
42,17,34
14,16,52
30,18,63
29,14,27
50,16,10
49,18,39
63,17,34
30,17,42
29,18,56
26,18,49
39,18,43
58,18,44
58,18,49
1,15,58
20,16,61
2,14,9
10,13,15
16,16,59
36,17,41
17,14,24
30,18,57
9,15,50
34,14,11
15,13,18
52,19,63
1,14,3
36,19,60
2,14,7
48,19,58
32,13,10
60,19,56
33,17,46
33,16,32
1,14,43
14,16,46
41,17,36
34,19,60
59,18,46
31,14,18
59,15,7
26,14,19
15,16,46
57,17,22
21,15,29
29,12,8
11,13,2
62,17,32
12,13,1
63,17,20
4,14,46
15,16,48
57,17,24
34,16,29
7,14,48
10,13,27
36,16,32
14,13,6
47,15,14
61,18,43
13,12,9
60,19,58
37,14,8
63,17,32
4,13,10
14,12,12
12,13,20
35,15,22
0,13,38
50,16,18
24,13,21
24,18,51
31,13,3
26,17,48
25,14,22
45,17,35
7,13,25
46,14,3
7,13,12
9,14,0
37,14,17
4,15,56
30,14,13
34,17,46
35,14,12
4,13,27
48,15,2
41,18,42
8,15,58
51,16,22
28,12,1
9,14,31
22,17,49
46,18,39
18,16,52
57,18,36
37,17,35
36,14,7
21,14,23
20,12,1
56,19,55
41,15,19
19,15,36
19,13,18
34,13,4
18,16,38
23,14,28
15,16,39
39,18,51
42,19,54
6,14,44
9,15,51
17,12,15
2,14,49
52,19,50
41,19,57
4,13,12
15,16,49
9,16,61
11,13,22
33,14,14
58,15,1
46,17,33
15,14,28
38,14,9
25,15,33
4,13,26
43,14,4
24,17,42
54,18,39
54,17,23
27,11,3
39,17,31
11,13,21
42,16,24
8,15,53
10,15,35
22,13,22
27,14,18
33,17,41
2,13,27
24,17,61
13,15,57
8,15,46
24,15,28
18,14,29
59,17,26
31,18,52
37,17,43
0,13,14
20,16,35
12,16,62
48,18,44
21,11,3
18,14,25
17,14,28
29,12,7
32,18,54
16,13,5
9,14,33
22,17,54
22,13,20
11,16,63
62,17,22
1,13,27
55,19,51
52,16,17
21,12,5
33,16,36
37,15,17
24,15,34
56,18,34
24,13,13
63,18,44
22,17,40
59,18,56
37,19,59
28,12,5
35,18,52
7,14,41
42,19,57
11,15,43
36,19,59
44,17,35
41,17,34
15,12,8
63,18,51
19,17,50
45,16,16
50,17,32
46,19,53
38,14,7
33,17,39
25,12,4
50,19,46
3,15,51
9,14,1
17,14,29
18,16,53
39,19,62
21,12,0
36,17,42
12,15,37
51,17,28
2,13,30
53,17,27
37,14,7
20,13,11
54,19,54
62,18,37
41,19,62
7,15,50
18,13,1
57,18,39
40,19,63
32,16,40
22,12,2
11,15,52
19,14,24
30,15,31
12,15,38
39,15,14
29,16,35
59,16,10
32,16,34
59,16,20
40,18,39
7,14,4
24,13,17
24,11,2
14,16,48
34,13,10
55,18,50
9,14,41
43,15,5
31,14,19
8,13,5
34,17,44
26,18,58
20,12,6
38,18,46
17,16,59
12,12,15
27,13,8
41,15,22
43,16,27
37,16,31
56,15,8
36,16,31
9,13,7
40,14,2
46,15,6
51,19,47
10,15,57
39,17,36
4,13,29
39,17,37
14,15,39
61,18,35
21,14,25
39,16,30
26,18,56
63,18,54
20,17,54
61,19,62
6,14,41
55,17,27
33,18,53
13,13,18
37,19,61
31,18,58
24,13,9
32,14,15
37,16,30
22,13,19
7,15,55
7,14,7
53,19,55
61,18,41
6,15,50
28,14,14
24,12,5
52,16,10
21,17,45
45,18,43
11,13,7
2,14,5
29,18,63
46,16,18
29,15,35
9,13,27
52,16,9
28,13,13
30,17,43
52,15,0
60,15,0
10,15,51
43,15,10
17,16,62
55,18,32
57,18,52
4,14,41
49,17,31
30,15,24
21,13,13
48,17,25
40,18,42
57,16,11
6,14,48
61,18,49
0,14,43
39,13,2
18,15,34
11,15,34
3,14,6
42,18,41
60,18,41
36,16,27
53,15,3
36,14,14
29,14,25
52,19,59
15,12,7
13,13,24
15,12,11
38,17,35
61,16,20
59,17,28
35,16,32
15,15,31
43,19,49
31,18,53
19,14,27
29,18,62
56,15,3
52,19,62
48,18,37
19,15,34
55,17,30
59,18,42
27,15,30
46,17,28
18,16,48
34,17,39
47,18,34
38,16,30
30,16,40
32,13,7
30,18,54
58,16,12
16,16,39
10,14,33
33,15,30
51,19,53
36,15,20
62,18,34
49,17,29
39,18,42
8,13,6
49,15,0
57,19,57
46,16,24
6,14,49
8,14,2
18,12,8
25,12,8
44,17,32
60,18,55
27,14,27
44,15,8
28,15,29
18,15,33
42,19,56
30,18,50
40,16,30
38,16,31
26,18,52
55,15,7
62,17,27
6,13,12
34,14,19
63,18,33
28,14,24
43,19,48
2,14,2
18,14,28
16,16,60
8,15,45
29,14,14
60,16,13
5,13,27
62,17,23
55,16,12
34,18,45
8,14,45
12,13,7
13,14,24
35,18,50
6,15,57
53,19,52
36,19,58
44,14,4
47,19,56
43,18,43
42,14,1
34,13,2
2,15,51
43,15,18
63,17,30
61,18,51
13,14,0
57,16,10
41,15,11
57,18,49
40,19,54
25,14,20
34,17,42
49,18,37
2,13,16
12,15,43
56,16,16
57,17,23
23,16,36
16,14,24
47,19,45
16,16,42
1,15,57
0,13,22
5,13,32
5,16,63
5,15,50
41,15,16
13,13,7
4,15,57
24,17,45
16,14,25
43,16,22
1,13,30
41,19,63
31,13,5
58,16,8
23,14,27
2,13,18
57,16,20
19,15,35
28,16,35
2,13,17
63,18,43
1,13,31
56,16,11
37,18,43
26,17,47
10,13,21
14,15,47
19,11,6
10,14,28
51,19,45
46,19,47
3,14,8
9,16,62
63,17,28
50,17,24
9,16,59
3,13,11
22,16,61
14,14,23
47,16,18
63,15,10
21,16,63
31,16,37
18,16,43
46,18,45
17,13,21
33,17,45
3,14,48
44,15,13
54,18,34
41,15,6
33,17,40
63,17,43
42,16,21
12,15,46
50,19,50
31,14,24
37,19,56
58,17,22
23,15,28
41,18,37
34,13,0
21,12,8
62,18,51
12,14,26
14,12,10
17,12,16
42,15,18
59,17,29
59,19,60
15,12,10
53,17,25
3,13,12
37,16,27
37,13,3
44,19,50
55,19,56
1,13,28
5,14,6
45,18,34
2,13,38
45,19,56
17,16,47
29,14,13
62,18,47
47,16,19
49,16,14
39,16,28
6,13,32
41,18,39
34,17,43
34,18,48
11,15,44
3,14,37
52,16,13
0,16,60
17,12,14
10,13,11
30,18,59
29,15,28
35,14,9
20,16,51
2,14,13
17,12,2
25,18,54
20,13,17
41,17,33
41,16,26
53,16,21
52,18,37
59,18,35
37,18,49
3,13,28
34,15,28
38,19,59
36,19,63
15,16,45
29,13,11
22,17,56
27,14,22
57,19,63
10,15,48
43,14,0
38,17,31
15,13,1
60,16,15
50,19,63
46,19,55
26,17,58
8,14,44
3,14,49
43,19,53
32,18,47
47,18,41
5,14,41
32,13,6
1,13,15
38,19,58
19,16,41
53,16,13
44,19,63
62,19,58
62,17,25
16,12,14
11,13,13
30,16,39
22,15,28
49,17,24
8,13,19
57,18,33
32,14,20
49,19,55
37,16,26
17,16,43
41,18,48
61,16,13
0,14,42
7,14,39
23,11,1
5,14,4
8,16,63
45,18,39
52,19,49
16,15,39
14,15,55
34,19,58
37,19,62
54,16,18
1,14,5
43,17,36
58,16,14
11,13,3
5,16,60
18,12,14
22,12,9
58,18,42
36,15,18
3,14,4
39,18,50
45,18,44
13,14,28
45,18,46
57,17,29
44,17,29
4,13,16
46,17,27
35,18,56
60,18,36
3,15,56
23,11,0
34,15,18
21,16,34
60,17,28
19,15,33
62,16,20
27,16,38
50,17,29
58,19,60
50,19,47
46,16,14
5,13,18
60,18,52
21,17,44
22,16,35
3,14,5
47,16,23
17,12,9
39,16,23
42,19,49
49,19,60
12,15,52
30,18,52
25,18,51
6,15,54
56,17,31
3,13,18
63,18,55
51,15,10
14,13,7
55,16,19
28,17,46
20,17,50
1,14,44
23,12,9
45,16,18
27,17,41
6,13,22
46,18,36
48,17,28
58,17,24
4,16,62
60,16,19
0,13,25
48,18,36
46,18,40
31,13,6
54,18,46
46,16,15
13,13,3
23,17,45
39,14,10
18,12,7
40,17,29
35,16,37
5,13,28
34,13,11
44,15,19
20,16,57
54,18,38
40,16,29
13,14,26
28,17,63
33,18,47
59,15,8
4,14,38
31,15,30
1,14,14
26,13,9
60,16,10
2,14,42
4,14,49
19,14,22
27,16,37
17,15,37
57,15,3
34,14,13
44,19,60
25,17,45
9,15,40
17,16,42
38,18,54
28,17,44
20,16,41
15,16,42
4,13,32
18,12,9
34,16,38
11,15,37
29,18,48
6,13,14
49,16,22
19,12,8
25,14,21
42,15,8
25,12,6
1,13,39
43,19,63
12,13,25
44,15,17
39,18,53
59,17,27
19,15,30
38,17,36
41,19,56
14,14,31
27,18,56
47,17,26
36,15,19
6,14,40
59,18,40
4,14,0
32,15,26
41,18,49
30,13,12
20,15,29
29,14,21
35,15,25
41,16,23
37,18,46
27,18,61
45,17,33
21,17,46
52,18,41
54,15,2
7,14,46
60,18,34
21,14,24
32,16,41
17,14,25
12,13,23
14,14,30
39,18,39
21,13,10
39,18,49
36,18,47
50,15,3
61,18,50
29,12,6
54,17,26
8,14,6
24,17,51
55,16,15
13,13,17
5,14,9
35,17,41
44,16,20
8,15,42
38,18,55
4,13,22
50,19,55
43,17,30
43,17,31
15,13,24
60,19,61
57,18,30
25,13,16
11,14,34
57,16,14
36,14,5
53,17,21
48,19,57
24,16,35
52,19,55
23,17,42
40,16,25
46,16,21
40,17,34
36,14,12
36,14,10
13,13,21
28,13,9
37,16,24
39,18,41
16,13,17
58,18,50
54,18,35
44,19,53
61,18,45
9,15,57
25,14,27
50,15,8
26,18,59
26,13,10
36,18,46
53,16,11
7,14,42
31,14,20
10,13,18
43,15,17
4,13,11
55,17,21
54,19,50
36,18,51
19,16,45
3,13,36
49,19,45
24,13,11
34,18,52
41,19,50
16,14,30
44,19,57
19,14,25
0,13,18
49,17,25
36,18,53
51,16,17
36,13,1
38,16,32
15,15,33
21,17,59
60,17,30
24,15,33
35,18,57
39,15,11
25,17,41
18,16,59
24,14,28
56,18,52
12,14,1
58,17,21
37,18,53
40,15,17
5,15,57
56,17,21
36,16,25
15,13,19
36,15,26
5,14,47
6,14,0
9,14,42
47,18,46
5,13,8
44,18,48
10,13,8
55,18,33
22,17,47
35,17,39
40,15,9
44,18,38
4,14,10
20,12,2
10,15,46
11,13,5
34,16,39
46,19,61
21,13,19
24,17,52
28,15,34
21,16,36
45,17,31
48,18,38
22,17,63
55,19,49
3,13,25
18,16,61
35,13,3
44,16,18
20,16,40
27,17,42
63,19,58
43,15,14
49,15,2
10,16,60
51,16,10
31,16,36
13,12,16
54,18,37
16,12,5
48,19,45
46,15,9
62,18,54
32,14,22
35,16,27
61,18,46
60,18,53
1,13,32
40,19,55
5,13,12
51,18,39
18,12,10
43,19,61
28,16,36
26,17,44
28,14,28
61,18,53
26,14,15
63,17,25
48,15,10
5,14,37
26,16,36
54,17,22
4,16,58
21,15,34
58,18,38
43,15,9
21,16,35
26,13,15
22,16,41
51,19,51
0,16,61
32,14,14
19,17,51
24,13,10
6,13,17
13,16,59
11,14,1
32,17,45
57,15,8
1,14,49
63,18,52
5,13,11
56,19,52
62,17,20
40,17,31
25,16,36
18,16,60
42,17,35
50,18,40
40,18,43
26,12,6
36,13,0
23,17,57
31,12,1
50,18,34
60,18,49
53,16,18
63,18,45
43,19,60
1,16,61
27,18,52
34,13,3
28,15,31
18,14,24
43,16,26
0,14,9
55,16,14
59,16,16
53,19,53
16,16,54
2,15,50
21,12,4
32,18,53
58,19,63
59,15,5
34,15,27
31,13,7
13,13,1
3,13,16
9,14,36
13,14,29
26,18,57
0,13,29
6,15,56
25,15,29
7,13,13
38,14,13
60,18,48
46,16,26
18,13,21
26,17,43
12,15,45
55,16,9
61,18,31
6,13,9
42,14,6
52,17,23
37,18,47
42,18,45
47,19,50
40,18,52
38,14,14
23,16,34
61,16,16
13,15,54
23,12,5
13,13,0
1,15,52
22,13,16
30,17,47
27,18,55
30,16,41
47,17,32
14,13,16
11,13,25
60,18,32
4,14,47
56,16,19
19,16,38
27,17,46
17,16,57
43,19,52
51,19,49
9,13,9
25,12,7
11,13,9
1,15,54
33,17,42
38,13,1
45,17,34
25,13,20
22,14,22
55,15,0
0,13,26
1,14,46
61,15,7
25,11,2
35,16,28
27,12,5
58,16,9
36,19,56
21,12,1
58,17,26
9,13,13
34,17,45
24,16,38
9,14,30
44,14,1
32,14,13
12,14,32
12,15,41
27,16,34
63,18,53
20,16,43
41,19,58
45,15,14
48,14,1
36,16,33
52,15,3
58,18,39
37,18,54
14,15,33
52,16,12
13,16,62
27,18,60
2,14,1
0,13,28
6,13,10
29,18,60
41,16,27
42,19,52
55,15,1
57,19,58
34,18,51
38,19,60
58,18,45
1,14,48
24,13,12
7,13,9
45,19,54
21,15,31
7,14,31
53,19,45
34,14,18
22,11,1
18,15,29
59,16,8
50,16,17
7,13,6
49,16,11
14,12,6
5,14,10
52,19,57
26,14,20
15,15,38
36,18,45
26,13,11
40,16,27
13,15,50
8,15,47
56,19,57
19,15,31
37,17,40
17,16,55
17,15,34
10,14,36
43,18,39
33,18,56
33,15,25
17,12,3
58,18,46
18,15,31
24,17,56
33,18,50
1,13,13
0,14,50
28,16,34
28,13,12
14,15,42
23,13,14
53,19,59
36,14,6
6,13,27
30,17,41
56,18,38
52,18,38
44,19,52
20,11,5
24,12,7
26,11,1
42,18,49
16,15,32
28,18,56
28,14,27
21,17,56
25,15,30
55,16,18
55,18,40
25,17,47
46,18,44
16,13,3
21,17,53
55,18,36
45,15,15
53,15,8
60,18,37
1,13,34
28,12,6
34,16,33
42,15,13
18,15,32
19,13,17
32,18,61
38,16,25
16,14,29
43,18,41
18,16,46
6,13,29
54,15,5
14,16,54
26,11,0
9,14,43
37,17,32
56,15,0
36,13,4
24,18,52
34,15,19
48,16,24
39,14,11
35,16,26
21,13,12
18,16,56
30,14,24
63,16,19
11,15,45
2,14,0
51,18,42
15,15,34
43,16,25
34,13,6
45,19,50
2,13,28
13,12,15
10,16,61
49,18,41
47,18,45
12,14,33
29,14,22
16,14,27
16,12,10
18,13,22
33,13,3
41,18,47
55,18,48
54,18,32
12,13,18
32,17,46
41,19,51
63,17,27
7,13,14
58,16,19
14,15,52
9,14,4
17,14,27
12,13,2
57,18,35
1,13,26
16,13,1
42,16,20
35,15,20
19,16,52
33,13,12
28,18,49
23,11,5
27,11,5
30,14,23
6,13,18
6,16,60
52,15,5
13,15,32
9,13,14
31,14,14
14,15,51
28,16,38
21,14,27
3,14,47
12,13,17
34,16,30
63,17,45
46,16,19
7,13,15
15,12,5
43,17,27
21,12,6
21,12,9
11,13,4
57,17,28
41,15,15
56,16,20
48,14,2
31,18,59
14,13,23
43,17,34
16,15,31
22,14,27
37,18,51
59,16,19
54,19,51
41,16,28
63,18,37
53,15,1
7,15,58
34,16,28
9,13,6
23,12,7
15,12,16
53,16,14
0,15,51
39,14,5
29,14,19
34,18,46
44,17,28
54,17,21
5,14,45
53,17,28
58,19,57
38,16,27
28,12,2
25,18,53
46,15,15
3,14,42
35,14,11
47,19,48
3,14,38
28,11,0
45,19,47
46,14,0
52,16,14
56,19,62
23,17,54
59,18,32
19,16,35
45,19,63
54,18,33
24,13,15
35,16,36
45,19,51
9,14,29
35,18,47
44,17,33
56,15,1
51,16,23
10,14,2
14,13,19
13,12,14
24,17,46
6,14,3
55,18,43
15,16,44
43,15,16
63,19,61
8,14,40
4,13,19
63,17,49
63,18,46
56,17,30
58,17,20
61,18,38
9,13,15
2,14,44
49,17,30
1,13,38
12,12,13
39,18,45
19,16,42
50,15,7
33,14,18
34,16,37
17,16,41
23,15,31
31,17,43
52,17,32
61,15,3
59,18,37
43,18,40
49,16,12
50,15,1
13,15,39
44,15,14
3,15,53
34,18,49
61,18,42
2,14,46
37,15,23
57,15,2
23,12,0
54,15,8
13,15,47
26,18,48
23,17,63
23,15,34
36,18,57
20,16,58
41,18,43
24,16,36
63,15,0
20,16,38
38,19,54
38,14,3
50,18,39
20,17,52
8,15,50
62,16,18
28,17,42
13,14,31
63,15,5
63,17,48
59,17,31
13,15,51
39,19,57
4,13,17
3,15,58
24,13,22
0,13,15
32,18,52
48,15,4
38,15,21
8,14,29
42,18,38
61,19,57
9,16,63
11,15,42
61,17,32
40,18,49
38,15,17
28,15,32
21,15,32
1,13,18
42,19,48
25,18,57
33,15,31
25,18,52
62,18,46
28,18,48
58,16,13
10,13,17
12,13,24
49,15,1
37,18,44
54,18,47
30,12,0
3,15,57
0,13,32
1,16,60
19,16,53
37,19,58
16,16,46
43,19,50
8,14,33
27,15,31
15,13,23
60,16,18
23,17,44
57,18,40
38,13,2
31,12,3
25,16,38
10,15,47
13,13,2
58,17,23
34,14,7
48,19,61
40,14,8
38,15,18
0,16,62
27,18,58
45,14,0
0,14,0
49,16,18
35,18,51
34,17,38
19,12,1
20,16,56
58,18,34
38,17,38
24,13,16
36,15,21
22,17,59
21,13,17
45,15,12
14,14,27
27,15,29
0,14,3
57,15,0
35,17,43
11,13,11
37,13,0
49,19,62
19,15,32
58,16,17
32,18,62
5,16,61
19,16,39
8,15,48
43,15,19
38,18,43
34,18,61
28,18,50
27,14,26
14,16,63
33,13,9
30,12,2
61,18,40
7,13,10
39,15,12
58,15,2
10,15,54
11,15,54
35,14,6
42,15,12
25,11,1
55,17,31
32,16,39
52,16,11
21,17,57
51,19,57
44,18,45
9,15,41
49,17,26
23,17,46
36,15,17
26,15,34
4,14,6
60,15,4
25,15,31
29,17,46
32,17,44
33,13,10
59,16,15
17,16,49
11,15,57
46,19,62
43,15,13
49,17,27
34,16,32
26,17,59
33,13,6
37,19,63
16,16,41
24,17,47
34,18,47
62,17,29
63,16,11
40,15,21
56,16,14
15,14,23
47,16,25
17,16,56
13,16,61
32,16,37
35,12,0
51,18,38
10,15,42
33,16,29
55,16,13
62,18,33
12,12,16
48,16,21
43,17,29
35,18,59
19,17,44
5,14,42
52,19,46
25,13,23
14,15,54
60,17,21
5,14,33
5,13,33
30,18,53
16,12,13
46,15,14
2,15,53
6,13,26
48,17,26
11,14,3
44,16,22
50,17,27
22,16,34
40,15,16
23,13,15
29,17,45
17,15,35
15,14,27
20,12,11
43,15,11
28,14,13
27,18,59
61,17,21
42,19,53
0,13,40
53,18,45
49,17,33
63,17,21
21,17,54
37,18,55
0,14,11
32,15,25
57,16,19
11,14,0
60,18,39
2,15,54
2,14,45
48,16,23
4,14,48
57,16,17
41,16,25
48,15,1
17,13,20
12,15,32
0,14,7
19,16,48
39,17,33
35,13,0
62,16,14
38,17,40
52,18,40
19,16,63
8,14,30
14,13,2
43,16,20
14,14,29
0,13,24
35,19,62
41,17,32
50,15,0
56,18,45
33,17,44
18,16,36
16,15,30
48,19,46
59,18,38
62,16,9
5,13,13
53,19,48
47,18,33
32,15,33
20,12,5
5,13,25
25,13,18
56,19,53
59,19,54
8,14,28
10,13,19
35,16,30
34,14,6
32,13,5
25,16,34
16,15,35
46,18,34
55,16,11
49,16,23
3,16,63
10,13,23
57,17,27
31,18,48
21,17,43
20,12,4
46,16,17
18,13,20
57,16,9
19,14,26
18,15,30
52,18,42
4,14,39
4,16,63
44,18,39
3,14,3
39,15,22
17,13,16
16,12,6
45,18,47
22,17,46
56,19,60
24,11,0
23,17,52
34,15,23
10,13,5
5,14,39
13,13,25
36,16,28
59,18,34
60,17,26
29,14,15
43,16,19
60,17,31
49,15,4
28,12,7
31,15,24
49,18,45
28,18,54
43,19,51
32,13,12
42,17,37
44,14,5
19,14,28
59,19,62
40,19,62
23,13,16
41,15,10
27,18,57
37,17,42
53,16,22
38,18,45
5,13,26
57,19,62
63,19,63
25,12,5
60,16,12
11,12,16
22,16,36
13,15,37
28,17,39
18,16,45
7,13,23
0,15,52
56,19,59
11,13,23
20,17,44
48,15,11
36,14,9
17,13,1
45,19,62
35,14,4
41,15,9
13,15,35
43,14,1
9,15,53
5,13,15
41,19,61
26,14,27
60,15,7
0,13,36
22,13,14
3,13,15
4,13,28
14,13,24
37,17,41
11,14,26
42,13,0
0,14,47
51,19,63
13,15,36
4,13,15
26,15,30
59,16,14
9,14,3
5,13,19
14,13,22
11,15,46
55,19,52
14,14,24
9,15,58
6,13,20
48,19,47
62,17,30
57,19,55
16,12,8
44,15,18
8,13,12
35,14,5
33,18,55
33,15,26
24,14,23
8,16,60
9,14,35
22,15,34
7,13,19
56,18,36
48,15,7
54,18,40
38,15,24
56,19,63
57,19,60
30,14,18
25,18,56
56,19,51
54,16,17
4,14,37
2,13,21
48,16,12
45,17,27
30,14,17
10,12,18
14,15,50
31,18,62
48,15,13
20,16,53
34,19,63
24,17,48
20,14,26
24,13,19
7,16,63
53,18,43
38,15,19
22,17,45
3,14,50
58,15,0
3,13,23
31,15,26
45,16,17
8,16,58
31,17,44
58,17,27
23,11,2
7,14,38
12,15,36
29,15,33
31,15,35
7,16,58
58,17,29
53,18,39
31,15,25
22,12,1
42,17,36
39,14,8
28,14,29
34,13,13
39,19,58
19,16,44
6,15,55
12,13,21
33,15,19
16,13,20
2,13,34
63,17,31
56,17,29
42,15,9
8,13,8
41,19,52
47,18,39
14,15,44
43,18,48
21,17,58
26,17,46
8,15,55
29,12,2
4,15,51
45,15,9
14,12,15
19,13,14
27,17,63
29,17,42
9,15,39
46,15,8
59,17,24
45,17,26
14,12,17
40,17,38
48,16,18
50,16,20
61,18,57
45,16,15
21,16,57
19,11,5
60,18,54
3,13,30
39,17,32
42,19,61
20,17,42
56,16,17
28,11,1
4,13,25
8,13,14
38,16,24
46,19,58
10,15,56
0,16,58
63,16,14
34,14,10
27,13,12
22,17,53
5,15,49
50,16,12
55,18,31
35,15,24
14,14,28
47,14,2
0,14,14
31,18,57
45,15,10
5,14,35
23,17,53
32,16,33
25,14,24
56,19,61
21,12,2
11,13,24
24,17,58
10,15,49
57,18,44
31,17,47
29,15,30
6,13,25
15,13,21
62,18,36
18,12,13
34,13,12
51,16,19
27,18,51
17,15,33
56,18,46
4,14,8
59,18,54
15,16,54
55,17,29
39,15,18
37,15,18
17,14,22
32,15,20
26,12,7
23,17,48
39,19,53
21,13,20
30,17,45
44,15,9
55,19,60
54,19,53
19,12,2
41,18,45
4,13,33
57,16,12
34,17,37
3,14,35
33,14,8
27,17,60
45,18,35
58,15,9
23,17,39
3,15,50
21,13,21
50,17,23
4,15,58
12,13,22
61,16,9
8,13,16
19,13,0
19,16,60
17,16,46
25,17,63
46,17,30
12,14,0
38,19,61
53,19,61
39,14,1
12,13,11
53,18,36
14,13,17
2,14,6
5,15,58
9,13,19
29,18,52
8,14,43
61,16,14
7,13,7
4,15,52
62,15,7
57,19,61
55,19,48
32,12,0
23,17,50
42,15,11
27,14,23
48,17,30
50,17,26
29,18,58
41,14,1
22,17,60
49,16,19
63,17,24
8,13,20
39,14,2
44,18,41
15,15,37
41,14,5
19,16,61
3,13,20
27,17,47
60,18,33
40,16,28
22,17,48
27,15,34
32,14,17
60,16,20
40,18,41
20,12,9
50,18,44
25,13,17
8,13,21
59,17,23
28,12,9
47,19,53
44,16,26
53,16,15
48,19,52
44,18,37
0,14,45
63,18,36
4,13,23
59,18,44
50,18,41
14,16,44
34,18,58
20,15,28
24,12,8
1,13,21
56,19,56
18,14,27
58,19,53
43,15,20
53,16,19
57,16,8
30,12,4
8,13,18
33,14,20
5,13,34
19,16,62
23,12,4
25,17,56
12,15,40
9,15,46
6,14,35
36,17,36
59,18,39
5,14,5
26,11,4
4,13,14
52,16,15
48,19,62
3,13,26
17,16,39
38,14,8
59,18,53
33,18,49
5,14,44
23,17,62
61,17,22
24,12,6
39,18,48
40,15,22
49,15,12
15,13,4
16,16,45
6,14,2
39,19,61
39,17,40
12,14,29
27,13,9
38,18,51
14,12,7
2,13,19
41,19,54
42,14,0
41,15,12
47,19,61
37,15,21
45,17,29
23,13,10
50,15,2
25,17,53
43,19,59
60,19,57
34,14,9
21,15,35
52,19,47
39,14,7
45,19,61
7,15,57
49,18,36
27,12,3
34,13,1
49,17,28
53,18,34
54,16,15
19,16,59
5,14,40
52,17,30
50,16,22
43,18,35
12,12,10
45,19,57
57,19,56
34,14,15
35,19,61
0,14,8
27,12,8
21,12,3
29,18,47
50,18,32
59,15,4
25,13,12
48,18,35
10,13,12
40,19,60
2,14,4
8,14,38
49,15,6
29,15,27
42,17,30
28,14,25
11,15,49
40,14,1
11,12,11
24,17,40
16,14,28
18,16,41
2,14,43
38,15,16
17,12,6
23,13,17
22,13,11
7,16,62
56,18,44
29,16,40
51,19,50
19,12,5
55,19,54
46,15,13
60,17,22
29,14,28
27,12,7
30,15,32
1,14,6
16,13,23
42,17,31
2,13,25
43,18,46
54,16,19
50,15,6
16,16,56
25,14,28
31,15,31
53,18,33
18,16,37
51,18,37
6,15,51
31,15,23
45,16,22
58,15,6
18,16,39
51,18,35
52,19,52
3,13,13
12,15,47
48,19,59
20,16,39
12,14,27
39,15,17
63,17,26
57,18,32
1,14,2
25,17,57
47,16,21
27,15,32
53,19,54
46,18,46
47,15,9
10,13,3
19,13,15
62,19,57
43,17,28
30,13,7
9,16,60
3,14,39
14,16,51
20,16,52
30,14,26
29,17,47
62,16,11
1,15,51
47,15,5
21,12,10
1,14,47
22,17,58
14,15,43
17,16,50
30,15,33
23,15,33
13,15,48
28,18,59
33,14,13
55,15,9
61,17,29
30,18,55
46,19,56
0,15,50
42,16,25
1,14,11
40,14,5
52,18,32
42,15,14
39,17,30
19,13,19
53,19,62
56,17,27
18,13,16
63,16,10
18,16,51
30,18,51
12,15,49
63,16,20
48,18,34
62,18,35
48,15,3
24,13,20
12,14,30
33,18,61
18,14,26
61,19,61
47,17,30
4,14,35
30,15,30
14,16,55
29,14,26
61,19,63
7,13,18
53,17,29
39,16,24
13,13,9
61,18,33
50,19,61
47,16,24
9,14,28
63,17,23
37,16,25
37,18,56
44,17,27
1,15,55
2,14,8
14,15,34
14,13,3
46,15,5
48,18,42
7,16,60
29,18,53
20,16,54
50,16,21
12,13,0
31,13,2
54,18,48
45,15,6
58,17,31
54,19,58
23,14,24
43,14,5
50,18,36
55,19,53
31,13,8
15,13,20
53,19,50
19,13,13
8,14,36
54,19,56
60,16,14
23,14,22
33,18,62
15,14,24
27,12,2
6,16,63
47,18,44
32,15,34
58,15,8
0,14,40
12,15,56
36,14,16
4,14,42
7,13,27
61,17,31
39,15,19
15,14,31
34,13,5
35,19,60
26,17,39
29,18,57
51,18,43
17,16,51
18,12,4
59,18,36
55,18,47
28,18,62
35,17,38
52,19,45
30,12,1
63,15,9
38,15,20
26,17,41
15,12,6
25,13,22
49,15,11
10,16,58
28,14,20
62,16,16
38,15,12
14,12,8
9,13,18
38,15,14
37,15,25
39,16,31
13,15,34
13,14,30
63,16,12
15,16,57
54,16,9
43,15,6
10,16,59
48,14,0
31,18,49
3,13,17
37,17,36
17,16,36
10,14,27
16,16,51
15,12,9
40,14,9
37,13,2
7,15,54
54,19,60
5,13,20
19,14,29
14,12,14
41,19,55
8,13,27
39,15,21
15,14,25
60,18,56
35,13,5
62,18,57
30,13,4
16,15,37
14,12,16
51,15,5
15,15,32
54,16,14
49,19,57
52,16,18
30,17,44
25,18,50
49,18,43
20,15,33
36,14,3
26,17,45
37,17,34
33,15,28
22,12,7
23,15,32
37,16,32
29,12,1
49,14,0
26,17,61
17,12,11
58,18,54
53,15,0
36,18,44
11,14,33
45,19,60
13,15,45
15,16,61
12,13,19
44,18,43
8,13,24
23,14,25
9,12,16
18,16,50
25,14,19
62,16,19
27,14,21
34,15,20
25,11,0
42,18,44
56,17,25
29,18,50
46,19,57
27,13,11
25,17,60
11,13,10
32,12,1
31,16,34
4,14,40
11,14,28
32,15,27
61,18,44
3,13,27
26,15,32
8,15,56
19,12,10
38,18,44
31,18,61
21,11,5
61,15,0
48,15,12
43,15,15
62,18,32
63,17,35
55,16,8
48,17,24
14,15,32
29,12,9
18,14,23
55,19,62
17,13,17
4,14,43
38,17,33
29,14,23
30,12,8
9,15,38
35,14,16
59,19,63
16,15,38
54,15,3
13,14,32
0,15,58
33,16,35
5,15,55
44,19,59
8,15,51
49,16,16
12,16,63
0,13,33
44,16,21
13,13,5
41,15,14
33,18,48
11,13,26
0,14,44
45,18,38
60,18,40
57,19,53
7,14,2
50,15,10
27,11,2
59,17,21
50,17,31
41,15,20
15,15,39
62,19,61
53,18,46
50,16,11
26,15,28
39,15,20
49,15,3
57,17,21
26,13,14
1,13,24
59,16,13
8,13,22
2,14,48
0,15,56
46,19,50
17,15,36
4,15,54
28,12,3
49,19,59
42,15,16
9,13,8
24,15,30
53,15,5
56,18,50
50,19,53
20,12,12
38,15,11
3,13,37
7,14,29
60,18,43
33,12,0
15,16,60
58,18,51
33,15,20
12,13,9
9,14,2
32,15,32
30,12,6
35,18,48
13,12,8
32,13,3
58,15,4
6,15,52
0,13,39
14,15,36
39,14,9
49,15,5
59,16,12
58,15,5
49,18,44
36,18,49
31,18,51
26,14,17
10,13,26
22,16,63
24,13,14
29,17,44
19,14,23
35,14,13
26,13,13
63,18,41
41,18,40
38,17,34
26,17,42
14,15,31
9,14,34
33,18,59
25,14,26
23,11,3
41,14,7
0,14,46
22,13,10
62,18,52
55,16,16
23,13,18
20,13,16
12,13,6
22,14,24
53,19,47
60,18,47
40,19,52
30,15,28
33,14,15
16,13,19
63,19,56
1,14,42
31,12,2
12,16,58
25,16,37
56,18,49
21,16,61
24,16,34
54,19,57
10,15,58
11,14,2
38,14,15
8,15,44
15,15,41
16,16,50
38,17,37
31,15,28
40,15,20
61,17,27
47,14,0
17,16,37
1,13,16
62,16,15
56,16,10
16,16,44
48,15,6
41,15,17
15,13,3
10,13,10
1,16,62
11,14,32
47,17,31
48,15,9
27,18,48
29,18,49
25,17,49
57,15,1
0,13,27
35,18,55
62,17,28
41,19,60
35,16,35
45,18,42
27,14,13
60,19,59
6,13,31
40,16,23
46,15,10
56,18,37
34,18,56
46,17,31
42,16,22
44,15,7
36,14,17
57,16,15
51,18,41
63,18,38
34,15,21
25,17,39
27,14,25
2,15,56
21,17,42
18,15,35
7,14,33
22,17,44
7,14,35
21,16,62
37,13,1
12,13,4
53,18,37
19,16,56
52,16,22
36,19,61
31,17,42
31,13,13
52,19,54
40,15,14
28,17,43
16,16,63
44,18,44
30,16,35
9,14,32
47,19,63
11,13,27
51,17,27
45,14,1
29,13,10
45,15,3
38,19,62
21,12,11
34,14,5
33,18,46
13,16,56
48,16,13
51,19,62
61,19,58
21,17,41
32,15,23
3,16,59
62,15,2
58,16,18
24,17,50
43,14,3
48,17,31
5,14,0
13,13,19
33,16,31
14,15,41
29,16,36
24,16,33
39,16,27
46,16,16
59,15,1
27,17,62
38,17,41
56,17,23
56,15,6
13,15,55
53,19,56
59,18,52
39,19,55
62,16,17
39,15,9
37,15,20
45,16,24
30,12,7
37,18,48
17,16,45
50,19,57
9,13,26
60,15,2
42,19,60
15,16,62
12,16,61
39,15,13
36,16,26
29,16,37
61,18,39
60,17,20
59,18,45
52,19,60
46,15,4
16,13,21
51,19,59
22,17,61
35,17,36
7,13,26
10,13,7
55,15,5
47,19,46
20,14,25
15,16,53
60,16,17
38,19,63
24,17,54
28,14,17
45,14,4
15,16,51
12,15,58
28,14,18
61,18,34
16,16,57
7,15,56
42,15,6
3,16,62
62,18,40
52,18,34
59,15,6
7,14,0
45,15,5
53,16,9
9,13,5
48,16,25
36,16,35
26,12,8
8,13,25
8,15,43
43,19,47
47,17,29
41,14,4
50,19,56
29,15,29
57,18,34
51,16,11
23,17,51
50,19,45
24,17,55
45,19,53
40,15,11
31,13,4
0,13,16
20,15,30
29,17,40
47,19,49
11,12,14
38,15,23
54,18,44
5,14,3
7,16,59
16,16,58
18,13,19
11,16,60
0,15,57
23,17,59
34,18,50
54,17,31
14,16,43
7,14,47
63,15,6
1,14,40
34,14,17
44,14,3
35,15,27
54,19,52
51,17,32
35,17,40
0,15,53
33,16,39
34,18,54
44,16,23
10,13,22
19,12,14
2,13,36
63,16,16
14,16,42
42,14,5
28,18,51
63,15,4
22,11,4
0,14,16
23,16,38
32,18,58
12,15,44
24,17,44
20,15,31
19,12,3
53,19,57
32,17,41
14,16,61
46,15,11
51,15,9
53,18,40
24,16,37
57,15,7
35,19,58
10,13,24
46,18,43
46,19,63
40,15,7
8,13,29
39,14,3
15,16,47
61,19,60
57,18,45
0,13,23
9,13,11
18,16,54
6,13,30
11,14,27
0,13,19
43,19,54
48,16,17
15,16,43
36,13,3
59,18,50
10,13,25
6,13,21
23,16,35
30,16,37
21,16,60
10,15,44
49,18,34
63,17,50
30,14,25
42,14,4
20,12,8
20,13,12
12,15,33
31,15,32
21,13,18
6,16,58
3,16,60
45,15,16
14,16,62
40,18,47
32,14,21
7,13,11
54,17,28
17,12,7
4,14,44
30,14,14
47,15,8
20,15,34
55,16,21
54,15,4
46,18,37
22,14,26
41,19,59
61,18,56
15,16,63
42,16,27
54,18,43
11,16,59
39,19,60
33,16,34
28,18,47
30,14,20
49,16,17
31,15,27
15,14,26
10,12,17
11,16,62
20,16,55
26,15,29
63,16,15
38,18,40
8,14,35
14,16,59
49,17,23
28,16,40
7,14,3
13,16,54
0,16,63
10,15,50
23,11,4
32,18,63
48,16,22
31,17,46
54,16,16
46,17,32
5,15,53
25,14,23
63,18,50
36,18,56
32,17,47
9,13,4
47,16,13
37,14,16
2,16,61
37,17,37
29,18,61
21,14,28
40,19,61
39,16,26
43,18,36
52,19,56
21,16,40
22,15,29
0,14,1
8,13,17
62,18,45
59,19,58
33,16,30
31,12,0
48,19,54
42,19,58
20,14,27
61,15,6
39,14,6
60,18,51
47,19,57
22,13,15
25,18,49
18,16,55
5,13,17
35,15,26
61,17,23
11,15,41
18,16,49
51,15,3
41,17,31
16,16,40
32,13,2
2,13,24
11,15,35
61,15,2
21,17,49
36,14,8
8,14,42
26,14,29
7,14,1
39,19,63
26,11,2
34,15,26
30,14,22
5,14,7
34,16,35
51,18,40
37,18,42
52,18,31
12,12,11
31,14,21
52,18,33
20,16,59
33,15,22
29,14,20
32,15,21
24,17,39
10,14,32
29,12,0
31,13,10
53,16,10
30,17,46
63,19,59
9,13,22
1,14,0
48,19,48
47,15,2
10,14,1
23,17,47
54,16,13
44,18,36
54,16,11
21,17,47
60,19,60
11,15,50
54,18,45
13,12,11
54,18,41
45,19,49
58,18,33
9,13,16
21,13,15
55,17,24
51,18,36
37,14,12
40,15,19
58,18,41
62,15,3
9,15,54
23,13,12
3,13,29
55,18,34
58,18,32
33,15,21
37,14,3
42,18,42
22,16,39
61,16,10
51,16,14
3,13,31
42,19,51
58,19,56
29,13,13
23,17,58
48,18,43
20,13,0
3,13,24
36,18,50
59,19,55
19,12,16
30,15,27
22,14,23
49,19,56
18,16,40
28,18,57
58,15,7
49,15,7
37,18,50
26,17,63
35,14,18
39,17,35
63,17,29
51,16,20
1,14,12
43,19,58
19,13,1
36,16,29
0,14,39
45,19,46
11,15,56
48,19,53
30,18,60
18,16,58
2,13,13
19,16,51
62,17,24
24,17,63
17,16,52
29,17,43
29,13,9
52,18,35
13,12,13
42,16,26
23,17,49
11,13,18
53,18,41
59,18,43
26,16,35
52,15,1
27,17,39
3,14,10
22,14,25
25,17,46
15,15,35
4,15,49
4,14,9
57,19,54
62,18,48
17,13,0
9,15,44
32,13,4
20,17,56
28,17,40
31,15,29
27,17,45
23,17,41
2,13,23
25,17,42
53,16,20
34,18,63
10,14,3
53,19,60
13,15,43
18,13,17
20,17,47
12,15,39
16,15,34
28,17,47
26,14,21
40,16,24
22,13,13
47,16,22
59,15,0
1,14,8
54,15,1
20,16,62
28,18,53
61,17,20
50,18,38
19,16,36
8,14,3
44,19,61
51,19,58
43,14,2
49,19,61
37,14,2
33,12,1
51,15,6
63,18,48
37,18,57
4,14,50
36,15,25
35,18,44
38,14,16
