58,6,20
33,0,21
52,7,52
25,1,30
26,6,63
55,8,55
26,7,7
50,7,23
59,11,48
33,0,30
26,8,3
20,2,61
33,4,5
43,2,22
41,4,5
18,2,61
34,3,13
28,7,7
28,7,61
53,10,40
62,11,30
51,5,8
34,8,62
39,6,53
51,9,48
41,5,42
56,10,30
44,5,5
58,10,60
12,2,33
36,3,46
53,7,3
63,13,44
51,7,59
60,9,0
49,5,24
5,13,5
21,0,33
46,5,27
29,6,54
8,10,23
22,4,57
40,3,31
44,6,4
6,14,12
48,7,31
58,11,58
16,11,14
35,4,50
62,9,4
17,10,16
13,6,28
28,6,63
61,8,4
34,2,11
1,9,25
43,5,54
18,5,28
17,1,58
10,13,6
20,3,28
35,3,4
51,3,14
40,5,42
8,9,25
53,9,30
36,2,43
49,5,54
48,6,28
49,7,30
0,10,24
18,8,22
15,11,0
54,3,11
54,5,20
40,2,15
56,11,50
31,1,23
30,3,47
5,14,7
50,7,2
20,2,54
55,10,31
15,12,9
17,11,9
42,3,26
51,7,0
34,3,41
31,3,21
0,5,32
56,6,21
35,3,37
35,1,17
39,3,6
40,2,13
0,1,38
45,5,8
52,8,62
20,4,28
24,7,16
49,8,41
40,1,15
22,3,26
48,8,44
58,11,52
58,11,34
21,1,33
0,12,22
23,3,50
55,8,2
42,4,53
19,5,24
52,5,17
0,13,18
22,4,56
42,2,14
60,12,52
57,10,27
8,14,12
31,1,42
15,12,6
57,8,1
31,5,6
43,5,55
18,10,15
11,13,12
24,9,0
52,9,51
7,6,29
6,13,2
2,1,37
42,8,59
36,2,13
31,6,54
50,6,53
62,13,37
12,1,56
2,13,4
39,3,9
62,11,28
49,7,49
30,2,24
31,0,32
60,12,36
38,2,7
50,8,32
6,12,1
16,0,37
58,11,54
53,3,10
44,7,59
12,13,2
28,5,15
59,10,63
15,11,15
56,7,3
11,0,36
63,8,23
28,0,33
21,10,11
16,4,30
45,6,57
45,5,37
41,1,15
26,0,32
20,2,58
22,6,21
63,5,18
20,3,54
51,9,36
60,9,4
47,3,18
41,4,3
35,2,11
11,12,2
54,9,42
20,9,17
16,12,11
58,11,36
16,2,52
19,11,9
20,9,18
10,2,35
58,12,43
46,5,37
61,12,46
57,8,25
59,6,5
25,7,11
51,9,38
44,6,43
52,7,21
30,4,13
60,12,61
24,9,6
50,6,22
51,6,52
62,9,27
14,2,31
52,6,3
57,10,31
32,3,13
41,2,25
8,13,4
31,2,47
39,3,33
55,10,37
36,2,4
9,3,32
39,3,7
41,5,1
60,9,3
28,6,56
1,14,9
5,12,1
8,12,0
16,10,15
58,12,42
17,6,26
51,8,34
21,3,27
58,6,5
0,14,8
32,3,49
20,5,24
11,0,52
13,13,12
33,4,7
24,2,25
46,10,62
10,14,9
58,6,8
44,1,15
49,7,39
49,8,61
33,8,59
37,6,54
40,4,37
19,2,50
50,5,55
8,0,38
13,0,36
46,6,46
11,13,13
48,6,6
62,12,50
16,2,58
34,3,38
43,3,23
44,2,16
10,14,6
60,12,50
57,10,57
29,1,46
24,0,37
53,9,31
29,7,60
11,12,17
15,2,53
53,7,22
50,7,28
34,2,10
46,6,56
36,9,58
37,1,28
39,3,4
1,13,4
50,9,45
49,9,61
29,5,16
25,0,43
23,2,50
31,5,53
50,5,6
4,13,3
8,10,21
44,3,49
32,0,44
8,10,22
42,6,54
32,3,17
26,6,61
30,1,40
38,3,0
24,0,36
32,1,45
15,0,51
26,8,7
56,8,57
62,12,56
37,10,63
54,9,26
40,7,56
25,1,46
61,12,50
55,10,28
61,5,17
58,8,1
9,11,19
13,13,3
58,12,35
12,1,35
49,6,6
21,10,2
50,8,61
42,9,60
33,2,39
39,5,39
18,0,45
3,1,37
31,1,32
32,3,48
52,8,29
13,4,30
54,9,52
9,12,17
1,14,13
9,12,0
49,7,26
27,7,7
30,0,25
9,7,28
2,10,24
44,4,10
46,5,33
50,10,63
14,8,22
27,3,22
4,12,19
6,5,31
13,12,13
7,14,15
36,1,11
50,7,37
46,6,31
3,4,34
9,3,31
4,8,26
14,10,20
14,13,5
60,12,44
44,8,60
33,3,50
63,10,0
60,8,5
14,7,25
60,4,11
60,8,23
42,3,24
25,4,24
13,0,48
63,14,35
48,5,22
1,14,10
43,4,36
13,0,50
54,7,2
17,10,17
45,5,31
2,7,30
49,8,59
48,5,49
25,6,61
42,3,25
24,10,0
18,12,6
30,5,14
39,5,53
52,4,13
44,2,15
14,12,10
51,5,6
19,5,27
46,5,36
61,12,45
52,7,58
58,9,2
62,4,11
8,13,16
7,14,9
57,6,20
36,3,37
19,0,47
38,1,14
47,7,33
36,4,35
24,0,40
3,10,25
33,3,11
25,8,13
10,0,57
46,4,23
9,4,31
60,11,54
6,12,19
38,4,34
49,7,29
26,5,56
55,10,40
4,7,29
59,4,11
47,5,56
33,3,16
48,4,19
49,5,55
4,3,34
60,5,18
56,10,53
6,10,22
17,1,50
28,0,42
54,4,9
61,7,7
31,7,63
59,11,32
11,4,31
36,5,53
61,5,10
37,10,62
20,11,8
25,3,50
32,7,56
5,6,30
28,0,39
27,0,44
42,2,15
15,7,25
57,9,57
35,2,13
38,2,11
54,8,60
50,4,7
54,3,12
27,0,36
57,7,4
55,7,4
5,7,28
3,11,22
33,2,33
9,0,38
34,0,25
23,0,44
59,6,21
45,4,23
53,9,52
37,3,48
37,7,56
40,4,43
12,13,11
61,9,26
59,9,27
6,14,5
40,3,33
62,12,54
27,1,45
47,8,61
3,14,16
63,4,14
56,10,59
25,5,61
50,7,51
46,4,9
45,10,63
37,7,55
16,9,18
35,2,15
36,2,44
61,6,20
57,5,18
56,10,62
47,6,38
57,10,60
48,2,10
5,12,20
57,11,54
24,4,52
6,14,8
41,3,48
0,8,27
55,9,63
59,7,24
30,0,32
19,6,23
27,2,23
39,4,41
62,7,23
0,1,40
51,9,45
12,7,25
40,5,40
62,10,2
38,2,9
45,5,56
58,11,47
13,1,35
17,9,19
50,5,56
55,10,48
31,2,40
57,10,30
54,10,51
41,4,9
7,11,22
47,6,0
28,6,57
22,10,3
58,5,21
32,2,47
36,1,16
45,2,19
14,2,33
2,13,5
43,2,14
25,7,15
46,7,41
29,6,56
62,6,20
27,3,48
16,12,7
31,4,13
27,4,21
42,5,5
63,13,62
62,13,33
22,7,19
17,9,18
58,8,25
54,7,57
28,5,17
16,2,33
49,4,19
10,13,14
25,5,20
22,2,61
1,4,34
58,10,57
33,1,32
63,14,40
61,12,41
40,3,7
15,13,8
53,7,23
30,3,14
40,4,41
44,3,48
45,3,49
17,2,60
52,8,49
44,3,21
25,4,21
37,4,49
24,4,55
16,1,50
55,8,58
27,2,22
48,10,63
15,2,52
45,7,58
55,4,8
32,1,41
11,13,1
36,3,0
51,6,56
15,0,35
55,10,61
19,10,10
7,5,29
24,9,5
22,2,63
21,0,42
61,12,42
28,4,53
51,7,51
4,4,33
35,2,42
26,3,22
50,6,54
49,7,47
31,0,29
63,7,7
32,8,61
50,7,58
58,7,4
10,9,23
42,4,31
28,1,44
22,2,60
54,9,54
20,2,60
37,3,42
53,10,46
55,11,49
39,5,41
9,0,54
53,10,49
55,11,51
37,3,1
32,4,12
50,8,37
41,6,39
26,4,52
16,8,23
43,3,28
3,12,0
49,5,19
18,11,8
58,9,27
38,3,1
39,4,40
42,10,63
36,3,34
56,5,20
13,2,33
30,5,4
23,7,18
57,11,52
54,5,7
57,11,43
12,7,26
32,2,20
41,7,57
40,4,42
29,1,36
56,10,41
34,2,33
45,7,40
59,5,18
41,4,8
33,0,28
45,1,15
39,4,36
30,7,0
55,8,0
51,8,30
60,7,23
28,0,28
10,4,30
23,10,5
3,6,29
61,12,35
32,4,5
61,10,27
26,5,54
18,2,51
61,13,33
13,12,17
7,11,20
56,7,4
20,11,5
53,3,12
53,7,57
63,4,13
0,6,31
31,3,11
49,10,63
41,6,42
20,5,25
3,10,24
23,0,43
13,5,28
53,8,60
39,7,55
17,12,2
1,12,20
30,1,41
26,0,35
0,11,0
56,9,25
50,3,13
44,4,28
23,4,56
53,4,8
63,12,51
56,5,19
25,1,28
55,6,7
18,9,16
56,10,42
49,5,53
59,12,36
42,3,31
43,6,2
4,12,1
48,5,25
3,0,39
55,5,9
8,1,37
20,0,47
12,9,23
63,9,26
25,3,25
43,7,40
33,1,23
31,3,47
43,9,61
63,13,61
22,9,8
56,11,32
62,13,36
14,2,32
56,6,7
41,10,61
26,6,14
58,6,7
41,4,0
30,3,20
47,3,9
19,8,20
44,6,38
6,8,26
42,2,20
23,0,46
45,3,51
50,3,15
22,4,58
53,9,38
47,3,17
12,13,14
57,10,29
45,10,62
33,2,40
56,8,23
21,0,35
27,7,8
56,10,45
17,12,3
8,14,11
53,9,27
14,2,54
1,14,11
58,5,19
61,5,16
54,9,44
41,4,34
19,10,9
62,13,61
38,2,28
34,1,26
45,7,45
35,1,45
59,11,34
61,3,13
47,5,35
25,9,7
19,1,61
35,3,46
3,12,21
22,3,55
13,12,3
26,7,15
7,1,36
26,2,50
32,5,4
37,5,51
24,9,3
49,2,12
47,5,38
54,10,52
34,7,56
14,1,35
50,4,18
40,4,50
52,9,42
22,3,25
58,12,44
53,9,49
44,1,13
54,7,56
27,2,47
29,5,14
18,0,49
43,6,42
47,5,25
37,3,34
63,6,21
16,2,53
14,9,20
46,3,53
7,9,24
47,4,19
0,14,13
61,13,35
33,3,47
42,6,0
47,4,21
43,6,1
52,4,14
3,1,36
27,6,63
28,7,6
41,10,62
21,8,16
53,8,25
43,4,32
11,0,50
52,3,13
18,0,46
3,14,15
47,2,11
34,2,34
35,1,30
57,8,0
57,7,5
1,14,15
28,5,55
49,6,53
35,3,49
25,5,57
23,9,6
8,14,14
50,6,6
26,3,24
28,0,38
42,4,34
0,12,2
53,7,0
29,3,21
56,3,13
32,7,55
2,12,1
4,14,14
63,7,22
15,1,57
38,1,26
57,11,34
44,6,0
13,7,25
3,13,18
23,4,58
6,13,16
30,3,48
25,5,58
45,3,10
52,7,61
24,7,17
36,3,43
48,6,37
40,4,44
33,4,11
33,4,0
6,13,5
14,0,50
17,11,11
6,14,14
62,12,63
8,14,5
46,6,2
28,0,29
62,12,52
16,12,9
50,6,4
56,5,14
38,2,27
17,1,59
33,0,26
62,4,14
21,3,59
13,0,37
54,8,58
34,3,8
20,2,62
42,2,27
28,6,8
58,7,23
24,1,45
42,3,13
41,3,12
41,2,21
42,1,18
0,14,17
19,2,61
24,0,44
15,0,61
52,9,40
38,3,3
23,9,9
60,12,47
31,4,12
23,0,33
27,7,4
52,5,6
34,3,10
48,5,19
1,1,36
19,0,35
27,3,21
54,3,10
49,6,49
56,11,45
56,8,1
60,12,54
31,3,49
23,7,16
59,7,22
58,8,24
12,2,32
41,2,14
23,10,1
41,9,61
13,2,34
12,13,3
21,2,30
63,13,42
32,8,62
32,1,35
14,3,31
11,1,36
34,6,55
17,2,52
28,6,60
28,0,35
9,5,30
30,2,23
44,6,5
51,8,25
51,8,38
22,2,50
47,7,47
35,4,41
36,1,28
49,7,51
6,13,15
14,3,30
51,7,28
61,13,46
47,5,20
19,7,23
18,2,57
0,14,15
58,6,6
35,3,7
43,6,38
45,8,61
5,4,33
31,1,22
25,9,6
51,7,2
16,11,11
18,11,2
35,3,9
45,5,27
52,7,24
20,10,12
45,7,59
59,12,31
45,9,62
62,12,33
16,1,51
20,1,50
20,10,13
26,0,36
60,12,43
37,2,2
16,0,35
28,0,27
9,1,37
47,7,46
22,4,26
45,6,56
15,2,55
39,1,22
59,12,35
52,8,25
38,2,8
11,1,54
8,5,29
60,8,4
39,4,34
23,10,4
4,13,4
24,0,32
55,10,45
22,4,60
42,4,10
24,8,12
56,9,59
33,3,37
63,13,38
58,11,50
51,6,22
31,4,8
20,10,8
29,6,7
61,12,48
55,11,52
58,12,36
16,8,21
36,1,21
30,6,55
2,6,31
48,4,7
51,7,54
5,1,36
57,11,55
8,3,32
21,9,15
50,7,50
56,9,63
0,2,37
23,4,24
31,8,59
48,6,3
26,2,23
25,5,60
24,6,17
37,3,3
49,3,15
15,3,31
19,11,12
36,8,58
11,12,15
29,3,20
28,6,10
39,4,38
42,2,19
23,2,51
3,9,25
25,5,59
0,3,35
0,4,34
15,2,33
18,2,58
26,3,49
32,4,3
14,13,9
48,3,14
49,8,32
56,10,52
33,1,43
18,11,14
44,6,44
35,4,51
46,5,31
46,3,10
35,8,59
44,3,22
41,3,28
49,2,11
59,11,55
38,7,57
50,8,45
15,10,19
6,14,11
26,6,15
54,7,21
57,7,23
35,3,34
4,14,10
3,2,36
33,5,51
12,0,57
17,1,61
14,12,3
43,5,3
53,8,52
37,3,41
4,13,5
34,2,12
50,5,54
22,5,23
25,6,16
51,8,62
21,0,46
34,9,63
14,13,6
52,5,16
62,13,32
40,4,51
2,13,6
58,9,25
53,3,13
41,2,27
36,3,2
36,2,3
14,2,55
46,8,60
52,7,1
10,14,11
49,6,26
6,1,36
47,3,19
10,13,1
59,6,22
33,3,49
46,8,59
33,3,7
58,3,11
8,12,1
14,1,56
51,5,19
41,5,0
18,9,19
3,9,24
54,8,23
30,2,22
36,1,17
43,1,17
49,6,27
23,1,45
14,4,29
0,13,5
20,1,49
33,4,50
35,2,43
9,11,21
34,2,17
18,11,4
25,2,25
37,2,7
17,0,45
58,12,40
34,0,20
56,10,47
53,10,39
25,3,53
6,1,34
48,7,45
28,5,11
37,8,56
29,2,21
25,8,11
59,8,4
21,3,50
53,10,38
23,2,52
59,9,0
31,0,24
35,0,22
16,0,59
7,1,34
48,9,63
52,7,55
16,11,12
49,4,54
47,6,47
12,12,13
0,13,17
21,3,55
23,9,8
22,10,1
10,13,13
52,5,18
23,5,23
49,6,51
19,10,12
18,11,5
2,5,33
47,5,27
47,4,52
32,3,18
37,4,38
45,3,21
27,6,55
11,8,25
19,11,11
46,7,58
18,2,54
7,11,21
28,4,20
45,5,55
15,0,37
32,8,58
1,11,0
32,1,44
41,1,19
13,12,14
56,9,60
55,10,63
22,9,13
61,5,9
21,3,26
17,0,35
60,5,16
63,10,26
14,0,59
30,0,33
28,0,37
44,2,14
22,8,16
30,7,63
38,1,16
24,2,48
47,5,54
50,5,20
29,3,22
27,6,12
24,1,47
29,0,36
53,8,53
31,2,22
26,2,24
32,3,15
16,11,15
8,13,5
58,11,38
21,4,56
51,3,15
31,5,52
21,8,18
20,0,44
62,8,24
35,9,62
10,0,36
37,1,18
36,3,4
43,8,59
36,1,14
38,4,35
49,7,38
60,5,19
29,2,47
24,9,10
43,1,16
20,2,57
13,2,32
36,1,27
29,6,9
17,8,22
53,6,6
60,11,53
54,5,8
37,1,23
21,2,63
35,2,46
36,2,46
40,3,32
6,3,32
29,5,54
12,12,14
60,12,37
36,1,29
6,4,32
62,5,12
15,0,49
57,9,62
58,3,12
60,6,7
55,10,46
57,4,11
53,4,13
27,1,27
39,2,23
22,7,18
27,0,41
4,12,20
35,1,23
26,0,34
4,14,6
19,2,31
4,2,35
57,11,48
52,8,42
33,0,22
23,9,12
54,10,42
22,10,4
9,9,24
27,6,8
24,1,30
47,5,37
57,5,16
2,12,19
22,6,22
8,13,1
61,13,39
45,4,48
45,4,26
56,10,33
10,14,12
62,6,10
58,11,45
23,1,46
20,11,9
59,8,2
22,4,53
43,4,47
55,10,49
51,9,37
50,7,40
47,5,28
22,2,31
28,3,21
38,3,45
20,7,19
42,4,30
45,5,35
26,9,0
42,7,41
30,3,15
47,7,40
38,3,43
23,0,31
47,6,56
11,7,25
19,2,56
24,0,39
27,6,13
27,5,16
39,4,50
22,10,11
40,5,43
18,7,21
23,4,62
45,5,26
50,6,56
51,6,6
47,8,45
15,7,26
35,6,55
15,1,51
8,14,8
63,12,50
19,0,34
21,9,12
59,12,37
20,11,6
50,6,57
11,0,55
48,5,23
51,8,47
22,2,52
25,0,30
62,12,60
22,1,32
29,2,23
31,4,52
7,13,14
28,1,46
26,6,60
46,9,61
56,11,44
47,5,23
59,10,60
0,5,34
29,3,50
59,12,47
20,6,22
0,13,7
17,2,54
56,3,12
3,8,27
6,11,20
44,10,63
55,10,35
31,1,38
47,5,7
46,7,43
34,1,24
38,8,57
16,12,2
0,14,10
59,5,9
36,2,11
43,4,31
18,5,27
37,1,9
55,9,57
13,5,29
15,5,29
38,5,51
14,12,11
40,4,1
43,5,8
62,12,31
23,2,26
33,8,60
3,10,23
54,9,61
32,4,50
26,2,25
52,8,61
50,8,47
48,8,45
12,5,30
58,11,40
58,11,49
39,2,30
45,4,54
20,4,26
29,6,1
45,2,11
16,1,35
63,14,36
57,3,12
39,2,25
49,7,33
1,13,17
44,2,17
42,5,45
61,12,57
53,9,32
48,7,36
55,6,4
42,6,40
47,6,2
30,0,27
7,14,6
4,0,39
18,4,30
25,8,4
33,2,47
51,8,33
27,6,10
50,8,35
20,2,49
9,14,10
3,14,12
56,3,11
29,7,62
60,12,60
12,0,52
46,7,44
54,10,30
29,0,44
51,6,59
58,5,15
1,10,23
17,11,13
11,12,1
26,5,57
28,1,25
19,0,46
40,4,8
44,4,23
55,5,14
46,6,38
1,14,7
43,4,10
55,9,58
39,3,8
17,1,49
43,3,29
9,0,55
15,12,4
12,9,21
34,2,47
55,10,39
16,2,55
28,0,43
3,13,3
53,9,62
54,10,41
37,3,0
27,7,6
18,0,47
30,3,19
58,8,2
16,3,31
62,13,35
33,3,40
30,1,24
14,1,54
32,0,26
33,3,39
35,2,10
49,7,37
37,2,11
50,8,42
4,5,30
10,12,15
14,8,23
29,6,55
29,6,10
33,1,42
43,2,17
43,9,62
20,10,4
59,11,45
62,12,47
60,9,24
5,5,32
16,1,61
59,10,26
21,11,1
22,10,10
31,8,60
52,9,27
30,4,15
27,7,11
12,0,51
46,7,46
41,3,9
62,13,59
43,7,56
22,10,9
29,2,25
43,5,38
48,6,35
19,3,28
1,5,31
20,1,63
8,5,31
26,4,21
38,3,4
62,13,43
48,9,61
51,6,5
45,6,2
34,3,9
6,8,27
41,6,41
59,3,12
25,0,38
27,3,51
17,9,17
32,2,22
52,9,39
29,0,43
0,9,27
34,3,4
33,2,20
6,2,34
56,3,10
1,3,35
53,7,55
47,6,1
35,2,16
48,6,30
36,4,50
14,13,3
8,7,27
59,11,31
28,1,26
32,1,46
44,4,35
48,7,0
18,10,16
41,1,18
14,0,36
48,7,34
53,7,21
30,0,28
4,0,40
28,6,12
49,8,33
61,5,18
55,6,6
23,9,10
47,5,22
29,6,2
19,8,19
30,4,11
38,8,59
39,2,27
52,9,46
48,6,38
34,8,58
48,7,1
39,2,28
19,1,49
22,1,46
37,10,61
3,3,33
18,12,3
45,5,54
28,2,24
10,8,26
37,1,27
57,5,17
18,11,6
14,4,30
0,9,26
62,12,51
41,8,58
55,5,17
19,10,13
17,12,10
49,6,29
17,2,55
32,4,8
52,9,48
49,4,16
20,7,20
56,10,27
13,10,20
49,9,62
59,11,56
35,1,28
35,6,54
10,2,33
31,4,9
10,10,23
8,11,20
26,0,38
5,8,27
53,8,22
1,6,30
45,6,37
43,3,52
45,3,20
37,1,30
28,0,41
25,0,42
62,6,22
0,6,32
38,6,53
4,13,18
50,7,0
38,4,51
18,2,55
29,0,32
47,7,32
1,14,8
30,7,57
16,12,12
46,9,62
24,3,25
58,4,11
57,11,51
1,7,29
12,5,28
16,7,23
58,9,0
5,13,1
31,1,44
63,12,56
46,2,16
47,5,24
27,6,62
34,8,59
34,8,63
24,2,51
10,13,15
43,3,27
17,1,62
62,10,28
34,3,11
34,1,29
53,10,34
51,8,39
45,2,17
52,9,32
59,11,52
32,8,59
45,6,0
11,9,24
31,3,17
20,1,47
41,5,54
40,2,29
15,11,13
39,1,15
51,4,8
20,2,59
39,3,34
22,10,5
37,9,58
9,8,25
49,7,59
21,6,20
39,3,0
45,5,47
19,2,52
20,0,35
33,2,15
18,8,19
51,5,7
45,3,52
27,4,22
9,0,36
34,3,14
47,4,28
21,11,0
54,2,12
58,9,24
54,9,51
53,9,35
26,6,62
40,2,14
49,7,1
63,12,62
21,3,51
7,1,37
38,3,44
23,1,29
38,2,1
18,10,17
24,9,4
28,5,18
9,13,17
35,7,57
35,0,23
50,8,28
14,0,48
46,3,20
46,4,54
47,6,6
40,1,23
5,11,20
39,1,25
1,14,14
35,1,25
29,0,41
9,2,33
38,2,13
24,4,53
2,1,38
58,8,0
53,9,42
36,2,14
48,6,27
22,10,6
6,3,33
54,5,17
16,10,18
58,5,9
33,4,2
11,12,18
43,3,51
14,13,8
48,6,1
22,0,44
33,5,52
54,4,8
54,9,63
49,8,43
23,8,12
32,0,24
54,4,15
59,12,34
27,6,61
47,4,54
7,7,28
40,3,47
44,3,25
34,3,6
46,3,52
25,3,49
23,2,49
4,12,2
22,9,12
23,4,25
12,13,9
44,5,36
24,8,14
42,6,43
12,13,10
21,6,21
56,11,38
0,7,31
20,2,63
25,0,44
61,10,26
38,3,33
45,7,39
29,1,45
19,11,1
60,11,63
61,8,24
62,12,61
22,1,31
14,1,57
21,2,60
52,6,54
14,12,0
55,10,41
1,11,24
59,3,13
14,12,5
49,5,7
34,0,27
37,8,58
39,1,21
43,3,47
31,0,33
55,3,11
6,9,24
52,4,8
26,7,11
38,1,15
42,2,24
42,3,28
31,5,4
6,7,27
35,2,17
60,9,2
31,1,39
46,6,45
28,7,5
35,4,38
56,5,7
56,8,24
48,5,24
33,3,17
11,13,8
54,8,1
4,11,20
44,4,29
35,5,53
48,6,29
46,5,34
32,1,22
15,1,58
33,2,16
25,5,62
49,7,58
39,3,32
58,11,46
49,6,3
9,12,18
25,0,36
58,11,32
40,4,7
25,9,3
53,9,26
44,4,31
26,0,44
38,3,50
5,13,4
19,0,44
34,4,0
45,2,18
41,1,16
17,10,18
59,12,38
59,12,39
30,1,35
36,9,62
48,5,55
46,5,32
32,8,60
2,12,20
5,14,13
60,12,33
49,6,5
29,1,39
15,12,1
28,1,47
30,6,57
44,6,46
34,2,9
8,2,35
31,1,43
30,2,21
25,4,63
32,3,20
47,6,37
39,4,43
53,5,16
49,9,63
15,0,47
16,11,0
19,9,17
34,1,23
21,11,3
39,3,49
43,7,39
33,4,9
52,8,50
54,10,28
48,6,51
21,0,43
57,3,13
18,11,11
35,8,56
27,1,28
63,13,36
11,2,32
15,1,50
57,11,32
41,5,52
40,6,38
56,5,15
38,9,61
33,0,25
30,1,45
27,8,4
23,0,42
59,11,28
33,4,51
63,12,32
9,8,26
36,4,40
60,12,35
45,4,33
34,2,41
39,5,38
45,4,25
63,12,63
47,4,8
51,6,21
4,5,32
44,4,27
26,2,26
54,10,44
28,5,13
49,7,50
17,12,6
43,1,15
23,9,5
23,2,63
13,5,30
9,12,16
22,3,61
21,1,47
23,8,17
27,5,18
36,8,56
38,1,27
35,9,59
14,2,34
56,7,23
16,9,21
24,3,24
21,9,14
51,9,39
62,12,32
54,10,50
29,6,3
3,4,33
0,9,25
43,5,53
44,6,2
29,5,52
22,0,33
42,6,1
51,5,22
52,5,7
39,4,3
12,12,1
2,1,39
32,2,19
23,2,27
47,6,30
1,13,18
62,10,0
46,4,50
37,1,29
34,1,32
28,0,40
21,3,58
15,2,32
32,1,42
59,4,10
10,7,27
49,3,14
30,4,17
56,7,22
50,6,58
48,4,54
53,9,46
50,4,9
55,5,16
27,0,38
46,7,39
0,13,3
44,2,18
63,6,20
41,4,52
40,2,23
8,12,17
2,10,23
57,11,36
60,12,42
57,10,58
29,3,23
48,4,8
12,8,24
5,10,22
25,4,52
43,5,37
53,10,45
19,11,10
7,3,32
2,14,8
47,6,5
16,9,20
27,0,35
1,13,3
54,10,32
26,0,43
61,7,22
38,4,38
62,6,7
53,7,4
8,14,10
49,7,35
52,4,16
56,11,41
44,3,24
41,5,2
7,5,30
8,7,28
50,6,24
46,7,42
24,2,29
36,4,1
59,12,48
37,1,22
22,3,60
25,4,53
33,0,23
43,5,45
25,4,20
62,12,58
55,6,21
22,9,7
54,10,33
1,4,33
12,11,17
58,11,44
18,11,0
56,6,5
2,14,16
24,8,9
16,5,29
12,10,19
22,4,24
11,0,37
42,5,36
42,2,12
24,8,16
48,6,0
8,3,31
21,11,2
25,4,62
39,4,52
24,8,7
43,6,5
26,7,5
46,5,28
16,0,61
16,12,10
30,4,18
19,11,8
28,0,32
24,0,38
62,13,49
44,5,47
52,6,20
35,4,37
39,4,1
33,3,10
25,9,5
21,4,27
52,3,14
59,7,5
19,10,16
23,2,30
31,2,41
42,3,27
55,8,24
48,4,9
52,6,58
0,11,22
54,7,4
41,3,47
51,4,16
15,0,60
58,11,30
48,3,18
61,10,28
40,3,49
32,6,53
41,3,11
27,0,34
53,6,7
21,10,8
59,6,6
7,13,1
30,2,47
50,7,30
22,1,30
57,11,53
57,11,29
31,2,21
53,9,63
58,4,13
44,3,52
34,3,50
34,8,60
54,6,20
55,10,30
54,9,28
40,8,59
12,3,32
39,2,9
38,1,25
55,8,3
32,4,51
55,8,22
15,2,31
3,8,26
52,9,36
47,9,62
15,8,23
17,4,30
24,5,54
63,4,15
7,8,27
40,3,46
37,3,50
27,3,52
20,0,43
36,1,24
45,4,8
32,1,21
50,7,60
58,7,22
15,6,27
23,0,41
62,13,39
28,6,54
59,12,44
26,8,5
42,7,57
47,4,20
59,5,16
10,0,53
36,5,51
24,8,11
42,4,9
50,8,43
51,7,52
55,5,8
10,9,22
33,1,30
40,1,19
56,11,53
62,5,10
33,3,48
63,13,37
4,14,9
58,10,27
26,4,20
54,10,40
2,12,0
45,6,4
35,1,19
46,7,59
38,3,8
54,2,11
25,8,9
9,9,23
43,6,44
37,1,14
57,7,22
51,5,54
60,12,55
4,6,30
4,13,19
14,9,21
19,11,5
14,7,26
52,6,56
30,1,25
51,7,26
49,4,17
25,0,37
14,5,28
54,8,0
43,4,48
4,0,38
46,4,21
33,1,21
6,9,26
31,2,39
62,13,46
27,0,28
23,4,53
26,6,13
31,4,14
44,4,8
62,13,34
27,5,55
44,6,39
39,2,13
62,13,57
53,8,61
35,3,42
47,5,49
24,0,31
47,7,34
20,6,21
63,7,8
56,9,54
42,3,52
46,5,22
23,3,27
53,6,57
43,3,22
29,5,8
18,0,62
40,2,11
22,7,17
35,2,6
51,8,63
53,5,17
14,3,32
17,11,8
21,10,3
29,6,5
10,11,18
43,7,43
53,7,60
28,2,22
50,8,44
58,5,14
44,5,56
15,2,34
63,8,24
45,5,6
34,1,45
56,11,47
30,5,53
1,1,37
18,0,36
52,9,44
42,6,39
10,8,24
31,6,55
39,4,37
0,13,4
58,6,21
9,13,5
45,4,28
45,6,5
22,3,27
25,3,52
60,8,25
36,1,31
50,8,39
20,2,50
36,9,60
41,2,12
19,2,32
30,7,58
19,7,21
42,2,13
57,3,10
20,10,7
10,6,27
55,6,5
52,9,50
36,8,59
56,10,28
33,2,45
20,4,27
19,11,0
35,4,0
38,3,34
15,6,26
63,10,27
26,0,39
11,13,14
29,0,35
52,5,19
39,4,5
18,5,26
51,6,57
60,11,29
52,5,8
54,8,61
14,11,15
1,11,21
5,0,39
45,4,22
10,1,36
58,12,38
34,3,49
55,10,32
45,4,32
46,3,51
26,3,23
7,12,1
29,4,19
38,3,49
13,1,33
34,9,60
50,3,10
46,6,35
23,4,23
18,0,35
34,6,53
22,3,52
48,8,60
2,2,35
38,9,60
60,7,22
45,5,46
28,0,44
51,4,17
14,2,56
49,7,0
61,12,60
63,13,55
40,3,48
23,3,52
31,0,28
44,2,20
7,8,26
45,4,24
3,12,1
49,8,60
58,3,13
47,10,62
25,6,60
43,9,60
26,1,29
56,9,55
32,8,63
28,5,14
37,5,53
60,3,13
61,12,30
45,4,27
38,3,7
58,12,41
56,10,55
11,1,35
2,1,36
33,1,45
42,4,51
38,1,21
9,7,27
33,8,57
58,9,1
52,9,63
29,5,13
12,12,15
33,7,56
30,5,6
21,0,44
51,3,9
34,3,37
2,14,6
32,1,37
1,2,37
10,0,52
31,5,2
24,9,7
60,11,58
24,0,42
59,11,62
58,8,3
61,12,62
49,7,36
61,11,63
62,4,13
9,10,22
29,0,29
31,7,56
42,2,21
40,5,38
54,9,39
50,7,38
36,1,9
41,2,30
20,9,14
11,2,35
62,7,21
47,6,46
35,4,2
18,11,3
22,3,51
54,10,29
51,6,3
46,3,21
12,10,22
36,2,2
2,8,28
48,5,53
39,4,51
48,5,50
40,3,12
44,5,46
21,4,58
38,2,2
33,1,34
28,6,7
31,7,59
58,12,39
44,3,23
0,4,33
34,2,36
62,10,26
41,4,33
25,1,29
40,3,8
53,9,47
38,3,48
2,11,23
40,5,52
51,5,20
34,3,48
46,5,50
42,7,56
46,2,15
54,6,5
14,10,17
11,6,27
14,4,31
18,2,31
38,1,22
31,4,11
60,12,48
23,5,21
63,10,3
38,6,54
46,5,6
6,11,21
52,7,3
15,12,5
60,6,22
43,3,12
54,10,34
26,8,8
21,1,48
52,8,28
58,7,24
20,2,55
26,7,9
30,5,10
5,11,22
48,7,37
32,5,1
55,10,53
22,0,34
25,0,41
49,5,22
20,2,51
37,3,40
28,2,48
55,7,3
24,4,54
55,10,44
46,5,48
45,1,13
49,3,13
13,9,22
10,11,21
20,3,29
3,1,35
17,0,36
43,3,10
30,0,42
52,3,11
5,4,32
34,8,57
22,0,46
19,1,48
35,3,36
45,3,22
2,4,33
25,3,51
47,2,12
53,10,50
21,0,47
46,5,49
15,12,11
29,7,0
44,4,36
26,1,44
49,8,42
2,12,21
25,0,39
48,6,36
49,7,2
33,2,34
30,5,8
11,0,56
19,1,50
9,1,36
33,5,0
34,3,39
5,9,24
20,10,11
35,1,26
16,1,58
36,9,61
6,14,13
31,4,5
27,6,56
26,6,56
27,3,23
33,7,58
0,13,19
15,1,53
62,9,3
40,10,62
14,10,18
23,4,61
31,7,58
4,1,37
32,3,47
45,6,44
18,11,12
55,9,26
57,10,61
10,12,16
33,3,8
49,7,27
2,14,15
43,6,43
62,8,6
51,2,11
7,13,16
37,2,10
16,1,34
20,3,56
45,4,50
41,9,60
11,0,58
47,6,49
60,11,59
55,11,48
30,1,23
47,4,51
55,10,27
39,5,52
47,7,42
57,11,38
43,2,16
46,8,61
43,3,26
25,6,18
27,0,39
3,13,2
26,7,6
36,1,10
59,11,46
15,10,16
49,8,34
46,5,23
35,2,47
8,13,17
23,9,2
9,2,34
14,2,53
47,6,33
58,4,15
55,8,60
2,4,32
24,5,62
9,2,32
59,11,50
12,0,49
54,9,60
37,3,5
46,6,37
32,4,2
56,4,14
20,3,57
37,8,59
16,1,57
49,7,60
43,7,59
20,2,30
35,1,20
47,5,30
57,9,27
18,11,13
25,5,63
28,7,60
53,8,54
56,11,36
18,11,7
20,6,23
29,1,37
53,9,29
17,8,23
54,8,59
10,13,11
61,4,14
46,3,9
59,5,17
53,9,40
32,4,6
33,3,13
46,3,16
42,3,47
8,13,15
2,3,35
14,12,2
45,1,14
52,8,51
9,13,13
52,5,20
3,3,34
14,0,51
21,10,5
13,10,19
57,4,9
14,1,51
62,8,25
50,4,8
53,10,31
8,11,19
36,4,41
33,5,53
56,6,20
50,7,27
39,1,16
18,1,63
15,9,22
44,4,26
0,1,37
23,5,58
22,10,0
43,5,7
46,5,25
8,9,23
20,1,32
58,11,39
10,9,24
29,4,52
21,10,4
32,2,18
59,6,7
33,3,12
42,1,17
46,5,26
51,8,31
43,4,52
18,1,49
58,5,18
7,7,27
57,5,15
13,0,52
41,3,51
7,12,19
46,5,8
16,2,34
20,8,19
36,4,49
24,3,53
42,1,15
18,6,25
26,2,48
21,6,22
21,7,18
44,4,49
24,5,56
42,4,45
59,11,53
27,0,30
15,8,21
35,0,20
57,11,46
19,1,62
61,13,36
6,8,25
48,3,16
30,0,34
21,10,1
53,8,26
50,3,16
28,3,22
49,4,9
15,11,14
25,7,16
55,9,62
6,13,1
25,9,1
34,4,1
53,4,9
25,9,2
52,7,2
51,9,34
23,9,11
22,5,58
36,1,30
16,2,32
11,1,34
36,2,6
44,5,6
44,3,20
35,8,58
61,11,29
11,5,30
29,5,11
4,7,27
40,4,5
57,11,49
41,6,54
23,10,0
2,14,17
32,4,9
37,3,44
42,4,7
50,5,23
36,4,36
34,3,35
1,6,32
58,4,9
26,8,6
51,7,27
31,6,1
39,1,14
51,4,9
24,9,8
29,5,6
11,5,28
33,2,43
50,8,27
1,4,35
31,3,16
14,1,55
45,5,34
42,4,44
49,6,23
17,11,7
7,13,18
63,14,38
9,3,33
34,1,33
35,4,3
26,4,19
51,8,52
25,2,51
34,8,61
36,3,40
53,5,15
48,6,48
59,8,5
26,8,4
18,2,50
38,3,42
48,8,59
17,11,2
59,8,24
55,3,12
17,12,4
1,12,0
34,3,40
7,14,10
25,9,4
1,7,30
15,8,22
7,12,20
63,13,59
1,11,23
63,5,15
41,5,37
17,8,21
0,13,20
57,3,11
58,5,17
6,13,18
45,4,30
21,2,61
33,2,17
41,6,56
6,1,35
61,10,0
33,7,55
17,0,61
27,3,49
57,10,59
18,1,50
59,10,27
42,6,41
52,9,34
11,0,57
51,8,29
18,12,4
32,1,30
8,8,26
12,12,2
32,0,43
11,0,53
10,7,26
31,7,61
27,8,2
18,1,51
31,1,36
47,2,14
3,13,17
50,8,46
26,5,55
12,0,37
19,0,36
22,1,47
8,4,31
36,2,12
7,12,0
13,0,57
17,3,31
43,2,23
23,3,61
63,6,9
60,12,49
40,1,16
10,12,19
20,2,52
57,5,8
59,6,8
14,12,12
10,10,22
63,13,58
28,6,55
59,5,8
56,11,49
58,11,51
34,4,5
37,2,6
50,6,5
5,5,31
6,13,4
63,6,11
50,3,9
57,6,5
56,11,37
13,8,23
41,3,30
5,14,8
24,8,15
18,7,24
38,1,18
18,12,5
51,7,60
21,10,12
13,9,21
14,7,24
61,12,32
18,2,53
59,10,28
58,9,26
60,11,30
57,11,41
26,8,2
53,9,41
16,12,4
34,7,57
34,3,36
28,3,48
17,1,51
60,11,61
37,9,62
53,10,32
24,5,20
31,1,34
2,11,22
43,2,12
14,12,8
41,2,24
14,13,4
60,11,56
24,5,22
55,7,21
56,11,51
42,2,17
43,3,24
42,6,2
43,4,28
36,3,1
29,5,15
46,2,11
56,8,0
36,4,39
26,5,62
10,10,20
49,5,25
61,7,5
61,9,2
32,5,51
43,7,57
35,3,39
29,6,58
20,11,3
16,5,27
48,5,20
14,5,27
21,5,25
6,14,6
26,0,42
62,13,58
20,8,18
23,0,45
35,2,45
60,5,21
1,8,27
22,2,51
44,2,12
31,5,3
4,14,5
48,7,42
12,10,21
56,10,32
21,3,53
39,2,14
49,8,48
19,2,62
6,10,24
61,12,39
1,8,28
39,4,0
48,5,21
55,3,13
58,11,33
45,4,36
19,9,19
44,2,21
6,2,35
22,5,22
11,7,27
10,0,54
30,5,7
17,2,51
29,0,30
60,5,20
53,10,36
4,1,35
4,10,24
51,3,11
22,9,6
60,6,8
39,8,59
41,8,57
32,3,11
21,0,45
56,10,39
47,4,22
21,4,59
26,9,1
3,3,35
33,3,18
58,12,34
48,8,61
46,4,49
27,6,14
43,6,54
44,3,19
44,3,26
59,8,3
21,4,57
61,12,43
20,9,15
20,10,14
33,3,41
19,6,25
16,0,60
19,3,30
54,9,24
28,6,61
41,8,59
43,4,29
27,2,24
42,9,61
4,14,8
14,1,53
56,10,43
54,4,10
56,4,9
57,11,45
32,0,27
48,2,14
56,11,34
16,12,13
15,10,20
50,5,22
43,8,60
63,13,33
62,13,48
12,4,30
5,14,16
37,2,30
32,2,37
59,12,53
8,13,14
48,8,43
31,3,12
42,6,55
9,0,53
2,14,10
60,10,28
60,12,41
58,11,59
1,13,20
47,6,39
55,3,10
30,0,43
36,3,33
48,5,6
32,7,58
39,8,57
10,0,37
8,7,26
28,0,30
63,13,56
61,13,44
63,6,10
40,4,34
5,7,29
31,0,26
52,8,27
52,2,11
61,6,8
45,4,10
57,10,56
29,6,6
8,12,19
10,4,31
16,10,17
34,2,42
50,5,7
45,2,12
50,7,49
17,2,56
53,9,43
42,5,0
55,11,50
27,7,9
63,10,28
50,8,30
61,11,28
55,9,55
52,9,30
51,7,24
1,11,1
3,12,19
16,10,19
37,4,50
0,11,23
34,2,35
16,3,30
32,0,28
43,2,20
25,7,13
37,2,3
46,4,24
3,6,31
11,8,24
39,4,35
59,12,46
29,0,37
42,5,54
56,11,35
16,12,1
51,8,51
37,3,35
28,0,31
12,6,27
5,12,18
19,2,53
58,10,58
36,3,48
25,1,45
1,9,27
36,6,55
30,4,10
61,11,30
0,14,14
52,8,24
23,10,3
19,1,63
61,7,23
44,4,52
34,9,62
15,12,14
48,8,42
41,2,13
24,9,9
41,5,43
31,0,42
18,0,48
56,11,31
1,12,2
59,12,49
45,5,48
25,8,5
19,8,21
49,5,6
54,8,56
58,12,45
9,7,26
53,10,41
43,2,15
31,1,41
32,2,46
44,5,7
51,8,26
43,6,40
17,10,14
23,2,62
46,6,0
58,10,62
56,10,40
36,3,5
56,8,4
56,11,54
50,7,39
48,7,2
19,2,29
26,7,8
45,6,47
60,12,39
25,7,12
22,3,59
54,8,57
48,6,32
47,6,57
56,9,24
51,6,53
60,4,12
22,3,62
57,10,28
13,0,51
52,6,4
4,13,17
36,2,45
14,8,24
32,1,23
39,2,29
2,4,34
13,10,21
31,4,50
20,11,1
50,7,48
21,3,60
46,6,3
59,12,40
17,11,12
53,9,50
49,6,25
43,5,5
3,7,29
2,10,25
5,12,19
49,7,40
11,13,11
55,10,52
32,0,29
36,4,38
19,6,22
18,4,29
6,12,20
27,6,17
27,0,42
40,2,22
49,6,2
1,7,28
20,2,56
52,9,37
38,3,2
48,4,20
58,5,16
32,2,38
29,4,17
42,4,47
3,2,34
25,0,45
26,6,18
52,6,6
0,3,36
47,4,9
24,4,63
51,9,40
42,6,56
29,4,18
13,8,24
28,2,47
40,9,59
34,5,51
39,2,31
35,6,53
23,5,56
13,11,19
27,6,60
12,1,36
57,11,33
29,6,4
51,4,15
0,8,28
51,8,32
44,6,56
15,4,30
18,8,21
40,4,0
60,7,24
22,3,53
10,3,32
61,6,9
24,4,21
63,13,45
48,4,18
28,0,36
34,1,31
55,9,24
34,2,32
38,1,28
18,8,20
53,5,7
21,9,13
54,6,4
29,6,63
6,10,23
3,14,14
37,3,33
31,0,25
14,0,58
29,0,39
7,13,15
23,5,22
52,6,59
33,4,1
25,8,14
9,13,14
40,1,22
48,3,9
29,0,26
37,1,15
54,8,25
63,11,29
26,6,17
20,3,27
56,10,31
14,6,27
48,2,13
24,3,63
48,3,17
23,3,63
19,11,4
63,12,49
56,10,29
63,10,2
29,1,25
50,7,29
33,8,58
6,9,25
62,4,12
21,1,31
60,12,32
34,1,25
41,3,45
4,9,25
52,9,45
31,4,51
61,6,6
56,5,9
61,11,61
45,4,49
10,0,51
38,10,62
53,10,35
59,11,61
36,3,3
17,12,5
19,0,45
39,9,61
14,13,7
54,10,31
37,4,41
25,3,23
43,10,62
33,1,31
14,6,26
26,6,58
43,5,46
4,1,36
44,6,40
52,9,52
37,9,63
59,11,47
53,9,24
57,8,23
24,1,31
14,1,33
57,11,56
56,11,43
49,7,48
36,1,12
40,6,56
38,3,40
52,10,48
18,1,48
7,0,37
45,5,25
12,0,55
39,3,11
59,7,6
27,6,15
12,0,50
19,9,16
23,1,30
51,8,44
47,7,39
5,2,34
30,3,51
2,8,27
53,7,61
16,0,49
50,7,41
55,10,62
46,4,30
2,6,30
51,9,50
52,7,56
48,9,62
57,11,40
43,6,55
20,0,45
19,2,60
2,13,3
15,9,21
9,13,15
44,4,9
60,11,57
37,3,47
55,9,28
38,5,53
31,8,63
11,7,26
7,8,25
53,8,23
57,8,2
62,13,38
61,13,40
26,5,53
2,14,7
15,12,7
24,2,27
35,3,43
41,4,7
55,9,54
47,9,61
34,1,43
25,2,48
11,3,31
44,3,51
20,8,20
53,5,6
11,11,19
23,10,2
18,6,26
59,12,42
45,6,38
26,5,63
50,7,1
43,6,3
22,3,50
42,3,50
16,1,60
23,6,20
35,9,61
61,13,34
10,13,5
14,12,4
49,7,34
52,7,59
23,6,21
62,7,24
51,9,62
30,6,54
48,5,28
14,12,1
52,9,47
17,1,34
48,6,5
44,10,62
30,1,39
41,5,3
12,4,31
61,9,3
40,6,41
31,6,53
35,3,35
45,3,11
55,8,1
57,11,44
1,14,16
37,2,5
10,1,34
30,0,31
32,1,31
34,3,7
22,8,15
57,5,7
59,12,41
61,8,6
23,3,26
20,10,9
40,3,9
54,10,48
10,13,4
28,7,2
58,8,4
11,11,20
62,12,48
44,7,40
56,10,34
43,3,11
59,4,12
35,3,6
30,1,36
27,8,3
16,7,25
35,1,29
22,6,20
29,1,38
7,0,38
61,5,20
57,9,56
42,3,10
15,0,59
32,3,14
23,7,19
37,2,8
49,6,57
16,2,31
21,2,52
1,9,26
40,4,36
32,3,19
50,8,33
36,3,45
55,5,19
42,4,32
10,0,56
25,5,56
49,6,52
30,1,34
4,13,6
15,0,62
40,7,55
42,5,6
28,6,14
36,2,7
2,13,18
56,11,42
20,1,48
41,5,7
27,5,53
51,5,18
17,0,62
40,5,37
30,4,51
40,1,21
12,13,6
61,12,61
63,12,29
11,5,29
36,7,55
33,4,4
26,7,13
28,3,20
31,7,57
34,5,0
13,12,1
6,0,38
60,8,3
33,7,57
63,13,63
9,4,30
12,1,53
45,5,36
34,9,61
47,4,50
40,2,30
41,4,45
21,2,31
48,7,30
61,10,2
50,5,53
37,3,6
43,4,11
23,9,1
55,8,62
33,5,1
26,0,28
15,0,36
27,0,27
23,8,11
20,0,33
13,4,29
20,10,6
7,1,35
47,8,59
19,10,14
19,4,29
52,7,54
15,7,23
56,10,58
47,7,59
24,9,1
49,4,55
38,3,46
19,4,28
55,8,59
47,7,41
59,9,3
42,10,61
50,3,14
7,5,31
43,10,63
11,13,6
53,2,12
37,2,33
19,5,26
34,2,16
0,14,16
35,5,51
24,5,21
35,0,21
28,4,17
32,7,57
9,14,6
55,5,20
59,11,59
17,7,22
29,1,24
40,4,9
55,10,29
9,14,9
39,3,48
0,1,39
4,12,0
42,4,8
25,5,55
50,6,3
13,11,17
52,8,63
7,4,32
2,13,16
27,7,5
0,12,21
34,0,26
24,7,14
39,2,26
12,9,24
7,14,13
30,5,9
60,11,60
17,1,60
51,9,33
41,2,23
8,1,36
14,1,58
29,2,46
17,2,31
26,1,47
60,8,24
23,3,62
11,1,53
36,3,42
0,2,36
46,4,51
21,10,6
9,14,13
15,7,24
24,6,19
47,2,15
29,7,61
10,11,20
4,14,13
28,7,8
0,4,35
52,5,21
43,4,9
44,4,24
48,5,51
27,0,32
62,8,23
50,7,59
5,5,30
50,2,11
15,1,34
22,3,54
29,1,44
20,2,31
0,8,29
43,4,8
51,7,22
45,6,40
26,2,47
37,4,36
40,4,45
57,8,3
37,3,49
28,1,27
9,13,6
44,9,61
56,10,61
30,3,49
51,2,12
9,0,37
22,2,53
62,9,26
40,9,61
4,14,12
61,6,21
38,10,61
43,7,42
31,4,10
13,13,11
54,8,22
47,5,6
53,7,2
53,9,33
34,3,3
62,5,18
25,2,50
55,10,36
30,4,12
41,8,60
5,11,21
24,1,48
14,6,28
1,2,35
15,1,52
8,5,30
29,3,18
28,6,6
56,4,10
38,8,58
46,4,53
43,7,58
41,7,56
37,3,46
30,1,26
29,2,24
22,10,2
34,7,55
4,5,31
36,3,47
6,14,10
35,2,9
49,4,18
36,0,21
54,5,16
44,8,59
52,8,52
26,0,30
24,1,29
43,3,49
29,0,28
53,9,39
26,3,52
62,13,44
54,8,24
36,0,20
42,5,38
45,6,3
22,8,17
50,8,41
41,4,35
43,5,36
12,10,20
11,4,30
40,4,6
53,10,48
4,9,24
20,3,58
43,4,46
8,14,9
52,4,15
21,2,32
21,1,32
34,3,12
56,10,56
42,3,30
36,2,5
46,3,11
28,5,16
1,8,29
11,13,9
12,12,16
39,2,12
24,5,58
60,12,45
39,3,45
28,6,4
17,8,20
34,4,49
63,7,24
28,1,39
56,10,37
34,9,59
23,4,57
4,12,18
45,5,24
41,5,6
17,0,50
39,3,10
33,4,10
61,7,24
43,3,21
3,11,21
27,7,3
27,7,12
15,2,57
45,5,49
33,4,8
16,0,62
18,11,1
6,14,16
2,9,27
47,8,43
46,6,57
36,3,36
41,6,43
2,8,26
24,1,28
46,4,31
46,5,35
5,8,26
5,1,37
36,1,13
29,4,15
60,4,14
36,1,18
51,8,42
1,12,1
57,11,50
22,2,62
1,2,36
31,3,15
26,6,16
27,4,19
57,4,12
3,14,10
20,8,17
49,7,3
10,7,28
63,10,1
23,1,48
63,9,5
54,4,13
54,8,54
35,3,5
61,13,42
12,8,25
35,7,56
21,4,26
18,1,33
29,7,1
6,5,30
40,3,44
24,4,22
55,10,47
61,8,25
56,9,26
17,2,59
43,2,19
10,13,10
39,10,61
7,10,23
25,7,14
4,14,16
29,0,33
40,6,55
42,2,18
53,4,14
14,11,16
31,1,45
46,10,63
46,4,29
63,13,34
52,2,12
63,5,10
48,5,7
35,9,60
0,11,1
62,11,63
21,4,25
43,6,4
16,10,16
42,5,2
30,1,38
6,14,15
42,10,62
37,1,19
32,2,42
5,10,23
32,2,21
44,2,13
53,4,15
20,2,29
30,3,50
34,1,21
3,12,20
15,2,54
51,9,63
38,5,52
59,9,25
33,8,62
31,1,46
23,3,49
28,6,9
24,1,46
48,7,58
33,6,53
11,12,16
63,13,57
10,8,25
23,8,13
48,7,35
57,8,24
28,5,12
61,9,5
49,2,13
51,5,55
7,2,33
54,9,62
24,2,49
44,3,50
14,12,13
21,3,28
48,6,31
1,13,19
41,6,55
54,7,3
35,3,1
39,10,62
17,2,32
37,1,20
24,7,15
23,4,54
23,7,17
31,1,37
23,5,55
47,5,52
17,2,53
49,6,24
0,14,7
22,0,43
61,13,38
51,8,35
45,3,18
28,0,34
53,5,18
7,13,17
28,7,0
13,0,49
32,6,54
43,5,44
3,0,40
26,8,9
59,12,51
43,6,57
22,2,28
62,10,27
59,7,23
38,1,19
61,9,0
53,3,11
59,5,15
52,8,43
12,1,54
9,12,19
35,3,41
19,6,24
63,5,17
54,10,43
7,12,18
28,7,3
26,8,0
46,1,14
32,2,35
32,4,10
39,2,24
60,3,12
15,1,36
36,10,63
19,1,47
17,12,1
63,14,37
50,6,55
52,10,49
28,5,52
53,6,56
30,6,6
48,7,29
14,9,23
52,7,57
59,9,2
35,3,33
29,5,9
33,3,9
12,9,22
5,2,33
25,8,3
25,8,8
3,11,0
9,1,35
51,7,1
53,10,37
19,9,15
39,3,50
30,5,13
52,7,53
38,3,41
25,8,12
40,7,57
4,11,22
50,2,10
54,10,39
3,6,30
35,2,34
43,7,41
33,3,6
16,7,24
15,11,16
61,6,7
51,5,56
60,9,26
58,4,10
7,6,30
40,4,35
6,13,3
7,14,5
58,11,48
60,12,53
56,8,22
55,8,21
56,7,5
3,2,35
60,11,31
14,11,18
26,1,27
8,6,28
9,0,56
30,3,22
22,4,54
24,5,60
41,3,32
13,1,34
3,1,38
30,4,16
13,0,59
34,2,46
42,4,33
33,8,61
59,11,57
17,12,9
39,4,4
51,9,30
48,8,46
0,6,30
8,13,6
25,0,40
63,5,20
7,2,34
2,14,14
13,13,7
32,1,33
63,7,23
33,1,29
12,13,7
62,5,19
61,5,19
26,0,41
44,6,1
37,2,4
34,2,43
63,10,4
63,13,48
3,14,8
45,4,31
61,9,4
15,0,58
44,7,42
18,4,28
35,2,14
42,6,42
7,14,8
18,6,24
17,2,34
50,9,47
15,13,7
32,3,50
47,2,13
61,4,11
50,8,36
31,7,60
46,5,47
31,0,27
59,5,10
62,12,53
19,2,58
25,6,57
2,12,2
1,13,6
51,8,43
9,13,1
35,3,47
63,5,12
23,9,7
62,12,30
27,1,47
40,1,17
49,5,20
46,6,4
21,8,17
40,8,57
23,6,18
21,5,23
58,11,29
21,4,55
31,0,30
19,2,54
15,11,17
32,2,39
42,2,22
34,1,28
36,2,8
18,3,31
56,8,21
14,11,17
54,9,29
33,4,3
36,7,56
42,3,51
60,9,1
0,12,20
22,2,30
26,5,18
48,7,33
3,5,32
13,8,25
41,4,37
39,2,10
9,14,8
9,13,4
31,2,20
61,12,52
35,1,44
30,5,5
12,1,33
45,7,44
51,8,61
53,5,19
30,0,26
57,5,14
60,6,21
17,6,24
29,1,41
47,2,10
7,10,22
40,2,21
24,4,24
60,12,46
58,5,20
54,8,2
39,3,44
3,13,4
55,9,27
52,6,57
61,12,51
53,7,53
7,13,4
19,11,6
51,8,49
15,12,3
43,4,35
4,4,32
38,1,31
63,13,40
35,4,40
44,4,53
27,6,9
30,3,21
47,6,48
27,7,10
39,1,13
27,2,49
53,8,59
13,1,51
53,8,58
50,7,31
33,1,20
23,8,14
22,7,20
31,0,31
38,10,63
58,11,56
4,6,29
33,2,41
54,7,22
26,8,10
32,4,1
51,7,25
27,6,11
25,1,44
39,1,23
35,3,40
5,14,5
11,9,22
58,11,42
21,11,4
48,6,25
49,8,31
21,8,19
10,13,16
31,1,31
31,0,34
61,4,12
1,0,41
52,6,22
34,5,53
55,5,15
18,1,35
23,4,55
50,8,62
33,6,54
31,3,20
39,3,43
17,12,11
6,14,7
3,12,2
40,6,40
42,4,36
58,11,35
49,5,52
29,7,58
1,13,5
12,6,28
12,12,0
49,3,16
9,13,2
12,11,19
6,6,29
46,6,39
20,7,22
27,0,37
49,5,21
4,14,11
37,1,26
12,13,12
22,4,55
57,11,30
36,1,20
39,1,17
42,5,37
11,1,33
31,3,18
13,7,24
39,7,57
57,8,4
44,1,16
3,10,22
51,7,53
21,7,20
10,10,21
32,0,30
45,5,32
57,4,10
56,10,60
28,5,54
61,12,47
41,3,31
30,6,1
17,12,8
40,2,26
26,0,37
46,4,28
5,3,33
55,10,33
24,9,2
62,13,40
43,6,39
55,8,57
32,4,4
58,11,28
41,4,6
27,8,0
14,13,11
30,6,56
9,14,11
15,5,28
20,2,53
24,5,61
30,5,3
52,7,4
16,2,57
31,2,38
16,12,3
41,2,29
44,5,53
55,6,20
19,7,22
45,5,33
29,3,51
44,3,27
54,10,35
35,7,55
22,2,48
58,6,22
50,9,62
56,8,3
21,2,50
44,1,14
7,14,11
61,4,13
35,9,63
11,13,7
12,13,8
53,9,36
40,3,50
19,1,34
8,3,33
60,4,13
53,6,21
45,3,53
17,7,23
28,6,62
3,0,38
52,6,5
28,6,5
49,6,4
59,12,52
47,4,18
38,3,47
55,9,53
43,4,33
56,11,46
31,3,19
7,13,2
28,2,46
53,9,51
17,6,25
54,10,45
29,0,31
26,3,50
47,7,57
48,7,32
59,11,30
37,2,32
54,10,63
41,4,44
52,9,41
29,2,48
49,4,8
28,8,1
5,13,16
42,8,58
49,8,36
37,1,13
27,2,48
28,4,52
54,7,1
37,3,43
16,0,47
6,12,0
15,12,13
37,1,12
51,8,37
52,9,31
52,7,0
38,2,6
13,13,10
20,10,15
47,7,35
63,12,53
50,5,17
47,5,31
26,5,61
50,8,49
34,2,44
63,5,13
41,4,4
59,6,9
42,3,32
56,10,35
20,0,34
18,6,23
52,8,30
17,7,25
16,0,48
39,4,6
51,9,47
31,7,55
18,10,13
49,8,35
39,6,54
25,4,23
40,4,4
34,1,27
37,1,16
23,5,59
34,2,18
2,14,12
58,12,52
9,1,34
19,11,3
63,13,41
30,7,61
5,4,31
57,11,37
44,4,32
36,3,41
61,12,36
61,13,37
47,3,15
18,10,14
58,11,43
14,0,49
61,4,15
63,6,8
48,3,15
50,6,52
50,8,34
58,10,28
24,3,52
12,3,31
30,6,3
45,2,15
3,13,16
18,2,60
44,2,19
16,6,25
13,4,31
24,5,55
60,11,55
48,3,10
37,9,61
31,1,33
57,11,47
0,11,24
42,2,25
63,12,57
44,6,55
5,7,27
17,2,57
53,9,44
51,4,14
63,9,4
59,12,43
11,13,4
39,1,18
54,10,36
5,1,35
16,11,16
44,4,48
58,10,29
5,9,26
16,1,52
36,4,51
13,1,54
17,0,37
43,4,30
11,0,54
5,14,9
63,13,35
21,9,16
18,7,23
61,8,5
55,8,23
31,5,7
35,3,48
4,13,2
63,5,11
19,11,2
36,1,22
36,2,33
41,5,38
27,4,51
21,2,59
48,7,47
37,3,4
32,5,3
50,9,46
10,1,35
51,6,23
9,0,52
12,13,13
17,0,47
41,9,59
50,8,48
50,7,26
43,5,6
7,9,25
47,5,29
12,11,18
60,12,34
4,7,28
50,8,40
11,13,15
19,2,33
5,14,10
33,0,29
62,13,60
6,13,17
27,0,43
22,0,45
63,12,54
36,9,59
46,6,32
10,0,38
42,4,37
36,4,0
30,4,50
3,13,5
39,3,42
38,6,55
62,12,59
29,4,16
4,1,38
32,7,59
17,10,15
49,3,17
56,10,36
44,6,3
13,12,15
39,5,40
29,7,57
60,7,6
20,3,55
15,12,0
30,6,5
18,1,60
7,9,23
35,2,31
34,3,47
10,0,55
61,11,62
32,1,24
41,4,1
25,5,21
23,3,53
49,3,10
49,6,50
47,5,48
56,8,25
4,11,21
17,0,63
16,2,54
54,8,55
30,7,59
25,4,54
58,5,8
53,5,8
39,3,1
31,6,56
24,8,10
46,7,40
16,0,36
31,4,4
4,10,23
43,3,48
44,3,10
47,6,3
34,0,28
46,2,13
28,6,15
1,12,19
59,9,63
27,5,15
29,5,7
51,9,46
27,0,33
60,12,30
28,2,21
59,7,4
63,5,14
19,2,55
26,5,17
48,6,50
34,1,18
5,2,35
20,0,36
27,5,63
2,7,29
19,10,11
6,7,28
34,0,23
13,3,32
39,4,42
59,12,50
48,6,4
39,6,55
2,0,39
12,0,53
50,5,57
45,3,50
56,11,52
44,7,57
37,9,60
36,1,26
60,10,27
46,6,5
42,8,60
54,9,25
13,1,52
48,4,55
57,7,24
27,0,31
41,3,50
62,7,22
27,4,53
42,3,12
46,5,30
43,3,30
1,14,6
48,5,26
61,9,1
43,4,34
24,4,61
26,0,31
37,1,11
44,5,54
27,6,58
2,11,0
43,3,25
12,0,58
35,3,38
28,3,49
53,7,58
52,3,12
14,0,60
44,7,41
44,6,37
55,9,25
9,14,12
17,5,29
62,5,16
57,5,9
13,10,18
52,10,47
9,13,3
0,10,25
18,9,20
32,5,2
50,2,12
10,3,31
22,9,11
61,5,11
39,7,56
5,0,38
45,4,21
48,4,17
61,12,58
50,5,19
47,5,21
31,1,35
39,1,20
49,5,23
53,7,1
0,7,29
28,2,25
10,13,7
51,5,57
31,5,8
33,4,6
15,5,27
50,5,18
11,13,3
21,7,19
25,2,24
14,5,29
45,2,16
5,14,15
17,12,7
23,4,59
40,3,45
51,9,32
6,11,22
11,8,26
58,11,57
7,14,14
52,9,43
8,1,35
36,3,35
6,12,18
16,4,29
41,3,33
16,12,6
55,10,51
40,2,28
62,11,29
25,2,27
4,13,16
18,1,34
18,2,32
37,6,53
18,0,63
51,7,58
61,8,23
50,9,63
1,5,33
46,6,6
34,5,52
43,2,18
9,10,23
27,2,26
58,10,59
22,5,24
13,1,36
22,4,59
45,7,43
46,5,55
32,0,25
42,5,7
31,6,2
50,4,15
52,8,23
34,4,2
21,2,54
28,4,18
1,1,40
26,7,12
62,5,11
33,2,19
7,13,5
4,14,7
32,5,53
34,2,14
5,14,14
59,4,15
21,10,9
55,4,13
26,4,23
39,1,26
8,8,27
27,8,5
58,11,60
41,4,2
25,2,28
26,7,10
55,9,56
34,4,6
8,4,30
58,4,12
23,1,47
25,5,18
23,5,60
36,9,63
53,8,62
56,10,46
6,6,28
37,2,1
1,3,34
49,8,46
60,12,56
61,12,63
29,6,11
63,11,28
18,3,30
53,6,20
53,9,37
56,5,18
55,7,2
29,7,63
30,3,17
9,11,20
50,8,29
26,6,57
27,5,54
49,6,28
61,7,6
8,1,34
60,11,62
5,9,25
47,2,16
56,11,39
59,11,33
26,8,1
60,12,58
38,1,17
59,11,54
30,1,37
56,5,8
38,4,41
38,4,39
52,9,49
51,7,23
55,10,42
25,6,59
20,1,34
40,8,58
34,1,19
61,12,49
51,9,44
51,8,40
54,9,30
49,8,44
1,12,21
47,3,10
10,12,17
34,1,30
62,7,6
45,3,19
63,13,49
53,8,0
27,6,57
21,2,62
43,5,4
21,3,57
46,6,33
51,6,58
17,3,30
44,4,47
8,0,37
45,2,14
26,0,29
62,10,1
29,5,53
25,0,31
36,2,10
46,7,45
32,3,16
60,12,40
20,2,32
26,4,54
32,1,43
61,12,44
19,10,15
27,5,17
10,1,33
34,2,19
25,6,58
38,9,59
63,13,46
39,3,47
53,9,28
37,6,55
35,1,16
23,5,57
54,7,0
62,5,15
10,12,18
34,4,4
28,1,45
58,9,62
56,11,48
60,10,26
33,3,38
22,5,57
24,0,41
20,11,0
26,0,40
29,0,42
4,10,22
21,10,10
30,5,11
30,7,62
21,7,21
31,3,14
18,11,9
59,11,60
23,8,16
53,7,59
6,2,33
30,3,18
11,10,21
14,12,15
8,13,3
23,9,4
39,3,3
25,2,26
17,7,24
5,13,17
37,2,9
57,11,39
13,12,0
13,13,13
46,5,29
49,3,9
33,2,18
58,11,55
46,5,56
47,5,36
44,3,11
27,0,40
34,2,15
47,7,45
22,0,42
16,12,8
51,8,36
56,5,17
40,10,63
61,12,53
17,9,20
30,1,46
16,5,28
6,14,9
57,9,63
62,9,5
18,5,25
29,7,3
19,2,30
40,1,20
30,5,52
11,2,34
41,2,15
42,7,58
41,4,46
2,12,3
31,2,37
27,2,25
42,6,38
14,9,22
12,2,35
0,19,12
53,8,27
3,11,20
58,7,21
51,6,55
39,5,51
40,3,51
46,4,20
25,7,10
39,4,2
40,1,14
57,9,25
22,8,14
15,6,25
51,9,43
1,14,17
18,4,27
19,7,20
51,6,4
35,3,50
48,10,62
21,1,46
19,8,18
9,1,33
16,9,19
36,3,49
12,13,4
54,8,62
22,9,15
32,1,36
37,5,52
41,5,44
63,14,39
47,7,58
56,10,44
39,9,59
25,3,24
32,2,40
59,12,32
63,12,55
0,14,11
27,0,29
62,12,62
38,3,9
44,9,62
14,10,19
11,10,20
15,10,17
51,8,50
18,9,18
42,5,43
23,6,19
62,6,8
30,0,44
52,7,60
48,2,11
2,14,9
46,3,19
21,10,13
29,6,8
57,10,54
24,6,20
55,9,59
21,6,23
8,14,13
31,5,5
60,12,59
61,12,54
42,3,11
50,3,12
43,2,13
24,8,13
55,5,18
53,6,4
37,7,57
34,4,51
63,13,47
14,13,10
21,2,49
55,10,34
50,8,60
41,5,5
46,3,17
48,8,47
40,6,54
54,3,13
2,0,40
48,7,59
2,13,2
5,6,29
39,4,39
5,12,0
10,12,0
48,5,27
35,4,1
60,10,62
13,11,16
31,5,1
13,12,2
46,2,14
38,1,13
47,6,31
0,14,9
44,4,25
46,6,47
10,6,28
49,7,31
30,0,30
48,7,40
36,2,31
58,10,61
53,8,24
8,2,34
18,2,30
18,3,29
57,10,55
45,7,41
1,10,25
55,8,56
50,5,21
58,11,31
37,4,34
21,3,54
13,3,31
30,1,44
35,5,52
26,1,46
27,3,50
28,6,13
34,3,5
51,6,54
55,4,9
55,4,10
21,2,29
14,1,52
42,5,3
0,0,42
15,9,19
6,0,37
24,5,59
29,5,12
1,0,39
12,1,55
37,4,40
10,14,10
6,4,31
38,7,55
63,12,30
46,1,12
60,5,11
28,7,4
56,10,54
28,7,1
11,10,22
44,4,33
29,3,49
63,13,39
44,4,30
51,8,27
41,2,26
56,11,33
18,2,33
36,6,54
12,0,56
25,5,19
45,6,45
25,6,19
62,10,4
1,1,39
47,6,36
55,10,38
25,7,17
20,11,2
6,1,37
49,4,7
14,12,14
37,4,51
60,4,10
13,0,56
38,2,29
23,1,32
54,8,21
21,9,11
16,4,31
13,2,35
62,12,29
20,5,23
48,6,52
33,1,46
56,9,61
44,5,45
25,8,10
44,6,45
16,0,63
35,3,3
61,6,10
48,7,46
19,2,57
16,0,50
23,2,29
6,0,39
47,10,63
61,12,40
19,4,27
16,0,46
17,1,52
58,10,56
16,12,0
52,8,53
33,2,38
21,2,28
40,10,61
26,2,49
3,13,6
1,6,31
20,10,5
29,3,19
36,3,44
39,10,63
47,5,51
40,2,27
51,3,12
53,10,33
63,9,25
62,12,49
41,4,10
32,5,52
62,10,3
25,2,49
24,0,45
58,11,53
40,1,18
41,4,43
23,3,51
52,6,55
22,2,29
62,8,5
23,0,32
54,5,19
20,11,4
21,5,24
42,7,40
7,3,33
47,6,34
5,14,11
40,3,10
32,4,7
31,4,6
58,11,41
24,7,18
2,2,36
11,11,18
13,13,4
35,1,18
52,9,28
43,1,14
54,10,46
54,6,7
1,13,7
30,1,42
61,12,56
3,7,28
40,2,24
39,3,5
27,1,44
49,7,32
33,2,46
19,0,48
8,2,33
60,12,51
54,10,49
54,10,38
60,5,15
47,6,32
0,0,40
58,12,50
25,0,32
46,7,57
26,1,26
17,11,10
57,10,62
27,7,2
10,13,8
56,4,13
19,11,7
47,3,16
54,5,18
33,8,63
4,2,34
37,9,59
55,9,60
32,2,36
19,2,59
13,6,27
62,13,47
33,6,55
26,4,53
29,0,34
10,5,29
45,6,6
49,7,41
28,6,11
14,1,34
11,13,10
57,11,31
53,7,56
19,2,51
50,7,52
49,8,45
57,6,8
13,13,6
32,1,32
33,2,37
10,13,12
41,1,20
31,8,62
57,9,61
28,2,23
33,0,24
31,4,7
15,0,48
8,14,7
30,6,2
21,3,56
24,4,23
22,0,32
3,14,9
58,5,10
15,10,18
52,8,41
54,6,6
2,9,25
56,5,16
34,2,45
40,4,38
50,4,16
29,0,27
47,6,4
38,1,29
11,9,23
29,1,40
46,2,12
8,13,2
24,0,43
11,6,28
53,9,25
13,13,9
16,6,26
52,9,33
38,3,6
37,3,45
17,11,15
33,1,44
59,4,14
13,12,12
51,7,61
6,7,29
48,7,41
10,13,3
59,11,29
12,12,17
14,0,57
52,7,23
28,7,59
47,5,26
27,1,26
4,3,33
32,3,12
48,2,15
56,9,56
51,8,60
6,6,30
26,3,51
35,2,5
15,3,30
54,7,55
56,6,4
61,13,45
6,4,33
56,8,56
48,5,54
45,6,46
49,2,10
58,7,5
22,2,49
49,5,18
51,8,45
28,7,62
59,11,49
15,1,59
46,4,52
2,9,26
32,5,0
39,9,60
20,9,16
29,7,2
5,3,34
45,4,52
26,7,16
48,6,49
45,8,60
60,6,9
13,1,55
36,2,9
35,3,2
3,13,19
17,5,27
19,1,33
49,6,56
47,8,60
16,12,5
51,8,24
14,12,9
39,2,11
22,9,10
60,7,5
61,12,33
46,4,8
60,6,6
31,5,0
59,4,13
41,2,22
53,9,34
36,6,53
12,1,34
62,4,15
26,1,45
27,1,46
34,4,3
63,6,19
42,5,53
7,14,7
22,10,8
59,9,26
48,4,52
17,11,0
40,3,11
34,1,20
3,14,7
47,5,8
13,9,20
30,6,0
0,10,26
55,10,43
39,1,19
62,5,17
57,6,6
50,7,25
8,14,6
34,3,42
38,1,12
23,3,25
60,11,28
46,2,17
31,8,61
42,5,1
33,2,35
59,5,19
20,5,26
51,9,31
63,7,21
40,5,54
58,12,37
34,1,44
37,1,17
45,2,13
40,4,33
41,7,58
17,1,35
38,2,12
11,3,32
33,2,36
46,4,27
49,5,56
41,1,17
31,0,43
5,0,37
54,8,53
45,4,34
63,6,7
62,6,9
51,8,28
42,5,44
13,7,26
61,13,41
31,6,0
50,7,3
51,8,41
37,1,25
10,13,9
59,11,58
56,9,58
10,11,19
16,11,13
35,1,31
56,9,27
27,4,20
50,4,17
38,4,50
35,1,24
59,8,25
40,4,52
41,3,10
34,0,24
58,12,51
61,12,37
37,2,31
14,0,37
53,7,54
26,2,27
11,0,51
45,4,29
54,4,14
8,4,32
22,9,9
15,9,20
24,4,62
56,11,40
25,8,7
51,9,35
48,5,56
7,12,17
26,6,59
17,11,14
55,4,14
47,7,44
23,8,15
28,4,19
38,1,20
32,1,34
18,2,59
30,2,46
36,4,37
46,1,13
18,2,56
39,3,46
3,14,11
63,5,19
50,6,23
31,3,50
24,2,28
28,4,51
56,8,2
16,2,56
35,2,44
22,8,18
54,5,15
55,9,61
46,5,54
1,1,38
5,13,3
63,8,25
43,6,56
30,7,60
35,1,22
25,1,47
24,3,26
46,6,48
22,3,28
42,3,46
43,4,7
45,8,59
12,8,23
23,9,3
53,4,10
12,11,20
45,9,61
46,2,10
23,2,28
59,9,1
28,4,21
30,4,14
15,13,6
41,6,40
48,7,38
59,12,45
42,5,4
51,7,3
26,7,14
25,8,2
48,6,58
20,10,10
35,3,8
45,7,57
54,9,53
42,2,23
38,4,36
44,9,60
15,12,12
30,7,56
40,5,39
63,8,6
5,14,6
54,9,43
10,12,1
3,9,26
61,12,31
62,9,25
15,12,10
31,0,44
19,9,18
46,6,34
2,5,31
36,1,15
29,1,26
38,2,10
0,12,3
3,8,28
39,8,58
58,9,61
13,1,57
1,10,24
45,4,51
17,4,28
39,2,32
29,1,42
41,2,28
27,6,16
45,4,9
13,1,53
45,7,42
21,2,51
13,9,23
61,12,34
20,1,33
20,11,7
40,2,12
48,6,2
46,5,24
8,8,25
37,4,35
34,0,21
45,6,39
13,13,5
15,12,8
38,1,24
34,0,22
54,6,21
42,3,48
18,2,52
32,2,41
38,3,32
17,0,48
56,7,21
52,7,22
31,2,46
36,5,52
53,5,20
31,2,23
44,7,44
15,1,56
26,4,22
33,0,27
15,8,24
42,4,35
41,4,51
54,9,27
40,9,60
31,1,24
52,8,26
50,8,38
60,9,25
24,0,33
60,5,17
42,3,49
38,1,23
60,4,15
40,5,53
12,2,34
52,9,35
45,3,12
45,5,7
35,1,21
11,13,2
0,5,33
2,5,32
13,1,56
2,14,13
17,5,26
15,2,56
17,2,58
51,5,21
21,10,7
2,3,34
32,6,55
44,7,58
13,13,8
35,2,7
28,5,53
21,2,53
42,3,29
9,5,29
49,6,58
28,6,59
52,6,21
35,4,49
18,9,17
40,6,39
37,4,39
7,4,31
51,3,13
33,3,15
0,13,6
43,3,50
33,1,22
48,6,56
37,8,57
7,6,28
63,12,52
16,6,27
29,6,57
25,1,27
49,6,48
59,10,62
12,13,5
49,8,47
22,2,27
63,12,31
31,3,48
42,4,52
51,3,10
51,8,48
60,5,10
60,5,9
57,4,13
44,7,39
24,5,19
21,0,34
56,9,57
8,13,13
30,3,16
9,13,12
19,11,13
11,6,29
49,7,25
24,8,8
35,2,18
50,8,50
41,5,41
49,3,12
53,8,55
11,1,55
56,10,38
50,6,51
7,10,21
20,2,33
25,0,35
61,12,38
51,9,49
63,13,31
43,2,21
49,7,42
21,9,17
40,3,43
47,6,28
8,12,18
24,5,57
42,5,52
29,4,51
17,0,46
54,5,14
60,12,38
17,2,33
54,10,47
15,0,50
8,9,24
34,2,13
28,6,58
33,3,14
48,5,52
7,13,3
38,2,31
48,7,39
40,5,41
53,9,45
47,7,43
16,1,59
31,3,13
50,7,24
29,2,22
15,1,35
13,11,18
35,1,27
17,11,1
40,4,2
42,1,16
24,6,18
53,9,53
45,4,53
19,1,35
23,2,48
44,5,37
8,11,21
31,7,62
58,9,63
20,0,46
17,0,49
60,10,63
10,5,30
0,12,1
47,5,55
41,6,38
27,8,1
2,14,11
15,4,29
44,6,57
3,14,6
54,10,37
48,6,26
2,13,17
0,14,12
41,10,63
29,5,10
41,2,20
42,4,46
46,4,22
27,5,19
46,3,18
61,10,1
18,1,62
10,14,8
63,4,12
48,7,48
57,5,20
36,1,19
25,2,47
52,3,9
4,8,27
33,2,42
25,5,54
35,2,33
63,5,16
33,1,33
48,6,39
11,2,33
20,6,24
61,9,25
3,11,23
39,1,24
33,1,28
12,0,36
30,6,4
22,10,7
62,5,20
63,13,43
2,13,19
57,4,14
48,6,57
63,13,60
63,7,6
44,4,34
25,9,0
16,8,22
8,6,29
37,1,10
59,10,61
17,4,29
44,3,12
14,1,36
26,1,28
48,2,12
41,4,36
9,6,29
41,5,53
9,6,28
5,14,12
9,14,7
38,2,30
1,12,3
11,12,0
27,5,56
31,1,40
32,4,11
2,11,21
62,7,7
25,8,6
51,5,17
47,6,35
35,4,39
21,10,0
47,5,50
45,6,1
38,4,37
61,5,15
36,2,15
38,7,56
1,0,40
43,6,0
24,0,30
35,2,32
62,6,21
23,9,13
57,7,21
38,1,30
34,6,54
39,4,7
42,2,28
55,11,47
39,1,30
54,7,58
12,1,52
47,6,29
2,7,28
30,5,12
5,1,38
23,4,22
30,0,36
24,4,60
33,1,19
27,4,18
53,8,63
38,4,40
43,4,45
47,8,44
19,3,29
55,5,7
35,8,57
52,4,9
56,9,62
12,5,29
55,10,50
39,3,2
62,12,57
52,9,29
31,1,25
61,12,59
44,5,8
41,3,29
10,6,29
13,6,26
18,11,10
52,3,10
5,13,18
57,11,42
20,7,21
9,12,1
23,4,60
43,5,2
40,2,32
57,6,7
3,4,32
3,5,31
5,13,2
13,12,16
9,10,21
48,4,53
58,11,37
22,1,48
18,1,61
45,4,35
7,14,12
57,11,35
62,12,55
37,1,21
41,3,49
40,2,25
36,1,25
23,1,31
18,7,22
29,0,38
53,6,5
0,0,41
57,9,26
0,7,30
1,11,22
61,6,22
46,6,1
41,5,4
21,1,49
41,2,19
62,13,41
26,5,19
61,13,43
30,0,29
59,12,33
12,7,27
10,2,32
27,4,52
42,2,26
36,1,23
27,6,59
37,3,2
39,4,33
42,9,62
59,5,20
43,4,53
5,10,24
29,7,59
37,4,37
36,2,32
10,14,7
34,4,50
44,7,43
26,5,20
55,10,54
16,8,20
57,5,19
58,4,14
32,0,23
24,2,26
22,5,21
60,12,57
22,4,25
61,12,55
52,9,38
59,5,21
57,6,21
36,8,57
31,5,9
50,6,25
35,2,12
60,12,31
13,0,58
53,3,9
25,0,29
63,13,32
28,3,50
63,8,5
47,4,53
28,3,51
62,13,45
38,2,32
49,7,28
44,5,55
4,14,15
33,2,21
41,4,32
9,13,16
22,9,14
30,5,54
62,13,42
53,2,11
40,4,3
17,5,28
11,13,5
1,14,12
9,8,24
46,5,7
56,6,6
19,5,25
28,8,0
24,3,51
3,14,13
4,9,26
37,1,24
1,5,32
25,4,22
35,2,8
30,0,35
41,3,46
30,4,52
25,6,17
18,2,34
40,2,31
50,8,31
28,7,58
15,12,2
10,13,2
24,3,49
24,3,50
53,10,47
29,3,48
38,3,5
