53,4,49
49,3,41
44,0,34
55,7,59
60,2,37
61,13,59
57,6,41
57,3,32
56,4,33
51,0,29
60,4,38
63,5,44
57,6,57
53,8,40
53,5,44
54,11,62
57,6,55
48,2,40
42,0,31
46,0,46
53,1,54
46,2,45
63,19,60
55,4,49
61,11,59
53,2,54
48,2,37
49,3,32
57,3,36
54,9,43
55,5,44
52,4,37
55,7,53
47,4,34
45,1,42
60,9,52
58,10,60
54,4,34
47,0,47
57,5,40
60,8,54
60,10,45
51,0,58
60,15,63
61,8,46
56,8,59
58,14,61
57,11,61
56,6,48
61,12,50
60,9,49
51,1,47
60,12,51
53,4,61
53,1,29
46,1,43
61,2,37
62,10,55
52,1,56
47,0,43
55,3,32
62,8,48
51,2,58
63,20,62
62,2,36
51,4,32
60,9,57
49,2,33
55,5,56
55,6,50
50,4,44
61,10,51
48,2,50
51,1,51
47,3,34
52,2,45
48,2,33
56,10,62
53,4,52
54,4,51
0,3,63
55,9,60
54,6,58
56,11,63
60,7,54
61,4,38
54,3,50
54,7,43
61,9,52
54,5,55
61,10,55
50,1,30
50,2,30
47,1,34
60,15,61
53,8,62
53,6,40
62,6,43
54,3,32
57,11,63
53,5,34
60,8,46
51,3,36
53,6,34
54,4,47
59,5,39
63,23,61
53,5,61
54,5,45
62,11,56
62,22,61
58,9,50
63,22,57
55,11,61
47,0,45
58,7,53
62,9,53
54,6,44
52,7,62
45,2,32
60,10,52
58,6,53
62,12,58
52,3,61
46,1,34
63,19,59
54,2,53
51,2,57
53,1,30
54,4,32
45,0,29
45,1,33
50,5,33
53,7,40
56,2,31
52,5,47
50,0,28
58,1,34
62,6,44
56,5,48
58,9,49
58,6,42
52,5,37
52,2,30
58,2,33
51,3,50
55,4,48
55,5,51
53,6,49
2,1,63
59,2,34
54,7,63
53,5,48
54,8,40
52,5,40
62,11,57
50,3,39
53,0,28
61,7,46
51,0,57
59,9,44
53,3,52
56,5,49
48,1,30
60,8,56
52,0,28
57,10,63
58,12,61
62,17,63
52,5,48
56,4,52
59,3,37
58,9,58
51,5,33
57,11,48
63,16,55
51,1,30
50,5,40
57,7,45
54,6,42
61,10,56
61,8,48
59,7,48
2,0,62
50,3,42
51,2,30
54,5,46
52,2,49
56,5,51
61,5,37
62,8,49
51,6,42
63,6,44
61,10,57
56,3,35
48,0,46
55,9,42
56,7,50
53,6,63
46,4,34
43,1,33
51,0,59
52,3,54
58,7,45
58,6,54
61,0,35
54,6,59
57,8,49
49,3,39
56,6,55
49,2,35
53,3,50
47,0,30
52,4,34
60,1,35
51,1,54
61,15,60
50,2,48
63,5,40
45,0,31
54,6,34
51,0,28
55,7,58
43,1,34
56,6,44
51,0,53
61,13,50
46,1,46
63,14,58
47,1,44
62,10,52
49,2,38
0,5,63
57,2,35
62,1,35
54,7,40
52,1,55
61,7,44
49,0,46
50,3,37
59,7,43
62,9,50
50,0,58
57,5,55
47,2,34
63,4,39
58,11,62
58,6,55
60,7,45
47,1,37
57,12,61
57,10,48
50,0,53
53,4,35
47,2,47
48,1,41
59,10,60
47,2,45
59,8,48
61,15,63
55,5,48
56,6,51
53,3,46
60,3,35
63,0,36
55,5,36
55,3,31
60,5,37
60,12,50
58,8,58
54,5,43
54,6,40
61,8,47
53,7,43
55,4,53
50,2,47
53,3,32
50,1,62
56,1,31
57,7,52
52,7,61
51,5,32
53,5,38
52,1,29
55,6,57
53,5,57
62,2,38
52,7,39
55,8,42
61,17,60
62,15,58
63,3,39
55,6,38
60,15,62
50,4,32
50,0,48
46,2,50
57,0,32
44,0,31
48,1,34
59,6,41
57,14,60
56,0,30
58,7,52
52,5,38
55,6,43
61,0,34
60,2,35
53,7,62
59,15,62
59,6,42
45,0,30
52,6,41
54,7,41
52,3,43
46,1,50
47,0,48
49,2,37
48,3,41
49,1,43
53,4,63
57,8,45
53,7,59
0,1,63
57,6,54
51,2,44
51,4,42
0,2,63
48,3,36
59,8,55
59,8,57
61,13,60
53,3,31
58,0,33
55,4,50
59,14,63
54,6,35
50,0,50
55,4,54
58,0,32
57,7,51
62,3,38
53,4,44
0,7,63
62,7,48
62,7,45
50,0,54
60,4,40
57,4,38
46,0,30
59,7,49
61,11,58
60,4,37
59,8,46
42,0,32
58,8,45
59,8,51
63,11,53
45,0,35
49,0,59
60,11,58
59,4,37
51,0,49
56,9,63
49,0,62
52,4,42
0,0,60
55,3,52
51,4,36
49,0,44
51,0,56
58,8,57
55,6,47
62,4,40
54,5,49
48,3,50
47,2,33
53,9,61
58,6,51
63,12,53
53,6,41
56,7,59
53,7,60
62,16,60
51,1,63
62,15,59
57,9,49
59,4,40
61,9,51
52,4,38
54,7,59
57,12,60
48,1,36
51,3,43
53,6,48
54,5,56
60,9,46
60,11,46
48,2,36
63,22,58
46,0,39
57,2,34
53,8,39
48,1,48
59,7,53
54,6,51
56,6,45
52,3,57
55,6,39
52,4,36
62,20,62
58,8,50
54,4,48
54,5,37
56,8,48
57,3,37
51,5,39
61,5,41
58,10,49
52,1,50
63,17,62
59,10,44
51,4,31
58,5,38
48,2,43
51,0,60
53,6,58
45,1,44
59,10,57
58,11,60
47,1,45
63,7,46
61,16,60
52,5,39
56,6,42
46,2,35
58,5,39
52,4,63
53,0,30
56,6,40
49,2,43
49,3,34
52,6,42
57,6,40
51,2,59
52,5,41
56,7,53
61,6,42
44,0,30
48,1,43
53,8,61
47,0,40
56,5,39
46,1,36
62,6,42
51,2,50
58,6,41
43,1,30
49,0,58
52,2,57
63,7,47
53,4,55
57,10,49
0,0,61
53,6,38
54,8,42
56,3,34
57,0,31
46,0,32
55,5,53
60,16,62
54,5,38
46,2,34
58,8,47
53,5,41
54,6,36
49,2,44
46,2,49
53,5,62
53,9,60
54,5,58
63,1,35
54,10,62
51,3,58
53,5,35
48,1,44
50,1,46
52,4,49
46,1,33
62,8,50
49,1,44
47,0,36
59,14,61
62,10,57
54,4,52
52,2,55
63,13,55
51,3,59
55,7,44
55,5,37
61,1,35
63,15,56
63,22,63
55,6,40
55,4,33
50,0,51
58,7,49
52,6,43
52,2,63
50,3,32
54,5,35
59,9,56
48,2,32
44,1,32
62,9,52
62,12,59
48,1,38
60,5,41
60,8,53
60,10,51
50,2,43
52,3,46
45,0,33
50,3,36
50,0,27
45,1,31
49,0,49
59,2,36
50,1,50
52,4,58
59,15,61
63,14,55
53,5,36
51,2,43
61,4,37
59,0,33
44,1,43
54,9,62
57,6,44
55,5,49
57,6,49
58,7,43
59,9,58
48,1,42
51,4,38
49,0,60
51,2,46
63,7,48
58,14,62
52,4,59
51,0,50
62,20,61
59,8,52
63,16,56
59,8,45
49,1,31
52,0,29
54,6,48
62,6,45
49,1,48
50,0,63
49,2,30
50,2,32
54,8,59
62,4,39
63,14,56
52,6,38
55,12,62
59,7,55
60,1,34
56,6,46
46,0,40
53,4,45
49,2,41
46,0,38
60,11,52
50,0,59
1,1,63
63,12,56
63,16,57
62,1,36
61,6,44
56,6,47
57,10,60
49,2,40
61,9,50
47,1,33
51,3,49
51,2,61
55,5,57
52,1,30
56,6,50
46,2,33
62,16,63
43,0,29
51,5,34
45,2,43
54,6,49
61,8,54
61,3,37
58,4,39
53,3,51
1,0,61
58,9,59
47,1,30
51,3,33
49,0,61
61,2,38
46,0,42
63,6,43
59,5,41
63,18,59
59,7,50
50,4,40
60,10,59
48,1,35
55,9,62
52,4,62
63,6,45
51,0,55
48,1,31
58,9,57
63,23,60
53,4,46
55,7,42
57,7,48
56,10,61
49,3,36
54,8,63
60,9,51
61,2,36
60,11,51
48,3,34
55,0,29
59,7,54
62,18,60
60,2,36
55,6,33
58,7,51
62,13,58
56,5,47
56,10,60
58,6,50
2,1,62
58,13,60
63,23,62
63,9,49
54,7,42
49,4,35
61,3,38
55,5,34
44,1,31
46,3,33
55,3,33
56,6,58
58,11,61
63,4,37
63,10,52
55,8,43
53,2,55
47,1,49
57,5,39
52,2,54
63,1,36
52,5,60
53,1,52
53,4,51
50,5,34
48,0,47
60,6,43
60,8,55
45,2,33
60,0,33
59,13,61
62,13,57
53,8,59
60,5,38
53,2,52
50,2,45
0,4,63
54,5,34
63,10,55
61,9,48
60,6,41
52,8,41
53,7,63
61,16,63
63,21,57
53,4,42
52,5,43
63,14,57
47,1,32
63,17,59
52,4,60
63,11,52
55,9,61
46,0,36
51,4,34
49,0,48
56,1,30
58,0,31
4,0,63
54,4,55
58,6,56
48,0,28
46,3,34
54,3,31
56,5,34
55,8,44
44,2,33
44,1,33
50,1,51
59,16,61
60,10,44
63,18,62
60,7,44
58,9,44
47,0,34
55,8,51
60,11,47
56,3,33
51,5,43
49,1,41
63,13,57
42,0,29
62,8,47
45,1,36
59,3,36
63,21,62
50,0,61
60,9,47
57,6,56
54,4,46
57,7,50
54,9,59
51,0,54
55,5,50
60,10,57
56,5,55
56,6,39
52,4,57
63,21,59
52,4,39
57,7,56
62,7,44
51,4,48
54,0,28
47,0,41
55,6,45
51,0,52
54,8,35
59,10,59
60,13,61
55,10,61
50,4,33
60,6,42
48,1,49
54,8,39
52,3,56
53,6,44
47,1,46
53,5,37
57,8,58
56,4,54
52,4,41
4,0,62
49,1,45
50,1,29
49,0,45
49,0,27
54,5,44
60,12,59
57,9,50
58,5,40
57,7,42
52,4,35
58,3,35
57,13,60
56,11,62
56,8,50
53,4,48
55,6,59
62,7,47
55,3,30
52,4,32
0,8,63
63,12,54
58,7,46
61,8,53
58,13,62
51,1,56
51,3,32
60,16,61
57,7,47
49,0,28
58,8,44
57,6,39
45,1,43
54,10,61
44,0,44
50,4,38
56,5,52
57,7,43
48,0,50
50,2,59
54,4,57
46,0,50
60,7,46
61,11,50
51,4,49
54,5,42
62,9,54
62,0,34
43,0,30
59,6,43
62,10,50
52,0,53
55,7,51
50,4,31
55,1,30
60,0,34
0,6,62
60,9,54
56,6,43
55,6,46
45,1,30
62,12,56
54,3,49
61,8,52
62,17,61
59,12,60
62,11,58
61,14,59
61,15,61
46,2,46
49,0,57
54,4,44
62,7,42
53,6,59
63,18,58
56,7,43
46,0,44
51,3,48
58,10,61
54,7,39
48,2,49
59,9,45
60,8,47
43,0,34
63,5,43
48,1,50
53,3,49
63,21,58
51,5,42
53,5,43
48,2,39
57,8,50
57,6,47
58,8,51
48,0,48
52,4,48
52,5,61
63,15,58
49,4,39
43,0,44
48,2,47
59,9,46
56,4,37
49,3,38
46,0,35
57,5,52
61,3,39
51,3,60
58,4,37
59,7,44
49,4,37
1,0,60
60,0,32
52,1,52
53,5,46
60,11,60
54,3,53
51,3,35
60,8,48
54,6,39
46,0,31
63,18,57
57,5,51
45,0,44
58,3,36
52,3,60
54,7,35
52,4,40
51,1,48
51,3,40
57,9,58
47,0,49
53,3,62
61,16,62
51,2,48
57,9,59
1,1,62
56,6,52
51,3,31
52,3,48
51,6,39
59,0,31
44,0,49
56,9,51
46,1,32
52,5,49
61,17,62
47,0,33
53,2,56
57,9,60
47,0,37
53,2,50
51,2,60
61,11,57
49,0,63
63,20,59
58,2,32
53,3,53
61,9,53
60,10,47
59,7,56
57,11,60
54,8,44
60,14,61
52,3,62
59,8,50
59,0,34
55,5,39
54,4,45
48,3,37
50,3,38
53,7,39
63,8,48
63,6,47
61,5,42
56,7,49
50,2,44
52,5,42
57,14,61
49,2,48
55,4,51
51,6,43
53,5,40
43,0,28
63,13,56
62,5,40
51,0,51
46,0,43
63,10,51
60,8,52
61,9,54
48,2,48
48,2,41
59,9,51
63,22,62
52,3,31
51,4,39
50,0,49
62,0,35
54,8,60
53,6,36
60,5,40
51,1,62
54,4,35
58,2,34
49,2,29
50,3,44
52,2,51
54,11,61
63,12,55
50,2,42
50,1,45
54,6,43
56,3,32
53,4,47
52,4,44
46,0,49
60,7,52
47,0,44
54,6,57
55,7,43
63,8,50
51,1,50
60,12,60
54,5,57
49,3,40
57,10,62
58,9,48
54,2,30
52,3,59
47,3,45
49,0,47
43,0,33
56,5,37
46,0,29
51,1,59
48,4,37
56,2,30
50,5,43
57,8,59
61,7,47
57,6,48
56,9,60
56,4,36
54,5,39
58,7,57
48,1,29
55,4,32
63,4,40
49,2,31
51,1,58
56,11,60
56,7,51
60,3,36
54,0,30
54,9,63
58,7,56
63,9,50
3,1,63
56,6,41
46,0,34
62,19,61
56,7,42
63,6,42
59,11,59
44,0,32
48,4,40
54,4,54
52,7,41
54,7,44
61,17,61
1,2,63
58,6,43
49,3,33
59,7,52
47,0,32
63,8,49
58,12,60
57,6,50
54,6,41
55,6,51
58,2,35
48,3,33
50,3,35
53,3,56
54,3,51
49,3,48
1,3,63
44,0,29
50,0,56
56,3,36
60,7,53
59,3,38
48,0,49
51,5,38
63,15,57
56,10,63
50,0,57
59,9,57
48,1,33
63,7,44
52,4,33
2,0,61
55,0,30
58,7,47
47,0,46
49,0,56
61,4,40
63,5,41
62,9,49
55,8,63
48,1,37
59,9,47
59,7,51
57,0,30
46,0,41
61,6,43
51,3,61
58,7,48
51,2,47
60,9,55
52,7,38
60,14,63
49,1,29
60,9,44
59,10,45
56,9,59
61,12,59
53,4,59
49,3,37
51,2,49
50,3,31
45,0,36
60,7,43
62,10,51
55,6,44
63,22,61
55,6,34
54,2,31
50,1,63
50,4,36
53,3,57
48,0,43
59,8,49
45,0,49
58,10,59
63,5,42
52,4,47
3,0,62
55,5,43
53,5,42
62,14,60
56,7,44
44,0,43
58,4,38
50,5,39
63,18,60
63,19,61
55,10,62
63,20,63
49,2,32
49,0,50
62,19,62
51,4,44
47,2,41
52,6,48
53,4,58
50,4,39
57,2,32
62,9,55
60,4,39
56,6,49
62,17,60
58,10,48
50,1,48
52,1,53
58,7,50
46,1,35
59,1,35
59,8,47
52,2,58
57,8,48
53,7,35
62,2,37
59,2,35
50,1,49
52,2,46
51,4,40
61,0,33
61,7,45
58,1,32
63,0,34
55,10,60
61,12,60
52,6,40
55,8,60
58,7,54
48,0,44
61,9,49
48,1,32
47,1,48
47,1,39
63,0,35
59,13,63
47,2,48
63,22,60
55,7,50
53,9,62
54,4,50
62,12,57
50,4,35
48,0,42
54,7,38
0,1,62
56,6,56
49,2,36
54,0,29
50,4,43
53,2,49
61,10,52
1,0,62
53,4,43
46,3,45
61,1,36
54,8,38
57,7,58
48,3,40
0,5,62
56,5,38
47,1,40
47,0,29
50,3,43
63,18,63
62,10,54
53,3,54
57,4,36
57,10,61
50,4,34
52,0,52
63,7,49
51,1,60
53,5,63
50,1,47
54,1,29
55,11,62
44,1,30
47,4,33
56,5,53
50,4,37
57,5,53
57,4,37
51,4,41
48,0,45
48,2,31
56,7,48
53,3,30
57,6,52
48,2,35
54,5,40
53,3,45
63,12,57
59,3,35
63,15,55
55,6,41
63,16,59
53,4,56
47,0,39
52,1,54
55,5,46
44,0,33
55,2,30
52,2,50
53,7,44
49,3,35
59,8,56
63,20,60
57,6,53
48,2,34
63,3,38
55,5,33
58,13,61
63,13,58
0,6,63
60,8,50
45,2,36
54,8,62
53,6,60
59,7,47
51,3,41
52,2,62
60,13,50
63,11,54
61,2,35
54,4,56
47,1,36
57,7,57
54,4,33
56,4,35
63,21,61
54,8,43
57,5,54
60,11,59
52,5,59
59,0,32
63,16,58
47,2,46
56,8,53
51,2,31
50,1,44
51,0,27
60,9,56
60,9,45
54,5,48
61,12,51
63,20,61
51,2,62
56,0,29
51,1,29
52,4,43
62,10,53
57,5,38
52,6,39
56,12,62
52,3,51
56,7,45
54,5,50
54,9,44
56,2,32
47,1,35
53,2,53
59,4,39
60,3,38
47,0,38
57,3,35
57,6,42
53,3,48
58,5,41
52,0,27
57,13,61
55,2,31
53,1,53
59,14,62
53,4,34
48,0,30
55,4,35
47,0,42
59,12,63
54,7,36
59,1,33
50,4,48
53,3,47
51,2,51
56,7,52
60,11,50
60,8,49
2,0,63
49,0,29
51,3,42
50,3,34
46,0,45
60,9,50
52,0,54
58,6,40
47,2,35
56,5,54
48,3,49
55,5,47
52,2,31
55,4,36
63,23,63
60,14,60
53,4,32
44,2,32
63,15,59
46,1,45
45,1,32
57,6,51
56,4,53
50,2,31
55,5,38
53,4,57
62,15,60
62,5,41
48,2,38
54,4,49
46,0,33
57,6,46
57,3,34
52,8,40
62,3,39
58,3,37
45,0,34
60,3,39
63,19,63
63,11,55
61,16,61
49,1,30
55,5,55
47,1,31
55,8,50
53,6,43
52,4,45
56,4,34
54,8,41
53,5,58
53,5,59
55,3,53
63,20,57
53,7,36
50,1,61
52,3,47
53,6,62
57,7,44
62,17,62
52,5,36
49,2,42
50,3,40
45,1,34
45,0,37
57,2,33
59,10,58
52,3,55
45,0,32
51,1,55
54,5,47
58,13,63
49,4,40
56,5,50
53,2,30
59,13,62
63,17,63
62,14,59
59,5,40
63,2,36
52,2,47
50,1,59
47,1,47
50,3,33
50,3,48
59,7,45
45,0,42
61,8,49
49,2,34
54,6,38
62,5,42
58,12,63
52,2,61
53,4,62
3,0,63
54,9,61
58,8,49
47,1,38
57,1,31
63,3,37
51,1,52
57,7,46
53,8,38
60,13,60
56,8,51
57,2,31
61,10,50
51,4,33
62,10,56
62,18,61
59,8,44
50,2,49
51,3,44
62,17,59
62,11,50
62,23,61
61,9,55
63,17,60
47,0,31
51,2,63
49,1,47
51,4,35
52,3,44
52,2,56
59,4,38
63,10,54
48,1,40
54,3,54
48,1,47
61,4,39
58,6,52
58,8,48
53,4,33
45,0,43
63,2,37
54,9,60
49,5,35
50,2,40
61,5,40
50,0,60
59,11,60
62,9,51
53,5,60
47,3,33
62,6,46
55,4,37
53,5,39
56,8,49
46,0,37
62,13,59
51,1,61
55,7,38
61,10,58
53,2,51
62,16,59
46,1,49
63,6,46
63,17,58
50,0,29
63,10,53
43,0,32
60,8,45
57,7,49
53,5,45
57,8,44
59,8,54
63,17,57
58,7,44
62,7,46
58,7,55
50,5,44
51,1,49
54,3,52
61,14,60
51,2,45
62,16,62
59,9,52
55,5,45
53,8,60
45,1,29
53,3,55
52,3,49
63,12,52
56,5,56
58,11,63
53,6,35
52,7,40
56,7,41
51,4,37
52,5,35
52,3,63
61,9,56
47,0,35
53,6,39
52,4,61
60,10,46
55,5,35
62,16,58
48,0,41
63,21,60
50,3,41
57,11,62
55,6,56
57,3,33
54,1,30
56,7,58
50,0,52
43,0,31
55,4,52
58,1,33
52,3,32
51,1,57
60,2,34
52,1,49
50,2,41
44,0,48
61,7,43
57,9,48
46,3,35
62,23,62
58,12,62
56,11,61
56,0,31
55,8,59
48,0,29
47,1,41
59,12,61
54,3,30
60,8,51
60,10,58
52,2,48
52,5,44
63,19,57
50,0,55
54,5,36
49,2,39
53,7,41
59,14,60
57,6,45
55,4,55
52,2,52
53,7,61
49,1,46
55,6,42
55,6,58
60,3,37
63,9,51
52,3,45
54,5,41
53,7,38
51,4,43
55,9,63
52,3,58
58,8,46
61,11,51
55,4,34
56,7,57
63,11,51
49,1,42
56,6,53
55,3,54
0,1,61
50,0,62
53,0,29
56,6,57
59,1,34
48,1,39
