51,19,23
46,16,17
0,12,50
50,23,33
57,21,26
20,16,62
5,13,49
17,17,38
13,10,6
41,13,7
50,16,6
29,14,19
17,16,29
35,13,13
0,12,21
24,17,35
10,9,1
58,20,26
57,17,14
32,16,24
15,17,31
22,14,23
40,21,34
14,17,38
49,23,35
30,18,36
35,16,23
37,23,51
21,11,9
38,12,3
0,15,36
54,17,2
20,16,59
17,15,25
41,21,31
51,16,2
58,17,15
50,22,30
52,17,19
7,11,11
58,18,9
22,17,34
1,10,11
31,21,53
22,17,33
46,15,2
13,10,9
30,12,3
17,16,48
18,18,39
29,21,50
2,12,57
49,19,24
0,11,54
61,19,6
3,13,61
40,22,36
13,17,35
58,18,22
33,12,5
40,22,37
10,14,22
6,15,40
32,21,44
5,14,47
20,15,27
13,14,22
18,11,3
15,13,19
3,14,26
16,17,33
9,9,2
28,12,10
16,11,9
14,15,53
35,20,36
57,18,12
40,15,19
28,20,57
42,16,20
40,15,17
23,14,23
24,12,7
34,22,63
7,9,2
22,18,42
60,23,31
12,17,39
34,18,31
49,15,3
53,16,16
62,23,31
35,12,7
43,13,0
29,20,60
32,12,7
16,11,6
11,13,16
40,16,20
12,10,10
25,12,11
34,18,30
5,16,40
16,16,52
25,12,16
11,14,51
35,23,63
34,12,1
41,18,24
40,15,18
55,17,10
30,14,21
31,19,35
9,13,16
13,17,30
40,13,10
11,14,19
0,14,28
1,15,40
41,14,4
2,12,16
0,13,24
3,12,15
5,13,47
5,12,16
56,18,20
33,22,61
10,12,15
8,9,3
1,16,35
38,21,34
19,18,39
2,11,18
47,22,33
44,18,21
6,11,13
24,18,57
61,23,31
46,15,11
15,17,44
2,13,24
35,17,26
54,20,24
48,21,28
24,11,7
44,21,29
5,14,23
48,17,18
57,23,32
42,14,5
58,17,13
16,11,8
22,11,4
8,10,8
44,14,2
35,22,46
50,15,0
23,11,8
46,15,5
12,17,33
53,18,21
52,20,26
19,15,24
28,19,43
6,13,60
24,15,27
20,17,35
21,13,21
9,14,56
19,11,13
34,14,16
57,22,30
6,14,24
8,14,50
7,16,39
9,13,58
55,21,26
33,17,29
42,23,40
38,21,40
34,22,62
35,21,41
23,14,24
45,14,12
29,20,59
35,23,49
4,11,13
61,19,18
37,18,28
58,17,19
23,18,56
35,19,31
0,11,52
4,16,37
25,19,46
16,10,0
4,13,63
8,16,28
6,13,55
2,9,2
1,13,25
5,13,51
57,23,31
9,9,4
59,18,20
58,18,19
32,19,35
22,11,5
8,13,17
20,15,24
46,15,1
52,22,30
9,16,30
61,19,2
59,17,14
49,17,18
42,17,20
40,15,16
23,11,4
32,15,20
31,18,32
41,14,12
6,10,10
35,23,57
40,22,38
27,14,24
24,15,26
44,14,14
21,17,55
49,23,32
28,12,7
0,12,51
42,20,30
26,19,40
9,17,35
10,10,7
24,12,16
35,19,30
36,18,29
0,11,20
4,13,51
11,14,62
26,14,22
19,11,8
15,10,2
5,13,61
11,10,2
49,21,28
15,13,17
4,13,47
6,11,12
36,13,8
25,11,5
24,18,59
12,14,61
22,12,10
29,12,4
25,19,60
37,19,29
61,20,10
46,14,15
52,17,5
15,17,37
23,18,45
15,16,53
32,21,59
56,18,11
30,12,9
38,13,4
2,13,27
4,9,3
12,17,41
36,13,12
16,13,18
30,13,16
43,14,10
4,14,26
5,12,58
53,17,2
19,14,23
7,12,59
55,20,25
57,17,17
47,20,28
55,18,7
9,13,57
18,18,40
26,19,58
58,18,8
20,17,56
16,10,6
4,12,16
35,13,11
58,19,5
55,19,23
12,14,56
31,21,51
10,10,8
36,20,38
31,19,36
41,18,25
30,20,44
22,18,52
29,12,12
20,18,43
22,12,13
16,13,19
13,14,21
34,21,46
6,13,56
61,21,27
58,19,2
3,14,43
27,18,37
32,21,63
58,20,24
32,19,38
32,16,23
1,11,20
39,23,45
20,11,7
27,15,24
0,10,14
53,21,27
43,14,6
14,15,52
52,16,4
49,23,33
29,20,42
57,19,21
46,17,21
11,10,6
2,11,17
11,16,40
62,21,27
35,20,37
39,21,36
42,17,22
32,17,26
63,18,22
3,12,49
16,16,48
37,23,61
19,17,35
1,15,41
46,22,35
25,19,61
6,14,26
48,17,21
26,12,5
2,8,2
1,9,5
0,12,61
48,15,9
31,19,38
7,16,33
57,18,19
21,17,35
49,19,22
37,20,34
49,20,27
63,19,13
48,18,23
20,17,58
12,10,0
33,17,28
2,10,9
29,15,25
22,17,57
16,16,53
2,14,44
46,14,13
14,17,28
49,20,24
14,14,19
32,18,32
48,14,13
17,15,62
45,15,8
47,21,31
25,11,3
5,12,15
19,13,20
22,12,11
1,12,22
63,19,19
40,20,29
3,13,21
48,15,6
51,21,27
47,21,29
2,12,61
33,22,58
24,12,10
33,15,20
35,18,28
26,19,46
23,12,13
57,16,15
24,11,2
8,11,11
14,15,61
55,16,16
36,20,33
29,19,42
63,19,25
55,17,7
4,16,33
41,22,36
8,14,45
8,16,31
18,15,62
48,20,28
34,23,58
21,16,31
20,17,43
19,18,35
33,14,15
33,22,59
21,18,44
17,17,32
15,12,14
63,21,27
24,16,29
47,18,23
0,13,63
2,15,29
4,11,12
1,9,7
16,12,13
58,21,26
37,22,45
25,18,41
3,10,11
11,14,57
32,21,60
31,11,0
36,14,17
11,10,5
12,14,20
62,18,20
46,14,3
22,17,32
27,16,26
59,19,9
11,16,29
36,17,26
52,21,29
19,14,21
9,15,45
21,14,23
0,13,47
10,14,54
4,12,58
1,16,36
4,9,0
17,16,54
43,22,34
28,19,63
0,12,60
44,14,8
11,17,38
39,22,43
35,11,0
63,18,14
29,21,49
41,19,28
26,19,49
11,10,4
14,12,14
37,13,4
56,17,19
30,18,35
31,19,37
43,21,32
44,14,10
24,11,1
31,12,9
37,13,14
30,15,22
28,19,39
61,19,13
4,12,59
12,14,52
30,12,4
42,13,3
20,11,10
33,16,25
40,23,44
31,20,45
5,12,59
58,19,4
12,17,36
14,17,37
10,16,44
2,13,44
38,22,38
46,15,6
39,15,17
35,20,38
56,18,2
7,9,1
58,17,18
51,20,25
26,12,9
17,17,46
12,15,25
46,15,10
10,14,53
46,14,1
35,22,44
34,14,15
4,13,23
24,18,42
16,10,3
17,13,18
36,23,63
58,17,17
55,17,9
11,14,21
18,13,17
33,22,51
10,14,47
33,13,8
56,18,9
3,15,28
63,22,29
27,13,20
53,16,12
2,12,62
0,8,0
31,21,48
56,19,21
23,18,57
41,19,26
0,10,11
49,22,30
11,10,9
7,13,58
9,10,6
31,20,41
35,23,55
15,15,58
15,17,43
13,15,48
50,19,24
63,19,12
29,21,53
38,21,37
6,15,44
34,22,56
30,20,59
26,17,35
53,17,4
26,15,28
46,22,31
28,19,42
11,16,39
26,15,25
44,21,32
34,23,54
26,19,54
35,23,60
17,11,2
43,14,14
33,21,46
32,15,19
11,14,56
31,21,58
58,19,23
19,18,41
44,16,18
38,17,25
34,22,60
51,16,9
23,16,31
14,10,4
41,17,21
8,13,60
27,19,40
30,21,52
0,10,16
23,16,30
40,20,33
38,14,16
37,18,26
26,11,3
21,17,48
5,11,14
17,12,17
28,19,44
48,15,10
30,11,1
43,17,20
23,17,35
15,17,40
16,17,46
44,23,37
21,13,19
32,11,0
3,9,5
19,17,53
3,9,9
45,19,26
36,20,34
59,22,28
39,13,11
28,18,36
14,16,27
51,19,24
28,19,61
7,16,41
43,14,16
57,18,0
17,13,19
59,17,15
61,18,13
29,16,26
19,17,47
36,17,24
21,12,14
37,12,1
48,15,5
31,21,56
53,17,1
54,22,31
54,19,22
25,19,50
32,13,9
32,20,41
39,20,34
20,17,45
0,15,40
15,15,48
12,14,58
49,15,15
2,14,27
36,22,44
61,20,8
54,18,21
62,19,16
29,20,61
43,20,28
58,19,3
1,16,37
3,15,40
11,14,59
30,19,39
39,14,12
23,18,41
36,13,6
31,14,20
52,17,4
36,23,50
9,14,57
8,16,37
26,19,45
26,13,20
10,17,36
4,16,35
26,14,21
1,10,12
29,14,20
31,13,12
33,12,7
22,16,31
36,13,10
16,15,62
58,22,29
45,14,14
12,14,53
41,21,35
16,15,59
61,20,27
27,19,48
44,19,24
1,10,13
14,14,60
44,14,15
25,12,13
63,22,30
37,21,38
12,13,63
43,14,2
59,19,8
34,21,42
26,18,40
25,11,4
31,16,25
16,13,17
0,9,9
35,21,45
12,17,37
29,15,26
16,17,29
3,14,29
59,18,13
60,21,28
41,22,39
50,16,12
5,13,53
34,22,58
17,10,1
31,14,18
36,21,41
21,11,0
9,15,24
4,15,42
10,13,61
45,17,21
2,15,30
15,17,36
46,20,26
26,18,34
59,18,10
31,21,44
44,15,16
38,23,45
23,15,27
8,14,54
24,18,40
1,11,14
0,12,63
18,16,59
56,22,29
17,18,38
22,18,41
18,17,50
21,18,35
18,12,17
25,18,37
54,21,26
23,18,36
59,17,18
30,11,0
31,12,2
52,16,5
5,9,2
18,17,39
1,12,52
42,19,25
9,16,29
3,16,38
35,12,0
59,18,14
20,17,32
6,14,23
52,20,25
52,19,21
3,16,35
31,22,55
17,11,6
32,21,47
47,14,13
0,8,1
48,15,8
63,19,21
21,17,56
60,23,30
57,17,18
34,23,53
14,15,58
34,22,53
1,14,29
2,12,50
15,15,22
22,16,27
9,13,17
60,19,12
0,9,11
22,13,18
6,12,58
0,11,53
45,21,31
9,15,43
36,23,49
63,23,32
5,9,4
8,15,27
5,9,1
21,18,51
9,13,19
20,15,26
21,18,41
41,23,40
3,15,33
34,23,57
30,21,47
63,19,0
8,17,38
3,12,59
14,14,59
59,21,27
0,11,19
14,15,24
38,19,31
59,17,13
28,19,38
18,17,52
57,21,28
2,12,55
10,14,48
21,18,37
42,18,22
9,15,23
42,16,19
10,14,63
43,14,15
40,13,8
38,14,17
8,12,14
38,20,31
32,20,43
32,22,51
13,12,15
49,15,16
2,15,38
57,21,27
60,22,30
29,20,54
7,13,49
3,13,47
61,18,20
8,16,40
17,16,52
17,17,39
11,10,0
28,20,63
28,13,14
41,15,17
33,20,40
5,12,57
32,18,34
34,14,19
10,17,34
3,12,51
35,19,32
21,18,50
59,19,1
13,12,16
40,14,8
16,14,23
34,23,56
27,19,56
47,17,20
26,15,27
4,13,21
41,14,7
11,15,23
57,18,7
20,14,22
26,11,1
32,21,51
44,15,15
28,15,22
30,20,49
13,11,9
16,16,44
33,21,63
14,15,46
51,15,16
29,21,59
27,16,29
13,15,53
23,12,9
54,16,12
39,13,10
11,17,37
17,17,31
28,20,55
48,15,16
2,13,47
32,21,46
42,14,6
22,11,10
61,18,21
2,9,0
30,11,2
10,16,26
3,9,1
28,12,13
55,16,14
21,18,39
30,15,21
5,14,43
53,17,9
0,10,15
30,15,20
9,9,5
7,16,37
19,12,13
55,18,19
61,22,30
19,17,56
42,14,2
29,20,44
34,19,35
6,13,48
8,14,48
2,13,63
55,17,12
36,23,54
62,20,11
21,18,43
28,14,23
41,22,40
25,15,25
25,11,2
52,17,6
37,20,35
55,17,13
39,13,13
23,12,12
6,13,49
43,18,23
33,22,53
45,15,6
10,9,2
22,17,56
39,22,37
13,17,33
40,17,22
38,14,14
10,16,43
23,17,62
61,19,0
6,16,32
51,16,1
22,11,6
3,12,17
3,12,53
46,22,34
35,18,29
23,16,29
37,15,19
37,14,15
28,14,19
33,14,17
19,16,60
6,13,17
48,22,30
10,16,42
9,15,46
24,19,45
10,17,33
27,14,20
31,15,22
43,23,36
24,12,18
29,19,39
11,15,48
13,15,49
4,15,30
27,12,9
19,11,3
35,13,8
57,18,21
37,12,3
56,18,6
56,21,25
50,18,21
9,14,21
39,20,30
25,12,7
11,14,60
21,11,11
7,14,22
45,21,29
15,15,56
47,15,17
13,11,11
38,20,34
36,20,35
31,16,27
14,10,0
4,16,38
16,17,35
23,12,8
13,10,7
25,13,20
37,22,40
56,18,10
62,18,15
31,15,21
27,12,10
23,12,10
24,14,25
27,11,1
39,15,18
44,18,24
6,13,19
52,16,12
21,18,52
32,22,50
25,19,54
27,19,55
16,15,63
18,12,15
37,16,20
19,11,1
12,16,27
59,19,24
32,20,38
23,14,21
22,14,22
11,12,15
46,14,12
11,14,22
34,12,8
7,14,21
32,22,49
60,17,18
58,18,10
27,12,8
2,14,42
61,18,22
20,17,31
7,12,58
59,23,30
50,16,18
17,17,45
21,18,54
2,14,26
37,20,36
40,22,42
4,12,51
24,19,41
36,23,55
54,21,28
25,12,10
8,12,13
20,17,60
47,15,14
12,14,60
30,21,63
26,19,41
2,10,11
21,17,57
53,15,15
62,22,30
4,13,50
1,12,21
54,19,21
35,21,38
36,15,17
63,19,24
38,15,18
27,18,36
20,17,53
24,18,44
45,22,32
41,17,20
37,21,41
13,14,55
24,18,58
5,15,30
7,15,43
12,16,28
6,13,51
20,12,16
2,13,46
3,15,38
17,15,26
21,18,46
54,17,19
23,17,61
19,16,58
24,16,30
56,16,14
41,15,16
14,14,62
32,19,39
4,9,2
28,15,25
17,17,30
26,13,15
29,17,29
33,13,15
45,17,19
19,11,6
20,16,63
14,17,32
36,12,4
23,15,26
31,13,14
41,13,1
47,23,34
36,16,20
52,15,14
15,12,15
47,20,25
25,19,41
55,16,17
24,18,39
10,16,30
20,17,48
32,21,61
17,10,3
63,20,12
46,14,14
32,18,30
3,14,28
26,16,28
17,17,36
7,16,29
50,16,2
44,14,0
1,10,10
26,16,27
7,16,28
48,15,2
62,20,6
8,17,32
14,15,51
27,15,26
13,16,43
1,11,17
10,11,11
44,14,9
33,22,62
21,17,53
32,17,29
62,18,18
43,15,17
2,15,33
14,17,43
12,11,13
32,13,10
20,18,37
30,13,18
3,9,8
27,19,57
25,15,24
18,15,63
15,16,45
7,10,11
33,18,33
34,22,45
8,15,45
1,11,19
36,23,60
28,18,38
2,9,7
17,17,40
7,13,51
18,17,35
0,14,43
56,18,12
31,21,46
10,17,29
11,17,33
52,16,10
10,15,44
24,18,62
9,14,49
18,13,19
32,12,9
19,17,42
59,19,6
19,16,56
55,20,23
43,22,33
42,14,3
45,22,34
51,15,15
35,19,34
51,16,12
22,18,58
63,20,5
0,15,38
55,18,5
28,20,50
45,14,11
34,14,17
24,11,6
50,17,20
43,23,37
26,11,5
34,23,52
41,14,16
3,14,46
57,20,24
40,23,43
22,18,48
39,13,3
62,18,14
37,14,16
42,14,10
7,11,14
46,15,13
60,17,20
44,20,27
3,12,18
37,18,29
13,14,59
45,14,5
27,19,39
53,21,26
35,23,56
1,9,9
43,21,30
34,22,59
17,16,61
9,16,39
6,15,27
17,15,24
33,19,32
28,15,23
22,11,11
38,12,2
13,13,19
12,15,52
1,9,6
51,16,3
46,23,38
8,13,57
4,11,11
62,23,32
32,21,62
24,18,35
1,12,18
53,16,10
38,18,24
39,13,9
22,16,30
24,19,50
6,13,21
34,17,28
38,13,13
27,14,21
14,17,33
0,15,35
32,12,11
0,9,10
24,11,4
35,18,31
18,18,37
40,14,16
25,12,9
9,14,48
18,16,51
4,16,36
9,14,53
26,19,60
49,19,23
33,22,47
32,17,30
5,9,7
25,17,33
54,22,30
8,15,43
33,22,63
31,21,45
46,15,12
8,17,34
28,14,21
41,17,22
46,23,35
25,19,40
44,16,20
42,21,34
6,12,16
41,14,5
34,12,7
13,16,44
33,14,19
14,14,20
42,23,41
49,15,10
4,14,23
30,14,20
38,14,15
7,13,53
4,9,7
63,20,0
57,17,16
8,13,59
8,9,2
9,9,3
23,17,33
29,20,62
43,21,33
5,13,63
14,16,26
61,20,25
16,17,39
22,17,61
37,12,4
60,19,23
34,23,51
33,19,37
25,19,45
15,16,43
5,15,26
14,17,31
8,17,31
14,16,42
27,19,45
26,18,39
34,21,44
58,21,25
9,15,22
9,14,46
6,14,45
32,22,53
15,17,28
20,11,2
47,18,21
40,23,46
0,15,37
49,22,29
20,16,29
4,15,41
22,15,28
53,16,13
28,19,40
14,14,63
34,20,38
55,19,21
38,16,22
47,15,8
0,8,5
22,13,21
55,23,32
37,20,37
61,19,4
2,12,58
11,12,13
35,15,18
34,22,57
57,18,9
44,14,4
5,9,0
43,19,25
18,17,40
49,21,27
1,15,32
22,18,39
41,18,26
46,19,25
22,14,24
17,18,37
20,13,17
1,14,42
14,17,34
32,15,22
61,18,18
36,12,0
5,14,22
19,18,42
40,12,0
6,14,25
63,20,26
8,17,35
54,20,23
56,20,25
33,19,34
13,14,58
34,16,24
56,18,7
32,18,33
51,22,32
10,10,3
42,14,13
9,14,20
30,12,10
24,18,53
31,19,40
4,12,55
8,14,55
22,18,43
7,15,45
36,21,43
24,18,46
4,13,24
4,13,46
51,23,31
21,17,63
2,11,12
29,21,57
10,13,59
51,15,14
50,15,12
30,20,63
41,20,32
45,20,29
28,20,44
13,17,31
34,19,34
32,16,26
27,13,16
26,13,18
18,16,48
22,18,56
34,16,23
22,18,45
57,16,17
49,15,0
4,13,49
19,15,25
18,15,25
62,18,13
3,15,31
24,18,61
63,19,20
31,15,20
9,9,1
42,22,39
1,15,31
54,17,11
10,12,14
9,16,26
35,12,5
37,17,26
49,15,5
5,12,17
46,15,7
18,18,36
36,15,20
56,20,23
14,15,49
42,22,35
30,21,62
12,16,26
34,17,26
5,16,37
51,15,13
6,14,48
10,13,62
48,18,21
42,21,35
28,16,30
30,21,59
60,19,7
39,17,23
27,11,4
20,17,34
26,16,31
47,15,12
39,19,28
37,23,60
27,20,59
13,17,36
9,14,19
38,23,50
31,19,39
23,18,46
25,18,35
50,17,19
55,23,30
32,19,33
43,19,26
33,18,30
7,13,19
13,16,42
30,20,45
2,13,49
21,11,12
59,20,25
12,17,30
14,14,22
4,13,48
7,11,13
14,17,29
25,19,51
32,22,58
16,17,41
17,11,9
30,15,24
1,9,8
31,17,28
30,13,13
20,17,33
5,9,3
35,14,18
56,19,23
13,16,25
18,16,52
4,14,27
1,12,20
25,12,17
1,12,56
19,18,37
26,19,61
58,18,5
18,11,11
50,20,25
42,14,16
43,21,34
7,14,23
30,20,40
36,21,38
43,14,4
20,18,44
20,18,39
24,15,28
57,18,11
17,10,0
32,21,49
24,14,21
38,20,33
35,21,44
4,13,60
9,15,44
20,17,54
3,10,12
10,16,27
15,16,48
5,11,13
62,18,21
31,13,17
13,15,22
2,12,54
37,22,44
26,13,19
3,11,56
39,20,32
33,14,20
10,15,43
12,16,45
17,15,60
38,13,14
25,19,47
8,15,46
15,17,41
6,14,44
25,18,56
52,17,20
14,12,17
19,17,54
37,17,25
24,17,31
27,18,38
39,18,26
33,20,43
16,17,36
28,17,33
7,14,48
8,12,16
37,12,0
35,14,17
15,16,28
38,22,43
59,18,2
18,11,6
8,13,61
29,12,8
39,17,21
15,11,10
15,12,17
15,13,18
1,15,38
31,20,43
13,15,57
51,18,21
49,16,10
19,13,17
17,10,2
55,21,25
38,21,38
10,16,39
35,22,63
5,10,8
2,8,1
6,13,54
16,15,26
38,19,28
17,11,14
16,17,37
12,15,24
31,21,50
39,23,43
30,21,60
42,14,14
32,17,27
18,13,20
9,17,31
22,15,26
15,16,46
25,18,62
14,15,54
16,14,20
15,15,61
36,23,62
1,13,62
39,23,47
62,19,12
25,16,32
32,15,21
34,13,9
39,13,7
10,14,49
21,11,3
2,16,34
15,14,63
55,18,8
24,18,51
16,11,14
62,22,31
8,13,62
44,20,30
4,13,18
49,16,2
21,17,47
52,23,34
21,13,17
17,14,22
14,15,59
37,19,30
37,21,39
27,20,49
56,21,27
21,17,31
41,13,4
37,19,28
1,15,36
55,21,28
48,15,14
50,15,16
1,15,35
28,16,28
21,11,2
24,12,11
53,23,34
63,20,11
62,19,11
53,17,6
23,18,58
24,19,42
29,21,58
38,17,22
4,12,20
50,16,9
31,21,59
16,11,10
18,17,49
35,22,48
17,10,5
15,11,11
42,22,37
30,13,15
10,15,47
2,9,5
42,15,18
31,12,12
12,10,2
49,20,25
51,17,18
34,13,15
9,10,4
35,12,1
44,22,32
42,15,17
33,12,2
31,21,62
21,17,60
5,13,50
39,22,40
52,16,1
32,22,56
3,14,45
46,15,9
37,23,48
1,12,24
0,11,14
18,17,48
26,17,32
50,16,8
56,17,11
28,13,17
40,21,37
60,19,11
4,13,61
46,21,29
61,20,26
7,13,52
41,22,38
33,17,27
29,21,52
16,17,40
61,19,24
9,16,27
9,14,55
2,13,23
27,12,6
20,12,13
28,11,2
39,19,30
26,16,29
47,16,18
12,11,11
53,19,21
59,17,17
35,19,35
23,18,42
16,17,31
36,21,39
26,19,48
11,14,50
21,16,28
19,16,55
8,10,9
18,11,0
0,12,62
11,16,27
33,18,31
30,21,51
24,17,63
39,18,25
47,15,13
3,11,14
1,14,31
59,20,26
51,18,22
7,15,25
60,18,16
50,23,32
27,18,39
20,17,59
3,15,30
26,19,55
11,14,20
3,16,39
30,21,55
33,20,42
18,13,18
5,11,15
45,15,12
12,15,53
29,21,54
23,15,24
57,22,29
13,15,58
8,10,10
15,17,33
51,17,19
43,17,22
52,22,28
21,14,22
37,16,23
15,16,26
47,15,15
3,12,60
22,18,57
2,15,34
16,16,28
28,17,31
24,12,12
7,14,45
9,12,13
51,23,35
55,16,13
37,17,22
30,18,34
48,16,18
33,23,54
35,21,40
16,16,58
27,11,2
27,20,47
39,12,1
22,18,50
6,13,57
28,13,19
47,15,16
58,19,8
41,14,13
48,15,11
39,14,17
49,23,36
32,18,31
63,20,2
16,11,11
29,20,63
22,18,55
9,17,30
9,13,56
19,17,49
30,17,28
35,17,27
58,23,32
29,12,5
63,19,14
18,14,21
49,16,4
28,12,3
52,16,3
21,18,36
42,13,1
18,17,30
55,17,17
17,12,14
19,12,17
26,19,51
29,17,31
34,18,28
21,13,18
20,16,28
33,12,8
46,23,37
39,23,48
4,14,44
41,14,8
37,23,49
15,15,55
11,11,11
27,19,50
14,14,21
17,16,47
5,13,54
22,18,54
27,17,34
21,12,13
16,10,7
8,13,19
24,16,28
15,11,9
4,14,45
36,21,40
6,16,36
19,16,53
47,22,34
10,17,38
14,17,30
51,16,11
1,12,61
8,14,53
61,20,7
31,12,3
44,20,26
35,23,58
49,19,25
27,19,54
0,12,58
1,8,2
33,23,56
0,15,41
58,19,10
28,13,15
43,14,1
25,11,1
63,19,22
30,12,7
20,16,60
61,20,6
32,12,10
12,12,16
15,10,7
29,15,23
29,20,50
3,15,29
45,15,9
25,12,8
21,11,4
37,23,46
19,17,58
13,14,60
0,12,52
52,16,0
10,15,26
37,13,13
1,8,1
4,16,32
12,11,12
32,13,15
7,13,57
23,17,31
27,19,44
19,17,46
8,10,6
27,20,55
1,13,63
8,13,18
38,21,35
48,18,22
59,18,21
61,19,11
34,21,43
60,18,14
26,11,6
58,18,11
2,8,3
14,15,60
12,15,22
1,13,44
24,18,41
61,20,9
23,11,1
36,13,9
13,11,10
16,14,21
61,19,7
35,15,20
10,10,0
33,13,9
19,16,27
31,20,42
58,20,25
1,13,26
45,23,39
3,10,9
38,20,32
38,15,19
17,15,63
43,20,27
16,16,45
5,14,44
28,13,18
53,17,11
31,21,49
41,13,3
14,15,48
3,13,26
14,17,36
6,13,59
44,23,39
34,17,27
31,17,30
10,15,45
49,15,14
62,19,25
29,11,1
11,16,25
40,19,27
60,19,4
50,15,13
37,12,5
45,16,19
39,20,31
60,23,32
12,17,35
8,11,12
34,22,61
28,17,30
27,12,12
13,14,19
19,16,59
46,23,34
39,16,20
49,15,9
27,15,23
10,17,37
19,11,11
2,13,45
33,16,26
56,18,3
19,16,62
30,21,49
14,15,55
40,14,11
13,14,56
56,16,16
0,11,21
61,18,17
62,19,1
37,13,11
55,17,4
17,18,36
25,14,25
28,20,56
57,18,2
18,12,13
50,16,5
38,18,26
46,21,30
56,22,30
30,12,5
30,21,56
20,13,18
35,12,3
47,22,32
4,12,53
14,15,47
0,10,10
11,15,49
26,19,50
2,14,30
45,23,35
36,15,19
24,19,48
33,22,52
13,15,47
36,14,15
27,19,52
37,23,47
18,16,47
45,16,17
10,15,48
5,9,8
60,18,23
8,16,41
1,14,43
48,19,22
41,14,9
7,15,24
35,13,6
30,21,53
4,13,52
21,12,17
4,15,40
18,17,46
9,15,25
9,17,34
63,18,23
7,13,17
62,20,4
39,13,6
37,22,42
31,21,55
19,15,27
20,14,21
36,13,14
63,21,29
26,12,14
52,17,3
38,13,9
27,15,25
62,18,22
46,14,4
47,16,19
26,18,37
41,14,14
16,17,32
11,15,25
51,16,0
59,19,10
39,16,19
26,11,4
5,10,10
10,13,17
48,15,15
7,12,16
24,18,43
61,21,29
61,19,3
5,13,19
49,18,20
0,14,30
55,18,4
28,18,33
41,21,33
0,12,59
16,16,26
19,17,55
53,16,0
28,20,46
31,18,34
39,13,4
37,22,46
21,16,62
11,15,44
23,18,61
19,17,57
27,12,3
13,14,57
1,13,48
33,18,32
1,13,28
7,15,41
36,14,14
46,15,0
28,20,62
54,17,12
29,20,57
47,15,1
30,18,32
31,22,56
53,23,33
47,17,19
37,15,20
63,20,7
44,14,5
51,16,7
28,16,26
25,19,59
3,13,63
32,15,23
5,15,40
9,16,43
10,10,1
13,10,10
0,11,56
8,13,51
25,18,61
54,16,15
1,8,4
30,16,28
22,12,15
62,19,24
6,9,6
36,15,18
13,16,28
12,10,8
36,13,11
21,15,25
30,13,17
9,13,61
62,19,2
53,22,30
20,17,50
15,17,29
24,18,63
37,20,31
61,19,5
57,23,30
4,13,22
22,17,31
4,12,18
34,22,51
62,20,9
60,21,27
18,17,42
42,23,43
27,13,15
17,17,35
0,12,22
13,13,17
54,23,32
43,21,31
12,14,51
26,12,8
61,18,12
12,14,55
28,16,27
23,11,2
11,13,61
34,16,21
33,21,42
18,11,1
59,18,0
14,11,9
6,13,53
7,16,32
1,14,44
17,17,43
14,16,45
3,12,61
6,15,43
35,14,14
1,16,34
11,16,43
1,11,54
20,18,46
5,15,42
2,12,48
29,19,37
38,16,20
48,19,25
32,22,62
17,13,20
22,12,14
24,13,17
35,17,24
3,13,50
30,20,61
18,16,30
21,17,59
39,19,29
27,20,51
21,12,12
9,12,14
55,22,28
44,14,11
0,15,32
46,23,36
22,11,7
16,16,56
9,14,54
25,19,58
11,12,16
40,13,5
62,20,5
2,12,49
46,19,23
20,11,3
41,16,19
51,22,31
10,15,23
22,11,2
32,14,16
7,10,9
40,23,45
34,22,47
39,22,39
22,11,0
25,18,60
45,14,8
2,14,43
54,17,18
40,13,6
30,21,57
0,10,13
13,10,8
50,21,29
49,16,9
47,15,9
35,23,52
4,10,9
22,18,47
2,10,13
50,22,29
19,16,63
32,11,2
42,19,27
18,10,0
37,21,37
35,22,45
2,14,45
21,18,38
46,20,25
5,13,18
60,21,26
6,16,29
34,20,41
7,14,44
26,19,63
22,14,21
55,17,18
27,14,22
61,18,23
12,10,7
10,16,40
14,15,57
50,16,1
36,23,51
17,15,59
6,9,0
26,19,52
17,15,61
61,19,17
52,16,2
33,19,35
26,11,0
4,14,24
62,22,29
19,11,9
16,16,50
3,11,12
43,20,29
21,17,58
17,16,56
63,20,1
47,23,33
5,15,27
3,13,23
43,14,0
50,16,7
22,18,40
29,11,2
34,15,19
33,20,38
61,20,5
31,15,23
20,11,12
32,21,45
45,14,10
16,11,12
12,16,29
6,16,35
21,18,45
6,12,17
16,16,57
31,13,16
21,12,16
20,17,30
40,16,18
31,19,34
29,13,17
11,14,58
27,13,18
28,11,3
24,13,20
29,20,56
15,11,12
17,10,4
36,13,5
52,16,14
30,16,26
16,16,25
62,20,25
35,22,61
59,18,19
5,15,44
36,18,30
45,15,18
18,17,53
4,12,54
25,15,28
59,17,20
21,18,53
7,16,35
58,18,12
9,13,62
10,14,20
35,21,42
17,17,44
45,19,25
53,20,24
26,19,39
11,16,41
32,13,14
33,13,12
21,17,61
0,12,23
50,16,4
0,12,56
33,14,18
59,23,31
4,16,31
37,16,22
25,14,22
29,16,28
1,12,49
7,12,14
18,16,56
39,23,46
27,19,51
51,16,16
19,18,40
3,16,32
60,19,5
50,20,26
31,21,54
1,14,41
13,10,3
35,23,59
52,18,19
28,16,25
4,13,20
32,14,20
27,12,14
8,13,55
7,15,27
30,14,19
34,15,21
6,15,26
48,23,33
11,15,47
7,17,34
15,16,51
54,17,0
16,15,61
37,13,12
49,15,12
57,18,1
13,12,17
54,16,17
19,11,10
3,15,39
30,18,31
11,10,3
31,12,6
17,11,8
36,23,56
18,17,41
0,11,15
8,16,38
4,15,29
25,16,28
19,18,36
60,20,24
7,17,32
11,17,30
18,17,33
2,12,19
55,20,24
6,12,56
6,16,39
45,22,35
17,11,4
41,21,36
7,14,24
10,10,6
39,21,33
19,16,57
22,12,12
19,17,44
17,11,5
4,14,28
63,20,8
7,10,10
2,16,36
46,18,22
13,12,14
28,19,45
39,21,35
34,12,4
42,21,31
14,11,10
50,19,23
45,15,15
20,14,23
13,14,62
53,17,7
26,19,42
51,21,29
56,16,15
10,10,9
0,12,57
50,18,22
14,15,62
37,20,32
16,14,22
2,9,6
21,17,50
52,16,16
8,9,0
1,14,27
15,15,25
49,16,8
63,19,15
44,22,36
14,17,41
17,16,58
57,19,23
5,13,21
32,18,29
32,12,3
36,23,52
4,15,31
35,14,19
26,13,17
0,11,16
12,16,43
2,9,4
13,15,50
37,23,63
14,10,5
40,19,26
10,12,13
35,13,12
23,15,25
55,23,33
41,16,20
4,13,19
31,22,57
23,18,62
2,12,23
6,16,41
26,19,47
35,22,49
53,22,31
37,23,50
9,15,26
34,13,11
6,15,42
51,22,29
51,16,5
1,12,58
15,14,22
15,10,5
8,15,41
30,12,11
8,14,47
50,23,34
16,15,25
41,13,2
29,16,29
60,18,18
36,19,30
4,16,34
44,22,34
18,11,5
12,14,62
27,17,33
10,13,63
36,23,61
18,15,23
42,23,42
0,14,31
39,14,13
47,15,6
12,16,40
55,19,22
23,14,22
63,20,27
63,22,31
36,14,16
18,17,45
40,22,40
25,18,40
4,13,59
10,16,29
16,15,23
26,14,23
12,12,14
8,13,54
26,19,56
6,16,34
50,15,1
28,20,61
26,19,43
8,14,51
0,12,53
20,17,61
16,15,56
5,15,29
9,11,14
0,13,45
18,18,35
33,22,48
8,13,56
49,18,22
4,13,54
23,17,34
15,17,39
9,13,18
37,17,23
12,13,16
52,23,32
16,10,2
36,22,42
14,10,8
30,19,36
61,19,10
56,19,22
19,16,54
59,17,16
2,11,13
62,19,23
50,15,15
19,11,12
12,14,63
48,15,4
60,18,21
4,12,15
6,12,15
54,17,3
30,20,43
17,16,55
35,21,43
15,16,27
25,16,30
7,13,18
27,12,13
26,12,13
24,12,17
36,12,2
59,21,26
29,14,22
6,9,3
60,19,1
58,21,27
10,10,5
10,14,57
44,21,31
2,16,37
45,15,10
52,23,33
50,22,32
52,16,8
15,15,53
53,17,5
60,19,25
39,12,2
43,18,25
44,17,22
18,11,2
1,15,33
36,17,27
13,15,56
1,12,50
24,18,52
8,14,49
39,16,22
55,21,27
19,13,18
32,13,16
26,14,20
55,17,14
48,23,34
62,20,26
1,12,54
16,15,24
41,21,32
62,19,19
4,12,17
62,20,0
20,18,36
18,17,36
13,16,46
12,12,17
1,11,53
23,17,59
31,20,39
41,19,25
58,18,1
13,10,4
2,12,20
53,23,31
28,15,24
32,17,28
12,15,23
20,11,4
32,22,55
16,15,58
6,13,18
7,9,3
59,23,32
14,14,61
16,17,30
12,14,21
0,13,43
7,12,15
33,14,16
28,19,60
24,18,55
48,23,36
2,11,15
35,13,14
29,17,32
12,14,50
46,15,4
30,19,40
63,21,28
44,19,27
15,11,7
10,15,25
12,16,25
9,14,50
20,13,21
37,14,17
9,13,60
29,20,47
51,16,4
8,9,6
29,21,56
5,14,26
49,21,30
28,13,16
58,18,4
3,16,34
2,16,33
3,14,25
10,16,28
1,13,46
17,16,50
19,12,15
11,17,40
29,20,45
47,22,31
44,14,13
28,20,59
31,16,26
7,16,38
11,14,48
44,14,12
39,13,1
53,17,18
61,20,4
35,13,9
2,13,25
60,19,10
44,23,36
38,13,11
56,18,1
20,16,30
2,13,61
2,9,9
44,18,22
60,18,19
29,12,14
45,17,20
58,17,14
27,12,11
33,15,23
42,22,38
11,14,63
25,19,44
20,11,11
59,18,18
32,12,8
5,14,27
27,20,54
21,11,10
13,13,18
54,17,8
41,23,41
6,16,38
60,17,19
42,17,23
35,16,24
25,13,17
5,13,56
19,17,32
2,15,31
30,17,29
55,18,9
58,18,21
48,20,27
28,12,9
24,17,34
54,21,25
27,19,38
16,17,44
43,18,24
17,16,59
18,17,43
24,18,48
3,11,15
56,17,1
40,13,4
25,18,36
40,19,29
55,17,19
24,18,37
34,13,8
34,23,55
45,18,21
21,16,27
15,11,13
14,15,23
52,19,23
46,14,2
32,21,48
31,14,17
51,23,33
41,17,23
7,11,12
25,12,15
58,18,6
38,22,40
45,18,22
47,22,30
34,18,29
51,21,28
9,17,32
25,19,53
40,17,23
15,10,1
58,18,20
35,16,21
29,20,46
37,19,32
15,10,8
17,11,11
2,13,48
48,16,6
6,10,11
17,16,62
33,21,44
31,21,47
27,20,58
4,12,50
4,10,12
54,17,10
52,17,9
62,20,3
39,23,42
36,23,53
29,17,30
58,18,3
9,15,47
1,14,30
37,15,18
1,15,39
28,11,1
47,23,37
60,19,9
34,12,6
1,13,27
63,20,4
21,11,1
16,17,28
36,13,7
56,18,19
43,14,8
12,17,29
16,16,27
31,13,15
33,13,11
15,16,50
5,11,11
5,14,24
10,14,21
25,19,56
53,19,23
22,18,51
37,15,17
13,10,1
26,17,33
47,15,11
33,18,29
18,16,58
62,19,13
0,13,25
7,13,60
14,11,13
18,17,31
60,19,6
3,16,37
31,21,52
23,18,37
4,9,5
32,16,25
39,23,44
57,18,4
13,16,26
21,18,48
49,16,5
24,19,44
18,11,4
43,23,42
59,18,15
29,20,49
5,13,60
33,13,16
41,20,28
30,19,37
41,18,22
10,14,60
7,13,50
49,15,4
43,16,19
30,16,25
35,19,33
28,12,6
52,21,27
24,19,51
9,16,38
36,12,3
6,14,22
46,19,26
26,18,61
2,12,22
62,19,10
1,13,23
63,19,16
40,22,39
54,19,23
55,18,10
7,13,55
34,19,31
37,12,2
27,13,17
32,13,12
27,11,5
31,11,1
7,10,6
50,22,31
52,19,24
7,9,5
25,13,21
24,11,0
8,11,13
34,20,35
40,14,15
1,11,55
35,23,48
33,12,6
24,17,32
25,13,18
36,22,45
37,13,10
58,23,31
25,11,7
59,18,12
21,17,54
39,19,27
23,18,40
49,16,6
18,15,24
19,11,0
17,15,23
54,20,26
40,14,17
12,13,18
39,14,11
12,15,49
56,17,0
42,16,18
37,23,45
20,17,57
6,15,29
3,13,45
24,18,47
26,18,62
8,10,11
24,19,46
1,15,34
58,23,30
32,21,43
29,19,36
51,19,21
35,17,28
32,20,37
23,11,9
10,13,57
41,15,18
37,13,9
24,19,49
5,14,25
3,12,57
19,12,14
10,14,55
46,16,19
31,13,11
31,17,27
7,16,31
11,13,17
0,12,54
55,18,20
43,14,5
62,19,20
51,23,34
10,14,51
40,14,9
54,17,6
37,16,21
28,14,20
1,12,62
10,14,50
16,15,55
51,21,26
4,11,15
62,19,17
31,20,40
47,21,28
24,14,22
32,16,27
8,16,29
22,18,38
18,10,2
32,22,54
37,13,6
59,17,19
41,22,35
43,14,9
10,17,39
41,23,44
48,15,1
60,17,14
6,16,30
43,16,20
10,16,25
38,21,39
39,22,41
27,16,28
11,13,60
38,20,30
29,20,53
9,16,31
3,12,54
45,22,31
41,22,37
45,21,30
6,13,50
23,18,47
13,17,40
49,15,11
9,13,55
7,17,36
4,12,60
24,19,56
35,22,43
44,14,3
23,11,5
10,14,19
8,10,7
2,12,21
46,15,14
19,15,23
11,13,19
4,15,28
3,13,24
7,12,17
62,20,1
20,17,49
35,22,62
59,19,5
30,15,25
24,14,24
50,20,24
21,15,26
22,18,59
47,15,3
30,20,60
14,15,63
26,11,2
23,18,51
1,12,53
60,20,26
59,19,11
61,18,14
54,17,9
17,11,3
35,13,7
43,23,41
0,9,8
13,16,41
5,9,6
36,20,36
58,18,13
26,12,15
10,14,56
13,11,12
13,17,39
38,13,3
1,12,48
12,12,13
0,11,55
9,10,8
7,16,36
12,14,57
61,18,15
25,18,63
22,12,16
63,18,15
33,22,55
45,14,6
43,23,39
57,17,13
48,14,14
54,17,1
23,18,50
27,19,59
49,15,8
23,17,60
5,12,55
46,15,17
53,16,17
38,19,29
31,12,4
40,17,21
28,20,51
8,11,14
13,12,13
6,11,11
10,15,24
18,11,8
16,12,16
40,21,35
39,14,15
11,10,10
33,17,25
27,12,4
8,13,63
15,15,50
43,19,24
32,11,1
60,18,20
39,21,37
14,10,3
8,15,26
58,19,6
35,15,19
33,11,0
60,19,8
0,14,41
21,17,52
56,23,33
39,22,38
56,20,24
44,20,28
30,12,12
23,12,11
11,17,39
13,17,29
5,12,18
51,16,13
9,14,51
52,17,10
29,15,24
18,16,26
20,11,5
22,17,55
50,16,0
8,17,37
17,14,23
36,18,27
52,17,8
11,13,18
38,18,28
1,9,4
49,16,1
12,10,6
33,22,60
2,14,28
28,19,41
26,19,44
22,18,53
32,12,2
48,22,31
6,9,5
14,16,25
27,19,63
54,17,5
20,18,42
41,20,31
52,16,17
13,15,25
27,12,5
31,11,2
23,18,53
6,12,59
3,9,2
11,14,55
29,12,7
25,18,59
3,16,36
11,16,44
9,16,28
0,8,6
29,19,40
7,13,61
62,19,3
25,19,57
27,16,27
46,15,8
16,17,45
18,16,28
35,16,22
51,22,30
33,21,41
26,16,30
4,11,14
34,13,13
23,18,49
9,16,40
44,21,30
43,14,12
7,16,40
28,19,37
39,16,21
59,18,1
53,17,0
39,13,5
27,19,61
62,21,29
46,14,0
33,22,57
52,16,6
19,16,29
22,17,58
3,14,27
29,20,41
27,19,41
29,12,2
15,10,4
6,13,58
18,11,9
49,18,21
9,11,10
46,15,16
26,14,24
11,13,62
45,14,1
52,21,28
61,20,3
33,19,33
9,13,59
15,16,49
23,12,15
19,13,19
15,15,24
44,23,38
21,11,7
43,15,16
23,11,3
12,14,19
63,20,3
8,15,25
11,12,14
32,21,58
16,15,57
53,16,14
15,15,51
15,12,16
37,18,25
26,13,21
58,19,21
5,15,43
12,15,55
12,15,44
41,23,45
23,13,18
47,17,21
39,20,33
21,17,33
33,16,23
3,14,44
38,18,27
41,23,39
30,21,50
13,10,2
52,16,13
31,15,24
13,15,51
33,12,3
41,14,15
31,18,35
13,15,24
20,14,24
42,21,33
59,19,22
45,15,5
6,10,7
25,18,38
57,20,23
3,15,41
45,14,4
20,17,52
22,18,36
32,22,61
46,18,23
59,18,11
36,23,57
11,10,8
14,17,35
27,20,52
57,22,28
24,19,52
26,19,62
49,16,7
25,15,27
27,11,3
15,14,20
42,14,9
19,14,20
55,17,8
45,19,23
26,19,59
33,22,56
10,14,52
34,12,5
5,15,31
16,16,51
63,18,21
13,15,55
53,17,8
6,16,40
4,10,11
13,15,46
5,12,56
19,17,34
36,19,34
27,20,60
37,13,3
49,21,29
32,20,44
2,13,62
31,17,31
15,14,21
1,12,23
18,16,61
22,17,63
52,16,11
11,11,10
7,15,26
43,22,35
10,17,31
18,11,12
63,20,9
49,17,20
12,17,28
7,9,6
34,11,0
8,13,58
20,11,9
16,17,43
28,16,29
32,20,39
40,23,42
15,10,0
49,20,26
53,17,19
0,14,42
42,14,8
14,13,19
17,11,13
20,18,40
0,8,4
20,16,58
38,22,39
31,12,8
8,9,5
44,14,1
54,23,30
27,20,57
43,19,27
54,18,20
54,21,27
38,23,46
26,12,6
47,15,0
40,20,31
13,15,54
8,9,4
34,23,60
2,15,39
0,12,49
61,19,25
38,13,8
38,22,41
21,16,29
54,23,31
24,15,25
34,23,59
16,16,54
62,20,7
8,17,36
17,16,57
29,20,52
21,17,30
36,22,48
38,12,0
4,14,25
23,12,16
17,17,33
37,21,36
1,9,1
5,16,38
62,19,21
33,21,43
19,17,36
0,13,62
10,9,3
3,14,24
22,11,3
38,14,13
6,13,20
15,15,54
60,18,13
45,14,0
1,15,30
33,21,48
22,16,28
23,18,43
26,13,16
0,13,28
3,13,48
46,15,15
30,19,41
8,14,52
12,14,49
27,16,31
3,13,22
30,16,27
61,18,19
5,14,45
8,13,50
48,15,13
7,15,42
37,14,14
50,16,3
22,15,24
42,14,12
53,17,10
23,18,39
24,18,38
16,11,13
23,18,55
18,16,60
33,12,4
40,12,1
7,14,49
9,13,63
8,14,20
2,12,52
43,16,18
38,23,44
12,15,46
41,14,10
31,18,30
23,13,21
62,19,0
55,18,2
39,21,34
6,13,52
18,11,13
17,12,16
56,23,30
10,13,18
30,12,13
21,14,21
1,11,18
28,20,47
55,18,21
58,19,7
29,13,18
33,17,26
48,18,20
6,9,7
24,11,8
30,19,35
3,12,50
43,14,13
46,18,21
23,15,28
15,16,55
59,19,4
56,21,26
33,20,41
1,12,57
49,16,11
33,19,36
16,17,42
28,20,43
12,15,45
29,18,36
5,12,14
39,22,42
15,11,14
38,15,20
4,9,1
48,16,17
58,22,30
0,11,18
30,14,17
38,19,27
19,17,31
17,17,29
44,15,17
9,17,33
28,17,32
38,21,36
25,15,26
28,20,53
60,18,12
25,18,57
23,16,28
52,18,21
52,16,7
16,17,38
55,22,30
13,10,0
48,15,17
42,13,2
3,16,33
26,18,38
38,16,19
11,14,54
16,16,29
15,15,63
8,16,39
31,18,33
35,16,25
18,16,54
25,14,23
8,17,33
26,19,57
1,9,10
7,15,29
28,20,45
21,18,47
3,13,62
52,17,2
17,17,34
28,18,37
43,20,30
42,14,7
34,22,52
28,11,0
11,15,46
34,20,39
28,14,22
49,16,17
13,17,37
3,12,19
28,12,14
17,16,60
10,13,19
41,19,29
34,18,32
2,11,56
2,9,1
45,14,13
32,19,34
37,23,62
29,12,13
50,15,11
8,16,42
9,10,9
27,20,56
33,20,39
14,10,7
1,12,60
57,18,3
2,13,26
44,20,29
29,16,27
7,17,35
27,19,60
44,23,35
15,17,32
43,22,36
59,18,22
1,11,15
12,15,48
6,10,9
45,23,36
51,23,32
5,10,11
23,17,63
16,12,14
20,15,25
34,20,40
22,12,17
0,9,6
0,13,46
3,9,0
0,12,55
33,23,55
34,15,22
3,10,8
21,15,27
40,13,0
14,12,13
44,16,19
6,16,31
14,12,15
21,17,32
20,18,38
42,20,31
36,19,31
36,12,6
52,17,18
37,22,41
1,15,37
7,16,30
37,23,59
4,15,43
36,23,47
9,14,23
28,17,29
29,15,21
56,17,2
57,17,19
48,22,32
13,11,13
33,13,14
63,19,18
21,18,40
57,17,12
9,14,22
17,11,10
21,18,49
43,23,38
57,16,14
29,18,33
9,10,5
42,20,27
40,14,10
4,16,39
16,10,5
25,11,6
30,12,2
0,9,5
45,18,23
37,18,27
51,16,10
36,16,22
39,14,16
53,20,25
25,17,34
15,15,23
36,21,42
18,16,62
22,11,1
24,14,23
13,15,52
50,16,10
2,8,0
44,23,40
42,20,28
40,17,24
15,16,44
46,22,32
48,17,19
4,9,4
49,22,32
5,16,35
63,20,10
12,17,38
33,11,1
14,17,39
30,19,38
2,12,17
31,21,63
26,18,36
35,12,2
5,16,39
7,13,56
42,13,0
28,12,11
35,20,34
49,17,19
63,23,31
49,23,34
6,13,63
44,19,26
59,18,16
27,19,62
8,15,44
35,22,50
30,14,18
39,20,29
25,13,16
1,11,13
18,17,29
6,15,30
45,20,27
11,10,1
43,13,1
18,17,34
8,16,30
62,18,16
48,20,25
31,13,13
11,13,63
38,22,45
48,15,7
35,13,15
16,13,20
19,17,52
50,16,17
54,22,28
23,17,32
22,18,35
7,13,63
54,18,19
35,23,53
10,10,4
35,18,27
15,17,34
41,13,5
44,17,19
38,15,17
34,19,32
2,11,16
46,21,28
27,18,34
8,11,10
47,14,0
25,19,55
19,17,33
22,12,18
5,13,55
0,13,27
44,14,6
43,14,11
10,16,41
24,18,50
27,18,35
61,19,9
3,13,25
54,17,13
21,12,11
28,18,34
13,17,28
32,22,52
47,19,24
53,16,11
58,18,7
22,11,9
5,15,28
11,17,31
14,17,40
27,19,43
19,18,38
36,19,33
53,20,26
42,22,36
0,13,29
29,11,0
50,15,14
30,13,14
37,23,52
59,22,29
37,13,8
34,20,37
10,17,32
19,16,26
32,20,42
0,12,24
13,17,38
7,17,33
19,17,43
61,19,8
11,14,52
17,16,53
20,13,20
35,12,4
10,11,13
41,14,11
52,20,23
32,22,57
4,10,8
29,18,32
18,11,10
40,18,26
12,10,5
34,16,22
45,14,7
56,17,18
28,20,58
31,20,44
30,15,23
14,16,28
32,21,50
0,14,32
39,17,22
47,15,10
10,11,12
25,19,42
22,13,19
1,12,59
11,17,36
45,20,28
58,19,22
20,11,1
23,13,19
53,20,23
18,16,27
55,23,31
25,18,58
31,12,5
38,13,12
34,13,12
8,13,20
2,9,8
38,17,23
2,12,56
0,12,47
13,15,23
18,16,53
38,13,10
49,16,3
23,18,59
11,17,32
17,11,12
61,18,16
28,19,46
55,17,1
39,14,14
59,20,24
34,19,33
12,14,22
0,12,25
33,22,49
10,10,10
56,17,17
32,22,59
32,15,24
24,19,47
8,13,52
42,22,34
1,11,52
29,19,43
15,16,54
32,13,17
60,19,24
42,14,15
42,14,4
24,12,15
55,17,5
10,15,46
40,14,12
46,19,24
58,22,28
17,12,13
15,15,52
1,11,56
46,22,33
4,10,10
61,19,12
32,22,60
48,21,30
6,13,62
14,16,48
27,12,7
17,16,27
56,18,5
45,15,17
12,10,1
24,12,8
23,18,52
32,20,40
38,23,49
46,20,28
43,22,37
58,19,9
53,18,20
38,19,30
12,15,47
42,23,38
21,15,24
3,9,7
2,10,10
34,13,10
48,22,33
7,14,47
48,19,24
32,19,36
0,8,2
47,20,27
56,21,28
45,20,26
51,16,17
27,14,23
48,23,35
14,13,18
57,18,5
10,13,60
21,13,20
28,12,5
55,17,11
26,12,11
40,18,24
52,22,29
36,23,59
43,18,22
4,15,32
51,16,18
35,17,25
33,13,13
20,18,35
2,15,40
3,14,42
14,13,17
19,11,7
12,10,9
18,16,57
4,14,47
18,17,44
13,16,45
15,16,47
31,20,46
36,22,41
20,17,36
8,14,21
13,14,20
36,15,21
3,9,6
11,16,26
1,13,45
52,18,20
23,11,0
35,12,6
12,17,32
55,17,3
24,19,53
40,19,28
24,18,60
5,15,41
56,18,0
29,17,28
31,22,54
15,15,59
16,16,49
8,15,23
15,15,62
16,12,17
29,20,51
47,15,4
52,23,31
30,17,32
51,16,6
3,13,20
46,17,19
1,14,28
14,16,44
52,16,9
38,23,43
16,17,34
17,16,46
22,18,49
40,14,13
12,12,15
26,15,24
21,12,18
35,20,39
17,14,21
25,16,29
9,14,52
9,10,3
36,14,18
33,13,10
18,14,23
22,15,25
6,10,8
36,23,48
15,11,8
24,18,36
54,17,17
40,20,32
47,21,30
10,14,59
40,16,19
60,19,0
27,19,46
0,13,26
16,10,1
57,20,25
36,12,1
39,18,24
39,21,38
20,18,41
32,22,48
5,10,7
9,9,0
27,11,0
23,12,18
39,15,19
31,21,60
36,21,37
52,15,13
22,17,54
25,14,21
28,20,49
2,12,53
38,23,47
9,17,36
1,12,19
47,15,7
0,13,44
22,11,8
11,15,22
17,16,49
22,18,46
25,19,48
32,21,57
60,20,25
54,23,33
6,16,37
5,13,22
35,23,51
11,16,42
13,17,32
19,14,24
63,23,33
38,16,21
14,15,25
6,12,18
28,17,34
27,16,30
7,9,0
16,16,46
23,18,35
3,12,58
49,15,1
19,14,22
22,13,20
12,17,40
55,16,15
30,12,6
29,13,15
30,17,31
42,23,39
24,12,9
25,14,24
17,17,41
7,14,20
20,11,6
26,12,12
14,10,2
45,23,38
19,17,48
16,16,55
15,15,57
36,23,58
18,11,7
46,15,3
19,16,30
50,21,28
13,17,34
53,16,1
36,16,24
40,13,7
29,20,43
41,19,27
7,13,20
33,21,45
24,11,5
9,13,20
38,20,36
45,15,11
2,12,51
6,9,2
29,13,14
36,20,37
60,18,11
52,17,7
43,17,21
0,8,3
23,18,54
24,17,33
27,12,15
36,16,21
25,12,6
11,15,24
52,19,22
39,13,8
18,18,41
51,20,26
2,12,59
50,16,16
10,10,2
42,19,28
8,16,32
6,14,46
48,15,0
27,20,48
44,22,33
30,21,48
29,13,16
62,18,23
21,17,34
22,16,29
29,20,58
29,19,38
28,20,54
29,12,11
23,11,6
12,16,42
4,12,57
20,13,19
42,18,25
10,9,0
35,15,21
15,15,60
10,14,58
10,13,16
51,18,20
36,19,32
62,18,19
3,12,20
34,22,48
3,10,10
38,13,7
9,17,38
28,19,62
30,20,62
63,20,6
34,17,25
60,18,22
41,18,23
56,23,31
32,12,6
25,12,12
23,13,20
20,11,13
40,21,36
48,16,16
31,22,52
5,13,23
35,12,8
6,12,13
41,13,0
17,17,42
15,16,52
8,14,23
53,19,22
25,17,35
60,22,29
44,19,25
14,17,42
19,17,50
31,17,29
54,16,14
21,14,24
7,14,46
2,16,38
18,15,26
47,16,17
30,21,58
35,20,35
26,12,10
29,21,51
38,22,42
35,13,10
9,11,13
20,11,8
14,11,11
2,15,41
40,13,2
55,18,6
29,21,55
51,17,20
24,12,14
22,17,35
36,22,43
39,13,12
52,21,26
62,19,14
47,23,36
17,15,58
57,21,25
47,15,2
9,10,10
60,19,3
31,21,61
35,21,39
24,11,3
33,16,22
7,16,34
3,12,56
3,13,60
32,13,11
25,19,49
15,17,42
33,16,24
57,16,16
17,11,7
30,20,42
45,14,3
53,18,19
2,11,14
21,16,63
25,16,31
16,12,15
29,18,35
31,12,10
5,11,12
29,12,10
2,14,29
48,16,19
2,16,35
11,17,35
15,17,38
22,12,9
0,15,34
44,18,23
34,12,0
16,16,47
20,16,27
34,20,36
37,13,5
19,18,43
19,11,5
18,16,63
23,14,25
36,12,5
52,16,18
28,20,60
3,15,42
40,18,23
33,22,50
46,20,27
24,19,55
32,12,4
33,12,0
17,13,17
56,16,17
1,8,0
23,12,14
11,15,45
25,19,52
18,16,55
21,12,15
3,9,4
33,21,47
55,17,2
23,18,48
1,11,16
11,11,12
28,20,48
5,16,31
1,13,24
53,17,3
32,12,1
4,13,62
33,22,54
25,11,0
56,17,12
30,12,8
8,14,22
39,12,0
55,17,6
13,14,63
11,14,53
14,12,16
12,14,59
47,18,22
14,16,43
56,18,8
50,16,11
50,20,27
32,12,5
30,20,48
54,17,4
24,13,19
20,12,17
24,19,43
5,13,20
25,18,39
5,9,5
48,15,12
14,15,22
20,18,45
45,14,9
27,19,49
32,14,17
12,11,10
38,22,44
37,21,40
28,15,26
7,15,28
59,19,7
17,16,28
9,16,41
35,14,16
12,16,44
52,17,17
9,14,63
8,14,46
15,15,49
8,12,17
34,23,50
36,18,28
26,12,16
27,19,58
56,17,13
42,20,29
28,12,8
15,17,30
19,13,21
31,18,31
18,16,50
42,18,24
34,15,20
9,14,47
33,20,37
4,12,52
11,16,28
13,16,27
57,19,22
40,18,25
36,17,23
5,13,52
12,13,19
48,15,3
4,14,43
41,20,30
12,10,4
55,22,29
15,10,3
59,19,2
50,19,22
56,22,28
36,13,13
33,15,22
6,15,28
8,12,15
42,15,16
21,11,5
12,13,17
9,11,12
49,16,16
61,22,29
35,18,30
22,17,60
11,14,49
4,15,27
53,17,12
48,21,29
6,16,33
47,19,25
10,17,35
54,16,16
15,16,25
17,16,51
40,21,33
19,11,4
33,12,9
23,18,60
27,20,53
36,19,29
37,20,33
51,16,8
39,12,3
53,23,32
5,16,36
0,11,51
6,12,57
61,23,32
0,15,31
20,17,46
7,15,44
14,16,47
40,14,14
61,21,28
21,11,8
34,19,36
29,11,3
18,10,1
7,10,8
35,14,15
40,16,21
6,9,4
41,21,34
5,13,62
37,22,43
59,19,3
60,19,22
0,11,17
24,16,31
36,18,26
40,13,1
45,18,24
15,17,35
48,21,27
47,19,23
18,12,16
15,10,9
12,16,41
0,12,20
49,15,6
24,13,21
38,13,6
20,16,61
3,13,49
15,10,6
13,17,42
5,16,33
22,17,62
58,18,2
14,15,56
13,10,5
4,14,42
0,14,29
34,22,46
53,21,28
56,17,14
48,20,26
36,22,47
3,15,32
40,23,41
36,17,25
57,18,10
49,16,18
27,17,31
47,15,5
46,17,20
22,17,59
16,10,4
29,14,18
52,20,24
24,19,54
15,13,20
17,14,20
31,15,25
21,11,6
62,20,10
26,19,53
58,18,0
7,13,59
45,15,16
37,17,24
10,15,22
23,18,44
63,19,23
14,16,46
59,18,17
4,14,46
24,18,45
30,20,47
4,15,39
60,19,2
37,13,7
47,14,14
17,12,15
5,16,34
22,18,37
11,14,61
60,18,15
3,11,13
30,21,54
58,21,28
57,18,8
29,20,55
39,17,24
5,16,32
19,16,28
20,17,55
59,22,30
21,17,49
54,20,25
52,16,15
9,16,42
34,21,40
54,22,29
23,11,7
48,19,23
1,13,47
40,20,30
3,12,55
3,13,46
34,13,14
51,19,22
62,20,2
18,16,49
5,13,59
18,14,20
56,18,21
31,21,57
7,13,62
43,15,18
41,14,6
44,15,18
29,17,33
43,14,7
11,10,7
28,20,52
20,17,44
10,11,10
27,19,42
8,15,24
54,17,7
52,22,31
57,18,20
6,9,1
34,12,2
0,14,40
16,11,5
13,14,61
27,20,50
12,17,31
9,11,11
53,22,28
19,17,45
10,16,38
16,15,60
60,17,15
32,14,19
45,14,2
47,23,35
49,15,2
57,18,6
36,22,46
53,16,15
26,16,32
26,18,63
40,13,3
45,16,18
5,16,30
1,8,3
14,10,1
24,13,22
57,17,15
53,22,29
12,14,54
8,9,1
18,12,14
29,19,41
29,12,3
17,17,47
21,17,62
63,18,16
3,12,52
41,20,29
4,9,6
44,14,7
26,12,7
44,17,20
8,16,27
14,15,50
60,18,17
45,23,37
35,22,47
31,12,11
49,15,13
6,13,61
17,17,37
31,16,24
52,15,15
45,19,24
3,11,16
11,11,13
25,19,43
38,20,35
4,13,53
59,19,23
42,17,21
44,22,35
7,9,4
6,14,47
3,12,21
29,18,34
61,19,23
18,17,32
39,18,27
4,12,56
6,15,25
32,13,13
60,20,27
51,20,24
13,15,45
11,17,34
2,14,41
9,10,7
19,17,41
50,21,26
27,19,47
29,14,21
25,13,19
56,23,32
58,20,23
20,17,51
4,12,19
30,20,41
29,20,48
34,22,54
16,11,7
41,16,18
19,17,30
9,12,16
20,12,15
26,17,34
24,18,49
55,17,16
45,15,7
62,20,27
35,23,54
19,16,61
40,13,9
9,15,42
23,18,38
25,12,14
29,12,6
30,13,12
27,17,30
30,21,61
49,22,31
0,10,12
6,11,14
62,23,30
8,15,42
5,13,48
10,13,58
27,20,46
37,19,31
30,18,33
32,22,63
6,15,41
34,12,3
18,18,38
2,9,3
18,14,22
63,20,25
34,22,49
12,10,3
34,16,25
14,11,12
41,13,6
32,14,18
31,12,7
21,16,30
34,21,41
20,12,14
0,12,48
32,19,37
42,21,32
59,21,28
28,12,4
42,18,23
56,18,4
24,18,56
2,11,55
23,13,22
44,14,16
30,21,46
2,12,18
5,10,9
46,21,31
29,18,37
62,21,28
42,14,11
7,13,54
31,14,19
61,19,1
40,22,41
1,10,14
12,15,50
50,21,27
12,15,54
3,12,16
9,17,37
18,16,29
45,22,33
55,18,3
5,14,46
45,21,32
24,13,18
41,23,42
63,20,19
29,13,13
35,23,61
0,9,7
38,12,1
13,17,41
24,18,54
44,21,33
29,15,22
23,12,17
7,10,7
3,9,3
26,17,31
8,13,53
42,19,26
55,17,0
27,19,53
4,9,8
2,12,60
48,17,20
38,23,48
50,18,20
28,18,35
40,21,32
58,17,16
45,14,15
35,23,62
44,17,21
19,17,51
20,17,47
18,17,51
20,11,0
9,12,15
6,14,21
7,14,50
21,18,42
26,18,35
22,18,44
2,13,22
12,17,34
40,23,40
1,9,3
0,15,39
19,12,16
34,21,45
41,23,43
42,13,4
47,20,26
27,15,27
53,17,17
24,12,13
36,16,23
43,23,40
62,19,18
14,10,6
17,16,26
62,20,8
33,12,1
34,22,50
11,17,29
29,12,9
2,15,32
61,23,30
12,15,51
21,17,51
39,13,2
28,12,12
50,23,35
63,19,17
19,11,2
22,15,27
46,16,18
34,14,18
51,16,15
50,17,18
10,17,30
14,10,9
18,17,47
20,12,12
58,19,24
54,16,13
10,12,16
38,13,5
60,22,28
26,15,26
19,15,26
41,16,21
27,13,19
6,12,14
2,10,12
35,23,50
27,17,32
49,15,7
59,19,0
33,15,21
30,17,30
25,17,32
31,22,53
38,18,25
38,17,24
1,12,51
43,14,3
15,12,13
27,14,19
30,20,46
33,20,36
63,20,18
1,12,55
49,22,33
37,19,33
0,15,33
24,17,62
