40,0,48
40,0,49
40,0,50
40,0,51
41,0,44
41,0,45
41,0,46
41,0,47
41,0,48
41,0,49
41,0,50
41,0,51
41,0,52
41,0,53
41,0,54
41,0,55
42,0,44
42,0,45
42,0,46
42,0,47
42,0,48
42,0,49
42,0,50
42,0,51
42,0,52
42,0,53
42,0,54
42,0,55
42,0,56
42,0,57
42,0,58
42,0,59
42,0,60
43,0,44
43,0,45
43,0,46
43,0,47
43,0,48
43,0,49
43,1,49
43,0,50
43,1,50
43,0,51
43,1,51
43,0,52
43,0,53
43,0,54
43,0,55
43,0,56
43,0,57
43,0,58
43,0,59
43,0,60
43,0,61
44,0,43
44,0,44
44,0,45
44,0,46
44,0,47
44,1,47
44,0,48
44,1,48
44,0,49
44,1,49
44,1,50
44,0,51
44,1,51
44,0,52
44,1,52
44,0,53
44,1,53
44,0,54
44,1,54
44,0,55
44,1,55
44,0,56
44,1,56
44,0,57
44,1,57
44,0,58
44,0,59
44,0,60
44,0,61
44,0,62
44,0,63
45,0,43
45,0,44
45,0,45
45,0,46
45,0,47
45,1,47
45,1,48
45,1,49
45,1,50
45,1,51
45,1,52
45,1,53
45,1,54
45,1,55
45,0,56
45,1,56
45,0,57
45,1,57
45,0,58
45,1,58
45,0,59
45,1,59
45,0,60
45,0,61
45,0,62
45,0,63
46,0,43
46,0,44
46,0,45
46,0,46
46,1,46
46,1,47
46,1,48
46,1,49
46,1,50
46,1,51
46,1,52
46,1,53
46,1,54
46,1,55
46,1,56
46,1,57
46,1,58
46,0,59
46,1,59
46,0,60
46,1,60
46,0,61
46,1,61
46,0,62
46,0,63
47,0,43
47,0,44
47,0,45
47,0,46
47,1,46
47,1,47
47,1,48
47,1,49
47,1,50
47,1,51
47,1,52
47,1,53
47,2,53
47,1,54
47,1,55
47,1,56
47,1,57
47,1,58
47,1,59
47,1,60
47,0,61
47,1,61
47,0,62
47,1,62
47,0,63
47,1,63
48,0,43
48,0,44
48,0,45
48,0,46
48,1,46
48,1,47
48,1,48
48,1,49
48,1,50
48,1,51
48,2,51
48,1,52
48,2,52
48,1,53
48,2,53
48,1,54
48,2,54
48,1,55
48,2,55
48,1,56
48,1,57
48,1,58
48,1,59
48,1,60
48,1,61
48,1,62
48,0,63
48,1,63
49,0,44
49,0,45
49,0,46
49,1,46
49,1,47
49,1,48
49,1,49
49,1,50
49,2,50
49,1,51
49,2,51
49,2,52
49,2,53
49,2,54
49,1,55
49,2,55
49,1,56
49,2,56
49,1,57
49,2,57
49,1,58
49,1,59
49,1,60
49,1,61
49,1,62
49,1,63
50,0,44
50,0,45
50,0,46
50,1,46
50,1,47
50,1,48
50,1,49
50,1,50
50,2,50
50,2,51
50,2,52
50,2,53
50,2,54
50,2,55
50,2,56
50,1,57
50,2,57
50,1,58
50,2,58
50,1,59
50,2,59
50,1,60
50,1,61
50,1,62
50,1,63
51,0,44
51,0,45
51,0,46
51,1,46
51,1,47
51,1,48
51,1,49
51,1,50
51,2,50
51,2,51
51,2,52
51,2,53
51,2,54
51,2,55
51,2,56
51,2,57
51,2,58
51,1,59
51,2,59
51,1,60
51,2,60
51,1,61
51,2,61
51,1,62
51,1,63
52,0,44
52,0,45
52,0,46
52,1,46
52,1,47
52,1,48
52,2,48
52,1,49
52,2,49
52,1,50
52,2,50
52,2,51
52,2,52
52,2,53
52,2,54
52,2,55
52,2,56
52,2,57
52,2,58
52,2,59
52,2,60
52,1,61
52,2,61
52,1,62
52,2,62
52,1,63
53,0,44
53,0,45
53,0,46
53,1,46
53,1,47
53,1,48
53,2,48
53,1,49
53,2,49
53,1,50
53,2,50
53,2,51
53,2,52
53,2,53
53,2,54
53,2,55
53,2,56
53,2,57
53,2,58
53,2,59
53,2,60
53,2,61
53,1,62
53,2,62
53,1,63
53,2,63
54,0,44
54,0,45
54,0,46
54,1,46
54,1,47
54,1,48
54,2,48
54,1,49
54,2,49
54,2,50
54,2,51
54,2,52
54,2,53
54,2,54
54,2,55
54,2,56
54,2,57
54,2,58
54,2,59
54,2,60
54,2,61
54,2,62
54,1,63
54,2,63
55,0,44
55,0,45
55,0,46
55,1,46
55,1,47
55,1,48
55,2,48
55,1,49
55,2,49
55,2,50
55,2,51
55,2,52
55,2,53
55,2,54
55,2,55
55,3,55
55,2,56
55,3,56
55,2,57
55,3,57
55,2,58
55,2,59
55,2,60
55,2,61
55,2,62
55,2,63
56,0,44
56,0,45
56,0,46
56,1,46
56,1,47
56,1,48
56,1,49
56,2,49
56,2,50
56,2,51
56,2,52
56,2,53
56,2,54
56,2,55
56,3,55
56,3,56
56,2,57
56,3,57
56,2,58
56,3,58
56,2,59
56,3,59
56,2,60
56,3,60
56,2,61
56,2,62
56,2,63
57,0,44
57,0,45
57,0,46
57,1,46
57,1,47
57,1,48
57,1,49
57,2,49
57,2,50
57,2,51
57,2,52
57,2,53
57,2,54
57,3,54
57,2,55
57,3,55
57,3,56
57,3,57
57,2,58
57,3,58
57,2,59
57,3,59
57,2,60
57,3,60
57,2,61
57,3,61
57,2,62
57,3,62
57,1,63
57,2,63
58,0,44
58,1,44
58,0,45
58,1,45
58,0,46
58,1,46
58,1,47
58,1,48
58,1,49
58,2,49
58,2,50
58,2,51
58,2,52
58,2,53
58,2,54
58,3,54
58,2,55
58,3,55
58,2,56
58,3,56
58,2,57
58,3,57
58,2,58
58,3,58
58,4,58
58,2,59
58,3,59
58,2,60
58,3,60
58,2,61
58,3,61
58,1,62
58,2,62
58,3,62
58,1,63
58,2,63
59,0,44
59,1,44
59,0,45
59,1,45
59,0,46
59,1,46
59,1,47
59,1,48
59,1,49
59,2,49
59,2,50
59,2,51
59,2,52
59,2,53
59,2,54
59,2,55
59,2,56
59,3,56
59,2,57
59,3,57
59,2,58
59,3,58
59,2,59
59,3,59
59,2,60
59,3,60
59,1,61
59,2,61
59,3,61
59,1,62
59,2,62
59,3,62
59,1,63
59,2,63
60,0,44
60,0,45
60,0,46
60,1,46
60,1,47
60,1,48
60,1,49
60,2,49
60,2,50
60,2,51
60,2,52
60,2,53
60,2,54
60,2,55
60,3,55
60,2,56
60,3,56
60,2,57
60,3,57
60,2,58
60,3,58
60,2,59
60,3,59
60,1,60
60,2,60
60,3,60
60,1,61
60,2,61
60,3,61
60,1,62
60,2,62
60,3,62
60,0,63
60,1,63
60,2,63
61,0,44
61,0,45
61,0,46
61,1,46
61,1,47
61,1,48
61,1,49
61,2,49
61,1,50
61,2,50
61,2,51
61,2,52
61,2,53
61,2,54
61,2,55
61,3,55
61,2,56
61,3,56
61,2,57
61,3,57
61,1,58
61,2,58
61,3,58
61,1,59
61,2,59
61,3,59
61,1,60
61,2,60
61,3,60
61,1,61
61,2,61
61,0,62
61,1,62
61,2,62
61,0,63
61,1,63
61,2,63
62,0,44
62,0,45
62,0,46
62,1,46
62,1,47
62,1,48
62,1,49
62,1,50
62,1,51
62,2,51
62,1,52
62,2,52
62,1,53
62,2,53
62,1,54
62,2,54
62,1,55
62,2,55
62,1,56
62,2,56
62,1,57
62,2,57
62,3,57
62,1,58
62,2,58
62,3,58
62,1,59
62,2,59
62,3,59
62,1,60
62,2,60
62,3,60
62,0,61
62,1,61
62,2,61
62,0,62
62,1,62
62,0,63
62,1,63
63,0,44
63,0,45
63,0,46
63,1,46
63,0,47
63,1,47
63,1,48
63,1,49
63,1,50
63,1,51
63,1,52
63,2,52
63,1,53
63,2,53
63,1,54
63,2,54
63,1,55
63,2,55
63,1,56
63,2,56
63,1,57
63,2,57
63,1,58
63,2,58
63,1,59
63,2,59
63,0,60
63,1,60
63,2,60
63,0,61
63,1,61
63,0,62
63,1,62
63,0,63
63,1,63
