37,3,61
61,2,35
53,12,33
53,2,52
44,10,47
32,8,51
6,18,61
41,7,52
32,1,61
11,5,63
17,9,57
21,4,58
28,4,58
62,23,28
7,12,59
17,13,55
24,10,55
53,3,44
49,23,36
53,8,38
43,6,52
31,2,59
58,7,32
24,18,52
16,12,56
6,13,60
37,2,58
58,4,39
3,11,63
35,22,46
44,5,56
36,2,58
19,0,61
49,1,57
54,4,40
60,12,29
55,9,34
38,8,49
33,4,58
24,14,52
48,7,47
29,3,61
13,2,63
53,3,53
38,4,56
19,23,55
59,2,34
37,6,52
46,1,61
47,22,40
33,12,48
24,3,58
53,6,39
33,22,47
41,1,59
52,3,52
53,14,33
22,2,60
41,1,62
32,4,61
43,0,63
31,5,55
59,6,31
41,10,49
5,8,61
17,22,56
16,10,56
42,3,57
54,2,52
13,3,62
34,6,53
59,0,45
26,2,60
34,7,51
46,14,42
46,1,62
29,5,56
41,2,58
10,15,59
54,12,33
26,7,57
47,23,41
33,11,48
58,0,44
51,4,47
14,3,61
26,12,52
17,4,60
46,1,59
47,9,42
63,1,36
30,21,50
37,6,57
61,4,30
23,5,55
49,8,48
35,14,47
45,7,52
30,22,49
28,5,59
22,1,60
46,9,49
29,16,50
56,15,31
61,14,29
45,18,44
26,14,52
24,8,52
50,17,35
53,11,33
60,10,29
6,22,62
50,8,39
27,13,52
28,22,52
41,13,47
30,8,59
63,1,32
31,6,60
37,3,59
57,4,39
28,5,62
60,17,29
38,1,60
59,4,32
53,2,53
63,15,28
41,2,60
62,18,28
38,7,51
26,16,51
49,6,46
46,9,42
27,2,63
27,16,51
29,2,61
24,5,57
50,12,36
6,9,61
53,3,48
52,2,54
22,3,60
17,17,55
6,22,63
38,2,60
59,16,29
60,2,31
17,10,55
35,5,58
34,8,52
34,7,54
31,5,60
31,6,58
20,4,60
53,4,54
30,13,50
32,5,57
52,20,32
20,8,55
43,1,60
36,5,56
41,4,60
57,7,33
32,6,56
25,1,62
52,3,49
6,10,60
27,6,59
15,21,58
8,12,59
26,7,56
51,5,49
9,4,63
45,1,60
30,2,63
33,19,47
11,7,60
38,17,46
20,8,54
50,4,47
32,3,57
47,1,61
61,5,30
62,16,29
45,1,62
14,2,62
60,1,39
46,11,42
17,4,59
16,9,57
23,11,53
49,21,37
40,11,47
26,4,62
61,17,29
34,13,47
30,23,50
13,4,63
49,9,40
33,6,53
19,3,59
50,20,35
63,11,28
22,4,56
22,5,57
61,0,42
37,4,56
22,14,53
43,23,45
49,8,47
46,5,52
19,6,57
37,12,48
41,1,61
54,4,46
52,3,53
63,1,34
38,7,55
38,2,61
59,0,39
42,17,46
60,20,29
20,8,56
63,2,38
58,5,39
28,4,60
47,16,41
47,23,40
52,2,53
26,5,59
50,1,56
45,20,43
45,13,44
18,3,63
47,8,41
48,14,41
9,8,63
58,0,47
37,11,51
33,2,59
45,16,44
57,0,43
54,22,31
24,15,52
9,21,60
49,5,44
51,14,35
35,8,52
39,10,50
9,18,60
37,12,47
14,3,62
25,13,52
46,12,42
29,8,54
61,1,34
16,11,56
32,7,53
9,6,61
24,3,60
24,2,62
31,3,58
45,4,56
50,4,48
52,0,55
34,5,56
16,9,56
31,7,55
35,5,55
6,14,61
63,0,39
52,9,36
49,7,41
61,8,30
18,17,55
6,12,60
45,5,52
15,9,58
18,7,56
47,12,40
46,11,48
27,4,57
18,3,60
51,23,33
20,11,54
55,0,46
49,23,35
62,7,29
12,4,62
26,9,57
49,14,38
50,16,36
13,5,61
56,17,31
10,5,63
61,9,31
61,2,32
54,2,45
55,3,39
53,3,54
33,7,52
23,4,58
56,0,47
12,16,57
61,15,29
47,0,58
56,4,46
56,8,35
61,6,30
49,21,38
57,9,32
36,5,58
54,4,43
21,7,55
41,15,46
35,15,47
60,0,40
34,0,63
56,7,37
26,19,51
24,5,61
30,11,51
55,7,35
39,0,59
29,18,50
21,13,53
25,2,63
24,0,63
29,22,50
57,4,37
18,7,58
15,20,57
53,1,48
63,2,39
30,16,48
57,2,46
48,14,40
12,4,61
57,11,31
21,8,56
48,22,40
55,5,40
56,4,39
31,16,48
37,9,50
57,19,30
36,22,46
16,8,57
31,6,59
40,21,46
14,21,58
21,3,60
45,21,43
62,21,28
51,4,52
51,10,36
34,9,49
56,4,48
43,19,45
27,4,62
31,8,51
32,12,49
44,9,52
57,4,38
20,2,61
39,6,53
45,7,54
38,8,55
40,2,56
49,2,58
46,20,43
41,6,54
50,8,38
10,5,61
29,7,58
29,4,60
33,1,61
38,9,50
50,23,36
43,5,55
34,3,57
49,2,54
25,3,61
30,2,62
9,23,60
47,19,42
35,1,60
26,5,57
18,4,60
23,0,61
33,17,47
58,6,32
30,3,63
13,4,62
38,9,55
14,9,59
47,21,40
31,21,49
48,4,56
50,0,55
32,6,57
60,8,31
37,6,55
46,20,41
43,20,45
51,5,40
36,7,52
29,3,60
62,3,38
24,11,53
18,8,56
28,6,57
63,1,29
32,1,62
59,2,33
60,23,29
6,6,62
42,12,47
27,7,54
50,23,35
30,5,55
49,4,54
51,4,53
39,7,50
27,8,52
20,4,61
15,18,57
25,3,60
45,8,46
34,0,61
41,6,53
44,2,59
47,5,56
7,17,61
51,2,55
29,20,50
49,22,37
52,11,34
58,2,36
18,11,55
43,23,44
39,6,56
28,4,62
31,8,54
58,7,33
26,3,61
32,9,50
44,8,53
55,12,33
31,4,61
21,8,55
27,3,59
52,21,32
18,13,55
23,14,53
24,6,57
25,1,63
50,15,35
51,15,36
40,3,59
24,9,52
49,3,54
47,10,41
34,1,59
36,2,59
23,23,54
62,2,35
54,11,33
34,2,59
63,14,27
29,4,58
23,15,53
57,3,37
36,11,48
49,3,53
63,2,30
52,3,55
55,1,47
14,15,57
19,17,54
63,1,30
47,7,52
49,20,39
29,13,51
25,2,61
49,18,39
48,5,49
57,17,31
22,15,53
61,1,37
14,2,63
35,12,48
51,20,34
29,7,60
27,8,57
32,9,52
17,6,59
37,19,46
40,2,57
60,2,34
56,3,46
15,12,57
20,3,61
45,5,56
60,1,44
19,1,61
21,10,54
30,9,51
22,2,61
63,3,29
48,2,57
51,1,55
24,12,53
41,1,58
49,6,42
46,16,42
46,1,60
41,8,52
21,7,56
55,11,32
51,23,34
15,16,56
10,10,59
39,5,59
43,10,48
15,21,57
44,15,45
20,3,59
28,23,52
21,2,61
29,23,50
19,1,62
50,21,36
39,3,57
32,20,47
52,4,46
43,2,57
51,6,48
28,3,60
44,6,53
37,17,47
26,4,60
53,7,37
49,16,37
53,16,33
62,11,28
57,14,32
46,20,42
56,2,42
41,20,45
49,15,38
34,10,49
50,16,34
51,4,51
25,8,58
46,8,44
25,4,60
15,2,61
47,2,58
28,7,56
41,0,59
7,7,62
53,4,46
34,4,56
37,10,50
33,11,49
60,1,34
62,8,30
5,12,61
11,23,60
47,2,59
60,9,31
18,5,57
56,8,36
19,4,60
24,1,60
19,22,56
23,0,63
31,4,58
28,3,62
63,0,37
63,16,26
60,1,42
50,15,37
30,2,60
47,18,42
30,5,59
38,17,47
24,1,62
58,2,44
56,2,41
21,23,55
32,21,48
41,5,54
39,10,49
40,15,46
47,4,54
13,11,58
30,12,51
28,2,60
9,7,61
38,10,54
53,8,37
36,8,50
8,21,61
53,18,32
27,18,51
57,1,41
45,9,53
51,8,39
58,5,34
33,13,47
47,7,50
33,8,51
63,1,38
20,5,57
37,4,57
21,3,61
36,10,48
41,9,51
4,9,62
44,1,60
53,5,43
59,1,41
41,16,46
52,5,43
42,7,54
25,2,62
55,8,35
37,0,63
26,3,63
53,3,46
45,23,42
46,17,42
56,14,32
53,16,32
7,6,62
37,5,59
46,7,45
44,8,48
51,5,42
31,1,63
53,0,56
37,1,60
20,6,56
44,9,47
22,7,54
63,2,33
7,17,60
33,6,57
40,13,47
40,18,46
54,0,47
51,6,47
32,5,61
58,8,33
28,6,56
59,9,30
61,2,30
59,11,30
49,19,38
34,3,58
17,18,56
42,4,55
40,10,50
55,1,55
29,16,49
54,7,37
63,16,27
62,1,30
31,16,47
9,8,62
50,18,37
37,20,46
18,6,57
20,22,55
7,8,60
44,23,44
45,9,52
41,15,47
43,9,47
23,2,61
35,8,55
38,6,57
43,11,47
33,4,57
42,22,45
59,14,29
50,7,40
40,8,49
49,4,55
31,4,59
62,9,30
3,9,63
57,1,42
36,6,54
30,1,62
63,0,31
45,0,60
34,0,62
54,1,44
16,10,57
52,6,39
38,4,55
21,0,61
47,8,45
24,3,62
47,20,41
15,3,62
31,4,62
51,18,34
59,15,29
14,5,60
49,22,35
53,4,52
38,18,47
31,23,49
21,1,62
39,18,46
44,3,57
60,3,34
60,1,43
30,11,50
57,2,47
33,3,58
51,21,34
49,8,40
58,12,30
61,0,36
38,6,52
57,1,46
58,12,31
39,10,47
19,14,55
51,10,37
16,6,61
39,6,55
42,10,51
51,7,38
59,2,36
50,18,35
44,22,44
52,4,45
44,17,45
31,13,49
61,1,32
31,9,53
38,6,53
47,1,60
56,3,41
14,16,56
59,4,39
56,1,46
55,13,32
57,2,39
41,3,56
34,7,52
55,7,39
21,15,53
19,3,61
25,6,56
55,0,49
31,6,61
54,1,48
52,12,34
35,10,51
19,0,62
42,14,47
47,7,47
36,2,61
29,6,57
51,3,49
56,6,36
48,15,39
10,17,59
49,5,45
62,1,36
48,4,52
44,5,57
54,3,42
25,0,62
39,1,60
15,5,61
44,7,49
41,10,51
59,13,30
37,7,54
48,6,49
24,7,56
40,7,53
30,2,61
36,6,53
12,5,61
38,9,54
51,6,40
46,5,54
44,10,52
50,21,35
43,0,60
58,1,42
45,17,43
29,8,52
43,3,59
30,9,52
60,5,32
40,8,51
61,9,29
42,2,60
13,3,63
18,0,61
40,15,47
37,9,54
38,0,61
15,10,57
31,3,59
23,2,60
36,1,60
39,0,60
27,7,56
39,14,47
58,2,40
31,22,49
33,9,51
62,17,29
35,13,47
23,1,62
25,8,56
31,6,57
61,19,29
55,0,47
63,13,28
50,3,53
28,7,54
50,6,46
48,17,39
46,8,46
47,8,47
46,19,42
53,0,55
59,3,44
5,7,62
50,4,43
55,7,36
45,2,59
42,7,53
34,21,47
27,5,60
54,3,47
46,19,43
63,15,27
56,0,56
23,6,55
48,10,40
29,17,50
12,14,58
10,18,59
61,18,29
62,3,37
53,5,40
17,8,57
47,7,48
34,23,46
32,23,47
52,3,50
18,6,59
5,7,63
24,13,52
42,6,55
48,6,46
37,0,62
55,6,37
39,5,55
63,2,36
11,3,63
47,5,55
55,4,47
38,7,56
13,10,58
30,5,57
43,2,58
34,9,54
13,2,62
33,4,56
62,17,28
59,2,44
53,7,42
41,12,47
60,0,42
48,7,44
49,6,40
56,19,31
23,4,56
42,11,47
55,8,36
45,4,55
53,2,45
28,2,63
46,0,61
21,2,63
54,2,47
26,3,62
38,3,60
54,8,35
38,13,47
61,7,30
16,3,61
59,3,34
56,2,47
20,16,54
46,9,47
36,12,47
28,8,53
40,22,45
52,22,33
52,2,50
57,3,36
22,0,62
49,3,52
42,5,53
61,1,33
25,5,57
32,10,52
45,8,48
58,6,39
7,6,63
48,2,58
28,14,51
32,7,54
43,10,49
31,2,61
26,1,62
43,11,46
17,7,58
49,6,48
28,6,60
41,3,55
20,13,54
43,12,47
27,8,58
7,13,60
31,9,54
48,2,56
18,18,55
40,6,53
52,19,32
28,9,54
28,3,63
21,9,54
30,10,51
21,3,59
35,23,46
50,10,39
40,5,54
53,3,45
53,2,55
50,16,37
59,2,43
26,6,59
37,7,56
48,3,53
37,6,54
41,3,60
21,11,54
15,13,57
59,12,30
17,7,59
38,6,56
42,13,46
16,5,60
37,18,46
35,3,58
50,4,51
42,5,58
28,13,51
17,8,58
35,7,55
58,5,40
53,9,36
5,9,62
27,4,59
50,5,42
54,19,32
53,15,33
63,3,33
30,22,50
51,3,54
10,5,62
53,0,54
33,2,60
23,0,62
55,8,34
57,2,42
26,0,63
34,17,47
47,3,59
49,20,37
25,11,52
51,2,54
39,2,57
38,14,47
51,19,33
29,6,54
42,4,57
50,13,37
30,6,56
49,11,39
49,9,39
33,0,63
49,16,38
31,8,56
17,6,60
47,6,51
29,14,51
35,7,51
57,8,33
41,6,52
25,9,52
32,4,56
56,3,42
43,4,55
43,1,61
47,10,40
46,2,58
48,7,45
49,4,52
56,5,37
57,13,31
33,21,47
63,0,30
42,5,55
60,1,38
39,3,56
42,5,54
42,3,60
59,23,30
34,8,50
41,10,50
40,5,53
36,0,60
21,14,54
56,0,45
44,9,49
7,18,61
61,20,29
41,3,59
56,1,48
55,7,37
45,6,54
46,8,49
54,0,56
36,6,56
48,13,39
19,1,63
42,16,46
55,3,43
30,8,53
62,10,29
57,8,32
44,7,50
53,10,35
45,12,43
57,9,33
62,23,29
24,8,56
17,0,63
55,1,48
33,18,47
36,13,47
32,20,48
54,2,50
49,5,53
55,12,32
19,14,54
14,12,57
35,19,47
47,18,41
49,4,51
42,6,52
31,6,54
60,11,30
10,20,60
60,3,39
38,4,57
30,4,62
34,1,60
60,9,30
61,8,29
27,12,51
34,12,47
25,8,52
44,4,57
43,5,54
11,13,58
54,19,31
9,8,60
22,5,58
48,8,41
30,23,49
56,5,34
50,13,35
18,1,63
20,3,57
20,6,57
53,3,42
59,6,32
46,9,43
51,8,37
46,11,43
28,2,61
33,9,50
24,11,52
17,17,56
41,11,49
29,22,51
33,4,59
55,23,32
22,4,57
43,14,46
35,10,49
41,9,49
59,0,42
26,8,52
54,0,53
30,8,54
11,22,60
26,3,59
48,12,40
57,11,32
50,12,35
6,9,60
53,3,43
24,9,56
55,19,31
51,18,35
58,0,46
55,5,38
29,9,53
6,11,60
47,11,40
52,3,42
47,9,40
48,6,50
44,10,49
45,8,44
18,5,59
43,13,46
18,15,55
40,4,54
58,2,45
24,8,57
23,16,52
30,0,63
57,3,40
5,23,63
54,10,33
22,1,62
13,4,61
35,9,54
29,3,62
31,10,51
48,6,47
25,4,58
47,7,43
5,8,63
62,9,29
43,17,46
44,3,58
34,3,61
38,5,58
4,9,63
51,17,34
7,7,61
30,21,49
60,2,32
33,1,62
54,1,49
50,6,39
47,8,50
27,2,61
44,8,49
42,3,56
14,11,58
37,5,58
40,17,46
49,9,47
58,1,38
56,20,31
18,14,55
53,1,56
10,16,59
32,0,63
49,16,39
26,5,61
51,5,47
41,8,50
23,7,55
21,2,62
19,2,63
23,3,58
56,2,48
42,21,45
35,7,53
41,0,61
30,6,54
44,14,46
49,7,40
46,5,56
45,19,44
16,3,62
6,23,62
8,11,59
38,1,63
47,16,42
31,10,50
27,5,59
41,12,49
37,7,52
52,4,41
16,6,60
26,9,52
18,7,57
52,20,33
54,22,32
39,1,61
16,7,60
29,4,59
60,0,39
36,10,50
28,9,52
44,16,45
28,8,54
29,4,62
46,6,55
53,12,34
38,2,59
24,9,54
53,4,45
49,3,56
33,12,49
54,23,31
46,10,47
51,22,34
57,13,32
37,4,59
10,4,63
22,1,61
35,2,60
45,9,44
21,1,63
25,3,62
60,5,31
39,9,50
53,3,41
63,4,28
25,16,52
19,8,55
60,0,43
45,11,44
53,1,53
47,8,48
55,3,47
61,2,43
48,7,48
63,6,29
24,8,55
57,3,35
48,3,55
56,0,43
51,4,54
37,8,50
47,9,50
59,4,33
8,16,60
53,19,32
50,19,36
49,22,38
57,0,44
48,20,40
31,7,59
50,14,37
44,12,46
47,6,49
20,15,54
7,15,60
34,11,49
58,1,43
40,22,46
48,5,54
6,8,62
52,2,49
63,1,31
15,8,59
12,8,59
41,3,57
32,23,46
19,17,55
53,6,43
17,5,60
56,1,45
43,7,52
15,8,58
60,2,42
59,5,32
39,10,48
44,11,46
17,1,62
28,2,62
38,8,51
60,0,38
24,6,55
28,20,51
9,17,60
58,3,33
42,23,45
25,5,58
47,12,41
44,9,46
7,23,62
63,4,29
18,21,56
14,16,57
52,3,47
53,3,55
52,1,56
32,15,47
47,10,48
39,9,49
53,1,50
27,15,51
49,5,48
38,1,59
18,5,58
12,13,58
20,2,59
6,7,62
19,10,55
51,18,36
24,10,53
45,3,59
50,5,48
32,4,57
52,3,45
48,3,58
43,1,62
25,10,57
4,8,62
20,2,62
37,4,58
59,2,40
53,10,34
36,20,47
46,7,47
39,7,56
53,2,49
27,2,60
32,6,53
55,2,48
19,2,60
50,6,48
63,0,35
31,8,52
35,8,50
47,7,45
44,22,45
26,18,52
32,3,58
55,2,44
62,3,29
50,17,36
24,4,61
27,8,53
47,6,56
26,16,52
47,23,39
56,6,34
20,21,55
34,15,47
17,3,60
23,4,59
27,6,60
39,8,50
52,17,33
63,5,29
47,21,41
53,5,46
49,21,34
29,5,60
45,8,47
52,4,44
15,7,59
58,13,30
53,14,34
18,15,54
38,15,47
17,8,56
52,5,40
51,5,54
23,16,53
62,13,29
56,6,38
13,22,58
60,1,33
52,8,37
22,6,55
60,14,29
31,4,57
47,5,54
49,11,38
53,21,32
56,4,40
48,17,40
29,3,59
52,3,44
46,8,42
17,23,57
30,12,50
28,15,50
51,11,35
29,11,51
26,8,54
25,16,51
12,4,63
48,5,48
59,14,30
25,7,56
46,5,51
38,5,56
36,8,51
45,11,48
41,9,50
14,6,60
18,2,62
6,10,61
42,13,47
55,10,32
31,12,50
34,6,54
26,7,53
19,21,55
60,1,35
27,3,60
30,16,49
42,1,59
18,1,62
29,4,61
16,13,55
37,7,51
28,15,51
57,5,36
26,19,52
47,5,50
60,18,29
60,21,29
39,16,46
15,14,56
62,2,29
32,10,50
49,19,39
25,3,63
28,10,53
24,2,61
46,4,54
15,22,58
29,12,51
40,6,52
33,7,53
43,8,49
37,10,48
48,9,40
50,20,37
41,14,46
56,1,47
58,1,40
50,2,54
31,8,58
38,12,47
61,1,43
48,11,40
59,2,35
31,8,59
25,20,52
44,4,55
59,13,29
39,0,62
48,19,39
53,5,41
28,1,62
53,5,42
40,1,59
22,4,60
25,5,59
45,12,45
53,9,35
21,3,57
40,1,58
8,8,60
56,2,45
9,14,59
44,21,44
27,6,58
32,3,59
54,15,33
56,4,36
53,11,35
30,17,49
55,1,45
11,4,62
23,5,57
35,0,60
37,8,51
49,6,43
33,0,61
57,3,39
56,9,33
17,2,61
30,5,58
52,6,40
48,6,43
45,15,44
60,3,32
57,5,38
59,3,32
48,13,40
31,2,60
37,5,55
46,10,48
59,1,37
46,18,43
57,14,31
51,7,39
12,6,60
35,12,47
9,16,59
39,5,56
60,23,30
62,14,28
37,14,47
26,1,63
59,22,30
10,8,60
55,0,44
47,19,40
55,9,35
60,3,31
51,4,44
12,15,58
51,17,33
35,16,47
40,3,56
37,5,56
27,13,51
26,15,52
54,20,32
9,8,59
5,14,63
43,10,47
32,0,62
41,3,58
28,7,59
53,4,41
43,3,56
13,12,58
20,5,56
37,9,49
26,1,61
23,4,57
57,15,30
27,1,61
18,2,60
27,2,62
15,13,56
49,2,57
54,5,40
18,3,59
63,0,32
44,1,61
10,23,60
23,15,52
59,10,30
33,2,58
49,7,39
49,12,39
24,23,54
48,6,48
62,2,38
33,5,55
59,1,43
29,10,51
48,21,39
45,0,61
62,15,28
41,17,46
50,20,34
50,21,37
48,18,39
52,1,54
34,22,47
46,11,41
43,7,51
63,23,28
15,1,63
32,19,47
50,3,54
62,1,38
32,13,49
50,15,36
47,9,41
60,16,29
26,7,59
54,20,31
46,9,41
58,19,30
28,5,56
45,9,48
63,0,33
43,9,49
54,18,32
24,5,56
28,10,52
40,3,55
8,7,61
24,3,59
24,8,53
45,1,59
30,14,50
37,3,57
37,15,47
11,6,60
53,2,51
51,19,34
59,1,45
48,8,40
20,1,62
31,11,50
46,15,43
25,4,57
35,11,48
60,2,38
53,13,34
39,8,57
62,3,30
44,4,58
31,10,52
54,21,32
59,3,38
43,3,60
46,21,43
14,6,61
8,20,61
11,6,61
32,15,48
46,8,45
28,19,51
16,22,57
47,1,59
32,4,58
26,4,57
38,0,63
46,3,59
22,0,63
18,22,55
57,5,39
62,0,33
49,2,56
26,6,58
53,13,33
47,3,54
15,7,60
40,4,55
47,0,59
20,2,58
16,4,61
53,2,46
33,1,60
28,9,53
13,5,60
57,23,30
19,3,62
59,0,40
49,5,51
19,1,60
56,1,42
61,4,31
28,19,50
19,7,57
42,23,44
19,12,55
40,20,46
63,9,28
44,19,45
47,4,53
58,2,37
47,4,58
54,17,31
12,5,60
18,1,61
54,2,44
33,23,46
34,20,47
57,3,41
32,8,52
29,6,58
36,9,51
30,7,58
55,17,31
26,2,62
9,17,59
53,6,41
10,7,62
52,7,42
61,1,31
60,0,44
61,0,43
24,7,57
21,6,55
21,2,59
49,5,42
41,7,53
59,2,38
15,23,58
50,15,34
20,0,63
40,6,51
33,6,54
24,2,59
39,0,61
60,4,32
58,13,31
31,6,56
23,9,53
54,6,38
8,6,61
50,21,34
60,4,40
23,1,61
41,7,50
31,3,61
27,5,58
62,15,29
55,2,46
51,3,53
18,8,55
46,9,48
39,2,59
61,3,42
56,3,47
45,9,46
52,12,35
25,1,61
51,13,34
48,20,39
62,2,32
29,2,62
42,7,51
7,15,61
20,7,56
16,4,62
25,2,60
56,1,43
11,8,59
57,22,31
48,23,40
46,1,63
62,7,30
46,21,41
58,6,34
13,12,57
45,10,53
50,5,51
29,17,49
49,4,56
29,21,51
17,14,55
62,1,32
47,5,51
53,3,47
57,18,30
32,1,60
39,7,52
48,7,42
9,12,59
43,9,48
35,9,49
31,7,57
41,2,59
24,8,54
40,7,50
56,2,43
35,18,47
48,3,56
48,22,39
57,2,40
60,0,41
46,22,41
17,10,56
18,9,55
63,2,28
33,10,50
50,18,34
20,3,58
47,3,57
50,12,38
26,22,53
58,9,30
36,5,59
12,12,58
35,21,47
31,1,60
25,5,60
18,6,58
24,4,58
30,6,55
53,4,53
19,8,54
58,11,31
32,14,49
51,12,35
20,0,62
25,15,52
34,23,45
22,11,53
43,12,46
58,9,31
46,5,53
25,7,58
39,4,56
53,6,42
33,20,47
42,5,57
51,0,57
52,4,42
49,15,39
39,6,52
19,8,56
44,6,54
50,4,50
46,13,42
22,9,53
29,7,57
52,22,32
23,5,59
40,14,47
42,14,46
48,7,40
26,8,55
9,10,59
11,10,59
34,4,61
13,6,60
50,7,39
30,4,60
46,6,50
63,1,39
41,14,47
51,5,45
28,16,50
11,23,59
62,2,31
28,18,50
39,13,47
38,5,53
39,1,59
18,5,60
14,1,63
22,8,55
33,2,62
33,21,46
14,5,61
50,17,37
63,5,28
21,17,53
61,2,33
17,12,55
37,23,46
37,10,51
48,18,41
55,16,32
61,0,34
28,8,57
45,4,59
27,5,56
50,10,38
29,6,60
48,5,52
51,3,50
34,3,56
14,11,57
58,3,37
56,23,31
42,1,61
41,22,45
34,4,57
50,5,47
46,0,62
47,10,46
42,9,52
49,0,58
7,8,63
52,3,43
30,7,53
39,3,55
43,0,62
47,11,41
33,5,57
46,0,59
52,5,41
43,16,46
54,1,52
52,10,35
25,14,52
20,3,60
11,8,60
46,7,49
54,7,39
42,17,45
28,5,57
56,16,32
41,5,53
50,5,41
4,22,63
52,18,33
31,14,49
45,1,63
56,4,42
29,15,50
51,16,34
52,23,32
36,11,50
29,10,52
51,4,45
55,23,31
12,20,59
48,3,57
5,22,63
14,10,58
60,2,35
59,4,34
61,10,29
26,2,63
52,3,46
22,12,53
40,23,45
52,23,33
61,1,36
44,7,51
21,14,53
32,18,47
30,4,56
14,13,56
6,17,61
44,8,51
24,7,55
55,3,42
33,6,55
38,8,50
48,7,46
48,7,41
53,5,39
38,22,46
37,0,61
24,6,61
20,1,61
52,19,33
54,3,45
54,9,35
21,4,59
57,5,35
43,9,50
32,21,47
55,0,48
51,10,35
49,15,40
29,7,56
63,7,28
24,4,60
24,9,53
25,6,58
27,3,63
26,8,53
58,0,41
32,6,54
44,8,50
51,13,35
35,2,59
27,4,61
37,2,59
33,22,46
27,17,51
56,5,35
45,20,44
63,0,36
55,5,39
28,18,51
32,6,55
43,1,59
52,4,47
21,8,54
29,7,55
22,7,55
26,5,56
15,23,57
48,8,47
22,3,58
32,8,53
52,13,34
41,21,46
43,13,47
31,5,58
18,2,61
7,18,60
58,10,31
58,5,38
47,14,42
28,21,51
54,9,34
24,3,61
25,5,56
50,15,38
53,9,37
19,10,54
55,1,42
35,4,56
54,11,34
45,17,45
35,1,59
36,5,55
46,8,43
16,2,62
19,4,58
56,13,32
20,12,53
36,8,53
11,9,59
54,5,46
62,2,30
42,10,52
24,5,60
14,10,57
43,22,45
38,5,55
54,1,47
15,2,62
52,2,51
28,1,63
31,21,48
31,4,56
38,10,48
35,4,58
23,3,59
22,3,59
39,5,53
16,8,58
25,7,54
48,7,49
57,12,31
28,23,51
48,19,40
31,22,48
22,10,53
59,3,39
42,7,50
13,3,61
45,6,56
41,1,60
56,4,47
31,5,56
52,7,39
9,22,61
47,7,46
30,3,62
31,18,48
32,10,51
42,0,61
22,0,61
36,19,47
10,8,59
12,9,58
16,2,61
42,4,54
63,2,35
53,4,47
38,3,57
23,2,62
9,11,59
42,8,49
34,9,50
48,12,39
20,4,58
61,21,29
12,11,58
7,14,60
17,7,60
37,5,57
12,7,59
48,3,54
53,3,51
55,0,56
36,0,63
42,3,58
16,8,59
51,12,34
29,5,57
61,1,42
48,5,50
33,15,47
55,0,57
57,10,33
53,4,43
22,16,53
27,5,57
51,3,52
49,5,47
32,3,61
59,1,36
32,16,47
36,5,54
10,12,59
17,2,63
38,10,49
30,9,54
58,3,39
24,6,54
58,1,47
30,15,49
19,12,54
55,4,40
25,8,55
40,9,50
56,8,33
10,4,62
14,8,58
42,4,56
21,10,53
40,9,49
10,11,59
54,10,34
59,1,40
52,15,33
6,11,61
62,17,27
49,13,38
43,2,60
52,3,51
54,9,36
62,9,28
55,6,39
26,6,57
50,6,47
27,6,56
27,23,52
26,4,58
23,1,60
54,0,49
44,4,56
25,0,63
56,3,40
31,7,54
24,12,52
45,10,47
28,4,59
25,5,61
46,6,52
45,13,45
40,7,52
27,6,57
54,13,32
38,3,56
47,6,47
14,8,60
29,5,58
45,8,49
43,18,45
50,10,37
47,13,42
44,10,53
55,2,41
51,22,33
53,22,32
36,10,49
62,0,37
7,21,61
60,7,31
51,20,33
36,12,48
58,3,43
32,9,51
33,8,50
54,3,40
29,18,49
57,1,44
51,4,41
48,23,38
13,15,57
36,4,58
46,3,58
59,0,43
28,8,52
51,21,33
47,17,41
46,8,47
10,21,60
44,0,61
9,8,61
47,8,46
48,4,51
33,6,56
61,23,28
7,12,60
20,2,63
57,10,31
52,4,48
32,7,56
38,2,58
62,6,30
47,13,40
59,1,38
56,16,31
18,22,56
58,3,44
45,15,45
46,3,56
27,9,54
55,6,38
51,18,33
35,4,55
58,15,29
27,0,63
19,0,63
11,5,62
5,10,61
45,9,43
36,2,63
20,1,63
46,18,42
36,19,46
41,2,61
32,7,52
45,5,55
18,8,57
52,0,56
42,10,47
46,7,54
50,0,57
23,8,53
39,5,54
34,4,55
47,19,41
26,6,56
54,9,37
31,7,53
16,20,56
33,8,53
59,19,29
16,3,60
45,7,53
61,5,31
20,13,53
54,1,51
32,1,63
39,12,47
20,1,60
41,4,54
37,10,49
50,5,46
41,4,55
51,2,53
8,22,61
38,21,46
36,7,55
63,0,38
24,1,61
36,3,58
21,22,55
40,4,56
9,5,61
57,16,30
60,8,30
11,21,59
25,3,58
58,6,33
55,2,47
35,8,51
41,2,57
4,8,63
33,8,52
55,4,48
39,8,56
45,6,52
51,0,56
8,6,62
47,5,53
55,1,43
9,7,60
22,13,53
36,4,56
45,22,42
32,10,49
41,0,60
25,8,53
54,3,51
48,16,40
11,16,58
39,19,46
27,7,55
60,10,30
32,22,48
53,8,36
38,0,62
44,6,55
18,0,62
42,9,51
62,0,32
54,7,38
49,9,38
46,21,42
24,7,58
49,23,37
25,7,55
47,3,56
54,2,53
56,10,32
59,1,44
20,0,61
60,11,29
6,8,60
46,15,41
33,1,59
51,3,48
56,5,36
15,12,56
34,22,46
60,2,39
63,15,29
55,18,31
15,2,63
43,8,50
22,5,56
45,5,54
35,22,47
42,5,56
50,4,49
19,5,58
31,12,49
29,9,55
40,2,58
35,10,52
6,13,61
14,12,58
57,9,31
58,22,30
12,7,60
53,23,32
24,8,58
62,0,34
28,7,53
36,14,47
39,9,48
38,11,47
49,6,45
47,7,44
28,11,52
42,6,54
55,8,37
8,15,60
28,3,61
55,14,32
56,15,32
34,3,59
59,9,31
49,0,57
40,2,59
54,4,44
26,6,61
36,16,47
47,9,46
33,16,47
44,13,45
41,2,56
54,21,31
47,11,46
28,5,58
32,11,52
47,7,42
54,0,48
21,5,58
60,4,35
23,13,53
45,10,45
43,7,53
27,10,52
23,5,58
15,18,56
35,9,51
45,0,63
20,14,54
29,8,55
40,19,46
44,1,59
36,4,57
18,23,56
39,17,46
32,23,48
19,13,55
43,21,45
42,18,45
36,15,47
43,6,55
59,3,40
47,4,57
49,23,34
18,4,62
50,22,36
29,9,54
29,21,50
28,3,59
35,4,57
18,4,59
30,8,58
16,14,55
26,7,55
26,2,61
56,3,38
62,0,36
47,4,55
43,4,57
37,2,61
40,3,58
29,3,63
47,22,41
34,2,61
38,7,54
54,1,43
29,5,59
53,2,44
13,21,58
45,12,44
50,14,36
40,1,60
61,11,29
42,10,49
63,8,28
41,18,45
39,7,51
39,20,46
58,3,35
19,2,62
43,8,51
52,1,55
50,18,36
62,6,29
63,13,29
46,22,42
57,10,32
19,2,59
51,14,36
56,0,44
51,5,50
45,7,50
29,8,53
31,13,50
38,3,59
41,21,45
54,23,32
45,22,44
36,2,60
49,23,38
42,8,50
46,8,48
29,8,57
58,14,29
45,10,52
48,2,55
33,10,49
32,13,48
45,3,60
47,7,51
57,1,43
48,4,53
58,1,44
18,17,54
26,7,54
56,3,48
59,2,37
34,14,48
31,9,51
49,1,58
17,3,59
45,8,52
15,10,58
49,6,41
24,7,54
27,8,54
28,6,55
6,12,61
31,5,59
48,6,45
53,4,42
54,18,31
47,5,58
38,10,51
52,4,54
24,6,58
5,8,62
11,11,58
30,4,59
31,20,48
12,10,58
39,15,47
50,19,34
53,3,50
40,0,60
51,4,42
55,0,45
29,14,50
23,1,63
29,10,54
39,4,55
21,1,60
33,23,47
30,6,58
28,7,57
44,7,52
63,23,27
45,6,50
39,4,57
9,7,62
26,4,61
46,15,44
24,16,52
37,7,53
42,15,46
25,6,54
34,1,62
19,3,60
24,0,62
52,5,42
36,17,47
8,23,61
59,2,39
23,22,54
51,9,36
51,12,36
37,2,60
17,12,56
40,23,46
30,4,57
38,3,58
47,8,42
63,14,28
35,20,47
51,0,55
49,5,46
44,20,44
50,12,37
55,4,39
41,5,55
19,22,55
30,3,61
61,8,31
31,15,49
19,16,54
46,13,43
26,8,57
16,11,57
57,0,46
36,1,61
10,7,60
23,7,54
33,13,48
5,9,61
50,14,35
56,8,34
42,3,59
27,5,61
24,2,60
48,19,41
39,4,59
63,0,40
29,8,59
31,17,48
14,15,56
23,5,56
36,9,50
58,5,32
60,13,29
20,2,60
15,4,61
50,20,36
25,9,57
29,8,58
56,4,43
58,16,30
13,7,59
54,2,48
35,17,47
53,2,54
59,7,31
26,3,60
37,6,56
34,11,48
31,3,60
45,11,46
9,5,63
23,10,53
37,0,60
40,10,47
21,0,63
62,0,35
11,14,58
25,6,57
59,0,41
17,1,61
30,4,58
29,7,54
33,4,55
63,3,38
36,7,56
36,9,49
51,8,38
19,9,55
28,17,50
53,2,47
46,3,57
45,10,43
54,1,53
16,7,59
54,3,41
18,3,62
43,6,53
28,16,51
60,19,29
48,15,40
34,7,53
19,11,55
53,11,34
47,20,40
62,1,33
30,18,49
10,9,59
8,7,62
35,14,48
38,6,58
42,9,49
57,1,47
55,9,36
44,7,54
9,6,62
10,13,59
19,2,61
41,20,46
19,13,54
10,16,58
48,5,56
33,0,62
53,1,54
19,9,54
19,11,54
32,0,61
55,0,55
51,14,34
31,4,60
48,16,39
49,14,39
57,6,33
36,6,55
40,7,51
37,1,61
19,3,58
25,4,61
41,8,51
45,18,43
32,2,59
47,0,61
39,15,46
25,7,57
31,6,55
18,10,55
46,5,55
44,15,46
41,11,50
62,16,28
44,3,59
25,12,52
28,0,63
36,3,57
16,0,63
32,22,47
36,10,51
54,1,54
7,5,63
21,15,54
45,11,47
63,0,34
25,4,59
6,7,63
54,17,32
60,1,37
45,7,51
34,16,47
43,18,46
49,5,52
49,5,43
61,23,29
57,15,31
56,6,35
61,9,30
16,15,55
32,5,55
39,4,58
16,5,61
56,2,46
35,10,54
50,4,44
50,20,38
5,11,61
55,11,33
62,16,27
63,2,29
35,5,54
55,9,33
21,12,53
47,4,52
63,1,35
27,1,62
32,5,56
50,19,37
50,5,43
52,4,53
60,15,29
19,4,62
18,1,60
62,0,39
46,4,55
14,7,60
57,4,34
13,8,59
30,7,59
33,14,47
43,9,51
34,4,58
58,0,42
53,2,43
38,1,61
50,23,34
28,8,55
62,18,27
31,8,55
51,6,46
24,6,56
54,0,51
56,16,30
52,16,33
21,4,56
20,9,54
49,6,47
7,9,60
15,15,56
51,5,41
31,5,61
16,15,56
61,19,28
27,3,61
36,3,59
30,1,63
27,6,55
60,4,34
50,6,40
7,11,60
55,20,31
61,0,38
52,2,55
36,7,54
36,8,52
12,15,57
13,9,58
47,13,41
12,21,59
33,5,58
28,23,50
24,10,54
7,8,61
15,3,61
62,1,31
49,15,37
53,3,52
45,15,43
33,3,60
33,7,56
61,2,31
51,15,34
45,23,43
21,0,62
31,3,62
47,3,58
34,2,62
61,0,40
45,6,51
63,2,34
26,7,58
56,0,57
24,3,63
14,23,58
54,16,32
54,1,45
47,6,48
43,15,46
54,3,46
43,3,57
25,8,57
52,14,34
25,6,55
51,4,43
19,15,54
58,0,43
24,9,55
14,8,59
46,16,43
54,2,42
55,2,42
45,8,45
54,5,39
46,7,44
45,2,60
62,4,30
53,7,38
50,19,38
37,21,46
29,7,53
56,18,31
44,10,46
60,4,31
16,18,56
7,10,60
16,21,56
48,10,39
53,2,48
54,1,46
48,23,39
48,4,54
38,0,60
30,6,57
54,2,46
12,23,59
46,6,51
41,10,47
50,9,39
20,10,54
48,6,51
54,13,33
55,7,38
37,22,46
40,9,48
3,8,63
60,2,36
40,1,61
49,7,47
16,9,58
27,19,51
8,17,60
56,21,31
43,10,46
24,2,63
47,4,56
49,6,44
56,18,30
16,1,62
22,4,58
11,12,58
54,15,32
40,12,47
48,0,58
50,19,35
37,13,47
32,11,50
6,6,63
62,14,29
44,5,54
17,2,60
24,1,63
30,3,60
37,3,60
38,7,53
63,12,28
41,1,63
42,4,58
44,23,45
31,2,62
37,11,47
56,9,32
41,4,56
45,17,44
28,7,55
60,1,36
28,9,55
46,7,48
38,8,54
34,2,58
47,6,55
50,9,38
50,11,38
49,7,48
27,14,52
26,0,62
60,0,36
35,6,53
22,6,56
47,6,50
41,10,48
34,0,60
63,9,29
49,18,38
56,4,37
7,22,61
56,11,32
53,4,40
52,11,35
36,21,47
23,6,56
50,0,56
32,11,49
42,0,60
50,5,44
27,7,57
45,19,43
51,9,38
32,2,60
51,17,35
39,6,51
36,18,47
11,5,61
31,1,62
47,15,40
52,1,50
23,2,63
47,9,47
42,6,56
13,22,59
22,22,54
33,8,56
10,22,60
50,16,35
22,4,59
39,3,59
19,7,56
55,3,46
35,8,53
36,4,59
22,8,54
55,16,31
18,0,63
14,4,61
27,12,52
10,7,63
8,9,60
17,11,55
8,11,60
61,2,42
49,17,39
56,7,35
46,0,60
52,8,38
10,6,62
60,2,43
59,3,33
30,5,56
35,6,55
6,15,61
57,23,31
13,23,59
38,8,53
46,9,46
18,12,55
17,9,55
32,8,50
59,7,32
15,6,60
30,6,59
18,16,55
47,2,57
35,10,48
28,8,56
50,13,36
8,13,59
41,7,51
59,1,39
29,6,55
57,6,34
63,3,28
47,0,60
31,8,53
33,5,54
27,7,58
21,5,56
52,9,37
48,9,39
55,0,54
45,14,44
8,5,63
48,11,39
37,8,54
56,3,43
15,1,62
30,15,50
59,5,34
39,3,58
44,2,58
21,11,53
31,0,63
9,5,62
61,16,29
41,0,63
12,8,58
43,6,54
48,6,42
34,4,60
50,1,54
41,23,45
57,4,35
28,6,58
50,1,55
28,22,51
53,0,50
58,15,30
31,23,48
17,1,63
35,8,54
11,4,61
39,6,59
12,3,62
29,1,63
61,3,31
58,4,34
35,7,52
20,16,53
39,21,46
35,7,54
39,6,58
10,14,59
34,5,55
40,10,48
27,4,60
44,2,60
46,14,43
59,0,44
4,23,63
56,7,34
27,22,52
28,5,60
51,5,46
45,4,57
61,1,35
50,4,45
13,7,60
62,8,29
46,6,53
4,7,63
44,14,45
31,3,57
36,21,46
4,10,63
9,13,59
14,22,58
21,6,56
49,5,49
45,10,46
54,8,36
6,16,61
49,7,49
42,19,45
40,8,50
28,12,51
26,5,58
20,20,55
58,16,29
11,14,59
32,8,54
38,11,48
47,16,40
55,2,43
53,17,32
45,22,43
43,2,59
58,14,30
31,15,48
29,15,49
50,22,34
39,4,54
49,20,38
52,1,49
60,3,40
44,0,60
58,23,30
46,0,63
50,2,53
41,0,62
8,6,63
44,20,45
10,6,61
43,4,56
56,3,37
33,1,63
46,4,53
41,22,46
50,5,49
58,4,38
42,20,45
60,6,31
42,18,46
18,19,55
25,9,54
39,1,58
34,10,48
54,14,32
8,5,62
12,3,63
58,3,34
41,11,47
45,1,61
50,4,52
47,1,58
35,9,50
58,1,45
61,0,37
54,8,37
42,2,57
43,0,61
34,18,47
17,16,55
50,12,39
44,21,45
27,9,53
60,12,30
19,21,56
27,16,52
3,10,63
57,16,31
48,9,41
46,10,46
45,2,58
48,6,44
20,4,57
30,7,54
23,3,62
51,9,37
58,2,35
19,20,55
52,7,38
62,20,28
42,1,60
58,2,43
55,15,32
27,9,52
44,5,55
44,18,45
51,11,37
46,12,43
61,3,30
29,7,59
31,19,48
27,11,52
48,7,43
39,11,47
52,15,34
37,6,53
22,3,57
62,5,29
26,8,56
8,7,63
22,2,59
48,18,40
29,0,63
51,4,49
21,1,61
29,9,52
63,2,37
44,13,46
23,2,59
44,19,44
55,10,33
13,13,57
18,2,59
49,5,50
53,20,32
44,23,43
57,5,34
49,4,53
14,9,58
62,2,39
58,0,45
19,4,57
31,0,62
34,6,56
31,5,57
36,7,53
48,5,51
58,8,32
11,22,59
27,3,62
43,4,59
33,0,60
46,23,40
28,11,51
51,1,54
55,2,45
41,19,45
59,8,31
35,0,61
48,6,41
45,3,57
13,16,57
52,21,33
48,21,40
31,1,61
52,14,33
57,0,42
44,7,53
22,1,63
51,4,50
25,4,62
18,9,56
47,14,41
50,5,45
45,9,45
29,2,63
9,22,60
58,1,41
26,6,55
19,5,57
33,3,57
57,3,42
49,1,56
22,8,53
31,7,58
45,5,53
55,3,40
55,3,48
58,11,30
35,2,58
51,4,46
62,2,37
47,8,51
25,6,60
45,11,45
56,0,46
57,1,40
14,7,59
50,18,38
27,8,56
29,6,59
31,7,56
63,1,33
14,23,59
59,3,36
30,4,61
49,4,49
60,0,37
23,12,53
58,5,33
55,0,50
45,21,44
43,3,58
46,7,50
50,11,39
50,3,52
57,20,30
33,14,48
15,22,57
32,2,58
44,9,50
52,4,43
54,3,50
15,5,60
31,9,52
43,17,45
55,1,44
62,2,33
40,16,46
17,2,62
45,0,62
51,15,35
56,2,40
36,20,46
36,0,61
47,15,41
51,6,39
46,2,59
46,23,42
54,3,43
60,2,33
55,1,46
56,6,37
29,1,62
53,2,50
42,2,58
38,18,46
47,5,52
25,3,59
63,3,32
34,1,61
34,5,57
31,17,47
57,17,30
9,9,59
34,8,54
59,20,29
55,3,41
20,7,55
36,23,46
57,2,41
34,12,48
47,3,55
45,16,43
50,6,41
51,3,51
62,1,37
50,13,38
43,10,51
42,1,58
44,8,52
47,7,49
37,9,51
40,0,59
20,23,55
58,10,30
49,10,38
39,7,57
51,6,41
56,5,39
63,4,33
5,14,62
59,23,29
21,5,57
37,8,55
23,3,61
47,17,42
56,7,36
58,1,39
37,18,47
50,22,35
17,7,57
35,3,57
8,8,61
41,8,49
42,10,48
39,23,46
17,15,55
17,19,56
45,3,58
41,9,48
56,5,38
57,4,36
51,4,48
23,8,54
58,4,33
20,12,54
45,7,55
7,7,63
36,1,63
41,18,46
26,18,51
44,9,48
46,6,54
34,2,60
28,4,61
15,9,57
34,4,59
39,5,58
58,2,39
49,22,34
27,8,55
27,4,58
45,8,53
34,8,51
13,8,58
37,11,48
15,11,57
54,4,41
35,6,54
27,1,63
53,1,55
16,16,56
39,8,49
17,6,58
12,8,60
61,0,39
45,6,53
61,2,38
57,16,29
19,6,56
25,6,61
9,15,59
54,2,51
26,5,60
6,8,61
62,4,29
35,9,52
26,4,59
17,4,61
28,6,59
38,9,49
21,4,57
26,10,52
29,6,56
22,5,59
61,12,29
50,2,55
45,10,48
41,19,46
23,12,52
16,17,56
36,3,60
57,14,30
40,0,61
46,10,41
25,8,54
46,23,41
18,16,54
55,4,43
52,10,36
53,1,49
49,2,55
25,10,52
25,9,58
34,3,60
61,1,38
42,2,59
12,22,59
7,22,62
8,10,60
59,3,35
21,9,53
45,11,43
53,18,33
16,14,56
48,1,58
49,17,38
56,0,55
13,14,57
62,3,33
38,19,46
52,3,48
30,8,52
17,9,56
45,9,47
54,2,43
36,22,47
26,11,52
37,3,58
50,17,34
21,2,60
46,15,42
57,7,34
57,3,38
49,13,39
30,3,59
38,20,46
17,11,56
42,7,52
44,17,46
58,3,36
48,22,38
35,9,53
61,18,28
16,2,63
50,5,50
58,3,38
24,6,60
44,9,53
21,3,58
56,4,38
51,11,36
54,6,39
39,2,58
50,11,37
18,4,58
38,7,52
45,6,55
11,15,58
58,9,32
48,21,38
34,5,58
21,12,54
38,4,58
16,1,63
16,13,56
45,10,44
28,9,57
50,9,37
55,3,44
57,0,47
43,5,53
63,7,29
45,23,44
49,8,39
27,15,52
38,9,51
57,2,38
24,4,57
14,13,57
54,0,54
53,3,49
42,9,48
63,6,28
45,14,45
42,6,53
46,10,42
30,20,49
33,5,56
37,9,52
48,1,57
58,2,38
9,7,63
46,4,58
62,1,35
46,17,43
62,10,28
10,6,63
62,21,29
33,3,59
61,0,35
14,14,57
56,3,39
8,18,60
43,10,50
32,14,48
38,5,54
20,15,53
22,2,62
49,3,55
62,0,40
47,8,43
45,7,49
29,4,57
46,4,56
11,4,63
10,6,60
62,18,29
44,12,45
60,3,35
34,5,54
55,21,31
12,9,59
27,14,51
