40,3,23
39,12,49
37,6,34
54,21,52
9,2,62
51,4,27
45,17,61
49,10,34
40,1,21
24,2,40
51,10,35
25,2,54
53,4,30
54,9,33
36,4,30
36,6,33
44,14,46
45,15,48
61,13,40
37,12,57
5,0,54
2,1,56
45,5,25
4,1,58
21,0,57
28,5,58
37,4,30
39,13,56
35,6,33
49,20,54
22,1,34
36,11,56
46,8,33
45,6,28
52,14,40
38,8,37
24,2,45
56,22,54
22,1,33
22,1,55
28,5,45
43,16,61
37,10,47
50,1,24
41,15,56
5,4,62
61,21,51
36,11,58
42,11,39
38,10,40
49,12,37
53,13,39
5,0,55
23,2,36
42,9,34
57,7,33
62,15,44
9,2,59
50,17,46
55,5,30
35,11,51
49,5,27
28,5,35
44,1,17
27,6,50
18,0,42
49,1,22
57,13,40
38,11,43
30,1,27
54,22,54
42,7,31
59,22,53
52,14,39
47,17,49
8,2,61
37,12,55
41,14,53
63,21,52
23,2,44
28,6,58
50,12,38
47,19,61
27,6,62
19,0,38
23,0,33
62,7,36
24,2,41
43,1,19
31,2,28
34,1,26
29,6,60
57,0,26
32,9,63
58,16,43
58,20,50
54,23,60
45,17,51
39,13,57
21,0,56
57,2,29
45,1,20
49,6,29
42,1,18
46,6,28
47,12,40
36,8,41
7,1,60
48,19,59
36,12,55
62,10,37
44,8,32
54,9,35
21,1,63
27,5,62
34,1,27
47,18,53
57,11,37
31,1,30
50,19,50
53,21,54
24,2,37
30,7,49
20,0,34
32,5,33
8,2,60
27,5,59
29,2,31
40,9,36
40,12,43
28,5,41
26,1,33
36,11,50
58,18,48
37,12,60
42,0,20
53,5,27
52,21,56
28,6,56
52,18,49
53,18,47
29,1,27
21,0,55
33,8,43
51,0,23
25,3,46
38,12,51
59,12,39
30,2,30
32,3,30
54,23,56
62,0,6
32,8,46
49,14,43
49,6,27
37,4,26
53,21,55
54,3,29
54,0,24
63,1,31
53,8,32
48,20,62
34,3,29
53,3,28
52,22,62
58,16,44
52,13,39
46,5,24
52,21,55
31,6,38
25,1,32
54,1,27
50,3,25
30,6,41
28,6,55
29,2,32
24,2,47
35,8,41
48,18,53
30,7,53
37,6,32
47,10,34
35,3,25
31,7,61
25,3,49
40,13,52
31,7,46
39,12,63
56,10,35
30,7,46
53,5,29
34,10,47
48,10,36
27,4,55
46,13,42
43,10,38
20,0,59
45,17,52
47,12,37
45,12,38
47,19,62
39,3,24
52,11,35
59,16,45
25,2,32
57,16,43
47,19,59
44,11,37
62,5,34
34,6,33
45,11,36
31,7,44
42,16,55
42,14,46
56,18,44
39,7,32
42,2,19
37,2,27
32,6,35
10,0,59
50,17,47
30,6,52
46,11,36
60,17,45
55,6,32
39,0,21
21,2,59
32,8,51
38,1,22
63,0,1
31,1,27
63,0,14
44,15,46
21,0,47
45,18,61
29,7,62
33,3,28
25,1,29
47,19,57
31,7,59
63,0,29
45,5,28
53,3,27
50,21,60
58,16,45
26,0,28
28,4,58
54,23,62
55,7,33
47,17,52
32,0,27
33,1,24
33,7,40
41,2,23
20,1,60
33,7,43
28,4,59
38,12,61
40,14,55
43,16,55
38,13,55
13,1,62
60,23,54
25,3,59
35,2,24
20,0,61
57,9,35
58,7,34
52,5,30
25,4,61
48,3,25
62,5,35
27,5,46
37,10,40
26,2,34
44,0,18
35,1,26
62,0,11
42,15,52
35,7,38
43,13,42
35,8,42
33,1,27
48,18,51
47,18,56
63,5,35
44,3,23
1,0,54
53,23,59
62,10,39
36,10,51
41,15,61
40,12,46
39,5,28
30,7,59
7,3,62
1,2,59
49,0,23
53,0,24
33,9,55
49,16,45
63,0,20
3,0,54
29,2,29
40,14,60
51,0,22
43,4,25
46,9,34
28,4,34
30,8,62
10,3,63
59,14,42
45,2,23
4,2,58
29,6,51
35,2,27
42,5,25
53,14,39
3,2,60
30,5,39
37,12,54
38,3,28
45,18,62
23,1,52
48,8,31
57,18,48
55,23,62
62,22,52
42,14,51
53,9,33
24,0,31
40,9,38
41,5,28
36,11,61
39,14,58
2,2,56
17,0,36
41,14,59
27,6,56
38,12,45
23,2,34
4,0,53
51,22,57
50,21,55
54,2,26
53,7,33
55,12,39
45,16,48
30,7,63
52,4,29
52,1,26
27,5,51
40,6,30
26,3,61
63,2,31
22,1,38
57,23,56
41,10,37
61,10,39
58,0,26
36,11,46
35,5,32
47,6,29
39,7,34
28,5,63
37,2,26
23,2,48
43,9,36
53,17,46
51,3,28
21,0,51
58,11,38
38,5,30
30,7,57
10,1,60
44,11,38
36,11,51
51,18,47
48,19,62
46,18,52
32,7,44
52,22,55
61,2,30
39,13,53
62,4,33
42,12,41
56,7,32
55,16,43
35,9,43
47,6,26
27,6,44
34,4,29
29,2,28
59,9,36
41,16,59
33,10,55
49,3,24
60,20,50
63,4,33
39,10,38
33,10,59
21,1,35
29,5,61
33,4,30
27,5,56
41,2,20
24,0,30
22,1,61
57,1,27
56,12,39
36,1,25
51,20,53
37,11,55
8,0,59
29,5,34
36,10,45
29,5,54
41,8,33
60,11,39
46,1,20
54,1,26
50,6,29
31,8,55
63,4,34
29,3,35
37,8,35
26,4,50
37,0,22
23,1,35
54,11,37
39,11,46
48,6,26
39,11,43
24,1,58
60,1,30
54,11,35
7,1,57
63,0,0
37,12,50
46,16,46
30,2,31
48,19,63
55,4,28
28,6,54
35,11,57
29,5,58
14,1,62
44,16,53
54,23,63
63,10,38
29,5,48
49,15,43
23,0,55
53,23,62
3,3,59
34,9,58
26,0,29
61,20,49
53,2,26
30,7,62
63,18,47
29,4,37
52,14,42
53,14,38
27,4,51
25,1,33
27,2,33
58,15,43
42,12,44
43,15,50
22,0,55
29,5,53
25,3,42
20,1,59
31,6,37
38,12,60
55,18,48
42,16,56
21,0,52
25,2,50
55,4,29
34,10,56
46,14,44
29,6,52
46,19,62
40,3,22
35,8,37
63,1,19
20,0,37
19,0,40
38,7,32
35,11,50
59,11,37
61,7,34
43,15,55
38,12,48
45,16,47
24,3,60
58,2,31
62,6,36
59,17,46
42,10,36
60,12,40
50,0,21
39,3,26
63,3,33
50,4,26
28,5,62
42,6,29
39,2,24
10,1,61
43,13,45
36,11,59
53,11,36
23,1,47
29,5,57
22,1,51
34,9,45
31,6,39
47,17,50
59,21,52
62,7,37
46,8,32
41,15,58
23,2,57
62,13,40
63,0,3
47,1,22
41,14,62
2,3,61
21,1,45
52,6,30
49,6,28
22,2,57
33,9,53
47,12,38
51,21,62
33,3,30
49,13,41
59,4,33
56,20,50
25,3,62
38,7,34
29,7,59
27,5,54
39,9,36
24,3,51
58,5,33
63,0,12
61,11,38
45,18,59
26,3,52
51,6,29
24,3,39
58,13,41
40,11,39
36,9,44
25,3,35
47,13,42
42,15,48
52,3,26
43,3,21
38,0,23
39,0,22
61,9,37
50,9,33
23,2,49
35,8,38
47,19,58
26,4,41
47,7,30
26,3,63
3,0,53
48,6,27
38,13,59
37,2,25
11,2,63
59,1,29
25,2,57
42,0,19
61,7,36
46,17,50
24,1,53
49,8,32
53,16,43
35,2,25
31,8,59
37,12,58
30,6,55
55,12,38
41,11,42
62,1,30
43,11,39
27,5,57
21,0,36
39,4,29
28,5,47
54,23,57
44,5,26
23,2,37
46,18,56
21,1,52
24,2,59
32,1,25
44,10,37
22,1,39
8,2,62
51,1,25
55,22,63
49,21,58
26,4,51
32,8,52
23,1,50
41,13,45
31,7,42
24,1,32
51,2,24
31,4,35
39,1,23
44,13,41
59,0,29
47,2,21
52,13,38
52,10,34
59,8,36
55,23,58
63,15,43
59,13,41
35,5,31
53,13,38
48,19,51
38,13,61
12,3,63
57,18,47
38,9,38
30,5,38
30,7,43
51,4,29
23,1,51
62,19,49
22,0,50
29,4,34
50,4,25
36,11,49
34,5,32
36,5,32
53,23,61
20,0,57
32,7,41
45,12,40
54,4,30
37,7,36
34,6,35
46,17,55
49,11,37
52,5,28
62,20,50
57,10,36
59,8,37
26,4,60
42,5,27
39,1,22
18,0,37
42,5,28
36,0,20
24,2,52
30,6,50
55,16,44
7,1,58
7,3,63
39,8,35
29,0,30
49,5,26
56,11,38
41,11,40
57,8,36
47,17,48
59,8,35
26,3,46
55,3,30
40,15,56
60,19,47
52,5,27
28,4,42
31,7,50
55,23,59
54,22,53
42,9,37
36,11,45
44,2,21
34,6,38
32,2,28
62,16,43
23,1,49
24,3,53
35,11,58
59,3,31
8,0,56
2,2,58
33,0,23
27,4,45
53,22,63
25,3,55
51,3,25
44,9,34
47,20,61
55,0,27
23,1,57
44,10,35
40,10,40
38,9,40
32,1,27
44,1,19
47,1,21
33,0,26
21,0,38
45,2,21
24,2,56
59,4,32
35,11,59
42,3,25
22,1,46
40,14,61
22,0,59
33,9,45
60,15,42
41,14,60
49,19,51
20,1,36
30,0,25
36,9,40
58,18,47
34,0,24
44,15,51
43,13,43
49,19,55
39,13,48
62,0,29
61,14,42
24,1,35
56,18,48
55,17,46
49,15,42
53,19,49
63,1,10
18,0,49
25,4,40
56,13,38
51,16,42
29,0,24
44,4,22
33,2,29
43,16,51
32,2,27
58,12,37
28,5,42
53,19,46
59,20,51
61,11,40
62,18,47
59,19,49
42,11,40
32,8,62
54,19,48
38,5,31
58,17,45
51,21,54
21,0,60
52,3,27
34,8,44
26,3,55
61,18,48
54,14,41
56,19,45
54,14,39
23,2,63
30,6,57
38,7,35
32,3,31
35,10,63
62,14,42
35,3,29
59,1,30
47,18,52
45,7,31
47,19,63
34,5,31
60,4,33
46,10,36
23,2,53
44,15,47
44,12,39
23,1,58
29,5,46
52,23,60
63,0,22
50,13,40
55,10,37
30,1,30
26,4,49
53,22,59
47,5,25
38,9,36
27,1,28
31,5,34
44,4,25
28,1,28
21,0,41
0,1,57
24,2,48
60,23,53
52,8,31
35,0,22
55,22,54
44,1,22
41,6,31
47,18,63
30,0,24
61,23,55
23,2,51
50,17,48
11,0,61
40,5,30
53,1,25
20,0,44
25,3,41
51,15,43
57,17,46
33,9,60
51,21,57
41,3,26
51,0,21
46,18,55
37,11,58
23,1,54
42,13,46
38,7,33
23,2,55
0,3,60
62,3,32
40,10,39
58,12,40
52,2,25
43,0,20
28,5,46
40,11,43
56,18,45
42,10,38
31,1,29
31,6,44
45,1,18
35,4,31
57,22,52
45,15,49
61,15,43
32,3,29
48,16,47
39,14,61
48,6,30
2,5,63
49,9,31
44,16,49
36,9,41
19,0,59
37,12,49
26,3,48
62,0,3
46,0,19
52,6,32
39,13,46
50,22,59
61,7,37
29,5,50
43,11,37
17,0,35
24,1,60
15,0,61
46,15,45
21,1,59
8,3,63
62,0,13
55,12,37
26,2,36
39,13,49
24,1,57
45,12,39
56,13,39
42,11,41
30,5,40
32,8,59
55,6,31
36,6,32
46,18,60
61,13,41
47,5,27
44,7,30
5,1,57
31,8,48
54,18,48
51,4,26
45,6,30
54,15,39
40,8,36
42,7,32
54,23,55
61,17,46
43,14,46
39,11,41
63,20,51
28,4,43
54,2,28
25,3,45
41,12,44
22,0,62
58,7,35
54,13,38
37,4,29
39,2,23
48,17,48
35,4,30
42,15,61
53,22,62
51,6,28
35,1,24
55,21,51
52,19,46
54,3,27
4,2,56
27,6,63
45,14,43
29,6,40
50,22,63
47,13,40
22,1,43
40,14,53
33,9,46
40,11,44
50,2,23
29,6,46
34,6,34
53,13,40
21,0,46
38,12,50
49,9,33
26,4,48
44,17,57
34,0,25
62,9,37
32,8,45
48,9,33
18,0,48
61,16,43
59,15,43
42,15,63
57,20,51
28,0,31
60,16,44
56,6,32
52,10,35
33,6,38
51,16,45
46,4,23
43,6,29
41,9,35
46,1,22
39,12,46
40,13,63
53,7,32
9,0,59
49,20,62
57,19,49
0,0,54
2,1,54
30,3,34
28,5,56
29,5,59
26,2,35
23,1,55
52,1,24
47,8,33
26,5,55
42,13,45
61,3,33
25,2,51
50,2,26
57,5,32
48,17,47
44,3,22
29,7,55
37,9,42
55,1,26
56,23,54
35,11,48
42,14,45
25,2,63
59,14,41
58,1,29
44,14,44
63,0,19
54,22,63
36,10,46
61,2,32
8,0,58
0,1,55
51,13,39
24,3,57
52,9,34
29,0,28
20,0,38
51,20,54
21,0,34
34,7,41
27,4,57
51,22,61
39,14,60
55,7,32
61,19,49
41,0,19
39,12,52
60,14,42
40,10,36
35,8,39
56,18,47
29,4,38
35,11,55
6,4,63
39,3,25
36,11,63
58,8,36
34,7,39
39,5,29
24,2,49
6,0,58
46,2,21
58,8,37
58,0,27
52,12,39
34,9,63
51,20,55
52,0,23
62,17,45
40,10,41
17,0,39
56,3,29
62,6,34
42,2,23
52,18,47
38,9,37
36,9,37
21,0,31
38,13,63
49,11,36
23,2,47
30,1,29
49,14,41
24,2,46
30,2,29
49,17,48
42,14,50
24,2,53
46,11,38
43,16,53
26,1,29
24,2,51
42,15,60
38,12,62
54,14,38
41,3,25
53,5,28
41,15,60
47,5,24
59,16,44
30,0,27
23,1,61
30,0,28
61,4,33
51,2,26
23,0,30
38,11,44
40,3,24
48,7,31
54,15,41
33,8,49
53,14,40
52,16,42
38,9,39
53,21,52
44,6,28
53,10,34
31,8,51
34,8,40
1,0,53
51,21,56
34,4,32
41,16,58
47,15,46
46,9,35
57,6,32
22,2,39
28,6,48
48,3,23
59,2,29
51,11,37
47,3,23
39,13,58
49,7,31
52,23,62
48,8,32
21,0,48
23,0,31
30,6,54
42,14,52
44,17,60
26,1,32
22,0,54
45,15,46
50,20,56
33,9,63
58,3,32
34,9,48
40,0,20
63,0,11
54,7,32
30,7,58
0,1,56
43,2,23
44,16,50
32,6,37
54,20,52
48,20,58
58,22,52
63,1,8
46,2,22
47,12,39
50,5,26
52,21,54
50,1,22
49,7,30
38,0,21
24,1,54
55,10,35
61,19,48
31,8,63
52,2,27
12,1,63
8,2,59
54,23,59
46,18,59
51,14,41
58,2,29
49,21,60
54,17,47
44,4,26
25,3,40
47,7,31
48,19,61
45,14,42
41,14,61
22,3,52
2,0,56
40,2,20
33,9,47
41,0,18
44,16,58
31,7,47
7,2,61
28,4,35
35,11,60
29,5,37
36,1,23
38,2,26
61,18,47
37,0,20
35,10,53
23,2,54
31,7,54
27,4,44
50,21,58
32,8,58
47,9,33
1,2,56
2,0,54
36,8,40
3,1,58
6,0,56
34,9,52
56,17,46
48,20,61
40,11,41
43,10,36
31,3,32
29,1,28
57,5,33
38,1,23
45,9,35
53,4,27
53,2,27
60,1,29
34,10,62
58,4,33
60,7,36
32,8,56
55,11,36
56,17,45
60,22,53
25,3,43
46,18,58
0,0,53
55,2,27
40,12,47
45,18,57
33,8,61
33,9,57
44,16,57
28,6,51
44,6,29
20,1,45
40,10,37
38,12,55
45,13,43
31,8,46
34,9,40
1,4,61
27,1,31
36,0,23
33,1,25
30,7,61
37,8,39
30,7,56
4,0,56
33,0,25
7,0,56
27,3,34
39,11,45
29,5,41
46,1,21
34,7,37
30,7,45
63,5,34
59,2,30
31,8,49
17,0,47
55,20,52
37,6,33
46,7,30
49,4,25
49,20,60
53,22,60
33,8,62
29,6,36
20,0,49
57,19,48
44,5,27
38,3,25
56,23,62
2,1,57
39,13,61
39,10,42
57,9,37
61,23,54
53,1,26
35,3,27
41,9,36
35,9,48
26,3,34
27,4,54
43,15,48
57,13,41
54,18,46
55,23,55
28,6,50
26,3,36
48,20,56
60,21,50
54,12,36
63,13,40
63,16,45
46,0,22
43,17,62
56,22,55
57,8,35
38,5,29
27,4,49
26,3,56
48,0,20
28,5,57
48,19,55
28,2,33
53,22,55
36,6,35
39,2,21
46,19,54
31,6,40
34,9,56
50,14,42
43,4,24
25,2,41
61,16,44
63,18,46
49,21,62
26,3,38
52,22,58
50,10,36
14,0,63
37,1,25
54,6,32
38,11,45
63,0,27
32,9,56
47,6,28
2,2,59
25,3,60
23,1,39
55,3,28
39,10,41
31,7,48
21,1,47
55,9,33
45,18,58
61,23,53
59,17,45
35,10,46
25,2,36
44,14,43
44,0,17
28,0,25
47,16,48
27,5,44
37,12,62
29,5,40
39,1,20
32,0,25
59,6,34
48,20,57
57,23,55
30,3,31
34,8,39
44,17,56
51,1,24
37,8,38
12,0,62
60,8,36
55,15,43
27,5,63
63,21,51
45,17,59
24,3,44
49,19,50
62,0,24
48,4,27
38,12,46
48,12,39
35,2,26
28,5,55
58,11,37
62,21,51
32,1,26
43,3,23
42,1,22
37,10,41
62,23,54
38,12,49
26,4,58
22,1,41
33,2,27
42,2,20
45,15,45
51,6,30
22,0,53
22,1,57
11,3,63
33,9,62
23,1,37
39,0,20
56,5,32
36,9,45
55,18,45
45,16,49
48,0,21
23,1,41
32,8,61
24,1,52
37,11,53
37,11,54
33,5,34
23,2,52
54,8,32
26,4,46
56,12,37
58,9,37
60,17,46
33,1,28
57,1,28
58,19,48
1,1,57
59,13,40
47,4,25
50,9,34
23,2,41
50,16,45
23,1,46
31,4,32
41,15,62
48,3,24
29,5,36
45,16,53
35,1,23
30,6,37
59,1,28
50,13,38
42,16,63
52,17,46
31,0,26
44,16,51
25,3,48
54,18,47
46,4,24
20,0,42
62,0,2
31,6,42
27,4,40
29,6,57
29,3,32
48,19,53
43,7,30
55,19,48
55,15,42
59,12,38
32,1,24
25,3,57
39,1,21
25,0,29
51,22,58
37,11,49
58,23,55
41,7,33
29,5,51
54,10,36
33,9,56
19,0,50
59,22,54
39,9,39
40,2,22
44,2,22
37,8,36
53,5,30
51,21,63
49,19,52
7,0,57
59,11,38
58,13,40
40,1,22
50,10,35
23,2,62
54,14,40
44,15,49
22,2,40
57,18,44
49,14,42
45,18,56
45,13,41
49,18,48
28,5,53
36,11,62
55,9,34
37,11,46
60,8,35
54,22,56
39,12,51
24,2,35
23,1,36
42,3,22
37,12,53
40,8,33
41,14,63
63,0,24
42,1,20
42,15,56
38,13,57
36,3,27
50,2,24
53,21,63
42,4,25
59,7,34
34,10,59
56,23,57
45,0,21
56,22,53
48,19,57
51,3,26
60,20,51
23,3,57
48,20,59
52,23,59
50,18,48
52,15,40
9,0,56
50,18,50
33,9,51
29,5,56
45,10,37
22,1,36
32,7,43
61,1,30
23,0,29
61,3,32
61,14,41
57,4,31
0,2,56
43,15,52
45,1,17
41,13,44
57,17,44
42,16,50
18,1,38
51,22,56
3,1,55
40,2,23
42,16,61
56,6,33
41,14,55
48,4,25
22,1,45
31,7,49
22,1,60
23,1,34
24,3,58
36,10,48
25,2,53
46,18,54
34,1,23
21,0,37
58,4,32
12,1,61
53,12,37
21,0,40
38,4,28
38,4,26
50,19,49
63,15,44
42,14,48
37,0,23
37,1,23
59,6,35
45,15,47
42,12,43
34,10,61
57,18,45
45,5,26
47,2,23
59,7,36
33,8,41
30,6,38
57,14,42
40,13,57
47,20,59
30,5,42
23,2,60
41,4,27
44,11,39
59,18,48
58,10,37
42,15,59
46,16,50
56,12,38
47,0,21
26,3,60
25,2,56
21,1,44
61,11,39
40,14,56
47,15,45
56,20,51
48,15,44
27,1,32
8,3,61
58,8,35
63,9,37
29,6,45
41,13,49
56,10,37
37,11,47
32,2,29
63,19,49
0,2,58
22,0,33
57,12,39
53,12,39
50,10,34
44,16,54
18,0,47
33,9,54
25,2,45
50,15,42
32,7,39
31,4,34
61,7,35
56,4,31
60,2,31
61,2,31
63,7,37
42,7,33
12,2,62
35,7,34
62,16,45
37,11,40
42,10,39
2,3,59
31,7,40
51,11,35
40,15,58
36,1,22
33,8,56
55,2,29
40,14,49
29,7,53
54,3,30
52,20,54
26,4,54
33,7,39
21,1,48
63,19,48
19,0,47
22,0,34
51,7,30
21,0,39
4,0,54
35,10,60
53,22,57
55,21,53
1,3,61
47,15,44
27,4,42
52,4,27
32,9,60
10,0,57
41,15,63
37,12,52
32,6,40
0,3,61
37,12,63
41,5,30
28,2,29
49,19,53
35,9,42
53,22,61
40,13,46
2,3,60
48,17,49
6,3,61
11,2,62
56,0,27
29,3,31
61,18,46
52,1,25
55,8,35
27,2,30
45,4,23
35,9,41
58,22,53
22,1,48
42,16,58
46,14,42
59,16,43
48,11,36
36,5,30
25,3,36
28,0,26
58,14,41
38,10,43
36,6,34
45,12,41
54,19,47
32,3,28
56,14,41
50,14,40
33,2,30
45,17,54
58,20,51
43,16,50
33,7,41
43,11,40
49,17,49
28,6,61
61,8,36
42,3,23
27,6,51
45,4,26
50,20,62
24,3,49
28,4,55
51,15,44
51,21,58
12,0,60
6,3,62
5,0,56
49,17,46
41,14,57
41,10,36
62,18,48
54,23,58
43,16,63
7,3,61
28,5,48
30,6,48
61,21,50
63,21,50
53,14,42
53,5,31
33,3,31
47,4,23
35,11,56
35,10,52
46,19,58
57,10,37
49,7,28
44,14,45
63,14,42
45,1,21
42,15,62
51,18,48
44,15,50
36,2,27
31,1,25
55,23,63
37,1,24
28,5,60
32,6,39
43,1,18
56,8,34
32,9,61
53,20,51
3,4,62
37,2,24
61,1,31
56,13,40
55,5,31
27,4,35
24,3,46
56,7,34
63,1,7
60,4,32
45,2,22
54,10,35
34,10,63
43,12,42
38,1,24
32,8,53
52,0,22
49,8,31
46,3,22
46,18,57
24,2,38
35,10,55
57,2,28
54,7,33
33,8,42
43,16,54
40,1,20
11,0,57
23,1,44
46,0,17
38,12,56
22,2,51
9,1,59
22,0,63
5,3,62
45,17,60
36,9,38
39,6,31
54,21,53
47,19,51
41,0,16
26,3,44
36,10,43
11,1,62
33,1,26
27,4,61
3,1,56
28,5,54
39,13,55
42,9,35
57,14,41
35,10,50
41,3,24
2,4,62
36,8,38
28,1,31
42,8,33
35,10,54
28,5,50
50,19,51
6,2,59
24,2,36
47,19,56
61,9,38
50,5,29
57,8,34
39,13,50
48,14,42
57,1,29
44,0,19
47,14,42
54,15,40
28,5,44
50,20,52
51,3,27
45,9,34
25,3,61
46,9,33
33,8,46
25,3,39
0,2,59
34,4,31
22,0,52
47,8,32
51,17,47
45,16,52
41,13,48
28,6,59
61,6,35
38,0,20
57,11,38
63,12,39
28,4,37
24,2,50
38,9,41
26,3,50
31,4,33
37,11,62
57,9,36
28,6,62
61,4,34
40,14,50
38,12,53
25,2,37
1,1,55
21,1,36
46,12,39
25,0,31
34,9,46
42,16,53
43,0,17
27,0,26
24,1,51
41,3,23
22,2,46
50,14,41
37,3,28
1,4,63
7,2,59
30,6,56
23,3,63
60,7,35
37,10,43
60,11,38
27,5,50
37,11,59
35,9,47
34,9,54
59,18,46
37,11,48
63,0,28
60,6,35
51,20,51
53,19,50
28,3,33
46,0,21
57,20,50
44,13,42
37,3,27
12,1,62
62,0,27
47,0,20
29,6,41
20,0,47
42,3,21
51,10,36
57,4,32
49,20,61
52,18,48
61,8,37
30,7,55
35,10,59
51,8,31
10,0,60
36,7,36
37,3,26
26,3,40
33,6,36
49,8,33
44,1,21
43,10,37
59,7,35
39,9,38
30,6,46
46,6,30
34,9,50
28,6,60
30,7,60
43,7,32
26,1,31
49,18,51
21,0,42
57,17,45
57,0,27
26,3,37
57,23,63
33,8,45
50,3,24
27,4,48
2,2,57
29,1,29
27,3,41
6,1,59
22,2,63
47,8,30
44,12,41
39,14,57
51,15,41
49,16,44
55,14,42
39,14,54
43,5,25
62,14,43
29,7,45
46,4,26
7,0,54
21,1,51
56,19,48
48,5,25
61,22,52
56,23,55
21,1,61
29,7,46
27,5,47
31,8,60
6,0,57
24,1,59
42,15,54
37,10,44
44,9,35
27,5,52
35,10,62
23,3,55
41,7,31
36,8,37
5,4,63
27,1,29
48,20,63
50,6,27
31,3,30
54,11,36
34,9,44
62,21,52
20,0,58
29,4,36
49,20,63
42,0,16
56,3,30
33,6,35
63,0,2
21,0,35
4,0,55
56,7,33
24,3,56
35,2,28
43,15,51
28,5,40
11,1,60
44,16,55
32,8,57
54,12,38
50,0,23
36,8,35
53,16,45
37,5,32
26,4,52
37,5,31
63,0,30
38,13,54
47,13,41
29,5,47
37,6,31
30,6,49
21,1,43
60,0,27
45,9,33
49,15,44
26,5,44
26,4,39
25,0,30
43,1,21
43,2,21
27,4,62
57,7,35
33,6,39
23,1,62
41,13,46
43,4,26
27,0,29
46,12,40
53,4,28
33,2,25
34,9,41
41,5,27
48,11,35
20,0,60
53,0,25
0,0,55
60,22,51
32,8,49
38,6,32
38,11,48
55,2,28
40,14,57
51,16,44
9,0,55
21,1,41
42,13,44
41,1,19
50,0,22
59,3,32
63,11,39
31,8,50
55,11,38
30,6,62
29,5,55
40,13,48
21,0,32
41,10,38
52,20,51
34,9,57
18,0,43
61,6,34
40,8,34
43,6,28
19,0,46
51,2,25
50,21,63
44,4,23
27,2,31
55,1,28
50,16,44
6,2,61
28,5,52
30,8,60
9,3,62
36,8,36
32,9,50
61,21,52
52,0,25
54,21,54
39,0,19
28,0,28
39,10,40
32,5,35
52,6,29
19,0,49
32,9,55
32,4,33
50,7,30
41,7,32
38,11,49
36,10,49
32,3,32
58,18,46
56,4,30
45,1,19
37,10,42
39,2,22
62,14,41
60,0,28
30,1,28
55,13,38
42,10,37
53,16,44
43,8,34
19,0,39
37,11,45
33,3,29
3,2,58
42,16,59
9,0,60
48,1,22
42,15,55
25,2,55
52,21,62
13,2,63
21,1,46
19,0,34
28,4,56
36,12,61
38,8,38
39,12,53
26,6,60
29,2,33
55,5,32
47,2,24
38,2,23
36,11,53
50,5,28
21,0,61
47,6,30
38,2,24
44,13,44
61,5,34
23,2,45
41,0,20
63,0,8
39,11,44
26,1,30
43,14,45
42,8,32
53,21,53
57,12,38
21,0,44
38,13,60
57,6,34
45,10,35
50,6,30
28,5,43
46,0,20
29,5,49
46,4,25
36,0,24
39,14,59
44,16,52
5,2,59
33,7,42
43,1,20
2,0,52
52,15,42
48,18,52
36,0,22
54,20,50
38,3,27
25,3,53
37,12,61
33,2,26
40,5,28
50,8,33
3,2,57
4,2,60
33,9,44
34,9,60
26,5,60
57,19,45
39,11,42
26,4,47
43,5,28
15,0,62
46,13,40
43,16,60
46,17,53
48,18,54
42,12,42
30,5,35
42,13,47
47,11,37
38,11,42
55,3,29
41,11,41
45,1,22
3,0,55
53,20,52
22,0,49
55,13,39
48,14,41
4,4,63
63,0,23
49,4,26
53,15,42
46,17,56
29,3,33
35,7,37
25,2,60
27,5,58
45,4,24
28,3,34
44,7,31
32,8,63
44,8,33
29,5,42
42,2,21
1,2,57
42,0,18
34,3,30
28,2,31
23,0,34
45,17,55
30,8,61
31,0,28
63,22,52
32,8,47
48,7,30
51,19,51
27,4,53
33,5,32
56,5,31
63,12,40
29,6,48
42,6,31
29,5,44
52,16,43
31,6,41
11,0,60
55,4,31
29,0,29
58,20,49
44,0,21
6,1,57
34,11,55
43,3,25
62,0,22
56,4,32
41,14,47
22,1,56
51,15,42
37,11,50
30,4,36
34,7,36
9,1,58
26,5,61
48,20,60
61,1,29
22,1,58
37,11,61
62,22,53
56,21,53
51,8,32
50,11,37
24,2,60
0,4,61
42,14,49
22,2,58
3,3,60
29,0,27
28,2,32
33,6,37
51,14,42
45,3,23
5,2,58
33,8,58
28,5,61
62,20,49
43,12,41
29,5,60
43,16,57
45,13,40
22,1,42
26,2,31
24,3,52
33,4,33
32,6,38
32,5,34
49,4,27
21,1,42
54,16,44
52,22,56
44,9,33
28,1,30
29,6,63
53,23,57
33,8,52
45,0,20
63,7,36
47,18,54
35,0,25
21,0,63
35,9,37
21,0,62
22,0,31
36,11,52
22,1,49
42,15,58
4,2,57
43,5,26
59,18,47
58,10,38
41,1,20
57,3,30
53,12,38
39,13,47
21,0,50
50,20,63
51,12,37
56,9,36
25,3,52
48,7,29
62,0,5
57,23,54
23,1,56
22,0,60
20,0,50
28,4,41
29,6,35
55,13,40
30,6,44
16,0,63
47,18,57
1,3,60
37,11,51
56,16,44
52,14,38
57,7,34
30,6,42
30,7,51
60,14,41
61,12,39
34,10,58
40,14,54
57,20,49
46,6,27
27,3,35
59,10,38
29,0,26
12,2,63
47,5,26
3,1,53
48,13,41
23,2,56
0,4,63
24,2,62
49,20,56
36,10,44
44,16,62
44,16,59
48,8,29
30,6,53
24,4,63
40,10,38
17,0,43
34,1,25
37,10,46
63,11,40
34,9,49
59,0,27
32,4,30
48,15,43
53,20,50
33,4,32
27,4,60
33,8,50
40,13,44
24,3,55
32,9,62
51,18,49
38,12,63
52,14,41
31,8,58
47,18,51
41,2,24
42,8,34
53,9,35
2,1,55
23,1,43
22,1,50
49,10,33
50,15,43
49,1,23
58,2,30
32,0,23
51,4,28
41,8,35
35,6,36
62,0,21
36,11,54
43,16,59
40,14,52
29,6,62
26,3,53
53,11,37
24,0,32
48,12,38
53,11,35
52,19,50
47,4,24
28,5,49
38,12,47
22,0,61
36,8,39
55,19,49
21,0,58
29,1,30
29,5,43
55,0,25
44,17,59
40,13,51
44,17,62
55,22,55
34,10,51
23,2,46
54,16,45
45,11,39
51,12,39
43,14,47
28,1,27
56,19,50
55,16,42
56,16,42
58,7,33
48,10,33
63,14,41
11,2,61
39,8,33
33,9,59
27,3,40
29,6,61
26,2,32
42,3,24
38,6,31
37,11,63
42,1,19
50,8,31
53,17,45
58,14,42
25,2,59
55,9,36
43,13,44
25,3,37
52,22,57
20,1,58
45,7,30
56,2,28
35,9,45
23,1,60
42,5,26
29,1,31
32,5,36
46,17,51
62,0,30
34,5,33
48,19,56
1,4,62
34,8,42
40,13,50
43,4,23
59,20,49
30,6,60
21,0,45
60,10,37
24,3,50
54,19,50
55,11,37
31,8,57
53,19,47
28,4,44
8,4,63
52,16,45
39,4,28
32,9,59
32,7,45
45,13,42
52,8,32
31,8,54
41,2,19
54,11,38
23,3,51
63,23,55
41,14,48
42,15,50
50,13,41
44,14,47
31,7,60
29,6,59
9,2,60
32,8,44
41,1,22
56,0,26
46,15,47
62,13,41
40,11,42
59,2,31
55,0,26
52,7,31
54,12,37
45,3,24
36,3,26
45,8,31
51,1,23
25,0,32
52,2,26
29,6,58
28,4,57
43,3,24
24,3,61
56,1,27
24,2,57
55,8,33
25,3,38
38,13,53
60,12,39
54,17,46
7,2,60
27,4,37
34,2,26
50,3,27
47,13,39
37,9,40
35,9,44
40,11,40
38,6,33
5,2,60
35,6,34
42,2,22
31,0,25
24,2,39
26,5,40
42,15,49
40,12,48
43,15,63
54,13,40
52,23,57
35,11,61
33,5,36
62,15,42
21,1,34
22,0,48
41,4,28
43,14,49
30,0,29
39,14,56
52,5,29
0,2,57
45,16,50
53,19,48
37,9,37
40,13,55
31,2,29
46,10,34
28,4,38
60,13,41
38,13,56
24,0,29
26,5,62
40,2,21
33,10,53
41,10,40
52,20,53
22,1,44
58,12,38
39,3,27
26,4,53
43,9,34
27,4,52
38,10,42
22,1,35
26,3,35
40,7,31
39,13,52
36,7,34
51,11,36
36,2,25
40,7,33
53,18,46
50,11,35
52,12,36
41,14,51
52,9,33
53,23,60
4,3,61
39,10,36
23,1,42
24,2,42
47,18,58
50,8,30
36,12,57
58,6,33
57,7,32
35,7,35
40,9,35
44,17,50
42,16,52
23,2,35
49,1,24
51,22,55
46,18,63
26,3,45
47,16,49
36,0,21
32,5,37
30,6,63
38,8,34
42,11,38
2,1,53
26,3,58
23,2,58
59,23,55
32,2,30
30,6,47
33,8,44
55,20,51
51,10,33
32,8,48
58,21,51
52,15,43
48,7,28
8,1,59
54,9,34
60,15,43
33,5,33
62,11,39
50,18,49
52,19,49
8,0,55
56,11,37
52,21,63
3,0,56
63,20,49
55,17,45
45,17,58
30,3,33
26,4,57
24,2,58
33,2,28
38,11,46
48,17,50
50,21,56
63,1,20
30,8,45
9,1,57
28,5,59
35,8,43
29,4,35
22,0,51
36,11,57
37,5,30
45,18,53
37,7,34
23,0,54
45,16,51
3,3,61
36,10,63
61,10,37
36,10,47
58,23,56
46,1,19
44,0,16
43,15,47
36,9,42
47,0,22
41,11,39
53,23,56
41,1,21
51,17,46
32,4,34
40,13,62
25,2,46
60,22,54
22,0,56
38,8,36
19,0,36
46,12,38
36,7,37
27,3,38
26,4,45
41,12,41
56,16,43
24,3,62
22,1,63
23,3,56
44,17,55
26,3,43
46,17,54
53,15,43
45,17,53
49,19,54
30,7,48
32,6,41
49,21,61
36,4,31
20,0,41
22,1,47
49,12,38
40,6,31
38,4,27
17,0,42
53,22,54
19,0,48
7,0,58
31,7,52
22,1,40
23,2,39
42,16,60
21,1,40
23,0,32
54,6,31
40,3,26
29,6,49
51,22,59
36,9,39
57,15,43
44,16,48
50,2,25
29,6,56
62,18,46
21,1,62
59,19,48
55,20,50
26,0,30
57,22,54
57,11,39
26,4,56
33,0,24
47,10,36
53,4,29
54,0,25
50,16,46
26,3,39
48,9,32
36,10,52
62,16,44
52,21,52
29,7,50
52,13,37
51,7,32
25,2,39
39,1,19
37,3,25
29,2,30
62,1,31
50,6,28
49,21,59
63,1,30
19,1,38
36,11,60
63,0,21
32,7,42
35,7,36
23,1,33
52,12,37
61,20,50
45,0,18
47,11,38
13,0,63
38,10,41
56,21,52
31,7,45
26,3,57
55,18,47
40,4,26
10,0,58
28,4,45
34,10,53
27,6,55
25,3,58
14,0,62
55,19,50
45,18,60
32,7,47
31,7,43
57,15,42
2,4,63
34,10,57
25,3,56
51,5,30
46,16,47
41,9,38
36,11,48
43,3,22
54,4,29
45,17,62
20,0,46
46,14,43
46,7,31
8,0,57
51,21,59
48,12,37
44,0,20
29,4,39
52,19,48
21,1,37
12,3,62
47,16,45
30,5,41
59,22,52
48,8,33
28,5,38
31,2,31
48,14,43
47,18,50
30,6,35
41,12,46
7,1,59
47,10,35
29,5,39
41,15,59
56,15,43
19,0,58
36,4,28
37,12,59
35,10,51
35,11,54
10,2,62
31,5,36
35,11,62
62,0,20
5,1,58
30,4,34
62,17,46
25,2,33
63,1,21
54,16,43
26,3,41
48,18,50
46,3,23
53,23,58
18,0,35
55,16,45
51,19,50
47,7,29
21,1,38
25,1,31
6,3,63
52,8,33
3,4,61
13,1,63
45,0,19
41,9,37
35,6,35
61,17,45
43,15,54
20,0,39
35,10,57
63,16,44
10,2,61
47,18,55
36,10,53
44,5,25
26,4,42
44,3,24
56,15,42
55,14,40
57,4,33
54,10,33
47,2,22
35,1,27
44,12,42
20,1,37
33,6,34
9,2,63
41,0,17
37,5,29
31,0,24
51,16,46
36,7,35
23,2,38
23,3,58
22,0,32
6,0,55
31,5,38
60,2,30
59,0,28
25,3,63
44,1,20
45,5,27
38,3,26
52,23,56
24,2,61
58,3,31
50,7,31
41,15,54
26,3,47
53,6,32
23,1,63
31,8,62
40,14,63
50,19,53
26,4,61
25,2,38
39,12,50
30,7,44
40,2,24
31,0,27
47,6,27
40,5,29
61,10,38
48,19,58
29,5,45
27,4,56
53,10,33
22,1,52
58,22,54
22,2,56
0,3,59
25,2,42
33,8,63
54,22,62
52,22,59
46,18,62
59,5,34
5,1,59
27,4,36
34,4,30
50,3,26
60,16,43
60,5,33
48,11,37
26,3,51
45,17,63
25,3,51
51,21,60
28,0,27
25,1,34
39,10,37
60,9,37
34,10,49
22,2,45
30,6,43
62,2,31
35,10,47
45,6,29
63,9,38
34,9,43
45,3,22
3,1,57
38,12,52
13,0,62
54,8,33
28,1,32
56,8,33
63,17,46
43,6,30
22,1,37
44,17,54
57,18,46
61,12,40
52,22,61
44,4,24
41,14,49
51,12,38
22,3,51
47,9,34
8,1,57
59,12,40
30,0,26
27,2,32
56,2,29
54,10,34
52,11,37
3,1,54
50,20,53
39,12,48
50,11,36
49,9,32
28,4,39
58,3,30
51,9,33
26,3,49
54,13,39
61,0,29
52,19,47
36,10,50
22,0,58
40,0,18
46,17,52
39,13,63
34,8,41
47,11,34
3,5,63
57,21,53
40,13,54
27,3,39
45,8,33
43,14,48
46,18,53
51,1,22
23,0,52
46,15,44
38,13,62
36,5,33
27,4,38
38,12,54
9,1,60
48,0,22
40,14,51
42,13,43
6,4,62
35,10,56
40,14,62
30,6,39
43,16,56
46,10,35
25,3,54
31,1,28
26,5,58
49,10,36
29,5,63
3,2,59
2,0,55
60,8,37
53,9,34
33,9,49
24,2,34
35,10,49
60,19,49
39,8,36
24,1,34
59,14,40
30,6,61
32,8,54
37,11,60
33,4,31
46,5,25
36,4,29
63,0,7
50,9,32
34,2,28
49,2,23
30,4,37
59,10,37
56,23,56
34,9,53
50,20,55
31,8,61
62,15,43
52,3,28
37,7,35
39,4,27
23,1,59
34,10,55
40,14,59
49,16,46
38,10,39
51,5,28
59,11,39
23,2,42
63,1,23
29,3,34
40,4,28
4,4,62
55,23,56
52,6,31
27,4,46
26,3,42
41,13,47
47,15,43
33,9,48
24,1,55
33,7,37
49,10,35
26,4,43
62,0,14
48,19,52
43,10,35
44,17,53
55,7,31
37,10,39
24,3,45
53,0,23
35,5,33
28,4,46
1,1,56
60,10,38
20,0,48
51,22,62
41,6,30
33,8,54
60,22,52
25,3,44
43,17,61
49,0,22
29,6,55
42,15,57
39,5,31
55,1,27
30,6,58
1,0,52
62,4,34
51,21,61
22,0,30
9,0,58
62,10,38
44,2,23
30,4,33
32,7,48
49,18,49
55,23,57
28,3,36
24,3,41
52,13,40
29,7,56
48,1,23
57,16,44
44,10,36
4,3,62
40,13,45
46,5,27
33,9,58
23,2,43
46,16,48
42,14,47
48,10,35
41,2,22
53,6,31
52,19,51
5,3,60
34,5,34
38,0,22
48,2,23
20,0,36
47,8,31
11,0,59
22,1,54
25,1,30
31,8,53
63,1,11
53,1,27
42,15,51
51,19,52
47,16,46
50,12,37
36,3,29
28,2,34
26,0,32
49,15,45
58,1,27
39,7,33
43,8,33
36,3,28
44,7,32
63,22,53
54,19,49
28,0,30
49,3,26
39,13,60
60,19,48
50,19,52
20,0,35
45,14,45
54,12,39
44,12,40
25,2,43
62,8,37
37,0,21
0,0,52
52,7,30
32,1,29
50,5,27
23,2,61
8,3,62
53,8,34
57,22,53
51,21,55
27,6,61
34,9,51
27,0,27
30,6,36
26,4,40
51,22,63
32,8,60
49,17,47
49,7,29
25,3,50
43,5,29
49,6,30
37,9,38
47,11,36
49,12,39
60,9,36
25,2,35
23,1,32
61,19,47
23,1,40
23,0,53
34,10,50
35,3,30
20,1,61
33,8,47
33,10,54
54,4,27
57,10,35
20,1,44
24,2,55
45,0,17
45,10,36
15,0,63
36,11,55
48,2,24
0,4,62
27,4,41
43,2,20
62,7,35
24,2,54
41,14,58
1,0,55
34,6,37
33,8,51
61,22,53
22,2,62
41,12,42
5,1,55
36,5,31
12,0,61
30,3,30
45,5,24
46,15,46
46,0,18
4,3,60
60,18,47
42,12,40
32,4,31
35,4,29
48,6,29
32,0,24
35,0,23
40,13,47
32,7,40
31,7,63
56,9,35
32,7,46
34,9,47
49,20,59
39,12,44
22,1,62
55,10,36
21,1,39
24,0,33
53,14,41
40,15,57
52,22,63
9,1,61
43,8,32
52,23,61
49,20,53
57,12,40
30,6,40
36,11,47
31,6,43
43,17,60
30,2,28
47,1,23
56,11,36
52,21,53
46,8,31
25,2,52
47,19,60
6,2,60
1,5,63
41,14,50
56,1,28
4,2,59
38,12,59
59,20,50
21,0,43
4,1,54
39,5,30
48,16,45
35,4,28
63,0,4
62,21,50
53,17,47
42,15,53
24,3,63
27,4,63
22,1,53
45,14,44
52,12,38
22,0,57
24,2,43
34,10,60
7,4,63
38,12,58
26,4,59
41,14,54
30,6,59
53,6,30
27,4,59
58,11,39
41,12,43
31,7,53
30,7,47
46,19,63
31,6,45
34,7,40
41,12,45
63,23,54
42,16,62
29,6,47
44,17,61
54,8,34
46,17,49
58,14,40
62,0,4
40,13,56
54,15,42
53,10,35
45,8,32
57,11,36
29,5,52
31,5,39
38,4,29
48,16,46
49,20,57
40,8,35
41,10,39
20,0,40
55,18,46
53,12,36
49,20,55
51,5,29
40,7,32
14,1,63
43,0,19
32,4,32
39,2,25
32,0,26
6,0,54
52,17,47
51,18,50
3,4,63
35,7,39
34,3,28
57,19,46
25,4,62
9,3,63
39,8,37
51,13,40
51,16,43
40,4,27
45,4,25
51,8,33
31,1,26
63,0,9
2,0,53
39,13,51
43,15,49
63,23,53
48,13,39
44,6,30
25,2,34
30,3,32
22,0,41
47,4,26
28,5,51
55,4,30
50,1,23
52,21,57
42,6,30
54,15,43
31,7,41
4,1,55
47,19,55
46,2,23
34,1,24
40,1,19
24,1,36
14,0,61
40,9,37
52,10,36
27,4,47
49,5,29
34,6,36
57,2,30
57,6,33
58,21,52
50,15,44
55,22,53
46,5,28
55,10,34
44,16,47
28,7,56
27,5,55
34,2,27
27,0,28
21,1,60
50,21,62
60,6,34
51,7,31
27,1,30
26,2,33
60,21,51
28,1,29
48,13,40
60,3,31
26,4,44
49,13,40
0,5,63
45,17,56
6,1,58
43,16,52
60,18,46
50,21,59
42,4,27
55,9,35
54,2,27
53,22,56
10,0,56
47,3,24
1,2,58
52,15,41
60,3,32
58,1,28
41,15,57
35,3,26
31,7,51
49,20,58
3,2,56
57,21,51
34,10,48
53,15,41
39,14,63
39,13,54
0,3,58
52,15,39
53,18,49
27,5,45
56,13,41
63,0,6
11,1,61
26,3,54
34,8,45
30,5,36
39,4,26
33,9,50
63,0,13
35,0,24
21,0,59
48,9,34
59,5,33
53,10,36
35,3,28
28,2,30
4,1,57
63,0,10
2,4,61
28,4,40
44,16,63
56,16,45
50,21,61
27,3,37
30,5,37
54,5,31
57,3,31
25,2,40
61,0,28
22,2,55
56,23,63
50,13,39
38,10,44
51,11,34
26,4,62
52,17,45
19,0,37
37,4,28
49,9,34
51,20,52
27,2,34
51,9,34
31,7,56
63,8,38
51,22,60
1,3,59
38,11,47
31,2,30
47,17,51
34,8,43
46,11,37
46,5,26
52,18,46
58,15,42
35,0,21
41,15,53
58,9,36
21,0,53
41,14,56
43,12,43
34,2,25
27,5,53
23,2,50
60,20,49
47,16,47
42,8,35
45,17,50
54,22,57
5,0,57
47,14,41
49,19,56
39,14,62
54,18,45
38,13,52
63,1,22
51,19,49
24,2,44
56,10,36
32,1,28
62,0,9
60,23,55
30,6,45
43,16,58
29,0,25
31,7,62
35,10,45
46,16,49
36,2,26
62,0,28
43,0,18
44,16,56
34,9,62
52,4,28
40,3,25
38,2,25
50,20,57
21,0,49
44,17,63
23,1,48
24,2,63
60,0,29
35,1,25
46,13,41
39,6,32
42,1,21
33,5,35
23,1,45
8,1,58
51,10,34
60,13,40
27,4,43
41,15,55
26,3,62
39,10,39
4,1,56
37,11,57
54,17,45
24,2,33
54,14,42
56,18,46
60,3,33
41,3,22
28,6,49
24,3,35
32,6,36
41,6,29
54,4,28
61,16,45
40,7,34
62,0,26
47,14,44
49,21,57
34,10,52
63,13,41
58,12,39
34,7,38
11,0,58
62,19,48
31,7,55
53,18,48
60,18,48
62,23,55
23,1,53
62,3,33
46,7,29
30,7,52
50,10,33
35,10,48
36,10,54
21,1,58
54,22,55
27,5,61
60,5,34
37,11,56
40,0,17
47,14,43
24,3,47
56,8,35
63,8,37
22,2,59
29,6,43
45,11,38
36,3,25
22,1,59
26,3,59
36,2,24
28,4,36
45,0,16
60,21,52
23,2,59
24,3,42
41,4,25
52,0,24
27,5,49
34,9,59
42,4,26
39,7,35
62,0,10
44,8,31
58,17,46
43,14,44
36,10,62
31,8,45
26,5,42
32,9,58
44,16,61
31,3,29
24,1,56
36,12,60
28,3,35
55,8,34
42,0,17
62,12,39
54,5,30
49,18,50
50,20,54
57,16,45
24,1,33
40,6,32
33,8,57
27,3,36
39,13,62
33,9,61
43,0,16
31,3,33
48,18,49
31,8,52
37,8,37
53,20,53
37,4,27
32,8,55
30,6,51
47,11,35
53,15,39
43,5,27
63,10,39
49,8,30
39,13,59
41,4,26
34,0,23
36,1,26
50,20,58
45,18,63
54,3,28
29,6,53
53,15,40
18,0,36
13,0,61
9,0,57
45,11,37
44,13,43
30,7,50
24,3,40
32,8,50
25,4,63
29,6,50
60,16,45
61,15,42
46,3,24
8,1,60
29,6,54
63,17,45
55,6,33
40,12,42
35,5,30
54,0,26
62,0,23
62,0,19
27,5,60
40,13,53
57,21,52
46,19,61
31,8,47
23,1,38
63,14,43
26,4,63
41,8,34
27,0,31
52,22,60
48,8,30
59,23,53
41,5,29
41,14,52
26,0,31
29,6,44
49,13,39
62,9,38
37,10,45
39,9,37
52,11,36
63,3,32
48,6,28
50,8,32
48,19,54
49,2,24
40,12,45
31,7,58
54,23,61
27,5,48
53,22,58
59,15,42
52,20,52
48,15,45
58,0,28
49,2,25
40,14,58
40,0,21
31,5,35
38,13,58
47,1,20
51,14,40
63,6,36
38,12,57
59,23,54
63,20,50
33,8,53
39,12,47
39,6,30
39,11,37
22,0,35
33,8,48
31,3,31
56,19,46
50,4,28
58,6,34
42,9,36
23,2,40
47,5,28
49,18,52
53,8,33
35,8,40
58,19,49
52,16,44
40,13,49
51,17,45
31,5,37
37,12,56
41,2,21
42,5,29
62,2,32
48,4,26
62,6,35
29,5,38
20,0,43
63,0,5
28,6,63
9,2,61
55,23,61
35,9,46
55,21,52
25,3,47
28,5,39
52,7,32
5,3,61
62,23,53
63,1,9
37,12,51
43,16,62
43,11,38
54,20,51
36,1,24
25,2,58
59,9,37
50,4,27
40,12,44
41,13,50
63,18,48
63,0,26
62,0,1
24,3,48
44,5,28
33,7,38
40,0,19
56,14,42
36,9,43
35,0,20
56,20,49
53,16,42
21,2,39
23,3,50
63,1,5
44,11,40
37,9,39
45,17,57
43,12,40
37,9,41
58,23,54
31,8,56
27,4,58
39,12,45
46,18,61
34,9,61
44,17,58
35,10,58
44,1,18
21,0,33
50,21,57
29,6,42
43,7,31
46,6,29
33,9,52
43,15,53
42,16,57
63,2,32
48,10,34
43,9,35
49,3,25
37,11,52
48,5,26
30,4,35
62,12,40
17,0,34
38,8,35
50,12,39
26,4,55
46,19,60
43,2,22
10,2,63
28,0,29
35,10,61
31,7,57
27,4,50
44,15,48
56,21,51
57,12,37
51,5,27
41,7,30
24,3,36
63,13,42
39,8,34
27,0,30
49,5,28
34,10,54
26,5,41
49,8,29
48,5,27
62,7,34
56,19,49
30,7,54
46,19,59
55,14,41
25,2,44
48,19,60
37,7,33
34,9,55
30,7,42
27,4,39
48,5,28
20,0,45
63,6,35
59,21,51
19,0,35
53,7,31
35,9,38
62,11,40
43,4,27
34,8,46
52,4,26
