10,16,14
36,23,15
3,15,15
38,22,29
48,22,49
9,16,31
30,22,46
21,23,52
10,14,5
29,20,42
5,18,57
36,23,47
4,13,4
32,21,25
20,17,30
4,17,52
2,14,8
54,23,39
35,22,23
40,23,7
33,22,20
52,21,40
20,17,35
6,16,47
1,13,2
18,17,33
1,18,63
22,18,40
20,16,2
5,17,51
6,19,59
49,21,43
59,22,48
17,21,51
18,22,55
25,19,15
25,18,31
55,22,45
27,18,4
27,20,25
36,20,10
42,21,46
35,23,21
4,14,10
23,18,11
36,19,37
8,19,59
4,14,6
22,18,16
9,16,24
37,23,49
45,20,38
37,23,26
13,20,57
36,21,11
7,16,24
24,18,30
26,18,40
37,20,10
0,15,25
14,16,13
5,15,24
21,17,32
16,21,51
37,21,28
31,21,23
27,18,28
15,21,58
12,21,60
57,22,53
12,20,53
39,22,11
16,15,0
11,16,13
18,17,16
7,16,31
3,15,40
9,16,22
13,16,35
16,15,5
1,15,29
0,13,3
5,16,20
29,18,12
0,13,5
2,13,1
36,21,28
12,19,49
26,21,45
21,23,53
43,20,33
13,21,60
40,23,11
32,19,13
38,20,43
33,20,11
21,18,27
31,19,34
33,21,44
25,18,40
1,15,24
41,23,13
51,21,48
17,18,22
2,15,42
18,16,9
13,17,42
2,18,61
14,17,27
14,16,30
27,19,42
26,18,4
51,21,46
35,20,45
18,20,47
17,22,53
35,19,37
25,17,6
1,15,14
23,18,37
12,16,41
15,17,42
24,19,19
35,19,11
11,17,44
8,17,47
63,23,52
36,23,24
43,20,45
14,21,52
31,19,31
23,21,44
26,20,24
13,14,5
35,20,9
12,15,8
10,16,17
1,18,57
15,21,55
29,18,34
44,20,38
15,17,26
20,18,23
10,16,37
51,21,49
19,23,55
21,17,35
14,17,28
60,23,47
41,20,39
17,23,59
56,22,46
20,18,18
2,14,6
24,19,14
0,13,6
17,18,21
57,23,53
22,16,6
23,20,43
48,23,32
0,16,49
12,17,20
26,23,46
17,20,48
35,21,28
8,16,18
31,20,15
16,18,44
11,20,54
33,19,40
38,20,38
51,22,52
35,23,15
5,16,33
5,18,53
18,19,44
47,20,39
51,21,41
27,21,44
23,19,42
11,14,5
7,14,3
49,21,41
0,14,16
15,22,57
50,21,44
31,22,23
15,17,41
27,18,37
17,17,19
15,17,37
24,19,25
3,14,8
34,22,46
35,22,47
44,23,8
25,17,5
31,21,17
27,18,5
22,22,46
35,20,11
9,19,57
13,15,8
0,15,31
32,19,38
15,17,35
1,17,57
6,17,50
11,15,12
18,16,5
18,23,58
10,16,15
33,20,43
51,22,39
35,20,44
22,17,1
54,23,55
44,20,42
38,23,27
37,21,12
26,19,40
30,19,7
13,14,0
32,22,45
55,23,56
12,14,7
21,18,15
36,20,42
42,23,9
17,17,24
25,22,46
29,18,11
32,21,15
4,15,11
30,20,4
53,21,40
20,18,13
35,19,36
4,17,53
11,14,2
4,13,3
14,17,26
20,17,31
36,19,31
31,18,10
18,18,16
13,15,10
34,22,16
56,23,53
9,15,10
21,17,30
14,17,39
34,23,16
31,20,7
18,16,1
24,18,31
24,19,24
32,21,24
26,18,27
38,21,46
45,20,39
7,13,0
22,18,14
10,16,27
46,20,37
7,16,25
0,14,5
9,18,52
59,22,53
1,17,56
33,22,16
10,14,6
21,17,33
34,20,12
23,23,49
35,23,48
19,23,57
49,22,50
29,18,38
16,21,52
23,18,34
1,13,0
25,18,2
43,21,34
13,16,38
46,21,43
37,20,9
2,15,13
38,22,11
29,18,37
40,22,49
43,22,32
15,17,27
11,18,45
31,20,14
6,14,8
33,21,14
23,18,36
5,16,35
18,17,39
9,14,2
4,16,47
13,20,53
14,21,53
18,17,34
58,22,48
42,23,11
26,20,20
37,19,34
21,23,50
7,16,42
36,19,33
17,15,3
24,19,15
17,17,34
38,20,33
25,20,43
60,22,47
38,21,11
2,16,44
30,20,5
21,18,17
6,16,23
21,21,47
13,17,20
2,19,62
35,23,47
36,22,5
33,22,14
30,18,12
31,20,1
22,18,36
51,23,34
9,19,51
6,18,60
11,19,48
19,23,51
16,18,20
62,23,48
39,22,47
9,16,41
34,19,41
29,19,42
7,16,17
17,17,35
23,18,27
26,20,44
11,15,11
22,18,20
3,18,57
9,16,20
30,20,13
22,19,42
0,15,39
12,16,25
25,19,27
25,19,18
9,16,28
8,16,34
14,15,8
34,19,39
10,16,26
22,19,43
5,18,59
7,18,58
50,21,40
10,16,39
16,17,30
46,21,35
12,17,34
29,23,46
26,19,26
47,21,41
50,21,48
12,16,36
3,13,3
16,22,54
61,23,50
45,20,41
24,18,36
31,19,36
21,17,9
59,22,50
15,15,5
12,16,13
25,18,39
9,19,61
55,22,48
16,19,45
39,22,7
15,17,39
0,14,10
20,18,41
10,16,42
29,21,23
28,18,32
0,16,45
26,18,30
17,17,41
31,21,16
43,20,36
15,21,57
11,16,15
17,22,57
0,13,4
23,19,20
13,15,5
6,16,29
12,21,61
24,17,9
5,13,1
40,20,40
26,19,17
56,22,49
11,16,28
10,15,12
47,21,37
13,16,37
5,16,41
39,20,41
33,23,21
35,22,24
11,17,22
18,18,43
36,23,18
42,20,38
0,14,17
4,18,60
15,21,54
57,23,42
6,16,36
46,20,36
26,19,42
24,17,0
14,14,0
36,20,11
23,17,9
29,19,13
31,23,46
61,23,54
12,15,10
27,17,9
21,18,25
9,17,47
34,21,9
4,19,62
32,20,14
29,21,21
16,17,41
24,18,32
5,19,60
37,21,8
34,19,42
0,17,54
51,21,38
26,19,43
34,21,46
29,20,3
33,21,3
55,23,53
17,22,51
27,18,2
5,18,61
4,18,48
34,21,6
13,19,51
40,22,8
12,17,40
24,18,25
56,23,54
31,20,43
5,14,7
19,22,53
47,23,52
5,17,48
34,23,48
31,18,34
2,17,52
19,16,6
0,14,21
15,17,22
42,20,45
18,16,8
48,21,40
0,15,20
41,20,42
33,19,10
37,23,0
15,16,33
44,22,48
11,16,40
59,23,54
51,23,36
17,15,7
31,21,6
36,22,13
6,15,31
32,19,9
17,17,38
39,22,12
19,17,16
26,18,32
22,18,35
38,23,13
8,14,10
22,17,33
21,22,47
30,21,23
52,23,37
15,17,21
22,20,45
1,15,19
35,19,42
53,21,43
30,21,18
3,18,62
39,22,8
7,16,33
1,15,31
7,18,53
20,16,5
26,22,46
30,20,7
45,21,46
17,23,57
28,18,31
32,21,7
13,16,41
21,18,41
5,13,2
10,16,30
6,15,30
36,21,12
33,21,5
0,16,43
44,23,52
13,18,45
40,20,42
27,19,27
50,23,52
13,16,25
24,23,47
37,20,40
12,16,24
2,14,7
33,21,1
19,23,59
37,19,36
26,19,27
28,18,34
55,22,52
9,15,11
3,15,25
15,15,4
5,16,17
16,17,33
51,21,40
7,16,44
33,21,8
55,23,40
0,15,36
38,22,28
40,21,46
36,23,0
23,23,51
33,19,12
35,22,27
37,22,6
35,23,4
53,22,42
40,23,12
35,22,3
39,23,14
47,22,48
20,18,27
45,22,51
27,18,1
30,23,45
39,23,29
12,16,16
59,22,52
1,15,25
6,15,24
29,18,32
10,21,63
8,15,13
13,21,61
6,13,3
55,22,50
40,20,45
28,19,2
6,17,53
27,18,9
19,16,5
52,22,39
0,15,30
26,19,12
42,22,30
39,23,26
22,17,31
1,16,49
35,20,43
18,15,2
35,23,0
56,23,44
17,19,46
35,23,1
10,20,61
6,17,51
39,21,11
49,22,36
8,13,1
38,23,49
5,15,35
8,14,0
33,19,30
12,17,19
53,22,49
48,21,37
11,14,4
38,23,5
39,22,48
18,17,25
12,14,2
37,20,43
53,23,52
27,18,38
33,22,46
37,21,9
6,18,57
30,20,43
13,16,15
37,23,14
9,16,14
11,16,14
11,16,37
7,16,14
25,19,42
17,22,54
34,19,32
34,21,24
39,21,45
14,16,36
14,17,40
25,18,38
25,21,44
25,19,13
10,16,28
4,16,40
11,15,9
9,15,13
20,17,28
4,15,23
31,19,12
52,23,38
8,18,50
27,20,16
9,18,48
17,23,60
32,21,5
26,20,23
22,22,49
36,21,27
34,20,30
48,21,35
42,23,12
30,19,14
17,23,55
33,19,28
11,17,17
29,23,47
29,19,43
6,14,3
50,23,36
26,19,20
14,23,62
22,19,20
35,23,20
36,23,6
44,22,31
26,18,13
3,14,5
63,23,55
28,19,13
21,17,38
53,22,48
29,21,17
18,21,48
19,17,38
36,20,9
12,18,48
42,23,30
32,20,25
5,16,36
38,22,8
17,23,62
40,22,30
40,20,44
14,17,36
41,23,28
3,17,55
34,21,13
34,22,6
6,18,55
19,17,29
1,15,40
14,15,5
38,23,26
14,20,55
8,19,55
16,20,49
57,23,45
2,16,45
13,16,26
53,21,45
18,17,23
27,19,26
32,19,32
14,21,54
28,18,5
6,15,28
27,20,43
5,16,16
20,17,37
61,23,47
37,23,27
32,22,19
28,20,18
14,20,51
2,15,26
13,17,26
5,19,61
2,13,5
21,17,11
14,18,44
58,22,53
23,17,33
25,19,24
60,23,53
4,16,16
36,19,39
4,15,17
39,23,6
41,21,32
19,22,49
20,16,8
14,18,43
24,17,8
39,21,10
38,23,25
16,17,26
17,20,49
16,15,4
54,22,49
14,15,4
0,16,48
7,13,1
3,15,35
18,16,12
10,16,33
27,18,11
43,23,51
36,22,47
53,23,54
17,20,46
11,20,57
15,17,38
54,22,41
13,17,44
54,22,46
12,17,18
11,19,56
54,21,44
15,16,34
34,19,10
1,15,43
25,18,26
10,19,49
32,21,13
2,15,14
4,15,10
47,21,34
48,22,52
5,15,28
59,23,51
50,22,50
15,20,52
6,16,44
32,19,29
7,16,29
0,14,9
11,14,1
25,17,9
45,21,43
30,19,38
8,18,55
15,17,33
47,23,31
30,19,39
3,13,5
44,21,48
31,21,18
23,18,41
11,16,41
58,23,44
26,20,21
20,18,21
22,19,21
20,21,47
28,19,39
32,23,48
52,21,45
6,16,19
8,16,43
32,22,15
20,16,7
38,20,45
19,20,46
58,23,54
8,19,63
20,17,14
40,22,10
45,21,35
29,19,30
7,16,35
43,20,40
28,18,33
8,16,23
37,23,25
24,21,45
8,18,54
23,17,8
43,21,46
3,13,1
41,23,30
12,15,12
2,14,5
19,18,19
0,15,35
27,19,13
5,13,3
16,17,24
4,18,57
5,16,42
30,18,35
16,17,22
24,22,47
59,23,55
23,19,19
28,23,47
9,14,5
20,23,51
31,19,37
18,19,43
26,18,33
17,18,20
15,19,45
38,23,14
27,18,39
23,17,4
21,17,13
32,19,31
32,22,22
0,14,6
12,21,62
16,16,11
12,16,29
16,15,7
36,20,45
18,16,0
22,17,9
2,18,59
11,16,29
17,16,7
48,23,51
29,21,44
23,19,25
4,17,54
11,19,51
44,22,50
22,17,32
32,20,42
24,19,18
12,16,14
49,22,48
5,16,43
44,22,32
36,22,14
14,21,58
39,23,7
13,15,12
15,17,23
56,23,41
27,19,43
10,17,19
19,15,4
31,20,9
34,23,15
29,22,45
7,13,3
15,23,60
22,17,4
32,21,46
54,21,42
37,20,29
8,13,2
23,19,15
11,20,60
26,19,23
22,16,2
9,18,50
10,17,46
39,20,38
5,15,27
28,18,38
23,18,16
13,14,3
9,14,0
42,21,45
13,17,33
12,16,38
2,14,9
24,19,22
36,20,43
5,14,6
35,23,22
13,17,23
24,18,35
14,16,39
2,14,11
63,23,56
16,20,47
2,15,30
11,20,58
34,20,9
8,15,11
12,19,48
24,18,26
17,17,27
33,21,46
32,22,16
15,14,1
35,21,8
42,21,31
8,16,33
2,15,33
20,23,50
28,20,20
27,18,40
8,18,51
40,20,43
4,15,40
10,14,9
31,18,32
14,17,20
43,23,11
41,23,12
26,17,10
21,18,16
24,18,41
39,19,36
37,23,48
1,16,47
0,15,19
13,21,56
57,22,49
0,13,1
23,19,43
55,23,42
23,18,33
6,18,59
35,19,31
49,22,49
15,21,56
6,17,49
50,21,46
16,15,3
21,22,48
39,23,28
35,20,29
24,17,7
21,19,42
22,21,46
25,18,0
31,21,15
29,20,23
41,23,10
14,15,12
34,23,20
33,22,5
19,17,10
28,20,16
1,16,43
47,23,33
46,22,49
26,22,44
7,18,57
40,22,29
18,15,3
15,17,14
12,16,35
20,17,13
29,19,6
44,21,44
12,20,58
20,23,54
29,20,43
23,19,17
12,16,42
39,21,30
62,23,52
17,17,31
49,21,44
9,14,7
35,21,12
17,18,43
35,19,40
27,20,21
0,15,41
19,19,43
17,17,21
7,18,49
28,20,21
14,16,27
32,23,45
23,17,34
4,16,49
10,14,10
17,15,8
34,20,8
30,18,9
34,22,21
31,22,44
14,17,14
59,23,57
25,20,42
18,18,18
12,20,55
20,16,0
44,20,37
13,20,50
14,16,29
28,20,24
9,20,59
14,17,38
41,22,49
24,17,3
13,15,11
26,20,43
28,20,25
23,16,6
11,15,10
42,20,35
23,18,28
17,20,45
28,19,12
22,20,43
53,23,55
2,18,58
9,16,16
8,18,57
1,14,6
51,22,48
4,18,59
28,19,27
51,21,39
17,17,15
10,15,13
34,19,38
5,16,18
39,21,29
8,16,31
60,23,50
28,18,7
27,22,46
50,21,43
22,17,38
3,15,11
8,14,5
12,17,24
15,20,51
35,21,44
4,13,1
19,22,51
26,18,37
22,18,37
16,17,37
4,16,41
29,18,8
31,21,25
4,15,16
5,19,62
20,17,38
28,19,8
41,21,33
12,16,33
30,21,19
43,23,10
53,22,41
11,16,27
14,17,44
2,15,15
13,20,55
14,17,22
18,15,5
15,15,7
3,16,42
31,19,27
10,15,9
38,19,40
15,16,28
33,22,4
10,17,20
33,22,1
23,18,24
14,16,35
13,20,54
23,17,11
10,16,21
17,17,32
5,16,32
4,15,39
51,23,37
15,20,49
11,19,53
15,23,62
47,22,34
39,23,48
39,19,37
48,21,48
18,17,27
11,16,18
4,14,9
44,23,31
21,18,22
19,17,30
30,19,42
9,20,61
10,17,45
51,22,36
30,19,6
30,18,10
24,22,45
13,16,30
51,23,35
29,21,16
20,17,10
15,17,30
48,21,38
58,23,43
12,16,12
39,19,33
28,19,5
15,15,11
43,22,30
35,23,24
26,17,5
31,19,8
24,18,12
7,16,28
2,17,51
6,19,63
9,14,10
61,23,52
19,17,25
32,19,40
0,17,50
11,14,0
46,20,39
21,16,7
10,17,47
17,19,44
3,15,38
27,23,46
33,19,36
10,19,55
11,21,59
25,22,45
28,21,21
31,18,33
41,23,49
4,16,44
3,15,36
14,19,48
29,19,41
9,18,49
6,15,25
14,17,17
26,19,25
24,17,4
21,20,45
31,19,10
44,20,35
16,17,17
35,20,10
22,18,21
23,21,45
55,22,51
50,21,49
33,22,0
37,23,2
7,18,51
27,18,12
31,19,13
13,19,48
51,23,52
31,21,44
31,19,41
19,17,11
10,19,57
14,14,1
5,16,47
59,23,44
40,20,41
20,18,15
7,15,11
10,16,22
9,16,26
11,17,34
26,19,41
14,16,32
24,17,1
53,22,44
10,18,50
15,18,43
47,20,40
32,19,34
1,14,9
5,15,34
31,19,39
34,23,19
22,17,29
17,17,29
5,15,33
19,18,42
49,21,39
41,20,34
23,23,50
17,17,40
13,19,46
34,20,44
30,19,31
7,17,45
15,17,15
8,16,16
1,14,10
30,19,12
20,22,51
4,18,56
1,15,32
31,21,5
17,17,28
32,20,43
27,19,14
19,17,41
35,22,14
29,19,28
26,20,16
8,14,1
27,18,34
4,15,13
7,16,26
4,15,25
20,18,17
20,16,9
7,14,5
23,18,13
37,23,13
37,20,45
39,20,36
20,21,46
30,21,45
41,23,29
0,18,63
19,16,3
36,22,27
27,18,8
26,19,14
7,14,8
13,17,21
6,15,35
42,21,48
37,19,31
25,20,20
26,19,1
25,20,19
4,15,41
0,15,18
13,16,16
20,18,42
31,22,18
60,23,46
19,17,14
18,17,42
21,17,39
12,13,0
43,20,41
7,19,59
5,16,15
13,19,50
5,17,49
44,20,36
38,20,30
32,19,39
34,21,25
49,21,46
52,22,40
45,23,50
38,23,7
13,16,36
28,23,45
21,18,18
12,17,17
1,15,28
0,18,62
10,16,40
10,18,19
4,16,46
13,17,40
18,22,50
12,15,9
19,21,47
42,22,9
53,23,38
54,22,52
21,21,46
0,15,42
24,18,33
12,19,50
13,17,17
17,16,13
19,18,25
9,14,8
36,19,42
19,16,4
18,17,41
35,23,16
30,19,28
12,16,28
25,18,35
8,18,49
12,19,51
10,14,0
13,18,47
8,13,0
33,20,27
3,15,20
33,19,41
43,21,45
19,18,20
54,22,42
42,22,49
15,17,29
38,20,39
29,21,22
41,20,33
31,19,29
42,22,48
28,23,46
18,17,35
22,18,26
17,18,19
52,22,48
0,16,47
5,18,54
18,16,13
19,16,1
39,23,27
51,21,42
18,22,51
60,23,49
28,18,29
41,23,50
13,17,18
16,21,54
4,15,36
14,16,15
48,23,33
11,14,3
10,19,53
33,21,6
35,22,8
15,20,50
18,20,46
36,22,24
8,19,57
23,20,44
0,14,22
10,16,18
47,21,45
8,16,42
4,16,19
16,15,10
19,23,56
28,19,41
58,22,51
43,23,30
24,18,1
25,19,21
20,21,45
11,17,24
29,21,24
19,23,58
26,18,0
23,18,39
35,21,45
26,20,22
8,14,4
8,17,45
31,21,19
36,23,49
22,17,12
47,23,34
8,20,61
20,18,20
33,19,11
1,19,63
19,18,23
23,18,15
18,17,17
53,23,37
24,19,21
20,18,43
25,17,10
34,22,2
52,21,44
37,21,46
9,16,32
28,19,26
30,20,3
22,17,35
10,19,56
6,15,26
30,21,21
54,22,40
10,14,8
3,16,45
54,22,45
34,22,24
14,22,63
0,14,18
0,17,53
20,17,40
8,16,36
44,22,33
17,17,25
32,22,18
16,17,42
30,22,45
62,23,51
5,16,34
38,21,10
1,15,30
13,17,15
52,21,48
14,16,12
59,23,56
59,23,45
61,23,48
21,16,0
35,19,41
17,20,47
21,17,34
20,23,52
13,15,7
34,20,11
3,15,19
43,20,37
30,21,20
2,15,16
24,22,46
33,21,15
36,19,36
26,23,47
30,19,30
7,18,54
18,15,4
22,17,8
25,18,37
11,16,34
16,17,43
16,17,15
27,19,4
27,19,15
18,21,50
13,22,61
22,18,18
53,21,41
5,13,5
36,20,29
38,23,4
8,17,49
39,20,31
8,16,37
5,15,26
6,15,14
23,22,47
41,20,35
5,15,39
1,18,56
8,16,14
9,16,18
17,17,26
6,18,51
46,20,41
45,23,31
24,19,13
15,16,31
5,19,57
49,23,51
0,18,59
27,23,47
51,21,47
32,21,17
28,21,45
33,22,19
58,23,45
33,19,34
24,18,11
24,18,0
19,17,36
36,23,26
36,21,8
8,18,56
34,19,40
12,20,56
13,17,41
36,22,48
17,19,45
28,18,35
33,23,18
38,19,36
3,15,18
53,22,39
36,19,40
9,16,44
4,18,54
7,16,20
32,20,7
3,17,49
29,20,0
1,15,17
18,15,7
31,21,0
16,21,50
33,23,48
24,18,38
25,19,20
34,22,14
2,18,63
2,16,50
2,17,54
32,19,37
39,20,35
33,21,26
29,20,2
19,16,11
40,22,47
33,20,29
31,20,4
33,22,15
39,23,5
16,16,12
3,13,2
43,20,38
39,22,9
55,23,41
39,20,42
9,20,62
1,15,18
18,17,26
50,23,35
22,18,41
19,17,40
44,21,33
38,23,48
31,22,21
6,16,31
25,18,4
5,16,40
43,20,34
20,18,40
41,20,43
34,22,5
2,17,55
17,15,0
10,15,11
3,15,17
1,18,61
13,19,47
12,17,41
9,14,4
43,21,48
61,23,49
0,16,50
12,16,37
28,19,28
43,22,50
38,23,28
36,22,28
13,14,4
40,21,30
52,22,46
17,16,8
32,19,11
13,17,27
29,22,44
26,20,15
19,20,44
16,17,18
26,18,2
49,23,54
17,23,61
6,18,53
28,19,14
46,21,48
25,18,41
30,20,15
5,15,38
57,22,50
11,17,42
6,15,11
27,18,10
6,16,43
28,18,36
43,20,43
7,16,41
33,23,17
18,17,40
1,15,37
18,15,0
3,15,37
54,23,53
57,22,51
36,23,1
27,20,20
7,17,47
32,22,21
4,15,35
20,17,34
12,21,63
54,23,38
44,20,41
26,18,29
17,17,17
55,22,53
1,14,16
0,15,37
57,22,44
45,22,34
36,23,22
40,20,33
22,23,49
46,20,42
42,22,32
35,22,25
3,15,21
7,16,30
32,21,14
23,19,21
11,16,25
48,23,53
15,19,48
18,17,13
25,19,22
2,16,47
10,16,20
4,15,26
10,19,51
50,23,34
5,17,54
22,18,39
12,17,21
32,20,12
2,15,12
43,21,33
19,18,41
2,15,34
5,13,0
22,18,13
13,19,49
19,18,16
53,21,46
2,13,3
41,20,38
20,18,22
28,19,0
4,15,31
25,18,27
29,18,9
39,20,34
26,19,19
8,16,45
18,16,2
6,16,46
22,19,19
51,21,45
11,17,35
49,23,52
13,20,51
36,21,10
18,17,19
12,14,6
25,17,8
6,15,23
19,17,35
38,23,3
27,19,2
31,20,28
19,16,12
41,22,12
10,20,53
26,20,42
52,23,55
35,21,25
33,23,49
13,17,43
32,20,27
44,21,47
8,20,63
25,19,17
32,21,26
9,16,19
4,16,20
12,18,46
14,19,46
60,22,48
9,16,40
31,19,11
15,16,13
7,16,40
40,23,6
52,21,41
10,14,4
33,19,33
11,16,19
4,17,51
3,16,49
3,16,46
8,15,12
13,20,49
24,18,13
32,19,30
27,18,32
19,18,15
18,21,47
1,14,14
36,23,16
37,22,14
15,16,10
48,22,35
19,17,34
4,15,19
25,21,45
51,22,37
29,19,12
28,18,12
22,18,24
30,20,6
30,19,13
17,15,1
8,19,61
15,18,46
33,20,13
26,19,15
28,20,44
47,21,36
10,16,29
0,15,22
1,16,44
21,20,44
5,18,55
5,13,4
18,16,11
38,19,38
14,19,49
9,16,34
16,22,57
14,17,15
40,23,9
30,20,1
24,17,6
19,17,13
59,23,49
9,20,60
13,16,39
7,16,34
18,17,36
45,21,48
33,22,3
57,23,43
25,22,47
6,16,17
35,22,4
27,20,22
43,21,47
31,21,24
35,22,15
3,17,53
1,16,50
12,17,44
14,20,52
7,16,46
38,22,12
29,23,45
10,20,59
30,19,9
41,21,46
11,19,54
34,19,35
1,18,58
14,21,60
30,19,8
53,22,51
16,20,50
8,16,32
0,17,52
0,15,21
19,22,50
17,23,63
4,13,5
0,13,0
31,19,40
25,19,16
52,21,46
26,20,18
16,22,58
29,19,3
29,19,39
47,21,40
24,19,41
22,21,45
34,22,25
33,22,6
24,18,10
13,16,12
32,22,46
44,20,45
34,19,29
15,16,27
45,20,35
17,22,58
41,21,48
56,22,44
12,16,27
36,21,29
31,19,33
27,17,8
32,21,3
1,14,15
16,22,56
20,17,32
8,15,14
7,17,49
18,17,31
34,22,4
36,23,48
35,23,19
36,22,6
26,18,36
45,23,51
14,15,7
4,16,42
11,20,59
28,18,39
50,22,52
13,16,32
34,19,31
55,22,47
17,17,23
4,15,22
16,20,46
33,21,45
7,16,18
21,18,14
9,14,1
24,20,43
28,19,3
36,20,44
37,21,10
16,14,2
38,22,27
61,23,55
36,19,34
22,22,48
23,22,48
26,18,11
16,21,53
18,22,53
6,16,40
33,22,21
8,14,2
3,15,16
18,17,15
9,16,21
41,23,7
12,17,32
1,18,60
24,18,40
3,17,52
14,17,33
26,18,41
32,21,8
11,16,38
17,17,18
1,15,20
2,15,36
31,22,46
8,16,29
56,22,50
27,18,36
28,18,9
27,20,24
38,22,13
5,15,11
3,15,33
28,20,17
26,19,16
12,15,13
16,20,51
5,15,23
42,20,40
11,21,63
3,15,41
52,23,35
3,13,4
15,22,58
35,23,23
23,18,31
2,17,53
4,13,0
4,14,4
14,17,42
6,15,27
2,15,11
1,14,7
12,14,4
21,22,49
9,16,38
14,15,6
9,18,51
1,15,26
53,22,40
6,16,18
1,15,39
33,22,17
57,23,44
7,16,21
46,22,32
31,18,35
26,20,25
30,20,8
53,23,39
37,23,23
56,23,43
17,17,13
14,21,56
15,17,34
36,19,32
27,19,40
30,20,2
3,18,55
21,17,27
2,16,42
47,21,43
31,22,17
1,15,15
38,21,9
22,18,22
15,16,11
26,18,12
8,14,3
38,20,31
54,23,40
6,16,21
20,19,43
17,15,6
5,18,60
34,20,42
30,19,41
34,22,1
60,23,55
14,16,14
14,17,18
13,16,31
35,19,34
14,21,59
15,23,63
58,22,47
23,18,35
40,21,45
21,19,43
23,22,46
2,15,41
42,20,37
54,22,47
13,20,52
0,16,46
29,18,31
7,14,4
31,21,3
10,16,19
49,23,35
42,20,42
37,20,44
47,21,44
48,21,42
0,14,14
41,23,8
12,14,1
37,20,42
3,16,48
26,20,17
0,14,13
2,16,46
16,17,13
55,23,54
5,17,53
26,17,8
29,20,15
15,17,18
45,21,36
49,22,51
32,21,44
47,20,38
23,17,2
8,16,17
17,17,42
57,23,56
25,18,11
7,15,14
19,17,32
15,17,19
24,18,39
18,23,60
23,18,23
48,21,44
39,22,28
6,16,30
18,17,12
40,22,48
5,15,10
35,23,17
24,18,37
44,20,34
51,22,49
2,16,49
20,17,41
4,16,45
13,16,14
0,18,61
38,21,45
20,18,24
40,20,32
28,18,11
48,21,46
31,18,36
27,20,44
32,19,10
18,17,24
46,22,51
62,23,55
29,20,17
62,23,47
10,14,2
10,16,23
15,20,47
26,18,28
12,15,6
22,19,23
37,21,30
28,19,43
49,21,38
31,23,45
1,14,12
32,21,23
32,20,45
28,21,17
34,23,47
1,16,46
14,17,16
13,14,2
27,20,17
17,22,52
19,23,52
8,16,25
37,21,45
37,22,13
7,16,27
16,17,16
26,18,35
18,17,30
18,23,55
6,16,34
38,21,30
29,21,18
54,22,53
12,14,8
42,20,44
36,21,9
33,20,42
35,19,39
4,17,50
35,22,2
11,15,13
30,23,46
33,19,38
0,18,57
18,18,22
30,19,36
5,19,59
14,20,48
4,15,37
7,16,38
1,14,8
23,17,3
23,19,16
6,15,10
9,17,46
6,16,27
21,16,1
40,20,39
37,20,31
6,14,7
19,16,0
58,22,52
63,23,48
9,19,56
5,16,21
14,16,11
18,22,52
3,15,22
14,22,61
30,21,17
31,21,4
2,16,48
10,16,43
7,14,2
43,23,9
37,19,33
16,17,21
51,23,53
9,16,27
34,23,22
31,20,6
56,22,52
7,17,46
30,19,40
31,20,13
18,18,44
5,16,23
4,18,55
32,19,36
18,16,7
2,15,40
7,17,51
44,23,51
0,15,28
8,18,53
8,16,19
47,21,48
50,22,38
38,19,37
42,21,32
8,15,10
28,22,45
42,23,50
36,20,31
10,19,58
16,22,53
48,21,36
30,20,24
29,20,4
47,22,32
36,22,15
5,16,31
9,16,30
39,23,12
36,20,30
52,21,42
29,19,9
38,20,32
53,22,47
10,20,54
24,20,42
57,22,52
3,15,28
26,19,22
15,16,14
23,18,40
25,23,46
16,19,47
11,19,49
4,15,34
21,17,28
46,22,48
25,19,19
30,20,26
39,21,46
18,23,59
16,23,63
32,21,6
28,20,15
8,16,15
9,17,48
25,19,25
12,20,52
32,21,45
52,22,49
43,22,9
16,21,55
20,17,29
40,20,36
16,22,59
36,23,19
13,15,9
6,13,2
8,16,28
41,20,36
12,21,58
25,17,4
11,16,22
31,20,25
6,16,37
18,18,42
30,20,27
50,22,37
28,19,1
11,16,30
18,23,62
33,19,35
10,20,58
5,14,8
6,16,32
30,20,42
57,23,55
11,18,46
34,21,44
20,18,25
15,17,17
18,18,24
11,20,55
31,20,27
13,16,27
57,23,54
4,15,38
60,23,52
29,19,27
29,20,1
23,18,32
2,13,4
33,22,23
10,17,43
63,23,51
13,15,6
33,20,28
3,14,10
24,17,5
31,19,30
56,22,47
34,20,43
22,22,47
60,23,54
19,23,54
17,21,50
5,15,13
48,21,43
14,17,37
32,20,9
11,14,8
37,19,39
17,22,56
19,18,21
44,21,46
44,23,10
29,19,8
33,23,47
32,19,41
32,19,28
5,18,56
41,22,29
45,23,9
52,21,39
38,20,37
38,22,6
35,23,49
14,22,57
49,21,36
38,22,9
27,17,10
11,19,50
38,22,7
23,16,8
6,15,12
5,18,58
12,15,7
40,20,34
15,14,3
21,18,39
23,21,46
53,22,46
29,21,19
21,16,5
12,17,16
0,14,7
27,20,18
58,22,45
11,17,18
8,16,44
53,22,38
31,19,32
49,21,47
2,18,60
23,17,6
27,19,28
17,17,37
30,19,27
33,20,8
47,21,47
51,21,44
10,20,56
21,16,3
30,21,44
44,21,45
13,18,44
21,18,24
4,17,55
38,20,42
21,16,8
19,16,9
39,20,40
25,18,34
15,22,56
4,19,63
21,23,51
5,16,39
40,23,50
33,20,44
4,15,14
15,16,12
33,23,20
9,16,39
22,18,19
3,16,43
37,23,16
4,16,48
9,19,54
9,16,36
22,17,39
36,21,13
26,18,31
11,19,55
5,16,22
9,19,55
37,22,27
5,15,32
2,15,38
20,16,4
8,16,40
8,14,8
24,19,26
14,17,34
20,17,26
23,19,23
12,19,52
25,19,23
31,22,45
41,22,10
22,16,8
53,21,42
31,21,22
19,17,12
43,21,32
1,15,16
14,17,35
14,16,31
26,23,48
13,17,24
30,21,22
0,15,33
21,20,43
16,17,31
24,21,44
12,17,33
20,19,44
22,19,22
19,21,46
28,20,22
31,20,8
35,19,30
22,18,23
21,17,31
0,14,19
50,22,51
7,16,39
1,14,13
25,19,43
47,22,35
32,20,10
40,23,13
48,21,45
46,21,42
36,23,23
2,15,32
17,17,39
24,18,42
27,20,26
36,23,5
15,15,1
9,17,43
26,19,0
41,20,32
19,17,42
31,20,0
60,22,49
6,16,33
59,23,48
45,21,42
17,21,52
26,19,13
31,20,42
5,15,40
6,16,22
5,15,29
22,17,0
16,20,48
11,17,20
37,19,38
32,23,46
19,15,5
7,16,19
13,17,19
7,18,50
47,22,33
20,17,12
49,23,32
34,22,3
10,18,47
38,19,35
6,17,52
9,20,58
39,23,13
33,21,7
46,22,50
40,23,27
35,22,46
16,17,32
4,16,18
47,22,51
2,15,28
50,21,38
28,21,19
24,23,48
18,23,54
4,15,29
36,23,17
49,22,52
1,16,42
2,15,18
11,19,52
26,18,6
40,20,38
49,23,53
14,20,53
18,17,38
3,15,39
29,20,26
19,17,39
13,22,60
35,22,7
6,16,14
44,23,32
54,22,48
24,19,16
39,19,34
13,21,55
59,22,46
17,23,56
8,18,48
39,20,32
26,18,7
31,19,38
11,14,7
37,19,32
30,20,44
7,19,62
29,18,29
12,14,0
37,20,41
20,20,46
31,21,1
12,14,3
11,17,45
44,20,40
0,15,34
1,15,41
27,21,45
25,18,32
18,18,20
27,18,29
10,20,57
56,23,56
41,21,31
38,21,29
22,20,44
43,22,31
18,17,32
16,18,45
49,21,49
20,17,33
30,18,33
5,17,47
3,18,60
19,16,8
29,18,35
59,22,49
46,21,37
25,17,2
22,19,17
30,18,30
10,17,22
19,17,26
58,22,46
20,22,48
48,21,39
11,16,43
15,15,3
30,19,4
11,16,31
3,15,27
56,22,45
9,16,29
1,17,55
32,21,2
34,22,47
47,23,51
54,22,44
60,23,48
6,19,61
16,15,8
15,17,24
33,21,0
19,19,45
36,22,7
19,20,45
36,22,25
9,15,12
32,20,13
29,21,20
17,16,11
48,21,47
6,17,46
32,21,1
32,19,42
3,15,24
34,23,21
17,17,22
44,22,49
26,18,34
7,16,15
40,20,31
37,22,8
5,15,20
54,22,50
27,18,7
29,18,36
6,19,62
33,20,26
30,19,5
22,19,18
10,14,1
15,19,47
48,22,51
37,19,40
45,20,44
2,15,23
38,19,33
57,22,45
1,17,50
14,16,34
23,17,1
16,17,34
6,17,48
16,23,61
39,21,31
25,20,44
18,23,61
12,20,51
9,18,54
21,23,49
2,15,35
50,23,53
42,20,39
14,15,3
47,22,50
4,17,48
9,20,63
29,21,45
35,22,5
2,18,56
2,15,25
5,15,22
22,18,38
11,20,53
58,22,50
55,22,42
1,18,59
43,23,31
3,17,54
32,19,35
58,22,49
5,14,10
12,16,30
55,23,55
2,15,17
7,19,61
14,17,24
40,23,49
14,20,54
2,19,63
42,23,29
53,22,45
4,15,20
4,18,58
7,17,48
9,16,43
11,18,47
59,23,53
38,20,10
46,20,38
34,20,10
2,15,19
14,22,62
23,22,45
28,18,4
11,18,50
23,17,5
26,19,21
28,18,28
4,16,39
5,16,48
54,22,39
12,20,59
41,22,47
46,21,39
11,15,8
23,16,4
1,13,5
58,23,56
0,14,8
42,20,36
17,15,5
20,17,9
10,16,35
22,16,3
31,22,19
59,22,51
1,14,5
46,21,36
54,21,43
40,23,8
52,22,52
23,18,29
2,15,20
19,17,24
52,23,53
33,19,37
21,21,45
61,23,51
43,23,50
1,15,23
38,20,44
4,15,12
2,16,43
16,17,39
12,19,47
8,16,21
1,15,33
15,17,31
11,14,9
28,20,26
1,15,27
6,13,0
12,14,5
40,21,47
34,22,17
12,17,22
26,18,39
4,15,24
38,23,15
45,21,45
3,14,9
42,23,51
12,20,54
42,23,10
17,15,9
3,14,7
8,16,41
30,19,10
18,19,45
20,18,14
27,18,3
31,20,26
33,22,47
3,18,61
16,16,13
19,18,18
18,20,45
8,14,9
7,16,22
30,18,34
7,18,55
0,16,44
6,19,57
31,20,5
13,18,46
29,19,2
61,23,46
8,19,60
7,19,63
35,19,33
51,21,43
9,14,6
32,20,8
59,22,47
37,19,41
10,20,62
6,16,25
2,15,29
8,16,27
30,18,36
9,18,53
22,23,50
37,23,24
29,19,29
12,18,45
63,23,53
8,17,46
46,21,47
31,20,44
2,17,50
40,23,28
15,17,43
1,17,52
34,21,14
9,16,25
24,23,49
45,21,44
42,23,49
28,20,42
37,22,7
15,21,51
3,14,11
39,21,9
6,15,32
8,14,6
7,19,57
2,18,55
29,18,33
4,15,33
10,16,36
27,18,31
13,16,33
61,23,53
15,22,61
34,20,29
36,23,25
9,19,58
4,18,61
30,20,16
35,21,46
10,16,16
3,18,58
12,16,26
47,23,32
25,19,41
22,18,12
45,22,49
36,22,8
23,18,25
1,17,53
8,18,52
44,23,30
14,15,10
26,20,19
6,16,24
27,20,15
31,19,42
19,16,7
30,21,15
46,23,31
15,20,48
56,22,43
10,21,62
25,18,3
18,18,19
17,18,44
1,15,35
1,13,4
42,21,33
47,21,39
15,17,16
35,20,12
11,16,17
11,16,35
26,22,45
52,21,47
56,23,55
52,22,51
34,23,18
23,18,12
20,20,45
0,15,24
7,15,13
9,16,35
28,19,42
13,20,56
62,23,54
12,15,11
35,21,29
5,16,44
4,14,7
21,17,0
12,17,42
17,21,48
3,15,31
23,17,0
29,19,4
37,23,4
6,14,9
8,16,39
34,21,12
34,19,34
38,23,12
29,19,1
0,17,56
6,18,56
35,20,42
29,19,5
43,20,39
19,20,47
30,20,0
5,15,31
6,14,5
5,14,4
7,16,37
32,21,0
45,22,32
44,20,39
37,23,1
48,22,34
52,23,54
14,16,38
24,18,27
2,18,57
14,14,2
38,19,32
12,21,57
5,17,52
2,15,27
9,16,17
14,20,49
18,18,23
43,20,44
31,19,35
25,18,12
4,15,28
23,17,30
30,18,38
37,20,30
56,22,42
45,20,40
18,23,53
3,15,30
41,22,48
25,23,47
28,21,22
42,20,34
1,15,13
18,18,17
23,19,14
55,23,39
6,15,33
58,23,46
0,14,12
27,19,12
54,23,41
41,23,51
55,22,49
27,19,41
24,17,2
11,17,19
29,18,10
30,20,25
12,16,15
22,23,48
35,21,7
36,23,4
13,16,34
31,21,20
26,19,24
33,23,19
45,20,43
8,16,24
38,23,6
51,23,54
25,18,28
12,16,39
10,19,52
3,19,63
25,23,48
10,17,21
10,18,48
5,15,25
38,20,40
44,21,35
29,20,16
56,22,53
28,19,6
17,15,2
24,19,42
39,23,49
56,22,48
35,21,13
41,22,11
7,14,7
18,17,18
21,17,40
32,22,23
43,23,8
19,18,17
4,15,32
29,18,39
7,19,60
34,21,28
18,23,57
15,15,8
27,18,35
29,19,14
7,16,45
19,17,31
30,18,11
53,22,53
14,22,60
51,22,51
14,14,3
25,17,3
41,22,9
41,21,45
37,21,29
20,17,27
39,20,43
35,19,32
1,13,1
34,20,13
23,23,48
5,16,45
24,19,17
14,17,43
1,18,62
31,21,45
3,15,23
23,17,10
5,19,63
11,17,46
38,22,48
49,21,42
11,17,23
35,22,13
30,21,16
13,22,62
57,22,48
21,18,40
0,15,38
40,23,10
55,22,46
21,19,44
4,15,18
2,15,22
4,16,17
21,17,36
62,23,50
36,19,41
37,21,11
45,21,34
45,23,52
39,22,29
50,21,42
15,14,0
7,15,12
22,18,28
6,18,54
18,17,37
2,14,10
15,22,55
21,18,43
40,22,12
35,20,28
49,22,35
20,16,6
32,22,47
14,17,31
30,21,0
48,22,33
43,22,33
52,22,37
21,18,26
34,19,30
7,19,58
4,19,61
8,16,35
11,16,32
12,18,47
32,21,4
15,18,44
25,18,29
10,18,46
59,23,50
37,21,47
50,21,39
37,19,37
5,15,15
35,19,38
0,15,43
62,23,49
30,21,25
2,15,21
43,20,42
25,18,5
14,17,41
49,21,48
34,19,33
52,22,38
37,22,26
12,17,45
23,18,14
35,21,26
16,17,27
10,17,44
8,16,20
16,23,58
27,19,0
15,22,59
18,21,49
14,22,58
36,23,14
37,22,47
3,15,34
8,19,58
10,19,54
22,17,28
44,23,50
63,23,49
21,17,12
7,16,43
12,22,62
39,20,33
39,20,44
36,21,46
15,17,28
18,17,14
14,22,59
46,23,51
3,13,0
53,22,52
6,15,29
25,18,36
33,22,24
55,22,43
33,21,4
21,22,50
20,20,44
9,16,37
6,16,26
33,19,42
13,16,29
37,20,32
16,23,59
28,19,7
12,16,34
19,17,33
36,19,35
11,21,62
27,19,1
34,22,7
18,18,21
28,18,8
25,18,1
4,14,8
27,18,6
17,23,58
33,22,22
12,16,40
11,16,24
52,23,36
20,17,36
42,20,43
18,17,29
11,16,16
10,18,49
16,17,28
10,16,41
58,23,55
1,15,34
33,22,2
43,22,49
13,17,16
29,20,25
22,17,37
14,16,28
30,19,37
47,21,35
22,18,11
24,20,44
47,20,37
33,21,27
19,22,48
21,18,12
46,22,33
0,14,11
28,20,14
2,16,41
13,21,62
36,19,30
50,22,39
2,17,49
18,23,56
23,17,29
3,15,26
17,21,53
0,15,29
9,19,59
10,16,13
25,17,7
34,22,15
39,21,47
14,23,63
23,16,7
33,22,18
45,20,42
52,23,52
36,22,26
6,16,35
6,18,52
1,16,45
5,15,37
33,21,23
4,15,21
32,23,47
6,14,4
7,15,10
9,18,47
10,16,34
10,14,3
62,23,56
19,17,28
15,16,32
43,23,29
8,16,38
21,18,13
17,18,42
15,21,52
53,23,53
14,20,50
6,16,42
27,19,3
22,21,44
26,18,1
19,19,44
20,17,11
22,17,2
1,17,51
11,20,61
16,16,10
14,18,45
11,17,21
30,18,37
47,21,38
22,16,7
16,17,23
12,16,32
28,18,10
56,22,51
43,22,48
10,19,50
45,21,47
50,23,54
33,19,29
22,18,27
50,23,33
63,23,50
17,16,10
21,18,19
44,20,44
28,18,30
59,23,47
21,18,42
9,16,15
9,19,53
62,23,53
7,13,2
59,23,46
10,20,60
3,15,10
21,17,10
11,14,6
7,16,23
27,20,23
15,15,6
22,17,3
41,21,47
54,22,51
30,18,31
49,23,34
20,16,3
1,16,48
41,23,11
15,17,25
17,16,12
46,21,45
0,17,57
14,15,11
16,18,42
11,21,61
33,19,39
24,19,23
16,17,36
50,21,47
33,19,31
20,16,1
36,19,38
1,13,3
14,16,33
48,21,41
16,15,2
53,21,44
18,16,10
39,19,35
0,18,58
3,15,12
32,19,33
9,13,0
40,23,29
2,14,12
60,23,45
1,15,12
16,15,6
29,19,0
31,19,9
38,21,8
26,18,8
2,13,0
24,18,34
16,15,9
3,18,56
5,16,38
16,17,40
1,15,36
22,17,11
7,14,9
13,17,22
19,17,27
59,23,52
36,20,41
34,21,27
7,14,10
14,15,9
15,18,45
5,14,5
32,20,26
34,21,26
0,17,51
37,22,46
47,21,46
13,21,58
28,21,44
0,18,60
7,17,50
21,17,37
4,15,30
29,20,44
28,20,43
33,19,32
34,21,8
19,16,2
11,18,48
16,15,1
46,21,41
46,22,34
19,18,22
1,14,11
23,19,24
16,17,19
22,17,10
11,20,56
33,21,25
17,22,55
19,18,43
10,20,63
11,21,60
35,20,30
7,18,56
26,19,28
56,23,42
31,21,21
28,20,23
17,17,30
17,15,4
5,15,30
4,15,27
26,17,9
42,20,41
10,15,10
35,23,3
26,19,18
31,21,2
6,16,16
9,15,14
47,21,49
16,17,35
24,18,29
16,19,44
38,21,47
39,20,45
15,16,29
23,19,22
21,18,20
12,21,59
16,18,43
36,22,12
16,22,60
10,18,51
1,15,42
20,17,39
3,17,50
20,18,16
50,21,45
41,23,9
46,23,52
29,20,14
19,21,49
12,17,43
18,21,51
57,22,47
22,17,30
22,18,25
15,15,10
3,16,41
31,19,28
2,15,39
28,21,20
23,18,42
35,21,9
29,18,30
11,18,49
8,19,62
53,22,50
52,22,50
34,19,11
13,21,57
5,14,9
33,21,13
40,22,11
30,19,29
50,22,36
32,22,17
5,15,21
35,19,35
9,17,44
28,20,19
23,18,26
2,18,62
27,19,25
31,20,3
40,20,37
21,16,4
26,17,6
12,17,23
42,23,28
13,17,25
24,18,2
29,19,26
16,17,25
24,18,14
31,20,12
5,18,52
29,19,38
41,20,40
38,19,34
42,23,8
9,16,42
8,17,44
63,23,54
4,13,2
10,16,25
49,21,45
42,22,47
37,22,11
30,21,24
12,16,17
40,21,31
11,16,33
15,22,62
12,22,63
15,23,61
45,22,50
24,19,43
31,18,11
27,20,19
5,16,37
36,23,3
48,21,49
15,14,2
26,18,3
6,13,4
3,14,6
21,16,6
14,17,25
16,22,55
25,19,14
46,21,46
17,17,33
13,22,63
28,22,46
30,18,32
34,20,27
13,21,59
9,14,3
8,20,62
20,23,53
26,17,7
31,22,20
37,19,35
32,20,28
0,15,32
23,23,47
20,22,49
10,16,31
38,19,39
16,23,60
49,21,40
2,15,37
32,20,44
41,20,45
38,22,47
6,16,38
29,20,24
0,17,55
34,19,36
9,16,23
25,18,33
8,17,48
2,17,56
3,19,62
7,16,32
13,16,28
25,18,10
22,21,47
6,19,60
16,19,46
34,22,23
9,16,33
46,21,40
11,16,23
28,18,40
6,13,1
21,16,9
35,22,1
5,16,46
24,17,10
29,20,27
18,22,54
33,20,9
42,21,47
38,20,41
34,23,17
6,16,20
39,22,49
15,17,20
46,21,34
10,14,7
34,19,37
10,16,38
47,22,49
7,16,16
9,19,52
7,18,52
47,23,53
31,18,31
16,23,62
1,15,21
55,22,44
14,16,40
39,22,10
45,23,32
14,17,21
46,23,32
54,23,37
19,15,3
48,23,34
42,22,10
48,22,36
10,21,61
22,17,34
30,20,14
9,19,60
14,21,55
19,22,52
4,16,31
0,15,40
19,18,24
16,17,29
53,23,36
50,21,41
54,22,43
2,15,31
21,17,29
28,19,4
13,14,1
3,15,14
35,22,0
49,23,33
11,16,42
27,18,33
36,23,2
19,17,37
22,23,51
35,23,18
4,16,43
47,21,42
29,19,40
21,18,23
8,19,56
0,15,27
15,17,36
3,15,13
22,17,36
29,19,7
1,15,38
1,15,22
31,20,2
22,18,29
12,20,57
8,14,7
14,21,57
14,17,23
34,22,22
49,22,34
0,14,15
23,17,31
27,18,30
4,14,5
20,16,10
45,20,36
23,18,30
6,16,45
18,16,6
15,16,30
5,15,12
6,14,6
41,20,44
24,18,28
18,17,28
21,18,21
11,16,26
3,15,32
37,23,5
6,16,28
52,22,47
15,17,40
22,18,15
41,22,31
19,21,48
17,16,9
15,15,9
51,22,50
22,18,17
21,16,2
48,23,52
6,17,47
61,23,56
36,23,20
17,21,49
50,22,35
14,17,19
7,14,6
14,18,46
18,22,49
7,16,36
3,16,44
15,19,46
16,17,20
8,16,22
33,21,24
24,19,20
2,15,24
60,23,56
9,14,9
13,16,40
35,23,2
4,15,15
37,23,3
50,21,37
15,22,60
39,20,39
18,15,6
18,15,1
6,14,10
6,16,41
11,16,39
60,23,51
41,22,30
34,23,49
35,22,26
39,23,50
26,18,10
16,21,49
45,21,33
55,22,41
35,21,11
14,19,47
3,16,47
40,22,9
40,21,32
19,17,15
7,18,59
41,20,41
18,20,48
6,15,13
52,21,43
0,14,20
26,21,44
23,17,7
23,18,38
16,16,9
40,20,35
39,20,37
50,22,49
20,21,48
17,17,36
15,17,32
32,21,16
46,20,40
44,21,34
17,17,14
15,21,53
34,21,7
5,17,50
19,23,53
1,17,54
22,16,4
58,23,53
3,15,29
33,20,10
5,15,14
3,18,59
23,19,18
15,15,0
49,21,37
8,16,26
13,15,4
33,21,2
13,16,13
51,22,38
54,23,54
17,17,20
28,19,40
28,19,29
2,13,2
10,16,24
36,22,46
28,20,0
22,18,42
44,23,9
10,16,32
16,17,14
6,18,58
43,20,35
37,22,28
25,18,13
19,16,10
14,16,37
37,23,15
36,21,45
3,17,51
44,20,43
30,19,11
11,16,36
49,22,37
32,22,20
12,16,31
35,21,27
57,22,46
45,20,37
45,22,33
20,18,26
31,22,22
32,19,12
9,17,45
5,16,19
27,22,45
6,16,39
31,21,14
8,16,30
46,21,44
23,17,32
37,22,48
41,20,37
26,18,5
17,17,16
26,18,38
0,15,26
5,15,36
22,16,5
0,13,2
16,17,38
20,22,50
35,22,6
42,22,31
11,17,43
28,21,18
37,23,6
6,16,15
48,22,50
4,17,49
34,21,45
25,19,26
20,18,19
28,18,6
28,18,37
34,22,0
1,14,17
45,22,48
33,20,12
0,15,23
37,22,12
25,18,30
34,20,28
42,20,33
22,16,1
1,14,18
23,16,5
39,23,8
39,22,30
36,23,21
9,18,55
4,16,15
21,18,28
13,21,54
4,16,32
