9,20,51
4,22,45
7,21,50
5,17,60
7,23,44
15,21,52
0,23,43
20,20,58
11,17,62
4,19,51
6,18,56
7,17,60
7,21,49
0,13,62
3,21,48
0,19,50
25,23,61
24,23,55
8,22,48
2,18,54
9,19,58
14,20,54
9,17,62
12,22,51
26,23,60
6,17,59
0,17,52
9,21,49
5,18,58
19,21,56
21,23,55
7,22,48
32,23,62
5,19,50
14,22,52
33,22,62
5,20,48
1,16,61
11,19,55
1,17,55
0,18,52
30,23,62
3,20,50
7,19,52
34,23,60
18,19,61
9,17,61
1,15,57
7,16,62
3,22,45
14,19,59
1,16,56
2,15,62
15,21,53
18,20,56
12,21,50
25,21,60
11,19,59
1,16,55
9,18,60
1,14,60
3,16,59
17,20,57
15,23,50
11,20,52
7,20,50
1,17,54
8,23,45
24,21,61
15,18,61
2,19,50
9,20,52
17,22,54
25,22,60
25,23,60
5,15,62
15,19,58
20,20,60
22,23,57
17,17,63
6,19,53
5,20,51
5,16,61
3,18,54
4,16,61
3,23,45
5,19,53
36,23,60
2,23,44
6,20,49
16,23,50
17,19,61
8,22,47
9,23,45
25,23,57
23,20,62
13,20,54
18,22,53
7,20,51
26,23,57
23,19,62
9,21,48
5,18,54
7,18,59
23,23,56
24,20,63
26,23,58
10,21,49
37,23,63
9,16,63
6,18,58
0,20,47
6,19,54
0,22,45
19,22,55
0,19,49
13,18,62
22,22,58
13,18,61
6,18,57
21,22,54
12,19,58
1,20,49
1,16,57
25,23,58
13,21,54
20,20,59
12,18,61
4,19,50
24,23,58
3,19,50
2,17,53
14,18,59
22,23,53
5,23,46
4,20,49
35,23,60
14,18,62
13,19,59
0,15,60
18,19,60
16,21,53
20,21,58
4,18,52
8,23,46
2,16,56
25,22,62
20,23,52
14,23,48
12,19,56
0,16,55
16,23,51
10,20,53
13,23,49
6,19,51
26,22,61
14,18,60
27,22,61
17,23,50
21,23,52
22,23,55
13,21,53
27,22,62
16,19,59
9,21,50
12,21,53
21,21,56
1,19,51
16,21,56
37,23,62
26,22,60
22,20,61
4,20,48
2,17,57
14,21,53
15,22,52
27,23,58
15,19,59
11,21,53
22,23,56
6,15,62
23,20,60
18,18,62
3,17,55
5,16,60
20,23,53
10,19,57
0,15,59
10,19,55
13,23,48
12,17,61
2,15,60
9,23,47
17,20,59
12,23,48
33,23,61
1,22,46
8,22,46
4,18,56
21,23,53
4,17,58
8,18,58
3,23,44
8,18,59
13,22,50
16,18,61
4,23,45
25,22,57
22,21,60
0,14,60
18,21,57
22,22,57
1,14,62
1,21,47
16,22,51
11,19,57
10,22,48
25,23,55
26,22,62
17,19,60
15,18,60
10,18,59
3,15,63
0,21,46
17,22,53
14,19,56
4,23,44
34,22,63
3,18,51
19,20,59
13,22,51
11,18,61
3,19,52
10,23,46
8,21,48
9,20,53
10,21,52
22,20,60
9,20,50
1,15,59
23,21,63
8,18,60
9,19,57
21,19,61
6,21,49
26,21,63
8,17,61
6,22,46
19,23,53
15,22,53
16,17,63
1,21,48
9,20,55
7,18,57
12,20,53
26,22,59
24,23,54
16,20,55
1,18,50
8,20,52
16,19,60
4,22,46
11,20,55
0,19,48
19,21,55
15,23,49
27,22,63
10,18,58
8,23,47
10,22,49
7,21,48
19,20,58
6,18,59
14,23,49
16,22,52
20,23,54
5,18,57
31,23,63
20,21,55
8,17,62
15,17,63
34,22,62
6,19,55
17,22,51
18,23,51
7,18,58
0,12,63
7,18,56
2,14,62
8,17,60
19,19,60
11,19,58
5,15,63
23,22,56
24,22,57
15,19,60
12,20,55
22,19,63
24,21,63
3,18,53
17,20,58
16,20,57
3,21,47
16,18,63
21,18,63
14,17,63
11,22,50
33,23,62
14,17,62
23,22,57
9,17,63
18,22,55
1,23,44
6,16,63
14,19,57
25,22,61
38,23,63
23,21,60
20,22,53
5,21,49
12,19,55
17,18,62
22,21,62
5,17,59
8,19,53
12,16,63
4,16,58
15,23,48
7,22,47
16,18,62
14,20,55
0,18,50
18,20,59
8,20,50
13,17,62
13,18,60
17,23,52
23,23,57
10,20,51
24,21,59
18,20,57
11,16,63
1,18,53
3,22,46
21,20,61
3,20,49
11,18,60
17,22,52
8,18,57
24,21,62
4,18,55
19,23,52
21,21,57
2,21,47
22,21,58
15,18,62
20,19,63
15,22,50
1,18,52
17,19,59
19,19,61
5,22,46
28,23,63
9,19,54
11,23,46
0,20,49
7,19,54
18,19,59
36,23,61
21,20,59
24,23,56
3,17,56
12,22,50
1,18,51
0,17,53
14,19,60
20,18,62
20,23,51
5,20,49
17,23,51
25,21,61
1,19,49
20,19,61
0,13,61
21,20,58
2,17,56
2,21,46
32,23,61
10,16,62
19,21,57
22,20,62
22,20,59
5,22,45
10,16,63
5,19,51
26,22,63
12,20,54
0,23,44
6,21,48
4,20,50
10,22,47
28,23,60
6,16,61
12,22,49
4,19,53
25,22,58
0,21,47
7,21,47
37,22,63
12,22,48
33,22,63
8,19,56
29,23,61
19,19,62
7,23,46
2,16,59
28,22,63
12,17,62
6,17,58
24,21,60
0,23,45
27,21,63
19,19,59
16,19,57
3,17,58
8,19,57
5,23,45
8,20,51
24,23,57
4,16,59
17,21,56
10,17,62
19,20,57
14,22,50
9,20,54
4,21,48
15,21,54
25,22,59
10,23,48
28,23,62
26,21,62
13,20,55
25,21,63
3,19,51
8,20,53
6,17,61
18,23,52
20,22,56
0,16,57
15,21,55
12,17,63
6,19,52
16,19,61
23,23,58
21,19,62
22,19,62
22,21,59
1,15,58
14,18,61
4,19,52
27,23,60
4,17,59
20,18,63
10,21,50
20,22,54
25,21,62
15,20,54
36,23,62
3,18,55
24,22,56
3,14,62
5,21,47
0,13,63
7,22,46
3,17,54
5,22,47
23,21,58
0,18,51
2,17,58
2,18,52
13,20,56
36,23,63
26,23,59
14,20,56
15,20,56
14,20,57
10,17,63
13,20,53
26,23,61
2,15,61
19,18,63
1,13,63
26,23,62
15,18,63
11,21,51
9,18,59
13,17,63
4,17,57
24,20,62
1,20,47
27,23,62
21,22,57
35,22,63
24,22,58
24,22,61
20,19,60
1,22,45
10,19,56
19,22,53
4,22,47
10,21,51
23,21,61
11,21,52
15,17,62
10,20,55
13,22,49
5,18,56
12,18,60
28,23,61
6,16,60
13,17,61
32,22,63
0,20,48
5,17,57
18,23,50
2,16,57
13,19,58
34,23,62
22,23,54
7,20,52
17,21,55
8,20,54
0,16,56
18,18,61
3,15,62
17,21,54
17,23,49
10,17,60
3,19,49
11,17,61
14,19,58
32,23,63
1,19,50
19,22,54
23,22,58
2,18,51
26,23,56
6,18,55
17,20,56
20,21,56
13,23,47
22,22,55
11,22,49
21,23,54
12,19,59
11,18,58
3,15,60
1,17,57
16,20,58
2,14,63
9,16,62
12,23,47
6,20,50
1,14,61
2,14,61
17,21,53
10,18,61
5,16,59
12,21,51
20,21,57
35,23,62
22,21,57
22,20,63
2,19,51
3,14,63
13,19,57
0,14,62
4,14,63
12,18,59
11,17,63
5,16,62
9,19,55
2,13,63
23,20,61
23,23,55
0,14,61
23,22,55
0,15,57
6,23,45
8,19,54
17,18,63
35,22,62
1,23,45
2,20,49
10,20,52
15,20,57
18,20,58
9,23,46
10,18,60
23,23,53
24,22,63
4,21,47
9,21,51
11,23,48
3,17,57
15,19,57
21,21,58
3,17,59
15,20,55
3,16,60
5,18,55
23,23,54
20,19,62
4,16,60
3,16,61
11,20,54
2,23,45
19,23,51
9,17,60
18,21,56
6,19,56
27,23,61
12,19,57
23,22,59
1,13,62
19,20,60
7,17,59
2,19,49
16,19,58
5,17,58
8,16,62
1,16,58
8,16,63
3,15,61
3,22,47
6,23,44
8,21,49
6,22,47
9,22,49
24,22,59
0,16,54
7,17,61
6,15,63
7,20,53
2,17,54
1,15,61
11,23,47
10,23,47
12,23,49
4,18,54
29,23,63
7,16,63
12,20,56
12,21,52
11,22,48
13,18,59
16,21,54
35,23,61
9,22,48
21,20,60
4,17,55
24,20,61
24,22,60
20,22,55
21,21,59
9,22,47
11,21,50
4,15,61
2,20,48
18,22,54
23,20,63
1,16,54
10,20,54
4,15,62
6,20,51
22,22,56
5,21,48
30,23,63
2,16,58
5,23,44
27,23,59
11,20,53
1,17,52
10,22,50
16,22,53
6,16,62
6,21,47
7,16,61
33,23,63
31,23,62
1,15,60
16,23,49
7,15,63
0,15,56
9,19,56
7,20,49
2,22,46
4,18,53
13,21,52
2,16,60
29,22,63
21,23,56
15,23,51
2,17,55
1,20,48
4,15,63
36,22,63
9,18,58
7,19,53
3,20,48
14,23,50
5,20,50
4,16,62
16,18,60
14,22,51
7,19,55
0,15,58
7,19,57
10,17,61
4,17,56
5,19,54
21,22,56
10,19,58
3,16,58
15,22,51
2,21,48
19,18,62
11,19,56
3,18,52
18,21,55
18,18,63
18,21,54
11,18,59
2,15,59
25,22,63
25,20,63
0,17,54
23,19,63
7,23,45
17,19,58
1,14,63
6,20,52
3,16,57
18,22,52
28,22,62
13,21,51
21,22,55
8,21,50
17,18,61
16,20,56
6,23,46
1,17,53
0,14,59
13,19,56
34,23,61
8,19,55
1,17,56
5,19,52
23,21,62
16,21,55
6,17,60
2,18,53
21,19,63
0,22,46
2,22,45
7,19,56
5,18,53
14,21,52
1,21,46
14,21,54
25,23,56
23,21,59
29,23,62
