38,5,59
1,4,45
44,18,38
15,15,23
13,14,3
11,13,36
23,6,50
8,1,48
30,20,22
37,12,46
9,9,41
41,20,9
22,16,4
6,15,30
14,6,46
60,12,59
14,17,32
18,17,29
14,15,21
21,16,17
1,10,10
7,11,18
42,22,13
43,21,14
22,16,2
18,15,18
21,8,46
33,6,51
17,5,48
15,15,33
40,19,3
45,17,42
10,16,32
61,21,45
49,19,42
11,11,38
22,16,5
25,17,34
42,6,58
0,9,5
5,13,35
10,5,44
46,8,57
18,15,15
14,15,33
16,13,37
44,14,46
31,9,47
58,14,55
25,18,24
46,23,22
34,19,18
24,10,43
40,7,55
51,9,59
33,4,54
37,19,34
26,8,48
1,9,13
49,22,7
20,18,27
26,19,23
3,11,20
47,7,58
30,8,48
19,15,16
10,13,4
49,16,48
42,20,33
24,16,35
60,14,56
17,17,22
3,9,15
7,0,49
42,22,25
26,17,18
1,7,40
36,5,54
39,20,29
29,4,53
40,9,50
21,2,52
43,21,9
44,9,54
54,10,61
49,23,34
45,22,4
40,22,29
47,22,18
30,19,11
7,6,43
54,10,60
45,20,37
20,16,6
20,18,26
54,16,50
1,4,62
46,22,32
4,10,37
40,21,9
5,0,55
26,12,43
35,15,40
34,18,19
15,4,47
37,11,45
8,0,53
50,20,40
2,9,36
38,20,8
12,1,55
22,6,49
21,2,58
25,17,24
28,18,34
22,16,1
16,15,3
3,7,42
16,14,34
21,17,26
16,13,15
39,22,22
42,5,60
8,16,30
18,7,44
12,5,63
9,12,11
21,18,24
1,8,15
35,18,9
23,17,32
42,21,7
54,13,55
30,8,47
38,21,17
17,17,21
13,17,28
37,20,2
38,4,59
37,13,42
26,9,47
54,17,48
33,9,47
7,3,60
18,16,0
27,4,62
26,17,10
26,17,4
34,19,32
42,11,48
30,18,9
52,8,62
29,11,44
13,14,17
13,1,55
27,6,50
0,12,24
10,4,60
13,1,58
55,11,59
49,20,42
39,13,45
11,14,34
20,17,27
38,4,60
50,22,4
60,18,49
13,5,45
28,17,35
18,2,59
7,5,62
6,12,35
7,13,19
44,19,39
45,22,18
0,5,40
6,11,19
0,0,55
55,11,58
34,19,23
26,16,18
2,12,28
49,21,38
44,13,48
37,20,29
31,19,12
4,15,25
36,15,39
38,9,50
19,13,37
35,18,5
38,13,44
18,15,3
9,14,32
36,19,33
48,22,37
2,9,16
33,19,18
53,10,59
17,15,10
47,22,3
52,12,53
47,18,44
10,5,61
50,23,36
39,16,40
47,9,56
13,2,48
24,3,56
28,17,13
4,10,38
54,15,50
57,15,52
42,20,16
33,18,5
38,9,51
29,19,25
23,18,7
0,9,13
14,13,12
48,7,58
2,13,29
10,1,52
32,6,51
27,17,22
16,18,29
40,15,40
17,1,54
17,7,46
44,22,9
13,1,50
24,16,1
4,2,47
60,17,51
27,3,55
26,17,33
34,14,41
8,11,36
9,12,36
41,20,7
40,15,42
30,17,35
51,19,44
16,8,43
4,4,62
9,0,53
13,14,7
14,9,42
51,23,15
60,12,62
54,12,57
1,10,11
39,21,28
5,11,18
23,17,21
12,4,46
6,0,57
40,6,55
21,18,29
6,7,41
22,17,21
15,1,54
35,20,18
54,23,37
19,12,38
9,11,37
7,1,57
35,17,35
34,18,18
37,18,34
30,19,21
33,12,44
49,12,52
44,22,6
53,16,50
62,12,63
1,11,27
15,9,42
58,15,53
37,19,32
15,4,49
24,16,2
11,14,19
52,11,56
63,13,60
7,4,46
2,3,46
27,10,45
20,6,48
46,14,48
42,22,12
48,23,17
7,11,15
0,11,27
46,16,46
9,4,61
7,12,2
41,5,63
61,16,52
28,18,18
42,15,44
18,1,53
22,5,49
53,7,63
54,19,46
19,16,11
56,15,51
46,21,36
7,6,63
43,21,3
19,17,24
30,19,22
43,22,25
43,7,56
35,8,48
21,15,9
5,14,31
34,18,34
24,17,34
33,18,38
35,21,16
10,14,21
48,13,51
22,9,45
51,23,17
43,8,53
4,15,22
22,8,46
18,17,26
30,17,6
13,16,31
31,19,23
34,19,25
32,11,46
39,17,38
13,16,21
22,2,53
36,18,33
3,0,52
47,18,42
18,17,24
36,9,49
23,12,40
2,2,61
9,14,24
45,23,30
17,15,6
37,20,28
0,13,24
5,8,41
39,18,0
47,7,59
43,11,49
38,15,39
23,18,23
19,17,32
52,12,54
41,21,21
54,23,6
27,8,48
5,14,27
44,13,49
21,16,9
52,15,50
20,3,62
5,13,31
16,16,27
6,15,22
32,18,37
39,20,15
21,4,51
43,15,45
62,16,53
30,3,56
24,4,62
35,19,33
32,14,40
46,6,61
15,15,5
32,12,45
13,16,26
26,17,2
43,20,4
11,15,33
45,18,41
29,19,32
26,17,19
59,21,44
23,16,15
2,11,20
59,23,43
50,22,9
36,10,48
40,8,52
7,12,36
27,16,37
35,20,23
13,11,38
36,18,3
37,20,22
34,19,24
1,0,57
45,5,63
44,21,9
19,16,33
2,0,50
42,20,32
43,9,52
11,0,51
60,16,53
15,10,39
43,19,38
13,8,42
38,21,6
42,22,8
36,20,9
16,14,0
8,12,15
15,15,0
2,8,40
21,3,59
22,19,26
37,8,52
20,17,24
24,17,6
22,16,3
46,19,38
21,18,25
35,18,11
17,15,11
22,3,59
54,11,57
0,7,39
49,11,52
30,18,6
22,2,54
34,18,9
2,4,45
35,19,37
29,19,10
20,2,52
17,2,54
18,18,29
29,18,21
35,18,6
22,17,11
11,15,29
43,20,36
2,10,34
15,16,27
18,18,24
38,20,17
13,12,38
11,5,63
35,4,62
8,4,60
44,5,63
8,0,50
18,3,62
54,17,49
16,11,39
6,13,19
25,5,51
43,22,10
61,13,59
7,7,43
13,1,56
36,20,11
47,15,47
41,22,27
9,13,18
1,12,27
18,2,52
2,2,47
13,3,60
26,18,30
35,20,13
26,17,21
53,10,60
37,19,12
37,15,40
24,15,37
17,11,39
24,17,9
9,6,63
50,23,13
48,23,34
49,13,49
16,14,17
63,15,58
33,3,58
46,18,41
45,21,14
42,20,8
21,3,62
11,13,2
38,21,13
50,7,63
13,1,57
41,21,6
12,2,49
56,12,58
39,21,7
38,13,43
52,12,56
7,12,15
17,15,8
44,11,52
14,14,12
32,5,52
44,22,11
6,6,42
16,17,30
16,17,28
47,23,25
45,21,15
38,21,26
41,21,2
11,6,45
0,4,63
46,22,10
34,18,6
53,9,61
42,19,36
24,7,48
37,20,11
60,11,61
3,14,25
46,20,36
60,13,57
23,17,34
7,13,18
48,22,13
15,2,59
36,9,50
53,21,40
40,12,48
21,16,0
31,3,62
39,8,53
13,16,29
32,20,22
45,22,29
31,20,20
42,22,18
43,20,13
39,19,6
51,23,12
23,17,33
35,21,20
17,3,62
36,20,17
13,10,41
30,19,18
18,4,48
22,17,23
39,18,34
42,20,12
9,13,21
55,13,54
34,19,13
44,21,31
8,15,29
29,17,20
56,16,50
10,15,25
12,16,25
50,23,9
55,13,55
43,22,11
44,22,23
5,11,11
6,13,18
32,19,22
27,18,11
48,7,59
14,13,35
6,12,8
57,23,42
32,11,45
47,23,19
12,1,50
50,23,11
29,17,36
2,12,20
4,14,21
6,6,43
2,9,15
29,19,26
21,11,41
32,18,19
13,1,53
28,3,62
27,17,9
43,19,37
30,17,1
6,7,43
41,9,52
54,19,45
33,5,52
44,22,25
29,17,14
28,18,13
39,14,43
4,12,30
31,19,21
44,17,41
28,3,59
40,4,58
38,21,10
36,16,37
40,4,59
0,13,23
11,16,24
43,20,11
9,13,10
50,6,63
4,12,17
16,9,42
20,15,12
44,21,7
41,22,22
51,10,58
44,6,58
12,14,21
4,13,27
39,19,9
45,23,16
41,20,35
63,21,47
49,22,4
2,12,30
56,15,53
40,20,9
17,1,52
6,5,44
6,9,38
39,12,46
5,14,26
31,19,30
38,20,19
42,21,10
29,20,32
35,17,38
29,4,52
9,14,20
20,17,22
42,22,11
21,10,42
27,18,13
23,16,5
29,17,16
29,19,12
19,16,6
9,14,34
21,11,40
29,7,48
33,19,34
41,21,10
32,19,21
30,11,45
39,21,8
38,20,0
25,7,47
25,17,23
11,14,0
32,18,16
33,18,11
29,18,20
21,3,52
41,15,41
30,18,22
22,4,62
43,22,16
17,13,36
4,8,41
47,16,47
3,14,27
26,3,55
38,19,17
6,12,5
15,17,28
1,5,41
5,12,21
14,12,37
39,20,7
1,4,63
12,6,44
5,12,11
61,23,43
41,20,32
0,10,5
35,21,22
18,14,15
45,21,0
45,20,35
49,21,37
3,8,38
36,4,61
32,3,57
9,2,49
21,4,62
26,12,42
19,2,56
56,22,42
41,14,44
28,9,47
6,8,41
2,11,0
27,6,49
8,13,3
35,19,13
30,19,9
50,22,0
29,17,34
36,18,2
23,11,41
19,3,60
18,10,42
55,23,40
45,22,22
5,14,22
23,12,41
22,15,13
9,8,42
0,1,47
39,21,27
13,2,59
21,15,36
19,15,35
24,2,56
58,10,62
3,4,63
62,12,62
6,0,50
32,9,48
33,4,62
35,19,25
28,17,1
24,16,10
58,23,40
62,23,42
48,21,37
47,6,60
39,8,52
28,8,48
11,17,27
17,15,35
2,14,22
20,5,49
20,18,22
33,6,53
23,9,45
5,11,34
24,4,63
24,16,6
22,17,26
3,12,33
11,12,13
3,12,22
34,19,34
27,16,18
43,14,45
50,11,53
27,17,1
6,12,10
42,16,41
0,3,45
8,13,33
23,2,55
36,21,18
37,18,2
28,17,36
59,22,43
47,23,16
5,6,43
36,19,11
1,10,2
51,15,48
16,6,45
13,7,44
12,1,53
61,12,61
14,1,55
37,19,4
27,11,45
1,0,56
47,21,2
28,18,24
25,11,42
43,20,0
3,6,41
48,22,16
49,23,18
18,15,34
49,9,58
43,21,22
13,15,31
32,19,30
36,5,55
40,4,61
36,19,19
7,0,55
4,1,57
52,18,46
7,0,50
38,20,5
38,19,9
60,21,46
45,6,60
17,14,13
1,10,18
29,17,8
17,7,45
56,23,40
19,4,63
24,18,9
12,14,35
38,21,7
27,18,32
43,19,36
22,16,13
28,3,54
7,12,3
8,12,35
46,20,39
40,20,12
8,9,39
10,0,51
25,6,50
10,11,37
48,23,18
38,11,48
32,18,33
14,1,50
55,23,38
40,11,47
12,13,35
7,12,5
49,16,47
42,20,4
14,1,51
4,3,60
41,10,49
56,21,45
30,4,57
50,23,16
39,19,1
62,14,60
30,17,15
62,15,56
55,10,62
45,5,61
38,19,19
34,7,49
0,5,63
23,17,1
15,17,24
27,16,15
23,17,24
52,11,58
15,15,3
22,16,11
9,14,31
6,11,17
51,11,57
2,3,45
7,14,28
31,8,49
53,10,58
23,17,22
63,23,45
14,16,22
57,13,55
10,12,12
38,20,12
52,7,63
25,16,16
33,12,43
17,13,37
35,6,54
58,14,54
45,21,17
50,23,14
17,15,3
12,15,24
43,23,31
31,17,15
7,11,13
37,20,21
17,2,55
45,19,40
25,16,36
25,16,0
47,23,26
17,8,43
44,6,57
59,21,46
35,18,4
5,3,60
8,2,58
40,22,22
37,19,7
53,12,55
36,6,53
12,8,42
13,16,25
57,16,52
4,11,18
63,14,58
7,8,41
51,12,55
18,7,46
41,12,46
55,10,61
45,15,46
32,19,33
8,12,16
8,7,42
10,13,6
20,17,33
28,17,33
33,19,28
11,13,34
33,10,46
19,12,40
5,10,12
41,21,25
44,21,11
40,21,6
1,10,33
58,18,49
38,21,20
5,15,22
17,2,60
39,20,32
5,0,50
38,20,26
3,11,33
48,12,52
43,22,29
34,20,18
25,17,2
16,14,14
10,13,9
16,6,46
15,16,28
36,19,23
36,9,48
63,15,55
9,12,14
0,8,13
50,22,38
8,12,11
38,20,10
1,0,49
45,21,8
45,17,43
15,14,15
18,2,60
8,12,0
2,5,44
3,14,23
9,1,50
31,8,48
3,10,18
51,23,7
39,7,52
41,20,2
43,11,50
6,16,27
58,21,44
6,7,42
58,17,50
28,4,61
38,20,33
33,20,33
1,8,39
28,18,2
1,4,43
16,15,10
18,16,20
21,18,27
27,4,54
43,7,57
3,10,12
12,17,30
44,22,20
36,19,8
0,8,35
44,21,16
16,5,48
18,13,38
7,14,23
28,13,42
5,11,17
26,16,15
20,2,59
35,18,37
36,21,16
19,6,47
54,12,58
28,18,27
9,9,40
34,4,63
56,13,57
63,19,50
36,11,44
18,4,63
1,2,45
50,10,57
45,20,2
11,7,44
24,12,41
40,9,51
1,12,20
23,16,11
39,5,59
40,19,12
23,17,9
43,20,8
52,20,44
25,13,41
23,16,7
42,21,0
38,20,27
9,13,7
51,16,49
12,0,51
51,10,59
11,4,46
24,16,13
47,21,8
22,14,36
62,13,59
35,19,36
27,19,23
13,15,22
1,9,35
0,12,22
31,15,38
10,16,27
42,15,43
44,22,5
25,16,11
14,14,34
14,17,29
55,12,58
27,12,43
15,17,27
12,1,57
59,19,47
7,1,49
16,12,39
39,19,14
10,1,56
12,3,60
44,21,5
49,13,51
45,12,49
14,17,27
0,7,37
2,8,38
48,23,22
34,4,59
15,11,39
45,8,54
19,16,22
43,22,3
63,15,59
46,7,60
23,16,1
22,7,48
54,14,51
40,19,6
11,15,28
20,15,0
2,10,33
33,20,32
33,19,36
47,5,62
34,20,15
46,5,61
39,19,31
23,19,28
24,17,33
8,14,19
29,12,44
18,2,50
21,16,19
30,19,12
26,14,39
28,17,2
37,20,20
36,20,18
10,13,16
39,21,12
5,11,8
27,17,6
34,19,4
9,14,18
48,10,55
27,5,50
42,20,6
43,13,46
41,21,17
48,22,9
24,3,59
56,10,62
32,19,19
45,22,10
38,14,43
38,9,49
41,22,18
43,22,8
14,14,35
23,13,38
4,0,55
1,10,34
24,14,39
5,13,23
14,16,30
3,13,22
16,14,11
0,0,48
50,18,45
30,3,58
27,3,56
41,20,1
34,11,46
50,20,41
5,0,56
8,14,23
45,17,44
27,18,29
2,10,0
8,6,44
3,3,60
58,20,45
12,16,23
4,11,36
41,6,56
37,13,44
58,19,47
43,21,8
51,23,13
42,21,25
48,7,61
42,18,39
2,0,54
5,13,33
14,6,45
46,10,54
15,2,57
45,23,29
20,15,36
4,11,16
36,19,32
32,16,38
30,15,38
16,8,42
45,21,4
10,3,47
32,18,20
17,2,59
7,12,18
60,16,51
44,7,55
3,12,20
3,12,31
10,13,37
13,15,21
53,10,61
29,3,62
3,12,29
39,4,58
21,13,37
38,20,15
17,15,15
23,5,50
22,17,30
1,11,18
21,8,45
8,3,48
4,14,31
8,13,18
9,15,32
24,19,25
16,15,9
38,19,11
21,2,55
25,17,36
25,19,22
21,5,48
22,16,20
11,16,31
36,19,7
55,20,46
29,18,35
28,17,18
30,18,1
13,3,59
10,13,36
11,3,60
1,9,17
24,16,3
43,20,2
41,20,0
28,18,20
10,4,46
30,14,39
0,11,29
42,21,17
31,18,2
18,9,43
42,16,42
34,13,43
51,17,46
52,21,42
49,9,57
11,13,13
16,9,41
46,21,6
47,10,53
12,14,10
26,3,58
25,16,13
1,8,14
37,4,62
43,22,31
53,11,58
6,12,17
41,21,23
58,17,49
3,10,10
30,19,29
59,13,59
40,18,36
49,14,50
37,9,50
35,7,51
51,23,8
35,9,47
8,0,52
25,16,34
36,4,57
9,6,43
40,22,20
43,22,12
35,20,30
43,6,59
0,8,12
34,12,44
13,14,5
39,19,34
15,16,29
9,3,60
49,23,11
5,11,12
57,22,42
16,14,13
7,15,21
27,13,41
25,17,35
2,12,27
34,19,11
0,13,20
50,9,59
4,0,56
14,8,42
6,12,19
9,11,38
14,2,60
14,15,3
31,6,50
3,12,19
6,11,18
31,19,17
50,22,36
28,10,46
27,19,28
41,6,55
14,5,63
9,1,57
4,7,41
31,18,21
13,15,20
16,16,34
13,15,34
46,21,14
32,18,38
20,16,3
26,18,12
2,14,25
49,22,15
20,17,23
54,22,42
17,11,41
38,22,29
13,1,49
28,19,24
22,17,25
21,17,25
22,14,37
35,21,17
16,2,53
42,22,22
1,9,10
52,10,60
3,12,32
0,0,47
42,19,35
18,12,39
20,3,61
48,22,2
41,21,27
11,15,31
43,22,17
32,18,2
35,20,19
42,14,44
4,3,61
46,22,19
31,18,12
1,10,35
40,5,57
37,19,18
38,18,36
59,15,55
52,18,47
3,9,39
20,2,54
59,18,50
50,8,60
25,17,1
27,15,37
9,12,37
35,19,4
42,21,24
6,15,29
48,16,46
12,16,32
32,19,28
36,20,19
20,2,58
28,16,37
49,23,20
17,9,41
48,18,42
29,17,21
30,18,23
39,9,51
39,19,2
5,11,3
48,21,1
16,15,5
13,10,39
2,1,47
47,22,6
17,5,62
47,6,61
3,11,6
35,19,22
45,11,52
60,19,49
18,6,46
28,5,51
5,12,0
0,6,40
2,11,4
46,22,14
6,4,62
53,23,3
8,13,9
34,18,32
44,6,59
9,16,24
3,2,59
43,21,11
37,20,30
63,17,53
29,9,47
43,22,19
2,0,55
61,16,53
16,14,36
31,19,24
44,19,37
16,1,53
32,20,21
59,14,58
33,5,53
28,17,12
38,11,46
61,14,57
28,17,5
7,4,61
34,19,19
29,3,58
16,2,59
23,17,2
15,15,2
13,5,46
49,7,61
37,8,51
34,20,26
52,20,41
51,7,62
38,20,30
20,17,25
40,20,36
24,5,62
15,14,7
43,23,28
18,18,27
24,13,40
33,20,22
34,16,37
27,17,2
15,15,8
15,17,32
21,9,45
4,10,18
18,11,41
4,11,33
34,4,56
19,4,49
45,22,23
24,3,53
41,18,38
17,4,63
25,7,49
20,15,18
8,11,13
48,22,15
37,18,33
6,4,61
52,22,0
31,13,41
58,12,59
31,18,3
11,13,17
1,8,13
12,16,31
8,14,31
12,14,33
14,5,45
47,21,1
12,1,49
4,4,61
31,12,43
1,10,1
59,10,63
7,13,32
53,22,40
12,13,18
46,23,11
46,13,49
53,17,48
25,3,55
33,19,23
15,5,46
47,23,15
4,11,1
5,14,25
2,12,31
26,6,50
45,23,25
47,23,28
37,4,56
2,11,11
52,21,40
52,23,3
6,2,60
39,7,53
43,22,9
46,15,45
9,16,31
11,14,3
34,19,20
46,23,28
16,5,46
61,22,45
40,6,54
19,16,7
2,13,28
3,10,16
8,13,0
13,17,27
38,5,57
12,15,32
12,7,43
14,10,40
21,17,8
49,22,13
45,21,11
25,17,22
56,18,49
56,13,55
33,19,31
24,17,32
38,20,2
30,15,39
33,11,45
10,16,25
33,10,47
9,16,30
20,3,59
19,3,51
53,13,55
37,21,20
26,13,41
42,21,8
2,1,48
38,5,60
13,15,4
43,9,54
28,14,41
24,18,8
22,8,47
60,13,61
28,18,16
5,8,39
34,20,29
30,4,61
20,18,21
8,14,18
12,13,0
28,17,19
12,12,38
50,22,1
3,10,34
13,14,35
3,14,28
33,17,37
10,1,51
32,19,15
51,22,8
47,14,49
17,14,35
16,15,18
23,18,25
34,21,19
27,14,38
52,19,44
19,16,24
3,5,43
41,20,13
39,21,15
17,17,30
44,22,30
21,16,5
9,1,51
27,4,52
35,20,25
10,1,50
46,21,5
3,4,45
45,22,32
34,17,36
41,20,14
18,15,2
57,19,46
10,14,31
38,10,49
7,3,59
2,3,61
44,11,50
7,11,14
8,4,61
2,7,41
30,13,42
36,4,59
19,15,12
4,11,10
21,14,37
20,16,9
58,13,57
15,2,50
29,19,28
44,22,21
33,19,32
32,19,18
14,12,39
41,5,59
39,6,54
11,7,43
30,17,17
29,11,45
57,15,54
47,21,10
43,12,47
32,3,61
44,20,4
10,13,2
13,16,23
20,16,33
22,15,15
8,13,6
10,1,55
4,13,24
49,21,39
1,6,39
12,2,58
0,9,35
34,16,38
42,14,46
47,20,38
11,12,15
43,17,40
9,11,36
12,13,15
17,8,42
42,13,46
48,19,43
5,12,19
1,5,43
44,8,56
8,16,24
5,11,10
24,11,42
17,14,16
14,16,27
12,4,62
22,10,43
40,19,35
16,15,6
33,18,33
58,19,48
23,16,36
50,17,45
5,15,21
16,15,32
34,21,21
63,17,54
34,18,21
17,15,34
34,19,0
16,18,25
1,11,19
12,16,28
9,16,26
42,5,57
28,17,16
39,19,17
24,18,24
19,15,8
46,23,14
31,4,57
2,10,11
7,11,12
37,19,10
31,19,35
32,18,0
23,17,0
32,11,44
18,18,23
46,23,20
35,18,14
30,10,47
18,7,45
19,5,63
23,14,38
43,5,60
8,8,40
20,17,26
47,23,32
16,14,35
38,21,12
12,1,52
44,7,57
55,23,39
29,5,53
35,18,7
60,13,60
33,14,42
30,17,34
31,18,5
23,13,40
45,16,44
15,15,19
57,12,60
56,16,52
31,18,11
8,12,36
47,8,57
3,11,8
33,19,27
40,20,35
36,20,28
11,15,19
60,18,50
44,23,30
37,10,48
1,3,44
61,11,62
17,7,44
27,18,25
1,12,21
30,19,31
27,4,51
31,4,55
57,19,47
12,2,48
30,17,10
5,10,14
31,17,1
1,1,58
10,16,30
34,18,15
18,18,25
37,5,55
44,21,20
32,18,3
52,22,39
48,9,55
10,13,1
35,13,44
29,5,52
49,14,49
17,16,25
37,21,11
40,17,37
41,13,45
41,21,15
24,15,36
53,23,10
52,23,37
38,20,28
6,10,38
2,9,14
13,15,32
41,10,51
44,23,19
10,12,11
16,3,50
36,12,45
2,0,53
5,6,63
32,18,12
0,11,26
22,15,16
2,4,43
24,6,49
46,22,35
27,19,29
34,8,50
20,9,44
20,15,13
32,19,11
22,18,24
31,20,19
60,10,63
22,17,12
10,11,38
33,18,15
6,10,36
39,19,13
3,11,5
31,17,2
41,20,30
21,16,11
7,15,28
36,19,1
10,14,8
23,3,60
35,18,17
38,12,45
13,16,27
52,23,7
5,13,20
2,1,58
5,14,29
4,12,32
3,11,4
40,17,38
35,18,33
1,11,20
17,18,27
29,15,38
41,20,3
13,11,39
21,15,17
14,14,19
17,18,29
2,0,58
14,15,4
44,20,1
37,16,37
4,2,59
18,15,7
11,14,32
19,15,3
35,19,10
25,15,37
15,1,50
9,5,62
54,23,38
15,3,48
12,4,47
35,20,17
40,19,1
40,5,59
10,16,31
52,23,6
19,5,48
31,17,13
49,23,33
40,21,23
35,4,60
49,22,3
15,16,25
11,4,60
54,9,63
43,20,34
14,15,22
16,15,1
11,4,61
49,23,13
36,21,23
51,22,5
3,5,44
49,19,41
25,3,60
39,4,60
33,15,41
13,6,44
8,13,22
39,19,12
31,18,23
6,0,54
37,4,57
15,3,60
54,14,52
3,10,7
9,13,8
35,17,36
27,16,0
22,15,36
24,18,11
24,18,29
20,16,32
30,5,51
29,4,56
9,3,46
13,14,4
16,15,22
26,18,19
9,10,39
40,21,13
5,9,39
48,12,50
8,12,17
7,0,54
29,15,37
12,0,52
15,14,13
31,18,19
5,13,32
9,16,23
7,13,31
46,23,30
39,19,33
43,5,63
28,17,0
32,15,39
11,15,21
24,17,24
63,13,61
30,18,0
20,14,37
51,22,37
3,3,45
16,8,44
49,22,12
1,3,45
63,16,54
48,9,57
34,9,47
37,21,16
5,7,41
9,12,16
26,3,61
9,4,60
37,17,36
9,5,61
16,15,20
43,16,43
22,16,17
19,18,23
63,22,46
48,22,36
50,22,13
49,10,56
17,6,47
26,4,52
22,17,8
10,1,53
58,21,45
2,11,33
6,3,47
58,22,43
41,10,50
44,12,50
30,18,21
12,11,39
48,13,49
1,9,16
1,9,36
1,0,55
6,15,28
49,18,43
49,20,41
43,18,39
63,18,50
36,19,0
5,1,48
50,9,58
48,8,58
25,4,61
38,19,35
25,19,20
33,18,9
62,18,50
19,16,31
24,10,44
47,21,9
8,12,8
5,14,24
33,13,43
51,10,56
39,18,36
43,20,7
48,14,49
55,12,56
7,12,33
59,14,56
11,15,20
35,16,38
27,3,61
0,4,43
39,20,12
14,17,25
5,15,26
22,3,60
12,13,17
45,9,55
31,17,19
48,22,35
39,9,50
16,18,27
48,8,61
35,21,23
1,3,46
20,8,44
5,12,32
24,5,63
41,22,12
42,20,31
25,18,19
25,16,19
7,11,16
20,15,14
19,18,30
33,19,19
23,8,47
34,19,15
28,17,14
33,19,13
50,22,10
24,18,30
33,19,14
26,16,34
45,23,22
37,21,22
4,9,39
25,11,43
21,17,32
40,20,7
36,20,15
38,15,40
7,13,21
37,20,15
45,20,38
8,3,46
36,19,31
29,19,11
4,14,27
28,17,32
33,19,25
41,21,7
34,12,43
46,15,47
25,18,11
36,10,47
10,13,10
25,14,38
54,9,62
10,13,20
18,6,48
20,17,20
24,2,58
33,17,38
9,4,47
47,22,10
52,17,48
6,13,30
15,4,48
43,21,15
15,3,61
47,21,6
39,16,39
18,15,10
26,18,32
28,8,47
11,14,21
19,17,31
59,13,58
7,15,31
24,3,61
37,20,26
42,22,16
32,17,36
46,17,44
0,9,6
36,12,43
3,3,46
29,6,51
6,14,27
39,21,26
24,18,23
31,10,47
5,6,42
12,16,30
44,23,26
25,4,52
35,5,54
25,16,14
52,9,61
5,14,21
27,14,39
16,3,61
25,7,48
45,22,19
16,1,55
37,19,31
40,20,11
37,14,41
28,18,21
7,15,29
43,12,50
49,11,55
2,11,1
58,21,46
47,6,62
32,4,58
37,18,35
62,14,58
51,11,56
18,15,9
3,0,56
41,7,55
8,14,24
37,16,39
17,4,61
29,12,42
3,4,46
15,5,47
26,18,22
8,15,22
17,16,31
0,4,44
23,14,39
13,14,10
24,18,21
3,10,8
26,19,25
23,8,45
15,16,22
35,15,39
34,3,59
28,18,3
50,9,60
45,19,37
28,3,61
5,1,49
29,18,23
7,12,11
24,8,47
5,2,60
6,15,23
36,19,21
14,2,59
45,22,20
52,9,59
58,11,62
21,3,61
52,9,62
40,20,4
3,14,26
38,12,44
31,12,44
38,17,38
10,2,48
29,7,50
59,19,48
2,13,26
37,18,1
59,17,50
57,16,50
1,8,37
60,19,48
17,1,55
60,22,44
42,21,9
24,17,31
62,18,51
58,17,51
31,18,33
15,11,40
42,19,0
60,15,54
26,13,40
22,13,40
0,2,60
48,9,56
55,9,63
46,8,56
4,0,57
9,14,23
56,22,43
38,19,12
42,4,61
51,12,54
18,15,17
0,11,18
54,23,2
32,19,34
62,22,44
38,17,37
38,19,5
53,23,38
21,16,7
17,17,29
41,20,34
14,15,2
48,21,39
48,21,0
55,21,43
10,13,19
2,10,7
17,17,28
46,23,5
27,8,47
3,11,0
16,4,61
19,3,59
51,22,0
20,2,55
1,9,15
23,15,37
8,13,35
6,11,16
7,12,7
5,14,30
49,15,49
45,15,45
32,18,36
35,20,21
13,17,30
43,22,14
37,19,2
42,21,21
32,3,58
27,19,27
10,9,39
0,9,18
14,16,33
21,17,23
11,8,43
12,4,60
21,15,34
26,16,0
25,18,8
11,5,46
41,7,56
22,16,16
4,1,48
39,20,14
43,22,4
13,4,48
40,21,27
46,19,40
10,12,36
24,7,49
37,20,8
48,8,57
23,17,11
13,16,24
1,9,14
32,20,30
40,8,53
20,16,5
61,18,49
7,8,40
22,2,59
33,19,29
38,21,21
50,7,62
14,4,48
36,8,51
12,9,40
47,22,15
7,14,26
3,0,53
45,22,14
9,12,35
46,21,0
30,17,5
5,12,18
9,13,32
5,12,7
32,18,7
31,18,4
50,23,33
29,18,31
6,5,63
11,15,23
22,17,33
43,20,1
7,13,33
21,18,21
61,17,50
40,20,22
51,23,16
29,3,55
12,12,37
7,11,37
38,4,57
27,11,43
40,9,52
46,22,4
10,6,63
15,3,49
0,9,17
11,1,51
43,18,38
30,17,13
4,5,63
20,3,52
8,5,45
57,15,53
43,21,12
36,18,0
42,19,1
35,12,44
54,23,40
41,21,24
31,18,34
8,2,49
48,23,13
17,8,44
34,19,28
18,5,62
15,17,31
37,7,51
38,19,8
48,15,49
16,17,33
18,14,12
10,14,34
7,11,11
22,18,27
7,13,17
17,18,25
31,17,18
0,3,43
8,14,30
16,1,58
1,1,60
25,17,0
30,5,52
7,15,26
44,11,51
13,6,63
37,18,0
15,13,15
2,11,12
0,1,48
29,17,12
51,11,55
10,1,57
54,10,59
30,3,60
38,7,53
33,18,8
7,15,20
43,21,20
30,17,9
14,9,41
3,11,2
28,18,30
31,11,46
25,17,11
49,23,35
5,4,45
44,22,26
11,13,16
29,17,3
3,2,47
61,22,46
25,2,59
43,20,10
4,6,44
9,13,33
24,17,35
14,14,2
0,12,21
10,14,22
6,0,55
12,1,54
22,4,50
33,18,21
62,11,63
37,6,52
52,23,14
62,16,55
6,12,3
22,17,7
39,20,2
10,3,60
8,12,12
16,15,34
41,19,37
3,8,40
36,20,7
3,0,57
31,14,40
5,4,46
9,3,47
13,16,33
26,18,26
9,13,16
52,8,63
49,12,51
14,15,32
17,15,7
18,1,55
59,17,51
7,0,53
37,4,60
14,5,47
19,3,62
30,13,41
18,15,16
39,15,42
6,14,25
41,21,31
19,18,26
12,10,39
21,15,18
4,0,51
27,18,26
4,12,31
51,21,40
31,16,36
34,4,57
21,13,38
28,19,25
24,3,54
55,17,50
2,10,1
41,14,45
45,6,61
10,13,5
47,23,29
16,16,26
39,14,44
26,3,53
13,14,12
4,5,43
16,17,22
16,16,32
27,18,33
28,18,4
12,13,36
18,8,43
17,14,11
40,21,3
36,20,21
33,18,22
0,6,41
3,11,9
11,13,35
46,22,30
31,20,21
28,18,33
24,17,11
35,10,47
27,3,58
7,14,25
62,12,61
17,1,51
38,19,14
31,3,60
39,19,7
50,12,53
32,17,37
44,18,40
44,21,13
3,5,63
10,13,0
57,14,54
40,20,33
42,11,49
61,14,56
5,11,14
30,18,20
51,21,39
34,18,11
37,4,61
10,12,37
48,22,34
42,9,51
16,15,7
31,20,31
43,5,59
48,21,38
15,15,32
28,18,11
56,9,62
43,21,19
38,19,0
45,22,7
30,19,16
3,1,57
23,16,20
5,12,9
42,21,18
9,0,51
44,21,32
29,19,30
26,15,36
29,18,8
39,15,41
17,2,51
46,13,50
6,9,40
36,19,16
43,8,55
36,21,15
39,19,4
23,2,54
22,5,50
6,0,56
34,10,46
23,4,52
34,4,61
9,8,41
27,15,39
54,15,52
40,14,43
50,18,46
46,9,54
7,12,35
9,13,35
4,15,26
34,18,35
14,1,56
33,18,17
40,13,46
41,4,59
31,17,14
1,10,19
47,22,0
26,16,17
32,19,27
29,4,62
23,17,35
29,18,9
4,5,45
15,7,45
25,18,25
12,16,26
42,18,36
31,20,30
41,22,24
13,14,16
29,18,26
14,5,62
25,17,9
27,19,22
55,23,0
9,14,19
20,16,22
26,17,20
34,20,14
23,7,48
20,17,34
43,19,0
12,3,59
53,18,46
54,22,39
28,9,46
1,11,32
59,12,59
15,13,38
1,9,34
36,21,19
9,0,50
5,1,59
18,15,12
46,12,51
56,11,59
10,2,58
1,1,47
51,14,50
22,4,51
9,10,38
63,15,56
48,16,47
30,18,10
31,15,40
40,12,47
41,21,30
29,18,13
41,20,20
3,11,34
27,7,48
36,11,45
16,10,41
36,20,22
46,22,7
23,11,42
0,9,32
50,7,61
9,15,31
37,19,21
47,23,24
54,21,41
30,17,14
4,10,36
3,1,58
0,8,14
53,9,60
46,22,31
36,20,20
41,20,5
31,20,22
45,7,59
26,3,57
43,8,54
1,0,58
11,13,8
10,5,45
20,16,7
26,18,29
37,4,63
33,4,55
16,17,29
13,14,8
41,4,62
9,15,24
17,15,20
39,21,16
23,16,12
10,1,58
61,22,44
18,14,36
46,21,3
26,17,5
27,17,35
36,7,50
15,5,63
29,12,43
44,10,52
3,1,48
56,10,61
25,12,42
19,3,49
8,11,37
35,18,12
1,10,8
20,14,36
43,5,62
34,18,4
1,2,47
0,9,9
10,12,14
35,18,3
40,8,51
28,16,36
23,2,57
2,10,36
43,23,29
60,14,57
25,16,18
46,21,12
15,6,45
1,13,24
36,20,8
28,18,1
20,16,1
8,14,29
23,2,59
23,16,14
16,15,17
30,17,12
18,3,49
49,12,53
14,7,45
20,2,53
39,19,35
20,7,45
28,6,49
15,16,32
6,14,22
11,12,37
2,13,22
44,16,43
30,18,31
36,19,12
9,12,15
24,19,23
39,12,47
14,16,24
39,20,4
59,14,57
2,10,8
2,12,21
6,14,21
26,8,47
30,3,55
9,2,48
26,3,62
40,14,42
41,5,61
57,10,61
22,15,14
10,0,50
11,13,7
26,3,59
44,20,5
47,23,20
21,16,8
40,21,24
33,19,26
36,17,36
44,16,44
49,22,14
45,13,48
48,13,50
19,15,14
25,8,47
6,12,4
53,12,54
49,10,54
47,22,8
50,13,51
6,6,63
27,3,62
41,16,40
17,9,43
3,10,17
42,20,0
24,14,37
27,17,20
39,19,5
34,15,40
17,12,38
33,18,10
13,13,13
0,9,34
44,22,10
6,12,0
38,14,41
47,17,43
36,13,44
52,20,43
43,15,43
19,8,44
63,23,44
4,11,19
34,13,42
45,23,19
47,21,3
28,3,60
20,16,4
40,10,50
36,18,35
28,19,21
36,17,37
24,8,46
27,3,59
36,19,20
32,19,23
48,15,47
10,15,21
48,23,31
39,21,14
27,17,32
37,21,18
4,14,22
36,19,5
5,13,30
33,20,20
29,3,60
30,17,4
19,7,47
30,14,41
10,12,16
11,13,0
1,12,26
16,14,8
23,9,46
46,22,0
6,11,10
46,11,53
30,15,37
22,16,14
45,21,32
44,20,33
24,18,7
60,23,41
35,6,51
16,14,9
32,7,49
40,14,45
39,4,61
50,8,59
44,22,19
23,9,44
42,21,11
43,18,41
51,23,0
24,17,22
27,17,15
24,16,15
22,4,63
2,10,12
19,15,20
38,22,21
32,20,32
33,3,59
43,21,29
28,16,38
52,12,55
44,21,3
12,15,21
50,13,50
55,19,46
36,18,36
8,1,58
8,12,10
53,23,0
49,22,2
47,22,12
15,15,6
43,21,10
50,8,62
2,10,5
5,2,47
12,13,12
2,9,13
9,7,43
32,17,35
30,7,50
2,10,9
18,12,38
0,5,42
16,17,23
21,12,39
28,18,35
62,22,45
9,15,29
13,16,22
48,23,21
48,20,38
34,3,60
23,14,37
38,20,29
40,19,34
21,4,63
54,16,49
61,12,63
5,0,53
27,15,36
51,22,38
37,20,7
37,19,16
7,2,47
36,20,23
25,9,45
0,3,61
42,20,15
30,19,19
54,13,56
1,5,42
38,19,15
39,19,8
34,8,48
14,11,38
12,12,13
19,17,28
31,4,63
51,23,36
12,8,41
37,19,0
4,14,24
25,19,23
49,22,37
52,14,51
50,22,12
46,15,46
28,5,50
25,17,7
6,14,30
21,16,12
4,6,43
47,13,50
31,4,61
51,9,60
41,17,39
0,0,58
52,23,4
33,15,39
50,19,42
11,11,39
44,21,33
30,4,55
60,20,47
15,10,41
0,10,0
46,23,21
16,5,47
27,16,16
34,15,39
26,16,11
38,21,22
26,16,16
6,14,29
19,16,23
23,17,13
40,4,63
12,14,18
12,9,42
18,17,32
30,18,18
51,17,48
24,12,40
9,2,58
43,16,42
43,20,9
7,14,32
51,10,57
54,23,7
43,20,35
28,3,58
42,21,23
50,23,15
9,12,17
4,12,19
46,23,17
44,5,59
63,19,49
51,23,2
49,13,50
27,17,10
46,13,48
42,15,42
17,1,57
51,18,44
46,23,16
5,0,54
37,6,54
34,19,22
34,18,1
28,14,39
33,4,59
61,20,47
28,19,29
45,5,62
41,19,36
19,15,1
43,20,6
3,12,28
45,22,5
7,12,19
15,7,44
6,5,45
50,23,35
43,22,22
6,15,25
25,17,32
60,15,56
46,23,18
50,22,39
54,12,56
42,7,54
29,18,34
38,19,2
36,7,52
27,17,12
3,6,42
36,8,50
1,7,38
29,8,49
16,4,49
48,22,7
14,14,7
10,15,31
41,21,26
45,9,53
51,18,46
41,21,13
5,9,38
55,9,62
24,17,12
33,18,35
30,18,17
61,14,59
37,21,13
25,2,56
9,2,59
53,17,49
43,10,50
12,14,8
30,18,33
11,14,33
6,11,14
45,22,15
39,21,23
21,16,3
11,14,7
13,13,12
4,1,49
59,12,60
50,17,46
29,16,35
13,13,34
21,18,28
7,16,22
18,1,57
21,17,22
21,9,44
29,19,22
29,17,10
20,18,29
55,14,55
32,4,59
0,10,8
18,13,36
36,19,4
6,14,20
22,18,23
14,16,31
34,17,1
15,15,7
25,19,26
30,17,20
20,17,21
18,3,60
8,12,9
41,20,17
43,6,60
47,19,42
57,17,51
31,18,6
43,19,34
50,9,57
47,20,40
10,5,63
24,17,1
19,17,30
29,19,24
0,10,3
40,20,3
6,1,58
45,22,33
43,22,30
12,3,48
14,10,39
38,11,47
37,20,27
21,15,13
52,9,60
18,2,57
34,19,16
26,3,54
2,10,4
6,2,58
52,23,36
19,17,25
4,5,44
56,15,52
47,21,0
41,20,18
2,10,35
33,19,21
29,18,19
36,19,3
46,17,43
5,14,28
13,14,18
30,19,25
28,17,21
26,18,6
31,7,51
19,3,50
35,20,24
2,12,18
26,10,46
38,21,30
50,19,44
42,20,14
5,8,40
52,23,0
53,22,38
2,10,6
16,13,36
4,11,6
55,19,45
41,21,19
32,4,62
25,18,32
39,20,19
45,21,13
37,19,33
29,17,13
62,22,46
45,23,28
42,21,32
51,11,54
9,6,62
26,4,62
26,17,22
4,11,2
4,11,35
0,9,8
48,21,2
29,17,9
49,9,59
43,4,62
5,12,10
13,14,34
23,17,30
4,13,20
17,14,10
27,17,13
24,13,39
35,9,49
14,14,33
1,9,11
6,13,36
38,10,47
28,20,26
38,8,51
4,15,24
4,13,29
60,13,59
50,15,48
16,14,12
56,18,48
39,21,5
32,19,16
13,14,6
47,21,11
48,11,53
14,14,3
30,19,33
44,15,44
19,3,61
40,20,14
44,21,12
46,16,45
27,18,23
61,16,54
35,20,15
28,17,20
18,17,23
39,5,62
5,10,16
23,17,12
45,18,40
20,10,41
3,13,24
62,13,61
37,20,19
25,17,13
11,5,62
26,9,46
29,18,32
54,12,55
30,18,25
34,20,20
41,11,48
40,20,5
16,2,58
11,0,52
43,22,28
49,15,48
11,13,19
8,13,1
30,19,23
40,21,8
60,20,48
4,9,38
6,4,46
25,3,54
0,12,25
2,11,30
9,13,19
50,10,56
10,13,35
27,18,19
41,16,41
5,11,6
35,16,40
57,12,58
37,5,57
28,17,11
6,12,6
37,20,17
25,19,21
5,10,38
42,21,15
34,20,21
15,1,57
1,6,40
20,4,63
14,3,48
12,14,22
32,17,0
59,15,53
39,10,48
10,15,32
17,15,21
15,15,4
34,20,30
18,1,56
33,18,4
43,22,18
20,15,17
16,15,2
0,8,37
0,6,39
51,8,60
49,23,17
22,16,33
1,2,60
22,11,43
25,16,8
29,20,21
26,5,52
16,16,33
2,9,35
19,17,29
30,19,17
16,16,23
42,22,9
25,17,19
5,13,34
7,15,23
45,10,53
42,21,19
12,1,56
58,15,55
1,9,37
2,8,39
21,12,41
3,9,37
16,16,30
26,18,8
49,20,39
24,17,14
62,13,62
32,19,32
8,15,26
1,8,36
11,14,4
35,20,28
1,7,39
38,20,1
23,2,53
5,10,36
15,17,25
12,15,31
57,21,43
4,7,40
44,8,55
19,2,50
17,4,62
23,3,54
38,20,20
6,11,11
5,3,61
48,23,30
8,0,56
20,15,35
8,11,14
8,13,5
13,17,29
0,10,10
20,2,60
24,7,47
45,21,7
23,17,25
20,13,37
45,22,16
38,4,62
10,15,24
57,11,62
0,9,12
4,2,48
58,14,56
30,19,28
38,8,50
0,9,3
50,8,61
18,1,52
41,7,54
2,13,25
2,7,40
11,13,18
18,15,1
21,17,20
48,20,41
12,14,2
11,10,39
8,0,55
20,4,50
19,17,21
51,22,6
10,2,49
27,17,21
13,15,25
53,14,51
18,8,44
23,17,10
17,3,50
63,16,55
3,4,44
29,18,24
14,12,36
40,6,56
40,21,25
19,16,0
14,16,25
1,10,32
16,1,52
46,10,52
40,19,2
12,5,47
8,13,4
4,13,31
17,14,12
48,19,41
14,14,18
33,19,20
23,3,55
25,2,58
41,22,11
23,16,17
52,19,43
9,16,28
4,4,45
39,19,3
38,21,28
7,13,7
41,8,53
61,17,53
20,3,49
28,11,44
58,12,61
29,18,1
21,17,27
22,9,44
13,17,32
22,18,29
12,17,32
41,17,37
20,8,45
39,21,31
17,16,34
12,13,37
41,22,21
12,12,15
28,17,9
21,15,10
51,8,63
12,14,1
18,15,6
9,13,20
17,15,2
36,19,17
17,15,18
21,2,54
11,15,30
28,17,8
18,15,4
24,17,36
37,20,3
1,10,30
33,19,11
5,12,8
19,18,24
43,22,27
38,13,45
2,0,56
56,23,42
25,4,53
13,4,61
7,1,58
29,3,54
25,18,31
34,20,16
37,20,5
49,22,5
4,10,17
46,16,44
18,14,14
50,23,18
31,15,39
19,2,60
2,10,18
27,18,24
42,21,13
11,0,55
49,17,46
5,13,22
5,3,47
1,10,12
44,20,34
51,12,53
39,17,37
40,15,43
0,8,16
16,3,60
40,20,21
40,20,32
2,0,49
15,14,34
17,3,60
27,18,31
38,21,18
34,17,38
18,17,28
37,20,12
15,13,14
8,1,56
53,9,62
28,7,49
2,10,2
24,16,11
39,11,47
17,9,42
57,23,40
61,14,58
55,20,45
45,22,8
33,18,13
37,21,30
17,2,50
41,22,26
37,20,16
6,3,46
3,14,22
48,17,46
47,23,21
12,12,36
36,21,21
30,3,62
34,4,55
58,15,54
54,13,54
2,11,32
28,18,32
61,11,63
28,7,48
20,15,16
28,18,23
40,20,31
25,3,58
38,7,54
23,4,62
21,18,23
41,7,53
22,18,28
26,18,10
21,16,2
30,18,8
20,11,42
26,17,11
23,18,31
43,21,13
7,9,38
46,17,45
11,16,26
39,21,22
26,14,40
46,19,39
48,22,17
15,11,38
22,3,52
39,5,63
42,21,12
15,15,18
16,17,24
8,13,34
24,4,61
42,22,15
1,12,19
12,14,7
37,14,43
44,21,6
29,19,27
37,11,47
32,16,37
42,9,53
25,10,44
33,19,16
41,19,0
47,7,61
48,23,16
8,4,46
8,9,40
43,20,15
33,7,50
42,21,3
54,9,61
34,6,52
30,17,16
53,14,52
25,6,49
54,15,51
41,5,60
26,4,63
28,18,25
33,20,30
31,19,22
45,21,3
2,4,63
7,3,46
8,14,21
10,9,41
44,21,10
39,21,24
8,1,50
2,9,37
4,13,32
6,11,15
42,22,7
28,17,34
60,12,60
13,2,49
6,12,2
4,6,42
15,13,36
26,3,60
33,20,21
50,21,41
8,5,62
61,19,48
25,14,39
36,19,22
7,7,41
2,10,19
41,22,30
27,19,32
45,21,33
45,21,1
31,3,59
52,8,61
25,16,35
33,3,60
63,18,51
62,20,48
3,2,48
48,7,62
7,14,20
11,15,22
19,15,17
48,12,51
32,12,44
26,16,19
38,21,19
7,14,29
32,5,54
7,13,20
44,20,0
35,10,46
0,2,45
40,19,33
37,6,53
12,14,4
26,18,11
36,21,29
7,12,17
33,18,19
8,12,19
19,1,56
53,23,11
20,16,11
33,18,14
43,17,43
18,16,4
16,4,47
29,8,48
12,5,46
30,18,16
30,19,20
46,23,32
33,19,22
35,20,26
4,14,30
15,2,49
41,20,36
7,5,61
44,22,3
53,16,48
32,12,43
16,4,63
55,12,57
31,19,33
52,15,51
31,18,35
25,13,40
29,9,46
36,18,14
14,2,57
23,4,61
43,13,47
2,2,60
5,15,23
28,18,26
32,14,41
11,12,36
54,23,4
22,10,42
21,17,33
1,2,59
31,7,49
13,12,39
13,3,47
38,21,27
34,19,27
20,4,49
46,23,31
0,4,62
4,7,42
0,9,1
37,19,1
43,6,57
26,7,48
2,10,13
48,21,3
28,19,33
41,21,9
14,15,6
40,20,2
38,14,44
32,19,24
29,16,36
33,18,20
51,23,10
30,6,51
22,16,19
46,22,8
31,19,11
39,21,20
61,19,49
5,11,35
29,10,45
16,2,50
40,14,44
6,14,28
10,15,30
55,22,40
23,10,43
41,22,29
18,17,22
22,2,57
35,8,50
19,5,49
13,16,32
38,21,8
16,16,24
43,6,56
12,14,19
14,16,23
27,4,61
43,21,16
17,10,40
28,4,63
40,20,18
0,9,33
62,19,50
6,2,59
39,13,44
6,11,36
26,19,22
30,12,43
39,22,21
33,17,35
25,19,25
37,5,54
12,14,36
22,16,15
58,15,52
35,20,12
25,16,7
24,11,44
21,16,13
17,14,17
28,17,4
52,16,48
7,13,0
40,18,35
15,14,19
17,3,49
5,11,1
36,19,34
22,6,47
22,8,45
18,16,1
39,21,19
35,18,16
20,3,51
8,5,44
35,4,56
29,18,33
37,4,58
0,3,62
25,17,21
32,20,17
43,17,39
27,15,38
14,15,23
36,8,49
29,4,54
48,18,44
13,5,62
63,14,61
18,18,28
45,23,18
32,18,8
38,21,16
48,10,54
39,20,33
8,15,25
28,18,0
5,5,63
46,20,37
4,11,14
16,14,18
41,17,40
26,18,23
37,21,21
9,1,58
0,9,7
33,4,63
42,20,34
35,19,23
53,17,47
11,12,14
8,2,47
40,15,41
60,23,42
19,15,0
18,2,56
48,18,43
18,17,31
28,18,9
3,11,3
46,11,52
53,23,39
41,20,31
12,2,59
28,17,7
48,23,20
2,13,21
44,23,20
3,7,40
46,22,5
52,23,35
54,23,1
17,17,23
11,11,37
19,10,41
35,19,19
32,13,42
52,16,49
40,19,7
9,8,40
29,17,7
41,9,51
35,6,52
33,19,33
9,4,46
30,9,47
36,20,16
36,21,20
29,13,43
40,6,57
43,16,44
45,20,1
13,5,47
47,21,12
24,19,22
23,18,28
28,19,27
19,7,45
32,6,52
21,15,14
29,20,26
7,0,57
19,9,43
16,9,43
24,17,21
41,21,4
43,9,53
1,3,62
36,7,51
46,5,62
8,3,59
37,21,12
62,18,49
44,6,60
45,20,34
46,23,13
9,13,1
14,1,49
7,0,51
21,2,60
3,9,13
14,2,49
3,1,49
13,12,37
36,10,46
39,14,45
7,13,1
46,23,24
49,21,0
21,6,47
39,19,11
55,14,53
21,18,22
49,20,40
7,13,4
46,18,43
51,15,49
8,12,34
5,11,5
24,3,55
43,21,2
42,18,37
56,20,46
3,11,32
46,14,47
45,22,3
60,20,46
28,18,22
8,10,38
44,22,8
19,16,1
35,18,2
43,7,55
38,20,7
4,0,50
30,16,38
35,5,53
14,16,29
58,23,43
47,23,31
8,13,16
19,2,54
57,10,63
8,15,24
14,10,41
8,14,33
19,18,25
5,12,20
63,19,48
44,21,14
50,13,52
16,1,56
43,20,33
12,0,54
30,4,63
8,13,32
10,15,27
12,17,31
34,18,13
22,2,55
4,0,54
25,17,5
25,18,27
11,5,61
42,10,52
59,23,42
3,11,13
21,16,10
21,16,20
29,3,56
40,21,20
31,5,54
2,11,3
26,10,45
49,8,59
9,5,63
15,16,31
30,17,11
8,1,49
47,14,48
23,3,59
42,22,28
38,16,38
6,3,61
26,4,53
32,14,42
27,18,30
42,17,38
43,15,44
37,19,11
8,6,43
0,1,58
7,12,20
6,6,44
29,5,51
44,20,37
38,19,20
21,9,43
17,15,12
16,17,26
32,4,56
0,12,20
17,14,36
31,20,24
36,18,15
35,20,22
30,18,19
24,18,20
22,15,34
6,13,35
41,22,19
26,17,0
34,20,19
20,13,39
23,19,26
5,5,62
40,20,30
19,2,57
15,16,24
63,20,47
41,19,35
24,16,4
30,17,2
14,12,38
21,17,29
0,10,18
49,23,12
14,3,60
30,14,40
11,10,38
39,5,61
2,12,26
21,18,30
20,7,47
44,12,49
40,21,14
36,15,41
28,19,20
41,16,42
61,17,51
2,11,31
45,22,12
11,3,59
33,6,52
10,5,62
10,15,22
23,16,3
24,15,35
14,1,57
0,4,42
6,0,51
6,10,37
54,18,47
43,14,47
39,10,49
0,10,30
19,18,22
23,17,23
13,2,58
39,4,59
42,8,54
39,20,9
16,2,60
31,17,36
50,19,43
39,20,22
61,23,42
7,6,44
16,6,47
42,12,48
3,12,21
52,10,58
7,9,40
35,19,6
44,8,54
19,16,20
23,15,35
18,5,49
39,4,62
14,13,13
27,3,54
20,16,34
27,18,10
12,14,6
9,6,44
37,10,49
21,12,40
38,17,36
41,19,2
43,20,3
18,15,0
20,12,38
12,16,22
30,16,37
38,19,10
39,10,50
56,19,47
44,22,22
56,20,45
28,18,29
46,22,21
32,19,14
2,6,40
47,7,60
13,16,30
11,14,6
18,18,26
61,16,55
34,21,20
25,12,43
48,23,29
11,17,30
27,17,14
61,18,51
42,22,17
24,10,45
23,16,16
27,18,21
20,9,43
45,5,60
39,14,42
39,5,55
5,15,27
1,10,5
52,23,11
38,20,11
11,16,22
59,23,41
46,22,3
33,19,35
17,18,28
11,3,48
15,16,30
3,11,12
15,1,55
47,23,33
38,19,1
10,10,38
38,19,4
37,19,17
29,3,57
30,19,30
9,13,4
6,15,26
32,17,34
40,10,49
59,20,46
6,2,47
9,11,15
4,12,21
47,23,17
56,17,50
34,4,62
7,7,42
38,5,58
38,18,2
18,2,55
60,17,50
53,11,56
15,14,10
9,13,0
20,15,9
11,9,40
39,8,51
35,14,42
45,7,56
32,10,47
26,17,1
22,16,21
41,21,14
35,14,41
62,21,47
17,10,41
9,15,27
5,11,19
52,15,49
19,10,42
1,8,38
8,15,21
35,20,14
41,18,36
44,5,61
59,18,49
58,10,63
34,18,36
59,20,47
3,10,35
29,17,1
19,16,4
1,1,59
31,19,34
6,12,9
46,22,18
33,5,55
29,17,4
28,18,19
49,11,53
25,13,39
1,4,42
6,13,34
32,15,40
13,3,61
29,17,33
10,3,59
47,17,44
16,15,19
25,3,56
40,21,18
30,3,59
51,13,52
10,8,42
32,20,31
17,14,14
7,15,27
41,12,47
60,21,47
43,5,58
4,2,60
52,14,50
52,13,54
26,19,26
35,19,17
42,22,20
50,10,58
49,17,44
3,13,23
2,6,41
53,20,44
16,2,49
39,21,21
35,19,15
52,23,1
45,14,46
37,16,38
34,19,12
60,22,43
46,21,2
0,12,23
41,21,20
35,20,29
7,13,34
47,21,38
9,13,34
5,2,59
25,3,53
7,15,22
25,16,37
34,8,49
36,18,1
23,16,21
5,12,1
32,16,36
47,23,22
12,16,29
8,13,8
42,21,29
61,12,62
50,23,37
15,4,61
19,2,52
26,17,36
51,23,6
28,4,53
22,13,38
40,20,10
6,12,16
37,19,9
63,21,46
35,12,43
49,6,62
37,9,48
54,20,43
20,16,20
17,1,53
21,14,38
9,9,39
55,13,56
39,21,10
12,1,58
24,9,46
33,16,38
37,19,6
7,14,24
15,14,17
38,20,22
27,19,20
7,9,39
1,0,48
43,23,30
34,11,44
20,17,30
38,7,52
29,14,41
51,23,9
21,16,32
25,15,38
15,14,33
46,22,12
36,17,35
48,23,33
30,3,61
52,11,55
8,3,47
37,19,15
6,8,40
2,6,42
5,15,24
63,13,62
29,18,22
15,2,60
24,16,36
35,21,21
40,20,20
40,18,0
59,11,63
18,16,25
49,16,46
37,20,18
14,17,30
23,17,7
39,21,4
41,21,18
22,7,46
39,20,11
30,18,7
15,12,39
31,9,48
47,21,5
40,20,17
3,4,62
14,14,16
34,18,8
16,1,51
14,13,38
28,17,6
18,17,30
49,22,38
49,22,11
18,4,49
18,15,5
59,15,54
31,10,46
1,6,41
38,20,14
33,5,63
42,20,7
27,9,46
61,23,44
38,20,24
7,13,2
36,16,38
25,5,50
35,4,55
54,20,45
42,19,37
60,11,62
33,11,46
47,21,4
46,22,9
15,10,40
26,4,54
6,13,22
48,22,14
33,18,12
48,22,1
53,8,62
25,18,26
23,5,63
6,11,37
17,12,39
32,4,57
10,12,17
31,18,20
41,14,43
30,18,34
22,12,39
57,21,45
61,21,47
8,10,37
5,12,3
27,17,34
24,16,18
29,15,39
34,18,10
28,18,31
41,20,11
34,7,50
34,18,33
59,21,45
24,3,57
47,22,34
8,13,19
4,13,28
57,9,63
26,5,51
1,11,28
57,12,57
14,3,61
0,10,31
47,23,14
36,4,58
34,5,53
53,23,8
13,17,26
56,18,47
41,21,28
34,20,28
53,18,47
39,20,5
6,13,32
18,2,58
20,16,8
13,12,36
6,15,21
35,7,50
41,15,44
37,18,37
1,10,6
24,18,32
34,20,32
58,14,57
25,16,20
44,23,31
20,4,61
16,10,42
44,12,48
22,18,30
40,16,38
24,17,8
23,17,31
3,2,61
1,13,26
23,18,30
21,15,12
54,23,9
27,19,26
35,19,3
15,2,51
28,4,62
27,19,30
23,19,24
45,22,24
19,16,32
4,11,5
11,1,53
46,9,55
4,11,34
31,16,37
38,14,42
42,16,43
41,22,28
43,21,33
48,22,5
6,12,18
20,4,62
46,14,49
18,4,62
14,14,0
54,11,60
55,22,41
45,14,48
3,0,49
19,6,48
39,20,0
47,21,37
26,11,44
31,14,41
3,10,15
32,17,2
10,15,26
32,18,13
38,20,9
41,20,16
49,23,16
26,5,50
13,14,33
24,18,22
11,14,8
58,20,47
16,5,63
11,2,59
3,13,26
46,21,7
46,22,22
45,20,0
19,15,13
45,20,36
41,19,1
49,22,0
56,17,49
22,15,12
58,11,60
47,22,4
7,10,37
42,20,11
51,9,58
37,17,37
25,5,52
37,6,55
40,7,54
39,18,37
2,10,3
44,21,34
16,16,31
12,15,22
33,3,61
14,13,37
63,16,56
42,22,26
8,10,39
23,18,26
48,21,4
17,15,5
21,5,50
29,8,47
57,12,59
7,13,22
41,16,39
16,15,4
27,17,4
55,18,48
41,18,37
14,14,20
41,4,61
36,19,9
62,17,52
8,7,43
28,4,54
39,6,56
11,1,49
2,2,46
3,10,9
39,20,1
15,14,11
30,8,49
34,18,17
37,20,32
8,16,23
31,17,10
20,16,23
52,23,13
28,18,14
55,23,3
40,5,61
20,10,43
40,20,13
7,10,39
28,15,37
60,16,54
43,21,0
4,0,52
21,16,18
62,23,43
36,20,12
11,1,50
46,22,6
48,20,40
18,5,63
10,12,13
31,14,39
40,4,60
15,14,9
51,22,40
2,12,19
48,22,6
3,8,39
37,21,15
5,12,2
29,4,55
12,11,38
23,4,51
18,2,54
44,10,53
2,11,6
61,13,58
5,1,58
61,17,52
25,18,21
31,3,57
14,11,39
17,12,37
9,16,25
36,19,10
30,17,3
47,8,55
59,12,61
34,4,60
25,18,30
34,17,0
41,5,58
0,2,44
33,20,17
31,18,7
32,4,55
38,19,18
29,19,19
26,15,38
37,8,50
45,7,58
42,21,31
35,19,0
47,22,17
31,18,14
16,10,40
62,15,55
21,6,48
24,17,3
34,18,3
35,19,20
27,17,17
42,20,17
4,14,28
0,9,16
12,1,51
40,17,39
20,14,35
5,13,21
1,9,12
40,21,22
25,18,20
31,12,45
34,18,12
57,17,49
61,15,55
39,20,16
23,16,2
33,16,37
0,1,60
45,23,26
43,21,1
2,12,23
32,10,46
54,18,48
28,4,56
43,10,52
37,15,41
2,4,44
45,16,45
0,9,2
21,2,56
16,2,57
44,23,29
29,6,52
28,11,43
18,18,30
42,21,20
16,15,33
9,0,54
17,15,17
31,18,22
2,5,63
51,13,53
32,18,11
50,14,51
15,7,43
17,16,0
24,16,8
26,18,20
23,8,46
42,13,45
40,19,10
19,4,62
10,16,29
35,13,43
49,10,55
33,14,41
47,22,19
7,14,19
20,6,47
50,20,42
32,4,54
48,17,44
63,23,43
53,11,57
41,21,8
63,17,52
56,11,60
36,19,30
20,3,60
24,9,45
46,21,37
28,17,17
58,23,41
32,19,17
38,18,35
32,8,49
44,20,3
1,12,29
15,15,21
26,10,44
28,17,15
41,13,46
54,23,39
58,16,51
43,11,51
18,15,19
28,3,55
4,3,46
11,0,50
29,4,63
62,19,48
11,15,26
10,16,24
55,18,47
29,7,49
29,17,11
49,23,14
56,15,54
9,11,14
40,21,5
1,11,30
48,22,4
41,19,34
7,0,52
5,15,29
39,21,17
7,13,3
11,1,55
9,0,55
42,12,47
12,12,14
25,16,2
42,9,52
25,4,51
56,10,63
7,2,58
50,23,34
50,22,7
4,11,17
1,10,17
9,15,26
38,19,6
40,16,39
0,9,0
43,18,40
2,9,38
35,19,21
28,15,38
3,11,18
42,5,63
13,4,46
5,4,62
16,7,43
41,20,15
12,4,48
17,17,32
60,15,53
3,12,11
18,9,44
22,7,47
19,10,43
20,16,0
20,18,23
0,10,29
19,15,5
24,16,34
4,11,13
13,14,20
15,16,23
34,20,25
21,16,21
44,22,14
28,5,53
40,19,32
40,21,15
15,12,38
19,15,10
6,13,33
46,22,17
31,17,3
44,21,18
0,2,47
3,10,13
44,22,18
19,15,6
40,20,0
47,11,53
42,20,13
49,17,47
51,23,5
31,19,16
3,7,41
2,11,18
50,17,47
32,18,32
16,15,0
3,2,60
2,13,27
51,23,37
39,20,8
15,1,58
8,13,7
48,11,52
26,17,3
41,17,38
51,14,51
46,8,55
5,11,0
21,15,15
6,11,13
46,22,15
34,18,38
50,10,55
52,13,51
15,1,52
6,1,49
35,19,24
46,21,35
25,17,6
46,21,13
1,3,61
33,20,31
13,14,0
30,6,52
53,22,41
41,12,48
26,17,23
56,17,48
44,21,8
11,9,41
25,16,15
49,22,10
9,12,18
44,22,28
57,16,51
39,21,29
62,13,63
36,9,47
9,13,2
46,5,63
51,22,39
42,17,41
38,6,54
34,9,48
37,20,4
53,23,36
41,9,53
40,5,56
40,20,29
15,17,26
44,5,62
11,14,5
1,12,22
4,3,47
28,18,12
26,6,51
15,1,53
50,22,5
18,17,27
32,18,14
58,20,46
2,9,17
11,14,36
27,16,12
24,4,53
24,18,25
25,17,4
21,10,43
46,17,42
46,23,12
23,18,27
41,20,10
45,23,17
21,2,53
37,17,35
33,19,12
0,12,19
15,15,34
20,2,51
39,11,49
26,16,12
35,21,18
11,6,44
36,19,13
39,20,10
23,18,24
13,14,21
22,17,22
10,14,23
12,10,40
14,15,20
28,4,52
25,3,59
34,6,51
15,12,37
44,23,27
24,2,55
14,17,28
12,7,44
33,8,50
26,2,58
53,23,1
14,14,10
44,22,4
34,18,37
36,20,25
42,22,24
35,18,18
32,18,22
57,18,48
13,6,45
6,14,26
53,23,4
4,14,26
61,20,48
43,19,35
39,9,49
42,7,56
37,19,5
8,2,48
17,15,0
43,21,6
8,2,59
24,17,0
28,19,22
15,14,12
43,21,18
13,1,51
38,18,34
63,12,62
7,3,61
14,3,49
42,21,2
22,16,6
58,13,58
47,19,41
9,13,6
53,16,49
44,21,4
61,15,56
8,15,28
11,13,9
0,11,28
7,14,33
3,13,21
18,16,24
42,11,50
37,4,59
13,14,1
22,16,7
8,0,51
27,18,28
31,17,12
56,16,51
30,9,46
27,16,13
30,19,24
45,7,57
30,7,49
26,11,43
41,21,11
33,20,29
23,7,49
46,21,33
34,19,1
41,11,49
11,7,42
14,14,15
12,3,61
54,19,44
22,15,37
55,13,57
40,20,34
19,15,18
31,14,42
34,18,20
5,4,63
41,20,19
14,15,34
16,12,38
17,17,25
3,11,10
18,16,34
7,1,48
6,3,60
32,20,20
21,14,36
39,19,10
38,4,61
35,19,5
6,12,11
12,6,63
52,22,1
20,11,41
0,10,28
9,7,42
10,6,44
41,20,33
36,19,14
38,21,9
47,22,35
49,22,1
50,22,8
23,16,33
53,22,39
7,2,48
51,19,45
43,21,17
10,13,11
60,17,52
45,11,50
42,20,2
55,16,51
19,16,21
39,21,11
28,17,22
42,4,62
47,23,30
44,20,36
3,14,24
31,5,53
40,21,30
22,17,10
26,5,63
40,21,17
49,7,60
30,11,46
40,22,28
37,20,23
4,10,35
38,20,16
4,14,25
8,14,20
3,9,38
30,16,36
6,13,20
47,11,51
42,20,1
17,15,4
63,14,60
16,4,62
27,5,52
6,1,57
38,15,41
25,12,41
48,15,48
42,17,42
16,7,45
48,20,39
31,11,44
4,0,53
0,8,11
60,12,61
42,22,10
31,17,34
55,23,2
6,12,1
49,8,61
31,3,61
35,19,1
56,21,43
27,17,19
60,22,45
15,15,22
17,16,23
45,13,49
19,16,2
24,17,20
42,12,49
36,20,32
25,17,10
57,18,47
17,16,33
32,15,41
30,17,7
13,11,37
46,21,9
44,22,17
39,19,0
29,6,50
1,12,23
25,9,47
48,19,42
2,12,29
9,3,59
42,22,27
54,23,0
56,19,46
40,11,49
27,14,40
22,16,18
14,15,0
53,15,50
5,11,4
3,9,16
19,15,9
49,23,31
13,4,62
63,15,57
38,19,16
28,19,28
44,16,45
19,1,54
3,11,19
1,4,44
7,10,38
55,8,63
44,19,38
10,7,43
30,9,48
42,17,39
10,14,33
8,15,30
12,4,61
31,19,29
52,22,40
25,18,6
33,18,34
5,15,25
31,17,0
35,18,13
55,23,1
56,21,42
29,17,17
43,22,32
28,10,45
3,3,62
20,7,46
39,18,1
51,16,47
7,1,50
18,9,42
1,12,28
34,15,41
41,21,22
53,23,6
54,11,59
11,1,52
40,19,5
45,22,11
42,21,5
54,11,58
25,16,12
35,4,57
9,0,52
9,1,52
33,18,6
19,17,22
35,18,36
47,22,1
39,5,60
55,16,49
39,4,63
22,3,51
10,10,40
42,18,38
25,5,63
36,20,14
10,13,18
34,20,17
23,16,13
6,2,48
35,11,46
18,15,20
50,22,3
30,18,35
42,20,18
19,15,4
25,8,46
43,22,20
53,18,45
51,14,49
44,21,19
20,12,41
41,18,35
23,18,29
54,13,53
19,16,12
20,18,28
26,18,33
11,13,6
29,17,15
3,14,21
23,17,6
20,16,21
27,18,22
17,16,24
34,5,55
63,18,52
11,13,10
57,20,46
19,15,15
41,15,42
12,14,20
14,13,15
18,10,41
3,10,11
23,17,8
10,7,42
62,20,47
3,13,30
36,21,22
11,1,56
19,16,19
57,22,44
52,11,57
27,19,21
0,12,26
5,0,49
42,10,51
38,5,55
36,13,42
43,21,32
46,23,26
4,11,12
57,23,41
59,22,44
23,2,58
57,13,56
6,4,45
2,10,17
26,17,8
35,20,31
29,19,21
31,17,35
47,13,49
14,1,53
34,20,23
9,14,22
22,17,32
51,17,47
24,18,31
49,9,56
13,13,11
50,22,37
39,20,13
35,19,11
6,0,53
18,15,8
22,16,10
38,20,23
13,8,43
11,12,12
46,19,41
19,15,7
14,14,8
15,17,23
36,20,30
5,1,57
0,10,4
4,11,3
0,10,7
43,21,5
38,15,42
7,2,60
41,21,29
50,23,17
30,17,0
15,1,56
59,16,51
37,20,6
5,11,36
32,19,31
31,13,42
26,19,24
47,22,36
46,12,50
58,18,50
17,14,34
0,9,15
46,21,8
39,16,38
7,4,45
41,20,6
32,18,1
22,11,41
19,12,39
55,11,60
41,6,57
40,19,0
37,10,47
26,16,13
44,20,35
7,16,25
26,12,41
11,14,9
11,16,29
8,13,2
29,17,19
17,16,32
12,6,45
24,3,62
12,15,26
26,16,10
13,13,15
23,6,48
24,4,52
24,16,9
6,1,59
55,20,44
44,20,2
40,5,58
1,10,31
35,15,41
51,20,42
35,17,0
2,4,62
13,13,16
63,14,59
48,22,8
38,19,3
45,23,20
12,15,25
22,16,12
49,22,9
45,18,42
15,15,1
58,11,61
43,22,24
57,10,62
38,21,14
12,14,5
14,17,26
7,14,30
6,14,31
41,22,25
47,17,45
4,13,23
2,5,43
8,15,23
43,21,4
26,17,12
54,21,43
5,11,16
8,4,45
42,21,28
59,14,55
22,11,42
7,12,6
35,19,29
33,7,51
61,13,60
36,14,41
52,23,9
12,13,11
53,20,42
56,11,61
20,11,40
6,12,7
53,21,41
28,13,40
52,23,2
44,21,15
5,15,28
54,23,3
5,12,4
43,21,7
33,8,49
31,5,52
27,3,57
19,15,11
32,3,60
32,18,5
52,21,41
51,22,7
20,16,2
45,11,51
24,5,50
24,14,38
3,13,25
49,22,8
26,17,35
7,12,9
15,14,35
7,5,63
20,8,46
5,9,40
40,19,37
35,5,63
16,3,48
24,16,20
35,19,34
4,11,11
19,15,33
34,20,24
23,12,42
30,12,42
10,13,33
17,15,16
44,7,58
24,4,51
5,11,9
41,19,3
27,18,3
25,17,8
16,16,21
0,0,49
23,16,8
32,19,29
55,14,52
45,12,51
7,13,5
35,18,8
6,15,27
51,12,52
30,10,46
40,16,40
16,18,28
29,18,10
30,19,10
46,23,23
14,4,61
37,21,29
46,6,59
34,18,14
21,5,49
38,20,21
45,22,13
55,21,44
1,5,63
49,22,35
27,16,38
17,17,27
31,18,18
13,7,43
17,17,26
36,20,24
45,21,5
36,19,2
39,21,9
40,21,28
30,20,25
32,18,6
43,21,30
25,19,24
37,19,3
45,21,16
43,10,51
32,5,53
28,13,41
31,17,11
26,18,21
40,20,19
45,6,58
35,20,27
29,3,61
57,14,56
23,16,35
15,14,18
55,17,49
32,18,23
49,17,45
30,18,11
14,2,58
27,10,46
51,22,2
44,21,17
10,2,59
12,14,9
8,13,10
43,21,21
33,4,58
50,11,56
35,4,58
3,10,36
32,18,10
44,18,42
25,4,62
38,10,48
9,3,48
40,13,45
43,22,23
3,12,18
15,2,58
11,2,58
56,12,59
37,7,53
25,18,12
29,19,20
24,16,14
29,19,29
6,12,36
56,22,41
42,5,61
8,16,29
13,1,52
47,8,56
41,13,47
0,10,33
45,22,6
14,1,58
39,20,3
4,0,49
30,18,13
14,15,5
12,15,30
50,23,19
44,19,40
3,12,12
35,19,9
41,11,50
20,18,25
16,14,15
29,14,39
14,17,31
25,16,10
26,13,42
24,17,7
45,21,36
41,5,56
49,7,63
14,1,52
10,9,40
5,12,5
11,4,62
6,1,50
33,18,18
9,15,22
42,8,53
44,22,13
10,13,7
4,14,23
36,6,54
45,23,11
44,17,42
27,16,35
33,13,42
44,17,43
27,4,53
25,17,33
20,5,63
18,6,47
3,10,14
16,11,40
46,21,11
51,23,4
7,12,10
41,21,5
47,18,43
15,4,63
26,3,56
44,23,28
8,12,18
31,4,53
52,20,42
0,9,10
14,4,62
27,17,16
13,2,60
28,15,39
26,14,38
43,12,49
19,7,46
0,10,32
42,20,9
14,16,26
13,13,14
42,5,62
4,4,63
45,9,54
8,6,63
5,12,33
28,19,19
37,20,10
0,1,59
16,16,25
15,4,62
53,23,2
25,17,12
44,18,41
35,19,7
44,15,46
33,19,37
45,22,21
38,21,23
8,5,63
35,4,63
5,2,48
38,18,37
44,22,15
4,11,7
15,14,0
30,10,45
44,18,39
6,13,21
40,20,16
58,12,60
62,23,44
31,16,38
47,16,46
42,21,6
25,17,3
2,0,48
14,15,1
16,14,10
25,18,7
47,22,16
26,7,49
19,8,45
44,23,18
62,16,54
10,16,23
50,23,12
17,15,1
25,2,55
2,10,32
19,16,8
7,4,62
20,15,11
20,16,12
5,12,16
17,15,19
23,16,4
20,15,34
11,13,1
44,9,53
5,14,23
15,14,8
45,16,43
31,18,1
20,10,42
49,23,15
20,18,24
35,19,31
22,12,41
0,10,2
55,15,53
53,21,42
32,8,50
44,22,7
57,13,57
19,17,26
46,23,27
0,12,27
12,11,37
43,20,12
2,3,62
12,14,0
16,1,54
11,15,24
3,11,35
61,18,50
33,4,57
27,12,42
14,4,47
12,14,3
35,17,37
36,16,39
38,20,25
54,23,8
46,6,62
40,21,4
19,9,42
34,16,40
16,14,16
0,7,38
57,11,60
33,17,1
23,3,56
31,20,29
31,4,62
26,19,21
35,16,39
48,23,32
39,21,13
51,21,41
63,13,63
31,19,31
33,18,7
22,15,35
20,12,40
33,19,17
48,22,10
46,21,10
23,10,44
33,20,28
50,14,49
51,18,45
24,17,13
46,21,4
46,20,0
25,11,44
31,18,24
40,18,37
47,20,39
1,11,21
40,11,48
42,5,59
35,19,30
47,22,33
29,18,12
42,22,23
12,5,45
29,13,41
24,18,26
46,23,15
23,3,52
39,20,6
44,10,51
0,0,56
43,12,48
0,11,20
48,6,61
13,13,36
17,11,40
16,1,50
29,17,0
4,11,4
46,20,38
59,11,62
8,13,17
14,4,63
17,16,21
30,13,43
13,9,40
31,18,32
35,18,1
41,20,4
50,21,38
32,19,35
19,17,27
46,23,4
22,2,60
33,9,49
7,16,26
22,15,17
39,22,28
15,14,14
17,15,33
39,21,30
21,15,16
32,4,61
23,6,49
21,7,47
27,10,44
51,23,11
26,17,9
4,9,37
39,19,32
25,16,9
16,16,22
18,8,45
31,17,4
40,21,11
38,19,33
2,11,2
19,16,9
46,6,60
48,8,60
63,22,45
49,23,32
18,2,51
48,14,48
11,8,42
11,10,40
28,17,10
48,6,62
52,23,8
21,15,11
14,7,44
55,22,42
9,13,5
18,3,61
14,17,24
33,17,36
2,13,24
1,6,42
1,13,25
33,9,48
27,18,20
20,16,18
37,5,56
34,19,14
15,6,46
10,12,15
30,18,5
0,0,57
32,19,26
47,5,63
6,9,39
2,7,39
21,11,42
6,14,24
45,23,12
33,20,18
43,17,41
14,1,54
34,6,53
6,11,12
40,21,16
31,6,51
48,11,54
55,21,42
5,10,15
22,5,63
28,18,28
16,2,51
11,15,27
8,15,20
34,7,51
26,18,7
27,9,47
44,15,45
44,22,16
47,22,5
49,19,43
36,4,60
35,18,34
47,19,40
58,22,44
20,16,19
4,10,15
36,19,18
30,18,4
22,16,9
5,0,57
40,21,7
35,13,42
33,18,0
9,12,10
42,20,10
22,4,61
14,15,7
29,19,31
34,4,54
43,22,15
13,17,25
30,18,12
31,18,9
0,10,9
23,3,53
35,20,16
29,10,46
34,19,21
12,13,10
29,19,23
18,3,50
19,13,38
24,19,24
12,16,27
12,13,9
39,22,20
38,18,0
40,16,41
37,19,19
33,5,54
2,5,42
26,17,13
36,18,4
9,5,44
28,18,10
15,15,20
20,17,32
17,17,24
59,11,61
44,14,47
2,11,19
5,12,34
11,13,4
18,15,35
53,23,37
19,18,27
42,21,14
32,19,20
12,14,34
6,13,31
14,15,24
19,2,58
40,12,46
48,22,3
36,18,34
50,22,2
17,16,22
0,11,19
51,20,43
4,13,21
38,19,31
17,14,15
37,17,38
13,14,11
52,18,45
11,0,54
28,3,56
33,18,36
33,15,40
59,18,48
45,21,34
41,5,62
35,4,61
46,23,19
32,18,34
29,17,18
10,3,48
50,11,54
26,18,9
17,6,46
56,14,53
4,12,33
8,11,15
9,15,28
4,8,39
5,12,6
60,21,45
31,18,10
45,22,2
27,19,25
45,6,59
28,14,40
37,13,43
26,15,37
37,19,20
11,13,37
34,20,31
48,8,56
33,3,57
21,2,59
38,21,11
29,18,0
27,13,40
36,5,56
33,18,2
21,3,51
9,13,11
20,18,30
24,17,4
26,18,28
0,6,38
29,18,11
24,2,57
0,4,41
18,15,13
9,13,17
31,7,50
39,20,17
22,17,24
36,4,56
32,20,29
34,19,31
11,16,32
24,13,41
26,18,27
34,5,54
18,16,23
0,2,61
27,17,3
7,5,45
29,13,42
3,1,59
33,18,1
22,12,40
45,23,23
30,11,44
23,16,18
30,19,32
54,14,53
41,20,12
9,16,29
38,20,18
35,20,20
42,21,22
49,18,44
37,7,52
38,20,31
39,19,15
15,8,44
48,22,12
31,18,17
0,8,36
62,13,60
11,4,47
38,20,3
53,23,9
13,1,54
3,0,54
23,16,19
56,13,56
34,19,30
8,3,60
47,16,45
60,11,63
34,18,0
8,15,27
52,10,59
14,14,11
14,16,32
27,3,53
5,11,13
40,21,12
10,6,43
31,11,45
11,14,2
28,19,26
44,22,24
11,13,5
45,23,31
9,15,23
4,10,13
48,23,15
42,10,50
39,7,54
6,1,48
45,15,47
49,23,10
6,14,23
11,13,11
58,13,56
30,5,53
54,21,42
39,13,46
58,18,48
53,8,63
10,4,61
58,23,42
41,5,57
20,15,8
24,2,54
20,15,19
22,3,53
18,13,39
28,18,8
20,5,48
32,18,15
9,2,47
21,18,26
28,18,17
8,11,38
3,3,47
9,0,56
24,16,7
36,13,43
5,13,29
39,17,36
47,20,37
24,17,2
4,13,30
10,12,35
27,17,18
8,13,20
34,19,33
25,18,9
3,2,46
23,7,47
34,16,39
4,11,8
7,2,59
52,10,57
7,11,36
41,4,60
39,18,35
28,16,35
63,17,51
42,21,4
43,22,7
8,1,57
45,23,21
38,19,13
47,21,35
10,13,8
51,23,14
51,22,4
25,15,36
6,15,24
34,18,7
47,22,13
32,9,47
14,16,28
1,1,48
6,0,49
19,11,40
13,15,23
35,11,45
47,12,51
45,12,50
19,16,3
13,9,41
44,19,36
40,21,19
32,18,4
37,11,46
62,14,57
52,22,38
30,4,53
18,15,33
34,18,16
1,10,3
52,14,52
53,13,54
46,23,25
38,16,39
31,13,43
10,10,39
17,1,56
19,14,35
4,10,12
13,14,2
40,21,26
12,13,34
5,11,2
1,2,46
28,20,27
41,19,33
5,5,44
34,18,2
35,19,32
38,6,55
39,20,23
29,20,25
18,11,39
32,8,48
25,18,29
58,12,58
12,14,32
19,2,53
1,11,29
57,11,61
52,17,46
20,2,57
21,7,46
23,15,14
8,14,25
34,20,13
35,7,52
21,3,60
22,2,56
0,10,34
21,2,57
4,13,25
11,13,15
35,18,19
10,13,12
19,17,23
57,22,41
37,19,14
19,17,33
12,15,33
14,6,44
14,7,43
29,18,16
29,19,33
18,16,22
16,17,27
4,12,34
35,19,16
2,10,10
56,21,44
6,12,34
50,18,44
27,17,33
23,15,36
56,23,39
51,22,1
23,11,43
19,1,53
57,17,50
44,22,27
7,3,47
32,18,9
38,8,52
13,17,31
7,12,4
5,0,51
57,21,44
0,10,6
53,23,5
50,21,39
45,10,52
14,14,17
56,14,54
60,16,52
20,12,39
19,15,34
40,21,10
50,16,47
39,4,57
43,5,61
46,22,33
6,11,35
51,22,9
2,9,12
26,4,61
40,4,62
42,22,29
19,2,59
12,9,41
10,8,41
50,23,10
38,18,1
41,22,20
10,1,49
53,20,43
44,13,47
41,20,8
51,19,43
32,15,38
57,18,49
28,12,44
10,13,3
39,20,18
1,10,0
13,5,63
6,12,20
37,20,24
34,19,17
36,20,6
9,15,30
47,12,50
35,19,14
36,18,5
47,11,52
42,21,1
35,21,19
20,15,10
37,9,49
28,5,52
3,3,61
15,13,13
5,13,19
18,18,31
6,14,19
10,13,17
29,17,5
4,15,23
32,6,50
22,10,44
20,15,15
28,17,3
3,10,37
16,17,32
8,11,12
2,12,32
27,18,0
11,15,25
23,4,63
7,15,24
8,0,54
10,15,29
22,3,61
4,10,14
40,20,15
14,13,36
13,14,19
13,2,57
45,22,17
17,15,9
47,23,13
56,14,55
47,23,23
61,15,54
31,6,52
38,6,53
47,6,63
39,20,20
5,0,52
27,11,44
40,7,53
44,5,60
52,23,38
36,15,40
17,2,58
46,11,51
19,14,36
62,17,51
33,18,32
27,13,42
34,19,29
12,15,23
45,8,56
37,20,25
3,12,30
49,22,36
30,17,36
30,12,44
47,9,55
5,11,7
21,16,4
51,7,63
27,3,60
3,0,55
54,22,41
13,15,33
31,19,18
0,11,21
56,20,44
26,19,20
16,15,21
29,3,59
14,4,46
3,13,28
0,1,46
18,15,14
34,14,42
50,22,6
24,12,42
47,22,14
33,19,30
54,8,63
29,18,25
7,12,16
23,13,39
4,11,9
52,23,10
31,17,17
48,22,11
38,20,13
31,4,56
24,16,16
22,13,39
29,16,37
3,0,50
10,5,46
4,14,29
44,22,29
50,14,50
52,13,53
50,12,52
20,18,32
45,22,30
58,16,52
9,12,12
4,1,58
42,22,30
17,13,38
49,22,6
37,15,39
19,15,2
54,22,40
12,16,24
3,11,7
38,20,6
49,23,9
13,3,48
45,21,6
57,23,43
18,13,37
53,23,7
25,4,63
21,16,1
57,11,59
11,16,25
37,20,14
35,18,15
21,16,22
17,10,42
50,12,54
23,2,56
17,5,47
52,23,5
25,16,17
23,17,3
36,20,13
27,16,17
10,16,28
32,7,50
43,17,42
22,16,0
33,4,61
47,22,9
42,20,3
62,14,59
30,20,24
57,14,55
9,15,25
34,5,63
45,22,9
42,13,47
42,6,57
3,11,11
33,4,56
13,15,1
56,12,57
33,20,16
38,21,29
3,6,43
10,6,45
39,20,31
43,22,26
40,20,6
35,18,0
48,19,40
42,21,16
63,12,63
19,16,5
46,23,29
40,20,1
52,23,12
4,10,16
31,19,20
10,4,47
30,4,54
0,10,1
2,1,49
60,13,58
49,8,60
24,16,0
39,6,55
37,14,42
37,21,17
4,8,40
42,6,56
45,19,39
21,15,35
60,14,58
18,17,25
33,18,16
5,3,46
48,6,63
55,15,51
23,16,0
61,21,46
10,0,52
43,20,5
20,17,28
45,14,47
60,15,55
34,10,47
43,22,5
19,11,39
45,8,55
31,19,19
25,18,10
19,11,41
11,8,41
44,22,31
17,2,52
33,16,39
51,16,48
47,9,54
53,21,43
27,17,8
47,15,48
41,15,43
29,20,27
35,11,44
49,6,63
49,21,40
31,19,10
19,14,37
13,15,0
32,5,63
29,18,17
31,18,31
42,17,40
31,4,54
26,17,7
4,13,22
45,23,27
0,9,31
35,8,49
30,3,57
38,4,58
40,13,44
13,16,28
29,17,35
38,21,25
32,17,1
53,19,44
29,20,24
7,11,17
7,4,60
27,16,36
48,7,60
26,17,34
59,13,57
9,5,45
14,2,50
20,2,56
31,18,0
43,22,13
42,14,45
62,19,49
4,4,46
36,4,63
25,2,57
51,8,61
14,8,43
34,20,27
32,7,51
13,13,35
26,16,36
37,18,36
17,2,53
1,2,61
36,19,6
19,9,44
39,13,43
29,18,18
0,10,17
30,4,56
25,18,23
2,11,7
49,11,54
35,9,48
16,15,8
37,20,13
33,19,24
33,18,3
13,13,17
23,3,61
32,20,18
36,12,44
53,15,51
39,21,6
36,6,52
48,8,59
5,6,44
32,20,19
25,9,46
16,11,38
46,21,34
33,17,0
43,22,21
49,18,45
40,5,60
16,1,57
20,3,50
23,10,45
55,12,59
21,16,34
23,17,20
10,0,54
8,15,31
48,10,53
22,3,62
28,6,50
11,5,45
16,18,26
45,23,24
11,3,47
54,18,46
28,12,42
47,22,7
52,17,47
44,21,0
7,0,56
36,20,27
43,6,58
37,19,35
15,1,51
2,11,34
24,18,28
59,22,45
20,16,10
24,16,19
26,16,1
15,9,41
22,19,27
14,15,19
23,19,27
11,12,16
22,18,26
12,13,13
30,17,8
27,17,11
18,14,13
38,19,7
13,9,42
37,20,31
31,19,26
42,21,30
13,15,24
30,20,21
39,5,58
25,10,45
29,14,40
15,14,16
4,12,18
10,15,28
34,20,22
57,19,48
24,16,17
32,18,21
31,20,23
30,18,32
46,22,20
58,16,53
21,16,6
30,6,50
40,22,21
21,3,53
63,20,48
35,6,53
35,16,37
62,15,57
27,16,14
27,17,7
21,13,39
26,16,14
40,20,8
40,21,29
46,22,11
34,4,58
49,8,58
43,21,31
9,14,33
47,10,54
30,18,24
53,23,12
10,15,33
27,4,63
3,5,42
17,2,57
25,3,61
51,22,3
38,19,34
31,17,16
34,17,35
17,18,26
15,8,43
11,16,23
42,5,58
12,15,20
24,17,10
24,15,38
38,20,4
11,0,53
28,19,30
61,13,61
1,10,4
51,15,50
5,12,17
10,15,23
37,12,45
12,5,62
15,17,29
38,4,63
24,3,52
22,17,31
49,21,1
47,23,27
39,5,56
32,3,62
37,19,22
7,13,8
35,19,2
50,22,11
27,18,2
17,17,31
12,3,47
2,11,29
14,14,13
14,14,6
38,20,32
11,14,35
43,20,14
23,15,15
10,16,26
20,17,29
15,13,35
25,17,20
18,14,35
39,21,18
7,2,49
50,21,40
45,21,2
23,16,34
51,23,34
31,18,16
37,21,19
5,5,45
45,21,35
38,16,40
42,15,45
42,7,55
7,12,8
53,19,46
35,4,59
16,17,25
11,15,32
0,11,30
25,18,22
50,15,49
1,11,31
11,1,57
20,17,31
46,22,13
32,3,59
34,18,5
29,18,30
4,15,30
37,12,44
39,20,24
2,12,22
1,10,7
2,8,37
15,8,42
25,18,28
39,11,48
9,1,49
47,23,18
46,22,34
18,11,40
53,12,56
2,14,26
4,11,0
44,22,12
48,23,14
56,9,63
42,20,5
21,4,50
29,19,9
38,12,46
51,23,3
10,14,19
25,14,37
40,19,4
7,8,42
59,16,53
18,17,21
26,17,6
16,7,44
36,14,42
47,22,11
27,19,19
52,19,45
2,0,57
19,15,19
14,14,9
7,14,31
18,15,11
39,20,21
18,12,37
47,21,7
7,1,56
22,17,9
43,14,46
37,19,13
35,19,18
26,6,49
51,8,62
0,9,11
31,18,8
11,6,63
8,14,22
28,6,51
20,18,31
43,21,23
28,19,11
45,21,18
39,19,18
18,16,33
12,13,14
2,2,48
40,19,11
14,14,5
22,18,25
53,12,57
30,17,33
16,2,54
24,18,27
22,16,34
42,22,19
24,5,51
0,5,41
46,7,57
34,11,45
33,4,60
50,11,55
5,10,37
31,3,56
9,14,21
11,14,1
36,4,62
26,18,24
5,10,17
24,2,59
18,1,54
55,17,48
37,19,8
55,16,50
5,12,35
7,14,22
39,20,30
24,17,5
3,11,1
11,1,54
51,20,41
27,18,18
63,22,44
0,2,46
38,5,56
31,18,13
41,8,54
47,18,41
45,19,38
22,14,38
10,0,55
1,12,25
36,19,15
6,12,33
26,18,25
8,14,32
19,16,34
41,8,52
8,15,32
23,19,25
9,13,9
4,1,59
49,7,62
11,16,28
33,20,19
25,3,57
11,16,30
28,12,43
35,18,35
25,8,48
11,1,58
44,7,56
17,15,14
31,19,28
44,21,1
45,22,31
11,14,22
32,18,17
9,4,45
53,19,45
33,12,45
12,8,43
43,22,6
57,20,45
57,22,43
7,14,21
25,16,1
10,14,20
16,4,48
18,2,53
6,0,52
3,13,27
34,19,26
39,19,16
30,4,62
4,11,20
55,10,60
56,23,41
8,8,41
32,18,18
39,15,40
0,9,4
14,13,16
63,16,53
48,17,45
23,16,6
49,10,57
19,1,55
36,16,40
48,16,45
14,14,4
22,17,6
25,14,40
24,18,6
28,7,50
24,18,10
15,13,37
13,14,9
24,16,5
22,6,48
2,10,16
7,12,34
53,14,53
47,22,32
10,0,53
32,18,35
35,19,8
27,18,27
54,20,44
27,17,0
12,13,16
7,12,1
2,13,23
22,16,8
40,21,21
9,12,13
3,9,14
34,17,37
35,5,56
40,19,36
30,17,19
11,13,3
46,10,53
7,5,44
1,10,9
31,19,27
21,17,31
28,11,45
33,19,15
6,5,62
9,1,56
39,12,45
24,11,43
55,19,47
0,3,44
36,20,26
41,21,12
38,18,33
51,9,61
52,13,52
62,17,53
37,18,3
48,21,36
13,4,47
8,8,42
9,16,27
11,2,48
10,15,20
11,16,27
55,14,54
27,17,5
18,14,16
23,16,9
11,2,49
21,17,7
9,5,46
10,14,32
21,16,33
51,13,51
3,0,51
22,2,58
44,23,25
46,7,58
15,16,26
30,19,26
27,19,24
35,18,10
23,16,10
51,23,35
32,19,25
53,13,53
10,13,34
37,20,9
7,14,18
9,13,3
27,5,51
21,17,30
46,7,59
27,7,49
3,13,29
13,10,40
49,23,19
26,18,31
18,16,31
58,22,42
54,23,5
60,14,55
43,13,48
42,19,34
23,17,5
34,5,52
24,16,12
29,17,6
34,12,45
26,4,51
17,15,32
22,19,28
7,4,47
23,4,50
36,18,37
21,17,24
27,18,12
13,15,3
23,5,51
3,9,36
16,12,37
31,19,32
53,13,52
38,21,15
8,13,21
43,18,37
59,16,52
45,21,9
28,5,63
5,4,61
48,23,19
47,15,46
28,3,57
8,5,61
25,17,14
18,16,32
19,2,51
0,10,19
30,19,27
36,20,31
16,17,31
46,18,42
2,11,5
5,10,13
32,4,63
45,21,12
24,19,26
29,17,2
16,3,49
14,5,46
31,18,15
37,19,30
46,22,16
57,13,58
17,4,49
7,15,30
30,17,18
26,17,32
41,21,16
24,3,60
32,13,43
36,21,17
11,13,12
40,5,63
15,17,30
7,13,6
39,5,57
41,21,3
44,22,32
48,23,23
2,2,59
17,4,48
0,9,36
8,16,25
33,8,48
36,11,46
54,14,54
47,21,36
18,16,21
4,12,20
24,6,50
61,12,60
35,5,55
7,12,12
18,5,48
14,13,14
36,17,38
31,3,58
55,15,52
31,19,25
14,14,1
5,7,42
60,23,43
38,14,45
36,20,29
5,11,15
45,21,10
33,18,37
22,16,35
1,12,24
8,12,13
50,16,48
20,13,38
21,17,21
17,5,63
44,21,2
7,12,0
26,16,35
2,1,59
11,14,20
19,13,39
62,21,46
38,19,32
24,17,23
0,8,15
39,21,25
7,15,25
17,3,61
40,5,62
47,8,58
53,11,59
46,21,1
21,5,63
41,17,41
19,2,55
35,19,12
