47,1,55
35,1,57
46,2,58
45,1,55
47,0,55
56,1,58
29,0,61
52,2,60
46,1,58
53,3,62
53,2,61
56,0,52
38,0,62
61,5,63
47,0,50
42,3,61
58,1,56
45,2,57
63,5,60
45,0,54
47,1,54
44,0,53
58,3,59
56,1,56
56,3,59
50,3,63
39,1,63
36,0,56
46,1,51
38,2,55
51,3,63
45,0,50
57,5,61
61,1,51
44,2,61
58,6,63
32,0,49
40,1,62
38,1,61
37,2,55
46,3,55
60,1,53
44,2,60
61,2,58
63,1,53
58,3,62
58,3,61
41,2,53
52,2,61
59,1,57
34,0,50
61,0,49
36,1,52
43,2,58
48,2,60
32,0,51
54,0,58
34,1,52
45,3,63
35,1,54
38,0,59
60,5,60
36,0,57
32,0,56
35,1,55
50,4,63
60,1,49
33,1,54
63,3,55
50,1,55
49,2,61
42,1,53
37,0,56
61,1,49
34,2,53
59,1,54
53,1,60
54,4,61
33,2,59
60,2,52
41,1,63
58,3,56
38,1,53
40,1,57
62,0,54
50,0,54
40,0,47
38,0,51
59,3,61
60,1,56
36,2,58
55,5,62
36,1,60
38,0,63
45,0,52
33,1,57
58,2,60
56,2,59
62,0,50
62,5,59
53,0,57
38,0,50
30,0,59
44,3,61
54,0,52
41,1,52
56,1,55
50,0,56
49,0,54
43,1,49
53,3,61
62,1,48
52,0,56
57,3,59
43,3,58
47,2,56
62,5,62
48,0,54
46,2,59
49,1,57
60,0,54
50,0,57
37,0,53
33,1,58
43,3,57
62,4,60
60,3,60
48,3,60
39,2,58
37,2,59
52,4,63
31,0,60
33,0,49
61,4,63
38,2,54
32,0,59
57,5,62
53,0,56
53,2,58
40,1,55
60,4,58
41,2,63
51,0,59
37,2,57
35,1,52
63,1,48
50,1,59
60,3,59
43,0,52
56,0,53
38,0,52
54,2,61
44,1,57
36,0,60
40,1,61
41,3,59
62,5,61
56,5,63
49,2,60
44,3,60
48,1,57
35,2,56
33,0,57
51,2,60
59,4,63
53,1,57
39,1,55
61,4,58
45,3,58
54,0,56
59,1,58
49,0,51
52,1,55
63,0,51
36,0,61
35,1,60
52,1,57
63,2,55
34,0,52
35,0,57
60,6,63
36,1,56
46,3,63
46,4,63
61,1,56
61,3,54
30,0,56
51,4,62
46,0,51
28,0,63
49,3,61
34,1,49
51,1,60
37,1,56
60,4,57
57,3,57
61,4,62
47,3,61
44,3,59
59,5,61
45,3,57
57,1,57
32,0,60
43,2,62
34,1,57
41,1,53
31,0,59
55,0,52
58,2,58
43,3,59
34,1,51
51,4,63
37,1,55
39,3,59
55,1,58
46,2,54
44,3,62
42,2,58
37,0,57
61,2,52
58,0,52
34,1,53
35,0,49
31,0,62
35,0,50
41,1,49
34,0,53
61,3,55
45,4,61
41,1,51
59,0,47
59,0,55
52,3,62
37,0,50
52,0,57
62,0,48
61,5,60
51,1,59
42,0,51
58,0,56
45,2,56
39,1,56
31,1,59
48,1,56
37,0,63
33,0,50
58,4,62
55,4,63
53,1,58
61,6,63
36,2,59
60,1,52
42,2,60
40,2,57
54,0,57
47,1,56
33,0,54
51,2,62
62,2,54
35,0,63
36,1,53
36,0,52
44,0,52
39,2,56
51,1,58
49,0,52
40,3,56
50,1,57
51,0,60
42,3,55
51,2,59
60,1,50
63,0,47
35,0,59
41,3,58
32,0,48
62,0,51
35,0,62
62,5,63
63,0,52
59,2,58
62,0,49
40,1,53
60,4,59
60,1,55
41,1,62
47,2,57
30,0,61
40,2,59
62,0,46
60,5,62
46,1,56
59,2,59
56,4,61
61,3,56
55,4,61
46,0,52
50,4,62
61,0,55
40,2,61
44,3,57
42,3,56
34,1,54
50,0,58
37,3,56
39,2,55
63,3,58
58,2,56
41,3,60
61,1,54
45,1,58
37,0,51
58,0,54
58,0,55
51,1,55
44,1,55
57,2,60
55,0,55
33,1,56
62,6,63
39,1,54
61,5,59
48,1,55
41,0,47
58,4,60
46,3,61
63,4,56
43,0,51
43,3,61
34,0,59
32,0,54
48,0,51
62,7,63
36,1,54
43,0,54
38,3,59
34,0,51
62,4,58
61,2,56
49,1,55
63,1,50
54,2,59
57,1,58
37,0,62
38,0,54
41,2,54
39,2,59
58,3,58
44,4,61
52,2,57
58,2,57
37,0,59
43,2,60
38,1,60
39,1,53
40,1,58
38,3,56
36,3,59
40,2,55
40,2,56
41,1,50
62,1,52
33,0,55
36,1,57
36,2,56
59,6,62
31,1,62
41,3,57
38,1,55
53,0,58
42,1,54
47,3,62
52,3,63
57,1,53
57,0,55
44,0,48
51,3,61
57,4,63
57,4,62
39,1,62
44,2,57
41,0,52
35,0,56
32,1,55
45,3,56
51,0,58
59,0,52
55,2,59
52,0,54
56,2,60
41,0,48
42,1,55
37,0,49
63,2,57
38,0,60
55,1,59
63,1,51
45,0,49
27,0,61
44,3,58
38,1,54
49,0,56
61,0,54
44,3,56
60,4,61
39,3,55
44,1,56
47,3,60
54,4,62
38,2,59
37,2,56
59,3,58
56,0,54
45,4,62
42,0,47
39,3,60
59,2,54
42,0,54
43,0,53
39,0,62
62,0,53
45,0,56
56,2,58
40,0,53
49,3,62
48,3,62
62,1,51
46,2,57
63,5,61
37,0,54
41,2,55
45,2,55
37,2,60
36,1,58
56,4,62
35,2,57
36,0,63
54,2,60
53,4,62
55,0,56
43,3,63
44,0,50
58,5,63
38,0,58
59,0,48
57,3,61
63,0,48
41,1,61
46,3,62
33,0,52
62,4,61
55,4,62
42,1,49
42,2,59
59,0,54
44,1,54
46,3,58
39,0,52
34,1,58
38,1,63
55,3,63
34,1,59
36,0,51
29,0,60
59,5,63
34,2,58
41,4,61
61,0,53
34,2,59
46,3,56
34,0,60
62,2,58
59,2,55
52,1,58
51,1,57
38,1,59
43,1,50
59,3,56
61,2,54
60,2,59
63,6,63
46,3,60
52,1,56
55,3,61
42,2,61
37,1,53
42,2,62
62,2,56
48,0,57
40,1,52
42,0,53
42,4,60
54,3,62
55,3,62
46,1,57
45,0,55
49,1,59
42,2,54
63,4,57
34,0,56
61,4,60
41,3,56
41,1,48
44,4,62
39,0,47
60,3,61
49,4,62
49,0,53
27,0,63
53,1,56
62,3,52
60,0,48
57,3,60
40,1,56
48,1,54
31,0,52
39,1,60
58,0,53
45,2,58
47,2,58
52,1,59
62,3,56
38,0,49
39,0,61
49,1,58
32,0,50
58,1,58
50,3,61
61,1,52
38,1,50
63,1,54
59,5,60
37,2,54
42,1,48
44,2,55
53,0,54
62,1,50
41,2,59
46,2,56
62,1,55
53,3,63
40,3,58
61,3,58
58,5,61
57,0,57
46,0,55
53,0,59
58,2,59
59,1,53
63,2,51
42,2,57
57,0,56
51,1,61
60,1,54
57,5,63
48,1,59
41,2,62
55,1,57
39,3,57
49,4,63
50,1,56
62,2,50
32,0,62
62,3,58
46,0,50
59,4,62
33,1,63
45,0,48
59,0,49
47,0,51
52,1,61
41,2,57
54,1,59
40,0,52
55,1,55
44,3,63
45,3,62
37,1,59
43,2,56
39,2,57
62,1,56
56,5,62
55,1,54
57,1,56
45,5,63
60,1,57
33,0,48
44,0,54
63,4,58
52,0,59
41,3,61
31,0,53
61,3,57
36,0,50
50,1,60
43,2,57
49,1,54
40,1,60
50,2,60
36,2,57
63,2,52
38,1,57
50,0,51
42,3,57
49,1,56
39,1,50
36,1,59
62,4,57
53,1,59
34,1,55
40,0,51
58,4,63
41,0,53
58,3,60
41,1,54
60,5,61
38,2,57
62,6,62
60,5,63
47,0,54
58,1,57
39,1,59
36,0,55
42,3,59
58,1,53
43,0,50
55,3,60
42,0,48
56,3,62
61,0,46
47,4,62
42,2,55
36,3,58
30,0,53
34,1,50
42,1,56
40,0,50
43,4,60
63,6,61
57,3,58
43,4,62
61,0,48
45,2,59
35,2,59
59,0,53
35,2,58
62,0,47
37,0,58
56,0,56
39,3,58
41,3,62
35,1,53
55,0,54
40,1,59
40,1,54
60,2,54
43,1,55
50,3,62
32,1,61
41,2,61
46,1,50
56,3,61
32,0,57
38,0,61
36,0,53
55,2,61
37,2,58
52,0,58
46,1,54
57,4,60
48,3,61
63,0,46
63,3,56
54,1,58
59,1,56
63,0,49
41,2,56
61,0,52
60,0,53
62,1,54
63,3,59
35,0,54
50,0,60
50,1,61
36,0,59
48,3,63
49,0,58
57,0,53
43,4,63
59,3,60
49,0,57
39,1,61
61,1,50
61,0,51
46,2,55
44,3,55
57,6,63
46,0,49
39,0,51
62,3,59
59,2,56
39,0,63
32,1,62
39,0,50
46,0,54
57,2,58
59,6,63
51,3,60
63,5,63
40,1,63
38,0,53
40,2,58
53,2,62
46,2,60
53,5,63
46,4,62
55,0,57
48,2,56
43,4,61
46,1,55
59,4,57
36,1,55
63,2,56
62,2,52
42,2,63
56,0,57
47,2,55
63,4,62
43,2,63
57,4,59
37,0,61
44,0,55
61,4,61
48,0,55
41,1,55
58,1,54
63,1,52
63,4,60
45,2,60
49,0,55
60,0,55
63,4,61
54,4,63
40,0,48
50,0,59
34,0,55
40,3,59
62,4,62
49,2,59
43,1,57
32,1,63
56,3,60
60,2,53
40,0,49
52,0,55
60,0,50
33,1,52
38,2,56
59,3,57
34,0,54
63,4,59
45,3,55
61,1,55
43,1,54
33,0,56
56,4,63
62,4,59
46,0,53
63,0,50
61,6,62
27,0,62
54,3,63
50,2,61
55,0,51
49,3,63
47,1,58
49,2,62
53,0,55
38,2,53
47,3,63
37,1,58
63,1,55
57,3,62
40,3,62
62,2,53
41,0,50
35,0,52
38,2,58
33,1,51
51,0,56
59,3,59
48,0,50
43,3,62
53,2,60
47,0,57
52,0,60
32,0,47
53,2,59
62,3,60
35,0,58
45,0,53
43,1,56
62,2,57
47,2,59
55,5,63
53,4,63
61,2,57
60,2,56
59,5,62
51,2,61
37,0,52
39,0,49
50,4,61
40,2,60
41,0,51
48,1,58
58,5,62
33,1,60
35,0,53
39,0,48
63,2,53
53,0,60
56,1,54
61,2,53
54,0,53
42,2,53
31,0,58
61,1,53
57,2,57
47,0,56
42,2,56
60,2,57
35,1,59
62,1,49
52,2,62
43,0,49
57,4,61
40,3,57
45,1,56
58,4,59
36,0,58
42,4,61
44,2,59
43,0,48
59,4,61
43,3,60
55,2,60
60,3,58
49,1,60
42,0,49
38,1,56
40,3,55
62,1,53
38,3,60
47,4,63
58,3,57
34,1,56
47,2,54
57,2,56
62,3,53
39,3,62
50,0,55
36,2,53
29,0,59
38,3,58
50,1,58
50,2,62
41,2,60
61,5,62
59,4,59
57,0,52
60,4,60
62,5,60
51,1,56
32,0,55
61,4,57
30,0,60
33,0,51
33,1,50
60,6,62
39,1,57
48,0,56
47,2,61
37,0,60
35,1,58
59,1,55
61,2,55
61,3,60
59,2,57
35,2,60
47,1,57
56,0,55
56,1,57
42,0,50
46,0,56
48,2,59
57,1,54
35,2,54
63,2,54
61,0,50
42,3,60
34,0,57
48,4,63
44,0,51
35,1,56
42,3,58
58,4,61
51,0,55
57,2,59
40,2,62
41,0,49
59,1,52
55,0,58
43,2,61
61,5,61
44,2,56
55,0,53
39,1,58
48,2,61
39,0,54
37,1,57
41,0,46
36,0,54
51,2,57
34,0,49
60,4,63
44,2,58
42,0,52
61,3,59
47,2,60
54,3,61
62,3,57
63,5,62
63,3,57
57,1,55
45,4,63
37,1,60
35,0,55
41,1,56
37,0,55
37,2,53
43,2,59
62,0,52
35,0,51
37,1,54
39,2,60
38,1,58
55,1,56
45,3,61
54,5,63
46,3,57
60,3,57
33,1,59
40,3,60
42,0,46
35,2,53
36,2,60
60,2,58
63,6,62
41,2,58
45,1,57
52,1,60
63,5,59
36,0,62
61,4,59
59,0,56
60,4,62
62,2,55
51,3,62
48,2,58
59,4,60
34,1,60
45,3,60
33,1,55
39,0,53
60,0,52
52,2,58
