19,8,5
14,9,17
44,4,48
18,6,23
8,9,10
41,8,55
4,9,41
51,3,52
62,5,59
57,4,62
30,13,60
13,9,13
7,10,28
27,7,37
42,5,41
3,6,10
4,7,43
38,7,46
40,6,46
43,2,39
23,11,44
42,12,63
39,4,32
9,13,51
44,4,40
8,10,36
38,10,51
38,8,52
26,5,29
33,14,62
27,3,4
40,7,54
14,8,16
3,6,9
8,14,59
26,0,25
61,1,51
19,6,29
20,13,47
3,7,38
9,10,28
35,3,33
22,10,37
6,11,51
6,13,56
3,6,5
25,5,2
27,9,43
17,14,52
13,14,50
34,1,31
40,10,61
8,13,53
21,5,0
15,14,51
13,9,30
43,7,57
1,12,55
50,1,43
25,13,51
0,5,42
17,7,25
1,11,57
26,8,37
37,6,47
12,9,22
35,9,55
24,6,5
57,4,59
4,14,63
31,0,9
24,9,41
47,5,48
51,6,63
22,3,15
37,8,45
4,6,43
17,7,19
8,6,2
5,9,29
23,11,46
1,7,22
1,9,53
58,5,57
16,11,39
41,2,32
35,14,63
28,13,52
12,15,61
17,8,11
32,1,16
27,16,63
23,15,61
59,4,60
26,6,3
35,7,42
13,15,59
33,1,29
42,4,37
22,10,40
49,2,41
29,11,46
34,11,58
44,3,44
36,2,2
36,12,60
34,11,56
31,0,10
41,7,47
62,5,62
51,2,53
8,9,9
56,4,60
25,10,45
60,6,60
35,5,34
51,2,47
15,10,12
23,15,62
11,11,17
11,6,1
5,15,63
49,4,58
4,9,19
11,12,37
25,6,1
30,1,28
15,10,34
21,5,1
36,2,31
57,6,60
29,0,11
32,0,9
9,9,16
9,11,16
2,10,27
3,6,8
36,1,0
48,2,41
11,9,17
18,8,30
63,4,60
28,14,57
1,6,34
11,13,50
17,16,56
42,7,56
55,0,47
31,0,27
5,9,18
22,6,9
21,11,41
37,3,32
11,14,52
21,16,58
15,13,45
30,0,26
36,0,31
2,7,31
44,7,62
29,13,56
4,9,27
0,2,43
7,12,51
4,8,50
34,4,35
20,18,57
1,11,56
1,7,17
23,4,16
32,0,6
2,12,60
17,12,41
30,10,44
24,3,28
28,5,33
27,2,9
18,6,24
12,15,51
26,14,53
9,9,17
38,7,49
48,3,40
2,9,54
58,3,58
31,1,33
36,5,32
25,2,21
28,0,15
33,12,53
31,13,63
22,5,13
9,10,32
14,9,29
16,9,30
1,5,10
14,9,22
31,0,8
56,6,62
37,5,42
8,10,16
45,6,47
1,8,30
23,5,9
7,15,59
13,13,42
21,9,35
16,10,32
6,8,8
9,13,50
4,5,0
29,13,55
7,13,54
10,10,44
9,10,41
52,2,57
38,7,48
21,14,53
21,12,42
13,6,0
34,8,41
47,1,37
1,5,43
17,11,35
15,9,28
42,4,47
58,2,57
28,12,53
7,9,33
24,4,24
13,10,31
35,11,59
21,12,46
33,0,4
31,2,1
38,1,1
5,9,38
25,3,14
47,5,57
41,6,44
5,7,5
16,14,47
39,6,40
30,15,60
50,0,44
24,10,44
7,12,41
43,5,45
36,7,42
0,6,49
8,10,40
52,3,63
11,9,12
8,16,61
14,16,55
36,8,50
2,15,62
29,0,14
35,1,32
18,16,63
30,2,15
19,16,62
5,7,6
43,6,50
17,12,43
38,8,49
10,10,23
14,16,63
6,10,21
40,2,34
43,1,32
40,7,52
23,3,27
55,5,60
53,0,45
19,8,17
15,13,42
36,1,32
60,4,59
57,5,61
19,8,30
54,0,47
11,14,49
21,16,61
17,7,18
53,2,56
21,9,36
49,6,62
45,1,35
35,11,58
41,10,63
11,16,52
5,7,41
3,9,32
43,0,32
13,10,14
46,4,44
48,2,48
23,2,22
25,5,31
27,1,27
2,11,55
15,8,18
63,5,61
22,13,47
27,2,27
4,14,62
29,3,2
35,5,37
19,14,47
29,0,16
12,13,49
38,5,35
40,1,32
16,9,21
28,4,32
24,16,59
15,12,40
1,7,32
16,14,51
0,4,12
43,4,40
42,9,54
19,8,33
19,6,13
27,1,28
60,4,57
34,8,44
11,13,44
9,10,39
38,1,2
37,10,52
12,9,10
19,5,14
0,6,32
16,18,63
8,11,31
29,14,60
15,8,4
2,7,13
2,9,26
37,6,40
57,2,58
58,0,50
24,5,18
34,8,49
34,12,62
41,3,36
2,7,47
4,9,13
36,0,2
24,1,25
4,7,45
19,16,61
56,3,60
49,2,49
42,6,54
20,16,56
60,2,51
37,1,30
12,10,14
21,15,55
34,11,55
44,1,32
51,4,61
23,13,47
17,12,40
63,0,49
10,11,42
10,10,33
56,0,53
34,8,50
62,0,49
62,5,61
13,13,44
36,9,51
7,10,21
24,2,18
44,8,60
20,5,24
24,2,25
0,6,27
42,0,32
38,7,42
16,16,57
36,5,38
51,2,49
11,8,11
34,0,2
7,9,46
14,12,42
59,5,58
30,5,37
33,4,35
24,15,60
25,3,28
27,0,22
18,15,56
49,5,57
21,4,22
0,7,51
58,4,58
54,2,60
30,6,34
51,0,44
16,8,28
9,9,15
15,14,47
53,2,61
51,1,49
20,5,12
38,0,0
21,16,56
7,9,45
14,12,38
1,5,34
5,7,11
11,10,24
13,11,34
46,2,37
45,3,38
47,0,35
32,2,32
12,11,37
15,9,31
40,11,62
22,3,27
0,7,26
38,3,34
41,5,47
32,10,55
3,9,36
1,9,21
59,6,61
22,7,31
20,4,27
24,3,29
20,5,27
38,7,47
17,6,8
18,7,3
49,1,47
31,12,49
28,1,17
11,8,7
37,4,32
41,6,41
15,15,49
25,12,45
35,14,61
54,2,59
25,3,16
2,8,40
27,3,28
0,4,1
34,6,39
28,1,27
10,15,62
20,5,22
19,7,11
14,9,28
18,9,34
12,15,54
43,2,35
4,9,17
6,8,7
30,12,53
0,3,40
28,13,61
58,0,48
38,1,31
6,8,6
6,9,26
35,5,38
18,14,52
10,13,48
34,9,51
33,6,37
29,11,48
31,0,7
22,6,2
28,6,35
54,3,55
32,0,29
2,7,17
21,4,20
28,5,2
31,9,43
42,11,63
34,11,53
42,6,46
26,0,27
36,3,32
4,8,7
30,4,36
23,13,48
25,15,56
32,9,42
0,10,58
19,6,17
28,4,31
40,11,61
56,1,52
9,11,41
0,6,16
54,2,53
25,15,62
34,5,33
3,8,23
46,2,46
28,10,43
32,12,56
26,9,43
9,9,11
8,11,35
46,4,45
39,7,50
41,4,37
14,15,56
34,9,53
14,13,41
11,13,49
31,8,44
22,3,24
4,8,6
12,10,21
0,4,4
9,15,54
32,14,63
3,14,61
19,6,19
51,1,40
41,1,33
24,4,14
10,8,4
23,6,2
49,3,41
17,8,20
3,7,11
4,9,12
28,7,36
8,13,56
5,6,3
13,7,6
2,8,29
39,5,32
9,16,52
31,7,36
4,11,25
17,7,23
4,8,11
17,7,10
16,7,3
27,3,15
1,7,25
32,12,61
19,5,20
7,8,6
6,8,44
34,6,37
41,4,41
52,5,63
20,8,33
32,2,31
24,16,62
26,3,15
41,9,53
54,1,48
18,6,27
21,4,21
27,0,27
32,1,29
37,6,42
40,5,40
9,7,4
24,15,57
52,3,62
12,10,31
0,4,5
8,10,26
11,7,4
29,8,40
1,6,43
7,10,30
5,9,21
3,6,13
28,0,14
26,0,22
46,0,37
6,14,63
8,9,42
4,11,55
26,2,20
21,8,33
58,3,57
56,0,52
13,8,23
21,5,11
25,6,2
28,13,56
9,12,48
28,6,33
3,10,25
60,6,61
30,11,52
5,7,43
42,7,51
42,4,44
55,2,57
16,7,12
25,16,63
11,9,22
3,8,51
23,10,41
25,8,37
34,10,58
17,10,32
5,10,30
16,13,41
3,5,1
4,10,24
17,11,39
44,7,61
2,9,24
14,10,22
7,11,29
0,3,42
2,6,15
40,8,57
25,8,36
47,3,43
35,4,36
12,10,20
36,1,30
3,8,19
13,15,53
25,4,30
56,5,61
15,10,32
5,7,7
11,13,46
25,3,20
24,7,32
25,14,53
61,5,60
2,6,6
25,8,41
16,7,10
2,7,51
24,3,13
13,8,25
6,7,43
42,1,31
38,10,59
17,8,16
16,16,53
22,14,49
36,8,46
17,6,16
50,5,56
52,2,60
22,13,48
24,16,56
12,15,50
25,4,17
30,13,61
21,6,8
9,9,9
34,7,47
39,12,63
57,7,62
35,9,56
19,14,43
22,17,59
34,9,49
8,7,5
30,0,8
31,10,46
23,3,26
32,1,31
52,2,58
0,5,32
48,6,59
50,5,62
43,8,58
24,14,53
10,10,22
34,10,55
61,3,57
19,7,31
31,12,57
0,6,34
58,4,57
3,6,2
17,15,51
1,6,42
12,16,63
17,7,15
25,8,38
26,6,36
21,11,42
2,7,26
9,15,60
10,15,56
23,9,36
7,15,60
45,2,39
22,3,26
45,4,47
2,8,50
23,3,12
33,9,52
0,6,40
33,7,37
26,7,37
62,5,60
18,8,31
11,16,56
46,6,59
2,9,28
38,7,51
42,8,51
24,1,26
48,6,62
54,1,51
10,10,32
37,9,54
44,7,58
2,6,30
40,3,32
47,5,52
38,9,56
28,13,57
4,7,3
30,4,34
47,6,61
17,16,61
22,11,44
43,4,45
15,16,62
48,0,39
5,7,10
6,13,55
11,9,14
33,11,52
0,6,48
23,4,8
13,9,15
39,10,59
46,7,63
25,4,20
10,10,41
21,4,28
26,4,3
8,12,49
25,3,10
18,7,6
36,10,53
23,1,25
25,1,21
16,9,31
11,12,45
12,9,16
3,12,58
28,3,15
22,5,19
26,10,44
9,14,57
29,2,4
30,6,35
17,18,62
5,15,58
30,4,33
30,12,52
33,0,7
19,9,35
41,9,54
11,11,14
50,5,59
2,6,12
29,15,63
46,5,45
47,5,47
28,12,49
20,4,19
50,1,40
6,10,39
20,6,14
59,5,57
48,2,43
27,4,6
2,8,53
48,6,61
44,10,62
45,3,43
11,10,19
49,4,56
40,6,44
15,16,59
36,9,56
22,15,57
43,9,60
62,2,52
1,6,47
11,11,37
60,4,58
40,5,42
17,7,28
38,7,54
16,10,34
42,2,34
4,8,21
41,7,53
11,16,60
28,5,38
38,11,61
15,9,16
10,9,28
59,5,61
26,9,42
52,3,53
15,15,57
40,6,51
21,5,8
8,10,30
26,8,41
48,4,55
11,14,45
9,14,52
59,2,56
44,7,59
5,9,50
47,2,41
56,0,49
0,11,58
56,3,59
33,9,48
18,9,33
14,16,61
1,5,48
53,3,52
1,5,8
47,4,47
34,9,56
54,2,58
11,8,9
24,6,31
20,5,1
56,0,48
24,4,5
14,16,59
35,13,63
32,2,2
28,1,11
4,9,7
3,6,11
17,9,30
44,5,52
42,9,56
6,10,26
21,5,6
42,7,49
3,7,31
3,5,0
14,8,11
2,13,62
14,10,32
0,2,45
43,10,56
13,8,11
33,12,56
59,0,49
37,12,62
30,2,6
22,15,55
24,10,43
49,0,42
39,1,1
40,0,3
23,10,37
2,9,19
21,3,15
21,10,40
21,15,52
20,7,32
44,9,63
2,7,39
49,0,44
22,14,52
18,6,12
29,5,38
26,7,34
8,9,8
29,2,30
57,4,60
25,2,22
0,8,30
13,9,19
17,16,46
4,7,5
25,2,24
61,4,57
6,12,30
33,3,2
18,8,32
62,2,54
0,5,31
0,4,45
0,7,30
31,3,32
27,1,21
58,0,52
22,8,34
30,1,8
36,7,49
26,8,38
43,10,58
54,3,59
37,7,46
3,10,26
60,0,53
50,4,55
31,8,41
36,10,52
35,3,34
37,8,44
8,10,39
39,6,43
21,10,37
36,11,58
38,0,3
22,3,25
60,7,62
14,16,58
29,2,6
40,5,39
35,0,2
4,6,41
21,16,59
42,3,41
26,7,33
46,8,62
30,5,31
14,8,10
28,12,50
18,6,20
31,13,56
23,12,45
3,12,56
6,9,40
61,3,56
13,8,20
37,7,42
23,16,58
27,14,58
27,3,17
12,9,15
2,5,45
23,2,16
40,3,36
31,11,56
27,3,29
16,6,1
34,0,9
28,4,35
22,13,49
35,6,40
46,5,46
20,13,46
42,4,42
24,8,36
6,10,25
42,5,50
34,7,42
11,12,42
32,0,28
20,15,54
12,8,9
50,1,41
8,11,49
36,4,35
53,3,57
45,1,33
13,14,52
18,14,50
2,7,22
0,6,22
62,2,53
3,10,27
26,1,24
36,8,45
14,10,16
45,7,57
7,12,35
62,2,56
32,13,59
6,9,18
0,13,62
1,9,19
28,11,49
12,13,44
20,4,25
10,11,14
55,1,44
18,7,9
26,15,61
12,14,53
17,9,18
51,1,41
49,3,47
24,3,26
9,8,7
31,11,57
2,5,46
9,11,38
41,6,46
30,9,42
10,7,4
29,6,38
25,14,50
11,12,46
30,12,56
48,3,50
0,8,26
10,15,58
2,6,48
16,8,13
47,1,41
32,8,36
0,6,21
11,11,45
44,1,35
3,7,33
21,9,34
6,9,37
29,0,17
8,11,37
37,7,49
4,8,36
16,8,15
5,14,60
15,11,38
4,14,61
14,8,26
23,5,4
32,13,62
29,4,4
52,3,59
21,16,62
54,3,62
10,15,59
7,10,27
50,6,61
21,16,63
39,0,0
6,14,61
41,11,63
57,6,61
48,6,58
31,9,45
22,5,15
8,6,0
31,4,35
53,5,63
43,8,61
54,1,58
38,9,54
36,7,50
27,14,54
18,15,51
23,3,20
2,8,35
26,6,32
18,7,15
39,10,58
20,6,11
0,5,47
22,9,38
2,5,43
22,16,60
32,0,15
25,1,24
6,9,48
47,4,41
1,6,41
8,10,12
18,12,42
24,3,10
12,12,38
2,6,8
50,3,55
33,9,56
33,11,56
54,2,52
1,7,33
1,3,43
27,15,63
43,1,36
15,8,8
21,5,19
13,10,11
22,12,43
21,3,16
8,9,46
56,0,43
57,5,58
14,10,11
24,5,22
21,5,2
18,14,44
19,7,29
17,15,50
18,11,39
34,13,60
17,7,26
13,14,47
8,13,52
5,11,25
17,12,42
12,9,27
46,4,49
52,4,63
14,6,1
2,13,60
50,0,39
2,7,18
20,14,45
27,14,51
4,10,26
6,10,33
39,6,45
19,5,16
5,9,25
0,8,21
39,3,36
30,3,33
4,8,37
23,14,50
14,14,50
28,0,24
26,0,21
39,7,51
23,8,36
19,11,40
39,2,34
1,7,21
38,8,56
24,13,49
15,9,30
46,1,37
1,5,42
22,9,37
41,7,44
34,10,52
24,4,22
12,12,46
40,10,63
9,10,46
28,12,56
22,5,28
26,6,30
9,11,37
23,13,46
28,12,58
41,5,51
14,9,18
26,1,27
44,4,47
17,14,49
45,5,53
17,7,27
53,4,63
38,4,33
32,1,32
4,10,27
11,12,47
20,5,7
2,5,3
47,6,56
41,9,58
3,7,29
33,0,31
38,9,51
47,6,58
15,14,49
43,6,48
8,11,38
37,9,56
24,1,19
2,6,38
1,12,59
32,2,0
28,0,22
43,7,55
32,9,47
38,6,49
9,6,1
16,9,12
18,7,28
4,9,25
40,8,53
18,6,15
10,9,10
20,9,36
58,6,61
22,15,56
6,9,25
8,8,3
18,6,7
51,0,38
22,14,53
10,8,7
35,1,0
31,6,35
13,10,16
1,6,18
37,10,60
34,3,31
44,4,51
12,8,25
19,15,46
7,11,21
29,3,31
23,3,15
16,14,45
5,10,23
1,6,28
52,3,61
28,3,3
29,10,45
4,10,41
58,1,52
2,7,33
45,7,63
16,6,2
41,7,50
14,14,46
0,3,43
6,10,51
31,1,5
26,0,24
5,14,61
50,4,62
11,16,62
57,0,46
10,12,38
45,3,45
33,14,63
35,10,55
24,4,15
33,8,44
21,14,48
36,8,53
50,3,50
46,7,61
5,9,30
29,2,15
37,3,33
57,4,61
55,0,50
1,5,35
4,9,50
26,6,33
4,8,46
3,9,21
27,5,35
35,7,40
21,3,26
9,15,53
37,2,32
43,6,49
44,8,63
21,5,24
10,10,26
49,1,46
8,9,16
0,7,53
29,3,32
40,5,43
28,4,0
31,0,26
44,5,45
22,5,30
48,1,46
50,3,54
12,11,24
18,14,49
36,6,39
7,10,25
58,6,60
8,12,27
25,12,47
13,11,21
13,13,46
3,13,61
2,7,23
23,2,25
29,12,60
23,3,16
18,7,18
32,10,57
21,7,7
13,8,19
3,10,54
18,6,22
45,4,49
45,0,33
55,1,51
23,14,51
26,3,6
32,0,4
11,11,44
59,0,53
10,10,27
17,12,39
15,16,63
14,12,40
22,2,26
38,11,60
2,12,57
48,0,37
35,1,2
26,14,51
15,8,28
30,7,36
2,6,4
28,1,10
37,0,3
8,11,16
20,6,18
1,8,19
0,12,59
12,10,25
28,14,60
16,16,52
29,4,6
20,6,13
52,5,60
15,15,52
53,2,60
5,6,0
13,7,4
41,7,52
55,1,55
17,6,2
1,11,58
43,5,40
42,11,59
34,11,57
36,10,56
15,14,50
7,9,39
51,4,59
8,10,21
46,3,40
55,1,45
40,0,0
50,4,53
41,5,50
18,7,10
4,6,10
38,7,52
60,5,60
50,4,57
28,6,36
10,9,26
45,2,41
42,10,63
24,16,60
52,4,61
54,2,57
32,8,39
6,7,42
4,6,42
9,12,51
30,0,27
37,8,50
5,13,59
0,4,6
45,8,63
53,0,47
54,1,57
37,11,58
7,9,13
30,9,43
39,3,35
14,13,43
17,6,7
34,2,33
45,3,46
26,1,16
3,8,27
47,1,40
22,6,4
5,12,55
4,10,51
10,15,61
46,5,48
4,7,46
32,8,42
19,10,35
21,6,29
8,10,24
45,3,42
22,5,10
6,12,56
1,4,46
38,10,52
2,5,7
0,6,2
47,2,42
14,9,31
20,14,50
31,11,52
55,1,48
63,2,53
36,8,52
54,0,42
15,8,17
13,15,50
24,13,50
2,6,41
31,1,32
41,6,45
50,1,44
11,14,53
3,10,24
22,5,18
11,8,4
7,9,10
21,4,27
43,8,63
15,8,13
24,3,24
26,15,57
5,13,58
5,11,53
27,0,23
27,13,55
31,6,36
23,14,52
50,2,41
0,4,43
13,8,5
55,6,63
34,8,51
12,15,62
18,7,20
45,1,40
48,5,61
37,7,44
27,14,60
33,0,28
63,3,58
3,12,55
37,8,55
46,1,39
8,9,3
19,7,13
7,8,8
31,12,53
28,5,34
0,6,19
61,4,59
24,7,35
32,9,50
24,5,6
28,3,1
15,8,23
2,8,20
6,11,29
17,16,58
14,9,21
38,9,53
14,7,2
33,6,36
36,12,59
33,1,30
24,4,16
22,3,16
8,8,6
1,5,12
14,15,57
2,7,50
43,2,36
28,3,33
3,7,36
1,6,36
23,3,22
48,3,48
25,5,29
6,9,20
18,6,0
23,4,29
13,13,40
12,9,26
1,5,39
49,3,48
28,1,28
32,5,35
35,0,30
62,3,55
39,12,62
2,6,10
27,1,18
28,0,28
15,7,11
0,2,44
33,3,32
36,10,57
34,9,54
28,15,61
36,6,41
32,4,33
42,5,51
13,15,57
24,5,2
34,9,50
1,7,52
43,5,47
59,1,54
18,13,43
40,1,31
48,2,46
27,12,48
62,3,57
44,3,48
41,8,53
18,6,8
15,13,44
7,11,49
54,4,61
26,12,45
15,9,12
35,7,39
51,0,39
47,5,59
30,3,15
34,6,42
1,7,31
17,8,22
15,8,9
45,3,49
18,9,31
43,5,41
16,8,23
20,6,5
7,12,21
34,11,54
27,4,3
9,9,14
22,7,34
30,14,56
23,2,27
17,6,5
28,12,54
39,7,43
40,4,37
30,7,40
32,1,1
28,2,5
19,17,63
46,0,31
47,0,39
36,13,63
53,3,62
5,8,27
31,10,57
46,2,40
15,13,41
37,8,53
41,9,55
19,16,63
23,4,15
1,4,3
45,6,54
22,16,61
7,10,46
46,1,40
28,8,39
5,8,40
53,1,55
51,4,55
53,2,51
34,7,46
10,15,55
36,14,63
53,1,53
14,15,53
9,15,52
58,5,61
0,5,49
15,8,29
5,11,28
25,16,61
13,12,42
30,2,32
7,10,34
18,6,16
31,0,29
27,8,40
25,15,60
11,10,25
37,8,46
39,4,36
50,0,45
7,10,24
2,6,36
24,4,29
39,11,61
39,10,60
24,8,35
32,10,53
9,10,17
4,6,0
12,11,35
43,0,31
0,4,46
7,8,7
63,4,57
13,9,21
0,8,31
9,10,19
60,2,56
58,0,46
5,9,28
34,6,40
3,8,49
17,15,57
29,3,30
18,6,17
40,5,47
40,6,41
16,12,39
31,8,40
11,16,61
49,1,45
32,10,58
45,0,32
48,0,40
7,8,11
32,9,48
26,3,16
39,3,33
37,3,34
27,4,32
11,15,50
43,3,38
40,6,48
26,13,50
61,2,53
10,12,49
4,8,5
33,0,30
6,7,4
9,10,31
24,4,17
4,6,7
12,12,41
41,10,61
0,4,40
45,3,41
14,8,21
31,2,0
45,4,45
1,10,54
2,5,4
35,10,57
30,8,41
38,11,63
46,5,42
49,3,53
28,14,59
22,11,40
49,2,45
63,7,63
31,13,54
22,11,45
4,7,15
14,10,13
16,9,11
31,3,4
6,12,25
15,9,27
23,7,5
14,14,40
38,5,34
20,6,12
20,5,13
49,3,44
4,10,29
22,6,5
20,9,33
21,14,49
37,11,60
2,9,29
13,7,2
21,3,27
2,14,61
56,6,63
9,10,13
52,3,54
19,5,18
12,12,45
24,2,24
47,2,38
27,12,51
10,12,46
28,1,14
1,7,18
10,15,60
27,4,4
3,7,50
37,5,35
39,4,40
63,0,47
63,6,61
25,0,26
38,6,45
18,10,36
32,3,34
5,12,25
3,9,51
49,4,51
37,8,49
13,8,26
11,11,43
30,2,31
24,9,42
19,6,26
6,8,42
26,3,14
42,5,52
59,7,63
4,9,34
24,3,15
31,2,31
32,0,16
45,8,60
5,9,48
4,8,40
7,10,49
14,15,54
5,9,39
6,11,54
59,4,57
37,5,36
33,9,50
53,3,61
8,14,58
56,1,54
0,6,29
25,10,42
20,15,46
15,13,40
16,16,59
0,5,38
30,11,56
28,2,30
53,1,47
27,5,3
55,1,49
26,2,8
33,5,37
28,3,5
23,4,11
17,8,23
25,4,7
16,13,44
1,4,10
21,14,46
36,4,32
40,5,41
41,4,40
39,1,32
16,7,9
2,5,11
29,3,35
44,10,58
6,7,10
54,3,60
62,0,48
4,7,47
60,3,58
20,6,30
12,10,10
10,6,0
19,17,57
8,11,33
34,1,3
31,8,36
27,14,63
19,14,44
52,5,59
19,14,53
3,6,39
0,7,52
43,3,42
21,5,10
6,6,2
7,9,28
17,6,17
11,9,21
5,8,7
24,4,21
42,9,61
33,2,2
19,6,22
17,7,13
2,10,25
22,4,16
14,10,17
16,9,20
27,6,35
11,10,28
37,6,44
30,3,2
43,5,49
22,4,14
2,7,37
44,6,52
33,13,62
26,5,2
8,8,9
17,5,0
6,13,53
10,10,42
36,6,42
28,0,21
27,1,19
25,5,6
7,11,28
48,0,36
9,15,56
46,5,47
36,3,33
48,5,53
14,11,22
20,13,44
15,13,46
15,14,40
12,14,51
31,11,51
28,5,5
0,14,59
11,12,38
24,1,24
4,7,44
41,9,56
24,15,61
3,13,63
27,10,43
11,13,47
13,10,34
45,9,60
4,9,22
2,8,17
35,7,44
55,4,60
0,7,20
29,5,35
30,12,61
14,5,0
39,6,53
33,13,59
27,4,0
40,7,46
59,5,59
50,4,59
26,4,16
10,12,48
44,8,61
11,16,51
61,1,53
24,10,41
8,14,57
5,10,29
12,16,57
41,6,51
22,5,9
15,8,21
24,2,16
19,11,38
16,16,56
8,10,48
46,4,48
32,4,34
47,3,50
33,7,40
31,8,37
37,10,53
33,12,58
53,1,51
27,10,45
20,5,28
62,6,61
47,6,54
17,6,18
39,7,42
25,11,45
25,4,0
36,2,1
32,9,41
5,9,22
62,1,49
4,7,48
7,11,52
24,14,55
27,11,48
4,6,1
49,0,40
24,8,37
1,11,54
1,6,16
10,9,13
39,12,61
19,6,9
20,16,58
8,10,32
9,11,47
43,8,56
32,9,45
11,7,3
47,3,44
51,3,54
51,5,59
51,2,50
26,14,56
11,15,62
53,2,58
35,5,39
9,10,25
20,12,42
28,13,53
43,5,44
11,11,33
16,10,33
18,6,19
0,11,54
17,15,46
24,6,33
12,11,19
38,8,53
16,7,24
15,12,38
20,7,10
7,6,1
26,12,47
4,8,17
30,8,39
19,10,32
24,4,19
47,6,57
36,5,41
23,5,20
59,0,51
43,5,48
18,15,46
21,6,2
27,12,50
51,5,58
11,10,18
30,1,7
3,7,27
1,4,8
16,17,62
45,4,42
5,11,55
36,5,39
31,10,49
17,11,36
47,2,45
2,8,28
0,4,33
13,13,41
39,6,48
13,9,28
30,13,57
37,7,43
3,9,52
18,6,18
4,11,56
43,5,46
31,0,31
20,6,8
22,6,10
12,9,19
28,0,13
37,7,50
0,6,51
25,0,24
41,3,39
27,0,26
5,8,31
7,10,22
36,13,61
3,10,28
22,14,54
24,12,45
56,6,61
15,12,37
45,7,54
14,6,0
23,5,22
45,5,43
42,11,62
35,11,60
6,10,16
11,12,36
26,7,40
22,11,43
38,8,48
39,2,29
51,0,43
25,1,20
19,5,0
13,12,38
7,11,50
27,2,17
10,10,20
55,1,54
31,0,12
3,9,22
60,0,48
17,6,19
1,12,61
17,6,21
0,5,12
8,9,43
5,10,27
25,4,3
47,0,33
36,0,30
6,8,39
27,1,15
11,10,13
28,6,38
12,14,47
45,2,36
22,4,13
12,9,31
46,2,45
21,5,4
41,5,46
21,6,5
14,10,18
7,14,63
23,13,49
12,9,24
18,7,30
5,9,17
25,6,33
26,14,52
17,9,32
11,9,18
36,7,37
0,3,46
42,10,60
14,15,52
1,5,4
6,8,10
0,12,58
27,2,29
10,10,14
0,3,2
24,5,16
47,6,63
12,16,60
53,2,54
1,5,46
35,10,56
52,2,61
40,4,38
7,15,61
18,13,47
17,8,30
35,12,62
18,6,28
13,9,25
52,4,59
27,4,33
12,15,56
1,8,53
6,13,57
7,10,29
23,9,38
19,12,42
24,12,46
23,11,43
35,8,49
42,6,51
34,0,30
31,0,5
30,2,33
9,12,49
11,11,18
38,2,1
50,0,37
25,1,18
24,4,28
32,7,38
15,7,8
33,8,39
8,12,44
6,15,62
15,7,7
21,5,16
26,14,61
63,2,54
27,15,62
12,8,28
20,14,52
19,4,26
20,4,15
23,9,41
27,13,48
31,2,6
62,3,53
6,8,11
4,10,30
1,6,38
13,16,58
3,10,55
27,0,21
38,5,43
24,15,49
35,9,50
1,7,34
2,11,58
40,10,62
20,16,60
7,9,30
7,8,43
9,9,44
22,4,11
27,7,39
27,13,53
44,9,60
33,8,47
59,6,63
35,0,1
37,5,41
29,11,49
46,3,46
21,4,17
23,3,28
21,5,28
41,3,34
18,6,6
42,3,40
22,12,45
3,6,12
9,10,43
15,8,22
51,4,57
29,1,8
37,6,38
41,5,49
52,5,61
24,5,0
22,5,14
40,10,59
21,5,22
8,9,11
58,5,58
0,8,29
49,4,55
32,1,30
25,13,49
50,6,63
24,5,20
21,13,47
52,2,59
45,0,35
6,11,50
7,6,0
2,10,26
5,8,48
51,5,62
3,5,42
8,10,42
61,7,63
15,15,53
7,9,44
25,1,25
56,4,63
38,12,60
52,2,51
61,6,60
33,10,54
46,3,44
7,11,30
17,17,63
26,1,18
51,4,56
6,8,5
44,6,53
16,15,52
57,1,54
2,7,35
32,12,53
12,10,17
8,15,58
30,2,30
26,13,53
38,1,29
29,4,35
17,7,2
35,12,59
26,14,58
35,7,43
33,12,57
18,6,4
35,13,60
27,14,59
5,9,9
36,11,61
23,2,20
35,0,0
2,13,59
29,2,29
36,9,50
53,0,43
30,6,39
9,11,44
29,1,16
63,3,57
35,0,29
35,8,52
15,12,41
2,5,0
45,5,52
38,4,32
20,11,42
31,10,44
28,0,9
51,3,61
13,14,51
11,12,41
21,8,32
38,2,32
40,7,55
41,6,52
11,7,1
46,4,42
63,3,56
46,8,63
18,8,17
16,7,4
15,11,37
13,15,52
46,5,54
35,7,47
29,4,36
6,9,14
30,1,14
1,4,45
46,7,62
6,10,27
25,13,52
15,9,19
6,9,46
0,5,36
1,7,40
11,15,52
8,11,47
32,11,51
6,8,45
51,2,51
14,13,45
35,9,51
29,1,12
19,13,44
19,7,30
4,6,11
11,11,38
4,8,22
25,4,6
18,6,2
36,7,48
46,6,55
48,3,49
27,3,5
17,15,54
32,3,32
1,6,50
15,7,19
43,4,50
29,0,18
0,7,35
23,16,59
48,5,55
46,1,36
31,13,57
42,4,40
33,12,59
32,11,59
8,12,43
32,2,3
55,3,60
17,7,6
58,1,54
7,9,18
18,11,38
28,11,44
17,9,31
29,12,58
18,16,62
49,5,54
27,13,60
16,7,7
20,5,21
44,4,41
29,4,1
28,15,62
9,12,44
58,6,58
19,6,12
17,7,9
17,8,18
50,2,51
33,0,10
42,5,53
4,10,34
1,6,26
18,7,7
52,1,51
32,10,48
6,14,53
6,14,60
37,9,53
8,13,50
25,5,1
25,15,55
6,9,22
28,4,3
20,15,58
28,1,16
2,7,20
44,5,48
5,8,29
1,9,54
15,9,14
31,11,55
34,4,34
38,11,62
41,3,35
16,7,27
16,7,5
22,10,38
22,13,46
4,6,5
42,5,49
24,2,27
21,6,19
62,3,56
50,3,53
9,7,2
16,9,22
34,12,53
49,0,36
2,7,14
11,11,20
7,9,43
33,8,45
11,15,59
27,6,39
40,7,44
16,7,18
40,6,50
30,0,10
0,4,32
15,9,20
36,7,36
26,13,51
42,9,58
8,10,22
11,9,20
16,13,46
50,1,45
19,6,8
25,4,4
15,7,26
22,8,33
37,2,31
25,1,17
1,9,26
17,7,7
26,2,21
32,13,58
3,7,42
6,7,8
39,11,60
25,2,12
38,7,44
9,12,50
0,5,40
54,1,53
19,6,14
26,7,35
35,6,37
53,2,57
29,4,32
36,8,55
27,1,17
13,13,45
29,3,33
34,2,1
43,7,53
7,14,53
6,11,28
14,8,13
1,13,60
31,10,54
50,3,59
21,6,23
4,6,4
24,3,23
53,0,44
26,11,47
28,11,50
25,14,58
44,10,59
19,7,19
41,0,28
7,13,51
36,4,37
29,12,49
22,10,42
55,1,58
11,15,60
3,10,53
9,8,10
33,11,58
39,6,47
8,16,57
7,10,39
18,9,32
39,5,38
40,6,53
24,3,12
2,6,42
22,5,7
56,1,51
44,5,44
23,2,19
18,12,41
7,9,19
41,10,62
55,2,52
54,0,52
50,4,60
12,11,38
6,10,20
28,10,44
14,10,21
6,10,14
38,4,37
32,11,57
12,15,58
49,0,38
16,15,50
5,10,51
8,10,17
2,5,9
26,2,10
32,9,46
25,10,43
60,5,61
11,11,36
39,8,55
29,12,53
51,4,60
44,7,54
25,5,4
8,10,44
63,4,59
19,5,19
31,12,56
24,2,22
1,6,48
0,5,46
44,3,36
21,7,33
4,8,29
45,7,58
60,1,52
3,7,47
4,9,51
11,15,58
54,0,49
24,11,43
42,5,46
26,4,6
28,5,35
24,2,20
32,10,44
29,2,8
51,0,42
34,3,33
43,9,63
7,10,32
54,3,63
13,16,63
37,0,2
0,9,21
50,5,57
8,10,28
26,13,59
25,6,31
36,7,44
39,8,50
3,7,12
19,5,23
38,5,39
41,3,33
43,8,62
5,9,35
23,5,15
41,5,41
27,13,59
46,2,43
27,6,34
5,8,41
9,11,45
0,12,57
51,5,57
21,6,15
20,15,45
19,6,6
24,5,7
27,3,16
11,11,40
19,8,32
58,7,62
27,11,44
0,8,17
24,13,47
3,8,41
22,6,7
24,1,22
37,6,48
43,5,53
7,10,10
25,15,57
30,5,35
18,15,57
39,7,45
4,13,59
25,4,16
21,13,44
7,9,15
61,1,50
48,1,45
16,9,29
47,6,55
6,11,53
52,0,47
4,8,45
17,7,4
19,16,59
8,13,54
47,4,42
39,4,31
35,1,1
16,17,61
2,6,35
49,4,54
7,14,57
41,1,32
2,10,56
26,8,40
26,5,33
47,7,62
3,7,43
56,1,56
0,4,36
58,2,56
32,12,54
18,17,61
7,11,51
29,1,15
54,0,46
37,4,33
8,8,5
27,14,52
54,4,62
48,6,63
23,6,31
0,3,44
25,2,27
10,12,47
37,0,1
40,9,59
22,6,31
26,13,48
48,5,56
32,8,45
2,8,30
24,4,20
14,9,16
22,5,6
43,5,50
37,12,61
30,1,5
26,15,62
11,9,29
38,3,31
42,5,44
39,11,62
39,13,62
28,13,54
7,10,16
55,1,53
35,4,33
14,8,20
62,1,48
46,0,34
46,4,43
41,5,40
23,3,21
0,9,56
37,8,48
45,8,55
21,4,18
51,1,47
23,5,6
19,6,15
13,5,0
17,13,46
62,7,63
38,9,52
10,13,49
24,15,58
13,8,8
6,11,49
31,1,29
20,6,17
38,7,53
0,4,38
20,6,3
0,7,29
14,14,45
15,7,4
14,10,14
48,3,44
1,15,62
1,10,53
9,12,52
39,0,2
30,2,7
9,5,0
30,1,4
9,11,43
22,3,21
30,10,43
8,8,4
5,10,49
55,2,59
21,16,57
22,7,4
13,8,28
43,7,49
15,14,41
20,14,47
58,4,61
20,5,25
32,13,53
59,6,58
3,7,8
23,7,4
41,6,48
17,10,35
57,5,62
27,2,10
1,4,40
47,1,39
25,3,29
20,6,28
34,10,53
44,1,34
19,16,57
12,10,19
27,4,30
37,6,39
7,8,45
41,0,29
29,2,5
10,11,40
16,7,28
6,7,5
21,14,47
41,5,42
10,9,18
61,5,61
45,0,34
35,0,31
47,0,36
12,12,43
7,10,14
12,16,59
27,2,13
50,0,36
15,9,11
5,9,15
37,0,29
26,7,39
24,4,7
17,9,34
5,7,8
27,13,52
18,6,11
61,0,47
24,9,36
0,6,31
41,12,63
33,0,16
12,16,62
46,4,50
36,3,34
32,7,42
30,5,36
16,7,17
34,8,45
10,10,25
0,10,54
34,8,40
35,13,62
4,8,12
42,3,39
21,14,52
22,6,13
5,8,8
24,4,11
11,15,54
0,3,39
6,6,0
0,3,0
5,9,19
7,10,19
40,3,33
2,7,48
16,8,17
39,1,31
34,1,32
13,11,20
21,6,1
56,2,58
2,7,29
19,6,7
7,12,29
12,10,18
16,14,43
23,15,57
45,2,42
29,5,31
37,4,38
1,7,15
23,16,62
44,4,42
52,0,46
5,8,16
16,7,11
37,13,63
10,7,1
63,5,58
31,14,60
38,0,5
20,10,35
30,9,40
11,15,55
31,1,3
29,14,61
33,10,58
31,0,16
0,11,61
51,0,45
14,9,19
26,1,17
25,6,32
19,10,38
35,5,36
25,4,29
30,13,62
8,10,34
17,8,19
24,3,14
1,6,14
29,2,13
13,11,36
7,13,53
3,8,31
31,5,36
26,4,5
9,10,20
7,10,20
39,6,44
27,8,41
60,6,62
1,8,31
6,11,25
1,10,55
46,2,41
3,5,7
23,5,7
8,11,42
49,4,57
33,4,34
27,4,29
10,9,23
47,3,49
38,5,38
20,13,48
63,2,52
62,6,62
40,4,41
6,9,45
12,15,53
18,12,40
23,5,23
13,16,61
23,7,34
46,0,39
4,12,58
1,5,11
33,13,60
45,5,46
20,13,45
27,2,15
12,15,57
62,6,63
7,14,58
33,2,32
18,13,46
32,0,8
35,10,54
29,11,50
22,6,23
38,7,50
59,4,59
4,9,16
24,5,30
18,14,46
22,3,20
14,9,15
20,14,49
26,2,17
42,4,38
20,8,34
22,16,58
23,6,32
14,8,8
14,7,8
49,7,63
50,3,48
50,3,49
0,3,3
12,7,5
32,3,3
40,10,56
24,8,33
32,9,51
6,12,28
16,6,0
27,6,37
52,2,56
7,9,26
35,7,41
3,7,39
37,11,62
39,3,31
38,4,34
10,11,37
3,7,32
1,8,32
2,8,25
28,2,9
54,4,63
10,10,19
27,13,57
5,8,43
21,12,43
29,5,37
46,3,42
22,5,4
33,7,44
17,7,14
1,14,62
24,2,17
20,9,34
10,10,16
14,10,34
63,1,47
46,7,57
6,14,59
0,4,0
25,1,19
2,12,59
16,11,37
4,8,20
30,10,50
59,0,48
51,3,60
15,16,58
23,7,32
33,4,32
45,7,60
7,9,29
0,5,33
12,9,28
15,8,26
27,5,5
39,2,32
9,9,10
19,6,28
5,7,2
9,10,35
37,11,59
16,8,21
28,4,33
32,10,49
8,10,29
41,8,52
15,6,2
27,1,13
4,8,38
12,16,58
26,1,21
31,13,60
35,10,53
44,1,37
23,16,60
25,2,15
53,4,58
61,4,58
51,4,62
17,7,3
13,10,33
39,0,28
21,15,56
2,7,25
34,4,33
4,8,10
23,4,24
1,8,25
52,0,40
24,16,58
6,10,22
22,3,22
63,5,60
52,2,49
28,4,30
27,2,16
21,14,45
1,8,24
30,11,59
1,9,18
19,8,12
6,10,41
26,4,17
12,8,10
9,8,5
23,15,55
25,0,23
5,8,5
28,8,41
25,5,5
17,14,51
5,9,16
9,10,42
36,6,36
34,7,44
29,4,5
45,5,45
21,6,10
2,5,2
38,0,29
47,4,48
59,4,58
26,4,29
43,1,33
19,13,45
37,7,48
12,15,59
32,6,34
1,5,49
42,6,50
3,5,6
60,7,63
17,6,23
10,13,47
33,1,32
22,7,32
55,2,58
24,7,34
27,7,40
30,9,47
23,1,24
54,2,55
27,4,1
41,3,38
14,14,51
7,8,42
56,4,62
29,7,39
2,7,30
10,13,52
10,14,52
6,10,30
0,7,18
18,11,40
0,5,11
2,6,45
34,6,38
26,5,32
15,10,33
44,3,40
7,15,63
31,1,15
8,10,31
45,4,51
10,14,54
5,9,33
19,14,49
11,9,27
54,5,61
8,9,7
32,11,53
18,16,61
5,8,44
25,4,21
27,13,56
0,6,25
6,9,28
48,0,38
10,16,52
8,10,18
25,8,40
40,4,40
8,15,52
12,10,33
11,5,0
1,6,51
46,6,56
38,2,33
36,6,37
5,9,32
61,6,63
17,6,6
14,8,6
32,12,52
2,6,31
28,1,7
28,3,32
8,15,54
20,14,51
57,1,56
29,13,51
20,6,23
38,12,63
44,3,45
14,16,56
21,15,53
19,17,59
8,16,62
40,9,60
50,4,52
27,5,0
24,1,23
1,7,38
25,4,14
4,7,1
33,10,49
12,13,45
4,13,57
35,8,50
37,3,35
15,13,43
24,15,62
48,2,45
3,8,28
53,1,57
46,1,38
22,14,46
21,5,12
27,1,8
36,8,49
44,7,55
29,1,9
25,3,11
7,8,12
7,14,62
17,14,46
41,5,43
9,10,33
32,1,4
9,15,59
7,10,33
47,3,42
8,10,14
7,14,59
13,15,51
50,5,58
5,7,3
13,15,55
29,3,6
4,7,42
54,2,51
51,0,41
9,11,17
1,7,50
56,1,53
14,8,29
5,9,37
22,2,25
3,8,24
27,3,7
33,10,48
1,6,15
1,4,41
3,7,49
58,4,60
4,10,53
16,7,19
24,14,50
22,15,58
50,2,47
40,1,29
10,11,47
29,1,14
15,15,51
18,17,63
16,15,53
3,7,40
44,3,42
26,3,5
9,15,62
34,12,61
5,8,32
22,14,51
56,0,50
17,15,52
47,2,40
17,6,3
24,15,59
31,10,51
3,9,30
33,1,31
32,7,40
59,5,60
49,3,42
54,1,56
32,0,27
30,8,38
14,16,57
20,14,46
40,6,45
29,1,13
37,4,35
25,3,13
29,12,54
7,9,41
11,10,27
23,15,56
6,5,0
29,12,50
13,8,12
1,4,11
26,3,12
12,13,42
28,1,24
25,4,19
1,6,49
36,5,40
45,9,61
38,5,33
23,10,43
5,12,56
24,11,44
49,1,40
26,5,31
3,7,15
43,8,60
39,8,54
16,7,20
2,9,27
3,7,48
24,4,30
57,5,60
0,6,23
6,13,58
23,4,28
13,8,24
26,7,36
49,5,63
41,8,57
24,3,21
40,11,63
25,6,30
36,6,45
45,5,48
5,11,52
4,9,14
4,8,49
32,2,1
0,5,16
48,1,37
26,3,8
10,11,36
16,7,15
3,13,60
12,10,22
29,6,35
42,10,62
14,11,38
12,15,55
28,2,6
56,2,57
2,8,19
47,2,47
28,3,2
44,6,56
37,9,52
3,6,40
13,12,39
15,10,20
29,6,37
46,6,57
13,10,21
7,5,0
36,8,48
25,2,28
16,15,57
42,6,44
6,9,41
16,9,32
22,16,56
45,4,46
0,7,27
39,4,35
19,15,51
1,6,17
11,10,16
1,4,4
36,9,55
37,6,36
18,14,43
4,7,4
23,5,8
27,5,34
4,7,7
37,5,40
25,7,33
31,10,56
6,8,12
15,14,44
28,12,52
43,7,54
15,6,0
45,8,54
60,6,63
28,5,3
56,0,44
38,5,42
51,5,63
50,2,48
45,5,49
35,6,43
3,7,17
6,12,27
27,14,62
15,17,61
39,0,4
26,5,16
38,3,36
24,15,51
17,14,45
20,5,29
0,8,52
0,6,13
9,8,3
53,1,46
44,2,39
26,15,63
0,13,63
43,6,54
34,3,32
19,5,17
22,12,44
59,2,54
46,5,52
19,17,62
39,8,57
31,7,39
23,10,40
34,2,32
15,8,3
4,9,32
44,2,41
61,6,62
23,15,58
26,13,52
29,10,47
10,9,11
7,7,4
29,0,26
24,8,39
20,5,6
28,4,5
22,5,5
25,15,63
4,7,6
21,5,17
55,0,52
29,3,3
36,11,59
26,12,50
28,4,4
28,7,39
25,5,0
8,12,48
12,14,48
39,3,32
5,15,61
14,12,39
40,1,30
45,5,54
4,9,21
4,8,30
25,3,8
7,9,23
20,16,57
6,11,41
21,3,24
18,14,47
36,2,32
43,5,52
11,15,56
25,4,2
23,2,18
9,9,42
4,13,58
7,10,38
57,7,63
54,4,60
5,8,37
53,1,50
7,9,14
5,6,1
7,11,27
23,5,16
29,10,42
31,9,47
16,15,49
0,8,33
19,6,1
47,2,43
2,10,54
36,6,43
40,5,48
22,5,2
58,0,47
40,7,49
34,0,4
3,5,43
49,3,49
7,12,53
5,12,57
19,16,58
35,2,31
13,16,57
21,10,39
31,7,37
20,7,30
40,8,58
26,5,4
49,4,60
13,8,15
1,13,59
23,4,22
4,10,22
39,4,33
13,10,17
18,10,33
32,3,0
46,6,53
2,14,62
25,4,1
52,3,51
18,7,16
0,7,19
10,15,49
53,4,62
10,10,13
33,3,33
19,5,22
32,0,31
18,5,16
6,9,9
56,0,51
41,11,62
44,7,57
4,9,28
5,11,54
6,14,62
15,8,10
30,9,44
39,7,54
35,12,61
61,0,48
48,5,57
36,8,51
6,10,38
53,3,55
0,10,55
17,15,49
0,4,8
37,12,60
29,2,31
7,9,32
31,1,30
22,7,5
10,12,37
50,2,50
38,7,45
15,9,29
20,16,63
16,7,14
41,9,62
55,3,58
23,8,35
33,5,36
37,6,41
28,6,39
34,0,28
35,6,36
20,14,44
2,5,42
0,6,50
3,7,30
14,15,51
39,5,40
31,6,37
49,2,47
37,1,31
31,10,50
33,2,4
5,10,24
56,1,50
36,10,55
42,9,62
29,2,32
1,6,39
26,2,12
1,7,26
33,0,3
13,16,59
7,9,16
22,4,21
50,4,63
31,9,49
37,0,0
32,1,6
31,6,38
48,4,53
30,0,29
14,11,21
43,2,32
25,5,30
55,0,46
25,3,17
45,2,40
46,0,38
22,5,0
21,8,34
31,11,49
11,9,16
56,0,47
2,8,23
21,13,48
9,11,35
18,7,25
34,1,1
37,1,0
25,5,21
33,8,43
34,2,2
10,11,22
31,11,53
8,11,17
8,16,63
25,2,11
22,15,53
58,5,63
15,9,15
23,16,56
20,5,19
19,6,2
26,14,62
20,4,23
6,7,1
4,11,28
29,4,0
24,14,59
27,7,36
22,14,50
22,4,18
5,8,38
24,14,51
16,15,56
18,11,41
4,8,19
29,15,61
51,2,52
61,1,52
24,14,49
17,9,33
17,13,44
1,6,40
4,8,8
35,8,48
35,2,32
27,1,16
29,13,57
50,3,51
39,0,29
37,9,57
37,10,58
24,15,54
4,8,27
5,9,34
23,3,19
50,4,61
16,7,25
61,2,52
5,13,56
4,7,13
43,7,56
20,5,8
31,1,4
27,13,54
30,11,48
23,5,12
42,3,37
47,7,63
27,6,36
31,3,33
5,8,30
52,5,62
9,10,24
36,8,44
33,1,1
10,5,0
39,7,44
3,7,14
40,7,45
23,5,3
51,1,46
16,8,14
21,8,35
22,12,47
23,6,6
12,13,48
19,7,6
28,12,51
39,5,41
12,6,1
29,1,7
21,15,46
8,11,36
17,6,22
52,0,42
30,9,38
18,8,29
32,8,47
10,11,35
23,15,59
25,13,50
57,3,59
12,11,34
9,9,18
16,8,16
7,7,2
28,14,61
23,14,53
24,5,23
3,9,31
40,4,42
17,14,44
30,11,53
24,17,58
13,8,13
27,2,6
27,14,61
20,10,32
19,12,38
31,2,34
33,1,4
55,0,45
42,7,54
57,0,48
34,2,30
28,12,59
22,13,50
19,7,5
24,11,46
41,6,50
54,1,50
25,2,20
19,6,18
4,8,41
14,8,28
8,9,14
28,0,18
15,9,21
47,5,55
30,11,49
34,1,30
18,7,8
33,11,54
3,9,37
38,8,50
9,10,40
25,6,3
26,1,15
12,6,2
0,3,41
7,12,52
22,5,1
41,7,54
16,16,58
36,5,35
24,5,3
33,13,61
46,3,45
15,5,0
9,10,27
3,6,42
11,16,63
44,0,34
6,12,52
16,14,46
45,5,44
6,10,47
46,6,61
28,4,1
55,5,63
43,9,61
17,8,14
5,10,35
35,6,42
10,8,5
49,2,48
23,10,39
1,7,39
39,9,57
38,2,31
17,8,29
14,8,9
4,8,24
15,11,35
27,5,31
36,0,1
29,15,62
49,4,59
22,4,19
7,10,31
34,1,2
44,2,38
9,11,32
5,10,52
32,11,56
32,0,14
4,11,54
34,8,39
7,8,44
2,6,14
21,16,60
9,10,34
33,9,54
2,6,28
0,7,23
0,4,37
54,2,50
32,1,15
39,7,53
18,17,59
38,6,46
14,9,12
6,9,11
7,10,13
35,8,43
7,12,22
10,9,25
17,6,27
18,8,11
43,7,52
21,12,41
10,12,13
7,10,12
29,3,34
35,8,55
44,8,55
48,4,50
0,7,50
11,10,34
8,8,10
5,10,20
36,0,29
37,3,31
28,10,47
1,5,5
38,3,32
33,0,15
34,8,46
34,9,55
1,10,56
6,9,31
33,1,2
46,7,58
22,16,57
9,10,14
14,8,15
3,5,4
38,0,1
3,12,57
33,1,6
37,5,37
37,7,53
8,12,50
58,6,62
40,9,56
27,0,15
15,7,21
53,1,58
7,9,20
34,7,43
5,7,9
32,12,58
12,7,3
5,9,40
0,3,5
47,2,44
3,5,5
1,6,13
26,14,55
7,14,56
47,5,53
27,1,9
35,8,47
47,3,45
37,8,43
33,0,5
37,6,45
51,3,59
27,3,8
39,6,41
21,5,5
39,9,59
32,1,14
21,13,45
2,11,26
45,4,44
9,11,48
45,2,35
21,4,24
4,7,11
49,0,39
33,8,41
24,8,38
38,1,0
60,5,59
38,10,60
12,11,15
34,14,63
0,12,60
27,5,36
44,6,54
0,5,48
46,3,43
18,6,9
40,8,54
3,13,58
19,15,57
13,9,16
15,7,20
39,6,52
38,7,43
1,5,44
16,14,48
43,6,47
32,1,5
31,4,34
59,1,50
5,14,62
48,3,43
5,7,1
8,12,41
3,5,2
19,9,31
36,1,2
36,1,1
23,16,57
0,3,4
13,12,44
12,10,16
30,0,13
25,14,60
39,11,59
11,10,14
63,4,61
24,3,20
24,4,4
7,12,27
14,8,4
30,12,50
32,9,43
21,7,32
3,8,35
60,1,55
0,4,47
37,0,30
42,2,36
57,3,57
20,8,31
33,5,35
22,14,48
4,6,8
31,12,59
18,12,43
42,5,43
16,14,50
45,0,31
20,10,38
35,7,49
30,6,38
31,5,37
0,6,24
30,7,39
2,8,37
8,6,1
16,8,22
51,5,61
33,8,48
31,12,58
1,5,9
27,5,2
26,3,17
12,10,32
10,11,43
40,8,55
31,3,35
27,1,22
60,1,54
28,2,15
16,7,21
61,3,58
53,3,59
7,13,56
7,9,38
42,8,53
26,2,14
39,4,39
28,4,2
37,5,34
15,16,60
40,6,43
43,4,43
10,15,52
3,8,25
32,10,51
4,14,60
14,8,27
40,5,45
31,1,28
16,16,55
34,0,29
8,7,4
45,8,62
29,3,4
9,14,53
30,10,45
10,10,28
10,10,17
42,6,48
54,0,55
14,10,19
3,7,34
63,3,53
10,10,18
29,3,5
39,2,33
52,3,58
19,6,21
5,7,4
18,6,5
41,2,35
44,9,62
29,11,47
20,6,1
21,5,29
30,0,12
15,14,48
51,0,46
49,1,41
0,12,62
41,9,63
28,0,26
17,6,15
43,10,60
9,15,61
9,13,53
30,0,30
24,0,25
12,16,52
50,2,46
29,14,63
22,11,39
20,4,24
39,7,55
6,7,7
43,9,56
0,3,1
25,3,27
19,7,16
3,9,20
25,16,57
24,5,19
20,6,20
27,3,12
42,5,45
4,9,30
3,8,15
56,3,58
33,0,6
44,3,37
17,7,17
43,4,42
36,1,31
41,3,37
1,5,7
29,4,31
5,9,36
14,8,23
16,12,42
0,4,39
16,9,13
60,3,56
27,14,55
1,5,45
35,12,63
10,16,53
18,13,44
13,15,54
8,11,27
3,8,30
4,8,14
0,4,48
11,10,32
27,4,31
3,8,17
28,1,25
29,4,33
24,9,39
43,6,55
11,16,50
18,6,26
28,10,45
48,3,51
33,0,9
1,7,24
31,8,39
6,12,29
0,11,60
39,2,30
12,12,44
22,6,15
52,4,55
1,4,44
4,8,33
45,5,51
44,4,49
37,7,41
6,8,14
26,2,27
12,13,46
4,8,18
46,7,59
26,8,39
25,7,35
2,7,19
4,8,13
17,14,50
3,6,38
7,10,36
3,11,56
57,0,53
9,10,22
8,9,40
30,14,62
8,9,41
24,6,2
25,15,61
49,1,44
24,5,15
13,11,37
4,8,25
11,9,10
11,8,6
22,4,28
13,14,49
8,11,41
15,10,21
29,1,11
49,2,44
30,8,36
15,9,22
37,5,32
4,10,55
45,6,57
30,1,13
21,4,14
6,9,13
0,3,9
57,0,54
25,10,44
53,3,51
25,7,38
13,8,16
27,12,46
18,8,9
60,2,50
27,13,61
8,10,13
33,14,60
11,13,48
8,10,25
42,8,59
0,5,8
47,4,44
62,3,52
20,5,26
1,6,2
7,10,35
8,9,45
22,5,29
25,13,48
19,8,18
22,6,3
42,4,45
60,2,55
4,8,23
20,6,2
14,11,35
55,3,61
9,13,49
17,6,26
45,5,50
27,12,49
1,5,38
18,16,59
28,12,57
2,5,44
55,4,63
30,8,40
28,3,30
51,6,62
38,8,55
37,10,57
31,4,36
16,9,33
15,16,55
49,5,59
38,8,46
27,9,42
55,2,51
51,3,53
48,2,47
31,2,5
32,2,34
1,8,35
63,3,52
1,4,5
8,15,60
23,9,39
13,14,46
20,11,41
14,11,36
62,4,60
2,11,57
40,4,36
7,10,47
28,0,19
4,10,31
21,5,15
10,10,30
53,3,63
20,5,9
23,4,12
30,1,12
47,3,40
5,11,30
43,0,29
26,2,9
31,1,6
3,8,52
12,14,49
20,11,37
13,9,26
18,10,37
35,0,3
29,0,29
28,3,31
29,1,29
44,4,45
38,6,43
35,7,45
19,15,54
7,12,50
8,10,35
38,9,55
10,9,17
33,6,35
36,13,62
15,10,17
14,15,58
5,9,11
16,12,38
31,6,34
26,1,9
39,5,33
5,8,42
0,6,36
28,0,23
19,9,36
0,4,34
10,11,44
52,3,56
8,7,3
33,4,33
46,0,35
4,10,35
61,1,55
30,9,46
28,2,10
28,10,42
16,7,8
13,6,2
23,4,23
26,14,60
17,9,14
4,7,30
7,10,40
1,7,37
23,14,55
36,2,33
37,4,37
4,10,52
11,10,30
0,11,59
30,4,1
20,6,21
23,5,13
14,10,15
38,10,57
0,11,57
38,6,39
14,14,44
24,3,8
12,9,14
46,5,49
4,15,59
8,10,19
39,7,49
25,3,7
9,10,16
30,12,58
54,0,54
8,8,8
52,3,52
8,5,0
13,16,62
56,0,46
2,10,55
46,6,54
2,7,27
1,6,30
34,0,5
62,4,59
44,1,38
37,7,52
24,6,4
7,10,17
4,13,60
28,1,15
20,9,31
1,8,54
38,6,41
28,14,51
6,9,17
43,8,57
46,0,32
24,14,52
40,2,31
31,0,15
5,8,15
30,2,5
6,11,30
17,7,5
37,11,61
27,2,7
39,1,30
5,8,39
59,3,57
7,9,25
9,10,30
0,9,53
6,9,19
0,7,22
32,8,46
3,7,45
11,9,24
24,9,40
12,7,4
29,12,55
43,3,36
39,5,44
24,3,16
28,2,28
55,0,51
8,10,15
29,13,58
0,6,38
22,16,63
4,9,26
40,6,49
48,0,41
0,5,37
2,7,28
43,5,43
7,15,62
29,12,51
34,10,57
18,10,34
2,12,55
31,9,38
24,5,5
34,8,42
32,10,54
14,9,26
26,14,59
43,10,57
30,3,3
8,11,46
4,8,15
15,16,53
17,7,12
2,6,7
13,7,7
3,10,30
35,2,1
22,2,23
10,12,40
12,9,7
11,11,24
33,7,45
8,12,52
3,11,55
5,7,40
24,9,37
30,2,4
8,15,57
47,4,53
42,9,59
32,13,63
25,3,9
4,8,39
17,6,24
26,5,0
33,2,0
63,6,63
42,3,38
23,14,49
33,10,53
8,14,56
3,12,59
26,3,7
38,6,44
46,5,53
41,9,59
22,6,11
32,11,50
56,5,62
30,10,47
49,3,51
13,9,14
45,4,50
8,10,20
1,13,62
60,2,52
3,14,63
33,3,34
19,5,21
5,9,26
9,11,39
33,0,29
27,0,24
34,13,63
19,14,51
2,8,32
2,7,41
37,8,54
61,2,56
15,14,46
21,12,45
53,4,59
4,8,16
9,15,57
42,9,57
0,12,63
12,7,2
52,2,50
14,8,14
42,7,48
24,2,26
32,13,57
26,14,57
18,7,19
25,4,28
14,17,63
25,4,8
28,0,12
61,2,50
25,4,18
4,9,10
30,2,1
62,4,57
15,8,5
22,15,52
25,3,6
13,11,14
4,9,53
1,3,44
8,14,54
29,10,46
0,5,10
25,14,57
55,1,56
23,4,13
41,4,39
7,11,48
36,12,63
12,8,27
57,2,57
19,14,52
46,3,49
9,16,63
26,14,54
4,8,32
22,5,3
48,1,41
2,8,22
2,7,24
10,10,15
11,15,53
9,10,45
1,11,59
43,4,47
23,8,34
4,8,34
42,1,33
20,16,62
30,0,14
32,4,35
9,15,63
28,1,12
26,15,56
8,12,51
17,10,33
0,5,39
32,6,37
10,8,8
2,8,21
17,16,57
27,13,50
20,9,32
31,3,0
24,3,22
8,10,33
33,2,3
17,15,53
53,1,54
8,9,44
50,1,47
41,6,47
32,7,37
26,1,23
46,3,48
0,4,31
30,14,61
29,4,34
2,6,43
2,5,47
39,0,1
1,4,1
41,5,44
16,7,26
1,6,32
31,8,43
2,7,15
22,4,24
20,10,37
22,5,12
47,4,50
14,12,41
45,4,48
18,7,5
39,6,42
29,5,36
43,1,35
31,9,37
22,15,59
5,10,34
22,5,20
1,4,42
34,11,59
1,5,0
24,1,17
32,12,55
15,9,13
1,4,39
6,13,54
10,6,2
9,10,18
26,0,20
16,8,30
11,11,32
1,8,51
20,6,19
19,12,40
31,7,40
1,12,58
38,5,45
10,9,29
10,12,45
5,11,56
6,7,41
26,4,14
8,11,20
35,10,58
2,6,44
58,2,55
9,7,3
1,8,52
20,15,53
18,16,58
4,7,8
10,11,41
30,0,15
38,0,2
17,7,29
32,7,36
17,16,62
33,9,47
26,7,38
0,7,32
6,11,27
21,11,39
33,7,38
32,8,41
30,12,60
32,10,52
11,11,19
21,15,57
28,5,32
39,7,52
11,9,19
31,0,14
34,0,16
24,4,10
17,15,56
52,4,60
47,7,58
13,8,6
54,2,54
24,13,48
37,1,2
9,11,34
33,12,61
38,6,48
30,13,63
39,10,57
28,1,9
11,10,12
12,12,40
15,8,16
9,7,1
26,4,31
59,6,62
25,4,15
54,1,49
28,0,17
52,1,46
26,5,30
17,16,59
20,15,57
31,14,61
36,5,37
12,8,8
23,13,50
36,0,10
46,4,52
15,9,10
36,10,58
22,14,47
17,14,48
41,7,45
33,10,50
46,0,36
14,8,25
7,12,36
4,7,40
17,17,61
24,12,47
24,2,15
36,4,36
2,6,5
62,4,58
5,7,44
54,5,62
28,2,8
51,6,61
54,1,55
38,4,35
24,10,42
1,5,14
13,16,60
23,16,63
5,8,28
41,8,56
12,5,0
22,10,39
3,9,24
22,10,41
37,0,4
17,10,36
35,12,60
14,8,7
57,0,45
33,6,34
34,12,58
34,12,59
5,10,36
20,15,52
26,5,3
13,9,12
18,7,13
3,9,16
44,1,33
10,12,39
10,14,49
12,9,6
46,6,58
57,6,62
25,7,34
0,8,28
17,10,37
38,11,59
31,9,48
21,13,46
40,5,44
55,4,61
2,8,18
30,11,51
41,2,34
27,0,25
13,9,18
6,9,29
15,12,39
24,13,51
32,2,5
43,2,37
29,0,28
23,11,42
35,11,55
34,8,48
6,7,44
1,7,23
53,1,48
11,9,25
52,2,52
43,10,62
13,8,27
8,10,37
21,5,18
6,7,6
2,13,61
49,1,43
9,11,33
50,7,63
1,8,38
12,9,18
15,7,28
20,6,6
42,10,56
30,11,55
1,8,21
31,8,42
11,12,40
29,0,27
0,7,21
20,12,43
27,11,46
48,4,51
30,11,50
12,10,24
55,5,62
22,11,42
3,6,7
9,9,8
6,6,1
17,13,43
44,10,61
19,7,17
27,4,5
38,0,28
10,9,14
61,1,49
2,7,49
3,8,16
1,7,28
63,1,48
16,11,35
13,12,43
4,7,9
26,1,10
27,3,3
6,8,43
27,6,38
17,7,20
46,2,47
25,8,39
11,9,13
6,10,35
18,7,29
15,15,55
0,9,54
26,6,34
10,7,2
9,15,58
37,9,55
23,5,2
25,12,46
11,9,23
37,5,33
32,6,38
47,7,60
8,14,53
33,10,56
6,8,13
4,8,42
21,10,38
20,14,53
10,9,20
52,0,39
21,5,27
29,11,52
2,6,3
16,8,10
30,2,13
24,0,24
20,5,23
18,8,10
25,14,56
4,9,40
24,17,57
49,0,45
26,1,26
9,8,9
28,3,14
13,8,22
34,13,62
1,13,63
27,5,4
10,11,31
39,10,63
14,8,19
12,14,50
3,7,28
12,9,12
20,18,58
44,4,46
21,6,6
26,0,19
27,0,19
28,12,55
32,5,34
28,3,29
52,1,49
7,7,6
0,6,8
47,6,53
27,1,26
50,4,58
41,10,60
14,15,48
17,7,21
12,8,11
61,6,61
13,8,7
44,4,44
48,3,45
50,0,42
39,2,31
31,0,13
18,16,60
26,4,15
5,9,14
31,12,55
36,7,46
54,2,61
3,9,28
9,10,26
26,1,25
4,8,31
24,3,11
38,0,4
47,1,38
47,5,56
38,5,40
52,3,55
12,8,6
30,1,31
25,9,40
9,9,43
12,9,17
19,15,55
22,3,23
6,12,54
45,3,48
9,8,6
41,7,56
19,17,58
34,5,36
21,6,11
21,13,49
0,4,13
32,9,49
10,9,21
2,9,52
8,10,38
24,7,33
26,13,49
6,9,38
5,10,53
28,6,37
63,3,54
9,10,44
43,4,46
10,15,57
0,5,35
16,8,26
48,5,54
53,0,48
37,6,37
33,14,61
4,8,35
17,6,25
53,3,54
41,4,43
16,7,29
25,2,9
13,15,56
37,7,47
43,7,58
15,16,56
54,1,52
30,3,34
7,13,57
3,8,32
27,3,30
19,8,16
57,4,58
45,0,37
23,3,23
7,12,54
17,16,55
2,9,20
26,8,42
25,15,59
26,10,45
43,6,45
34,0,15
29,1,27
41,3,32
3,9,50
29,3,15
27,8,42
10,14,51
30,0,16
35,4,34
42,0,29
27,13,51
6,8,46
7,13,55
9,12,47
19,9,34
22,9,36
16,7,22
4,8,47
41,5,48
36,7,45
26,2,11
8,15,59
17,8,31
5,8,10
50,0,41
45,5,47
27,3,13
10,10,29
40,6,47
40,7,47
42,4,41
33,9,45
20,5,11
22,12,46
51,3,57
6,9,27
22,16,62
19,13,47
27,5,32
24,4,6
52,4,57
58,5,62
0,12,54
18,6,10
5,9,24
16,13,42
20,7,3
39,9,56
10,14,55
22,4,23
16,15,55
0,6,20
24,4,9
59,7,62
1,9,55
41,8,58
8,9,13
21,5,9
11,10,20
55,1,57
1,11,55
41,4,42
50,4,54
20,17,57
42,8,55
30,10,48
2,7,34
8,15,62
51,3,51
6,9,8
7,8,5
28,7,40
44,3,47
6,9,34
14,14,49
36,11,60
23,5,29
3,9,53
7,9,12
23,4,18
14,14,48
27,0,16
41,0,30
26,3,9
30,5,32
50,5,60
8,10,41
10,8,6
45,2,37
36,0,3
30,10,49
50,3,52
26,5,1
31,5,35
32,3,33
42,9,63
18,7,12
58,5,59
8,7,1
40,0,2
3,9,17
25,11,44
7,8,9
5,11,24
48,3,47
6,10,13
23,10,42
24,15,55
22,16,59
60,8,63
29,0,24
5,10,48
38,6,40
28,6,32
3,14,62
3,8,26
24,6,32
42,3,36
39,10,61
14,13,42
8,10,45
23,3,24
25,3,12
3,7,37
29,13,59
45,1,32
6,8,9
13,10,22
13,8,9
5,9,31
42,6,49
19,5,15
14,6,2
51,3,56
53,4,57
16,16,61
13,9,24
17,6,20
28,9,41
48,2,44
9,11,40
27,10,42
20,11,39
35,6,39
13,8,10
63,2,51
18,5,26
28,13,58
59,0,50
44,4,50
1,7,35
58,0,51
10,9,16
24,16,63
33,4,36
28,9,42
41,0,31
57,3,58
20,6,10
32,11,58
1,6,37
29,10,44
33,12,55
27,2,14
31,9,42
35,7,48
5,8,11
49,6,61
22,7,33
17,14,47
17,15,55
30,10,46
7,9,8
37,8,51
39,9,51
33,6,38
21,5,13
1,8,26
40,9,57
44,5,43
1,7,29
5,11,23
10,11,33
14,9,6
18,11,37
30,5,33
27,17,63
41,9,61
22,15,54
10,14,50
46,5,55
43,7,48
28,4,6
36,7,41
10,10,34
15,7,2
9,10,23
33,11,57
16,12,43
13,9,10
6,9,12
63,6,62
6,10,49
0,8,35
3,8,48
1,14,61
12,15,52
7,9,17
13,9,22
32,5,36
1,6,27
6,10,31
15,8,25
33,8,49
28,13,55
30,4,35
5,10,38
62,0,47
0,8,54
13,13,47
31,10,48
28,9,43
2,6,40
31,13,55
1,8,27
4,6,3
25,11,46
25,1,22
11,10,17
12,10,34
30,15,61
19,9,32
4,8,26
16,16,60
6,10,37
3,6,45
42,8,58
28,13,51
1,7,30
0,4,42
8,11,34
58,7,63
19,5,28
34,1,29
28,0,11
10,16,50
30,9,41
31,2,2
0,8,27
55,0,44
25,3,15
11,11,42
17,16,63
25,2,10
1,5,2
43,3,39
24,4,18
11,10,33
0,7,33
2,12,61
26,11,44
6,7,3
19,15,53
33,7,43
51,3,55
21,6,4
63,5,62
6,15,63
29,8,41
0,3,7
15,9,18
1,7,27
5,8,46
16,15,51
31,1,31
38,8,44
10,11,34
20,6,7
34,7,39
17,11,38
45,1,39
22,4,12
17,7,22
49,5,61
6,9,35
39,6,49
3,6,47
20,17,58
21,12,44
41,1,31
41,9,60
32,1,9
24,5,21
34,7,41
21,5,25
17,8,9
29,0,8
51,3,63
20,4,16
4,10,40
43,2,34
29,1,30
36,12,62
2,5,12
23,6,23
15,15,58
21,11,43
22,6,1
13,11,22
47,5,42
14,7,4
28,15,60
21,17,62
39,4,38
48,3,41
42,10,61
18,17,62
5,14,63
28,4,34
43,9,58
7,10,37
47,3,48
37,6,46
5,5,0
52,0,45
36,0,4
25,2,16
16,6,26
0,13,59
49,5,58
29,6,34
60,3,57
13,9,27
4,9,24
33,9,55
2,8,24
30,3,0
25,9,41
32,13,61
0,12,61
25,0,25
35,7,46
53,4,56
43,3,40
48,5,59
33,12,54
25,3,21
6,10,24
32,7,41
2,6,39
52,1,48
17,13,45
41,6,53
48,6,60
38,5,37
34,9,48
14,9,30
7,11,36
0,4,11
14,9,27
44,2,40
43,4,41
22,4,8
47,0,38
39,9,55
20,14,48
48,5,62
41,4,38
39,6,46
24,14,54
34,10,56
44,9,61
3,9,25
24,9,38
37,4,34
48,2,40
33,11,59
13,6,1
32,0,30
2,7,21
28,5,37
36,9,52
40,8,56
0,6,15
0,4,7
45,6,56
25,14,51
16,7,6
7,7,3
46,4,41
33,11,55
42,4,43
3,11,57
15,10,35
16,10,35
12,14,46
46,4,51
38,8,54
37,10,56
40,9,54
33,10,51
23,14,54
25,0,19
31,11,54
20,5,18
33,9,46
5,8,6
41,4,44
35,7,38
11,16,59
1,8,22
37,11,63
17,8,17
63,4,56
30,1,32
39,7,46
0,8,55
9,16,53
24,2,23
11,11,39
30,13,58
2,6,11
2,6,9
22,5,16
26,2,22
41,1,30
29,9,43
2,8,27
20,11,38
7,9,24
16,8,18
23,6,15
26,5,5
7,11,35
33,2,31
14,8,17
1,5,33
8,10,27
57,0,52
38,4,36
41,7,51
50,1,42
19,6,0
47,6,60
25,1,16
25,8,35
25,9,39
52,0,41
15,6,1
0,5,29
12,8,7
25,2,14
59,1,55
13,10,18
7,11,31
21,7,6
17,10,34
57,7,61
8,7,2
57,2,56
35,8,53
28,11,47
19,18,58
46,3,41
43,9,59
3,8,38
10,15,50
34,2,31
43,1,34
44,0,31
37,7,54
25,9,42
39,8,52
30,13,59
27,11,45
28,14,52
18,14,51
11,6,2
23,9,37
10,15,63
31,8,38
21,5,7
20,5,10
24,3,27
9,14,51
27,0,17
58,3,56
6,8,41
14,16,60
31,0,28
41,7,49
56,0,54
33,3,3
14,12,37
21,11,40
10,10,31
39,5,45
11,8,8
22,4,22
3,6,46
12,8,4
40,10,57
7,8,4
34,6,41
15,7,10
47,5,58
10,12,14
20,6,22
16,11,34
18,7,11
34,12,63
15,7,6
17,18,63
47,0,32
3,7,10
19,8,6
19,10,36
40,6,42
30,9,45
37,5,39
32,10,45
27,2,8
34,7,45
18,5,27
40,8,50
27,7,38
25,16,62
1,5,1
2,12,58
10,10,24
3,6,4
12,16,61
26,4,0
46,2,42
41,7,46
5,8,47
27,2,12
0,4,49
0,3,45
23,10,38
26,10,43
23,11,45
3,6,41
50,2,49
36,5,34
13,11,35
18,12,44
36,8,43
29,10,48
62,2,51
62,1,51
5,11,29
6,15,61
24,3,18
3,7,13
48,1,40
31,5,34
41,7,48
44,9,58
18,10,35
11,12,44
12,9,11
31,14,63
17,7,16
4,9,31
41,6,49
31,2,33
39,4,37
25,2,19
62,2,55
8,11,22
6,9,23
10,11,45
26,2,16
9,11,46
42,10,58
15,8,20
43,3,41
51,4,58
10,7,3
44,7,60
8,14,55
13,10,32
12,9,30
1,5,41
28,3,8
31,11,50
39,3,34
25,15,54
7,12,30
33,9,44
43,9,62
26,6,35
35,8,45
4,8,28
11,9,26
4,9,23
39,5,42
1,5,47
55,0,54
32,0,5
54,3,54
16,7,23
33,7,42
33,1,5
16,7,13
38,9,58
27,11,47
17,9,17
11,7,2
8,11,39
13,7,5
18,8,13
44,9,59
22,5,31
30,3,35
8,12,35
35,13,61
33,5,32
21,7,30
18,8,14
20,5,15
50,1,39
11,11,46
15,7,3
3,8,37
22,4,20
38,9,57
14,16,62
12,14,52
40,4,35
11,9,30
46,0,33
43,5,51
63,1,49
28,13,59
46,5,51
40,10,60
23,4,17
29,0,15
52,4,58
35,11,52
53,3,58
35,9,52
54,3,61
33,3,35
49,4,52
41,6,43
19,6,25
13,8,29
54,1,54
39,5,43
60,0,51
21,5,14
1,12,60
2,5,6
0,10,53
31,0,30
31,13,62
14,14,47
10,11,46
5,8,13
24,12,48
16,5,0
32,8,44
43,9,57
55,4,62
12,10,13
29,14,62
2,11,56
7,14,54
33,2,1
28,3,4
0,6,33
34,1,0
44,5,49
21,4,26
6,10,17
49,2,46
28,1,8
8,9,15
23,4,27
26,9,41
56,4,61
0,4,44
30,4,32
59,1,53
42,2,32
14,8,12
2,9,23
16,7,16
53,0,49
43,0,33
23,6,3
37,2,30
16,8,27
44,8,58
37,0,8
59,4,56
7,7,1
40,0,30
48,1,43
18,6,13
28,16,63
6,10,19
2,6,34
32,1,2
4,9,52
14,7,7
26,12,46
15,12,36
29,5,33
28,14,62
20,6,29
28,13,62
45,6,53
62,0,46
30,6,36
15,6,3
30,12,54
0,5,50
26,2,28
42,2,38
17,16,60
29,0,13
19,15,52
36,6,40
45,7,61
27,3,6
28,11,46
5,9,23
53,0,46
40,9,58
23,3,13
23,5,31
11,10,15
25,14,55
19,12,41
32,6,36
0,12,55
5,9,10
11,14,44
25,2,23
38,6,47
62,3,58
13,9,17
23,4,9
34,5,35
42,8,57
44,8,57
33,11,53
30,14,60
5,10,28
42,9,55
1,4,2
28,8,40
17,7,24
31,10,47
6,9,32
21,15,54
21,4,13
11,6,0
39,10,62
2,8,41
9,14,55
29,0,10
58,1,55
5,13,57
13,8,14
39,1,28
7,10,23
2,5,1
31,11,58
23,3,18
31,2,4
1,4,6
38,8,45
47,6,59
52,3,57
30,4,31
14,10,33
9,8,4
26,12,49
3,13,59
0,5,14
33,9,53
41,7,55
15,14,42
26,4,30
1,4,43
37,10,59
47,2,46
27,1,14
3,13,62
21,4,25
60,0,49
23,3,17
21,6,30
57,2,55
23,4,21
29,0,9
47,6,62
5,8,49
26,11,45
32,13,55
23,15,53
4,7,38
23,2,23
28,12,48
25,9,43
0,6,37
2,15,61
51,1,42
38,4,31
44,3,38
34,14,61
4,8,43
45,1,36
32,11,52
62,3,54
30,1,30
25,3,18
15,7,27
34,0,10
40,7,51
24,2,21
6,12,53
32,8,43
32,12,59
33,8,42
22,2,24
28,10,46
53,3,60
42,6,47
2,8,51
4,12,57
6,9,24
11,11,35
46,1,35
59,1,51
29,7,38
11,10,23
36,8,54
32,12,57
9,9,12
40,4,39
62,1,50
15,7,9
32,1,3
25,5,20
14,9,11
32,3,35
39,6,51
16,12,41
1,12,54
12,10,15
36,4,34
26,5,6
21,9,37
20,6,9
29,12,59
33,15,63
38,3,33
50,5,63
2,6,13
13,13,39
24,3,9
45,3,44
0,7,31
49,5,55
33,7,41
13,7,3
3,9,27
12,12,42
4,7,2
41,0,2
30,2,3
38,6,42
25,9,38
4,9,20
32,5,37
13,9,23
59,2,55
15,7,24
37,8,52
0,8,23
31,12,60
2,5,40
2,7,38
19,5,26
4,7,41
44,5,53
0,6,28
28,1,13
3,5,3
0,3,6
19,13,46
35,9,53
31,11,59
0,8,53
58,5,60
36,5,36
55,1,52
50,0,43
47,4,54
6,10,29
20,8,32
55,3,63
20,6,4
19,6,11
23,5,0
7,15,54
24,8,34
60,0,52
34,6,35
56,0,55
11,10,26
25,1,27
30,3,5
7,9,9
22,9,35
33,1,15
12,8,5
42,6,43
29,13,61
28,0,20
28,2,12
5,6,2
63,0,46
15,7,22
24,4,12
1,5,3
20,10,39
10,16,62
14,17,61
47,3,46
27,1,10
20,4,17
30,3,4
31,13,53
45,4,43
2,6,33
27,2,28
29,10,43
26,3,13
15,8,12
40,1,28
20,6,15
29,12,52
44,8,62
4,7,14
16,13,43
1,6,29
22,3,18
44,5,50
0,4,3
27,13,58
37,9,51
48,3,52
6,9,16
24,15,56
22,5,11
3,8,20
9,9,13
7,11,41
15,17,62
18,15,52
52,3,60
30,14,63
6,9,36
23,15,60
19,8,31
19,6,16
40,5,46
0,6,17
26,13,58
8,10,46
45,1,38
5,7,12
27,1,12
26,4,2
26,1,19
12,13,47
25,5,16
1,5,6
45,7,62
57,5,63
48,1,42
29,13,62
37,0,31
40,6,52
0,6,18
35,2,30
16,8,19
34,7,38
7,6,2
20,4,18
10,10,43
48,0,35
0,7,25
4,9,36
19,6,24
26,2,19
54,0,45
8,8,7
26,4,4
31,13,58
31,10,52
12,9,23
22,3,17
21,4,15
46,7,60
29,2,7
3,8,29
3,9,26
53,1,49
19,14,46
43,8,55
5,14,59
19,5,27
2,8,26
4,9,29
63,0,48
10,10,21
27,13,49
42,1,34
11,14,54
56,1,57
7,9,27
0,14,60
37,11,57
23,5,5
16,13,40
30,3,1
14,10,31
24,16,57
33,7,36
26,2,15
35,10,52
18,6,3
18,8,18
48,6,53
25,2,18
21,3,25
26,6,31
5,14,58
26,2,13
22,15,61
20,6,24
13,9,31
36,7,47
15,15,50
40,7,53
53,2,53
14,13,44
54,0,50
51,2,48
1,5,36
16,8,11
45,3,47
24,5,4
4,13,61
28,2,7
33,0,8
5,8,45
2,5,39
1,5,31
55,3,59
47,0,37
25,6,34
14,15,55
26,3,28
38,1,30
5,7,45
0,6,26
10,9,19
23,4,20
29,9,41
13,13,43
51,1,48
35,2,33
32,10,46
55,0,49
23,2,24
56,5,63
0,5,13
11,15,49
2,7,40
4,6,9
7,13,52
27,3,27
34,7,40
63,3,55
0,3,8
1,6,33
44,3,43
12,9,21
48,4,52
27,0,18
30,1,11
9,15,55
6,11,52
37,1,29
44,5,47
23,5,1
34,13,61
3,7,16
42,2,37
14,8,18
2,5,10
26,0,18
30,12,59
20,5,16
4,6,2
5,9,46
35,0,4
50,5,61
11,8,5
21,5,20
30,11,57
26,1,20
11,11,34
21,4,19
46,6,52
26,0,23
3,9,29
27,14,56
32,11,55
18,15,54
56,1,48
12,11,21
15,8,11
22,4,15
52,4,62
60,1,53
10,11,38
15,11,36
25,7,36
23,6,4
13,12,41
19,9,33
22,6,30
6,10,15
15,14,45
32,8,37
27,5,6
20,4,26
13,8,4
23,3,25
20,4,20
8,8,11
24,6,6
20,7,29
24,7,5
13,7,1
20,7,12
16,9,15
8,9,17
55,5,61
7,10,15
47,5,60
5,9,49
13,9,20
59,3,56
16,8,29
8,15,61
9,10,29
39,1,29
22,4,29
49,5,56
48,4,54
20,15,56
35,1,31
32,4,36
52,4,56
3,6,43
16,16,63
30,3,32
25,14,52
41,5,45
1,7,20
9,13,52
42,1,32
47,4,52
32,10,56
48,6,57
21,6,12
30,11,58
15,16,61
14,9,20
35,8,44
25,1,23
51,1,45
33,1,0
3,8,50
6,9,30
30,0,7
10,13,51
52,0,44
42,4,46
6,9,21
32,0,10
32,6,35
53,2,52
24,16,61
63,1,50
9,10,15
34,8,47
14,8,5
10,10,45
44,0,33
39,6,50
19,11,37
29,11,51
53,1,52
16,6,3
52,2,53
48,5,60
26,12,48
15,17,63
25,3,22
22,6,32
51,4,54
31,9,41
0,5,15
31,13,61
16,16,62
44,2,37
28,5,36
13,9,29
26,4,13
60,1,50
20,5,20
19,14,50
50,0,40
5,12,54
24,2,19
49,0,37
2,8,52
42,5,47
1,7,19
19,11,41
39,7,47
24,5,1
19,14,48
29,3,0
1,6,12
20,7,31
11,10,29
14,14,41
9,14,50
10,6,1
18,16,55
6,14,54
6,7,9
27,1,24
16,9,18
30,1,6
22,4,17
55,3,62
21,6,3
6,9,33
9,6,0
1,4,7
4,10,28
18,6,1
21,3,23
36,0,0
1,7,16
40,11,60
20,7,11
22,11,41
40,3,37
18,6,14
44,3,39
33,5,33
39,8,56
7,8,10
23,2,17
19,18,57
36,7,43
55,1,50
2,6,49
14,7,3
17,6,1
12,12,39
0,4,9
57,6,63
44,6,55
32,10,50
40,0,29
3,7,46
15,8,24
58,0,53
37,4,36
15,12,42
35,8,51
20,12,41
37,7,45
19,16,60
17,11,37
51,0,40
10,13,50
6,10,28
28,0,10
22,5,8
4,9,33
29,2,3
54,2,49
56,0,45
2,13,63
36,6,44
27,1,20
33,8,46
27,2,11
52,2,54
44,3,41
53,1,56
29,3,1
36,5,33
46,3,47
11,11,41
44,6,47
59,1,52
50,4,56
22,5,23
4,8,9
59,6,60
33,10,57
37,13,62
5,8,12
45,8,61
6,10,18
23,4,30
8,12,22
8,12,36
43,6,51
36,13,60
46,1,41
20,5,14
38,0,30
10,16,59
18,6,29
17,6,9
15,9,23
42,8,52
7,10,26
30,5,34
28,2,14
0,4,10
17,6,4
4,10,54
2,6,46
28,0,27
10,14,53
50,1,46
12,11,36
60,1,51
33,2,33
15,7,25
11,12,39
20,11,40
8,11,21
9,10,38
44,0,32
27,6,33
43,6,53
32,0,7
20,6,0
44,8,59
15,16,57
1,8,18
30,7,38
30,1,15
31,2,32
7,14,60
61,1,54
30,2,34
0,7,24
43,3,37
42,2,33
19,6,23
16,14,49
26,1,22
53,2,55
23,4,10
22,4,10
45,7,59
10,9,15
61,2,55
42,10,59
1,13,61
21,5,21
16,6,27
25,2,17
8,15,63
48,1,44
35,4,35
24,15,50
44,7,56
50,3,41
11,9,9
52,2,55
29,0,25
27,14,57
1,6,35
34,0,31
28,11,45
1,9,31
15,15,56
7,9,42
42,4,39
55,0,55
3,8,18
49,3,50
56,3,57
12,11,20
29,6,39
6,10,48
24,1,18
61,2,54
12,9,20
56,2,56
1,8,17
1,4,0
39,9,58
48,5,58
0,5,28
15,8,27
51,3,58
20,16,61
12,9,29
21,7,11
15,10,19
9,6,2
54,0,48
2,9,53
42,7,55
15,8,14
21,15,58
37,12,63
32,14,60
27,12,45
11,15,51
60,5,58
47,4,49
28,15,63
12,15,60
12,8,12
36,10,59
31,2,7
39,10,52
25,14,49
13,9,11
31,1,7
21,14,51
3,6,3
52,1,47
3,6,6
13,10,20
16,17,63
36,6,38
18,14,48
19,12,43
8,10,23
58,4,59
0,6,52
32,2,33
31,9,44
35,11,57
14,9,13
23,6,5
2,5,5
3,8,21
20,7,6
2,7,36
14,9,10
54,5,63
14,13,40
6,10,50
28,14,58
30,13,56
30,2,2
0,10,56
34,10,54
26,11,46
44,8,54
24,11,45
32,13,60
13,8,21
23,3,14
2,7,32
43,8,59
31,0,6
59,0,52
34,9,52
42,5,48
7,9,40
14,8,22
11,10,31
16,9,17
23,4,7
23,12,44
23,12,46
15,8,15
47,5,54
14,11,34
3,8,36
18,5,0
4,9,35
6,10,36
2,6,37
28,7,38
52,1,50
35,1,30
33,5,34
30,0,28
7,9,31
42,9,60
38,8,51
40,2,29
31,10,55
34,5,37
42,0,30
38,4,38
29,9,42
0,7,28
9,9,7
12,6,0
9,11,31
41,5,52
15,7,5
29,12,56
34,11,52
43,10,61
33,7,35
29,1,6
30,3,31
33,13,63
54,3,57
32,2,4
59,5,62
7,9,11
19,6,27
0,13,60
18,15,49
7,9,7
14,10,12
7,12,28
63,4,58
25,5,3
40,3,35
7,10,48
6,14,58
48,5,63
50,6,62
21,4,23
49,1,42
29,7,40
0,5,30
30,6,37
29,6,36
19,5,24
3,8,33
20,5,17
56,1,49
11,15,61
2,7,16
8,10,47
28,0,25
19,6,20
36,4,33
7,8,41
5,9,20
0,9,55
57,1,53
27,3,14
30,12,55
44,2,36
35,9,54
7,7,5
43,4,44
28,3,0
4,12,56
34,3,34
27,9,41
2,8,34
13,14,48
49,0,41
19,12,44
0,4,2
21,6,31
54,0,51
26,5,34
42,6,53
27,15,61
39,5,39
4,11,53
12,8,24
41,2,33
6,9,47
53,2,59
33,10,55
54,0,44
2,5,8
33,1,9
43,2,38
15,8,30
16,9,14
37,7,37
44,1,36
35,6,38
7,9,21
49,3,52
18,6,21
55,0,48
0,11,55
42,10,57
42,2,35
2,6,47
29,2,14
25,14,54
23,7,33
21,6,7
26,16,63
19,6,5
39,9,52
0,6,39
31,10,53
23,16,61
11,11,13
2,6,32
27,1,11
19,6,10
28,5,4
9,12,16
16,8,9
41,10,59
24,3,25
40,5,49
43,11,62
24,15,63
10,9,9
14,15,50
9,14,56
12,15,63
12,13,43
43,2,33
33,9,49
19,7,18
16,15,54
10,9,24
42,6,45
25,12,48
31,3,1
5,9,47
41,6,54
29,12,57
27,5,1
10,8,10
5,9,12
17,8,15
35,6,41
27,10,44
8,9,12
57,1,55
44,6,46
5,8,14
28,1,29
11,8,10
20,9,35
46,6,60
56,5,60
34,4,32
8,12,21
22,4,9
53,3,56
4,9,37
43,4,48
30,11,54
2,5,41
19,15,56
27,1,25
58,6,63
45,6,55
55,0,53
1,5,13
27,6,32
18,15,53
25,5,32
12,12,36
5,7,42
23,4,6
43,6,52
32,0,13
25,7,37
2,6,29
6,12,55
9,8,8
32,12,60
14,9,14
42,3,35
33,10,52
36,9,53
6,9,39
40,3,34
10,10,40
8,11,26
11,15,63
6,9,15
30,8,37
62,2,50
57,4,57
8,11,48
42,8,56
3,6,44
54,2,56
59,3,58
3,8,22
43,4,49
14,7,6
4,9,15
19,11,39
18,7,14
14,7,9
36,9,57
11,9,31
44,10,63
19,10,37
7,9,47
14,9,32
28,14,63
6,9,10
18,14,45
4,9,9
39,5,46
1,6,5
10,15,51
49,2,43
28,0,16
19,8,29
61,0,50
38,5,41
14,11,37
31,3,34
16,13,45
13,15,58
18,6,25
1,8,34
40,2,33
5,9,51
34,0,3
22,4,27
1,7,51
45,2,38
5,8,9
33,12,60
4,7,12
46,4,47
51,4,63
6,9,49
37,1,1
29,5,34
13,10,15
15,15,54
4,6,6
17,6,0
3,8,34
49,6,63
46,2,38
47,7,61
10,9,22
28,13,60
17,11,40
8,13,55
33,3,31
6,10,34
4,7,39
44,5,51
57,0,47
30,1,29
42,7,53
29,0,12
25,5,15
38,10,56
10,11,32
30,0,9
41,8,54
37,13,61
5,10,50
2,9,32
1,5,30
38,10,58
47,3,41
40,7,50
58,7,61
26,3,29
50,3,58
32,7,39
6,8,40
49,5,60
19,6,4
20,12,45
25,0,17
1,9,30
1,10,57
0,5,34
20,5,0
32,9,44
13,10,19
22,8,35
11,15,57
61,5,59
23,2,26
28,11,48
33,8,40
4,7,10
1,12,62
21,14,50
44,6,49
42,7,57
58,6,59
0,14,62
23,15,54
25,1,26
17,7,11
48,2,42
14,7,5
15,16,52
51,3,62
19,7,12
34,8,43
26,6,37
41,6,42
53,2,50
22,15,60
5,10,26
6,10,52
16,8,25
2,7,52
19,13,43
39,11,63
6,7,2
26,0,17
21,5,23
1,5,40
24,4,8
4,11,26
17,8,13
35,8,54
40,0,28
42,6,52
26,0,26
21,16,55
37,7,51
0,4,41
18,15,55
33,9,51
15,9,32
25,0,18
13,12,40
10,11,39
44,4,43
60,0,50
11,12,43
19,6,3
11,9,15
1,4,9
3,7,35
27,4,2
15,9,17
46,5,44
16,9,23
0,8,32
54,0,53
20,15,55
31,12,61
34,12,60
0,4,35
4,10,25
35,5,35
1,5,32
42,8,54
20,16,59
16,8,12
34,5,32
31,7,38
22,3,19
10,9,12
15,8,19
0,6,30
55,0,43
33,1,3
24,5,31
4,9,18
21,7,31
13,12,37
24,6,3
30,13,55
12,12,37
54,3,56
45,1,37
44,0,35
25,2,13
61,2,51
38,5,36
10,8,9
53,4,55
37,2,33
20,10,36
13,8,18
49,4,53
40,2,32
56,1,55
9,12,43
22,4,25
9,10,21
1,6,31
5,15,59
24,3,17
44,5,40
44,10,60
9,14,54
11,14,50
15,7,23
10,15,54
33,7,39
36,7,38
17,6,28
23,12,47
12,10,27
10,11,13
19,15,45
54,5,60
25,4,22
12,10,12
61,7,62
36,12,61
38,2,30
13,10,10
1,5,37
17,8,10
27,5,30
21,4,12
22,8,36
25,14,59
30,1,16
7,14,61
32,8,40
4,8,48
25,15,58
30,7,37
26,6,29
47,1,42
44,5,46
16,11,38
16,8,20
45,0,36
31,12,50
42,7,52
25,4,5
23,9,40
16,11,36
52,4,54
18,16,57
14,10,35
13,11,38
17,17,62
42,0,31
0,10,57
20,12,44
21,4,16
12,9,25
9,11,36
49,5,62
18,7,17
29,1,28
33,2,30
15,14,43
38,4,39
11,14,51
22,6,12
29,13,60
28,2,29
11,9,28
17,7,8
3,8,40
46,4,46
19,7,10
46,4,53
14,13,46
5,9,27
31,9,46
45,7,56
31,1,14
19,5,25
23,5,30
3,9,54
31,10,45
63,2,50
61,0,49
38,3,35
47,3,47
27,0,20
36,2,30
11,9,11
37,5,38
18,13,45
23,4,14
38,5,44
30,0,11
39,8,51
4,6,44
26,4,1
7,10,18
58,1,53
28,3,6
43,0,30
7,9,22
47,4,51
27,5,33
25,15,52
43,10,63
14,8,24
16,12,40
3,7,41
12,9,13
31,2,3
4,11,24
27,14,53
37,6,43
3,6,1
2,8,16
30,12,57
42,10,55
27,12,47
22,5,21
32,11,54
35,6,44
21,11,38
25,2,26
10,9,27
27,0,10
22,5,22
37,2,1
23,15,52
24,4,13
49,6,60
36,6,46
25,14,61
46,2,44
