3,0,60
0,2,53
2,0,46
1,1,49
4,0,57
1,1,51
0,1,57
1,1,53
1,1,56
2,1,57
2,0,50
5,0,51
2,1,54
1,2,54
2,1,51
2,1,53
4,0,48
1,0,52
0,0,46
2,1,59
6,0,50
4,0,49
0,1,49
2,1,52
0,1,61
5,0,52
1,0,50
1,0,55
2,1,58
3,0,46
1,2,53
1,0,60
0,2,57
3,0,49
3,0,48
2,2,53
4,0,58
2,0,49
1,1,61
2,0,56
0,0,60
4,0,56
0,2,56
3,1,54
2,0,60
4,0,55
5,0,55
2,0,57
3,1,56
3,1,55
3,0,59
1,1,58
2,0,51
3,0,52
0,0,59
0,0,44
1,1,55
0,0,58
4,0,51
1,0,56
1,1,52
3,0,62
2,0,47
0,1,63
3,1,52
0,2,52
4,1,51
1,1,54
1,0,47
3,0,56
2,2,52
2,1,61
0,0,62
1,0,57
2,0,62
3,1,51
5,0,54
0,1,56
0,1,54
4,0,54
1,0,45
4,0,50
1,1,60
5,0,56
2,1,48
2,0,55
1,2,51
0,1,50
3,0,58
0,1,55
1,0,49
1,0,46
2,0,52
0,0,61
1,1,57
3,0,55
2,1,56
3,1,53
1,1,59
3,0,50
1,1,48
0,1,58
2,0,54
4,0,53
0,1,62
1,1,50
3,0,51
5,0,48
1,0,58
1,0,53
0,2,55
0,2,58
4,0,52
0,1,52
2,0,59
3,0,47
2,0,61
2,0,53
1,0,48
0,2,54
2,0,58
0,1,59
1,0,59
1,0,62
1,0,51
2,0,48
0,0,57
4,1,52
1,0,44
1,0,54
0,0,63
0,1,53
4,0,59
0,1,51
2,1,55
1,0,63
1,2,52
4,0,46
3,0,57
3,0,53
5,0,53
0,1,48
2,2,51
2,0,63
1,0,61
2,2,54
3,0,61
0,1,47
0,0,45
3,0,54
2,0,45
5,0,50
0,0,47
0,1,60
1,2,55
1,1,62
6,0,54
