0,0,24
0,0,25
0,1,25
0,1,26
0,2,26
0,1,27
0,2,27
0,3,27
0,2,28
0,3,28
0,3,29
0,4,29
0,3,30
0,4,30
0,4,31
0,5,31
0,5,32
0,5,33
0,6,33
0,6,34
0,7,34
0,7,35
0,7,36
0,8,36
0,7,37
0,8,37
0,8,38
0,9,38
0,8,39
0,9,39
0,9,40
0,10,40
0,9,41
0,10,41
0,10,42
0,11,42
0,11,43
0,12,43
0,11,44
0,12,44
0,12,45
0,13,45
0,13,46
0,13,47
0,14,47
0,14,48
0,15,48
0,15,49
0,15,50
0,16,50
0,16,51
0,17,51
0,17,52
0,18,52
0,17,53
0,18,53
0,18,54
0,19,54
0,19,55
0,20,55
0,19,56
0,20,56
0,20,57
0,21,57
0,21,58
0,22,58
0,21,59
0,22,59
0,22,60
0,23,60
0,22,61
0,23,61
0,22,62
0,23,62
0,23,63
1,0,24
1,0,25
1,1,25
1,1,26
1,2,26
1,1,27
1,2,27
1,3,27
1,2,28
1,3,28
1,3,29
1,4,29
1,4,30
1,5,30
1,4,31
1,5,31
1,5,32
1,6,32
1,5,33
1,6,33
1,6,34
1,7,34
1,7,35
1,7,36
1,8,36
1,8,37
1,9,37
1,8,38
1,9,38
1,9,39
1,10,39
1,9,40
1,10,40
1,10,41
1,11,41
1,11,42
1,11,43
1,12,43
1,12,44
1,12,45
1,13,45
1,13,46
1,14,46
1,14,47
1,14,48
1,15,48
1,15,49
1,16,49
1,15,50
1,16,50
1,16,51
1,17,51
1,17,52
1,18,52
1,18,53
1,19,53
1,18,54
1,19,54
1,19,55
1,20,55
1,20,56
1,21,56
1,20,57
1,21,57
1,22,57
1,21,58
1,22,58
1,22,59
1,23,59
1,22,60
1,23,60
1,23,61
1,23,62
1,23,63
2,0,24
2,0,25
2,1,25
2,1,26
2,1,27
2,2,27
2,2,28
2,3,28
2,3,29
2,4,29
2,4,30
2,5,30
2,5,31
2,5,32
2,6,32
2,6,33
2,6,34
2,7,34
2,7,35
2,8,35
2,7,36
2,8,36
2,8,37
2,9,37
2,9,38
2,9,39
2,10,39
2,10,40
2,10,41
2,11,41
2,11,42
2,11,43
2,12,43
2,12,44
2,13,44
2,12,45
2,13,45
2,13,46
2,14,46
2,14,47
2,15,47
2,14,48
2,15,48
2,15,49
2,16,49
2,16,50
2,17,50
2,16,51
2,17,51
2,17,52
2,18,52
2,18,53
2,19,53
2,19,54
2,20,54
2,19,55
2,20,55
2,20,56
2,21,56
2,21,57
2,22,57
2,22,58
2,23,58
2,22,59
2,23,59
2,23,60
2,23,61
2,23,62
2,23,63
3,0,22
3,0,23
3,0,24
3,1,24
3,0,25
3,1,25
3,2,25
3,1,26
3,2,26
3,2,27
3,3,27
3,2,28
3,3,28
3,3,29
3,4,29
3,4,30
3,5,30
3,5,31
3,5,32
3,6,32
3,6,33
3,7,33
3,6,34
3,7,34
3,7,35
3,8,35
3,8,36
3,8,37
3,9,37
3,9,38
3,9,39
3,10,39
3,10,40
3,10,41
3,11,41
3,11,42
3,12,42
3,11,43
3,12,43
3,12,44
3,13,44
3,13,45
3,14,45
3,13,46
3,14,46
3,14,47
3,15,47
3,15,48
3,15,49
3,16,49
3,16,50
3,17,50
3,17,51
3,18,51
3,17,52
3,18,52
3,18,53
3,19,53
3,19,54
3,20,54
3,20,55
3,21,55
3,20,56
3,21,56
3,22,56
3,21,57
3,22,57
3,22,58
3,23,58
3,23,59
3,23,60
4,0,21
4,0,22
4,0,23
4,1,23
4,0,24
4,1,24
4,1,25
4,2,25
4,2,26
4,3,26
4,2,27
4,3,27
4,3,28
4,4,28
4,3,29
4,4,29
4,5,29
4,4,30
4,5,30
4,5,31
4,6,31
4,5,32
4,6,32
4,6,33
4,7,33
4,7,34
4,7,35
4,8,35
4,8,36
4,8,37
4,9,37
4,9,38
4,9,39
4,10,39
4,10,40
4,10,41
4,11,41
4,11,42
4,12,42
4,11,43
4,12,43
4,12,44
4,13,44
4,13,45
4,14,45
4,13,46
4,14,46
4,14,47
4,15,47
4,15,48
4,16,48
4,15,49
4,16,49
4,16,50
4,17,50
4,17,51
4,18,51
4,18,52
4,19,52
4,19,53
4,19,54
4,20,54
4,20,55
4,21,55
4,21,56
4,22,56
4,22,57
4,23,57
4,22,58
4,23,58
4,23,59
5,0,21
5,0,22
5,0,23
5,1,23
5,1,24
5,2,24
5,1,25
5,2,25
5,2,26
5,3,26
5,3,27
5,4,27
5,3,28
5,4,28
5,4,29
5,5,29
5,4,30
5,5,30
5,5,31
5,6,31
5,6,32
5,6,33
5,7,33
5,6,34
5,7,34
5,7,35
5,8,35
5,7,36
5,8,36
5,8,37
5,9,37
5,8,38
5,9,38
5,9,39
5,10,39
5,10,40
5,10,41
5,11,41
5,11,42
5,11,43
5,12,43
5,12,44
5,13,44
5,13,45
5,14,45
5,13,46
5,14,46
5,14,47
5,15,47
5,15,48
5,16,48
5,16,49
5,16,50
5,17,50
5,17,51
5,18,51
5,18,52
5,19,52
5,19,53
5,20,53
5,19,54
5,20,54
5,20,55
5,21,55
5,21,56
5,22,56
5,22,57
5,23,57
5,23,58
6,0,22
6,0,23
6,1,23
6,1,24
6,2,24
6,2,25
6,2,26
6,3,26
6,3,27
6,3,28
6,4,28
6,4,29
6,4,30
6,5,30
6,5,31
6,6,31
6,5,32
6,6,32
6,6,33
6,6,34
6,7,34
6,7,35
6,7,36
6,8,36
6,8,37
6,8,38
6,9,38
6,9,39
6,10,39
6,10,40
6,10,41
6,11,41
6,11,42
6,11,43
6,12,43
6,12,44
6,13,44
6,13,45
6,14,45
6,13,46
6,14,46
6,14,47
6,15,47
6,15,48
6,16,48
6,16,49
6,16,50
6,17,50
6,17,51
6,18,51
6,18,52
6,19,52
6,19,53
6,20,53
6,20,54
6,20,55
6,21,55
6,21,56
6,22,56
6,22,57
6,23,57
6,23,58
7,0,22
7,0,23
7,1,23
7,1,24
7,1,25
7,2,25
7,2,26
7,3,26
7,2,27
7,3,27
7,3,28
7,4,28
7,3,29
7,4,29
7,3,30
7,4,30
7,5,30
7,4,31
7,5,31
7,4,32
7,5,32
7,6,32
7,5,33
7,6,33
7,5,34
7,6,34
7,7,34
7,6,35
7,7,35
7,7,36
7,8,36
7,7,37
7,8,37
7,8,38
7,9,38
7,9,39
7,10,39
7,9,40
7,10,40
7,10,41
7,11,41
7,11,42
7,11,43
7,12,43
7,12,44
7,13,44
7,13,45
7,14,45
7,13,46
7,14,46
7,14,47
7,15,47
7,15,48
7,16,48
7,16,49
7,16,50
7,17,50
7,17,51
7,18,51
7,18,52
7,19,52
7,19,53
7,20,53
7,19,54
7,20,54
7,20,55
7,21,55
7,21,56
7,22,56
7,22,57
7,23,57
7,23,58
8,0,22
8,0,23
8,1,23
8,0,24
8,1,24
8,1,25
8,2,25
8,1,26
8,2,26
8,2,27
8,3,27
8,2,28
8,3,28
8,2,29
8,3,29
8,3,30
8,4,30
8,3,31
8,4,31
8,3,32
8,4,32
8,5,32
8,4,33
8,5,33
8,5,34
8,6,34
8,6,35
8,7,35
8,6,36
8,7,36
8,7,37
8,8,37
8,8,38
8,9,38
8,9,39
8,9,40
8,10,40
8,10,41
8,11,41
8,11,42
8,11,43
8,12,43
8,12,44
8,13,44
8,13,45
8,13,46
8,14,46
8,14,47
8,15,47
8,15,48
8,16,48
8,16,49
8,16,50
8,17,50
8,17,51
8,18,51
8,18,52
8,19,52
8,19,53
8,19,54
8,20,54
8,20,55
8,21,55
8,21,56
8,22,56
8,22,57
8,23,57
9,0,23
9,0,24
9,1,24
9,0,25
9,1,25
9,1,26
9,2,26
9,1,27
9,2,27
9,1,28
9,2,28
9,2,29
9,3,29
9,2,30
9,3,30
9,2,31
9,3,31
9,3,32
9,4,32
9,4,33
9,5,33
9,5,34
9,6,34
9,5,35
9,6,35
9,6,36
9,7,36
9,7,37
9,8,37
9,8,38
9,9,38
9,8,39
9,9,39
9,9,40
9,10,40
9,10,41
9,11,41
9,11,42
9,11,43
9,12,43
9,12,44
9,13,44
9,13,45
9,13,46
9,14,46
9,14,47
9,15,47
9,15,48
9,15,49
9,16,49
9,16,50
9,17,50
9,17,51
9,18,51
9,18,52
9,19,52
9,18,53
9,19,53
9,19,54
9,20,54
9,20,55
9,21,55
9,21,56
9,22,56
9,22,57
9,23,57
10,0,23
10,0,24
10,0,25
10,1,25
10,0,26
10,1,26
10,0,27
10,1,27
10,0,28
10,1,28
10,2,28
10,1,29
10,2,29
10,1,30
10,2,30
10,2,31
10,3,31
10,3,32
10,4,32
10,4,33
10,5,33
10,4,34
10,5,34
10,6,34
10,5,35
10,6,35
10,6,36
10,7,36
10,7,37
10,8,37
10,8,38
10,8,39
10,9,39
10,9,40
10,10,40
10,10,41
10,11,41
10,10,42
10,11,42
10,11,43
10,12,43
10,12,44
10,13,44
10,12,45
10,13,45
10,13,46
10,14,46
10,14,47
10,15,47
10,14,48
10,15,48
10,15,49
10,16,49
10,16,50
10,17,50
10,17,51
10,18,51
10,17,52
10,18,52
10,18,53
10,19,53
10,19,54
10,20,54
10,20,55
10,21,55
10,21,56
10,22,56
10,23,56
10,22,57
10,23,57
11,0,24
11,0,25
11,0,26
11,0,27
11,0,28
11,1,28
11,0,29
11,1,29
11,1,30
11,2,30
11,2,31
11,3,31
11,3,32
11,4,32
11,3,33
11,4,33
11,4,34
11,5,34
11,4,35
11,5,35
11,6,35
11,5,36
11,6,36
11,7,36
11,6,37
11,7,37
11,8,37
11,7,38
11,8,38
11,8,39
11,9,39
11,9,40
11,10,40
11,9,41
11,10,41
11,10,42
11,11,42
11,10,43
11,11,43
11,12,43
11,11,44
11,12,44
11,12,45
11,13,45
11,12,46
11,13,46
11,13,47
11,14,47
11,14,48
11,15,48
11,15,49
11,16,49
11,15,50
11,16,50
11,16,51
11,17,51
11,17,52
11,18,52
11,18,53
11,19,53
11,19,54
11,20,54
11,20,55
11,21,55
11,20,56
11,21,56
11,22,56
11,23,56
11,22,57
11,23,57
12,0,26
12,0,27
12,0,28
12,0,29
12,1,29
12,0,30
12,1,30
12,1,31
12,2,31
12,2,32
12,3,32
12,3,33
12,3,34
12,4,34
12,4,35
12,5,35
12,5,36
12,6,36
12,6,37
12,7,37
12,7,38
12,8,38
12,8,39
12,9,39
12,8,40
12,9,40
12,9,41
12,10,41
12,10,42
12,11,42
12,10,43
12,11,43
12,12,43
12,11,44
12,12,44
12,12,45
12,13,45
12,12,46
12,13,46
12,14,46
12,13,47
12,14,47
12,14,48
12,15,48
12,15,49
12,16,49
12,15,50
12,16,50
12,17,50
12,16,51
12,17,51
12,17,52
12,18,52
12,18,53
12,19,53
12,19,54
12,20,54
12,19,55
12,20,55
12,21,55
12,21,56
12,22,56
12,23,56
12,22,57
12,23,57
13,0,28
13,0,29
13,1,29
13,0,30
13,1,30
13,2,30
13,1,31
13,2,31
13,3,31
13,2,32
13,3,32
13,3,33
13,4,33
13,4,34
13,5,34
13,4,35
13,5,35
13,5,36
13,6,36
13,6,37
13,7,37
13,7,38
13,8,38
13,8,39
13,9,39
13,8,40
13,9,40
13,9,41
13,10,41
13,9,42
13,10,42
13,11,42
13,10,43
13,11,43
13,12,43
13,11,44
13,12,44
13,12,45
13,13,45
13,13,46
13,14,46
13,14,47
13,15,47
13,14,48
13,15,48
13,15,49
13,16,49
13,16,50
13,17,50
13,16,51
13,17,51
13,18,51
13,17,52
13,18,52
13,18,53
13,19,53
13,19,54
13,20,54
13,20,55
13,21,55
13,21,56
13,22,56
13,22,57
13,23,57
14,0,27
14,0,28
14,0,29
14,1,29
14,1,30
14,2,30
14,2,31
14,3,31
14,3,32
14,4,32
14,3,33
14,4,33
14,4,34
14,5,34
14,5,35
14,6,35
14,5,36
14,6,36
14,6,37
14,7,37
14,7,38
14,8,38
14,7,39
14,8,39
14,7,40
14,8,40
14,9,40
14,9,41
14,10,41
14,9,42
14,10,42
14,10,43
14,11,43
14,11,44
14,12,44
14,12,45
14,13,45
14,12,46
14,13,46
14,14,46
14,14,47
14,15,47
14,14,48
14,15,48
14,16,48
14,15,49
14,16,49
14,17,49
14,16,50
14,17,50
14,17,51
14,18,51
14,18,52
14,19,52
14,18,53
14,19,53
14,20,53
14,19,54
14,20,54
14,20,55
14,21,55
14,22,55
14,21,56
14,22,56
14,23,56
14,22,57
14,23,57
14,23,58
15,0,27
15,0,28
15,0,29
15,1,29
15,1,30
15,2,30
15,2,31
15,3,31
15,3,32
15,4,32
15,3,33
15,4,33
15,3,34
15,4,34
15,5,34
15,4,35
15,5,35
15,5,36
15,6,36
15,5,37
15,6,37
15,7,37
15,6,38
15,7,38
15,6,39
15,7,39
15,6,40
15,7,40
15,8,40
15,9,40
15,7,41
15,8,41
15,9,41
15,10,41
15,8,42
15,9,42
15,10,42
15,11,42
15,10,43
15,11,43
15,12,43
15,10,44
15,11,44
15,12,44
15,11,45
15,12,45
15,12,46
15,13,46
15,14,46
15,12,47
15,13,47
15,14,47
15,15,47
15,13,48
15,14,48
15,15,48
15,16,48
15,15,49
15,16,49
15,17,49
15,17,50
15,18,50
15,17,51
15,18,51
15,18,52
15,19,52
15,19,53
15,20,53
15,20,54
15,21,54
15,20,55
15,21,55
15,22,55
15,23,55
15,22,56
15,23,56
15,23,57
16,0,27
16,0,28
16,0,29
16,1,29
16,0,30
16,1,30
16,2,30
16,1,31
16,2,31
16,1,32
16,2,32
16,3,32
16,2,33
16,3,33
16,2,34
16,3,34
16,4,34
16,3,35
16,4,35
16,4,36
16,5,36
16,4,37
16,5,37
16,5,38
16,6,38
16,6,39
16,7,39
16,7,40
16,8,40
16,7,41
16,8,41
16,9,41
16,10,41
16,8,42
16,9,42
16,10,42
16,9,43
16,10,43
16,11,43
16,10,44
16,11,44
16,10,45
16,11,45
16,12,45
16,11,46
16,12,46
16,12,47
16,13,47
16,13,48
16,14,48
16,15,48
16,14,49
16,15,49
16,16,49
16,17,49
16,17,50
16,18,50
16,18,51
16,19,51
16,18,52
16,19,52
16,19,53
16,20,53
16,20,54
16,21,54
16,21,55
16,22,55
16,23,55
16,22,56
16,23,56
16,23,57
17,0,28
17,0,29
17,0,30
17,1,30
17,0,31
17,1,31
17,0,32
17,1,32
17,2,32
17,1,33
17,2,33
17,2,34
17,3,34
17,4,34
17,3,35
17,4,35
17,4,36
17,5,36
17,4,37
17,5,37
17,5,38
17,6,38
17,7,38
17,6,39
17,7,39
17,8,39
17,7,40
17,8,40
17,8,41
17,9,41
17,10,41
17,11,41
17,9,42
17,10,42
17,11,42
17,12,42
17,9,43
17,10,43
17,11,43
17,12,43
17,10,44
17,11,44
17,11,45
17,12,45
17,11,46
17,12,46
17,12,47
17,13,47
17,13,48
17,14,48
17,14,49
17,15,49
17,16,49
17,16,50
17,17,50
17,18,50
17,18,51
17,19,51
17,18,52
17,19,52
17,19,53
17,20,53
17,20,54
17,21,54
17,21,55
17,22,55
17,23,55
17,22,56
17,23,56
18,0,30
18,0,31
18,1,31
18,0,32
18,1,32
18,1,33
18,2,33
18,3,33
18,2,34
18,3,34
18,4,34
18,4,35
18,5,35
18,4,36
18,5,36
18,6,36
18,5,37
18,6,37
18,6,38
18,7,38
18,8,38
18,7,39
18,8,39
18,9,39
18,8,40
18,9,40
18,8,41
18,9,41
18,10,41
18,11,41
18,11,42
18,12,42
18,11,43
18,12,43
18,11,44
18,12,44
18,11,45
18,12,45
18,13,45
18,12,46
18,13,46
18,12,47
18,13,47
18,14,47
18,13,48
18,14,48
18,15,48
18,14,49
18,15,49
18,16,49
18,17,49
18,16,50
18,17,50
18,18,50
18,18,51
18,19,51
18,19,52
18,19,53
18,20,53
18,20,54
18,21,54
18,21,55
18,22,55
18,23,55
18,23,56
19,0,29
19,0,30
19,1,30
19,0,31
19,1,31
19,1,32
19,2,32
19,1,33
19,2,33
19,3,33
19,3,34
19,4,34
19,4,35
19,5,35
19,4,36
19,5,36
19,6,36
19,6,37
19,7,37
19,6,38
19,7,38
19,8,38
19,8,39
19,9,39
19,9,40
19,10,40
19,9,41
19,10,41
19,11,41
19,11,42
19,12,42
19,12,43
19,12,44
19,13,44
19,12,45
19,13,45
19,12,46
19,13,46
19,14,46
19,13,47
19,14,47
19,14,48
19,15,48
19,14,49
19,15,49
19,16,49
19,17,49
19,17,50
19,18,50
19,18,51
19,19,51
19,19,52
19,19,53
19,20,53
19,21,53
19,20,54
19,21,54
19,21,55
19,22,55
19,23,55
19,22,56
19,23,56
20,0,28
20,0,29
20,0,30
20,1,30
20,1,31
20,2,31
20,1,32
20,2,32
20,3,32
20,2,33
20,3,33
20,4,33
20,3,34
20,4,34
20,5,34
20,4,35
20,5,35
20,5,36
20,6,36
20,6,37
20,7,37
20,7,38
20,8,38
20,8,39
20,9,39
20,9,40
20,10,40
20,10,41
20,11,41
20,11,42
20,12,42
20,12,43
20,12,44
20,13,44
20,13,45
20,14,45
20,13,46
20,14,46
20,15,46
20,14,47
20,15,47
20,14,48
20,15,48
20,16,48
20,16,49
20,17,49
20,17,50
20,18,50
20,18,51
20,19,51
20,18,52
20,19,52
20,19,53
20,20,53
20,20,54
20,21,54
20,21,55
20,22,55
20,23,55
20,23,56
21,0,28
21,0,29
21,0,30
21,1,30
21,1,31
21,2,31
21,2,32
21,3,32
21,3,33
21,4,33
21,4,34
21,5,34
21,5,35
21,6,35
21,5,36
21,6,36
21,6,37
21,7,37
21,7,38
21,8,38
21,8,39
21,9,39
21,9,40
21,10,40
21,10,41
21,11,41
21,11,42
21,12,42
21,12,43
21,12,44
21,13,44
21,13,45
21,14,45
21,14,46
21,15,46
21,14,47
21,15,47
21,15,48
21,16,48
21,16,49
21,17,49
21,17,50
21,18,50
21,18,51
21,18,52
21,19,52
21,19,53
21,20,53
21,20,54
21,21,54
21,21,55
21,22,55
21,23,55
21,23,56
22,0,28
22,0,29
22,0,30
22,1,30
22,1,31
22,2,31
22,2,32
22,3,32
22,3,33
22,4,33
22,4,34
22,5,34
22,5,35
22,5,36
22,6,36
22,7,36
22,6,37
22,7,37
22,7,38
22,8,38
22,8,39
22,9,39
22,9,40
22,10,40
22,10,41
22,11,41
22,11,42
22,11,43
22,12,43
22,12,44
22,13,44
22,13,45
22,14,45
22,14,46
22,14,47
22,15,47
22,15,48
22,16,48
22,16,49
22,17,49
22,17,50
22,18,50
22,17,51
22,18,51
22,18,52
22,19,52
22,19,53
22,20,53
22,20,54
22,21,54
22,21,55
22,22,55
22,23,55
22,22,56
22,23,56
23,0,28
23,0,29
23,1,29
23,0,30
23,1,30
23,1,31
23,2,31
23,2,32
23,3,32
23,3,33
23,4,33
23,3,34
23,4,34
23,5,34
23,4,35
23,5,35
23,5,36
23,6,36
23,6,37
23,7,37
23,7,38
23,8,38
23,8,39
23,9,39
23,9,40
23,10,40
23,10,41
23,11,41
23,10,42
23,11,42
23,11,43
23,12,43
23,12,44
23,13,44
23,13,45
23,13,46
23,14,46
23,14,47
23,15,47
23,15,48
23,16,48
23,16,49
23,17,49
23,16,50
23,17,50
23,17,51
23,18,51
23,18,52
23,19,52
23,19,53
23,20,53
23,20,54
23,21,54
23,21,55
23,22,55
23,21,56
23,22,56
23,23,56
23,23,57
24,0,28
24,0,29
24,0,30
24,1,30
24,1,31
24,2,31
24,1,32
24,2,32
24,3,32
24,2,33
24,3,33
24,3,34
24,4,34
24,4,35
24,5,35
24,5,36
24,6,36
24,6,37
24,7,37
24,7,38
24,8,38
24,8,39
24,9,39
24,9,40
24,9,41
24,10,41
24,10,42
24,11,42
24,11,43
24,12,43
24,12,44
24,13,44
24,12,45
24,13,45
24,13,46
24,14,46
24,14,47
24,15,47
24,15,48
24,16,48
24,16,49
24,16,50
24,17,50
24,17,51
24,18,51
24,18,52
24,19,52
24,19,53
24,20,53
24,19,54
24,20,54
24,21,54
24,20,55
24,21,55
24,22,55
24,21,56
24,22,56
24,23,56
24,23,57
25,0,29
25,0,30
25,1,30
25,0,31
25,1,31
25,1,32
25,2,32
25,2,33
25,3,33
25,3,34
25,4,34
25,4,35
25,5,35
25,4,36
25,5,36
25,6,36
25,5,37
25,6,37
25,7,37
25,6,38
25,7,38
25,8,38
25,7,39
25,8,39
25,9,39
25,8,40
25,9,40
25,9,41
25,10,41
25,10,42
25,11,42
25,11,43
25,12,43
25,12,44
25,12,45
25,13,45
25,13,46
25,14,46
25,14,47
25,15,47
25,15,48
25,15,49
25,16,49
25,16,50
25,17,50
25,17,51
25,18,51
25,18,52
25,19,52
25,18,53
25,19,53
25,19,54
25,20,54
25,20,55
25,21,55
25,21,56
25,22,56
25,23,56
25,22,57
25,23,57
26,0,29
26,0,30
26,1,30
26,0,31
26,1,31
26,1,32
26,2,32
26,2,33
26,3,33
26,2,34
26,3,34
26,3,35
26,4,35
26,4,36
26,5,36
26,5,37
26,6,37
26,6,38
26,7,38
26,7,39
26,8,39
26,8,40
26,9,40
26,9,41
26,10,41
26,10,42
26,11,42
26,11,43
26,12,43
26,11,44
26,12,44
26,12,45
26,13,45
26,13,46
26,14,46
26,14,47
26,14,48
26,15,48
26,15,49
26,16,49
26,16,50
26,17,50
26,17,51
26,18,51
26,18,52
26,18,53
26,19,53
26,19,54
26,20,54
26,20,55
26,21,55
26,21,56
26,22,56
26,21,57
26,22,57
26,23,57
26,23,58
27,0,29
27,0,30
27,1,30
27,1,31
27,2,31
27,1,32
27,2,32
27,2,33
27,3,33
27,2,34
27,3,34
27,3,35
27,4,35
27,4,36
27,5,36
27,5,37
27,6,37
27,6,38
27,7,38
27,7,39
27,8,39
27,8,40
27,9,40
27,9,41
27,10,41
27,10,42
27,11,42
27,11,43
27,12,43
27,11,44
27,12,44
27,12,45
27,13,45
27,13,46
27,14,46
27,14,47
27,14,48
27,15,48
27,15,49
27,16,49
27,16,50
27,17,50
27,17,51
27,18,51
27,17,52
27,18,52
27,18,53
27,19,53
27,19,54
27,20,54
27,20,55
27,21,55
27,20,56
27,21,56
27,22,56
27,21,57
27,22,57
27,23,57
27,23,58
28,0,28
28,0,29
28,0,30
28,1,30
28,1,31
28,2,31
28,2,32
28,3,32
28,2,33
28,3,33
28,3,34
28,4,34
28,3,35
28,4,35
28,5,35
28,4,36
28,5,36
28,6,36
28,5,37
28,6,37
28,6,38
28,7,38
28,7,39
28,8,39
28,8,40
28,9,40
28,9,41
28,10,41
28,10,42
28,11,42
28,10,43
28,11,43
28,11,44
28,12,44
28,12,45
28,13,45
28,13,46
28,14,46
28,13,47
28,14,47
28,14,48
28,15,48
28,15,49
28,16,49
28,16,50
28,17,50
28,16,51
28,17,51
28,17,52
28,18,52
28,18,53
28,19,53
28,19,54
28,19,55
28,20,55
28,20,56
28,21,56
28,21,57
28,22,57
28,23,57
28,23,58
28,23,59
29,0,28
29,0,29
29,1,29
29,0,30
29,1,30
29,1,31
29,2,31
29,2,32
29,3,32
29,3,33
29,4,33
29,3,34
29,4,34
29,5,34
29,4,35
29,5,35
29,5,36
29,6,36
29,6,37
29,7,37
29,6,38
29,7,38
29,7,39
29,8,39
29,8,40
29,9,40
29,9,41
29,10,41
29,10,42
29,10,43
29,11,43
29,11,44
29,12,44
29,12,45
29,13,45
29,13,46
29,13,47
29,14,47
29,14,48
29,15,48
29,15,49
29,16,49
29,15,50
29,16,50
29,16,51
29,17,51
29,17,52
29,18,52
29,18,53
29,19,53
29,18,54
29,19,54
29,19,55
29,20,55
29,20,56
29,21,56
29,21,57
29,22,57
29,23,57
29,22,58
29,23,58
29,23,59
29,23,60
30,0,21
30,0,28
30,0,29
30,0,30
30,1,30
30,1,31
30,2,31
30,2,32
30,3,32
30,3,33
30,4,33
30,3,34
30,4,34
30,4,35
30,5,35
30,5,36
30,6,36
30,6,37
30,7,37
30,7,38
30,8,38
30,7,39
30,8,39
30,8,40
30,9,40
30,9,41
30,10,41
30,10,42
30,10,43
30,11,43
30,11,44
30,12,44
30,12,45
30,13,45
30,12,46
30,13,46
30,13,47
30,14,47
30,14,48
30,15,48
30,15,49
30,16,49
30,15,50
30,16,50
30,16,51
30,17,51
30,17,52
30,18,52
30,17,53
30,18,53
30,19,53
30,18,54
30,19,54
30,19,55
30,20,55
30,20,56
30,21,56
30,21,57
30,22,57
30,21,58
30,22,58
30,23,58
30,22,59
30,23,59
30,23,60
31,0,21
31,0,28
31,0,29
31,0,30
31,1,30
31,1,31
31,2,31
31,1,32
31,2,32
31,3,32
31,2,33
31,3,33
31,3,34
31,4,34
31,4,35
31,5,35
31,4,36
31,5,36
31,6,36
31,5,37
31,6,37
31,7,37
31,6,38
31,7,38
31,8,38
31,8,39
31,8,40
31,9,40
31,9,41
31,10,41
31,10,42
31,10,43
31,11,43
31,11,44
31,12,44
31,12,45
31,12,46
31,13,46
31,13,47
31,14,47
31,14,48
31,14,49
31,15,49
31,15,50
31,16,50
31,16,51
31,17,51
31,17,52
31,17,53
31,18,53
31,18,54
31,19,54
31,19,55
31,20,55
31,19,56
31,20,56
31,21,56
31,20,57
31,21,57
31,21,58
31,22,58
31,22,59
31,23,59
31,23,60
31,23,61
32,0,21
32,0,27
32,0,28
32,0,29
32,0,30
32,1,30
32,1,31
32,1,32
32,2,32
32,2,33
32,3,33
32,3,34
32,4,34
32,4,35
32,5,35
32,5,36
32,6,36
32,5,37
32,6,37
32,6,38
32,7,38
32,7,39
32,8,39
32,8,40
32,9,40
32,9,41
32,10,41
32,9,42
32,10,42
32,10,43
32,11,43
32,11,44
32,12,44
32,11,45
32,12,45
32,12,46
32,13,46
32,13,47
32,14,47
32,14,48
32,14,49
32,15,49
32,15,50
32,16,50
32,16,51
32,17,51
32,16,52
32,17,52
32,17,53
32,18,53
32,18,54
32,19,54
32,19,55
32,19,56
32,20,56
32,20,57
32,21,57
32,21,58
32,22,58
32,22,59
32,23,59
32,22,60
32,23,60
32,23,61
32,23,62
33,0,21
33,0,22
33,0,27
33,0,28
33,1,28
33,0,29
33,1,29
33,1,30
33,2,30
33,1,31
33,2,31
33,2,32
33,3,32
33,2,33
33,3,33
33,4,33
33,3,34
33,4,34
33,4,35
33,5,35
33,5,36
33,6,36
33,6,37
33,7,37
33,6,38
33,7,38
33,7,39
33,8,39
33,8,40
33,9,40
33,9,41
33,9,42
33,10,42
33,10,43
33,11,43
33,11,44
33,11,45
33,12,45
33,12,46
33,13,46
33,13,47
33,14,47
33,13,48
33,14,48
33,14,49
33,15,49
33,15,50
33,16,50
33,16,51
33,16,52
33,17,52
33,17,53
33,18,53
33,18,54
33,19,54
33,18,55
33,19,55
33,19,56
33,20,56
33,20,57
33,21,57
33,20,58
33,21,58
33,22,58
33,21,59
33,22,59
33,22,60
33,23,60
33,22,61
33,23,61
33,23,62
33,23,63
34,0,21
34,0,22
34,0,26
34,0,27
34,0,28
34,1,28
34,1,29
34,2,29
34,1,30
34,2,30
34,3,30
34,2,31
34,3,31
34,2,32
34,3,32
34,4,32
34,3,33
34,4,33
34,4,34
34,5,34
34,4,35
34,5,35
34,5,36
34,6,36
34,6,37
34,7,37
34,7,38
34,8,38
34,7,39
34,8,39
34,8,40
34,9,40
34,9,41
34,10,41
34,9,42
34,10,42
34,10,43
34,11,43
34,11,44
34,11,45
34,12,45
34,12,46
34,13,46
34,13,47
34,14,47
34,13,48
34,14,48
34,14,49
34,15,49
34,15,50
34,16,50
34,15,51
34,16,51
34,16,52
34,17,52
34,17,53
34,18,53
34,17,54
34,18,54
34,18,55
34,19,55
34,18,56
34,19,56
34,19,57
34,20,57
34,20,58
34,21,58
34,20,59
34,21,59
34,22,59
34,21,60
34,22,60
34,22,61
34,23,61
34,22,62
34,23,62
34,23,63
35,0,21
35,0,22
35,0,26
35,0,27
35,1,27
35,0,28
35,1,28
35,1,29
35,2,29
35,2,30
35,3,30
35,3,31
35,4,31
35,3,32
35,4,32
35,4,33
35,5,33
35,4,34
35,5,34
35,5,35
35,6,35
35,5,36
35,6,36
35,7,36
35,6,37
35,7,37
35,7,38
35,8,38
35,8,39
35,8,40
35,9,40
35,9,41
35,10,41
35,10,42
35,10,43
35,11,43
35,11,44
35,11,45
35,12,45
35,12,46
35,13,46
35,13,47
35,14,47
35,13,48
35,14,48
35,14,49
35,15,49
35,14,50
35,15,50
35,15,51
35,16,51
35,16,52
35,16,53
35,17,53
35,17,54
35,18,54
35,17,55
35,18,55
35,18,56
35,19,56
35,18,57
35,19,57
35,20,57
35,19,58
35,20,58
35,20,59
35,21,59
35,21,60
35,22,60
35,21,61
35,22,61
35,22,62
35,23,62
35,23,63
36,0,21
36,1,21
36,0,22
36,0,26
36,0,27
36,1,27
36,1,28
36,1,29
36,2,29
36,2,30
36,3,30
36,3,31
36,4,31
36,3,32
36,4,32
36,4,33
36,5,33
36,5,34
36,6,34
36,6,35
36,6,36
36,7,36
36,7,37
36,7,38
36,8,38
36,8,39
36,8,40
36,9,40
36,9,41
36,10,41
36,9,42
36,10,42
36,10,43
36,11,43
36,11,44
36,11,45
36,12,45
36,12,46
36,13,46
36,13,47
36,13,48
36,14,48
36,14,49
36,14,50
36,15,50
36,15,51
36,16,51
36,15,52
36,16,52
36,16,53
36,17,53
36,17,54
36,17,55
36,18,55
36,18,56
36,18,57
36,19,57
36,19,58
36,20,58
36,20,59
36,21,59
36,20,60
36,21,60
36,22,60
36,21,61
36,22,61
36,22,62
36,23,62
36,22,63
36,23,63
37,0,21
37,1,21
37,0,22
37,1,22
37,0,23
37,0,26
37,0,27
37,1,27
37,1,28
37,1,29
37,2,29
37,2,30
37,3,30
37,3,31
37,4,31
37,4,32
37,4,33
37,5,33
37,5,34
37,6,34
37,6,35
37,6,36
37,7,36
37,7,37
37,7,38
37,8,38
37,8,39
37,9,39
37,8,40
37,9,40
37,9,41
37,10,41
37,10,42
37,10,43
37,11,43
37,11,44
37,11,45
37,12,45
37,12,46
37,13,46
37,12,47
37,13,47
37,13,48
37,14,48
37,13,49
37,14,49
37,14,50
37,15,50
37,14,51
37,15,51
37,15,52
37,16,52
37,15,53
37,16,53
37,17,53
37,16,54
37,17,54
37,17,55
37,18,55
37,17,56
37,18,56
37,18,57
37,19,57
37,19,58
37,20,58
37,20,59
37,21,59
37,20,60
37,21,60
37,21,61
37,22,61
37,21,62
37,22,62
37,22,63
37,23,63
38,1,21
38,2,21
38,0,22
38,1,22
38,0,23
38,0,24
38,0,26
38,0,27
38,1,27
38,0,28
38,1,28
38,1,29
38,2,29
38,2,30
38,3,30
38,3,31
38,4,31
38,3,32
38,4,32
38,4,33
38,5,33
38,5,34
38,6,34
38,5,35
38,6,35
38,6,36
38,7,36
38,7,37
38,8,37
38,7,38
38,8,38
38,8,39
38,9,39
38,9,40
38,9,41
38,10,41
38,10,42
38,10,43
38,11,43
38,11,44
38,11,45
38,12,45
38,12,46
38,12,47
38,13,47
38,12,48
38,13,48
38,13,49
38,14,49
38,13,50
38,14,50
38,14,51
38,15,51
38,15,52
38,15,53
38,16,53
38,16,54
38,17,54
38,17,55
38,18,55
38,17,56
38,18,56
38,18,57
38,19,57
38,19,58
38,20,58
38,20,59
38,20,60
38,21,60
38,21,61
38,21,62
38,22,62
38,22,63
38,23,63
39,1,21
39,2,21
39,0,22
39,1,22
39,0,23
39,1,23
39,0,24
39,0,25
39,0,26
39,0,27
39,0,28
39,1,28
39,1,29
39,2,29
39,2,30
39,2,31
39,3,31
39,3,32
39,4,32
39,4,33
39,5,33
39,5,34
39,5,35
39,6,35
39,6,36
39,7,36
39,7,37
39,8,37
39,7,38
39,8,38
39,8,39
39,9,39
39,9,40
39,9,41
39,10,41
39,10,42
39,10,43
39,11,43
39,10,44
39,11,44
39,11,45
39,12,45
39,11,46
39,12,46
39,12,47
39,12,48
39,13,48
39,12,49
39,13,49
39,13,50
39,14,50
39,14,51
39,15,51
39,15,52
39,15,53
39,16,53
39,16,54
39,17,54
39,17,55
39,18,55
39,17,56
39,18,56
39,18,57
39,19,57
39,19,58
39,20,58
39,20,59
39,20,60
39,21,60
39,21,61
39,21,62
39,22,62
39,22,63
40,1,21
40,2,21
40,1,22
40,2,22
40,0,23
40,1,23
40,0,24
40,1,24
40,0,25
40,0,26
40,0,27
40,0,28
40,1,28
40,0,29
40,1,29
40,2,29
40,1,30
40,2,30
40,2,31
40,3,31
40,3,32
40,4,32
40,4,33
40,4,34
40,5,34
40,5,35
40,6,35
40,6,36
40,7,36
40,7,37
40,7,38
40,8,38
40,8,39
40,9,39
40,8,40
40,9,40
40,9,41
40,10,41
40,9,42
40,10,42
40,10,43
40,10,44
40,11,44
40,10,45
40,11,45
40,11,46
40,12,46
40,11,47
40,12,47
40,12,48
40,13,48
40,12,49
40,13,49
40,13,50
40,14,50
40,14,51
40,15,51
40,14,52
40,15,52
40,15,53
40,16,53
40,16,54
40,17,54
40,17,55
40,18,55
40,17,56
40,18,56
40,19,56
40,18,57
40,19,57
40,19,58
40,20,58
40,20,59
40,20,60
40,21,60
40,20,61
40,21,61
40,21,62
40,22,62
40,21,63
40,22,63
41,2,21
41,3,21
41,1,22
41,2,22
41,1,23
41,2,23
41,0,24
41,1,24
41,0,25
41,1,25
41,0,26
41,0,27
41,0,28
41,1,28
41,0,29
41,1,29
41,1,30
41,2,30
41,2,31
41,3,31
41,3,32
41,4,32
41,3,33
41,4,33
41,4,34
41,5,34
41,5,35
41,6,35
41,6,36
41,6,37
41,7,37
41,7,38
41,8,38
41,7,39
41,8,39
41,8,40
41,9,40
41,8,41
41,9,41
41,9,42
41,10,42
41,9,43
41,10,43
41,10,44
41,10,45
41,11,45
41,10,46
41,11,46
41,11,47
41,12,47
41,12,48
41,12,49
41,13,49
41,13,50
41,14,50
41,14,51
41,14,52
41,15,52
41,15,53
41,16,53
41,16,54
41,17,54
41,17,55
41,18,55
41,18,56
41,19,56
41,18,57
41,19,57
41,19,58
41,20,58
41,20,59
41,20,60
41,20,61
41,21,61
41,21,62
41,21,63
41,22,63
42,2,21
42,3,21
42,2,22
42,3,22
42,1,23
42,2,23
42,1,24
42,2,24
42,1,25
42,0,26
42,1,26
42,0,27
42,1,27
42,0,28
42,1,28
42,0,29
42,1,29
42,1,30
42,2,30
42,2,31
42,3,31
42,2,32
42,3,32
42,3,33
42,4,33
42,4,34
42,5,34
42,5,35
42,6,35
42,5,36
42,6,36
42,6,37
42,7,37
42,6,38
42,7,38
42,7,39
42,7,40
42,8,40
42,7,41
42,8,41
42,9,41
42,8,42
42,9,42
42,9,43
42,9,44
42,10,44
42,10,45
42,10,46
42,11,46
42,11,47
42,12,47
42,12,48
42,12,49
42,13,49
42,13,50
42,14,50
42,14,51
42,15,51
42,14,52
42,15,52
42,15,53
42,16,53
42,16,54
42,17,54
42,17,55
42,18,55
42,18,56
42,18,57
42,19,57
42,19,58
42,20,58
42,19,59
42,20,59
42,20,60
42,20,61
42,21,61
42,20,62
42,21,62
42,21,63
42,22,63
43,3,21
43,4,21
43,2,22
43,3,22
43,2,23
43,3,23
43,1,24
43,2,24
43,1,25
43,2,25
43,1,26
43,0,27
43,1,27
43,0,28
43,1,28
43,1,29
43,1,30
43,2,30
43,2,31
43,2,32
43,3,32
43,3,33
43,4,33
43,4,34
43,4,35
43,5,35
43,5,36
43,6,36
43,5,37
43,6,37
43,6,38
43,7,38
43,6,39
43,7,39
43,7,40
43,8,40
43,7,41
43,8,41
43,8,42
43,9,42
43,9,43
43,10,43
43,9,44
43,10,44
43,10,45
43,11,45
43,10,46
43,11,46
43,11,47
43,12,47
43,12,48
43,13,48
43,12,49
43,13,49
43,13,50
43,14,50
43,14,51
43,14,52
43,15,52
43,15,53
43,16,53
43,16,54
43,17,54
43,17,55
43,18,55
43,18,56
43,19,56
43,18,57
43,19,57
43,19,58
43,20,58
43,19,59
43,20,59
43,20,60
43,20,61
43,20,62
43,21,62
43,21,63
43,22,63
44,3,21
44,4,21
44,3,22
44,4,22
44,2,23
44,3,23
44,2,24
44,3,24
44,1,25
44,2,25
44,1,26
44,0,27
44,1,27
44,0,28
44,1,28
44,1,29
44,2,29
44,1,30
44,2,30
44,2,31
44,2,32
44,3,32
44,3,33
44,3,34
44,4,34
44,3,35
44,4,35
44,4,36
44,5,36
44,5,37
44,6,37
44,5,38
44,6,38
44,7,38
44,6,39
44,7,39
44,7,40
44,8,40
44,8,41
44,9,41
44,8,42
44,9,42
44,10,42
44,9,43
44,10,43
44,10,44
44,11,44
44,10,45
44,11,45
44,11,46
44,12,46
44,11,47
44,12,47
44,12,48
44,13,48
44,12,49
44,13,49
44,13,50
44,14,50
44,14,51
44,15,51
44,14,52
44,15,52
44,15,53
44,16,53
44,16,54
44,17,54
44,17,55
44,18,55
44,18,56
44,18,57
44,19,57
44,19,58
44,20,58
44,19,59
44,20,59
44,19,60
44,20,60
44,20,61
44,20,62
44,21,62
44,20,63
44,21,63
45,4,21
45,5,21
45,3,22
45,4,22
45,3,23
45,4,23
45,2,24
45,3,24
45,1,25
45,2,25
45,3,25
45,1,26
45,2,26
45,0,27
45,1,27
45,0,28
45,1,28
45,1,29
45,2,29
45,2,30
45,2,31
45,3,31
45,2,32
45,3,32
45,3,33
45,3,34
45,4,34
45,3,35
45,4,35
45,4,36
45,5,36
45,5,37
45,6,37
45,6,38
45,7,38
45,7,39
45,8,39
45,7,40
45,8,40
45,9,40
45,8,41
45,9,41
45,9,42
45,10,42
45,10,43
45,10,44
45,11,44
45,11,45
45,11,46
45,12,46
45,12,47
45,12,48
45,13,48
45,13,49
45,13,50
45,14,50
45,14,51
45,15,51
45,15,52
45,15,53
45,16,53
45,16,54
45,17,54
45,17,55
45,17,56
45,18,56
45,18,57
45,19,57
45,19,58
45,19,59
45,20,59
45,19,60
45,20,60
45,20,61
45,20,62
45,21,62
45,20,63
45,21,63
46,4,21
46,5,21
46,4,22
46,5,22
46,3,23
46,4,23
46,2,24
46,3,24
46,4,24
46,2,25
46,3,25
46,1,26
46,2,26
46,1,27
46,2,27
46,0,28
46,1,28
46,2,28
46,1,29
46,2,29
46,2,30
46,3,30
46,2,31
46,3,31
46,3,32
46,3,33
46,4,33
46,3,34
46,4,34
46,4,35
46,5,35
46,5,36
46,6,36
46,5,37
46,6,37
46,6,38
46,7,38
46,7,39
46,8,39
46,8,40
46,9,40
46,9,41
46,9,42
46,10,42
46,10,43
46,11,43
46,10,44
46,11,44
46,11,45
46,12,45
46,11,46
46,12,46
46,12,47
46,12,48
46,13,48
46,13,49
46,13,50
46,14,50
46,14,51
46,15,51
46,14,52
46,15,52
46,15,53
46,16,53
46,16,54
46,17,54
46,17,55
46,17,56
46,18,56
46,18,57
46,19,57
46,18,58
46,19,58
46,19,59
46,19,60
46,20,60
46,19,61
46,20,61
46,20,62
46,20,63
46,21,63
47,5,21
47,4,22
47,5,22
47,4,23
47,3,24
47,4,24
47,2,25
47,3,25
47,2,26
47,3,26
47,1,27
47,2,27
47,1,28
47,2,28
47,1,29
47,2,29
47,1,30
47,2,30
47,3,30
47,2,31
47,3,31
47,4,31
47,3,32
47,4,32
47,3,33
47,4,33
47,4,34
47,4,35
47,5,35
47,5,36
47,6,36
47,5,37
47,6,37
47,6,38
47,7,38
47,7,39
47,8,39
47,7,40
47,8,40
47,9,40
47,8,41
47,9,41
47,9,42
47,10,42
47,10,43
47,10,44
47,11,44
47,11,45
47,11,46
47,12,46
47,11,47
47,12,47
47,12,48
47,13,48
47,12,49
47,13,49
47,13,50
47,14,50
47,13,51
47,14,51
47,14,52
47,15,52
47,15,53
47,16,53
47,15,54
47,16,54
47,16,55
47,17,55
47,17,56
47,18,56
47,17,57
47,18,57
47,18,58
47,19,58
47,18,59
47,19,59
47,19,60
47,20,60
47,19,61
47,20,61
47,20,62
47,20,63
47,21,63
48,5,21
48,6,21
48,4,22
48,5,22
48,4,23
48,5,23
48,3,24
48,4,24
48,3,25
48,4,25
48,2,26
48,3,26
48,2,27
48,3,27
48,1,28
48,2,28
48,3,28
48,1,29
48,2,29
48,3,29
48,1,30
48,2,30
48,3,30
48,2,31
48,3,31
48,4,31
48,2,32
48,3,32
48,4,32
48,3,33
48,4,33
48,4,34
48,4,35
48,5,35
48,5,36
48,5,37
48,6,37
48,6,38
48,7,38
48,7,39
48,7,40
48,8,40
48,8,41
48,9,41
48,9,42
48,10,42
48,9,43
48,10,43
48,9,44
48,10,44
48,10,45
48,11,45
48,10,46
48,11,46
48,11,47
48,12,47
48,11,48
48,12,48
48,12,49
48,13,49
48,12,50
48,13,50
48,13,51
48,14,51
48,13,52
48,14,52
48,15,52
48,14,53
48,15,53
48,15,54
48,16,54
48,16,55
48,17,55
48,16,56
48,17,56
48,17,57
48,18,57
48,18,58
48,18,59
48,19,59
48,19,60
48,19,61
48,20,61
48,19,62
48,20,62
48,20,63
48,21,63
49,5,21
49,6,21
49,5,22
49,6,22
49,4,23
49,5,23
49,4,24
49,5,24
49,3,25
49,4,25
49,3,26
49,4,26
49,2,27
49,3,27
49,2,28
49,3,28
49,1,29
49,2,29
49,3,29
49,4,29
49,1,30
49,2,30
49,3,30
49,1,31
49,2,31
49,3,31
49,4,31
49,2,32
49,3,32
49,4,32
49,3,33
49,4,33
49,3,34
49,4,34
49,4,35
49,5,35
49,4,36
49,5,36
49,5,37
49,6,37
49,6,38
49,7,38
49,6,39
49,7,39
49,7,40
49,8,40
49,8,41
49,9,41
49,8,42
49,9,42
49,8,43
49,9,43
49,9,44
49,10,44
49,9,45
49,10,45
49,10,46
49,11,46
49,10,47
49,11,47
49,10,48
49,11,48
49,12,48
49,11,49
49,12,49
49,11,50
49,12,50
49,13,50
49,12,51
49,13,51
49,13,52
49,14,52
49,14,53
49,15,53
49,15,54
49,16,54
49,16,55
49,16,56
49,17,56
49,17,57
49,18,57
49,17,58
49,18,58
49,18,59
49,19,59
49,18,60
49,19,60
49,19,61
49,19,62
49,20,62
49,20,63
49,21,63
50,6,21
50,5,22
50,6,22
50,5,23
50,6,23
50,4,24
50,5,24
50,4,25
50,5,25
50,3,26
50,4,26
50,3,27
50,4,27
50,2,28
50,3,28
50,2,29
50,3,29
50,4,29
50,1,30
50,2,30
50,3,30
50,4,30
50,1,31
50,2,31
50,3,31
50,4,31
50,2,32
50,3,32
50,4,32
50,2,33
50,3,33
50,4,33
50,3,34
50,4,34
50,4,35
50,4,36
50,5,36
50,5,37
50,6,37
50,5,38
50,6,38
50,6,39
50,7,39
50,6,40
50,7,40
50,8,40
50,7,41
50,8,41
50,7,42
50,8,42
50,8,43
50,9,43
50,8,44
50,9,44
50,8,45
50,9,45
50,9,46
50,10,46
50,9,47
50,10,47
50,10,48
50,11,48
50,11,49
50,12,49
50,11,50
50,12,50
50,12,51
50,13,51
50,13,52
50,14,52
50,14,53
50,15,53
50,14,54
50,15,54
50,16,54
50,15,55
50,16,55
50,16,56
50,17,56
50,17,57
50,17,58
50,18,58
50,18,59
50,18,60
50,19,60
50,19,61
50,19,62
50,20,62
50,20,63
50,21,63
51,6,21
51,7,21
51,6,22
51,5,23
51,6,23
51,5,24
51,6,24
51,4,25
51,5,25
51,4,26
51,5,26
51,3,27
51,4,27
51,3,28
51,4,28
51,2,29
51,3,29
51,4,29
51,2,30
51,3,30
51,4,30
51,2,31
51,3,31
51,4,31
51,2,32
51,3,32
51,4,32
51,2,33
51,3,33
51,4,33
51,3,34
51,4,34
51,3,35
51,4,35
51,4,36
51,5,36
51,4,37
51,5,37
51,5,38
51,6,38
51,5,39
51,6,39
51,6,40
51,7,40
51,6,41
51,7,41
51,7,42
51,8,42
51,7,43
51,8,43
51,7,44
51,8,44
51,8,45
51,9,45
51,8,46
51,9,46
51,9,47
51,10,47
51,9,48
51,10,48
51,11,48
51,10,49
51,11,49
51,11,50
51,12,50
51,12,51
51,13,51
51,13,52
51,14,52
51,14,53
51,15,53
51,14,54
51,15,54
51,15,55
51,16,55
51,16,56
51,17,56
51,17,57
51,17,58
51,18,58
51,18,59
51,18,60
51,19,60
51,19,61
51,20,61
51,19,62
51,20,62
51,20,63
51,21,63
52,6,21
52,7,21
52,6,22
52,7,22
52,6,23
52,5,24
52,6,24
52,5,25
52,6,25
52,4,26
52,5,26
52,4,27
52,5,27
52,3,28
52,4,28
52,3,29
52,4,29
52,2,30
52,3,30
52,4,30
52,2,31
52,3,31
52,4,31
52,2,32
52,3,32
52,4,32
52,2,33
52,3,33
52,4,33
52,3,34
52,3,35
52,4,35
52,4,36
52,4,37
52,5,37
52,5,38
52,5,39
52,6,39
52,5,40
52,6,40
52,6,41
52,7,41
52,6,42
52,7,42
52,6,43
52,7,43
52,7,44
52,8,44
52,7,45
52,8,45
52,8,46
52,9,46
52,9,47
52,10,47
52,10,48
52,11,48
52,10,49
52,11,49
52,11,50
52,12,50
52,12,51
52,13,51
52,13,52
52,14,52
52,14,53
52,15,53
52,15,54
52,15,55
52,16,55
52,16,56
52,17,56
52,17,57
52,18,57
52,17,58
52,18,58
52,18,59
52,19,59
52,18,60
52,19,60
52,19,61
52,20,61
52,19,62
52,20,62
52,20,63
52,21,63
53,7,21
53,8,21
53,7,22
53,6,23
53,7,23
53,6,24
53,7,24
53,5,25
53,6,25
53,5,26
53,6,26
53,4,27
53,5,27
53,4,28
53,5,28
53,3,29
53,4,29
53,3,30
53,4,30
53,2,31
53,3,31
53,4,31
53,2,32
53,3,32
53,2,33
53,3,33
53,3,34
53,4,34
53,3,35
53,4,35
53,4,36
53,4,37
53,5,37
53,4,38
53,5,38
53,5,39
53,5,40
53,6,40
53,5,41
53,6,41
53,6,42
53,6,43
53,7,43
53,7,44
53,8,44
53,7,45
53,8,45
53,8,46
53,9,46
53,9,47
53,10,47
53,10,48
53,11,48
53,11,49
53,12,49
53,11,50
53,12,50
53,12,51
53,13,51
53,13,52
53,14,52
53,14,53
53,15,53
53,15,54
53,16,54
53,15,55
53,16,55
53,16,56
53,17,56
53,17,57
53,18,57
53,17,58
53,18,58
53,18,59
53,19,59
53,18,60
53,19,60
53,19,61
53,20,61
53,19,62
53,20,62
53,20,63
53,21,63
54,7,21
54,8,21
54,7,22
54,8,22
54,7,23
54,6,24
54,7,24
54,6,25
54,7,25
54,5,26
54,6,26
54,5,27
54,6,27
54,4,28
54,5,28
54,4,29
54,5,29
54,3,30
54,4,30
54,2,31
54,3,31
54,4,31
54,2,32
54,3,32
54,4,32
54,2,33
54,3,33
54,4,33
54,3,34
54,4,34
54,3,35
54,4,35
54,4,36
54,4,37
54,4,38
54,5,38
54,5,39
54,5,40
54,6,40
54,5,41
54,6,41
54,6,42
54,7,42
54,6,43
54,7,43
54,7,44
54,8,44
54,8,45
54,9,45
54,8,46
54,9,46
54,10,46
54,9,47
54,10,47
54,10,48
54,11,48
54,11,49
54,12,49
54,12,50
54,13,50
54,13,51
54,13,52
54,14,52
54,14,53
54,15,53
54,15,54
54,16,54
54,15,55
54,16,55
54,16,56
54,17,56
54,16,57
54,17,57
54,17,58
54,18,58
54,17,59
54,18,59
54,18,60
54,19,60
54,19,61
54,19,62
54,20,62
54,20,63
55,8,21
55,9,21
55,8,22
55,7,23
55,8,23
55,7,24
55,8,24
55,6,25
55,7,25
55,6,26
55,7,26
55,5,27
55,6,27
55,5,28
55,6,28
55,4,29
55,5,29
55,4,30
55,5,30
55,3,31
55,4,31
55,3,32
55,4,32
55,2,33
55,3,33
55,4,33
55,2,34
55,3,34
55,4,34
55,3,35
55,4,35
55,3,36
55,4,36
55,4,37
55,4,38
55,5,38
55,5,39
55,5,40
55,6,40
55,6,41
55,6,42
55,7,42
55,7,43
55,7,44
55,8,44
55,8,45
55,9,45
55,9,46
55,10,46
55,10,47
55,11,47
55,10,48
55,11,48
55,11,49
55,12,49
55,12,50
55,13,50
55,12,51
55,13,51
55,13,52
55,14,52
55,13,53
55,14,53
55,15,53
55,14,54
55,15,54
55,15,55
55,16,55
55,15,56
55,16,56
55,16,57
55,17,57
55,16,58
55,17,58
55,17,59
55,18,59
55,18,60
55,19,60
55,18,61
55,19,61
55,19,62
55,20,62
55,19,63
55,20,63
56,8,21
56,9,21
56,8,22
56,9,22
56,8,23
56,9,23
56,7,24
56,8,24
56,7,25
56,8,25
56,6,26
56,7,26
56,6,27
56,7,27
56,5,28
56,6,28
56,5,29
56,6,29
56,4,30
56,5,30
56,4,31
56,5,31
56,4,32
56,3,33
56,4,33
56,3,34
56,4,34
56,3,35
56,4,35
56,3,36
56,4,36
56,5,36
56,4,37
56,5,37
56,4,38
56,5,38
56,5,39
56,6,39
56,5,40
56,6,40
56,6,41
56,7,41
56,6,42
56,7,42
56,7,43
56,8,43
56,8,44
56,8,45
56,9,45
56,9,46
56,10,46
56,9,47
56,10,47
56,10,48
56,11,48
56,11,49
56,12,49
56,11,50
56,12,50
56,12,51
56,13,51
56,12,52
56,13,52
56,13,53
56,14,53
56,13,54
56,14,54
56,15,54
56,14,55
56,15,55
56,15,56
56,16,56
56,15,57
56,16,57
56,16,58
56,17,58
56,16,59
56,17,59
56,18,59
56,17,60
56,18,60
56,17,61
56,18,61
56,19,61
56,18,62
56,19,62
56,18,63
56,19,63
56,20,63
57,9,21
57,10,21
57,9,22
57,8,23
57,9,23
57,8,24
57,9,24
57,7,25
57,8,25
57,7,26
57,8,26
57,6,27
57,7,27
57,6,28
57,7,28
57,5,29
57,6,29
57,5,30
57,6,30
57,4,31
57,5,31
57,4,32
57,5,32
57,3,33
57,4,33
57,5,33
57,3,34
57,4,34
57,5,34
57,3,35
57,4,35
57,3,36
57,4,36
57,5,36
57,4,37
57,5,37
57,4,38
57,5,38
57,5,39
57,5,40
57,6,40
57,6,41
57,7,41
57,7,42
57,7,43
57,8,43
57,7,44
57,8,44
57,8,45
57,9,45
57,8,46
57,9,46
57,9,47
57,10,47
57,9,48
57,10,48
57,10,49
57,11,49
57,10,50
57,11,50
57,11,51
57,12,51
57,12,52
57,13,52
57,12,53
57,13,53
57,13,54
57,14,54
57,13,55
57,14,55
57,15,55
57,14,56
57,15,56
57,15,57
57,16,57
57,15,58
57,16,58
57,16,59
57,17,59
57,16,60
57,17,60
57,17,61
57,18,61
57,17,62
57,18,62
57,19,62
57,18,63
57,19,63
58,9,21
58,10,21
58,9,22
58,10,22
58,9,23
58,10,23
58,8,24
58,9,24
58,8,25
58,9,25
58,8,26
58,7,27
58,8,27
58,7,28
58,8,28
58,6,29
58,7,29
58,6,30
58,7,30
58,5,31
58,6,31
58,4,32
58,5,32
58,4,33
58,5,33
58,3,34
58,4,34
58,5,34
58,3,35
58,4,35
58,5,35
58,3,36
58,4,36
58,4,37
58,5,37
58,4,38
58,5,38
58,5,39
58,5,40
58,6,40
58,6,41
58,6,42
58,7,42
58,6,43
58,7,43
58,7,44
58,8,44
58,7,45
58,8,45
58,8,46
58,9,46
58,8,47
58,9,47
58,9,48
58,10,48
58,9,49
58,10,49
58,10,50
58,11,50
58,11,51
58,12,51
58,11,52
58,12,52
58,12,53
58,13,53
58,12,54
58,13,54
58,13,55
58,14,55
58,14,56
58,15,56
58,14,57
58,15,57
58,15,58
58,16,58
58,15,59
58,16,59
58,16,60
58,17,60
58,16,61
58,17,61
58,17,62
58,18,62
58,17,63
58,18,63
59,10,21
59,11,21
59,10,22
59,9,23
59,10,23
59,9,24
59,10,24
59,9,25
59,8,26
59,9,26
59,8,27
59,9,27
59,7,28
59,8,28
59,7,29
59,8,29
59,6,30
59,7,30
59,6,31
59,7,31
59,5,32
59,6,32
59,5,33
59,6,33
59,4,34
59,5,34
59,3,35
59,4,35
59,5,35
59,3,36
59,4,36
59,5,36
59,3,37
59,4,37
59,4,38
59,5,38
59,4,39
59,5,39
59,5,40
59,6,40
59,5,41
59,6,41
59,6,42
59,6,43
59,7,43
59,6,44
59,7,44
59,7,45
59,8,45
59,7,46
59,8,46
59,8,47
59,8,48
59,9,48
59,9,49
59,10,49
59,9,50
59,10,50
59,10,51
59,11,51
59,11,52
59,12,52
59,11,53
59,12,53
59,12,54
59,13,54
59,13,55
59,14,55
59,13,56
59,14,56
59,14,57
59,15,57
59,14,58
59,15,58
59,15,59
59,16,59
59,15,60
59,16,60
59,15,61
59,16,61
59,17,61
59,16,62
59,17,62
59,17,63
59,18,63
60,10,21
60,11,21
60,10,22
60,11,22
60,10,23
60,11,23
60,9,24
60,10,24
60,9,25
60,10,25
60,9,26
60,8,27
60,9,27
60,8,28
60,9,28
60,7,29
60,8,29
60,7,30
60,8,30
60,6,31
60,7,31
60,6,32
60,7,32
60,5,33
60,6,33
60,4,34
60,5,34
60,6,34
60,4,35
60,5,35
60,3,36
60,4,36
60,5,36
60,3,37
60,4,37
60,4,38
60,5,38
60,4,39
60,5,39
60,4,40
60,5,40
60,5,41
60,6,41
60,5,42
60,6,42
60,6,43
60,7,43
60,6,44
60,7,44
60,7,45
60,8,45
60,7,46
60,8,46
60,8,47
60,9,47
60,8,48
60,9,48
60,9,49
60,10,49
60,9,50
60,10,50
60,10,51
60,11,51
60,10,52
60,11,52
60,11,53
60,12,53
60,12,54
60,13,54
60,12,55
60,13,55
60,12,56
60,13,56
60,14,56
60,13,57
60,14,57
60,14,58
60,15,58
60,14,59
60,15,59
60,15,60
60,16,60
60,15,61
60,16,61
60,16,62
60,17,62
60,17,63
60,18,63
61,11,21
61,12,21
61,11,22
61,10,23
61,11,23
61,10,24
61,11,24
61,10,25
61,9,26
61,10,26
61,9,27
61,10,27
61,8,28
61,9,28
61,8,29
61,9,29
61,7,30
61,8,30
61,7,31
61,8,31
61,6,32
61,7,32
61,6,33
61,7,33
61,5,34
61,6,34
61,5,35
61,6,35
61,4,36
61,5,36
61,4,37
61,5,37
61,4,38
61,4,39
61,5,39
61,5,40
61,5,41
61,6,41
61,6,42
61,7,42
61,6,43
61,7,43
61,7,44
61,7,45
61,8,45
61,8,46
61,9,46
61,8,47
61,9,47
61,9,48
61,10,48
61,10,49
61,10,50
61,11,50
61,10,51
61,11,51
61,11,52
61,11,53
61,12,53
61,11,54
61,12,54
61,12,55
61,13,55
61,12,56
61,13,56
61,13,57
61,14,57
61,14,58
61,15,58
61,14,59
61,15,59
61,15,60
61,16,60
61,15,61
61,16,61
61,16,62
61,17,62
61,17,63
61,18,63
62,12,21
62,11,22
62,12,22
62,11,23
62,12,23
62,10,24
62,11,24
62,10,25
62,11,25
62,10,26
62,11,26
62,9,27
62,10,27
62,9,28
62,10,28
62,8,29
62,9,29
62,8,30
62,9,30
62,7,31
62,8,31
62,7,32
62,8,32
62,6,33
62,7,33
62,6,34
62,7,34
62,5,35
62,6,35
62,4,36
62,5,36
62,6,36
62,4,37
62,5,37
62,4,38
62,5,38
62,4,39
62,5,39
62,4,40
62,5,40
62,6,40
62,5,41
62,6,41
62,6,42
62,7,42
62,6,43
62,7,43
62,7,44
62,8,44
62,8,45
62,8,46
62,9,46
62,9,47
62,10,47
62,9,48
62,10,48
62,11,48
62,10,49
62,11,49
62,10,50
62,11,50
62,11,51
62,12,51
62,11,52
62,12,52
62,12,53
62,13,53
62,12,54
62,13,54
62,12,55
62,13,55
62,13,56
62,14,56
62,13,57
62,14,57
62,14,58
62,15,58
62,15,59
62,15,60
62,16,60
62,16,61
62,17,61
62,16,62
62,17,62
62,17,63
62,18,63
63,12,21
63,13,21
63,12,22
63,11,23
63,12,23
63,11,24
63,12,24
63,11,25
63,10,26
63,11,26
63,10,27
63,11,27
63,9,28
63,10,28
63,9,29
63,10,29
63,8,30
63,9,30
63,8,31
63,9,31
63,7,32
63,8,32
63,9,32
63,7,33
63,8,33
63,6,34
63,7,34
63,6,35
63,7,35
63,5,36
63,6,36
63,5,37
63,6,37
63,4,38
63,5,38
63,6,38
63,4,39
63,5,39
63,6,39
63,4,40
63,5,40
63,6,40
63,5,41
63,6,41
63,6,42
63,7,42
63,6,43
63,7,43
63,7,44
63,8,44
63,8,45
63,9,45
63,9,46
63,9,47
63,10,47
63,10,48
63,11,48
63,10,49
63,11,49
63,11,50
63,12,50
63,11,51
63,12,51
63,11,52
63,12,52
63,12,53
63,13,53
63,12,54
63,13,54
63,13,55
63,14,55
63,13,56
63,14,56
63,14,57
63,15,57
63,14,58
63,15,58
63,15,59
63,16,59
63,16,60
63,16,61
63,17,61
63,16,62
63,17,62
63,17,63
63,18,63
