38,1,43
37,1,41
33,2,34
45,5,46
45,3,62
44,0,59
39,1,23
46,2,27
31,1,29
24,0,21
34,0,40
38,1,40
45,2,61
43,0,59
42,0,52
28,1,27
32,0,36
34,1,21
44,3,28
46,3,60
46,6,40
34,2,31
38,2,38
46,1,55
46,1,59
28,1,26
46,4,31
42,5,33
38,3,38
45,6,38
45,5,32
42,4,41
40,1,23
44,4,45
42,3,40
40,5,34
40,0,58
48,4,63
38,1,24
40,3,37
42,3,29
39,0,23
44,5,33
40,5,35
43,5,34
45,6,39
47,6,44
43,2,27
47,3,54
47,5,47
41,0,55
43,3,47
42,0,63
43,1,61
31,0,33
33,2,32
45,2,49
43,5,38
47,3,59
32,2,22
44,3,47
43,4,40
40,4,30
30,1,30
46,2,60
39,4,34
40,1,44
46,7,34
48,6,45
30,1,22
34,3,30
47,0,25
46,5,43
27,1,24
44,4,42
42,2,44
32,1,30
48,4,62
40,0,59
42,4,29
41,1,48
40,4,38
37,1,23
38,4,35
33,1,33
33,2,26
40,0,62
46,2,62
43,5,41
37,1,38
36,3,31
29,0,31
35,2,33
41,1,45
34,0,37
31,1,31
38,3,27
37,2,25
47,3,62
42,0,60
37,2,38
41,1,26
33,1,21
39,3,37
43,4,29
46,6,39
42,2,26
38,0,48
46,4,48
36,0,41
45,7,38
43,0,61
38,0,45
41,2,45
40,1,48
40,4,34
48,6,46
41,1,63
36,2,37
31,2,21
42,5,37
33,2,24
30,0,35
45,3,47
31,2,24
39,1,44
41,4,30
45,1,27
26,1,21
39,2,27
47,8,38
48,8,38
37,1,24
37,2,24
42,5,40
31,1,21
34,2,22
34,2,29
39,0,52
44,2,51
35,2,23
45,6,37
40,5,32
44,1,63
44,7,36
44,4,29
48,3,52
48,7,44
46,6,34
40,1,47
43,0,57
37,1,42
48,0,25
48,5,63
42,3,28
47,6,34
40,4,37
47,8,36
30,2,23
43,6,35
42,4,40
43,1,53
46,3,29
36,4,29
27,0,23
40,0,55
26,0,23
34,0,39
35,3,31
42,0,59
44,1,60
32,2,26
48,3,58
32,2,27
31,2,30
44,1,50
36,0,39
36,3,25
47,3,52
43,0,22
38,1,22
46,4,49
41,1,24
48,8,37
41,0,24
45,4,47
42,2,45
45,6,41
41,2,43
46,3,62
44,2,49
46,0,25
28,0,31
35,0,40
39,2,43
38,4,31
33,3,27
40,0,60
44,2,63
44,0,58
45,3,29
38,2,39
32,0,34
42,0,61
44,1,61
32,2,29
48,2,59
48,7,41
47,2,61
41,4,39
39,4,36
41,4,40
43,3,28
45,7,40
33,1,23
48,5,46
46,2,63
45,5,41
47,4,63
39,4,35
44,7,37
43,3,43
42,1,24
38,0,46
34,2,24
44,2,48
30,1,26
39,4,30
46,3,49
31,2,22
43,3,46
43,0,24
42,0,53
44,0,24
47,4,30
38,3,39
48,2,52
43,5,32
45,1,54
45,4,45
44,4,44
44,1,25
44,6,39
40,2,41
48,7,39
37,3,37
48,6,43
40,3,27
41,4,37
45,6,36
40,5,36
45,4,31
44,6,35
25,0,21
44,0,57
46,5,47
39,0,48
33,1,36
47,4,62
48,8,40
35,3,33
45,5,44
48,3,55
37,3,32
37,3,31
41,4,31
37,2,23
39,0,49
41,0,59
42,0,57
31,0,37
47,5,45
45,2,58
44,6,36
41,0,62
44,2,27
38,4,33
37,0,45
40,3,38
41,4,38
42,4,30
33,0,37
28,1,25
30,1,24
37,4,34
34,1,36
39,3,27
46,2,54
47,4,48
48,2,55
47,6,41
43,2,28
43,4,45
37,0,41
41,1,49
41,0,54
42,4,43
38,2,24
36,2,34
40,2,28
44,6,40
44,5,39
47,1,25
47,6,46
39,0,21
47,4,47
43,4,31
38,4,30
41,0,53
44,1,26
32,1,33
31,2,27
40,0,63
44,0,55
34,2,32
42,6,35
48,8,39
39,3,29
26,0,25
34,0,38
45,2,60
39,0,46
43,2,63
42,5,31
47,2,60
48,8,36
33,2,28
44,4,30
29,1,28
34,3,31
30,1,25
38,2,40
42,0,24
44,0,56
42,5,36
40,0,51
42,1,54
46,6,44
42,2,49
47,3,58
44,5,32
34,1,37
27,0,30
43,1,25
30,1,31
43,1,55
42,1,63
41,0,51
37,1,22
29,1,22
43,2,26
40,3,30
32,2,23
45,2,62
48,5,33
34,3,32
31,2,25
48,2,29
46,6,43
40,0,21
45,7,37
38,4,29
46,5,42
43,5,37
42,4,32
43,0,54
42,1,55
41,3,38
40,1,42
43,5,42
41,0,23
47,3,60
46,6,33
38,3,36
37,0,44
38,2,25
39,2,41
31,0,32
40,4,29
34,2,26
40,2,43
33,1,32
46,2,52
38,2,26
40,3,29
45,1,59
44,1,56
43,3,44
44,1,55
30,0,36
45,3,48
45,3,28
47,2,51
46,5,32
40,0,22
37,3,27
42,1,50
37,1,21
39,0,44
39,4,31
32,1,22
46,7,41
35,3,34
32,3,26
48,2,56
39,3,40
44,6,33
48,5,47
43,6,39
30,2,28
37,3,25
44,5,38
44,3,45
42,3,41
41,5,36
39,0,50
27,0,29
36,0,42
40,1,45
36,4,32
48,4,51
37,0,22
40,2,42
47,7,40
35,0,21
32,2,24
37,3,34
39,0,63
32,1,34
42,0,23
38,4,34
30,0,32
42,0,51
45,1,58
43,0,58
36,3,32
42,1,48
44,4,46
38,3,35
48,7,36
41,3,39
48,6,34
46,3,50
48,4,50
43,3,45
39,2,24
26,0,26
40,1,26
40,2,26
45,4,30
33,3,29
48,3,28
38,2,37
41,3,44
33,0,39
40,4,32
39,4,29
36,3,33
47,3,28
41,0,49
41,3,27
44,3,30
42,3,43
34,2,34
35,1,38
32,2,28
29,0,30
32,1,31
33,2,33
48,3,61
45,7,35
48,6,42
33,1,22
30,1,27
48,3,50
46,2,55
46,5,31
30,2,22
37,0,21
37,3,29
40,4,36
30,0,31
44,2,28
48,3,54
35,2,36
36,2,36
45,2,27
31,1,22
43,1,59
29,1,30
32,2,30
28,1,21
48,4,48
41,5,33
44,1,52
40,0,61
27,0,28
43,2,46
40,1,24
42,1,26
28,0,27
37,1,39
36,2,24
36,1,38
42,2,48
41,1,51
32,0,38
43,1,24
47,5,32
42,5,39
48,8,35
28,0,32
47,5,33
40,0,50
46,2,59
46,6,41
46,2,51
40,2,44
44,0,25
34,3,28
39,4,33
41,2,26
40,2,25
40,1,43
36,2,25
44,1,27
40,1,25
39,1,24
48,0,26
47,3,53
41,2,42
42,5,34
43,0,53
42,3,42
37,3,33
36,1,39
45,5,31
44,3,29
46,1,25
38,0,42
33,2,30
42,2,28
40,0,52
34,1,34
45,2,54
45,1,52
42,1,62
41,0,22
44,2,50
43,1,50
47,8,39
43,6,36
45,5,40
41,4,36
38,3,33
41,2,27
31,2,23
44,1,54
30,2,29
29,1,23
39,1,22
27,1,21
42,5,32
37,0,40
45,2,52
45,1,53
41,0,57
44,0,23
37,4,35
30,1,29
45,5,45
46,4,47
30,0,34
39,1,41
42,0,54
38,2,41
38,4,36
40,2,40
43,2,47
36,3,34
47,6,43
47,7,37
44,2,62
45,2,57
34,2,30
48,7,42
45,6,42
37,3,26
41,5,37
43,3,29
45,2,53
41,5,34
42,0,56
41,0,48
46,1,58
47,2,59
47,6,33
26,0,27
31,1,34
47,2,52
36,0,21
47,4,31
34,3,29
41,0,60
47,7,36
30,0,33
35,3,28
48,5,31
37,4,31
37,0,46
33,1,35
43,0,62
46,3,63
45,1,26
34,2,33
38,0,22
40,4,31
35,2,37
47,8,40
34,2,35
47,2,57
47,2,55
42,5,35
41,2,47
41,3,29
48,6,33
44,5,34
30,2,24
45,3,30
31,0,34
29,1,21
33,2,29
41,1,25
29,0,32
45,6,40
35,3,25
46,2,58
43,5,40
45,4,32
47,2,54
48,5,32
47,4,32
37,2,37
48,7,34
33,0,36
36,2,38
46,3,30
35,0,41
35,3,26
39,1,43
38,3,34
27,0,22
35,2,32
46,7,38
28,0,30
43,5,33
27,0,27
35,2,24
45,1,55
48,1,27
47,6,42
46,0,24
32,3,27
42,1,47
42,2,47
48,2,58
36,1,40
43,1,52
46,5,44
37,3,35
46,5,45
40,3,41
40,0,48
41,4,29
41,3,42
41,3,30
36,2,23
48,3,53
44,5,43
42,0,62
37,4,29
48,3,51
43,1,62
39,0,47
48,4,61
48,0,24
42,4,39
47,3,51
33,0,38
34,1,35
44,3,49
40,4,33
48,3,57
45,2,28
41,2,28
44,3,46
36,1,21
34,0,21
42,3,45
38,1,42
41,1,23
41,0,21
39,0,43
35,2,22
42,3,46
35,1,22
45,6,34
46,1,27
46,1,57
48,2,27
43,5,35
40,3,28
47,0,26
28,0,26
44,3,48
45,2,55
47,4,49
44,1,58
36,4,30
38,3,37
45,1,60
31,1,32
44,4,31
39,1,25
46,2,57
43,5,31
40,0,53
27,1,22
43,4,43
47,2,53
30,1,21
46,2,28
39,3,38
45,0,25
36,4,31
35,1,39
42,1,53
42,4,36
42,1,52
48,2,54
29,1,24
29,1,27
36,3,28
33,1,37
35,2,25
47,1,27
46,6,35
41,0,52
29,1,29
43,1,63
43,4,41
32,1,21
40,5,33
41,3,43
44,6,37
45,1,51
45,6,35
42,6,36
38,1,21
44,6,41
41,0,58
29,0,34
40,0,54
38,3,26
31,2,26
31,2,28
45,3,49
37,0,42
41,3,41
28,1,23
31,0,35
42,5,38
40,0,47
27,1,23
39,0,45
42,1,49
45,1,56
39,1,45
35,0,42
45,5,33
43,5,36
46,7,39
44,0,60
35,3,30
41,4,32
46,3,51
31,2,29
36,3,27
47,7,34
30,1,32
27,0,24
44,4,43
45,2,51
35,2,34
43,1,54
43,4,39
42,1,51
37,2,39
47,3,29
36,3,29
32,0,35
48,4,30
40,4,35
39,2,25
45,5,42
33,3,26
32,2,31
43,1,58
30,2,27
33,2,22
47,0,24
46,1,54
47,5,44
45,7,36
44,6,34
43,1,49
42,0,55
47,7,38
43,6,37
43,2,48
47,2,56
26,0,22
46,3,61
47,1,26
33,2,31
39,4,37
41,0,56
37,4,32
26,0,24
35,1,37
46,4,46
44,4,47
35,3,32
34,3,27
35,0,38
47,2,58
48,3,60
46,3,28
43,2,49
41,3,45
46,7,36
37,2,36
26,0,21
44,1,53
28,0,28
45,5,43
48,1,25
33,3,28
36,2,35
35,0,39
38,0,47
41,0,61
38,3,30
44,5,41
41,5,35
48,7,40
42,4,31
44,6,38
43,3,48
45,6,33
35,1,36
41,5,38
46,2,56
38,0,43
41,1,50
46,3,48
47,4,50
47,3,49
47,7,39
47,2,29
48,3,29
39,2,40
43,4,30
47,3,56
39,3,41
33,2,27
46,2,53
38,1,41
47,2,28
44,5,31
38,0,21
38,3,29
36,1,22
47,7,41
48,3,56
46,4,30
47,5,48
45,4,44
48,4,49
36,0,43
40,0,46
41,4,35
40,3,40
36,3,35
37,3,36
48,2,28
41,2,44
44,1,51
47,7,42
44,5,42
35,2,35
37,0,43
47,7,35
40,3,42
45,2,50
40,0,56
27,0,21
44,1,59
36,3,26
40,0,23
29,0,29
28,0,25
48,7,35
42,2,46
41,3,40
43,0,55
39,3,36
44,1,62
32,1,32
25,0,22
38,0,44
29,0,28
45,1,25
38,4,32
37,4,30
47,3,30
45,1,57
40,0,45
28,1,22
34,1,38
48,6,44
43,6,34
47,3,50
44,5,44
37,1,40
39,3,26
43,2,50
46,1,52
48,7,43
43,1,60
38,1,39
47,8,37
43,1,51
39,0,22
39,3,39
43,0,25
42,4,37
43,1,26
27,0,25
36,1,23
43,0,56
36,3,30
43,0,23
41,0,50
42,4,38
41,0,63
47,3,63
43,5,39
29,0,33
47,5,31
45,3,50
45,3,63
37,4,33
33,2,23
30,1,28
36,4,33
45,2,63
45,2,59
40,3,39
39,2,42
46,2,50
46,4,32
39,1,42
33,2,25
42,0,58
48,3,30
29,1,25
34,2,23
44,5,40
27,0,26
46,7,37
42,3,44
45,4,48
39,4,32
43,4,42
34,1,22
36,0,40
47,5,46
45,4,46
30,2,26
39,2,39
41,1,47
28,1,24
40,1,46
35,1,23
46,6,42
33,1,34
30,1,23
42,2,27
46,1,56
43,4,44
37,3,28
36,1,37
29,1,26
46,7,40
48,1,26
45,7,39
43,6,38
35,1,21
32,2,32
46,5,33
48,3,62
39,1,46
41,3,28
31,0,36
38,1,23
48,2,57
32,1,35
35,3,29
46,2,61
48,3,59
45,1,61
39,2,26
32,0,37
47,3,61
45,0,24
41,2,46
41,1,46
34,2,25
28,0,29
37,3,30
25,0,23
48,2,53
39,3,28
46,5,46
46,1,26
46,1,53
47,2,27
37,2,26
47,3,55
43,2,62
32,2,25
34,3,26
32,2,21
43,0,60
35,3,27
42,0,22
41,5,32
48,4,31
31,1,33
44,2,61
44,1,57
40,2,27
40,0,49
30,2,25
39,3,35
48,5,48
36,3,36
42,1,25
47,6,45
46,7,35
31,1,30
28,0,24
38,3,28
42,4,42
