2,22,63
4,19,46
0,20,56
32,7,2
63,20,29
16,12,7
25,5,1
7,22,61
11,23,63
40,7,6
11,15,11
37,19,19
11,21,44
40,22,25
59,9,1
5,12,10
8,20,51
27,7,4
25,12,7
61,23,50
1,13,14
0,22,59
24,22,20
30,11,6
4,13,11
4,7,2
45,8,9
31,12,8
25,18,15
58,14,20
45,9,10
55,22,29
59,14,21
38,19,20
7,21,36
3,17,34
0,14,17
17,14,10
37,10,9
6,20,32
40,5,2
13,23,40
29,16,12
12,10,6
13,23,45
1,10,7
1,11,11
49,17,21
10,20,52
35,21,21
54,8,1
0,9,8
62,12,0
1,16,20
5,17,20
7,20,28
13,10,5
33,6,3
12,19,17
10,23,57
1,16,52
0,18,22
24,23,22
23,16,13
12,23,34
63,18,24
5,20,60
49,6,5
43,12,14
53,15,20
5,19,28
9,19,43
34,5,0
61,21,28
6,13,11
58,9,2
0,10,10
54,8,11
15,22,23
6,19,58
1,22,61
17,14,12
14,22,50
47,6,6
48,7,8
32,16,13
8,16,16
7,20,57
40,11,11
12,21,46
43,7,5
6,9,5
34,20,20
12,23,46
11,22,52
6,20,59
12,22,24
49,11,14
11,20,21
21,16,14
42,7,7
52,10,12
36,14,13
23,5,0
6,19,29
58,7,9
37,6,2
8,23,62
10,22,28
55,8,11
63,21,39
3,16,46
6,19,27
1,18,30
38,23,26
11,18,16
30,13,10
3,17,22
62,8,10
60,20,26
40,7,5
48,6,6
25,16,13
57,18,23
8,16,14
52,14,17
42,5,1
20,16,14
27,17,13
41,19,21
48,6,2
15,16,13
7,20,37
46,17,20
61,23,44
6,20,53
53,22,27
9,20,25
45,11,12
42,16,19
9,22,58
46,18,21
39,14,15
13,11,8
30,19,18
50,18,23
1,17,34
16,14,12
5,20,24
31,11,8
3,16,17
35,14,10
30,19,17
54,19,25
12,13,10
9,21,24
24,17,14
5,9,4
22,19,17
61,7,6
37,20,20
3,5,1
63,21,31
13,23,54
34,6,1
3,17,48
21,5,0
22,16,14
22,23,21
62,22,36
23,13,9
23,22,20
9,20,53
9,19,41
61,22,47
22,12,8
39,16,16
23,10,5
60,22,28
14,22,21
62,21,38
14,10,5
22,13,9
21,12,7
34,9,6
49,11,13
57,12,17
55,7,1
3,12,11
12,21,47
37,5,0
39,15,15
62,12,17
4,17,39
10,20,47
26,7,3
52,6,5
47,21,25
56,8,0
8,21,60
3,19,31
22,6,2
8,21,26
28,8,4
8,23,63
61,10,1
10,23,31
7,21,37
5,14,12
2,18,35
44,11,13
0,16,36
25,21,20
15,10,5
18,17,14
14,17,14
4,19,35
63,22,31
25,18,16
12,22,47
18,22,21
33,7,3
16,7,3
9,20,41
35,15,14
62,10,14
53,19,23
6,20,25
1,17,19
6,20,56
8,17,17
45,17,21
18,9,4
1,16,42
62,22,45
0,18,55
0,17,56
0,16,35
4,17,37
51,19,23
52,15,19
7,18,49
11,18,18
61,22,42
41,9,9
18,21,21
49,13,17
14,17,16
39,7,5
16,20,19
6,20,33
33,14,11
47,14,17
45,17,20
25,9,4
46,18,22
10,23,32
33,20,19
5,19,31
38,11,10
2,17,34
4,19,33
10,22,56
55,7,5
61,23,33
56,17,22
61,10,2
17,9,4
9,18,19
40,9,8
14,23,45
44,10,10
52,16,20
9,20,51
11,20,51
1,17,54
26,8,4
6,18,22
5,17,47
10,22,43
17,13,9
39,9,7
59,8,4
12,8,3
5,17,51
8,19,45
62,8,11
19,13,8
9,22,33
5,19,56
4,17,44
17,12,8
2,13,14
10,22,31
11,22,25
54,7,7
9,14,11
15,11,8
48,22,27
2,9,6
7,20,25
56,20,26
16,14,11
63,21,36
33,21,22
46,18,23
35,20,19
41,19,23
31,11,6
35,15,12
59,7,4
22,22,22
56,17,23
5,17,22
9,14,10
29,15,11
38,20,21
39,8,5
4,18,33
43,20,24
20,15,13
3,14,14
0,16,51
9,19,45
47,6,2
32,12,9
7,18,45
4,18,43
48,19,23
12,11,8
57,22,28
7,20,27
58,9,1
46,6,6
0,17,37
7,21,31
9,21,27
8,15,13
5,18,23
53,8,9
26,12,8
13,21,20
19,8,3
17,12,7
2,16,50
23,11,7
7,19,39
2,19,35
11,22,22
61,23,34
6,8,3
49,15,18
48,17,20
45,6,4
31,6,2
50,17,20
63,9,13
13,18,16
11,23,27
36,13,12
9,20,42
0,15,49
37,7,3
0,15,46
13,22,42
4,18,23
7,18,20
41,16,19
28,20,18
53,10,13
31,15,12
7,21,29
26,15,12
9,20,43
35,16,14
3,18,29
55,20,25
6,9,4
1,9,6
39,12,11
62,10,3
6,20,28
7,20,26
33,23,25
53,8,10
24,21,20
30,15,13
18,13,8
0,15,38
9,21,57
11,17,17
55,8,9
38,21,24
20,12,8
1,18,25
6,18,23
1,14,40
60,15,21
7,14,13
62,18,24
53,7,9
1,17,56
12,22,53
6,17,42
15,6,1
28,11,6
7,12,10
8,13,9
47,8,9
0,19,56
6,19,22
4,17,40
32,5,1
9,14,12
34,16,15
12,20,21
5,16,16
2,18,26
30,6,1
7,17,16
16,14,10
5,16,15
45,19,23
4,21,61
4,11,7
51,22,26
59,22,30
14,6,0
60,16,22
43,23,28
60,23,36
7,21,56
9,20,38
33,9,5
8,12,8
4,17,42
11,19,18
14,14,10
9,22,57
7,13,11
53,7,1
55,6,4
45,16,20
8,21,59
55,7,10
6,20,46
6,22,63
36,12,11
9,22,44
63,19,27
31,7,2
9,16,16
34,5,2
1,21,60
0,17,53
16,7,1
4,9,4
24,10,5
14,23,41
10,15,12
16,12,9
35,21,23
10,22,32
58,11,16
4,15,47
12,23,45
63,14,21
49,13,16
61,8,11
4,17,52
61,23,47
0,22,62
46,9,11
60,22,30
11,10,6
27,14,11
2,18,55
47,14,18
49,23,29
3,7,2
37,21,22
6,14,11
52,11,15
42,22,26
60,9,2
34,15,12
26,5,1
5,18,34
13,21,48
50,17,22
14,22,47
15,21,21
3,18,38
7,20,33
27,10,6
32,20,20
19,14,11
26,10,5
63,22,49
34,17,15
13,9,5
13,23,41
10,21,39
34,8,5
16,23,52
61,17,24
49,17,22
12,23,57
55,20,26
1,19,59
52,9,10
54,6,2
11,20,46
35,15,13
19,23,23
38,18,20
56,8,1
32,9,5
3,16,21
51,10,12
12,21,48
2,18,57
5,17,44
12,11,6
12,15,13
3,16,44
0,16,46
40,6,2
8,22,35
5,17,42
34,21,22
15,5,0
40,8,7
6,20,23
10,21,25
7,20,30
38,22,25
13,23,42
6,6,1
5,13,10
4,19,28
5,20,30
4,22,63
17,8,3
2,8,4
57,7,6
17,16,14
2,12,12
0,16,34
59,7,7
18,15,13
37,8,5
11,20,49
6,19,34
3,19,43
11,21,22
60,8,4
19,12,7
7,20,54
57,22,27
5,18,45
11,21,51
39,11,10
27,6,1
6,17,47
3,11,8
26,19,16
33,7,4
29,8,5
6,15,14
4,18,31
43,11,11
3,14,15
5,13,12
1,15,39
9,20,50
7,21,32
4,18,53
9,20,46
20,11,7
4,16,45
0,9,6
13,23,27
53,18,22
23,9,6
2,17,53
46,5,2
50,10,13
12,23,31
52,7,7
11,7,0
1,14,15
52,19,24
5,8,4
62,21,30
41,18,21
12,22,43
33,13,11
61,8,7
3,15,19
7,21,62
13,23,25
5,19,24
21,14,10
32,23,24
23,14,10
30,21,21
31,15,11
8,22,56
6,7,0
62,16,23
57,21,28
5,18,26
22,23,22
3,20,60
24,11,6
49,14,17
3,16,45
2,21,59
5,18,44
11,22,30
61,11,18
6,13,12
4,18,46
49,6,1
12,6,1
5,18,54
48,7,7
62,9,13
20,18,17
15,17,15
33,20,20
16,23,24
7,18,19
5,11,9
11,22,45
0,18,30
32,18,17
16,13,10
7,21,54
16,15,13
53,14,17
17,11,8
40,9,7
51,22,27
12,21,52
18,22,22
35,14,13
42,23,27
47,12,15
51,13,17
52,20,25
52,16,19
33,23,24
13,17,16
31,6,3
15,23,46
60,18,25
47,10,11
27,19,16
1,17,42
10,22,57
48,7,6
22,10,7
44,14,17
38,10,9
56,6,6
35,23,25
20,21,21
19,7,2
11,17,16
4,18,26
4,19,56
10,10,6
32,4,0
43,9,8
17,11,6
8,20,58
56,9,13
5,11,7
12,19,18
50,21,25
27,18,15
59,21,27
2,15,16
29,22,22
8,19,51
60,7,7
30,14,9
22,10,6
39,12,12
60,23,30
7,20,39
1,15,18
50,12,16
38,4,0
16,18,16
10,22,59
12,21,20
0,17,38
4,18,37
7,19,27
13,14,11
30,9,5
62,21,44
46,14,16
3,13,11
17,13,10
62,22,37
3,19,58
4,18,27
8,19,46
57,10,15
4,18,44
41,15,17
36,16,15
37,18,17
58,12,18
6,17,19
6,18,51
12,23,61
38,8,5
30,5,1
15,23,50
4,18,54
41,14,14
8,21,61
23,18,16
54,19,24
1,17,25
11,22,46
33,18,16
1,18,32
9,19,50
15,23,49
11,22,58
60,21,29
39,18,21
22,17,14
55,8,0
29,13,8
6,7,2
30,23,23
21,18,17
59,9,14
30,5,2
12,13,9
61,23,32
13,15,13
0,12,13
62,17,23
1,17,35
11,23,46
3,8,3
7,20,24
42,8,7
18,21,20
61,14,22
1,19,35
37,5,3
59,23,40
24,9,4
7,7,0
35,20,22
31,22,23
58,7,3
62,22,46
9,23,63
6,19,57
10,23,56
62,22,34
40,13,14
55,6,6
57,12,18
62,22,40
30,18,17
29,15,12
57,16,23
24,14,10
39,18,19
10,21,41
10,20,44
50,19,23
60,23,47
51,17,20
54,23,30
51,20,24
62,14,20
29,8,4
7,18,40
39,21,23
27,5,1
62,22,49
63,22,47
10,17,15
8,12,9
24,21,19
1,18,26
30,22,21
7,19,23
54,16,20
10,19,48
17,7,3
10,22,22
14,22,52
58,9,0
11,23,54
11,23,44
7,20,22
61,9,13
63,22,37
34,22,24
37,8,6
31,18,17
41,16,18
46,12,13
1,16,44
31,18,16
45,5,0
22,6,0
11,21,19
40,23,27
44,14,16
43,13,14
10,20,39
51,15,19
24,20,18
55,7,8
56,13,17
14,23,25
63,20,41
62,10,15
49,6,3
8,13,11
26,20,19
35,12,9
14,11,7
36,5,0
21,7,3
19,20,19
57,12,16
54,9,11
9,19,23
41,12,12
44,10,12
60,23,42
0,18,21
46,7,6
5,14,13
60,8,5
8,21,58
7,19,43
41,5,0
51,15,18
1,20,58
30,13,8
17,23,23
28,7,3
1,17,31
5,7,2
3,17,45
5,8,3
0,5,1
14,9,5
4,17,20
27,20,18
27,5,0
4,20,60
60,9,3
0,8,5
10,21,22
0,17,30
62,22,48
11,21,40
8,20,53
30,22,22
26,21,19
31,12,7
47,10,12
49,10,13
1,16,50
35,23,24
35,18,17
53,9,12
44,17,20
34,11,8
50,6,3
2,10,6
1,17,24
8,21,30
11,10,5
9,19,51
48,17,21
62,22,29
3,17,24
35,18,18
5,9,5
13,23,24
7,18,51
12,9,4
5,19,46
23,18,17
61,14,21
0,4,0
50,10,12
21,21,19
62,21,37
59,8,6
53,11,13
37,18,18
23,6,0
60,16,23
10,21,20
15,20,20
24,15,11
38,6,2
61,22,44
53,10,14
51,14,18
21,22,21
9,22,45
63,22,33
47,23,27
63,21,34
20,20,20
34,20,21
2,17,56
16,13,8
0,16,38
18,10,5
4,17,47
1,14,41
4,14,12
2,18,29
40,14,14
45,14,17
41,10,9
2,13,12
12,23,40
33,6,1
3,19,59
38,11,9
36,20,22
18,12,8
5,19,43
1,17,32
0,17,32
28,10,6
60,18,24
30,14,10
60,23,34
6,18,52
18,16,13
15,13,10
26,23,23
11,21,52
19,10,6
5,18,57
11,22,61
61,9,2
58,8,12
44,22,27
48,23,29
4,17,45
9,19,19
25,7,3
24,9,5
40,18,20
3,18,51
38,13,12
58,22,28
10,22,34
0,17,35
31,15,13
15,9,5
50,17,21
6,19,48
4,18,35
7,22,63
1,8,5
0,11,10
36,6,1
45,6,3
4,18,45
39,4,0
60,9,14
48,18,23
12,20,19
27,22,21
44,19,23
43,17,19
21,11,8
6,20,45
27,19,15
31,23,23
8,22,33
42,11,10
4,18,57
13,22,22
49,9,11
36,22,24
34,4,0
46,15,18
18,8,4
38,5,3
10,14,12
3,10,6
22,18,17
3,13,13
27,12,7
20,18,16
19,20,18
26,22,20
15,23,25
18,17,16
0,11,9
37,15,15
7,8,2
22,6,1
52,21,25
53,13,17
46,12,14
36,6,2
0,16,37
28,23,23
8,19,41
26,16,14
63,20,28
48,7,5
56,14,20
29,11,7
3,16,51
63,20,40
62,9,14
37,23,26
45,14,16
60,9,13
56,19,24
56,21,27
14,8,4
0,17,25
40,17,19
43,18,22
27,19,17
33,18,17
5,20,33
11,19,20
3,17,47
45,7,8
4,17,22
45,10,12
7,19,38
5,18,46
5,18,38
52,23,28
1,16,37
0,15,18
11,19,19
7,21,55
12,17,14
2,15,44
4,17,21
13,19,19
34,11,7
54,15,20
5,19,23
16,6,0
49,6,0
62,21,41
63,22,34
41,6,4
17,21,20
11,23,57
63,11,3
61,22,38
15,15,11
26,6,3
0,19,54
9,21,32
63,22,32
9,18,20
8,19,49
49,22,28
17,17,14
62,23,34
35,5,1
51,8,10
6,7,1
20,17,16
46,15,19
4,23,63
30,6,2
60,10,16
60,20,27
47,7,6
25,15,11
10,22,37
42,14,15
59,21,28
2,12,13
62,8,9
28,17,13
6,19,38
7,19,52
3,17,21
46,21,25
2,15,40
48,15,18
4,5,0
46,19,24
34,8,4
11,14,11
7,20,32
11,20,19
35,18,19
41,8,7
53,10,12
48,19,24
63,23,49
9,19,42
60,7,6
1,20,59
0,16,22
20,14,11
26,12,7
48,16,20
8,18,18
59,8,12
16,8,4
7,7,2
42,10,10
24,19,17
24,6,1
11,22,20
12,19,19
43,21,24
25,17,15
9,8,2
6,17,17
0,10,9
0,17,34
8,18,17
45,9,9
3,16,43
19,7,1
18,17,15
2,16,48
9,22,29
39,20,23
4,18,24
5,16,45
50,21,26
28,21,18
52,6,4
47,6,1
24,9,6
3,21,61
34,13,10
36,15,14
39,10,9
48,21,25
1,15,41
14,14,12
61,13,19
27,21,19
13,19,18
5,15,15
11,8,2
8,20,27
24,20,19
4,19,43
2,17,39
45,18,21
2,18,36
24,12,8
32,5,0
22,22,20
39,14,14
9,19,47
17,22,22
12,12,8
18,19,18
14,9,3
2,18,40
45,10,11
5,19,37
46,9,9
6,19,21
41,11,10
2,16,41
51,16,19
63,8,9
0,17,27
11,23,36
10,19,21
8,8,3
12,21,45
47,11,14
40,4,0
0,16,41
45,15,17
7,18,50
11,21,38
52,19,23
9,21,20
23,19,18
0,9,5
57,6,7
14,18,16
48,9,11
3,15,50
46,22,26
9,20,26
51,11,15
22,14,11
4,22,62
24,18,15
9,13,9
23,20,19
24,17,16
37,22,23
8,17,18
52,22,26
5,23,63
23,20,18
1,17,28
3,15,44
29,23,23
13,23,63
63,22,30
9,23,33
11,19,50
10,21,46
8,21,55
2,16,52
16,6,1
10,22,45
43,12,13
63,8,7
3,16,50
16,7,2
8,20,38
43,14,16
53,17,21
45,12,14
13,22,47
6,21,31
8,21,27
62,11,18
4,14,15
53,20,25
9,22,54
7,21,60
49,22,26
37,23,25
60,14,21
58,10,15
54,14,18
63,11,1
63,9,4
60,10,0
36,13,10
3,19,42
8,19,40
0,22,61
13,14,12
54,22,28
29,14,9
3,19,29
55,14,20
12,22,39
24,23,21
32,22,22
1,16,43
61,12,17
8,20,36
7,20,29
9,21,31
61,23,36
27,14,10
4,16,50
5,19,30
11,22,42
8,21,24
12,7,1
11,20,22
56,9,12
13,11,7
15,17,14
38,14,14
3,19,35
8,18,47
36,20,21
9,19,18
49,23,28
58,12,16
6,11,8
11,23,30
54,21,26
29,17,15
11,22,26
9,7,2
39,17,19
7,16,15
44,16,18
21,23,23
6,20,54
61,8,5
52,17,22
8,21,28
40,10,10
12,21,51
8,21,54
30,6,3
50,9,10
13,8,3
51,7,8
16,19,18
9,7,1
53,6,4
5,15,16
17,17,16
7,14,12
10,21,53
14,13,10
1,14,17
36,16,16
59,9,13
50,22,28
0,16,53
44,17,19
27,20,19
1,17,23
13,16,13
24,8,3
6,17,44
9,10,5
5,19,58
53,8,11
26,13,10
2,16,20
0,12,12
1,18,22
25,11,6
9,20,36
44,22,25
11,22,23
54,8,8
11,23,62
63,21,28
24,7,2
20,12,9
5,15,14
3,17,49
12,21,19
24,15,13
44,18,22
10,23,29
28,10,5
6,12,8
0,23,63
1,16,49
28,22,20
54,20,26
32,15,13
11,22,43
61,9,15
40,19,21
29,17,14
31,5,1
10,10,5
3,15,18
52,22,27
7,16,14
14,11,6
57,9,0
55,10,13
7,10,6
14,19,17
29,18,15
3,17,23
15,15,13
3,16,40
42,5,3
35,13,9
8,20,28
12,20,48
62,22,33
62,14,22
60,19,25
58,18,25
10,22,26
52,6,2
30,20,19
31,10,7
58,10,14
13,13,9
61,22,40
7,12,8
1,13,13
0,16,45
11,16,15
10,6,0
60,19,26
6,19,25
37,20,22
24,15,12
6,19,59
1,18,28
8,20,59
27,9,5
32,8,5
50,16,20
36,14,11
4,18,36
47,17,22
61,22,39
12,22,60
24,23,23
7,20,52
17,15,11
9,16,14
3,16,18
19,5,0
61,15,22
57,16,21
36,7,3
45,20,24
2,23,63
3,18,44
20,15,12
16,15,12
57,8,2
7,20,31
51,17,21
44,5,3
13,21,49
46,6,3
11,23,53
0,11,12
28,15,12
31,17,16
50,16,19
2,15,42
3,5,0
45,10,10
49,14,18
4,19,25
30,11,7
55,21,27
58,23,31
6,16,48
43,6,3
10,20,46
5,19,21
63,8,11
43,22,26
21,10,5
49,15,19
11,23,59
5,19,33
20,12,7
9,20,24
55,9,12
37,9,6
19,9,5
48,23,28
15,12,9
52,6,6
3,18,23
13,7,3
3,22,62
32,15,12
6,11,7
49,16,19
18,6,1
43,19,22
0,17,39
27,22,19
19,6,2
34,15,11
37,7,5
31,18,15
41,6,5
37,19,21
21,20,19
5,20,35
28,20,19
57,19,25
43,17,20
37,14,12
51,21,25
59,8,5
46,6,1
46,12,15
26,21,20
26,13,9
9,20,49
7,8,3
25,17,14
62,21,45
11,20,48
7,19,21
3,18,22
45,13,16
13,23,38
5,18,21
12,22,41
42,9,8
40,15,15
62,20,28
11,22,40
45,17,19
58,12,17
40,7,4
16,11,8
7,20,56
38,6,4
10,20,24
9,21,22
55,12,16
33,10,6
46,20,24
17,10,5
20,6,0
57,7,7
25,5,0
5,6,1
0,7,3
31,19,18
35,20,20
26,19,18
52,7,1
53,23,29
2,18,58
43,5,0
5,21,60
3,14,13
54,6,3
1,17,30
39,8,6
53,7,8
9,19,21
58,13,19
8,10,5
52,17,21
48,5,0
11,22,34
51,19,24
34,6,3
39,15,16
61,8,10
56,7,8
20,13,9
15,22,21
7,21,30
37,12,11
6,19,32
32,7,3
0,17,36
6,18,46
2,18,25
26,13,8
37,19,20
1,17,21
54,10,13
25,23,21
60,23,33
1,10,8
0,19,57
14,23,52
7,20,46
3,18,24
9,15,12
25,7,2
13,23,23
10,22,30
57,17,23
10,21,44
61,20,27
9,9,4
31,21,20
41,6,3
1,10,9
0,19,58
3,15,48
2,18,27
18,6,0
3,11,9
11,15,13
57,14,19
44,12,14
12,8,4
53,21,26
44,9,9
43,10,10
16,10,6
36,20,20
55,17,22
21,18,15
0,17,50
3,19,34
50,7,5
58,16,22
31,17,14
55,6,5
26,9,5
9,20,48
6,21,61
7,19,37
49,7,5
49,8,8
11,11,6
55,13,17
60,21,28
27,16,12
3,15,42
62,22,35
9,21,47
8,20,21
29,19,18
6,19,51
6,20,52
4,19,44
44,11,11
47,11,13
31,16,13
39,5,3
21,20,18
37,11,8
36,10,6
33,15,11
8,20,33
3,18,58
46,16,18
3,18,40
62,21,40
51,7,6
2,14,16
2,15,48
3,15,46
23,17,15
41,18,20
6,16,47
3,16,19
13,9,3
0,18,56
60,13,20
27,18,14
4,19,27
35,16,16
0,18,23
37,6,4
63,10,2
2,16,44
15,23,47
7,12,9
56,8,11
54,8,9
54,8,10
3,18,42
8,18,49
10,20,40
14,23,48
26,15,11
42,7,5
63,17,23
3,6,0
8,21,56
47,18,22
5,18,55
7,18,21
57,11,15
59,11,16
50,12,14
58,14,19
28,12,8
35,19,20
52,12,16
36,22,23
59,8,11
11,21,21
24,10,7
59,10,14
2,17,47
21,16,13
27,4,0
40,10,9
56,6,5
44,6,6
26,15,13
0,7,2
37,21,23
37,13,12
0,15,43
24,13,9
25,14,11
60,23,35
22,15,13
55,7,7
43,23,27
2,16,43
8,21,23
23,17,14
50,18,22
38,9,7
39,9,8
21,11,7
2,17,37
35,21,22
8,21,38
60,23,45
22,13,10
7,22,62
41,7,4
14,15,11
41,11,12
23,9,5
44,13,16
1,15,46
0,16,44
10,22,44
40,19,22
36,23,25
60,22,29
3,15,15
6,12,9
1,16,22
27,17,14
31,14,10
1,14,47
1,16,38
12,23,52
35,17,17
61,22,31
0,9,7
3,19,33
62,17,22
6,20,39
3,18,25
48,13,16
16,18,17
28,14,10
36,15,15
41,14,15
49,5,1
2,18,28
35,14,11
29,7,4
3,16,49
51,6,1
39,18,20
2,17,41
7,17,17
57,13,19
4,10,7
5,20,34
4,6,1
15,12,8
21,8,3
23,8,3
60,8,7
33,12,7
44,17,21
60,23,37
1,12,10
35,7,5
62,23,47
59,18,25
57,9,13
3,11,10
62,22,39
59,12,18
54,15,19
11,23,34
8,19,24
12,23,32
4,15,16
8,19,47
15,8,3
42,19,22
41,13,13
56,21,26
5,13,11
35,11,7
0,21,60
2,19,36
54,21,27
1,6,2
19,18,17
11,22,27
24,13,10
10,21,51
2,17,43
2,18,32
38,17,17
57,14,20
34,5,1
35,19,18
34,23,23
45,18,22
44,6,3
24,11,8
12,23,27
0,8,4
8,20,26
9,21,28
60,10,1
4,17,36
37,11,10
56,18,25
22,5,0
52,13,17
29,10,6
11,22,54
10,21,35
46,15,17
38,5,1
10,18,17
4,19,58
34,22,23
10,7,0
19,6,1
9,21,29
54,17,22
60,10,2
29,5,0
34,17,17
43,8,8
2,14,17
61,16,23
38,14,13
1,17,29
47,9,10
43,5,1
63,21,42
55,8,1
55,15,21
6,14,12
38,6,3
3,16,41
43,5,2
2,15,39
45,22,27
4,16,42
49,17,20
9,21,34
10,20,20
58,8,3
54,11,15
63,11,0
0,16,39
18,10,6
38,8,6
31,9,5
39,21,24
40,15,17
18,23,22
8,9,4
39,5,0
55,14,19
11,22,44
8,20,50
63,21,44
12,10,5
21,13,9
29,16,13
59,13,20
10,9,3
62,23,51
7,16,16
35,13,10
15,22,50
12,22,52
7,10,5
51,6,0
3,18,56
9,20,47
19,17,16
8,21,40
12,23,53
2,15,45
8,21,31
61,8,8
62,23,49
60,8,11
31,21,21
53,6,3
55,8,2
1,11,9
34,15,14
10,22,60
5,17,17
28,23,21
58,11,17
63,21,33
9,10,7
26,18,14
61,10,14
6,17,43
57,6,5
21,21,20
5,17,38
53,20,26
63,21,38
18,6,2
13,16,12
61,23,43
3,19,44
46,5,0
38,15,14
51,23,28
1,18,31
44,15,18
63,15,22
0,16,33
48,8,8
14,12,8
7,20,48
9,21,38
12,23,37
1,18,57
14,23,51
53,11,15
50,9,11
35,6,2
47,19,23
0,14,40
13,19,17
56,7,7
0,17,19
43,5,3
5,5,0
14,13,9
16,16,14
0,15,50
52,18,22
18,14,10
1,6,1
2,17,49
11,23,32
9,21,61
5,16,47
3,18,28
47,9,11
40,23,26
39,19,22
4,19,22
39,7,6
8,21,36
16,23,51
56,9,0
14,16,13
11,9,4
39,20,22
47,22,27
4,16,49
2,19,33
9,20,20
12,23,47
14,23,26
47,19,24
2,9,5
8,22,55
17,19,18
10,21,19
28,21,20
8,19,20
0,17,20
60,23,40
19,15,11
15,23,53
0,14,47
49,22,27
62,21,39
4,16,19
6,16,15
59,9,2
2,11,8
9,22,61
8,20,34
31,22,21
34,14,12
58,21,28
48,10,12
20,21,20
11,14,12
54,20,25
3,14,16
0,14,45
8,20,40
41,22,25
10,22,21
9,21,44
63,9,15
24,18,16
8,15,12
37,4,0
26,7,4
5,17,46
37,9,7
8,20,44
58,15,22
43,15,18
11,15,12
29,22,20
36,19,19
17,12,9
9,23,32
20,19,18
27,16,13
1,18,24
59,14,20
61,9,3
52,11,14
51,8,8
61,19,26
7,9,4
63,20,26
8,20,54
13,23,60
49,12,15
63,21,46
3,17,37
42,12,14
2,18,39
26,22,21
5,19,36
8,21,52
0,14,38
12,21,21
1,21,59
61,22,36
52,7,9
26,7,2
22,11,6
5,17,49
63,8,8
38,20,22
5,18,25
52,10,13
1,14,16
10,22,52
60,13,18
63,17,24
8,20,49
50,5,2
39,12,10
15,10,7
4,16,43
2,17,33
60,8,8
60,8,13
20,20,18
9,21,60
14,23,44
36,21,21
13,23,43
29,6,1
1,15,50
12,12,9
48,6,0
9,11,6
47,9,9
8,16,15
60,11,17
0,17,52
28,20,17
6,17,48
32,16,14
9,22,31
31,10,5
36,4,0
3,18,27
62,13,21
55,14,18
60,12,19
36,10,8
3,18,55
15,23,52
25,13,9
50,15,19
2,12,11
15,15,12
42,7,6
40,15,16
0,18,53
3,18,32
2,7,3
1,17,38
48,5,1
12,23,26
45,22,26
59,17,23
8,13,10
49,6,4
10,21,26
63,20,44
7,19,41
2,19,34
6,17,40
42,23,28
23,12,8
26,20,17
5,19,52
37,7,4
11,21,20
17,23,22
7,15,13
1,15,44
53,15,18
54,8,0
58,18,24
38,18,18
40,16,18
43,11,13
43,10,9
10,19,47
13,16,14
33,15,13
23,12,9
3,19,28
6,18,37
34,22,22
3,19,30
51,22,28
9,21,21
53,6,2
12,23,28
58,19,26
11,23,56
10,17,16
20,10,5
8,22,63
31,14,12
14,22,23
14,20,20
37,11,9
8,20,45
8,19,23
3,6,2
43,14,15
15,11,6
3,18,54
60,8,9
6,10,6
0,18,57
61,11,17
62,11,17
13,22,46
17,7,2
30,4,0
48,6,1
62,10,13
30,14,11
12,23,39
24,21,18
19,12,9
6,19,44
9,22,32
38,21,23
18,12,7
26,23,21
44,21,24
1,17,55
11,22,24
10,21,52
42,12,12
35,4,0
4,21,60
1,22,62
8,19,43
56,19,26
48,6,5
32,11,7
35,13,11
18,15,11
45,20,23
12,17,15
3,15,49
12,23,42
10,21,42
44,21,26
42,12,13
2,20,59
20,7,2
25,19,18
13,22,49
37,5,2
47,15,19
59,23,30
3,18,57
6,19,40
32,18,15
56,15,19
49,12,16
43,12,12
21,6,2
22,8,3
5,18,48
63,22,36
40,17,18
25,20,18
18,18,16
58,23,30
17,5,0
36,6,3
12,9,5
52,8,8
1,17,40
1,16,36
9,20,44
6,20,24
60,23,44
63,10,15
5,16,49
0,18,20
9,19,40
42,16,18
5,16,46
42,21,25
10,12,8
32,8,3
33,10,7
39,22,24
2,16,39
48,11,12
10,21,23
3,18,37
47,23,28
46,16,20
3,17,44
7,17,47
1,15,40
55,8,10
61,22,41
2,15,41
0,15,45
8,10,7
60,11,0
14,8,3
2,17,22
50,6,1
23,7,3
52,21,27
43,16,19
2,16,35
8,21,34
32,22,21
44,11,12
43,21,25
29,5,1
40,14,15
0,22,60
56,13,18
12,21,49
59,16,22
62,23,32
9,21,30
9,22,30
48,15,19
46,13,15
7,20,44
2,17,24
40,6,3
63,20,43
5,18,40
63,8,6
56,8,12
33,15,12
32,21,20
56,12,17
19,8,2
5,6,0
12,8,2
19,19,17
12,23,56
38,17,18
39,19,21
13,23,39
46,10,11
36,21,22
10,21,45
49,21,26
51,21,26
34,19,19
16,5,0
10,16,14
61,8,4
8,19,44
53,12,15
7,19,46
11,21,24
56,8,10
36,8,4
47,23,29
59,8,3
51,12,16
43,6,4
6,20,31
29,7,3
32,11,8
1,16,48
8,20,43
57,18,24
3,16,37
16,22,22
3,16,47
38,7,4
27,7,3
0,16,19
5,16,17
19,21,21
4,17,43
51,7,0
41,14,16
2,16,42
43,14,17
1,15,48
28,5,0
42,5,0
10,20,21
30,19,16
21,20,20
63,10,5
20,7,1
4,19,54
62,7,8
48,10,13
38,13,11
9,21,36
7,9,5
62,23,35
62,22,31
4,20,30
54,9,13
3,19,36
59,23,41
45,19,22
32,21,22
13,23,48
0,6,1
17,22,21
57,13,18
0,17,29
23,14,11
58,16,23
61,12,19
58,21,27
48,6,3
34,6,2
25,22,21
5,19,45
44,13,15
11,6,0
2,15,17
10,21,38
5,16,18
56,23,29
2,6,2
0,18,25
46,23,28
57,8,11
52,16,21
51,9,12
12,18,17
2,21,61
12,22,51
4,16,41
33,16,15
2,19,57
43,13,15
47,21,26
62,9,15
2,12,10
17,15,12
54,23,28
10,21,58
47,22,26
62,7,10
32,17,14
34,14,11
10,11,6
42,10,9
50,20,25
3,10,8
1,16,51
10,19,18
35,20,21
1,5,0
4,13,10
0,6,2
62,20,26
14,11,8
55,7,9
17,6,1
4,16,39
15,10,6
0,15,48
6,17,50
42,6,5
10,19,17
32,13,10
57,7,10
61,12,18
11,21,43
55,11,14
2,18,33
63,14,22
50,9,12
57,13,17
12,23,54
4,13,12
62,9,4
16,21,20
35,14,12
34,16,14
4,18,34
17,14,11
11,23,33
51,20,25
12,16,13
3,17,55
55,19,24
10,15,13
25,20,19
13,12,9
33,21,20
41,17,20
16,22,21
24,16,13
29,6,2
4,19,31
44,6,4
43,20,23
0,13,14
57,17,22
6,7,3
63,21,45
44,12,13
32,23,22
5,22,63
25,10,6
13,22,50
41,19,22
2,16,22
56,19,25
0,16,40
50,13,17
55,7,4
5,18,24
22,20,19
51,8,9
23,19,17
8,20,52
57,17,24
23,10,6
13,23,26
0,15,19
13,7,2
1,16,47
3,22,63
21,22,22
9,20,37
56,15,21
0,19,59
8,20,41
53,7,3
20,6,1
21,9,5
14,22,24
29,23,22
8,9,5
4,19,45
21,7,2
45,8,7
11,22,62
63,19,25
61,22,46
46,19,22
13,23,61
5,19,22
62,21,27
25,23,22
27,21,18
56,14,19
7,18,17
47,14,16
7,11,7
1,19,58
44,8,8
61,16,22
50,7,0
0,17,24
1,15,19
38,14,15
10,17,17
39,11,9
0,14,46
18,7,3
48,21,26
14,23,46
3,21,62
63,12,0
21,12,9
24,14,11
10,14,10
12,16,14
6,17,18
1,14,43
61,23,49
56,14,18
57,15,20
2,18,22
3,16,20
24,19,18
28,7,4
1,9,5
29,19,17
28,11,7
15,14,12
44,23,27
20,9,4
38,22,24
12,23,35
6,20,34
29,14,10
12,22,38
13,22,20
14,23,49
52,8,9
3,19,27
13,9,4
44,23,28
8,21,35
36,17,18
49,18,23
59,8,10
63,20,42
63,21,41
9,22,62
54,13,16
58,9,14
54,7,2
50,5,1
8,7,1
51,14,17
1,16,45
38,19,21
4,20,32
17,23,52
48,12,15
10,22,46
34,23,24
44,5,0
7,21,61
34,15,13
37,16,16
3,10,7
6,20,36
7,20,34
57,8,10
13,21,21
16,17,15
63,21,32
4,18,32
4,19,36
15,23,48
8,20,24
31,21,19
32,14,10
1,14,42
42,19,23
0,20,60
51,6,3
1,12,11
45,6,5
63,10,3
11,20,47
59,22,28
9,13,10
13,10,6
12,22,21
54,7,6
54,11,14
61,22,45
13,12,8
40,5,1
7,20,59
13,6,1
8,11,7
10,20,45
13,15,12
41,5,3
6,18,44
7,21,33
42,17,19
23,14,12
57,10,13
2,16,19
49,12,14
2,20,60
53,21,27
28,9,5
1,7,2
40,16,17
7,19,36
4,15,46
52,23,29
2,16,53
9,10,6
46,17,21
62,9,12
0,15,42
55,7,3
61,10,15
26,18,15
17,8,4
1,18,42
35,15,15
3,16,52
1,18,21
6,19,39
7,18,23
42,14,17
7,18,48
57,11,14
42,21,24
38,17,19
60,23,31
11,11,8
10,7,1
45,6,6
53,22,28
3,22,61
62,23,48
6,19,46
13,17,14
50,12,15
30,21,20
31,14,11
1,17,45
9,9,3
11,13,10
55,19,25
6,18,47
28,14,9
6,14,13
26,16,13
6,6,0
62,22,41
13,8,2
25,21,19
63,8,12
9,17,17
47,6,5
59,10,0
11,23,37
3,9,5
4,19,37
13,22,52
54,6,6
31,20,19
51,18,23
56,22,28
20,8,4
7,19,51
15,23,23
47,13,15
42,15,16
63,16,23
11,22,41
47,6,4
11,21,41
38,10,8
54,13,18
9,11,8
30,12,8
51,10,13
20,17,15
41,16,17
50,11,14
15,18,15
36,21,23
7,18,43
8,19,48
2,17,23
4,19,34
8,14,11
22,14,12
4,12,9
40,22,26
41,12,13
8,20,48
30,17,14
6,20,57
12,23,58
13,13,10
13,21,22
49,10,11
61,17,23
3,18,31
62,20,27
3,17,40
30,22,20
58,7,4
60,10,14
57,11,16
10,18,18
61,23,37
7,19,53
57,9,1
11,14,10
10,22,54
3,18,36
1,18,35
62,8,8
21,14,11
14,22,51
62,22,32
54,6,5
12,22,40
39,6,4
1,23,62
4,19,59
53,18,24
59,10,16
10,7,2
26,18,17
9,21,46
63,10,17
62,13,20
63,13,21
61,18,24
40,21,23
3,9,4
0,5,0
52,11,13
42,20,24
0,17,18
47,7,8
28,14,11
7,20,23
0,15,40
12,23,29
21,17,16
62,21,28
6,17,21
23,23,23
52,14,18
30,15,12
0,14,44
10,12,9
15,22,51
45,23,29
5,19,57
3,17,36
19,9,4
46,9,10
0,18,27
11,22,36
60,23,48
22,10,5
3,23,62
6,20,44
5,20,26
49,5,0
56,20,25
3,19,23
63,22,43
24,5,1
32,16,15
3,18,53
55,13,16
38,12,12
21,21,21
55,7,6
4,19,24
0,18,33
0,14,48
0,15,47
9,21,35
8,17,16
21,17,14
30,16,13
29,20,18
6,20,27
9,7,0
5,9,6
43,23,26
8,7,0
58,20,26
12,7,2
52,6,3
8,14,12
4,18,51
63,8,10
48,10,11
28,6,3
31,7,4
9,21,43
59,23,43
44,16,19
55,18,24
10,16,13
4,16,46
12,23,55
62,11,0
2,15,46
20,8,3
32,22,23
54,10,12
3,6,1
54,16,21
36,5,1
8,21,57
0,15,36
6,19,35
23,7,2
40,9,9
0,21,61
50,13,16
60,8,3
12,22,23
30,8,4
57,7,9
13,22,23
18,16,14
4,16,18
15,18,16
2,16,49
43,8,7
63,21,40
47,13,16
59,10,1
35,7,4
9,16,15
48,12,14
1,17,52
38,5,2
9,23,62
29,23,21
41,21,24
46,7,7
4,18,25
25,22,20
60,9,4
7,18,44
8,19,38
7,15,14
29,10,5
56,8,2
14,23,50
0,22,63
11,23,43
63,21,29
49,8,10
59,13,18
33,17,15
27,8,4
37,5,1
53,23,28
28,6,2
51,9,10
14,12,9
44,22,26
1,17,36
36,17,17
60,7,8
61,12,0
11,22,29
6,18,41
29,20,17
2,16,46
60,23,38
44,20,24
43,18,20
5,19,54
10,21,40
13,21,47
54,16,22
51,7,7
53,6,5
3,15,47
45,9,11
4,18,55
49,7,6
0,21,59
7,6,1
5,17,18
10,11,8
2,17,55
54,10,14
18,5,0
6,17,45
11,22,59
48,22,28
14,5,0
5,12,9
56,16,21
15,23,51
53,7,0
56,8,9
9,22,56
14,18,17
28,22,21
4,18,41
57,23,29
8,21,29
57,7,5
4,14,13
4,17,53
49,16,20
12,21,22
59,9,3
57,8,3
50,14,18
2,5,0
2,13,13
58,7,10
1,16,35
5,18,37
10,13,9
58,8,10
35,9,6
56,22,27
23,13,10
5,20,25
59,9,0
37,15,16
3,11,7
5,18,56
63,9,9
58,20,27
18,11,6
13,21,19
13,23,28
5,15,13
62,18,23
10,21,28
20,23,23
23,13,11
63,18,23
41,8,8
56,21,28
11,23,28
42,14,16
13,22,25
62,23,36
27,12,8
12,22,44
21,17,15
19,11,7
47,20,24
19,19,18
34,7,3
35,12,8
60,7,9
9,20,21
8,18,20
12,22,46
48,13,15
6,17,20
0,19,55
1,15,45
63,21,43
53,7,2
61,21,29
54,7,5
8,19,52
1,16,39
37,13,11
6,18,39
9,20,52
27,16,14
30,13,9
1,8,4
62,21,43
39,17,18
44,7,7
7,6,0
15,9,4
9,21,45
13,8,4
6,20,60
51,11,14
1,17,43
20,10,6
5,19,32
16,17,16
53,18,23
8,14,10
11,9,5
48,20,24
62,19,25
27,13,9
39,8,7
37,16,17
5,11,8
41,12,11
3,17,43
11,20,20
27,22,20
56,7,2
14,23,47
22,13,11
58,10,13
56,18,24
8,6,0
6,16,17
15,23,22
54,17,23
55,10,14
12,21,50
25,13,10
10,23,45
4,12,10
48,11,14
4,19,57
53,19,24
10,21,59
10,23,34
3,15,45
60,21,27
25,7,4
11,21,48
37,18,19
6,18,20
46,23,29
52,12,15
22,7,2
8,21,33
49,20,24
2,18,41
14,19,19
62,8,5
14,23,40
9,15,13
63,9,5
45,16,19
6,19,45
35,5,2
31,5,0
50,22,27
2,17,32
46,20,25
47,16,20
10,23,53
55,23,29
2,14,15
4,17,51
1,18,33
12,23,43
9,20,60
0,14,41
9,9,5
3,23,63
0,20,57
57,9,12
9,22,55
63,11,17
55,22,27
5,17,39
27,6,2
14,14,11
46,8,9
1,18,20
62,22,38
11,22,60
12,23,62
3,19,32
8,21,39
5,19,34
31,12,9
18,19,17
3,8,4
23,23,22
40,12,12
17,23,51
26,9,4
12,23,30
39,6,2
11,22,55
41,13,15
8,19,19
62,23,37
20,6,2
51,7,9
11,19,48
56,12,15
17,10,4
19,7,3
40,13,12
5,19,53
52,9,12
57,10,14
6,18,24
7,13,10
7,20,53
5,10,7
46,6,4
6,11,9
22,21,20
33,5,0
9,19,48
1,17,48
21,11,6
40,20,22
61,15,21
53,6,1
30,10,5
31,16,14
17,16,13
1,15,17
32,7,4
10,22,27
11,22,28
25,14,10
1,16,21
5,22,62
41,5,2
49,19,24
22,19,18
10,18,19
38,9,8
22,22,21
0,17,54
45,13,15
35,6,3
29,18,16
58,7,7
42,23,26
46,19,23
10,22,58
0,17,23
61,23,38
58,9,13
56,22,29
26,16,12
51,23,29
24,22,21
38,18,19
5,14,14
1,17,49
5,21,62
16,13,9
4,19,38
59,23,42
3,13,14
9,19,49
17,6,0
51,6,6
28,9,6
3,9,6
55,12,17
8,19,25
10,23,63
40,5,3
29,4,0
10,21,27
35,17,16
55,16,22
20,11,6
6,21,60
13,23,52
1,16,40
46,5,1
25,10,5
43,7,7
8,20,39
28,13,9
58,17,23
50,7,6
58,14,21
18,11,7
14,23,53
3,16,38
33,13,9
26,5,0
16,10,7
63,10,4
47,20,25
52,15,18
17,17,15
20,16,13
37,13,13
10,21,54
9,20,59
53,17,22
46,5,3
3,15,17
8,22,62
33,13,10
4,19,29
11,20,50
34,16,13
5,19,35
30,23,24
61,23,41
62,10,4
61,18,25
60,9,12
32,13,11
4,21,62
19,20,20
13,22,44
1,17,46
21,6,1
61,23,35
61,8,13
47,18,21
58,10,0
21,6,0
63,23,50
40,22,24
6,19,31
22,20,18
26,4,0
29,16,14
1,18,43
11,23,52
52,21,26
39,13,12
11,19,49
9,18,18
61,8,6
31,17,15
14,23,23
46,10,12
9,22,34
19,6,0
2,17,25
9,21,40
24,18,17
31,8,5
15,6,0
4,13,13
10,20,42
30,7,3
46,7,8
2,16,21
31,4,0
49,21,27
2,17,48
6,17,46
11,7,2
6,19,23
42,20,23
61,11,0
12,22,62
35,12,10
59,20,27
59,7,9
38,8,7
11,23,60
50,11,13
33,14,12
3,18,43
12,20,20
2,8,5
6,20,26
31,10,6
26,20,18
51,6,4
60,8,6
24,6,0
28,12,7
8,19,39
29,5,2
61,9,12
29,11,6
45,8,8
19,16,13
1,18,27
36,18,18
18,13,10
4,16,17
62,14,21
5,19,29
5,17,21
9,12,9
3,17,53
12,18,16
12,23,33
9,21,39
62,8,13
29,19,16
60,14,20
26,11,7
6,19,24
8,20,37
15,20,18
1,9,7
42,6,3
4,7,1
14,10,6
7,8,4
6,22,62
19,13,9
11,22,37
32,18,16
47,12,14
35,10,7
36,8,5
3,18,26
12,22,45
42,13,15
45,12,13
42,9,9
26,10,6
7,10,7
7,19,24
2,17,40
36,11,8
46,23,27
6,21,62
4,14,14
50,19,24
10,22,53
29,12,8
7,20,58
53,12,16
33,21,21
17,20,20
38,21,22
62,13,19
12,22,20
36,12,9
59,18,24
8,7,2
0,20,58
3,18,35
2,18,23
9,21,58
59,7,6
41,23,26
38,16,16
0,17,28
42,7,4
21,8,4
29,17,13
14,23,43
6,20,29
30,16,12
57,6,6
2,6,0
39,19,20
22,23,23
38,19,22
1,14,44
50,6,6
32,20,18
10,22,61
32,10,6
49,6,6
45,23,27
8,19,42
39,5,1
1,14,46
8,18,46
7,17,49
49,9,10
50,6,4
58,17,24
34,18,18
63,9,14
51,6,2
13,5,0
0,18,28
60,17,23
11,21,47
21,19,17
6,9,6
27,20,17
29,9,5
57,19,26
3,17,39
19,16,14
43,7,6
10,9,4
63,20,39
47,5,1
7,20,43
9,21,33
58,7,8
11,21,23
4,9,5
58,8,1
37,20,21
2,16,45
24,5,0
8,21,44
62,11,1
63,8,13
10,20,48
41,7,7
44,6,5
6,19,26
2,7,2
43,22,25
9,19,20
60,10,15
63,13,20
47,21,27
9,21,54
21,15,13
34,9,5
8,22,34
1,12,13
16,8,3
32,21,21
63,21,30
45,21,26
11,22,53
1,16,53
2,11,9
2,19,32
34,13,11
54,14,19
25,11,7
3,7,3
10,9,5
55,22,28
5,18,22
18,12,9
21,19,18
11,22,57
10,20,51
58,23,29
34,21,21
32,19,17
41,5,1
21,13,10
36,13,11
45,23,28
54,9,12
5,10,6
9,20,22
1,11,10
34,12,9
58,11,15
2,15,19
28,8,5
5,17,41
4,9,6
11,12,7
10,20,41
61,23,51
59,15,21
5,16,48
0,16,21
2,15,18
32,9,6
32,12,8
9,11,7
38,7,5
50,6,5
39,6,3
16,11,7
63,20,27
22,11,7
45,16,18
52,20,24
8,21,53
10,21,21
6,10,7
11,21,50
10,20,22
30,23,22
35,10,6
58,8,11
2,18,30
58,15,21
7,19,47
32,20,19
9,21,23
37,23,24
6,18,21
5,19,47
10,21,43
13,23,37
32,19,18
13,21,50
36,7,4
13,23,59
47,6,0
12,23,25
1,19,32
34,19,20
46,22,28
4,17,35
12,21,24
58,15,20
62,22,44
30,11,8
2,22,61
49,5,2
2,22,62
54,17,21
60,23,32
11,16,14
59,19,25
2,5,1
22,18,16
13,14,10
4,18,56
12,14,12
0,17,55
53,6,6
34,23,25
3,19,57
61,7,7
25,14,12
26,18,16
42,18,21
63,12,18
62,11,16
49,8,9
11,21,39
11,22,38
12,15,11
59,15,22
62,10,2
14,17,15
56,10,13
0,13,13
44,9,10
8,20,23
4,11,8
31,22,22
7,20,55
33,12,9
5,19,55
1,17,37
5,20,31
41,7,5
15,19,18
32,17,15
2,19,31
4,8,3
7,18,42
13,22,45
4,20,34
3,20,59
44,20,23
11,21,42
16,17,14
3,17,20
11,12,8
2,15,50
42,18,20
0,13,15
20,18,15
3,13,12
12,20,50
10,21,36
20,22,21
59,12,17
1,16,41
11,23,29
12,23,36
2,11,10
2,18,34
42,6,4
45,5,3
55,15,20
50,6,0
35,11,8
5,19,44
12,23,59
51,11,13
27,23,22
6,19,37
18,9,5
50,23,29
7,19,22
61,22,29
36,10,7
15,19,17
9,21,26
33,22,22
11,21,25
40,5,0
35,16,15
11,16,13
59,11,15
6,8,4
0,18,34
60,7,5
28,19,17
0,7,4
14,23,24
52,7,3
28,17,14
2,16,40
60,17,24
2,17,44
57,8,12
13,23,62
25,16,14
0,18,29
42,11,12
4,17,23
7,18,41
27,15,11
60,7,10
3,18,21
54,18,24
3,18,33
61,14,20
25,15,13
5,18,47
57,23,30
10,13,10
32,12,7
47,16,19
14,21,22
32,6,1
13,20,19
2,17,54
61,9,4
4,17,41
48,9,10
31,8,3
9,6,0
32,23,23
6,19,52
13,23,47
60,8,12
33,8,5
14,22,22
35,22,23
53,13,16
50,23,28
15,7,3
27,6,3
6,18,43
8,19,21
11,23,35
44,5,2
6,8,2
10,19,46
55,23,28
50,7,8
58,8,5
5,19,42
1,18,58
9,15,14
41,23,27
6,16,16
1,17,22
16,9,5
12,23,63
23,23,21
45,11,13
42,13,14
57,8,1
11,11,7
26,11,6
22,16,13
19,22,22
4,16,20
13,22,24
8,8,4
59,22,29
36,17,16
32,14,11
51,9,11
20,14,12
39,16,18
3,21,59
59,8,2
0,15,39
55,21,26
58,19,25
9,22,28
20,22,22
2,8,3
62,23,33
6,12,10
1,18,29
60,23,41
52,7,2
10,19,49
54,22,27
10,19,50
10,14,11
46,11,12
33,6,2
0,15,37
3,17,41
8,20,47
33,11,7
16,12,8
62,9,5
19,17,14
19,15,13
15,14,11
2,15,49
33,12,8
16,6,2
6,19,55
63,18,25
4,15,17
4,16,16
58,8,4
61,8,12
44,8,7
18,7,2
19,8,4
52,18,23
1,17,44
45,5,1
10,23,55
51,16,20
2,17,42
34,18,17
40,6,4
48,14,18
44,18,21
2,17,21
53,21,25
46,16,19
10,22,33
12,6,0
5,16,19
15,13,9
1,13,15
59,17,24
14,6,1
62,22,42
9,20,40
42,15,18
25,12,8
14,21,21
61,10,3
13,23,46
61,13,20
0,15,41
56,10,14
49,13,15
57,7,4
11,7,1
49,7,8
19,10,5
37,17,18
55,9,13
31,13,10
62,21,42
10,23,30
16,11,6
45,7,7
47,11,12
19,17,15
1,18,34
61,7,9
56,11,15
5,17,48
53,8,0
0,14,42
5,19,25
36,11,9
14,23,42
3,18,34
25,6,1
48,18,22
63,21,35
15,20,19
5,18,36
40,16,19
60,15,23
25,15,12
37,22,24
1,7,3
31,8,4
42,18,22
22,17,15
36,19,21
55,11,15
42,19,21
52,20,26
24,6,2
43,9,10
23,15,13
12,17,16
36,23,24
54,7,8
41,20,23
43,22,27
4,19,42
5,17,40
9,18,49
56,12,16
28,19,16
25,8,4
33,8,4
9,19,17
54,18,23
5,17,45
33,18,18
7,20,45
6,18,50
43,11,12
10,19,20
50,22,26
0,10,7
61,23,40
5,18,39
5,20,59
5,19,27
17,18,16
5,7,1
43,16,18
37,12,10
7,7,1
54,7,1
5,18,51
7,15,12
38,13,13
49,10,12
48,11,13
12,22,25
8,19,50
16,23,49
30,16,14
5,18,43
14,22,49
56,13,19
40,10,8
63,13,19
2,17,46
15,22,22
3,18,30
3,17,42
9,21,53
5,18,42
10,21,48
14,7,3
20,9,5
53,19,25
2,18,56
6,19,36
55,13,18
11,9,3
4,8,4
57,15,22
34,10,6
10,21,37
6,23,63
23,8,4
14,22,46
11,13,9
28,16,13
61,19,25
60,11,16
7,19,40
61,23,46
7,21,35
44,19,22
52,7,8
3,12,10
63,19,26
3,17,35
48,22,26
4,18,39
47,18,23
9,17,15
5,18,35
15,22,49
0,14,39
54,7,9
2,17,50
41,13,14
8,20,22
24,7,3
53,14,18
50,7,7
12,14,11
1,23,63
33,20,21
15,7,1
22,8,4
50,14,17
37,14,14
11,21,46
8,15,14
3,17,38
39,23,25
24,16,14
47,15,18
62,23,50
8,22,61
18,20,18
22,11,8
25,19,17
4,18,52
59,7,5
10,16,15
1,18,23
1,7,4
35,9,5
40,12,11
20,20,19
42,8,8
38,16,17
37,10,7
46,13,16
16,19,17
45,7,6
61,7,8
44,21,25
1,15,37
52,15,20
22,9,5
38,10,7
9,21,55
7,21,57
62,22,30
10,21,61
36,11,7
27,13,10
37,8,4
37,12,9
12,18,18
7,19,50
63,7,10
10,22,62
56,7,4
36,14,14
63,9,6
41,15,16
7,19,26
6,18,42
8,21,37
7,18,22
54,6,4
27,11,7
14,7,1
39,23,26
43,19,23
3,18,45
34,10,7
47,8,10
60,23,39
0,18,35
62,19,24
12,23,60
28,13,8
13,22,41
11,18,17
0,15,44
6,19,28
52,8,10
61,22,30
15,23,24
61,18,23
62,22,47
27,9,6
31,23,24
3,17,51
27,14,9
14,19,18
6,17,49
58,22,29
4,16,40
44,7,6
13,17,15
18,8,3
56,7,5
2,18,44
1,20,60
27,10,5
1,17,39
10,23,33
19,11,6
10,22,36
53,7,7
34,17,16
61,23,48
37,16,15
20,14,10
36,9,7
32,13,9
14,20,19
27,18,16
47,6,3
39,16,17
35,7,3
4,18,42
11,22,39
56,18,23
53,16,21
39,23,27
62,7,9
16,23,23
53,7,6
36,9,6
8,20,60
33,19,18
61,11,1
12,22,27
62,22,43
60,13,19
59,19,26
20,19,17
39,13,13
8,17,48
51,13,16
4,18,21
41,7,6
33,23,23
13,23,44
13,22,51
15,21,20
28,18,15
35,8,4
25,18,17
4,11,9
28,17,15
59,9,12
49,6,2
3,8,5
43,10,11
56,11,14
4,18,40
3,15,16
26,14,11
10,8,3
48,8,10
26,17,14
59,23,31
60,8,10
19,21,20
56,7,10
40,20,23
6,19,54
53,9,11
63,10,16
24,17,15
30,5,0
34,12,8
48,14,17
60,23,46
41,10,10
31,13,8
6,15,13
8,18,21
4,6,0
4,6,2
9,21,25
56,7,9
28,18,16
1,18,56
9,18,17
62,12,19
32,6,2
21,18,16
38,12,10
39,10,8
0,14,43
18,15,12
62,15,23
10,22,25
20,8,2
30,10,6
8,9,3
34,16,16
2,13,11
32,17,16
6,20,55
42,11,11
9,19,22
44,10,11
7,20,35
6,19,33
50,10,11
10,20,19
4,20,59
27,23,21
59,10,15
38,23,25
21,23,22
41,17,19
20,23,22
42,15,17
6,19,43
59,13,19
10,22,55
8,21,32
41,11,11
20,15,11
33,22,23
33,16,13
40,17,20
14,22,48
8,20,35
49,18,22
53,15,19
58,13,18
0,6,3
1,15,43
6,18,36
39,11,11
9,19,46
50,6,2
8,10,6
3,18,41
10,21,47
6,19,47
20,13,10
31,19,17
10,22,35
62,10,16
17,11,7
22,12,9
62,8,7
41,21,23
8,20,25
0,17,51
58,9,12
5,19,26
9,8,3
33,5,1
19,14,10
29,20,19
59,7,10
54,12,16
31,23,22
63,22,48
12,22,22
9,20,45
39,5,2
1,17,26
50,15,18
10,20,23
3,17,50
12,23,44
46,6,5
12,14,10
4,19,26
27,11,6
40,12,13
60,15,22
32,19,19
4,16,44
7,20,47
39,14,13
1,15,47
41,22,26
0,12,11
8,8,2
63,23,51
47,7,7
44,13,14
3,16,48
48,13,17
19,13,10
4,15,18
63,9,7
62,9,6
57,18,25
48,17,22
40,14,16
33,19,17
5,7,3
43,9,9
8,11,8
9,20,39
14,15,12
43,15,17
54,7,3
23,21,20
2,17,36
14,21,20
6,17,41
11,23,55
59,20,26
19,12,8
29,22,21
5,17,19
18,5,1
56,20,27
14,16,14
4,7,3
53,16,20
17,9,5
57,20,27
5,18,52
57,7,8
16,23,48
25,12,9
0,17,21
36,18,19
2,7,4
3,21,60
54,13,17
40,18,21
48,16,19
44,15,17
1,15,42
26,6,2
36,12,10
13,22,48
7,11,8
2,6,1
16,10,5
0,16,42
37,10,8
47,22,28
51,12,14
16,16,13
34,7,4
49,19,23
14,15,13
2,16,38
19,18,16
42,17,20
2,19,58
54,23,29
0,15,51
23,6,2
13,21,51
29,6,3
13,20,20
13,7,1
47,5,0
59,7,8
33,9,6
62,12,18
29,21,20
14,9,4
7,19,48
35,22,22
7,19,25
32,10,7
61,22,43
3,15,41
19,10,4
15,16,14
23,9,4
22,9,4
36,19,18
22,21,21
4,17,48
1,19,36
4,17,24
59,14,19
22,7,3
2,21,62
36,15,13
9,13,11
40,21,24
9,21,56
17,6,2
61,9,5
59,23,29
55,16,21
2,18,42
0,16,20
33,11,8
5,17,50
1,17,53
56,15,20
2,19,59
57,15,21
32,6,3
8,20,46
27,8,5
0,20,59
57,16,22
43,18,21
8,18,48
55,12,15
8,21,22
18,20,19
4,17,50
49,7,7
38,9,6
9,20,23
16,20,18
0,11,11
22,15,12
54,12,15
59,23,44
27,21,20
45,12,15
56,7,6
1,5,1
30,12,7
36,9,5
32,8,4
11,12,9
58,8,2
2,17,45
55,15,19
59,16,23
25,9,5
31,5,2
24,14,12
17,18,17
24,11,7
1,16,19
62,19,26
9,21,52
10,20,50
28,21,19
52,6,1
5,18,53
13,23,53
63,12,19
57,20,26
12,22,26
9,12,8
8,18,50
33,19,19
29,14,11
8,22,32
42,10,11
4,16,47
0,14,16
2,15,47
17,21,21
12,21,23
53,11,14
62,11,2
11,21,45
3,18,39
10,21,24
23,11,8
61,9,14
27,13,8
7,17,19
61,10,0
0,15,17
18,18,17
10,19,19
4,17,46
17,20,19
31,7,3
41,20,22
26,23,22
23,22,21
62,16,22
0,23,62
37,17,17
23,17,16
16,9,4
6,18,45
61,11,16
2,14,14
7,19,45
0,18,26
30,15,11
37,6,3
62,10,1
4,19,30
5,20,32
21,10,6
28,4,0
39,13,14
2,10,7
31,20,20
33,17,16
10,20,43
23,6,1
61,23,30
10,8,2
10,22,29
12,22,42
0,16,52
44,8,9
25,6,2
3,18,46
52,7,6
43,6,5
61,23,31
16,23,22
3,12,9
1,19,56
1,22,60
44,7,5
63,16,24
4,20,35
13,11,6
36,6,4
55,23,30
36,14,12
36,5,2
7,17,46
21,12,8
12,22,61
10,21,60
18,20,20
8,12,10
42,21,23
7,17,18
22,21,19
37,14,13
38,15,16
7,18,47
2,18,24
35,5,0
2,15,43
16,20,20
7,20,40
34,13,9
3,17,54
11,22,35
7,19,44
27,17,15
24,10,6
4,16,48
29,12,7
38,5,0
39,7,4
6,15,15
41,9,8
21,14,12
6,19,56
37,15,14
30,18,16
30,8,5
4,19,32
51,17,22
4,20,31
56,16,22
2,10,8
18,14,11
45,20,25
2,17,38
30,20,18
27,23,23
4,18,22
50,20,24
7,19,42
0,17,31
62,15,22
9,18,47
46,11,13
1,17,20
41,21,25
40,18,19
6,20,58
17,15,13
58,7,5
41,8,6
45,21,25
26,6,1
30,17,15
0,14,15
15,18,17
23,16,14
0,18,54
51,6,5
5,17,43
2,17,35
5,21,61
23,21,19
6,18,38
14,7,2
40,23,25
11,17,15
12,22,37
10,20,49
4,17,38
52,7,0
18,13,9
4,18,47
35,19,19
4,8,5
15,14,10
31,20,18
63,12,1
47,17,21
21,9,4
0,10,8
63,15,23
4,15,15
36,19,20
2,21,60
2,18,43
13,18,17
34,19,18
63,10,14
33,16,14
56,23,30
21,15,12
46,8,8
7,23,63
55,17,23
2,18,31
1,19,57
0,18,24
7,17,48
46,14,17
62,21,29
9,21,37
9,21,59
57,7,3
15,7,2
7,20,60
29,13,9
0,17,26
4,10,6
1,15,38
46,22,27
42,13,13
20,7,3
1,17,33
44,5,1
38,12,11
45,15,18
29,21,19
7,14,11
55,9,11
40,8,6
7,20,36
0,8,6
3,17,46
1,15,49
51,12,15
46,6,2
2,17,52
0,16,18
55,9,0
9,22,35
8,20,29
37,22,25
6,18,49
8,18,45
7,18,39
22,14,10
43,8,9
33,10,5
26,8,5
4,17,19
63,22,35
61,23,42
7,21,39
1,21,61
48,14,16
25,11,8
50,8,10
13,15,11
12,16,15
51,7,1
8,21,45
37,18,20
17,19,17
62,21,46
56,9,11
6,18,48
20,17,14
22,17,16
31,11,7
11,8,3
9,21,48
63,21,47
49,21,25
44,18,20
24,12,9
45,5,2
18,23,23
15,11,7
2,16,47
47,17,20
61,19,24
6,13,10
11,23,31
61,23,45
28,16,12
26,19,17
54,7,0
27,15,12
6,18,40
52,22,28
20,5,0
40,11,10
35,8,5
4,18,38
28,6,1
7,20,38
40,13,13
5,19,38
17,20,18
61,8,9
62,9,3
0,17,22
12,20,49
2,16,36
61,23,39
51,18,22
58,7,6
10,11,7
3,16,42
15,17,16
3,17,52
1,12,12
19,15,12
20,9,3
16,21,21
57,21,27
56,7,3
30,7,4
2,16,37
5,18,41
1,17,41
48,20,25
6,20,22
62,8,6
61,21,27
30,21,19
59,11,17
50,8,9
17,10,6
12,11,7
16,23,50
4,20,33
4,19,23
56,11,16
1,14,45
42,22,25
7,19,35
47,5,2
55,7,2
0,17,33
11,22,21
12,15,12
19,22,21
50,8,8
52,13,16
25,8,3
46,21,26
60,23,43
23,10,7
0,18,52
9,18,48
63,21,37
61,22,37
8,18,19
61,20,26
6,20,38
7,18,46
52,9,11
38,15,15
2,16,51
48,8,9
15,8,4
63,11,2
12,23,38
7,18,18
30,18,15
13,6,0
60,9,1
39,22,25
60,12,18
4,15,14
24,8,4
6,19,53
63,11,18
19,23,22
9,17,16
28,15,11
26,17,15
6,20,30
42,5,2
11,23,45
61,10,16
1,16,34
28,5,1
28,23,22
3,16,39
23,15,12
47,8,8
32,14,12
35,22,24
1,16,46
49,20,25
60,12,17
26,14,10
8,19,22
55,18,23
5,19,59
11,23,58
62,8,12
6,20,40
31,13,9
10,23,62
48,6,4
57,22,29
34,20,19
