9,17,0
8,17,0
9,17,1
9,18,1
8,17,2
8,17,1
8,18,1
7,17,2
9,17,2
9,18,2
7,17,0
6,17,2
6,17,1
5,17,2
4,17,1
5,17,1
6,17,0
5,17,0
4,17,2
4,18,0
3,17,2
3,18,1
3,17,1
3,18,0
2,18,2
4,17,0
3,16,0
3,17,0
2,16,2
2,17,2
2,18,1
2,16,1
2,17,1
2,18,0
2,17,0
1,16,2
1,17,2
2,16,0
1,16,1
1,17,1
1,17,0
0,17,1
0,16,2
0,17,2
0,16,1
0,17,0
1,16,0
10,17,0
10,18,0
7,17,1
10,17,1
10,18,1
10,17,2
10,18,2
11,17,0
11,18,0
12,17,0
12,18,0
11,17,1
11,18,1
11,17,2
11,18,2
12,17,1
12,18,1
12,17,2
12,18,2
13,17,0
13,18,0
13,17,1
13,18,1
13,17,2
13,18,2
14,18,0
15,18,0
14,18,1
14,18,2
15,18,1
15,18,2
16,18,0
16,19,0
17,18,0
17,19,0
16,18,1
16,18,2
17,18,1
17,20,1
17,18,2
18,18,0
18,19,0
19,19,0
18,18,1
18,19,1
18,20,1
18,21,0
18,20,0
18,18,2
18,19,2
18,20,2
18,21,2
18,21,1
19,18,1
19,19,1
19,18,2
19,19,2
21,19,0
21,20,0
20,19,0
20,19,1
20,19,2
21,19,1
21,21,1
21,19,2
22,19,0
22,20,0
23,20,0
24,20,0
24,21,0
25,20,0
25,21,0
26,21,0
22,21,0
21,21,0
22,19,1
22,20,1
22,21,1
22,19,2
22,20,2
23,22,0
23,20,1
23,21,1
23,20,2
23,22,2
24,20,1
24,21,1
24,22,0
24,23,0
24,20,2
24,21,2
24,22,2
24,23,1
24,22,1
25,22,0
25,23,0
25,20,1
25,21,1
25,22,1
25,20,2
25,21,2
25,22,2
26,20,1
26,21,1
29,21,0
28,21,0
27,21,0
26,20,2
26,21,2
26,22,2
26,22,1
26,23,1
27,23,0
27,22,0
27,21,1
27,23,1
27,21,2
27,22,2
27,23,2
28,21,1
28,22,1
28,21,2
28,22,2
28,23,1
29,21,1
29,22,1
29,22,0
28,23,2
29,21,2
29,22,2
29,23,2
29,23,1
30,22,1
30,21,2
30,22,2
31,23,0
31,22,0
30,23,2
30,22,0
31,22,2
31,22,1
32,22,0
32,22,1
32,23,0
32,22,2
32,23,1
33,22,1
33,23,1
33,23,0
32,23,2
33,22,2
33,23,2
0,16,0
34,23,0
35,23,0
34,23,2
34,23,1
35,23,2
35,23,1
