48,12,42
34,19,21
24,16,17
49,7,55
62,22,7
13,5,39
58,17,33
50,10,46
40,18,27
51,5,59
43,18,24
44,4,61
48,7,59
43,18,25
36,2,57
48,23,17
48,10,44
57,16,38
56,20,28
38,1,60
31,4,54
53,22,27
37,21,14
55,5,61
13,0,47
32,7,48
5,7,17
45,17,29
62,23,18
63,15,44
2,0,44
18,12,4
41,6,59
23,0,52
44,13,37
54,9,53
26,11,37
60,21,27
42,22,12
13,4,41
9,6,35
61,23,1
32,11,42
23,1,51
41,16,34
29,1,56
51,13,40
30,16,31
49,9,50
7,8,16
27,2,52
14,10,8
41,5,54
44,4,63
62,22,26
61,22,26
7,10,24
38,22,17
14,8,34
36,5,56
43,22,17
44,23,4
54,8,56
24,9,41
12,0,47
43,6,54
22,3,47
46,6,61
1,5,16
38,21,13
57,23,27
30,0,61
44,23,9
36,10,45
34,19,23
49,7,57
30,15,33
51,18,32
43,5,63
35,4,57
8,7,34
16,13,16
27,17,3
49,20,26
35,21,16
54,12,49
33,9,47
41,8,48
26,9,40
1,7,19
13,7,37
31,12,37
26,0,56
53,17,32
47,7,53
45,8,48
44,23,14
61,17,37
25,15,4
57,13,47
42,5,52
56,9,58
49,11,44
50,16,33
50,18,30
36,20,5
27,17,18
10,7,34
41,14,34
14,7,37
16,5,41
57,18,30
19,14,26
62,13,47
55,7,55
21,14,5
39,4,57
18,12,1
58,13,44
63,23,7
46,20,25
51,7,61
29,18,18
29,16,32
43,3,62
27,16,7
24,15,0
18,8,38
10,8,9
58,16,38
34,19,25
29,13,38
35,8,49
49,14,39
37,20,24
38,12,41
24,12,37
52,23,16
42,22,8
33,20,9
50,17,32
41,4,60
25,1,51
52,22,26
13,12,25
5,3,40
46,9,52
4,8,27
18,12,9
23,16,15
52,11,43
0,7,23
13,9,3
40,7,48
21,7,40
44,6,53
36,20,3
51,5,62
6,2,40
35,7,52
30,2,60
55,13,44
22,4,45
15,11,30
12,10,29
60,23,12
62,23,3
42,22,10
62,18,38
29,14,37
52,17,35
2,5,11
57,10,54
10,9,29
40,15,35
44,15,33
49,17,33
10,10,15
53,8,54
60,18,34
59,20,28
52,14,44
31,7,47
29,18,17
61,10,57
62,11,51
1,4,1
47,21,22
38,2,60
10,10,20
63,11,52
11,10,13
43,23,2
30,18,23
53,18,32
36,12,44
52,12,49
1,3,38
63,23,17
47,19,27
0,4,8
24,4,46
28,17,28
40,22,9
45,21,21
34,19,19
60,15,40
50,21,20
54,21,25
50,16,37
1,5,17
32,13,41
40,18,30
34,4,56
53,21,23
35,13,40
2,6,5
47,4,61
46,23,7
53,23,23
28,17,5
39,19,27
48,8,59
61,19,38
40,6,54
39,7,53
1,7,31
50,8,50
23,16,19
16,9,36
61,13,50
54,22,26
57,21,29
24,0,52
38,13,38
34,13,41
58,7,57
24,15,7
42,12,37
36,21,9
11,1,43
4,0,44
61,17,41
48,14,39
5,8,17
54,22,23
34,19,22
45,6,54
57,18,35
56,11,49
46,21,18
58,11,51
56,12,48
9,9,31
61,14,44
42,13,36
36,18,23
30,18,18
0,5,0
26,17,18
61,22,12
61,21,12
28,5,47
36,0,60
5,9,26
27,0,56
32,13,40
28,16,30
46,23,16
45,18,25
18,12,5
26,12,36
8,7,6
16,11,5
47,19,24
42,5,58
58,8,58
60,23,13
41,12,40
38,3,58
62,23,17
7,10,25
22,12,32
47,18,25
60,22,25
35,1,60
50,23,15
43,6,60
49,13,44
18,12,3
42,20,24
14,11,12
38,18,29
59,12,49
34,13,38
42,15,35
62,19,35
27,3,50
23,11,36
16,12,30
13,10,8
8,0,45
55,15,36
6,1,42
46,8,49
62,15,48
8,2,42
13,12,28
57,11,52
37,5,52
35,20,22
39,11,43
49,8,58
24,15,11
51,8,57
41,23,15
13,11,27
60,14,45
62,17,43
5,8,18
48,13,39
40,11,44
46,17,30
1,4,10
35,20,17
42,10,41
38,9,50
57,6,58
47,18,27
19,6,42
38,14,39
37,16,31
40,5,51
61,22,8
60,19,34
20,14,20
49,13,42
21,13,9
44,10,45
44,17,29
2,5,35
10,8,3
7,7,10
29,16,31
16,11,0
19,13,28
38,21,5
40,6,49
32,18,4
47,11,43
39,18,27
47,22,17
10,3,39
34,4,58
18,1,49
51,12,44
59,17,34
59,8,57
44,9,49
31,14,37
45,5,61
10,5,37
48,9,51
29,17,9
57,20,28
41,17,30
34,20,2
31,12,38
26,16,14
58,15,41
55,18,30
1,5,36
43,4,61
39,22,9
26,0,58
41,6,54
35,11,45
31,9,44
57,19,30
0,3,7
28,16,27
36,14,36
4,6,10
63,11,55
7,9,21
50,6,58
48,9,52
38,21,7
31,16,33
2,5,6
41,17,29
46,16,32
54,5,63
58,23,8
12,5,38
34,16,31
29,18,19
27,14,36
35,18,26
27,1,59
63,22,16
48,16,34
12,9,2
0,7,28
27,13,37
19,3,44
29,1,60
49,16,35
41,6,52
43,19,25
40,21,20
8,5,37
19,8,38
15,12,28
17,13,23
53,22,20
31,14,33
33,13,36
39,16,33
46,5,59
31,18,0
21,13,10
25,4,47
38,19,27
26,1,59
33,9,46
43,21,22
49,22,17
40,3,57
39,22,6
59,18,36
61,20,32
35,12,41
48,23,18
62,23,29
44,7,50
49,10,47
4,8,26
51,10,48
60,16,39
49,14,42
13,12,22
2,5,8
27,17,17
15,13,22
14,3,41
8,8,14
27,3,54
42,23,1
56,13,46
7,8,11
8,7,3
32,4,56
49,16,38
63,8,59
4,6,7
26,15,27
54,23,25
44,16,36
47,21,25
14,9,3
63,8,58
19,7,38
59,23,15
1,5,2
29,8,42
58,16,35
59,21,28
51,22,20
57,10,55
7,9,31
55,15,40
62,16,39
7,7,0
22,14,29
52,13,44
40,22,11
13,6,38
17,3,45
28,12,37
15,7,38
23,15,1
24,15,18
38,21,0
50,13,43
23,1,52
38,17,28
44,23,1
9,7,34
27,16,3
11,0,45
30,9,41
13,12,19
45,6,52
51,6,57
63,14,46
43,6,50
22,14,5
6,0,44
41,19,23
29,17,2
17,11,2
53,8,59
55,17,34
24,11,37
26,16,8
42,6,57
48,8,48
54,21,26
19,13,11
36,20,21
42,20,26
53,7,60
41,15,35
47,20,22
59,23,6
44,6,55
42,19,25
42,16,29
62,9,55
36,12,40
43,5,56
62,22,27
34,20,17
37,14,38
29,15,30
51,8,52
49,12,46
39,15,33
1,4,5
26,1,57
3,7,20
2,8,24
34,21,15
20,14,30
49,18,28
37,7,52
17,13,22
33,3,57
51,3,63
2,5,12
13,11,22
48,18,33
28,14,33
53,8,58
51,9,53
40,12,40
46,23,10
44,6,60
46,20,24
41,6,53
37,18,26
59,7,58
36,15,34
42,22,7
38,16,34
45,15,35
33,18,22
48,17,30
59,19,31
63,21,31
37,13,43
32,17,28
27,16,30
12,10,31
19,12,6
16,2,45
38,20,18
43,11,39
3,4,5
22,15,21
49,17,35
28,17,3
58,9,58
49,23,19
44,18,27
16,13,18
12,2,44
62,15,42
3,1,41
3,2,41
18,13,22
21,15,15
26,16,26
43,23,14
27,17,19
53,22,24
63,21,11
42,7,48
20,14,13
5,6,35
60,9,53
13,10,7
47,11,45
46,11,47
60,12,49
63,15,42
45,23,0
20,3,45
49,15,36
46,23,12
62,23,14
43,23,15
36,4,56
36,19,25
61,10,52
28,17,0
25,16,27
21,14,19
46,16,33
16,12,19
9,4,39
30,3,54
23,16,18
41,11,41
29,12,40
39,7,49
60,17,38
42,21,22
48,14,36
35,0,60
61,17,38
40,22,4
50,22,18
41,7,53
33,14,37
55,14,46
46,7,59
38,0,62
40,22,1
33,12,42
59,23,4
54,17,34
45,16,32
47,7,57
12,9,7
0,6,21
35,11,42
60,13,45
43,23,7
60,23,28
11,8,0
53,6,60
25,16,12
1,4,7
44,7,56
47,23,19
46,23,3
33,12,38
53,11,44
5,7,14
3,5,2
20,12,2
31,5,49
16,12,31
5,6,13
27,16,10
39,21,1
45,15,33
57,8,57
47,18,31
25,16,1
56,23,20
59,19,34
16,13,28
38,6,50
37,18,30
47,9,45
33,6,54
63,22,30
47,20,25
48,23,16
63,23,23
37,17,32
24,15,29
3,8,27
28,15,33
28,10,39
21,0,52
15,5,41
15,1,47
54,10,49
30,9,43
45,8,51
11,10,19
27,2,54
49,9,53
56,21,25
34,18,23
44,13,38
50,11,44
48,13,41
27,17,0
42,18,30
55,7,61
58,13,48
29,3,54
37,21,4
43,21,19
46,6,58
44,9,44
26,8,42
9,8,8
46,12,42
48,14,41
19,6,41
32,13,37
39,10,44
62,22,8
57,6,61
49,16,34
34,5,53
25,15,24
41,9,45
24,0,58
4,1,43
35,5,55
48,14,37
52,8,53
11,2,41
2,8,23
48,20,23
46,10,46
61,20,34
22,2,48
23,15,26
43,16,30
59,20,32
47,10,47
48,15,36
31,6,49
34,11,45
55,22,27
58,19,33
25,13,35
29,5,49
2,7,20
48,5,61
32,17,32
50,7,60
57,12,48
30,17,2
37,6,53
38,21,18
36,21,19
22,15,10
4,6,4
46,5,60
42,22,19
34,9,45
9,8,10
30,17,28
50,7,55
7,9,23
19,5,43
22,7,40
48,23,14
62,13,45
31,18,20
61,20,31
51,14,42
46,23,9
19,13,5
43,8,54
46,10,49
52,19,30
38,21,17
1,0,42
26,3,52
24,16,23
44,21,20
18,13,21
28,18,11
62,12,49
42,23,6
60,17,41
24,15,14
40,7,49
63,8,61
59,12,50
23,12,34
39,21,24
27,6,45
47,13,39
17,13,25
5,6,4
27,17,5
34,20,16
37,15,38
26,16,4
43,17,29
22,6,43
35,20,10
34,18,26
45,12,40
50,23,21
26,0,54
31,14,34
63,23,6
32,19,12
62,16,40
13,9,31
51,19,27
38,21,19
39,9,47
22,7,41
46,12,43
9,3,41
4,6,5
63,17,40
27,15,35
41,10,42
20,11,35
50,9,51
61,23,18
40,15,33
58,13,46
49,20,25
29,18,9
42,22,15
33,18,25
25,0,54
55,15,37
37,21,11
1,7,28
60,7,60
25,2,49
43,7,49
63,12,53
36,21,10
35,10,46
16,11,2
60,23,2
30,4,50
8,1,42
49,23,16
6,9,29
42,14,35
42,15,34
29,12,37
24,15,2
49,14,37
19,13,27
31,6,48
17,13,13
43,2,63
11,4,38
32,19,5
53,7,58
38,17,29
46,12,40
45,3,63
39,22,16
10,10,25
54,12,47
60,23,16
56,11,52
36,21,21
53,20,29
9,8,12
57,22,23
58,15,43
8,6,4
42,19,22
33,20,8
27,16,9
53,14,43
15,10,7
42,11,42
4,6,11
19,12,10
22,0,55
6,6,7
0,7,30
5,6,1
47,13,42
32,19,10
58,13,49
41,12,37
1,3,2
29,2,53
37,20,3
50,11,51
44,5,63
50,19,32
39,11,47
35,21,20
60,9,60
44,5,55
36,16,35
50,11,45
34,11,43
58,8,56
1,7,27
46,9,44
34,18,22
30,17,20
2,3,39
54,12,48
24,15,30
55,5,62
0,4,12
59,15,41
59,17,38
27,1,57
47,22,22
13,11,19
32,15,37
37,15,35
62,11,56
43,23,6
32,19,7
26,14,31
47,19,25
27,17,11
36,2,58
10,10,23
7,8,17
34,20,7
12,11,23
28,8,43
12,9,6
4,5,2
40,7,52
38,9,47
45,6,51
30,18,21
23,15,24
39,4,60
15,10,3
43,8,50
52,7,62
50,15,37
61,23,24
15,12,29
39,20,19
43,23,9
4,5,6
51,8,55
7,8,30
25,0,53
25,16,26
47,9,48
40,22,8
57,15,37
46,20,27
39,16,32
42,17,33
3,6,32
6,9,20
22,14,26
46,7,50
28,17,21
54,16,34
57,12,46
47,19,23
25,16,3
39,19,23
36,15,37
33,20,11
42,6,54
32,14,35
60,17,36
41,19,25
32,2,57
23,0,57
49,6,58
38,21,15
52,6,60
46,23,13
36,8,50
39,9,48
1,0,43
0,5,13
18,13,25
15,11,31
52,5,61
55,12,47
63,19,36
41,20,21
47,12,42
21,9,37
14,12,16
60,12,50
4,6,35
3,3,38
43,9,43
52,8,55
39,22,7
33,18,26
22,15,22
52,18,32
32,19,14
10,6,35
50,20,27
56,13,42
11,8,5
30,3,56
24,16,22
16,3,44
48,21,25
47,5,61
23,15,7
35,20,9
39,5,54
8,7,9
25,1,59
2,6,18
61,10,54
46,22,20
35,3,56
46,11,46
6,7,32
25,14,33
57,14,45
4,5,11
28,18,13
47,7,60
14,10,10
25,15,6
41,22,0
43,11,40
54,14,38
18,4,43
41,2,61
45,16,34
31,12,39
36,15,36
61,10,55
0,6,28
62,19,36
23,15,9
7,1,42
29,15,31
24,16,14
29,17,28
7,8,33
59,12,48
37,4,57
33,3,55
24,7,43
34,16,33
19,1,47
4,4,36
31,18,23
63,23,14
55,18,31
57,22,27
58,7,59
14,11,13
7,7,11
22,14,10
32,17,30
30,5,51
46,11,44
62,23,9
60,23,7
40,4,59
37,21,13
59,9,52
36,11,43
63,14,48
39,21,2
45,9,51
38,16,30
46,7,54
0,4,3
27,17,25
25,17,26
48,12,44
25,1,53
52,14,39
23,14,26
58,9,59
37,14,37
60,10,59
46,9,46
44,8,54
40,20,24
39,21,7
40,12,39
56,17,35
44,23,18
30,11,39
55,20,31
1,5,10
59,11,52
40,21,23
45,7,48
62,8,60
21,13,0
19,9,37
20,14,11
32,18,19
13,10,14
52,21,22
55,22,29
19,13,1
52,22,22
31,2,60
24,10,37
59,22,30
2,6,3
11,8,4
49,7,59
26,2,53
7,7,6
4,5,7
22,0,57
41,12,43
42,23,8
22,15,9
30,17,1
34,8,50
0,6,26
57,23,12
19,5,41
3,4,6
63,23,22
9,2,43
42,15,33
45,18,26
41,21,19
38,0,61
2,0,42
45,9,49
57,6,63
55,17,35
58,21,27
36,21,20
37,16,33
50,6,63
47,21,23
62,21,30
60,23,27
39,15,37
4,1,42
53,8,56
17,12,12
26,17,27
33,14,34
25,1,56
51,11,50
43,9,46
63,14,45
40,6,53
62,11,53
58,19,31
33,15,33
41,22,19
58,22,27
51,7,55
22,14,27
55,15,39
60,19,32
31,18,1
20,13,31
56,23,21
25,16,24
58,18,32
35,15,34
41,23,18
61,13,45
18,11,32
29,5,50
38,8,52
23,14,27
35,21,11
58,18,34
15,8,34
47,8,55
40,6,57
50,10,49
61,8,61
17,11,4
58,23,5
48,8,50
21,14,26
47,23,18
32,19,17
54,13,43
29,16,29
15,10,9
46,9,47
42,5,55
62,17,38
45,18,28
28,2,52
31,18,7
40,2,62
0,7,24
24,16,25
44,7,54
59,8,59
62,23,7
9,7,9
39,22,17
63,23,13
40,23,14
25,11,37
19,13,18
37,8,48
52,20,28
39,8,47
8,5,36
7,7,33
57,23,22
37,21,12
53,22,21
23,14,4
9,7,6
9,9,14
8,8,12
19,0,49
26,16,6
32,17,24
47,15,37
59,18,32
5,7,13
1,3,4
29,7,44
54,5,62
23,15,17
43,4,60
59,22,27
25,15,8
5,6,3
46,8,51
52,5,60
52,7,57
1,6,33
29,17,20
37,3,55
22,2,50
31,10,41
21,11,33
21,13,30
62,13,46
16,10,2
36,15,33
30,17,3
29,9,41
22,15,23
45,5,59
20,14,23
47,17,35
56,14,41
10,8,11
1,3,5
8,3,39
34,19,17
17,12,15
25,4,46
12,5,37
14,10,1
53,13,44
43,8,45
55,23,23
2,7,18
26,17,22
51,13,44
43,7,55
41,3,60
47,22,19
27,16,6
57,10,50
61,8,56
50,3,63
40,23,16
47,15,39
43,18,29
39,23,18
52,6,58
44,23,7
59,22,24
48,19,30
42,22,21
38,13,41
39,22,13
25,9,41
49,3,63
25,16,4
50,5,61
29,11,41
57,12,47
59,11,55
33,19,6
2,5,10
29,2,54
22,15,19
58,23,22
62,13,49
45,20,20
57,20,30
14,10,2
23,15,25
35,20,13
50,4,62
43,9,44
27,17,9
34,2,57
27,5,47
6,9,26
24,1,57
63,23,25
22,5,44
10,2,42
59,8,58
17,11,5
58,7,61
45,20,22
46,8,50
30,18,15
7,10,26
37,21,3
43,5,57
22,11,34
58,23,6
27,17,22
28,18,14
50,21,24
33,6,52
35,2,58
28,17,10
4,5,35
47,19,22
28,7,45
62,12,50
38,13,39
49,8,57
58,8,57
19,13,26
52,22,23
49,8,59
58,7,62
57,16,34
40,4,62
4,6,6
6,7,10
39,21,23
2,5,5
22,14,4
56,8,56
59,6,63
55,23,19
61,17,36
2,6,4
25,2,55
1,4,3
2,6,1
41,13,42
47,10,43
36,2,56
30,16,33
27,1,56
53,5,61
56,8,54
6,6,4
31,16,28
9,10,18
44,15,35
32,14,37
4,3,39
62,23,5
19,0,50
15,8,36
22,14,28
16,11,6
40,17,30
43,21,20
32,6,49
38,5,54
48,15,38
25,2,52
59,16,39
50,21,22
36,1,59
48,8,57
25,0,57
11,9,11
44,7,58
61,22,10
53,16,34
0,4,37
6,5,37
13,10,11
45,23,10
46,22,17
44,23,11
33,18,29
48,3,63
56,10,52
38,21,21
28,5,48
53,8,55
50,11,47
30,9,42
45,9,50
56,9,53
28,17,8
47,9,50
27,16,24
40,4,60
45,17,30
24,14,28
11,9,7
17,10,33
39,3,55
63,11,53
44,20,20
52,11,49
24,15,27
60,8,55
12,9,8
15,6,37
60,9,59
28,6,47
45,11,44
9,8,7
31,19,16
19,8,37
60,22,7
25,1,52
16,10,33
18,11,4
11,8,9
42,12,39
40,21,22
36,20,20
35,13,38
62,22,3
30,17,23
32,19,11
9,5,37
29,1,59
63,21,13
50,4,61
42,9,45
38,22,19
25,10,38
28,1,61
12,10,30
61,19,37
39,11,46
56,8,55
18,14,19
14,12,24
54,5,60
25,15,9
14,11,30
28,15,34
44,22,18
63,22,17
28,10,40
43,3,63
16,1,46
45,7,57
27,15,31
59,23,26
50,9,50
52,10,50
36,20,10
39,17,28
14,10,11
63,21,9
21,14,17
35,8,48
29,15,33
53,11,48
57,8,55
54,21,29
41,18,28
41,22,1
16,13,19
12,9,0
45,9,44
19,12,30
22,14,23
45,4,62
61,10,56
59,9,54
36,15,35
28,1,58
31,13,39
48,12,46
41,14,35
47,5,60
52,16,36
22,15,12
63,22,6
59,11,54
61,7,61
52,8,58
14,11,31
2,8,28
27,5,46
26,16,0
21,14,15
35,18,24
31,10,40
6,8,19
33,2,56
27,0,61
59,19,30
23,14,29
44,19,22
48,6,58
60,11,48
56,16,37
53,9,53
57,23,21
16,13,17
24,10,39
35,20,18
57,11,48
61,16,39
39,18,29
39,8,48
2,6,15
34,6,52
34,3,56
62,8,62
45,5,63
35,19,20
48,18,32
41,22,4
12,11,17
24,11,38
32,6,51
13,10,6
37,9,46
4,8,29
52,12,44
42,18,25
13,4,39
27,16,21
60,23,5
15,7,37
46,7,51
41,20,22
45,17,31
13,10,9
34,19,6
12,6,36
41,5,53
16,10,34
10,4,40
63,23,4
63,22,13
47,8,48
29,3,53
29,5,48
13,11,18
61,22,4
62,10,55
49,16,32
49,22,23
14,10,5
14,9,4
20,12,4
3,6,11
52,18,33
55,11,48
45,2,63
18,12,29
29,16,26
51,23,18
40,11,41
51,20,23
8,8,10
33,5,51
34,4,57
8,7,10
48,23,13
13,9,5
12,8,3
38,12,40
51,17,32
58,15,44
16,10,1
46,22,22
61,15,45
2,7,17
52,12,50
23,12,37
54,13,45
2,6,8
12,8,2
20,10,37
29,0,59
23,15,12
46,10,43
45,23,8
29,2,56
7,9,29
31,18,14
60,23,4
52,12,46
25,15,3
40,17,28
41,21,18
51,16,33
55,14,39
28,7,44
48,8,58
42,7,56
19,13,12
50,13,41
44,5,59
61,11,49
9,9,29
29,2,55
34,0,59
14,11,28
3,4,0
61,16,40
16,13,27
39,21,18
49,15,35
42,12,38
44,23,12
56,11,48
45,19,24
50,22,17
36,7,52
62,21,9
27,17,10
26,4,48
41,22,5
10,9,14
4,3,38
41,3,62
61,19,35
61,21,27
16,5,39
26,5,47
19,13,8
40,18,25
21,11,35
55,17,33
10,10,16
39,21,3
33,21,15
44,8,53
49,19,25
52,12,42
52,23,17
20,8,38
26,16,21
46,5,63
62,22,9
17,13,17
46,15,33
54,7,57
44,6,50
11,1,45
9,8,13
43,21,18
12,9,31
36,12,45
53,21,25
42,22,4
38,15,33
54,10,51
46,14,39
9,10,28
21,15,17
20,7,41
30,16,29
3,6,6
44,14,35
23,15,8
11,11,23
11,6,37
13,8,33
23,3,48
53,4,63
58,15,40
34,7,50
2,7,30
17,11,32
28,18,12
56,6,62
16,1,47
15,12,26
12,2,42
6,9,28
3,6,35
45,10,42
48,19,27
1,2,39
35,10,45
13,12,24
40,10,44
18,12,12
18,14,21
22,13,3
44,23,8
53,10,49
1,7,22
47,14,40
20,14,12
45,8,46
48,23,12
55,14,44
39,19,24
20,1,49
60,22,9
3,4,36
62,15,46
49,10,45
44,7,53
33,11,40
35,19,24
40,22,16
38,19,21
37,7,50
16,13,22
27,17,6
39,7,50
58,17,37
42,6,53
25,16,15
18,14,22
45,18,29
40,13,37
48,7,53
32,18,26
62,22,13
32,17,26
62,14,47
2,4,6
36,19,20
23,6,43
59,10,51
35,17,27
49,5,61
9,6,37
27,16,0
56,6,59
2,6,14
21,6,42
52,22,24
39,11,45
44,17,30
35,20,6
32,1,62
62,8,57
57,13,46
10,11,21
32,4,54
33,19,0
28,15,30
2,7,31
39,17,30
24,3,47
12,11,28
47,14,36
40,13,38
13,11,28
4,8,24
4,6,0
58,18,33
30,18,0
31,18,16
45,8,49
43,17,27
38,3,61
20,13,2
28,6,46
11,11,17
0,6,31
63,10,58
37,21,16
61,18,37
1,7,23
53,12,47
54,5,61
17,3,43
45,10,47
25,3,48
51,22,21
59,17,37
15,10,5
52,4,61
3,7,32
60,22,6
8,7,5
58,23,14
23,14,3
36,21,8
60,7,58
41,23,14
7,6,8
19,13,31
60,10,58
49,18,33
13,9,4
23,15,3
21,7,42
25,14,36
59,10,57
61,12,53
31,12,40
22,14,12
54,4,62
61,22,16
21,14,7
8,6,2
49,9,46
52,20,27
29,0,62
33,20,12
18,11,5
50,17,31
45,7,47
42,21,20
47,8,58
49,20,22
46,18,24
2,6,31
44,18,33
55,22,23
36,19,26
30,1,61
8,8,16
33,15,36
10,8,12
38,18,26
40,2,60
44,12,39
54,9,51
1,4,8
43,5,53
39,21,6
42,6,56
13,0,46
13,10,10
17,1,48
44,6,58
0,1,40
56,9,52
34,7,49
13,1,45
30,15,35
42,19,27
32,7,46
36,20,11
41,5,52
53,18,33
17,13,21
56,22,25
22,14,30
2,5,36
7,6,34
50,5,63
48,19,23
11,6,35
36,11,46
19,3,45
45,21,24
3,4,8
59,9,59
34,1,58
31,17,29
49,5,60
45,18,24
2,7,32
46,14,37
17,13,20
45,6,55
13,3,41
28,15,31
15,13,20
16,12,27
60,17,37
34,20,6
49,13,39
12,10,12
40,5,53
37,3,59
58,7,60
40,3,61
21,13,32
31,15,33
42,18,26
25,16,21
42,7,52
60,11,51
42,3,62
7,4,39
38,13,40
45,9,47
3,8,29
34,20,11
49,20,23
35,9,48
35,19,18
47,8,49
7,2,42
35,5,53
42,21,18
56,12,50
30,18,1
46,15,35
60,23,11
56,22,23
47,3,63
34,17,25
33,5,52
39,20,25
38,19,20
45,11,42
7,9,28
58,14,44
0,1,41
33,14,36
60,17,39
63,9,58
38,21,10
28,17,24
18,7,40
40,17,29
47,19,31
51,22,17
0,6,30
48,20,26
29,1,63
59,8,56
42,22,18
44,18,25
7,10,22
14,9,34
8,9,18
61,22,28
56,15,39
8,8,9
44,9,48
47,4,62
49,10,46
35,12,43
44,20,23
54,12,42
61,9,56
30,16,28
10,6,36
3,8,22
30,18,2
43,16,33
32,0,62
61,21,30
51,9,49
59,23,25
63,21,10
5,8,24
27,17,7
29,11,40
37,17,28
14,0,48
45,7,56
33,13,38
11,11,25
37,6,51
57,23,23
37,21,9
48,8,52
63,21,33
25,0,60
41,4,56
45,14,39
61,23,15
9,0,46
46,22,21
37,18,24
51,11,45
48,16,32
27,2,51
31,17,24
53,12,49
61,21,10
31,1,62
18,13,13
7,6,2
5,3,38
23,2,48
53,20,27
54,23,24
26,17,14
13,9,8
13,11,23
33,3,56
60,18,36
39,6,51
48,19,25
2,4,7
6,6,2
49,10,49
0,6,18
6,9,24
36,21,13
59,21,30
31,8,46
61,21,28
8,8,11
34,0,60
45,10,44
8,10,24
32,20,14
36,20,9
38,14,38
36,20,6
37,15,36
14,11,11
19,11,32
57,5,63
7,9,27
59,9,57
41,18,27
47,8,53
29,4,49
5,8,27
49,12,42
61,12,52
33,8,47
2,7,21
24,16,19
18,12,7
54,10,50
23,14,31
33,17,31
44,5,60
32,12,39
25,16,0
39,22,5
34,19,7
7,7,12
41,15,37
37,17,27
16,6,40
27,1,61
17,12,6
31,4,51
3,5,13
55,21,27
35,6,53
47,9,54
25,16,30
50,17,34
17,12,9
44,16,34
49,9,51
15,11,32
54,21,24
38,7,52
33,4,53
32,6,52
40,18,31
13,0,45
41,22,22
29,13,40
32,2,60
61,11,56
28,11,38
60,18,33
48,21,19
9,10,29
46,16,35
28,8,42
24,13,32
44,8,55
62,12,54
34,20,8
46,7,58
38,22,20
42,14,34
43,22,20
54,11,49
39,12,41
11,9,9
12,11,24
42,11,39
40,0,63
32,17,23
38,10,48
38,3,57
26,13,35
35,21,15
55,7,59
52,23,20
52,10,49
15,1,45
45,11,46
52,11,48
62,18,36
58,20,27
44,18,32
4,6,15
30,5,49
26,16,17
58,23,12
30,11,41
51,5,61
42,21,16
18,13,26
5,5,0
7,9,30
40,15,32
44,12,38
36,18,22
37,20,5
33,4,55
54,10,52
59,8,60
50,14,42
40,10,47
12,11,27
63,23,24
3,8,25
37,15,34
58,6,61
59,6,62
45,6,56
38,21,2
58,17,35
59,23,23
13,0,48
41,6,58
29,4,51
17,12,13
1,4,0
40,14,35
22,13,33
29,18,16
51,20,25
39,20,22
25,5,47
51,11,48
21,0,50
62,16,41
40,12,43
44,5,61
43,20,25
55,22,25
38,1,62
29,3,52
23,12,35
47,23,13
35,20,2
52,6,57
24,15,3
37,21,17
34,18,24
58,12,46
40,21,19
12,11,29
21,6,43
51,19,31
63,21,5
0,4,9
59,21,26
60,16,40
34,8,49
57,9,57
41,19,22
38,5,55
61,12,48
63,18,37
45,22,21
61,10,53
23,15,13
23,15,31
39,5,53
10,9,12
27,17,8
30,18,19
18,14,20
0,5,6
30,0,60
37,0,60
13,9,6
30,18,25
20,1,50
0,7,26
62,23,11
55,9,52
25,14,32
26,17,12
52,16,34
63,23,29
49,23,17
33,7,47
59,9,56
44,21,22
20,14,21
8,9,29
32,19,13
26,0,57
24,15,12
9,10,24
40,20,20
45,14,36
34,20,13
14,1,45
37,2,57
8,7,11
41,22,13
12,3,42
57,23,11
59,11,51
39,7,51
36,20,17
52,18,31
41,19,28
12,9,9
46,23,8
62,8,63
63,17,39
16,8,37
40,10,43
17,13,24
32,0,59
9,7,3
42,17,27
32,1,58
20,2,48
1,1,41
49,11,45
0,4,6
20,9,37
37,22,18
45,13,41
36,18,27
54,20,28
10,11,26
61,11,51
56,22,27
14,11,18
52,7,55
41,23,13
31,17,30
34,17,27
45,14,40
45,13,36
19,13,30
11,9,6
26,2,52
63,18,38
48,17,33
58,9,56
23,8,41
35,20,11
55,14,38
54,14,40
47,23,17
39,22,3
52,10,46
35,21,12
11,11,22
62,20,30
37,21,8
55,6,58
9,10,27
62,17,39
30,18,10
10,3,41
47,23,12
35,4,58
36,18,24
62,21,11
0,5,17
37,17,31
12,10,16
14,10,4
40,13,42
21,15,14
13,7,34
41,7,57
3,6,13
63,18,36
14,4,42
18,13,10
42,8,49
20,13,1
29,17,32
57,9,55
55,11,52
54,5,59
0,3,1
2,5,3
16,11,12
31,0,63
34,6,50
20,6,40
18,11,2
19,13,0
28,1,63
24,14,35
4,6,8
27,15,34
55,14,45
31,15,37
47,16,31
5,6,0
42,23,0
51,10,53
33,1,61
11,8,33
49,22,24
34,7,48
8,10,23
50,12,43
17,11,1
32,7,47
47,23,10
44,17,32
5,8,28
24,14,30
40,3,59
53,16,36
41,14,40
23,15,23
32,8,46
40,19,25
0,2,39
42,13,37
20,14,26
38,4,57
26,4,47
37,3,60
50,12,42
44,6,57
13,11,21
22,15,26
31,17,28
39,10,45
40,3,58
1,6,17
13,10,12
23,0,56
30,10,42
51,17,34
24,6,43
25,0,56
30,0,63
49,10,50
39,1,63
43,19,26
47,19,29
33,19,12
43,5,55
35,12,40
34,16,34
41,9,49
46,20,21
9,10,21
48,10,47
42,23,3
39,14,35
59,13,48
45,16,31
5,2,40
38,21,20
39,21,8
15,12,17
35,17,28
39,9,46
19,11,33
48,4,62
25,16,16
17,8,36
45,23,17
29,18,0
45,6,61
50,18,29
25,13,37
1,6,18
27,16,4
49,5,62
10,10,29
48,15,34
58,10,54
9,8,33
61,11,52
30,3,55
57,15,42
43,7,48
21,1,49
55,20,27
45,21,17
36,21,14
41,15,32
59,16,37
18,13,20
51,9,48
28,15,29
28,3,51
7,6,6
39,17,31
43,6,57
49,9,47
44,22,20
59,9,55
41,16,31
39,2,59
52,8,56
41,4,58
55,21,25
54,17,35
5,9,21
63,12,54
9,7,5
47,11,42
31,8,44
35,6,51
33,9,44
21,13,8
63,9,59
58,23,7
32,17,27
44,8,49
54,22,27
49,15,38
57,9,54
1,5,0
8,7,0
58,23,9
12,7,36
44,10,46
36,17,32
56,8,58
14,12,18
42,6,52
47,17,33
27,17,28
41,20,24
9,7,4
52,5,59
34,18,30
55,8,55
56,6,63
54,15,37
6,6,10
23,8,40
33,19,10
40,12,42
49,6,60
28,17,26
40,22,7
26,3,53
49,4,62
50,20,25
57,14,44
21,8,39
22,8,40
24,9,40
20,2,46
44,5,62
23,14,5
42,8,45
47,15,34
14,12,17
32,15,33
51,11,49
2,7,24
34,11,41
19,14,23
14,12,23
41,18,25
18,13,14
50,7,54
39,22,8
34,18,25
7,8,15
43,5,54
47,7,52
58,20,30
40,18,29
34,14,38
15,12,13
13,11,13
61,23,3
58,6,60
46,22,15
44,6,59
29,18,25
38,11,44
58,7,56
33,19,3
39,18,26
60,23,10
19,4,43
21,5,43
50,23,14
18,13,29
57,17,37
45,23,19
48,20,20
17,7,39
48,21,18
59,7,61
53,20,28
58,10,51
30,1,57
2,5,9
2,5,4
23,16,16
22,14,1
47,20,20
19,13,17
39,7,52
10,9,9
0,5,5
8,10,28
10,6,37
10,2,43
60,16,42
49,22,22
37,20,7
62,12,55
60,14,47
17,11,9
1,3,6
47,13,43
49,21,27
43,17,32
58,10,50
49,20,30
34,17,32
42,7,51
43,16,29
47,14,35
50,23,20
62,9,63
46,8,55
43,8,52
48,10,51
27,0,57
17,0,49
24,16,28
2,5,13
60,21,29
0,4,13
44,11,40
9,7,33
9,8,32
35,20,15
52,11,47
47,19,26
47,8,52
41,6,50
56,23,23
49,9,52
60,11,53
55,8,59
59,22,10
12,8,6
0,3,37
32,19,9
63,22,14
11,11,19
38,8,51
25,16,23
58,22,25
38,21,12
37,15,33
51,8,54
37,20,18
17,11,33
35,17,29
29,18,14
34,8,48
43,20,20
16,12,14
38,13,42
2,4,38
31,19,14
38,10,47
23,5,45
42,18,27
17,9,35
37,16,34
12,10,14
32,17,31
39,21,5
34,17,26
59,15,44
58,11,52
32,8,47
9,7,35
28,17,16
19,9,36
24,1,56
0,5,3
61,7,62
32,7,49
39,4,54
9,9,17
45,7,54
62,23,2
58,9,52
28,17,11
32,19,16
34,3,57
44,7,49
61,23,14
43,7,58
9,10,26
18,13,12
55,20,30
42,22,22
39,2,62
20,7,39
11,9,13
41,21,22
55,11,51
10,9,30
29,15,32
48,18,30
7,4,37
61,13,47
41,22,16
43,8,47
4,7,16
3,6,14
34,6,54
42,22,9
63,15,46
14,10,3
39,14,37
10,11,25
30,4,51
28,6,45
35,11,46
49,4,63
47,14,37
30,14,34
10,11,20
4,5,9
43,14,35
57,19,29
40,21,18
61,23,27
3,8,21
61,23,5
28,2,55
36,16,33
41,21,24
17,13,26
15,12,15
12,6,37
22,0,53
54,13,41
3,4,37
61,22,7
8,6,34
33,19,20
35,9,46
33,10,43
37,7,51
55,6,57
42,22,6
61,8,59
60,13,44
29,13,35
51,21,23
17,12,29
40,19,22
11,8,7
48,9,53
55,9,51
43,6,56
44,7,52
51,13,45
40,21,17
43,17,33
54,14,37
37,21,0
45,13,39
16,0,49
62,16,42
43,6,55
50,7,58
19,13,16
61,11,55
35,7,50
49,22,19
10,8,10
63,23,15
5,5,4
48,10,52
35,9,49
46,14,40
42,4,62
61,22,9
38,18,28
50,7,59
23,14,33
58,12,48
26,10,40
43,10,43
39,11,44
4,5,1
44,13,40
62,21,6
20,4,44
52,5,62
52,15,38
21,7,41
21,15,18
37,0,62
5,4,37
18,2,45
6,4,37
45,20,25
18,4,42
59,10,56
24,6,44
22,15,14
59,19,32
55,14,41
40,6,56
14,10,12
58,19,34
31,8,43
32,11,40
47,23,20
32,9,45
45,8,52
14,4,40
28,17,20
33,10,47
56,20,29
48,7,55
46,17,29
14,1,46
39,6,53
14,10,30
41,14,37
59,22,26
55,8,58
29,17,26
44,9,45
45,14,37
60,11,50
45,12,42
51,15,37
40,12,44
62,23,6
6,1,41
37,20,17
58,23,13
59,8,61
29,16,28
55,16,39
60,21,31
63,8,57
46,9,53
33,20,16
37,18,31
3,6,1
14,12,29
12,9,3
28,4,53
5,6,36
39,21,11
45,4,60
3,0,42
16,9,33
36,8,51
44,21,23
55,17,32
3,4,2
20,13,4
16,11,3
13,12,18
52,12,45
25,0,59
51,17,31
38,22,15
56,14,47
7,7,5
49,22,25
9,8,14
30,10,41
56,20,27
55,13,41
42,4,59
47,11,48
38,4,55
33,17,29
31,1,59
53,14,38
45,7,52
41,6,49
13,9,33
44,17,33
48,19,32
15,3,44
15,6,39
36,18,25
17,0,50
59,23,9
21,1,50
21,14,24
30,14,37
6,1,43
4,5,5
30,17,22
36,17,27
40,16,32
40,16,31
23,15,10
60,20,32
52,13,43
21,4,46
40,22,12
18,13,17
48,6,63
46,13,37
6,4,38
50,11,43
19,14,20
60,20,31
25,16,10
48,21,21
49,20,24
55,12,45
57,12,45
63,12,50
1,5,4
21,14,31
25,2,50
20,11,34
32,13,36
48,21,22
44,19,27
25,15,27
20,10,35
27,16,27
12,8,4
22,11,35
12,10,17
37,18,23
63,10,54
24,4,47
48,16,33
59,12,47
4,5,8
50,20,29
34,6,51
38,20,19
39,10,47
43,10,42
60,22,15
3,7,18
36,19,24
21,8,38
43,21,16
41,22,8
12,11,21
33,15,32
17,12,31
27,8,42
42,23,5
31,3,53
59,14,42
53,10,48
33,19,17
50,22,19
33,16,31
32,4,55
62,18,40
59,10,54
27,16,8
63,19,34
61,8,58
38,21,16
39,22,21
34,19,4
43,15,33
46,9,49
41,6,56
30,1,59
35,13,42
60,15,43
4,6,9
19,12,8
40,20,18
44,19,25
17,12,28
3,6,34
55,13,45
43,7,54
15,12,16
54,6,59
62,15,43
12,8,33
7,7,13
0,7,27
48,17,31
45,13,40
41,22,10
27,14,34
5,2,41
34,13,37
21,11,34
22,15,13
29,17,19
35,11,44
15,11,7
5,7,12
42,5,62
11,10,16
8,0,44
50,6,60
40,8,49
19,6,40
25,16,9
43,22,16
8,4,39
28,0,61
53,21,26
45,23,11
34,7,51
41,22,9
8,3,40
42,15,36
5,7,33
0,4,10
29,18,15
7,7,34
50,8,52
25,5,46
34,20,0
25,16,20
4,6,34
49,9,56
21,3,45
8,7,2
38,12,43
27,6,46
50,8,58
52,10,51
46,6,52
59,12,53
31,18,18
42,9,44
28,1,55
37,20,20
9,8,11
47,8,56
53,6,57
62,22,5
21,13,31
41,5,58
60,19,33
42,18,28
49,11,48
18,10,35
38,3,56
20,14,24
26,15,29
50,15,39
35,1,59
14,11,16
26,6,45
60,17,35
39,21,12
11,11,27
0,5,35
56,22,24
33,3,58
49,9,48
16,10,3
37,19,26
29,17,8
31,18,2
49,17,30
52,13,47
39,22,2
30,1,62
50,17,35
49,21,20
36,21,2
16,1,48
39,14,34
39,13,42
0,4,5
52,23,18
49,21,21
58,8,60
33,4,57
54,13,47
52,8,52
44,15,37
10,8,34
1,6,15
48,8,55
62,21,14
25,14,29
43,15,37
34,6,53
5,8,32
42,22,23
51,21,20
54,6,62
27,3,49
16,3,45
30,17,0
23,8,42
33,1,60
33,9,48
36,13,42
61,16,42
60,9,56
49,19,28
51,18,31
51,6,58
43,7,50
38,12,45
41,8,47
39,16,35
2,6,34
30,11,40
37,14,36
20,14,27
51,7,57
37,20,6
44,23,2
49,20,27
31,18,3
57,16,39
13,7,36
8,8,15
50,9,47
14,12,26
45,17,28
32,18,20
26,8,41
28,17,18
37,21,15
47,7,54
53,17,33
5,6,9
34,9,46
56,11,51
34,13,40
44,3,62
18,13,28
41,21,20
19,13,10
23,0,55
58,9,53
58,11,53
28,9,42
38,20,22
51,16,35
60,10,53
20,13,8
26,16,9
61,10,51
7,5,36
36,19,21
0,4,11
53,14,39
50,23,17
52,10,47
43,6,51
19,3,46
51,5,60
11,0,46
45,7,51
31,2,56
41,10,45
28,0,63
36,18,26
56,17,32
9,2,41
43,9,45
46,3,63
34,10,42
46,21,20
57,19,32
54,12,44
13,10,13
62,22,4
25,6,45
44,7,48
63,23,26
54,17,32
48,12,45
20,14,25
10,10,21
41,14,36
44,8,52
31,5,51
18,12,31
2,4,0
9,1,44
40,7,51
51,10,49
43,6,59
29,14,33
36,20,18
7,7,7
23,7,41
56,13,44
37,19,27
5,9,24
54,8,54
39,4,59
62,23,25
43,11,41
28,17,27
13,10,31
62,22,11
51,7,58
16,13,24
29,1,62
19,1,48
16,0,47
29,13,37
50,22,24
43,15,36
60,13,49
56,9,51
38,6,51
25,7,42
7,8,14
63,20,32
9,10,23
26,5,45
17,13,27
61,23,17
58,13,45
16,8,35
15,3,43
32,19,1
5,5,6
51,21,26
51,12,47
31,9,43
29,13,36
54,16,36
31,15,35
50,7,56
16,12,10
54,13,40
46,18,27
32,2,59
20,13,12
60,22,11
63,22,8
39,9,50
48,23,11
58,16,40
15,12,14
25,12,35
41,5,56
3,5,36
28,16,25
63,21,8
39,16,30
47,10,44
15,11,6
49,6,61
58,17,38
45,16,33
60,13,46
50,10,51
3,4,3
6,6,11
18,5,42
6,9,18
21,10,35
20,0,50
40,13,41
22,2,49
10,1,43
1,5,3
39,2,60
55,12,49
37,4,56
53,9,51
29,4,50
49,12,45
14,6,38
59,18,34
10,8,32
42,22,16
22,7,42
6,9,27
39,17,29
63,22,29
33,13,39
59,20,29
37,1,61
45,23,5
60,13,48
24,12,36
23,4,46
20,14,19
52,21,25
7,5,37
16,12,13
63,21,6
6,3,39
51,7,59
35,15,35
42,5,61
47,10,46
10,7,36
55,20,28
10,10,17
27,0,55
21,14,32
55,12,46
36,3,57
37,21,6
36,13,38
39,18,31
40,2,61
10,9,16
25,15,26
27,3,52
13,3,43
40,3,60
56,19,30
56,15,40
7,10,23
47,9,47
27,16,26
47,22,16
19,12,31
58,23,24
36,0,61
20,0,51
4,6,3
2,6,35
50,10,50
39,4,58
31,2,58
14,10,7
35,9,47
47,11,47
56,9,55
38,21,14
19,2,48
47,21,24
43,20,22
50,21,21
55,9,55
6,8,21
55,16,40
17,7,37
52,15,39
16,10,4
50,17,33
41,8,51
55,18,32
0,4,4
57,7,56
23,12,33
61,18,35
8,5,38
1,4,6
50,12,41
36,21,1
44,14,38
0,4,7
37,8,50
58,14,45
47,15,33
61,23,29
51,15,35
12,12,23
45,11,47
42,16,32
11,3,40
11,4,39
32,12,40
12,9,5
36,12,43
49,8,54
27,17,12
43,9,47
10,8,5
36,8,49
61,12,47
42,22,1
15,12,21
9,8,31
14,10,6
62,23,16
13,3,42
26,15,32
38,19,25
30,7,46
62,8,59
38,21,22
2,4,3
35,17,30
12,9,4
38,4,54
34,9,47
61,11,50
10,8,6
42,20,25
35,16,33
60,11,52
13,6,36
54,9,52
32,18,22
54,20,27
48,7,58
27,3,51
63,22,11
35,18,28
0,6,32
52,12,47
58,7,58
44,3,63
48,15,37
42,19,26
16,10,32
23,10,39
36,9,47
47,12,44
44,18,28
45,7,49
55,5,60
51,23,16
38,12,42
63,14,49
22,0,56
49,20,29
26,3,50
37,12,41
25,2,56
56,8,57
62,21,5
5,8,26
63,15,43
52,13,46
28,0,60
46,21,25
24,10,38
8,8,33
37,17,30
45,12,41
43,22,22
42,7,47
28,5,49
25,8,41
20,9,36
56,15,36
44,12,40
8,6,35
55,9,53
62,14,44
31,18,4
30,13,38
42,8,46
62,21,7
57,11,47
39,22,12
34,18,29
32,15,34
24,13,34
35,0,59
39,13,41
62,14,49
30,12,39
31,1,63
56,5,61
31,10,42
48,19,29
58,20,29
47,7,59
35,19,22
30,2,57
1,4,36
43,23,1
17,13,15
29,18,7
28,17,13
2,6,6
39,0,62
39,21,0
1,3,3
18,6,41
1,5,34
17,13,14
63,22,7
12,4,39
35,11,43
7,8,13
41,4,57
54,9,56
38,21,4
61,23,16
59,8,55
60,23,8
37,1,60
4,8,18
31,15,34
14,10,9
58,14,43
7,6,3
52,9,53
15,10,8
44,9,47
10,9,10
23,16,28
41,16,29
46,20,22
39,1,61
2,7,28
20,13,0
25,10,39
24,8,42
61,22,29
7,9,25
31,18,19
44,8,48
39,12,44
34,3,58
38,22,16
23,3,46
29,13,39
31,18,6
3,4,7
54,8,55
6,7,11
55,7,57
31,3,54
30,4,52
28,2,53
49,7,58
37,21,18
5,5,36
61,12,55
62,9,54
56,5,62
34,5,54
16,8,36
21,14,30
51,10,51
31,17,25
47,9,49
49,11,43
36,15,38
56,14,39
38,21,1
63,10,53
62,11,54
46,23,19
8,9,20
39,14,36
53,23,16
12,10,11
21,11,36
3,5,1
38,21,9
57,15,38
33,19,21
41,7,48
46,21,19
24,14,29
24,2,51
6,6,35
19,12,0
62,21,29
44,23,5
26,17,19
49,21,26
3,8,23
15,9,35
3,5,9
55,16,38
17,4,44
16,11,4
53,11,50
49,14,43
9,8,0
36,20,23
20,3,47
42,23,16
63,16,41
46,23,17
46,7,49
58,8,54
19,12,2
42,6,59
59,11,56
2,4,8
59,6,61
23,3,49
48,23,10
54,23,19
17,10,32
50,7,62
36,11,47
57,23,9
28,4,52
34,18,20
40,17,33
41,11,44
32,9,42
28,18,10
46,13,39
44,14,36
2,1,41
12,11,25
17,12,11
5,9,27
29,17,3
55,15,38
34,20,9
25,1,54
51,20,28
1,7,26
30,8,44
54,11,48
39,12,40
59,16,40
22,15,27
20,14,28
33,19,4
29,1,57
44,11,41
17,0,48
41,5,61
9,10,17
26,16,7
50,11,46
19,2,47
36,9,46
11,7,36
30,18,9
31,0,62
23,2,50
42,2,63
55,6,60
34,10,43
53,6,61
51,18,30
38,2,59
15,9,34
13,11,30
0,6,23
15,4,41
31,1,61
11,9,30
22,14,31
53,13,40
5,5,8
23,9,40
34,12,41
33,20,14
60,10,57
50,9,48
20,4,43
35,19,19
13,1,46
40,19,26
33,19,1
62,23,8
26,2,51
24,3,48
9,4,40
1,3,1
36,21,12
50,16,36
38,21,8
40,17,32
63,23,3
3,5,12
49,14,38
56,16,40
37,21,2
18,0,48
22,1,50
56,18,33
57,16,36
60,9,54
33,0,60
13,11,17
26,16,16
34,19,2
59,13,46
32,3,56
54,22,24
27,14,32
5,0,43
26,16,11
56,14,45
7,6,1
22,9,40
61,14,43
41,12,38
52,8,60
42,21,23
50,15,35
34,20,1
45,5,62
7,1,43
32,8,45
38,12,44
49,22,21
45,23,7
56,14,40
8,7,8
0,7,21
30,17,4
23,15,6
33,19,9
16,0,48
7,6,5
30,17,26
61,22,6
34,18,28
37,4,55
43,23,12
37,8,49
63,23,18
30,17,27
43,4,59
1,6,34
27,9,41
53,12,46
38,16,35
43,13,36
55,7,56
33,18,23
31,11,39
27,7,44
26,1,54
35,19,23
41,16,30
62,23,12
27,10,40
24,3,49
33,10,45
53,22,23
28,17,4
62,21,13
16,6,38
26,14,36
21,14,29
59,13,49
19,10,34
30,15,31
7,6,4
25,9,40
38,21,3
47,12,40
55,10,50
32,12,37
24,15,22
47,23,14
12,11,18
50,19,26
4,7,15
4,7,32
14,11,29
38,22,18
25,15,5
11,8,8
58,12,47
36,7,53
37,23,16
55,11,47
21,14,9
25,12,37
48,15,35
63,19,37
60,15,45
8,9,15
26,13,37
52,6,61
4,8,31
26,9,41
29,7,46
10,9,11
27,17,20
29,16,30
51,12,48
18,10,33
3,6,5
33,2,57
52,8,54
15,6,38
7,9,22
52,12,41
12,9,12
58,17,34
41,15,36
55,13,42
38,14,35
37,16,32
34,20,5
9,5,38
16,12,29
62,19,34
31,17,22
52,11,45
28,17,15
27,4,48
35,20,3
57,7,58
9,0,44
48,9,50
56,19,28
29,3,55
54,23,22
18,14,25
61,16,43
36,20,7
48,9,54
3,6,9
57,7,59
3,5,10
3,7,23
52,23,19
29,0,63
48,8,53
53,13,45
34,19,16
47,15,38
54,20,30
15,11,29
15,13,24
36,21,3
45,22,14
46,13,41
62,15,41
40,10,46
60,19,30
56,6,61
63,17,42
46,18,31
54,13,39
24,11,35
51,12,49
62,22,17
36,19,27
45,12,38
55,22,22
33,7,52
35,13,41
12,11,30
50,14,37
49,12,47
38,2,57
47,23,9
39,4,61
34,1,57
55,14,47
10,7,2
60,8,57
26,15,31
19,14,21
3,7,17
39,13,39
30,13,37
20,14,16
50,23,18
21,14,0
41,11,43
53,8,57
39,21,17
49,17,31
9,3,39
63,15,45
45,20,23
15,0,48
60,22,27
9,8,9
60,12,51
32,15,35
51,4,62
58,20,28
49,16,33
0,4,14
16,12,28
29,4,54
59,18,39
32,9,43
59,10,50
47,17,30
20,12,31
30,13,36
12,10,28
19,8,39
40,17,31
41,22,18
53,14,40
48,9,48
19,11,34
61,14,45
62,10,57
39,16,34
59,14,45
27,13,38
47,20,24
40,4,58
37,21,5
55,14,40
22,15,25
62,18,37
7,9,26
47,21,21
50,11,48
33,7,50
19,14,24
45,10,45
60,20,33
5,6,12
49,21,22
15,9,33
36,4,57
19,10,35
41,20,23
63,22,27
40,22,3
31,7,48
55,13,43
49,12,41
55,6,59
0,6,25
1,5,9
4,7,31
38,5,52
33,6,51
61,23,25
8,9,26
31,4,52
20,1,48
51,15,38
56,7,59
55,12,44
15,11,8
28,0,62
51,18,35
46,3,62
2,2,41
20,3,46
62,17,40
47,15,36
39,23,16
15,13,23
50,8,56
57,23,25
13,12,23
63,20,9
45,16,36
36,18,28
45,17,32
35,1,58
35,18,30
37,11,47
51,22,22
0,2,40
54,14,44
11,5,38
31,17,26
50,18,34
29,14,36
49,15,37
24,15,6
15,10,32
34,5,55
18,14,24
26,16,24
53,8,53
27,15,32
58,9,60
40,12,41
32,1,60
41,19,27
42,23,17
21,13,7
50,10,52
25,16,29
23,15,29
6,8,18
43,17,31
24,16,11
14,0,46
47,18,33
8,9,19
45,23,3
49,5,63
33,12,41
49,14,41
51,14,41
25,15,7
9,9,13
39,21,22
60,14,43
34,20,15
48,11,48
1,3,37
39,19,25
60,11,49
38,15,35
14,3,42
25,14,30
28,2,54
34,19,3
41,21,23
20,9,38
50,8,53
62,13,48
63,19,35
40,8,48
39,22,0
45,14,35
1,5,13
12,9,10
40,20,21
52,8,57
17,11,7
52,21,26
61,8,60
14,10,32
3,7,21
46,17,31
44,10,44
53,7,56
26,16,10
51,20,26
60,23,23
24,15,10
46,6,57
44,23,10
45,9,46
54,21,27
45,8,54
46,22,18
6,7,16
7,2,40
55,9,54
18,14,23
25,11,38
27,17,27
20,13,10
31,3,59
46,20,20
34,12,40
41,22,2
60,8,56
12,11,15
33,19,16
11,9,14
1,5,5
44,6,56
31,5,52
41,4,54
31,18,21
19,13,9
35,19,17
33,0,59
62,23,19
51,21,22
40,6,51
22,15,24
56,18,34
51,4,63
48,11,45
40,7,50
44,7,55
26,11,39
42,19,24
22,14,2
40,22,14
41,19,26
55,9,57
31,16,31
42,6,55
19,4,45
50,15,40
57,10,58
31,19,15
56,8,53
29,17,15
57,16,41
3,5,5
44,20,25
38,11,43
44,16,35
5,6,10
31,19,7
6,5,0
61,21,7
24,15,13
33,17,24
50,18,28
21,13,33
11,3,42
45,19,27
56,15,41
49,19,32
51,20,27
51,8,51
1,3,7
52,19,28
0,5,19
30,17,32
45,12,44
44,6,49
41,9,43
56,23,26
24,14,31
63,22,2
46,5,61
31,19,13
40,1,61
4,2,41
19,12,1
3,7,28
40,4,57
46,22,16
63,21,14
32,9,44
55,6,61
53,16,35
16,13,25
33,19,15
22,15,16
38,9,48
51,22,25
24,13,33
34,10,45
49,21,25
2,1,42
56,21,27
56,18,31
56,6,58
44,10,43
60,22,26
24,11,36
15,3,42
39,14,39
47,19,28
6,7,15
48,16,36
21,15,20
18,13,18
24,16,26
55,13,40
9,10,20
31,18,15
15,11,11
31,16,29
57,13,45
21,14,11
2,3,38
16,12,18
31,6,50
43,5,51
19,0,51
27,3,56
34,15,35
43,18,27
11,10,17
40,5,59
40,22,20
16,9,34
2,7,25
28,16,28
33,8,48
11,11,26
42,13,38
35,7,51
55,10,49
22,14,3
34,9,48
31,16,32
36,20,2
4,6,12
0,6,17
15,0,49
60,15,44
45,4,63
58,12,49
46,7,60
53,18,31
54,23,23
49,16,36
39,19,21
49,6,63
46,4,61
33,17,27
43,16,32
58,9,55
26,16,29
56,7,56
56,6,60
14,7,35
62,20,34
40,13,39
6,9,30
44,21,19
13,9,32
60,10,55
59,23,8
42,11,40
35,3,58
27,17,26
42,16,34
33,8,46
28,17,2
40,9,45
29,10,40
49,20,21
3,3,39
2,8,26
41,22,12
14,5,40
51,10,47
23,15,28
40,8,46
52,16,35
5,1,43
34,19,5
40,13,40
35,12,42
29,8,43
43,10,41
37,10,46
50,19,28
24,16,12
14,11,10
23,10,36
27,13,35
54,18,33
37,12,43
23,14,30
61,19,33
61,8,57
41,13,36
46,9,51
24,0,55
33,19,19
51,15,39
42,21,21
19,14,25
16,11,10
56,14,42
35,2,57
45,23,4
3,5,4
10,5,38
48,19,26
44,20,21
45,23,1
37,9,50
38,16,32
31,8,45
51,12,45
37,20,23
61,20,29
56,15,37
43,23,0
43,12,40
58,18,36
63,20,11
12,9,32
39,3,56
56,5,63
49,17,34
19,13,29
51,22,19
35,2,56
29,3,51
8,8,32
41,6,55
58,16,37
21,2,47
17,13,18
22,1,49
38,10,45
9,7,2
59,13,47
3,5,11
1,0,44
49,21,23
41,21,16
40,14,36
39,19,22
7,3,39
56,5,60
30,2,55
45,7,61
42,5,54
56,7,57
17,4,42
35,5,54
22,12,35
40,19,23
59,23,27
39,5,52
61,15,41
37,16,35
8,9,17
6,9,21
53,12,42
61,11,53
57,6,59
45,6,57
57,6,62
3,6,33
21,14,22
15,11,14
43,21,17
51,9,52
59,23,12
6,8,30
57,9,53
46,17,34
54,19,29
24,0,56
61,9,53
62,14,45
3,6,7
0,4,1
29,2,57
60,22,5
63,23,11
23,15,11
57,14,40
43,17,34
24,15,21
52,14,45
6,6,0
3,5,7
59,14,47
1,4,2
55,16,37
38,15,37
10,7,1
13,9,2
48,8,54
60,12,52
53,19,30
27,15,28
45,14,38
32,3,58
14,1,44
48,21,23
34,19,8
14,10,33
29,18,23
56,11,50
45,6,53
50,14,41
35,15,33
31,17,27
43,22,8
18,12,6
23,0,54
38,9,49
27,17,1
59,7,63
42,1,63
6,7,14
32,11,41
45,10,48
38,11,46
16,12,15
18,13,16
59,18,38
27,1,55
62,12,53
48,11,44
36,5,52
49,6,57
61,8,63
1,6,16
32,13,38
9,10,19
43,23,17
23,14,1
41,22,17
5,9,28
34,19,20
45,22,22
12,10,15
7,8,31
21,9,39
4,6,1
17,2,45
58,14,46
13,8,34
28,14,32
27,16,1
38,18,27
44,17,31
4,7,14
38,6,52
20,13,5
44,22,16
2,5,1
42,17,31
27,16,2
36,13,41
39,21,19
22,13,31
50,23,16
31,0,61
53,19,29
62,23,26
34,15,36
5,6,8
55,20,29
36,10,47
5,8,20
35,14,37
41,17,27
18,7,38
16,7,36
15,12,12
3,5,0
3,8,24
37,18,28
25,14,34
52,6,62
6,7,33
63,9,56
62,11,52
38,0,63
59,18,35
4,8,20
40,4,55
21,12,33
14,10,31
42,4,61
41,16,33
62,21,28
40,23,17
33,19,22
41,9,47
50,5,60
61,23,9
19,14,14
48,17,34
52,7,59
33,17,30
59,15,43
43,22,12
35,17,26
57,10,53
44,13,39
25,12,36
41,21,17
45,23,12
28,17,29
42,23,13
28,17,1
51,5,63
25,14,31
25,16,13
44,3,61
43,23,3
40,19,24
59,11,48
63,22,4
10,2,41
24,16,15
38,7,50
18,0,51
4,7,18
44,21,21
12,11,19
55,23,22
51,23,19
63,8,60
5,9,22
30,18,14
43,12,38
18,1,48
3,5,3
58,16,39
28,17,14
29,11,38
37,4,54
48,19,28
42,20,20
12,10,10
36,20,4
33,13,40
0,5,7
37,3,57
15,11,15
11,10,15
8,2,40
36,17,30
57,21,25
47,6,59
51,9,50
47,11,44
61,23,6
45,6,60
36,16,31
32,18,25
28,0,59
29,18,6
42,8,47
23,15,19
19,13,15
18,12,32
35,10,44
48,23,21
12,2,43
26,16,22
25,13,34
39,21,14
33,12,39
58,15,42
30,19,12
5,5,35
1,5,15
19,13,14
59,14,46
38,8,48
0,3,6
22,11,36
42,21,17
59,21,25
37,21,1
45,11,43
25,14,35
7,0,43
54,6,57
23,3,47
33,14,35
27,16,5
45,19,23
41,22,15
25,16,25
24,8,41
40,5,52
49,22,20
5,9,23
51,12,46
11,10,18
20,13,30
42,5,59
60,22,29
0,5,4
29,6,47
62,22,28
28,4,51
50,11,49
37,12,42
56,13,45
24,15,20
16,4,41
12,7,35
26,13,34
43,13,37
52,13,40
38,15,34
1,6,19
56,14,46
44,18,30
13,2,42
48,22,16
60,11,56
62,8,56
25,17,25
39,21,13
26,0,61
30,19,13
54,18,32
7,0,45
31,19,6
58,10,57
35,19,25
57,15,43
31,6,51
54,13,46
5,7,18
43,10,45
49,9,57
49,17,36
56,18,35
45,18,32
0,5,32
0,5,1
22,13,5
12,8,32
50,22,25
25,15,10
38,9,46
32,4,58
56,10,51
41,5,51
62,11,55
52,10,48
42,18,29
25,15,2
35,20,4
38,20,23
29,18,24
25,17,22
17,5,42
4,6,13
46,11,42
4,6,14
63,13,48
60,22,28
21,2,49
55,17,36
11,8,34
30,17,21
6,7,13
31,0,60
51,7,56
3,7,29
52,22,20
41,12,41
39,14,38
30,6,47
40,21,24
44,22,15
11,5,37
42,7,54
63,11,51
32,10,43
51,19,30
42,2,62
21,14,23
60,21,30
48,17,35
8,8,13
60,12,53
57,14,41
33,20,13
24,14,32
3,6,17
44,21,17
41,7,50
24,5,44
29,17,24
63,13,49
2,7,23
63,13,46
63,23,2
60,9,57
17,10,34
58,21,26
59,14,44
40,5,58
51,20,29
30,8,43
20,12,32
11,3,41
62,21,31
0,5,33
51,23,14
15,5,40
34,21,16
36,11,42
26,17,26
60,23,26
5,9,25
17,12,8
4,6,33
52,12,48
42,3,63
38,2,61
44,8,47
10,0,46
26,15,28
61,18,36
57,17,35
43,6,49
49,8,51
24,16,20
5,5,1
37,15,37
3,4,1
50,6,61
24,2,50
20,2,47
31,19,11
61,9,59
26,17,25
1,6,20
24,0,57
18,8,36
63,13,51
10,10,26
58,10,56
50,15,38
29,17,27
9,0,45
61,23,7
25,16,8
36,4,55
32,18,5
52,18,30
52,9,51
21,14,18
40,22,10
47,13,38
5,5,37
59,22,9
45,6,58
56,21,29
1,4,38
5,6,33
19,13,13
49,8,53
39,19,26
62,11,50
48,10,45
6,9,25
20,13,11
41,2,63
44,8,50
36,19,19
55,5,63
11,8,1
58,22,24
59,20,27
10,7,35
59,12,52
47,6,62
12,0,45
37,18,25
62,23,0
21,14,28
3,0,43
52,6,59
26,16,13
1,7,21
47,4,63
41,7,54
35,5,52
63,12,55
29,6,46
59,23,14
12,4,40
35,3,55
13,11,15
45,23,13
34,15,33
32,3,57
35,18,23
25,16,7
14,12,19
26,16,25
26,16,23
40,22,6
0,5,18
32,18,27
52,4,63
23,14,6
3,6,3
37,10,45
50,18,32
35,14,38
14,9,33
49,23,18
32,15,32
60,14,42
46,19,27
41,18,29
47,15,35
62,10,53
49,18,34
52,17,32
60,11,57
40,11,42
8,4,38
8,7,1
13,11,16
43,22,14
10,10,27
51,18,34
0,1,42
6,5,36
48,14,42
1,4,11
55,23,25
32,19,0
27,17,15
34,18,31
4,8,19
26,1,53
35,4,56
10,8,7
13,10,30
33,1,58
41,22,20
10,10,28
32,2,61
12,10,13
61,13,48
3,6,0
57,9,56
31,9,42
42,17,29
32,8,44
41,17,31
49,13,43
51,13,42
41,6,57
63,9,57
47,9,52
42,4,60
60,20,29
25,16,22
44,8,51
5,8,19
62,23,1
50,22,23
37,2,59
13,2,44
48,8,51
58,8,55
33,7,48
43,20,21
44,8,46
8,2,41
51,7,62
52,7,60
14,12,20
41,21,21
23,15,22
51,8,53
30,17,30
32,14,33
9,8,5
15,11,0
7,8,12
32,13,35
51,23,22
33,19,13
30,19,14
4,7,13
24,15,19
54,23,18
9,9,32
55,23,20
8,9,14
17,4,41
43,10,44
42,23,7
9,0,43
13,10,0
33,19,25
29,10,39
0,5,34
61,21,13
62,23,28
63,12,49
48,9,46
61,15,43
21,15,21
38,4,56
36,6,51
20,13,6
42,23,11
36,11,45
26,14,33
11,2,42
36,7,49
37,3,61
62,19,33
34,19,0
41,22,6
41,23,17
55,9,56
17,13,19
14,9,5
58,23,26
0,5,10
17,1,46
29,16,25
31,18,5
54,11,47
44,23,3
9,1,42
30,7,47
39,22,18
13,11,29
49,11,49
35,6,55
1,6,30
3,7,30
30,14,36
21,12,34
26,17,17
44,5,58
62,12,52
59,17,36
46,8,54
20,13,9
29,18,10
20,12,5
19,12,4
38,4,53
29,6,48
29,14,38
1,2,41
18,10,34
44,9,46
39,3,61
41,18,26
3,6,4
60,17,42
60,18,35
37,19,20
22,9,38
18,12,8
23,1,50
51,19,28
13,12,21
21,5,44
46,19,23
16,11,8
34,4,54
63,9,61
49,9,49
48,11,46
32,12,38
49,17,32
34,3,55
29,0,58
46,13,40
6,6,3
62,15,45
33,18,21
55,7,58
28,1,56
8,3,41
46,23,18
37,2,58
7,0,44
50,16,39
4,8,30
46,9,45
43,22,7
37,22,16
40,8,50
31,18,17
22,15,15
37,9,47
53,6,58
27,3,53
58,11,50
9,4,38
6,6,8
18,2,46
52,21,24
43,15,34
34,20,3
28,3,54
11,11,24
45,11,41
1,5,1
57,21,26
19,14,27
38,14,37
4,8,28
60,14,44
46,7,52
54,21,30
32,19,2
10,8,0
63,21,32
35,20,20
17,11,6
50,19,30
53,23,20
39,1,60
43,2,62
61,22,5
44,11,46
20,5,44
31,18,9
35,12,44
43,16,34
8,10,27
18,13,23
6,5,1
40,4,53
60,15,41
27,15,33
62,19,37
23,13,33
32,1,59
2,8,27
25,5,45
17,12,7
48,17,32
61,7,60
60,22,13
10,1,44
10,7,33
35,13,39
46,20,26
34,20,12
19,12,7
32,19,3
24,15,4
47,6,60
14,5,38
23,10,38
62,22,15
41,12,39
54,7,56
28,13,38
21,13,5
50,16,35
41,7,51
42,10,42
35,16,34
0,0,43
23,11,37
22,6,42
40,4,61
51,12,41
42,20,23
28,3,52
8,9,22
33,16,32
28,8,44
49,11,46
47,19,30
41,17,28
27,15,30
39,10,46
4,7,20
25,6,44
44,7,47
32,10,41
2,5,34
11,5,39
32,19,18
54,15,36
16,5,40
24,15,28
23,15,30
39,3,59
33,10,42
61,22,27
19,10,36
59,21,27
43,7,52
53,13,43
63,23,27
52,9,50
30,13,39
2,6,17
45,18,27
43,5,62
63,12,48
52,11,50
45,23,16
0,3,4
27,11,37
39,11,42
36,5,55
22,1,51
1,5,33
12,11,14
9,7,0
46,17,32
37,19,19
63,20,35
61,17,42
32,16,29
59,7,57
34,7,53
52,9,54
49,19,24
2,6,19
31,18,10
40,20,22
55,10,53
44,5,57
28,9,40
22,13,2
6,8,28
43,8,55
50,21,26
17,10,35
1,1,40
12,12,24
48,7,60
9,8,1
36,21,18
36,4,54
43,22,19
41,23,16
16,13,26
62,9,58
46,12,41
27,17,2
51,17,33
63,9,63
43,5,52
46,6,59
36,9,48
3,8,26
46,23,4
59,16,41
28,13,35
47,18,28
51,15,36
54,12,46
15,12,19
38,21,11
48,6,61
26,6,44
44,22,13
0,3,38
47,18,29
33,20,15
21,14,10
5,8,30
62,21,32
0,6,20
2,4,2
9,6,36
37,18,29
38,20,25
11,9,8
47,8,51
32,12,41
40,5,57
60,23,3
51,22,24
48,4,63
60,9,58
36,21,7
38,20,21
35,21,14
21,3,46
63,18,39
56,18,32
22,10,37
45,8,50
7,6,35
62,8,58
46,6,62
50,22,21
34,14,36
46,22,19
30,18,11
16,11,31
11,11,21
32,18,18
27,5,48
49,11,47
47,7,56
49,23,20
21,13,4
45,20,21
60,10,52
52,12,43
15,11,13
13,11,12
24,5,46
49,10,48
32,11,39
61,13,49
38,3,55
62,22,16
32,18,2
49,23,15
16,12,12
32,18,23
63,14,44
1,7,29
52,13,41
59,22,25
40,13,36
41,7,47
27,13,36
22,5,45
18,1,47
47,5,63
22,6,44
30,1,60
63,17,41
50,8,51
37,21,20
39,22,20
18,3,45
1,5,6
26,16,1
45,10,43
54,20,29
61,19,32
57,17,32
39,20,24
10,4,38
45,13,38
45,15,36
57,10,52
54,8,58
46,19,26
61,9,57
37,21,10
2,6,7
62,23,23
40,11,43
44,18,26
42,19,23
46,10,48
50,9,54
43,7,56
3,1,42
25,15,30
48,18,28
29,14,35
47,23,15
62,11,49
32,19,4
53,11,49
60,18,37
1,4,12
29,8,44
13,11,24
3,5,35
19,14,28
42,6,49
43,15,35
48,20,27
39,4,55
55,23,24
28,17,12
61,20,30
17,13,16
56,15,38
30,18,4
51,10,45
32,2,58
37,21,19
45,11,40
37,5,55
43,5,60
50,8,57
63,9,60
37,5,56
34,19,24
13,12,27
43,23,4
23,7,42
63,22,5
34,1,59
56,12,46
42,11,41
40,22,19
59,23,22
22,9,39
30,17,29
39,21,15
26,3,49
46,23,11
26,7,44
63,22,10
44,23,15
38,22,13
59,23,7
15,5,39
7,6,36
24,15,5
30,16,30
11,1,44
43,16,31
59,7,59
50,13,44
39,0,63
26,17,24
62,20,33
48,23,15
57,17,36
59,7,62
33,11,41
6,8,17
32,19,15
17,7,38
16,11,30
52,13,45
44,23,0
29,17,21
7,8,18
58,19,29
20,13,7
43,4,63
25,7,43
40,14,39
35,16,31
14,8,35
32,14,34
43,19,22
40,20,19
44,9,50
53,23,21
43,6,53
42,22,5
57,16,37
40,20,25
46,19,22
43,20,19
3,2,39
36,9,49
57,8,54
36,19,18
38,18,23
50,21,19
14,2,45
61,8,62
0,4,34
39,5,51
9,9,12
39,5,56
63,16,46
17,12,1
61,11,48
26,3,48
27,1,58
6,4,39
34,8,47
38,6,53
58,22,26
11,6,36
62,21,8
4,3,40
2,2,39
40,5,56
40,22,0
13,4,40
41,13,40
40,7,53
48,20,21
60,19,31
0,6,22
10,8,4
42,22,2
40,19,27
60,7,59
36,20,0
53,7,59
53,6,59
58,18,31
28,14,35
53,13,39
50,20,23
24,16,16
15,12,30
26,17,16
35,20,5
2,6,2
55,21,29
9,3,40
11,10,29
29,0,60
3,7,16
47,12,45
52,6,63
6,6,5
49,20,28
14,12,27
22,5,43
63,9,55
27,4,50
28,4,48
58,13,47
42,15,32
15,12,20
32,4,53
56,13,47
44,9,43
26,1,58
51,11,43
41,4,61
45,19,22
42,14,37
36,21,17
35,20,7
53,12,43
51,14,39
60,7,61
38,3,60
7,3,40
20,13,3
27,17,16
0,7,29
33,17,25
48,22,20
52,7,61
39,20,20
37,7,49
5,6,7
24,10,40
32,16,33
61,14,46
63,22,9
42,23,10
38,8,49
60,10,50
26,14,34
22,4,46
55,19,31
38,20,24
10,7,4
6,3,40
53,21,27
27,0,59
53,13,47
56,18,30
29,18,8
36,3,56
18,12,11
41,13,37
48,13,44
31,6,52
41,7,52
21,14,13
34,20,14
48,15,39
36,13,39
46,18,29
22,14,11
51,11,46
41,1,62
54,14,39
3,4,38
62,15,44
37,6,52
31,19,8
53,22,22
44,5,54
56,17,36
45,12,39
55,10,51
47,14,38
39,12,45
23,14,8
14,5,39
1,7,20
3,7,22
6,7,9
12,3,40
34,17,30
16,6,39
62,22,12
52,17,33
40,9,46
60,23,9
58,14,41
36,21,16
39,18,25
37,23,17
16,7,37
51,14,40
63,11,54
60,12,48
39,9,49
13,11,25
57,12,50
61,21,29
16,11,9
61,22,15
38,15,36
49,21,19
29,17,6
57,20,29
52,15,37
63,21,29
16,4,43
60,22,8
14,12,22
33,15,34
6,6,1
32,16,32
51,16,36
17,5,40
48,18,31
46,15,34
37,20,25
56,11,47
17,12,14
63,13,50
53,7,55
53,6,62
29,17,5
59,11,49
28,2,59
6,8,20
60,7,62
56,23,25
26,14,30
53,23,18
43,23,10
16,3,42
30,0,62
44,21,18
51,21,25
2,7,29
62,14,48
58,23,27
39,21,4
0,6,29
39,17,32
53,15,38
21,12,32
47,10,48
34,14,35
15,11,9
39,5,57
26,5,46
57,19,31
26,1,56
42,21,19
57,20,27
31,14,36
23,15,4
17,11,0
42,3,61
21,10,37
40,16,34
48,20,24
4,8,21
55,13,47
52,22,19
44,22,14
4,5,4
3,7,8
34,11,40
21,6,41
5,7,11
46,8,46
14,9,1
57,15,44
0,5,15
10,8,1
25,16,6
24,4,48
27,17,4
8,6,3
26,0,60
47,20,21
19,14,13
31,2,62
3,7,33
22,2,47
61,23,26
31,2,59
48,23,19
14,9,0
35,10,48
15,13,26
32,4,57
29,17,31
21,1,48
40,16,30
61,23,10
45,19,25
38,2,58
60,20,30
62,22,29
14,12,25
2,5,2
48,5,62
54,22,22
9,5,36
19,1,49
33,17,28
30,18,7
0,4,36
25,0,55
60,11,54
39,22,4
20,13,28
63,22,3
60,23,25
21,14,12
50,9,49
46,10,44
63,22,12
60,14,48
24,16,18
19,7,40
16,12,17
39,13,40
22,14,8
27,17,14
59,23,10
28,17,9
44,4,59
24,15,9
44,4,62
62,20,31
19,12,3
56,23,22
31,3,55
15,11,12
58,19,32
59,9,60
47,8,50
15,8,35
35,20,14
51,4,61
28,16,31
30,5,48
0,6,19
55,16,34
61,9,54
37,21,7
0,3,0
51,12,42
62,13,50
46,6,56
61,20,33
62,22,14
56,10,50
43,13,38
47,18,32
38,6,54
31,15,31
49,18,31
29,17,4
19,14,17
2,4,36
18,13,15
43,21,21
32,14,38
15,2,44
19,14,22
46,7,55
28,17,6
26,2,54
47,13,40
43,3,61
21,14,6
39,5,55
49,6,62
45,5,60
54,4,63
47,5,62
23,14,7
27,12,36
1,5,12
19,13,6
29,15,34
60,12,47
16,11,11
26,17,23
50,20,28
36,18,30
26,16,12
18,4,44
26,17,11
55,13,46
23,15,18
20,14,10
50,8,54
2,5,7
42,7,49
57,7,57
29,5,47
48,7,54
33,7,49
26,16,3
53,23,19
42,22,17
59,23,24
34,16,32
39,21,10
24,16,21
16,2,44
63,23,5
56,13,43
25,16,28
16,7,38
45,15,34
23,4,45
59,19,29
32,5,53
62,12,47
46,8,52
52,7,58
35,4,55
61,23,28
8,7,33
33,18,24
39,8,50
1,5,35
5,1,41
26,9,42
47,10,45
3,4,4
36,17,31
55,19,30
47,17,32
5,6,6
35,20,1
30,3,53
17,13,29
63,21,12
59,16,43
3,6,15
21,9,38
35,18,21
62,14,43
59,16,38
40,3,62
23,14,28
25,15,28
56,17,33
53,12,44
17,11,31
33,14,40
9,7,7
61,12,49
49,6,59
17,13,28
20,11,33
41,13,38
60,22,14
45,7,53
50,10,45
18,7,39
12,1,45
48,22,19
47,18,26
7,9,19
20,14,29
9,9,15
41,16,32
22,14,25
26,2,55
46,21,24
8,10,21
0,4,0
40,14,34
36,18,29
31,13,37
54,15,39
5,0,44
44,22,19
48,13,40
27,1,54
39,4,53
38,19,24
16,12,16
11,9,32
47,20,26
61,14,47
55,8,53
38,17,27
26,13,33
41,8,45
62,17,37
23,14,2
21,14,8
13,9,1
25,11,36
14,9,2
17,11,8
50,20,26
37,20,4
53,20,30
42,22,0
59,22,8
28,16,32
56,16,39
59,17,41
53,22,25
51,18,33
47,5,59
28,14,34
45,21,22
0,4,35
43,19,23
15,4,42
13,9,0
42,5,57
7,9,18
32,19,8
31,1,60
28,15,32
60,21,28
52,21,23
11,7,34
26,16,18
26,15,30
53,15,36
30,7,44
23,15,2
32,4,52
56,12,47
48,12,43
20,14,18
1,4,9
22,13,32
34,10,46
34,18,21
55,22,28
48,22,17
43,7,59
63,22,15
17,6,40
42,9,43
11,11,20
38,5,53
13,12,20
17,2,46
37,13,40
28,1,54
3,7,31
18,6,39
58,9,57
23,13,34
22,14,32
26,16,27
51,10,50
27,16,22
26,6,46
4,8,25
25,3,49
24,14,33
29,17,22
1,6,31
23,15,21
27,14,35
1,3,39
18,11,33
46,14,36
18,13,30
63,23,16
31,17,23
60,16,43
1,1,42
45,15,37
37,19,25
40,22,18
1,5,14
9,7,1
2,6,13
5,6,2
47,7,58
40,6,50
39,6,52
17,4,43
41,22,21
35,10,47
59,9,53
22,15,20
46,11,45
41,4,53
53,23,17
28,11,39
46,16,34
44,19,24
20,13,29
17,12,0
22,12,34
54,7,60
42,22,14
49,15,39
42,20,21
26,1,55
14,4,41
26,16,2
39,4,56
62,17,41
49,12,43
37,11,45
14,2,44
17,12,5
58,13,43
34,17,29
45,6,59
29,10,41
43,14,36
37,19,23
47,16,35
57,22,25
37,20,22
41,4,59
16,4,42
5,8,22
28,17,25
52,15,36
5,7,34
30,18,12
1,6,21
8,0,43
24,0,53
1,2,40
18,3,44
57,10,51
51,10,46
54,8,57
11,10,12
35,20,23
50,19,27
30,18,3
54,20,31
27,13,34
44,17,27
57,22,24
41,8,50
38,17,31
41,11,40
37,19,21
55,8,56
40,11,45
10,10,22
44,22,17
52,9,52
36,17,28
36,13,40
20,10,36
20,14,14
58,6,62
44,6,54
39,1,62
0,7,22
15,10,31
26,16,5
56,16,36
11,2,43
24,15,25
24,16,24
1,6,32
21,14,27
41,4,62
23,15,27
30,10,40
51,12,43
46,6,55
49,8,52
51,23,17
54,13,44
18,6,40
31,12,41
60,22,24
41,22,7
25,13,36
49,19,31
45,6,62
9,9,19
58,6,59
21,13,3
30,17,31
55,16,35
60,23,17
48,19,24
60,22,30
32,18,0
41,9,44
58,16,36
40,14,40
31,17,31
5,6,5
62,23,10
10,1,42
19,14,16
62,16,43
45,7,59
55,22,24
51,7,54
19,12,33
7,6,7
33,19,11
60,10,56
61,19,36
32,5,50
39,13,37
48,11,42
44,11,42
3,5,8
26,17,20
57,21,30
41,10,41
27,14,37
26,17,10
62,9,60
59,11,53
28,6,48
53,9,54
52,22,18
35,8,47
46,13,42
49,16,39
53,14,37
54,18,30
51,9,54
13,2,43
7,7,9
27,16,25
14,11,15
59,14,43
57,15,40
61,13,46
46,4,62
42,7,55
55,21,30
35,18,29
6,9,22
15,10,0
17,8,38
34,10,44
36,1,58
31,3,56
35,16,32
48,5,63
61,23,11
42,17,30
58,23,25
51,8,56
17,1,47
1,5,7
43,8,49
30,16,32
29,17,25
33,19,5
30,11,38
38,10,46
7,6,9
39,15,35
47,13,44
4,7,33
44,15,36
46,13,38
28,4,49
48,9,47
10,11,22
26,13,36
28,13,36
22,14,9
30,18,17
35,12,39
44,14,37
49,8,55
39,22,14
17,11,34
19,2,46
36,14,38
45,22,18
18,9,35
8,10,20
28,4,50
57,8,58
39,3,60
23,2,49
17,9,34
43,4,62
28,17,22
38,16,31
57,6,60
45,7,60
40,6,52
54,19,30
28,1,59
62,8,61
38,4,59
47,8,54
35,18,27
36,5,54
33,19,2
14,11,17
62,21,12
0,0,42
37,20,21
41,11,42
14,12,21
37,19,22
40,9,49
31,13,36
40,20,23
47,23,11
58,23,23
32,17,29
54,21,28
56,19,29
6,8,16
21,15,22
22,14,6
19,12,9
34,2,56
40,15,34
55,23,21
12,9,33
46,9,50
10,10,19
63,10,57
8,8,31
58,14,42
24,1,53
57,21,27
41,5,57
51,6,63
14,10,0
41,15,33
8,4,37
61,13,51
6,6,9
43,23,13
12,5,39
50,21,25
63,10,56
54,7,59
37,10,48
18,2,47
60,7,63
25,16,5
62,10,52
12,9,1
18,12,10
46,16,31
44,23,6
16,3,43
16,11,32
8,9,31
61,12,54
32,18,3
49,8,50
13,9,7
63,20,12
22,14,13
21,13,29
29,14,34
9,9,16
58,11,48
33,20,10
5,8,25
48,11,47
20,14,22
47,21,19
37,12,44
44,22,21
41,22,14
14,3,43
11,8,3
39,20,21
43,8,46
30,14,33
21,4,44
50,14,38
39,22,19
12,11,22
17,12,30
5,5,2
47,21,20
43,8,51
46,7,56
58,17,36
38,23,17
60,14,46
62,20,35
30,12,40
45,21,18
33,19,18
53,13,41
51,11,44
24,13,35
37,11,43
18,9,36
61,22,14
9,7,36
29,17,18
38,7,49
12,0,46
46,20,23
47,22,21
26,3,51
17,8,37
34,13,39
50,12,45
43,7,57
44,18,24
1,4,37
35,20,16
26,16,28
9,1,43
62,9,56
43,8,48
0,7,25
46,23,14
45,5,58
22,3,46
2,8,25
31,19,12
41,13,41
23,15,0
5,7,31
57,16,40
51,13,46
50,21,23
3,6,16
33,15,35
57,11,49
32,3,59
61,21,9
43,12,37
59,10,52
59,18,37
47,8,57
48,7,51
50,21,27
63,23,19
51,20,24
4,5,10
38,19,22
47,16,38
54,7,61
52,14,41
48,8,56
19,12,5
48,21,20
40,9,50
63,21,4
2,5,14
3,6,8
31,4,55
23,16,25
52,20,25
37,22,19
14,8,36
22,3,48
40,14,41
59,22,29
5,6,11
49,19,26
28,1,62
0,3,3
20,8,40
22,13,4
40,16,29
44,21,24
46,7,57
23,13,31
22,1,52
17,12,4
13,11,20
2,4,37
62,20,32
28,7,43
60,23,15
4,6,2
32,6,48
59,13,44
63,11,50
48,11,43
22,15,28
29,18,13
31,3,57
10,11,23
62,9,57
27,2,55
50,10,47
25,1,55
41,7,49
43,6,52
51,11,51
27,17,23
38,7,51
21,0,53
11,9,31
55,16,36
39,22,15
49,7,54
46,23,15
13,7,35
17,5,41
15,10,2
54,14,43
22,15,18
1,7,25
30,12,37
36,12,42
33,5,54
26,7,43
46,11,43
45,11,45
21,4,45
42,17,32
45,21,23
25,16,2
57,18,34
22,15,17
6,6,6
48,6,62
50,13,42
30,1,63
33,0,61
28,17,17
49,23,14
8,9,21
14,9,32
51,9,51
26,1,52
28,18,15
57,17,34
63,8,62
59,23,11
48,10,48
34,14,37
50,5,62
36,21,11
6,6,34
39,18,30
22,10,36
23,4,47
29,18,11
35,18,22
53,7,57
31,1,58
23,14,9
24,16,10
41,10,43
50,16,34
54,8,59
3,0,44
44,8,45
60,22,10
60,23,14
31,18,22
30,18,6
35,19,21
32,1,61
43,14,37
23,10,37
13,1,44
12,11,16
43,23,16
40,22,5
55,11,49
6,8,29
2,4,9
3,2,40
2,7,27
50,9,53
13,11,14
39,3,57
54,15,38
57,18,31
46,19,25
45,3,62
20,0,52
47,6,61
38,14,36
45,7,58
55,8,54
59,18,31
57,19,28
47,21,18
56,16,38
30,17,25
54,7,58
33,6,50
42,4,63
40,14,37
45,9,45
60,22,12
48,6,57
41,3,61
46,21,22
40,21,16
36,14,37
42,20,22
40,15,36
10,9,32
38,23,16
24,15,26
30,1,58
50,19,31
59,7,60
12,1,44
31,7,45
58,6,63
59,11,50
37,14,39
59,21,29
51,7,60
19,9,35
30,2,58
34,17,31
46,14,35
29,17,0
6,8,15
31,13,35
33,5,53
52,5,63
8,7,7
19,14,18
49,18,32
30,18,5
36,12,41
15,12,23
52,20,26
18,13,24
40,9,48
31,15,32
40,4,54
41,17,33
63,23,20
55,14,43
50,13,39
23,5,44
48,7,52
58,23,11
2,4,1
63,12,51
41,18,30
48,13,43
8,10,26
43,7,47
29,17,16
46,23,6
63,20,8
45,23,6
5,5,7
10,0,45
51,11,47
18,11,34
18,12,2
28,3,50
39,15,32
41,1,63
51,14,38
10,11,24
61,9,58
2,7,26
29,4,52
54,6,60
58,10,55
18,5,41
29,18,12
49,16,37
36,7,50
38,1,61
15,12,18
44,18,29
36,20,19
46,6,60
52,22,21
46,8,58
57,19,33
31,18,24
2,4,5
46,15,38
55,21,26
24,6,45
37,1,59
21,15,16
20,13,13
54,19,31
10,8,2
50,23,22
22,4,44
56,9,54
11,0,44
0,3,8
29,17,11
6,5,3
16,10,6
36,19,28
27,2,56
42,18,31
9,10,16
29,6,45
61,21,31
63,23,12
50,20,22
41,20,20
39,15,36
44,23,13
63,23,1
40,18,28
8,7,4
61,16,41
35,14,35
30,18,20
21,3,47
63,16,43
36,20,22
50,16,38
54,23,20
28,9,41
57,15,41
33,16,30
62,10,56
15,10,33
53,4,62
48,8,49
43,23,5
42,22,11
62,23,4
4,4,37
24,15,8
54,22,21
45,10,49
30,6,48
42,23,2
33,4,56
25,17,23
63,23,10
61,22,11
45,23,9
11,9,12
1,3,0
61,21,11
28,14,36
51,19,29
7,9,16
1,5,8
50,4,63
43,21,23
19,12,32
27,4,49
8,1,43
56,16,35
29,18,5
41,17,32
7,9,20
37,2,60
21,15,19
61,23,2
44,7,59
53,10,51
33,19,7
0,3,5
58,21,25
45,12,43
35,18,25
38,17,30
0,3,39
43,17,28
6,6,36
26,11,38
22,8,41
31,16,30
49,8,56
6,8,31
45,10,46
62,21,10
40,10,45
30,2,56
53,23,22
38,11,45
23,9,38
34,17,28
39,21,16
52,7,56
59,16,42
55,8,57
59,23,13
56,23,24
47,23,16
46,12,44
62,22,6
39,3,58
38,18,24
47,16,32
39,12,42
39,21,21
62,23,15
63,23,8
63,14,47
35,7,49
31,13,38
40,23,15
25,16,18
33,11,42
8,6,0
11,10,14
47,14,39
61,18,34
31,11,41
33,12,40
40,22,17
50,5,59
43,5,59
3,6,2
30,18,13
36,21,15
10,9,31
49,13,41
47,13,41
27,11,38
16,13,21
39,6,54
49,13,40
43,17,30
54,12,43
5,1,42
31,5,50
50,9,52
50,7,57
27,16,29
41,5,55
63,10,55
52,19,31
47,16,34
42,10,43
10,10,18
54,6,58
20,5,43
23,15,15
32,18,17
43,22,23
27,7,45
46,6,53
45,23,14
21,14,14
21,14,20
37,22,17
54,9,54
5,6,34
63,23,9
7,2,41
36,6,54
0,6,24
44,16,31
10,7,3
39,21,9
36,20,24
62,22,10
18,14,18
48,6,59
51,22,18
9,8,6
43,18,28
43,22,6
21,15,23
18,13,19
26,0,55
28,14,37
42,16,35
61,20,35
45,19,26
22,15,29
29,9,43
16,9,35
48,10,46
36,14,39
50,14,40
35,20,8
42,21,24
39,22,11
60,11,55
58,18,35
38,16,33
60,9,55
36,20,1
30,17,24
63,13,47
25,15,0
29,1,58
57,18,32
7,4,38
31,18,8
50,8,55
13,10,32
31,4,53
28,16,24
61,23,8
27,4,52
48,16,37
53,19,31
12,8,5
44,7,57
21,13,2
35,13,44
29,12,36
57,23,13
44,23,17
27,16,20
3,5,6
49,23,21
5,8,16
53,4,61
60,20,28
30,3,52
52,23,22
8,6,1
3,8,20
53,8,60
47,14,41
29,18,4
54,22,25
50,23,19
23,16,26
6,5,4
53,13,42
43,22,9
12,8,1
10,5,36
55,7,60
44,2,63
32,18,21
27,17,13
2,2,40
51,16,34
30,15,34
44,10,41
7,7,32
18,14,26
61,17,40
40,1,62
46,17,33
28,17,7
49,18,30
62,23,27
30,14,35
7,6,0
38,13,43
4,5,3
35,21,13
24,16,27
44,16,33
30,12,38
10,10,24
17,9,36
44,16,32
43,20,23
61,23,23
42,22,3
41,13,39
59,15,40
36,6,52
11,10,30
50,10,48
4,0,43
26,12,37
45,7,50
59,22,11
49,9,54
39,6,50
6,9,23
37,20,19
25,17,24
25,2,51
46,8,48
41,19,24
34,10,47
60,21,26
56,14,43
50,22,22
47,7,51
33,16,33
54,18,31
19,14,19
53,12,48
23,14,32
26,4,49
15,13,21
61,14,48
54,17,33
12,7,34
34,19,18
42,17,28
62,12,51
11,8,32
26,10,39
48,16,38
33,6,53
5,3,39
54,7,55
43,23,8
49,19,27
27,12,37
35,6,52
15,12,22
48,7,56
13,12,26
43,23,11
50,9,55
48,21,24
36,11,44
29,9,42
22,14,24
32,6,50
61,23,4
42,7,50
8,9,16
56,12,45
4,1,41
11,11,18
30,5,50
36,1,61
62,18,39
63,12,52
61,11,54
29,11,39
31,6,47
24,15,24
22,15,11
28,16,26
12,10,9
12,3,41
59,23,3
44,7,51
42,6,51
36,16,32
39,22,10
54,6,61
41,20,25
41,22,11
7,9,24
57,11,51
59,18,33
52,4,62
23,15,5
37,12,45
5,5,5
12,9,11
0,5,16
43,22,13
53,11,46
14,6,37
10,4,39
63,21,30
30,4,53
55,19,29
59,17,35
61,9,55
14,2,43
22,14,0
46,21,21
5,8,21
54,13,42
48,22,21
3,6,12
37,0,61
40,9,47
24,0,54
6,3,38
45,21,19
46,7,53
53,12,45
28,3,53
19,14,15
57,11,50
27,11,39
34,2,58
32,16,31
60,15,42
48,7,57
47,16,33
51,8,58
36,9,50
32,5,52
56,21,28
24,2,49
48,5,60
32,3,55
19,5,42
38,3,59
6,7,34
8,10,19
29,17,23
32,12,42
46,18,30
33,4,54
33,19,8
34,20,10
40,5,60
14,7,36
42,16,33
44,20,24
58,18,30
22,12,33
54,16,35
35,14,36
45,22,17
27,8,43
52,23,15
15,2,43
11,6,38
43,6,58
38,17,34
43,22,21
25,16,17
61,7,63
59,10,53
63,9,62
22,13,34
57,23,26
50,19,29
48,18,29
33,21,16
41,12,42
26,16,15
0,3,2
58,21,30
59,9,58
3,7,15
4,5,0
33,17,32
23,16,17
23,15,16
41,11,39
49,12,44
47,9,55
24,16,13
1,4,4
36,21,0
36,13,43
38,8,50
56,7,55
47,16,37
42,20,19
11,10,31
36,20,16
40,16,35
7,7,14
10,10,14
42,15,37
56,16,41
14,11,9
53,17,34
30,7,45
36,10,46
28,17,19
60,13,51
26,14,32
58,19,30
46,15,36
22,14,7
15,0,47
57,13,43
11,10,20
44,4,60
58,12,50
52,11,46
7,9,17
41,10,44
17,12,10
60,10,54
59,12,46
32,16,34
13,6,37
58,9,54
36,7,51
39,13,38
21,13,1
39,20,18
33,18,27
6,8,14
48,14,38
25,15,1
40,18,26
12,11,26
63,16,45
43,7,51
25,16,11
41,8,46
56,10,53
46,5,62
29,17,1
2,0,43
29,0,61
17,11,3
33,5,55
27,17,24
46,4,63
59,13,45
48,13,42
32,10,42
48,19,31
20,12,33
52,14,40
21,10,36
33,11,45
45,8,53
13,9,9
27,17,21
56,17,34
39,8,49
15,7,36
41,5,59
40,22,2
25,7,44
35,6,54
30,13,35
59,19,33
62,10,54
57,18,33
51,13,41
11,11,28
35,12,45
2,6,16
24,8,40
4,5,36
21,2,48
57,14,43
50,20,24
5,7,32
6,2,41
36,17,29
25,0,58
30,18,24
35,17,31
60,23,6
45,20,26
50,13,40
48,6,60
16,12,20
33,2,58
25,6,43
43,5,58
7,8,32
33,9,45
37,3,56
46,6,54
45,17,33
31,7,46
15,10,6
27,9,40
37,9,48
28,0,58
53,11,47
27,10,39
33,14,38
50,11,50
61,7,59
29,12,38
45,16,35
44,19,23
41,2,62
63,11,56
49,22,18
34,20,4
50,10,53
27,2,59
45,23,15
25,15,29
9,10,25
4,7,19
19,13,7
37,11,44
26,17,13
63,20,34
43,22,15
52,10,52
46,10,47
42,22,20
20,6,42
46,8,53
39,20,23
29,17,29
62,23,13
1,7,30
55,11,50
15,12,25
63,23,28
18,0,49
37,9,49
18,9,37
57,23,10
44,23,16
17,12,16
50,18,33
51,17,35
33,19,23
37,17,29
35,3,57
61,23,13
26,8,43
39,12,43
32,17,25
41,9,48
30,15,32
27,16,28
25,10,40
23,9,39
47,20,23
6,9,19
39,22,1
2,5,0
41,8,49
9,2,42
23,15,14
50,15,36
39,23,17
16,13,23
38,20,20
26,2,50
57,17,33
46,19,24
27,2,53
53,13,46
28,17,23
60,10,51
47,12,43
5,7,15
9,9,18
45,9,48
63,20,31
37,13,41
23,0,53
22,0,52
58,15,39
47,6,58
3,7,19
4,7,17
24,12,34
54,8,60
42,5,51
16,12,11
16,2,46
0,4,2
46,11,41
49,4,61
26,0,59
46,13,43
49,19,30
52,23,24
6,7,12
18,5,43
57,13,48
37,11,46
51,21,21
18,11,1
48,22,22
1,4,35
45,7,55
45,17,34
0,5,9
28,2,56
52,23,23
18,13,11
38,19,26
43,5,61
26,2,56
59,23,16
42,23,4
56,9,56
58,7,63
63,16,40
25,15,33
46,12,39
51,23,21
20,12,1
6,5,2
10,11,27
56,7,60
35,21,21
58,10,53
36,3,55
15,1,46
15,2,45
30,18,8
56,12,49
48,14,40
63,21,15
50,12,44
53,12,41
56,21,26
36,8,48
0,6,33
11,9,10
42,16,31
45,22,20
21,14,1
8,10,22
44,10,42
8,6,5
5,8,29
26,10,38
53,5,62
46,14,38
48,12,41
47,9,51
31,2,57
2,7,22
41,6,51
61,17,39
32,14,36
21,0,51
43,22,18
28,13,37
25,3,50
58,10,52
28,10,41
51,23,15
57,15,39
2,6,33
60,8,58
54,8,53
50,6,62
9,9,30
43,20,24
51,6,60
40,1,63
4,4,38
39,5,60
36,5,53
41,5,60
34,11,42
37,13,39
43,19,24
47,7,55
41,20,19
49,18,29
54,23,21
21,8,40
4,8,23
63,20,7
21,1,51
11,7,35
63,16,44
27,15,29
43,7,53
1,7,24
30,6,49
29,17,17
41,4,55
60,16,38
47,6,57
5,7,16
20,13,32
6,0,43
47,7,50
45,21,20
30,18,16
47,18,30
36,10,48
40,22,13
48,14,43
22,8,39
47,11,46
59,22,12
40,6,58
21,14,21
47,22,20
31,14,35
40,22,15
5,8,31
48,9,49
36,16,30
57,9,52
45,13,37
19,4,44
32,0,60
20,14,15
24,12,35
1,5,11
44,13,36
53,9,52
51,6,62
32,5,51
33,1,59
45,22,16
24,9,39
17,3,44
44,15,34
11,10,27
10,8,8
22,0,51
63,16,42
35,20,12
53,15,37
57,22,26
15,12,27
61,15,42
10,10,30
51,13,43
25,13,33
47,16,36
49,18,35
37,21,21
18,3,46
46,21,23
44,20,22
12,8,34
37,19,24
15,13,25
31,11,40
57,23,24
57,12,49
49,14,40
11,8,6
30,16,27
45,4,61
45,8,45
10,8,33
31,17,21
46,18,26
62,19,38
45,23,2
40,8,47
38,21,6
52,10,53
16,11,33
44,6,52
37,5,54
63,20,33
13,11,26
24,15,23
32,16,30
40,14,38
34,18,27
31,19,9
31,14,38
25,16,19
8,9,28
50,18,31
57,8,56
15,12,24
21,13,6
23,11,35
21,14,16
47,9,46
39,2,61
47,17,34
18,8,37
3,3,40
46,9,48
53,10,50
54,9,57
41,15,34
18,12,0
29,7,45
53,11,45
10,0,44
31,19,10
11,10,28
26,14,35
8,9,27
56,7,58
51,6,61
20,5,42
34,4,55
23,15,20
9,7,8
39,21,20
25,8,42
42,23,14
52,8,59
58,11,49
33,18,19
33,17,26
21,14,25
20,6,41
28,16,29
51,22,23
17,6,39
27,12,38
60,19,35
48,23,20
63,22,28
11,8,2
8,6,36
15,4,40
19,7,39
60,8,59
27,16,23
10,9,13
41,15,31
61,19,31
18,11,3
40,4,56
30,8,45
57,9,58
46,18,25
18,12,30
43,18,26
9,10,22
20,12,3
20,10,34
42,5,56
31,19,17
34,15,34
27,16,31
0,3,9
46,10,45
42,23,9
57,14,42
44,11,45
37,5,53
62,23,24
34,19,1
30,6,46
31,18,25
61,12,46
48,20,22
27,1,53
57,5,62
23,6,42
29,15,35
0,5,8
52,20,29
55,12,48
9,8,4
60,18,38
12,1,43
29,17,10
57,16,35
36,2,59
4,5,37
61,18,38
33,19,14
35,11,41
46,19,28
3,8,30
58,23,15
43,19,27
63,20,6
24,15,31
21,14,2
45,18,31
41,23,0
9,9,28
29,18,1
42,12,40
45,9,43
13,8,35
18,13,27
41,9,46
4,8,22
59,17,39
36,19,23
15,10,1
53,21,29
26,16,19
15,11,10
42,23,12
29,16,27
62,18,35
28,12,36
55,9,58
63,23,0
38,18,25
48,22,18
10,9,15
49,7,56
50,22,20
51,6,59
37,13,38
42,22,13
57,13,44
45,23,18
42,14,36
14,11,14
46,8,47
22,9,37
11,4,40
47,6,56
42,7,53
45,22,19
36,19,22
36,6,53
53,5,60
20,14,17
34,5,52
45,20,24
46,15,37
24,7,42
42,7,57
61,15,44
2,5,15
40,21,21
49,19,29
7,7,8
39,15,34
40,16,33
34,12,39
55,15,41
32,19,6
33,13,37
49,9,55
36,20,8
40,12,38
55,21,28
15,10,4
59,23,5
47,17,31
53,5,59
23,6,44
61,12,51
52,11,44
50,6,59
14,1,47
28,12,38
55,10,52
63,17,38
38,19,23
61,22,13
5,4,38
20,4,45
50,14,39
48,16,35
4,2,40
61,23,12
23,7,43
53,20,26
8,10,25
51,16,37
26,17,15
52,17,34
60,23,24
27,7,43
51,10,52
58,23,10
41,22,3
24,1,51
35,15,36
25,4,48
42,5,60
17,6,38
46,23,5
32,13,39
37,10,47
62,12,48
45,22,15
50,6,57
63,20,10
60,16,41
27,14,33
14,0,47
24,15,1
42,6,50
8,9,30
60,12,46
57,14,46
48,20,25
59,20,30
35,4,54
10,3,40
49,8,49
62,14,46
61,21,8
28,1,57
47,12,41
46,18,28
18,0,50
27,6,44
56,9,57
39,18,28
30,19,11
47,22,18
44,17,28
5,5,3
52,14,38
16,11,1
2,4,10
43,12,39
35,20,0
33,18,20
44,19,26
35,8,50
33,10,44
63,21,7
60,13,47
42,5,53
59,10,55
29,12,39
51,21,24
39,18,24
33,8,45
61,19,34
53,21,24
32,18,1
61,12,50
6,8,32
2,7,19
46,7,61
0,5,14
24,5,45
2,6,32
32,18,24
45,8,47
25,16,14
61,22,25
36,1,60
37,18,27
37,16,30
41,16,35
43,14,38
22,10,38
14,12,28
19,13,19
56,10,49
24,1,52
44,6,51
33,13,41
42,16,30
39,16,31
23,13,32
20,8,39
59,20,31
3,8,28
26,16,20
14,12,15
56,16,34
56,14,44
27,0,58
12,11,20
23,14,0
32,0,61
54,12,45
35,20,21
4,7,30
16,13,20
27,9,42
20,7,40
59,15,42
13,5,38
16,12,26
17,2,47
49,21,24
48,9,56
62,10,58
42,6,58
16,10,5
22,15,30
63,23,21
29,17,7
28,0,57
29,4,53
52,19,29
5,8,23
12,6,38
62,16,45
16,11,7
55,18,33
35,5,56
40,5,54
36,16,34
2,4,4
52,23,21
32,2,62
