19,4,53
31,9,57
44,16,57
32,14,56
18,22,2
6,9,20
34,14,54
15,11,40
32,15,50
41,14,63
13,18,11
25,12,37
35,23,30
7,15,12
34,18,39
13,17,9
10,0,53
40,14,62
18,16,18
26,10,45
37,20,47
12,0,56
31,23,25
47,21,11
36,23,28
39,21,37
13,13,15
18,17,23
8,7,39
9,5,38
8,16,5
47,21,5
43,23,10
23,17,25
21,20,8
0,6,19
45,22,46
21,7,50
15,11,29
48,23,13
3,5,25
37,21,34
36,9,62
31,11,57
8,12,18
10,17,3
36,19,46
3,9,15
47,22,7
3,1,43
11,8,37
8,7,26
35,22,25
14,1,60
23,19,16
24,7,55
39,12,61
25,20,22
21,9,50
26,19,24
7,7,24
27,11,52
17,13,30
28,11,53
25,11,45
23,18,23
30,16,37
27,16,35
26,13,38
41,14,60
39,22,2
39,23,40
47,23,9
41,22,4
31,14,40
26,16,35
34,13,54
19,7,44
9,10,26
17,14,19
3,12,10
46,17,0
23,22,8
38,20,40
37,20,42
28,20,26
16,9,42
31,13,52
14,12,22
22,19,16
1,11,2
3,4,27
28,14,36
5,3,45
46,17,59
41,23,5
27,12,48
20,14,28
45,19,3
12,11,26
7,15,8
16,17,13
26,8,61
12,9,26
46,18,3
21,17,22
48,19,60
33,11,56
39,21,44
16,0,60
9,0,58
1,4,24
4,4,36
9,4,43
36,11,62
25,12,46
6,1,50
3,2,43
0,8,16
19,18,12
5,3,43
22,18,19
41,18,52
4,0,51
27,23,12
17,9,43
10,15,14
15,19,6
4,6,21
6,4,37
15,8,43
39,16,53
30,10,59
17,3,53
6,0,51
40,12,63
23,16,30
47,19,54
2,4,31
10,9,31
36,23,23
12,16,15
35,18,42
20,4,57
26,8,56
7,8,21
26,14,36
23,18,19
12,9,28
25,18,28
11,17,6
5,5,28
24,3,63
23,12,37
4,7,24
32,15,39
11,13,18
10,7,40
15,11,36
35,19,39
16,20,5
31,14,45
11,15,13
25,9,56
0,1,29
14,6,45
17,4,56
48,23,10
11,6,45
12,1,60
35,21,44
9,16,0
16,11,39
17,20,10
22,6,59
18,22,4
25,12,38
31,20,27
27,8,62
13,4,50
30,23,0
1,0,45
10,1,57
11,12,21
37,19,50
37,15,55
26,7,57
2,2,38
26,13,37
32,21,26
13,17,11
32,15,46
15,9,40
39,15,56
4,0,47
22,19,20
35,17,46
8,6,32
8,8,29
23,21,8
22,16,26
30,14,41
23,8,54
28,12,50
34,10,61
14,2,58
26,12,41
32,16,45
5,7,26
12,10,27
12,16,9
29,8,60
30,16,46
25,11,43
28,17,32
36,21,33
8,16,4
32,23,26
17,16,18
20,7,48
13,8,36
7,13,14
6,5,39
17,1,59
40,23,33
34,19,45
27,22,19
36,15,53
32,15,47
11,0,58
31,8,61
30,13,48
25,10,42
14,7,45
8,7,38
38,16,58
39,12,59
25,19,28
1,2,36
45,23,8
44,23,5
42,20,47
23,7,60
23,16,28
6,5,35
3,10,17
23,22,5
17,4,49
11,0,55
21,6,51
2,13,11
35,22,2
12,5,46
29,10,59
14,4,50
18,4,50
2,10,16
13,5,49
45,21,3
20,2,59
13,7,41
34,16,46
46,21,10
6,10,19
20,16,18
30,21,26
26,18,32
37,10,61
46,23,9
2,4,24
29,13,37
13,19,5
44,22,7
28,12,52
0,2,26
23,9,53
47,22,50
45,22,10
39,19,49
47,20,4
1,9,17
37,21,46
25,19,23
30,22,26
26,11,39
44,23,49
4,6,27
22,20,10
2,12,12
30,9,61
43,15,62
37,19,38
25,11,53
31,14,48
5,6,26
48,21,53
1,1,32
31,23,22
13,1,60
22,19,23
39,22,42
39,19,46
11,10,29
23,14,34
7,5,38
14,3,52
2,12,8
44,23,11
35,18,44
17,4,53
16,19,10
18,4,54
25,9,53
5,2,46
8,3,47
39,23,30
41,19,53
15,12,30
17,16,21
18,9,41
40,20,0
8,1,49
30,6,62
33,16,44
44,21,2
26,12,45
24,23,12
27,6,60
45,22,47
29,23,21
13,9,38
40,15,58
10,1,56
47,19,1
37,18,50
35,16,51
37,19,46
26,7,61
22,23,0
16,9,39
39,22,35
43,22,2
30,23,18
35,14,54
1,8,19
0,3,31
30,13,43
29,18,30
13,8,33
15,18,7
18,21,0
24,21,18
20,15,24
2,11,2
29,12,50
9,5,32
17,4,51
16,0,61
4,14,9
23,9,48
16,12,33
10,14,14
32,15,42
15,3,49
11,7,41
27,21,24
21,8,48
0,10,1
26,6,60
0,13,9
17,13,28
8,14,12
38,22,3
13,6,45
12,8,42
35,21,28
14,11,32
6,12,13
15,10,39
25,20,23
41,15,57
11,13,20
29,13,39
22,19,18
29,14,36
7,8,26
27,22,24
29,18,31
8,12,16
20,10,42
15,16,14
9,6,38
23,23,0
32,23,24
21,21,6
43,20,3
2,2,33
21,5,56
42,15,60
15,4,51
21,22,5
16,1,61
41,23,42
13,18,8
29,9,57
48,22,9
5,1,46
5,0,50
33,17,34
21,16,28
11,15,10
23,19,23
22,17,22
27,22,22
14,9,32
24,20,20
14,15,12
36,22,2
21,15,27
10,1,51
21,9,40
27,8,59
7,0,53
19,15,21
44,22,49
30,11,52
23,15,35
15,12,21
36,18,36
13,10,33
35,11,61
9,13,16
17,21,1
5,1,49
10,8,27
44,16,58
34,15,51
16,6,46
17,3,56
9,13,14
6,5,30
20,14,30
37,22,39
36,18,38
29,22,21
11,9,32
40,23,32
14,12,25
38,22,0
17,1,62
17,15,17
27,7,61
46,21,51
7,10,18
34,14,52
19,18,16
4,14,6
10,6,44
42,19,51
26,23,22
30,17,33
33,23,20
19,17,13
35,22,23
31,23,19
32,18,30
32,8,60
18,11,36
48,22,49
14,8,44
37,23,34
20,15,23
47,22,6
43,23,5
46,17,62
30,11,59
22,21,16
19,11,39
0,1,27
26,21,15
24,14,34
10,6,31
15,6,49
9,8,30
18,19,12
22,18,16
8,5,46
41,16,53
33,18,46
16,4,56
8,8,22
18,2,62
34,19,34
14,20,5
17,6,53
10,14,11
36,18,44
20,18,21
8,9,19
30,13,51
12,10,23
29,8,59
21,20,14
24,15,35
13,17,0
46,22,7
4,3,29
7,6,40
14,7,41
29,14,44
15,17,11
32,22,24
41,13,61
20,22,4
24,19,28
7,0,50
3,4,25
21,18,16
45,21,48
17,22,1
38,21,42
2,11,10
33,18,32
20,2,63
24,7,60
4,2,40
31,6,63
26,10,53
4,10,16
2,11,11
20,19,14
37,18,49
13,8,39
38,21,37
14,1,55
3,7,23
39,21,36
8,10,26
30,14,48
27,12,54
23,7,57
32,9,62
16,4,55
18,2,59
20,7,43
31,15,48
43,21,50
8,4,49
35,18,36
38,23,3
44,20,1
35,16,49
16,17,15
23,23,7
21,17,25
8,15,11
43,18,53
41,14,58
14,4,53
43,21,4
27,10,52
40,23,6
12,8,36
24,9,43
15,12,26
23,11,45
21,8,47
46,18,60
5,6,28
1,2,30
2,3,35
13,15,12
5,14,4
3,3,39
1,2,39
34,17,43
35,18,45
9,15,14
41,14,61
48,19,5
33,15,47
24,18,30
19,18,19
20,6,47
14,19,2
0,10,4
29,13,52
38,21,35
26,22,11
11,17,5
28,7,61
25,5,59
0,8,14
1,4,22
33,10,58
0,9,0
18,17,17
38,12,63
19,16,25
10,7,35
40,13,61
33,18,43
31,16,37
18,1,59
22,9,52
9,9,29
21,6,53
30,14,51
47,22,9
3,9,17
17,12,33
18,1,62
37,14,58
24,21,21
1,2,27
26,12,46
24,18,25
41,18,56
27,21,18
24,22,9
21,10,42
42,23,45
35,10,61
22,18,24
25,20,21
17,12,32
26,16,33
20,16,28
2,2,41
13,2,57
21,13,36
23,12,41
29,11,54
43,23,44
4,3,38
48,19,3
28,10,55
46,21,4
20,23,3
7,7,25
12,11,28
37,20,38
8,3,43
16,5,53
43,22,9
45,19,56
35,15,57
42,22,47
36,23,32
43,22,6
33,7,63
16,4,47
9,5,33
43,21,6
0,5,24
7,3,49
36,20,45
16,12,28
39,23,38
22,23,7
10,5,43
25,5,61
25,5,62
21,12,37
36,21,44
26,17,30
23,22,14
21,2,63
15,10,36
12,8,29
20,18,22
19,4,58
46,19,55
20,8,48
1,0,38
46,18,1
24,18,27
4,6,25
46,21,7
35,18,40
9,6,37
23,11,42
25,9,55
10,7,39
16,7,44
41,23,38
35,10,59
40,23,7
40,22,39
25,21,24
8,15,0
19,17,22
35,20,34
6,12,17
4,8,20
47,23,47
23,20,13
20,22,8
7,11,18
44,18,56
46,21,6
48,18,0
36,14,54
25,5,63
5,14,6
41,21,5
40,23,38
0,12,8
36,20,39
25,9,58
23,5,59
46,18,58
2,4,29
6,5,38
14,2,57
38,15,56
47,23,14
34,23,3
3,9,18
25,17,31
34,18,38
5,6,29
29,14,39
25,22,14
48,21,12
46,23,8
24,12,38
15,10,33
21,9,45
31,15,44
4,13,9
25,6,62
5,5,37
32,11,57
17,6,44
15,5,51
46,21,5
24,20,26
19,14,30
16,13,19
9,12,19
4,13,4
4,2,35
20,10,38
27,12,49
30,12,56
20,17,29
12,10,33
48,18,1
46,18,55
42,17,53
31,21,24
19,21,7
7,6,28
11,16,7
6,11,15
3,7,24
24,16,34
34,23,1
25,9,52
33,17,45
7,15,4
13,6,46
0,7,17
15,3,52
2,10,15
16,4,54
18,9,40
4,6,22
24,19,18
37,19,49
15,17,8
1,1,43
9,6,42
17,7,47
14,6,49
27,12,46
47,19,0
0,0,37
13,12,27
30,8,63
7,1,48
33,19,35
32,19,28
20,6,54
12,2,55
35,21,30
18,3,61
8,10,21
19,4,55
13,9,32
12,9,37
46,21,9
20,3,61
29,13,47
7,9,20
10,6,38
38,14,59
46,22,49
16,0,59
25,11,52
35,10,62
24,22,15
24,7,56
16,2,57
23,16,29
5,3,41
2,2,30
20,7,51
15,1,55
7,7,22
31,15,43
20,6,52
5,5,31
0,4,29
48,20,4
36,19,44
41,21,48
37,23,42
42,23,7
33,19,44
26,11,43
5,7,25
29,21,27
4,12,1
17,5,49
17,6,48
43,17,55
37,22,32
12,0,57
11,0,54
1,6,20
0,7,18
23,13,40
3,3,37
16,10,40
12,19,8
20,22,5
40,19,52
48,18,3
30,20,27
23,21,15
5,4,33
36,20,32
39,14,60
14,18,9
12,8,39
42,17,56
16,19,5
41,23,39
27,23,15
30,12,53
5,2,48
4,0,46
35,20,39
3,12,13
23,8,56
15,10,37
16,10,39
31,12,55
7,12,13
33,17,40
4,2,34
14,6,48
25,23,7
12,13,15
12,1,53
19,10,42
17,6,50
10,10,28
23,21,13
31,10,62
9,6,43
27,8,57
22,20,13
29,19,27
37,22,2
30,22,24
9,9,20
36,15,51
27,9,56
37,20,39
3,11,14
16,13,25
8,8,25
10,18,5
33,10,60
13,1,58
13,12,20
21,23,1
6,5,28
7,9,18
14,6,46
4,5,28
8,4,43
23,15,31
42,23,3
32,15,36
4,0,45
25,12,41
40,23,2
19,18,20
37,23,23
46,20,7
36,21,42
48,23,49
35,23,26
18,13,27
29,14,41
24,6,62
35,23,4
16,17,14
14,2,51
23,11,51
38,10,63
39,17,54
27,23,20
10,5,42
47,20,6
48,20,58
17,7,49
27,17,33
20,15,32
25,6,57
28,15,37
16,12,26
30,9,56
26,7,56
13,2,59
27,11,55
4,10,14
13,19,4
3,6,25
15,21,6
16,13,20
7,14,8
45,23,44
27,13,50
14,11,23
22,13,36
17,10,37
15,14,19
33,9,63
37,20,37
34,12,55
24,8,54
29,13,46
5,7,22
1,2,31
20,4,58
7,5,30
17,20,8
31,15,35
13,9,29
18,10,38
29,13,49
4,0,52
19,13,33
35,18,37
14,18,11
31,14,47
21,8,53
36,13,59
13,10,30
22,5,57
10,12,18
12,6,47
32,14,50
34,11,60
42,16,59
35,10,60
40,16,57
42,22,45
28,10,54
5,6,23
16,20,8
5,5,30
8,13,12
30,14,40
20,21,10
8,15,2
45,23,13
25,18,29
27,17,32
32,14,51
18,7,46
4,2,38
31,14,53
18,17,13
30,8,60
38,20,48
21,9,48
7,6,30
11,9,34
33,22,22
19,17,14
2,1,43
26,10,55
21,3,60
34,20,30
18,4,52
36,23,25
44,19,3
20,13,35
20,7,45
11,17,7
18,5,54
8,0,55
19,6,48
18,11,38
27,11,51
17,20,6
0,12,10
18,15,19
47,20,53
44,15,62
29,14,37
31,10,55
38,12,62
16,15,19
40,23,41
8,5,45
30,21,23
19,16,26
23,9,51
41,22,3
8,7,35
34,13,57
17,13,27
9,2,48
38,12,60
4,6,23
35,8,63
23,8,49
37,18,51
1,1,41
9,6,30
15,3,50
10,8,34
15,10,41
16,10,36
22,13,37
47,21,8
33,13,52
20,3,60
28,23,18
26,8,59
10,6,37
17,7,46
7,2,46
9,5,41
2,5,27
25,21,20
26,22,22
5,10,18
16,6,49
19,17,15
33,21,27
13,12,22
12,10,29
25,6,58
17,15,21
12,10,35
3,12,14
40,20,45
23,16,32
31,18,34
24,10,45
26,11,47
30,13,40
18,13,29
12,10,25
3,0,48
40,21,46
1,13,8
25,14,36
3,2,34
20,20,9
38,23,40
27,9,55
26,15,35
1,12,7
19,18,14
3,4,36
16,15,21
28,8,57
8,7,25
10,2,50
18,18,19
28,19,29
6,7,25
36,17,48
34,19,32
43,17,59
23,8,46
32,19,33
12,8,31
12,8,40
11,16,14
3,9,19
14,18,4
19,5,49
23,7,59
14,4,48
17,1,60
25,14,38
36,22,31
20,21,8
16,11,29
14,10,29
26,10,50
34,16,49
29,6,63
17,0,61
16,5,48
15,4,54
21,12,38
32,14,49
23,3,63
10,5,44
9,1,54
5,0,52
12,10,22
23,7,52
5,15,8
33,20,31
10,10,30
37,21,35
45,19,51
14,2,59
10,11,21
26,23,8
37,19,43
30,11,57
14,11,36
33,8,62
30,13,46
15,19,9
14,9,31
19,5,48
15,17,13
48,21,13
43,22,50
9,14,15
10,6,36
35,11,57
18,6,44
6,2,49
6,13,14
47,18,58
3,3,38
18,6,54
33,8,61
47,22,49
48,20,57
46,23,47
5,1,47
19,20,6
25,19,29
48,17,0
44,20,50
37,20,33
22,18,26
21,13,34
16,16,12
45,22,11
28,10,52
14,9,40
1,12,6
7,11,16
41,15,61
3,13,9
41,22,1
6,6,24
19,9,44
42,23,44
26,19,29
4,1,47
2,2,44
19,20,10
41,23,41
32,10,56
23,15,34
29,20,27
16,14,18
5,3,40
21,14,34
37,22,1
20,5,55
15,19,4
3,6,22
2,8,19
20,21,5
41,20,47
2,2,37
30,21,24
2,12,7
35,19,44
6,8,21
37,23,0
24,20,21
23,23,6
14,11,34
13,17,7
31,22,25
13,18,0
1,4,27
36,23,3
22,20,11
19,11,37
9,10,19
25,10,54
16,5,49
11,11,19
7,1,51
36,19,34
7,4,37
2,6,25
26,22,13
17,8,41
38,14,56
24,9,48
6,8,25
13,18,1
3,4,33
16,7,46
11,9,33
13,10,34
23,4,61
2,3,28
9,13,15
21,9,49
11,12,16
21,20,18
16,12,27
25,16,33
16,4,52
10,8,28
44,22,48
35,23,0
14,2,53
24,21,11
18,3,57
8,0,54
45,22,5
17,14,26
20,1,62
37,19,47
26,22,17
29,22,26
20,6,55
40,15,60
9,16,6
32,15,44
40,13,63
24,6,60
37,22,42
9,6,41
14,13,19
15,12,28
20,17,20
17,13,26
31,18,31
32,7,63
1,11,4
42,16,62
40,18,55
10,12,16
44,19,1
42,20,1
14,9,34
30,13,53
6,7,22
35,20,43
6,5,27
47,17,63
27,8,61
20,15,29
9,4,47
10,8,30
13,13,18
22,23,8
23,20,16
15,20,2
28,19,28
18,15,24
21,4,57
17,3,57
33,22,25
24,11,48
15,11,32
26,6,58
40,22,43
25,7,56
10,8,25
24,16,32
6,14,3
11,1,52
16,11,38
17,14,18
29,10,55
30,14,46
3,3,42
33,19,29
12,8,32
26,5,60
4,4,32
7,4,33
5,14,7
34,22,26
26,12,51
26,23,12
21,16,25
25,23,12
38,12,59
25,14,35
23,5,58
30,9,57
29,15,37
6,2,48
5,3,46
39,12,62
22,6,56
12,8,37
13,17,6
40,13,59
32,16,40
33,18,41
7,1,50
5,1,51
39,22,31
33,15,50
39,20,43
11,5,42
42,16,54
24,5,61
40,12,60
23,4,58
15,2,51
31,12,51
10,9,21
21,6,52
3,12,4
13,18,9
34,22,27
32,20,34
16,2,53
5,8,21
2,13,8
2,2,34
6,15,10
3,2,30
22,9,43
8,14,14
16,12,24
43,23,8
42,22,5
4,14,7
10,12,20
38,21,43
22,10,47
7,11,14
11,10,23
16,15,15
43,20,4
19,20,11
12,17,10
41,16,57
42,23,39
14,13,18
45,21,2
14,10,40
14,17,13
1,1,40
7,5,28
2,5,21
20,7,54
40,17,56
46,20,2
45,19,0
16,11,31
44,17,54
48,23,16
0,5,20
13,14,15
31,23,0
12,18,7
8,11,18
7,5,41
27,15,33
3,5,26
36,22,26
28,13,44
12,12,17
7,4,41
14,12,31
42,21,48
5,14,11
13,14,16
21,9,52
17,13,23
19,7,52
44,22,6
28,23,22
11,17,4
22,12,40
9,7,30
15,5,46
18,6,47
6,14,7
13,12,21
6,6,29
20,8,46
20,10,41
21,15,33
17,13,25
36,21,43
38,15,54
37,16,52
32,8,61
13,0,56
21,20,9
28,8,56
28,13,50
46,18,56
21,17,20
32,17,35
40,22,35
22,5,56
19,7,51
32,17,43
25,21,15
20,23,2
17,6,51
34,19,31
22,16,30
40,22,42
28,22,21
19,7,46
21,11,39
22,9,42
45,23,14
9,15,1
16,11,35
27,21,25
1,1,30
24,6,59
1,12,4
6,14,11
13,10,28
37,16,51
21,22,0
15,2,59
17,13,33
23,10,42
26,23,13
2,12,6
44,14,62
10,5,45
11,11,28
4,4,37
34,20,29
37,23,1
26,21,20
20,23,1
22,8,51
39,21,0
25,23,10
22,21,15
26,7,59
28,12,43
20,8,53
37,21,45
11,7,30
24,13,39
18,17,18
36,20,40
16,14,19
8,6,34
6,15,9
12,2,54
26,4,63
4,7,20
31,22,26
20,19,15
7,1,47
24,17,32
15,8,42
41,13,60
15,1,54
12,18,1
4,14,11
9,4,42
39,17,50
9,8,28
24,9,53
18,16,19
34,23,22
16,11,34
8,14,1
38,13,62
11,9,28
1,5,24
7,3,43
41,17,54
26,11,44
16,20,0
10,3,50
3,6,28
39,23,41
16,14,17
18,17,15
9,7,31
8,8,24
47,18,3
9,15,9
7,15,13
6,1,47
36,13,56
3,2,33
21,21,15
17,4,48
4,7,19
26,14,47
45,16,61
23,17,24
10,6,42
42,17,54
36,20,34
5,6,32
0,4,25
43,16,62
25,3,63
4,4,28
29,12,56
15,4,53
30,17,34
41,21,44
9,8,23
15,1,57
15,2,58
21,22,1
7,5,34
14,3,51
19,0,62
31,12,59
17,16,17
8,3,45
48,17,61
18,8,44
18,21,7
19,22,0
39,23,4
30,16,34
13,16,14
6,4,41
35,23,23
48,23,17
43,20,1
19,1,61
12,17,6
38,17,50
30,14,49
31,10,59
23,11,40
48,17,2
10,11,23
0,10,13
10,9,23
40,18,49
5,7,20
28,9,54
11,9,24
0,10,3
6,8,27
27,11,47
37,20,34
33,14,49
11,12,22
4,5,31
6,4,30
6,14,6
17,13,22
12,7,32
31,10,61
35,17,44
31,13,54
40,22,38
48,21,8
44,21,1
36,20,31
46,19,52
48,23,15
40,12,61
20,12,38
24,12,46
18,5,47
22,5,62
34,9,60
44,18,1
15,0,61
17,22,3
47,23,10
46,23,12
42,22,3
6,3,48
43,22,4
0,10,0
38,23,34
32,13,51
9,7,34
48,22,51
9,15,12
25,19,30
25,23,13
20,12,36
15,14,15
40,14,60
33,9,59
22,7,47
9,17,7
10,6,39
31,7,61
23,10,50
38,13,59
1,8,18
9,12,14
40,22,37
38,23,29
36,22,29
26,10,47
18,2,57
15,20,3
19,6,53
8,4,46
11,7,34
10,12,19
1,1,37
29,8,62
27,6,63
16,4,48
28,19,30
3,12,7
29,9,58
22,12,37
27,16,33
27,8,58
18,15,21
3,2,37
8,5,34
13,2,51
14,3,53
7,8,27
26,10,54
19,6,51
22,9,44
39,16,54
40,23,37
23,9,47
12,13,16
14,12,30
22,10,40
3,1,44
11,0,53
33,12,55
25,20,25
27,23,11
15,6,46
7,4,42
31,16,35
7,15,5
26,5,62
19,21,8
41,22,47
11,9,27
22,7,57
8,9,20
13,9,40
18,11,37
25,22,13
23,10,44
25,11,44
45,20,51
47,21,51
28,23,19
35,18,34
15,10,34
26,9,55
45,21,50
20,5,56
35,23,2
22,18,23
43,16,59
14,10,39
31,10,60
11,3,52
8,11,20
18,8,43
1,2,37
44,22,46
13,1,54
13,11,29
3,2,39
17,5,46
10,0,58
10,17,2
20,13,33
9,8,25
33,13,54
46,21,50
22,9,50
21,18,15
22,8,46
4,10,17
2,9,17
9,7,36
26,7,62
38,21,38
1,11,3
13,11,24
1,3,26
37,23,32
31,20,25
0,4,27
4,14,5
33,16,41
36,20,33
3,8,19
6,15,5
2,5,26
15,12,23
24,18,28
38,17,52
7,3,48
18,18,13
25,23,0
39,14,61
10,16,6
40,16,53
15,12,33
26,18,29
14,3,49
18,7,48
11,10,31
10,4,44
21,13,35
11,14,16
21,11,40
33,11,59
26,16,32
32,14,48
21,4,58
46,20,52
40,17,51
14,7,44
4,3,41
2,4,27
40,17,52
13,9,35
14,18,7
42,14,58
8,1,53
11,10,26
44,22,9
25,20,17
16,14,20
35,20,45
6,11,17
38,21,33
24,21,13
18,9,44
8,9,28
40,20,51
38,14,58
38,19,52
34,23,21
4,13,12
9,9,30
9,15,10
4,2,31
17,5,55
48,18,57
24,17,27
8,15,5
11,11,22
12,18,2
7,4,31
11,8,39
3,0,51
18,15,22
6,6,38
17,4,50
10,16,3
35,12,55
41,23,46
11,4,46
16,19,1
16,13,33
45,17,0
45,17,59
11,6,47
31,10,58
35,17,47
32,19,32
13,1,57
19,14,33
35,18,41
45,19,2
6,13,0
22,9,41
25,15,33
2,14,7
27,9,54
23,13,39
1,8,16
17,14,24
26,20,25
31,15,47
43,16,61
40,13,60
19,23,4
32,15,45
28,23,20
5,4,36
7,2,50
24,13,38
6,9,17
4,13,10
2,12,1
32,23,22
28,13,43
32,17,42
19,6,47
13,18,7
28,21,23
38,20,38
20,6,53
7,4,45
11,15,11
37,10,62
0,6,20
35,21,29
15,16,13
20,17,22
15,1,56
9,1,50
45,21,49
11,8,32
25,11,50
29,7,60
14,7,46
31,8,60
24,11,45
37,15,56
24,9,52
25,16,32
34,11,59
26,23,14
25,5,60
9,5,44
10,14,13
14,19,7
39,18,52
23,20,22
16,11,28
37,13,57
38,23,38
3,4,31
20,8,47
29,15,34
14,17,12
27,9,58
4,6,24
13,8,35
9,4,45
12,12,27
22,8,55
40,23,5
14,3,55
20,1,63
3,3,40
16,2,58
17,18,10
48,22,13
33,17,46
38,13,61
5,4,30
1,1,42
31,15,37
21,21,8
14,15,16
15,10,40
32,21,24
23,20,24
25,23,11
3,4,29
19,15,23
0,3,25
13,9,39
22,14,33
27,7,63
2,1,34
13,18,3
24,5,63
11,9,25
8,10,22
36,20,43
11,4,49
34,12,56
24,20,22
8,6,27
11,7,43
22,2,61
20,4,55
32,12,53
3,7,19
9,6,33
11,15,16
0,10,10
24,6,55
4,3,42
25,9,57
24,16,30
44,23,47
38,18,50
30,16,35
27,23,16
15,2,56
16,17,11
30,15,35
3,8,18
30,15,48
10,16,5
0,0,32
20,8,49
24,19,24
34,17,46
19,14,32
46,18,57
27,5,61
23,19,17
9,13,17
15,14,18
2,7,21
10,10,24
21,22,2
2,6,24
19,17,18
0,2,28
19,0,63
33,17,41
12,8,30
20,17,24
25,20,19
31,13,49
3,4,39
42,19,54
37,19,40
23,6,61
9,5,39
48,19,58
15,13,29
20,18,23
38,23,26
23,8,48
29,13,53
38,17,54
2,10,14
5,5,40
14,4,52
5,12,12
11,1,54
30,7,60
10,6,43
11,9,35
7,16,7
37,21,31
42,21,0
10,2,49
38,23,27
23,21,11
18,14,20
21,2,60
13,16,9
24,22,16
30,11,58
28,12,54
35,19,45
9,11,22
8,10,24
42,17,55
17,12,36
29,12,55
28,17,33
5,3,39
12,0,54
22,20,19
14,4,51
47,22,10
26,11,46
20,7,52
11,4,48
0,7,20
47,20,8
21,23,6
7,1,49
24,10,51
9,7,37
23,16,31
12,7,34
10,16,9
10,5,46
4,2,45
39,22,3
27,7,57
4,7,22
25,17,30
29,14,49
6,6,31
13,19,7
10,13,15
8,13,15
26,9,58
22,16,33
43,22,48
19,13,32
8,0,56
19,8,43
36,20,36
19,3,61
30,11,54
34,21,29
0,1,42
26,12,40
9,9,22
18,20,10
2,5,23
41,18,55
40,17,55
21,9,43
26,10,52
22,11,38
38,18,48
32,21,25
30,11,56
0,0,43
38,23,39
17,19,10
33,23,23
0,1,34
26,9,56
40,19,53
35,15,52
26,15,36
24,16,31
18,8,42
20,7,47
4,5,24
38,15,59
8,17,7
26,8,57
45,18,55
17,19,8
32,8,62
18,16,20
30,14,44
4,13,1
9,16,7
12,7,35
7,6,38
29,14,46
1,2,38
15,7,46
13,6,43
16,2,59
12,17,0
6,13,11
33,17,37
44,21,49
16,20,7
39,22,1
18,2,58
31,15,38
31,7,63
16,10,37
5,6,22
21,15,29
27,12,39
40,23,3
19,16,19
20,2,62
4,4,29
43,14,62
40,17,54
39,17,56
39,14,57
45,21,6
4,13,11
15,12,27
22,4,60
31,17,34
10,15,13
14,1,57
27,11,49
27,22,23
8,4,48
20,21,3
6,3,44
24,19,21
41,17,52
16,12,32
42,21,2
22,15,32
2,4,30
44,14,63
31,12,54
4,0,49
32,19,34
29,20,26
11,17,8
36,22,40
5,6,30
40,21,0
8,5,31
41,22,43
14,9,39
15,13,18
15,12,32
18,14,29
39,13,60
37,18,45
44,22,5
25,6,61
30,11,53
15,3,57
42,21,46
1,0,34
5,14,2
5,13,9
45,18,2
15,5,50
25,13,37
1,5,28
44,15,61
31,11,56
7,4,39
40,22,2
6,6,26
32,18,32
17,11,37
43,16,63
4,1,45
12,15,14
23,21,16
3,11,13
3,2,36
32,15,37
1,5,23
8,15,13
26,22,24
13,8,31
26,19,30
11,12,18
10,7,30
9,6,36
26,11,49
23,21,17
25,13,40
20,19,10
18,15,25
27,10,57
14,17,9
7,2,51
12,9,29
10,6,41
6,7,27
16,19,8
46,22,10
20,3,57
24,21,20
46,22,12
20,19,18
24,23,4
10,5,41
24,23,3
0,3,32
1,6,23
47,23,13
22,21,12
48,22,12
11,8,38
14,13,28
7,15,9
0,11,4
9,11,20
41,12,62
19,17,19
37,12,62
26,12,52
6,12,15
23,19,26
0,11,11
47,23,48
4,2,36
46,19,4
10,2,53
5,2,42
48,20,9
25,8,58
47,19,56
1,7,21
4,8,19
15,20,4
9,5,34
8,6,37
37,22,29
26,20,27
2,0,42
14,3,50
25,6,60
24,8,51
19,16,20
46,20,54
33,12,58
23,9,46
32,16,44
0,11,7
25,21,21
1,5,27
36,12,59
17,2,61
6,4,39
10,15,11
16,13,30
33,17,43
29,13,40
3,5,23
24,23,7
12,10,31
33,20,29
17,6,46
39,23,6
34,13,56
33,10,59
26,4,62
29,18,32
31,12,53
19,10,40
13,2,54
18,10,42
44,15,60
12,4,48
23,10,40
30,20,25
19,19,9
25,8,54
33,17,33
2,11,0
3,1,41
21,16,24
16,19,7
16,17,12
38,16,56
28,8,58
2,8,17
22,8,53
14,3,54
43,18,54
11,6,42
19,19,12
37,17,49
27,8,56
8,2,50
36,14,57
31,15,45
19,7,47
0,10,2
12,14,15
20,14,31
37,12,59
20,15,30
14,9,33
21,6,54
33,19,30
38,16,55
41,17,56
8,2,49
5,3,44
44,18,53
13,10,35
34,18,36
0,0,34
4,11,13
2,5,29
10,8,33
30,23,20
4,3,43
1,11,6
27,11,53
24,23,11
14,0,58
20,15,31
3,2,41
28,13,41
6,6,33
1,0,37
16,20,2
19,22,4
26,20,20
35,14,52
29,17,32
3,3,29
33,18,45
23,11,46
35,20,44
2,10,13
30,9,60
19,15,27
3,1,42
2,3,33
36,23,1
20,19,17
14,11,33
5,5,39
6,8,20
14,2,56
18,10,39
2,1,46
20,6,46
0,4,21
24,4,63
25,18,30
24,11,44
47,18,60
7,7,30
21,11,42
36,22,28
7,13,0
2,1,44
24,23,1
38,23,28
29,17,34
25,21,13
48,22,14
14,12,19
18,16,17
40,22,0
21,17,17
44,15,59
13,13,19
29,11,56
46,23,15
16,13,26
17,10,38
23,18,20
14,18,6
7,14,0
14,12,26
7,1,53
33,21,26
25,7,57
28,22,23
39,23,39
38,19,47
30,16,33
40,20,46
21,6,56
25,4,62
39,15,59
37,19,44
10,4,45
21,9,42
31,23,20
37,20,43
17,9,41
19,19,13
44,23,48
43,15,63
16,14,25
23,9,43
38,21,45
20,6,50
14,9,41
19,5,56
28,14,46
11,13,17
21,4,60
1,0,36
7,12,16
40,15,54
8,16,7
15,1,62
14,19,0
38,19,51
7,13,11
10,0,52
10,15,0
25,10,47
47,19,57
9,8,36
12,11,24
40,21,48
21,9,53
46,19,5
26,10,43
21,12,40
7,14,3
3,12,9
24,3,61
40,21,49
9,14,10
30,8,61
9,8,35
30,14,36
22,6,58
22,15,35
20,14,34
9,14,12
20,16,21
20,11,39
33,17,38
11,16,10
16,12,34
42,23,41
45,22,48
2,3,36
12,6,42
26,22,16
0,2,29
31,17,46
23,7,58
9,5,45
26,21,21
16,9,40
24,23,0
24,9,47
13,16,11
24,22,8
13,8,34
14,1,61
38,21,36
9,8,29
4,3,44
26,14,35
45,20,50
18,5,53
32,22,26
14,5,48
41,22,6
32,11,55
34,23,24
24,13,37
4,4,33
8,15,7
27,9,62
6,4,34
43,23,45
19,7,49
10,7,33
42,14,60
44,23,12
30,14,50
39,22,41
22,7,56
19,15,24
8,6,33
39,14,56
45,23,47
12,10,34
25,18,26
23,8,52
41,21,4
27,18,30
17,5,47
42,23,9
30,20,28
25,7,61
9,14,13
33,21,25
17,21,2
29,7,61
32,14,52
23,16,35
15,0,58
23,8,47
10,7,32
16,7,43
33,12,56
12,4,49
43,21,2
29,21,24
27,7,58
8,5,33
18,6,51
42,23,10
4,6,29
33,11,57
13,2,52
33,23,25
0,3,30
7,5,43
18,22,3
34,21,33
37,21,1
20,16,27
2,6,20
21,19,19
27,12,52
18,0,63
5,12,15
3,10,16
20,21,6
17,13,29
36,19,41
4,10,15
13,7,43
8,5,36
8,11,17
20,8,42
20,11,38
10,12,17
37,21,33
22,8,44
5,1,45
45,22,49
39,19,48
7,3,44
34,17,41
10,16,0
44,16,62
40,16,60
22,14,35
38,21,40
28,9,59
17,15,25
22,5,60
19,7,48
27,21,26
6,4,40
32,17,47
13,16,16
25,20,20
24,17,29
7,14,13
36,23,31
38,13,57
36,12,57
28,13,38
23,6,57
39,23,3
3,11,0
21,18,17
29,21,28
10,2,52
10,4,43
17,11,33
37,19,39
31,17,45
26,21,26
10,17,5
24,22,10
34,15,50
24,11,47
27,22,18
19,3,59
28,12,49
7,14,1
39,21,41
24,23,9
17,15,19
38,21,34
8,8,27
44,17,55
19,21,1
22,8,50
13,11,22
15,11,33
18,5,51
0,11,5
16,11,40
38,22,33
43,17,57
48,20,8
12,7,39
44,22,8
48,22,8
23,8,44
37,19,41
4,7,25
6,7,29
21,18,23
15,2,52
1,7,16
9,10,27
4,8,17
10,7,42
17,4,55
35,19,46
38,22,4
46,20,1
8,0,51
22,19,21
31,12,58
2,11,13
10,13,13
46,20,4
9,18,7
46,20,55
14,16,10
46,16,62
45,21,7
14,0,59
35,12,57
32,13,56
10,11,19
9,10,24
46,22,47
7,15,2
32,19,31
33,16,48
6,12,14
14,14,18
20,16,20
33,11,55
27,23,23
38,18,49
39,16,52
15,19,0
13,2,55
0,11,10
7,16,6
45,20,0
28,9,55
6,14,2
38,18,53
31,9,62
42,19,0
43,22,46
24,10,46
21,18,19
5,10,16
22,15,31
23,23,4
28,23,23
5,13,0
25,14,37
40,20,2
35,12,59
40,23,8
48,19,59
45,17,58
13,0,62
31,15,46
38,23,5
44,16,61
24,23,13
29,15,36
20,13,34
31,15,49
6,5,36
42,15,61
20,4,59
4,7,21
29,19,30
21,7,52
12,4,50
11,11,27
26,21,18
20,2,60
33,14,50
19,5,52
28,14,38
22,23,4
12,8,38
22,8,52
39,14,58
22,22,0
14,12,29
8,15,9
16,14,28
9,8,24
10,7,38
44,21,48
13,10,36
8,5,44
0,3,24
10,14,12
26,22,15
16,12,31
27,22,15
9,6,39
28,13,40
38,20,43
9,16,9
23,6,55
41,19,54
1,7,20
12,16,11
36,19,43
41,21,0
30,23,21
8,14,0
9,16,4
0,11,9
35,14,56
24,14,36
28,17,30
5,13,2
21,12,39
23,23,9
4,4,34
21,20,10
24,9,44
29,11,51
14,1,58
22,23,2
13,11,27
20,16,31
24,11,41
15,13,26
15,3,51
18,5,55
17,21,5
3,5,27
1,2,28
24,7,57
37,21,42
26,11,40
6,6,30
2,13,12
16,13,23
26,22,19
25,7,62
42,22,49
16,13,28
34,19,43
36,20,35
12,7,41
25,21,22
17,3,59
19,2,59
13,8,40
18,22,1
2,3,29
12,10,32
6,4,38
26,10,48
45,23,6
14,18,13
45,18,53
0,1,39
38,19,44
16,3,51
1,9,14
1,11,0
42,23,46
33,23,22
12,17,7
15,10,35
30,18,31
25,22,16
34,20,43
34,16,48
2,2,40
2,5,25
0,0,31
9,15,13
47,18,62
7,15,11
37,23,26
41,13,63
26,8,54
7,4,38
24,12,47
23,22,16
27,11,42
25,4,61
18,19,10
15,14,17
13,8,38
38,22,1
5,4,34
15,12,31
33,9,61
19,12,37
6,2,46
23,15,36
19,3,57
7,3,47
23,19,21
40,15,57
12,12,25
30,19,28
22,17,28
8,6,40
6,9,21
32,19,29
16,6,44
12,5,48
29,8,58
3,2,44
42,18,55
44,16,59
9,5,40
14,8,43
16,14,21
22,8,42
13,10,26
44,18,0
25,7,59
21,16,32
2,2,28
40,20,50
12,7,38
10,9,22
21,21,11
16,4,53
4,12,10
18,5,46
48,23,14
29,21,25
27,22,21
5,5,25
8,14,10
47,23,46
47,22,14
40,17,58
47,22,48
13,17,12
22,4,63
10,4,48
13,1,59
8,5,30
19,8,52
10,6,32
27,21,21
4,3,40
13,3,53
29,11,53
15,16,16
45,20,2
22,8,45
20,21,4
25,21,25
20,16,19
32,23,25
13,9,30
32,18,31
9,10,21
22,18,17
28,11,55
26,22,20
37,14,57
35,21,32
20,16,26
2,12,4
24,20,16
18,15,28
44,23,45
39,11,62
23,17,29
11,9,31
45,18,57
39,18,48
14,2,54
31,9,59
22,20,15
31,17,32
32,12,54
22,10,45
33,14,52
10,7,28
25,13,38
2,2,39
3,3,41
28,5,62
1,3,32
20,18,16
6,14,4
5,4,31
46,16,63
23,4,60
7,9,26
21,8,44
37,17,51
9,3,47
22,13,38
2,5,22
7,4,43
47,18,59
12,11,21
39,21,48
43,22,3
6,2,47
4,13,14
0,11,2
33,16,45
18,12,32
14,0,62
36,15,55
15,2,60
35,16,50
0,7,16
36,11,63
22,3,61
7,6,39
24,19,20
24,8,57
35,17,48
13,8,32
6,10,15
7,6,26
23,6,59
9,5,36
24,10,42
19,17,28
37,15,52
25,12,48
22,14,36
48,19,62
5,2,43
22,2,63
18,15,27
33,16,38
24,10,47
14,10,36
38,23,30
18,17,20
9,3,50
5,9,17
11,0,57
9,15,2
28,16,32
31,11,59
7,11,17
25,4,63
40,19,50
27,11,54
13,0,59
39,20,52
23,3,61
1,6,19
38,20,37
11,8,33
12,5,45
10,9,27
19,7,54
27,11,44
14,19,6
13,11,21
27,12,43
47,19,61
29,8,61
35,15,56
23,13,38
48,18,2
23,13,37
3,11,12
23,2,63
12,18,6
5,11,13
29,14,40
21,1,62
32,13,52
36,21,0
38,18,47
26,12,48
11,2,53
30,14,39
23,14,36
17,5,52
23,3,62
40,19,51
19,2,62
18,7,49
40,21,1
11,14,13
27,22,20
2,1,39
15,14,16
2,3,31
6,4,33
11,17,3
40,23,36
30,18,29
1,11,8
12,1,58
14,12,23
19,16,27
30,13,47
47,20,52
22,4,58
15,6,44
17,16,20
28,13,51
19,21,5
20,9,43
15,2,54
37,16,53
15,13,28
21,18,20
45,23,7
38,21,44
0,5,26
38,20,35
17,17,11
18,11,39
34,17,34
13,11,20
4,12,9
12,20,5
47,21,7
26,18,33
14,2,55
6,4,44
20,5,54
20,6,48
10,10,22
46,19,57
24,23,5
36,16,55
10,11,20
3,6,24
40,19,49
36,15,54
31,16,47
17,8,45
22,11,42
6,15,7
41,12,63
11,7,37
29,6,61
38,23,0
7,5,29
31,19,28
37,19,36
20,15,26
9,14,11
35,22,0
7,14,10
20,17,17
40,16,54
12,7,42
11,8,35
25,6,59
6,3,43
42,15,59
40,15,55
24,17,28
2,4,37
39,15,60
13,4,53
6,15,6
13,4,49
25,22,19
21,4,56
12,0,61
13,4,51
6,0,54
39,19,52
20,19,12
40,22,47
27,9,59
7,5,31
2,1,35
16,3,52
17,15,20
7,4,32
16,13,22
22,20,12
28,18,31
20,0,63
7,9,21
17,5,50
14,12,20
16,18,14
18,17,19
24,10,44
7,8,28
19,15,29
21,8,51
39,20,0
1,4,23
11,6,40
7,10,20
28,9,62
36,22,0
4,13,2
14,18,10
20,10,43
6,3,46
14,0,57
8,14,11
39,22,33
21,22,7
29,11,52
48,18,62
29,19,29
22,11,40
25,18,27
1,0,44
38,22,40
21,23,5
4,3,37
6,14,10
23,10,46
20,20,14
43,21,3
20,14,33
17,22,4
18,21,1
2,12,11
1,2,29
9,5,43
17,3,52
39,23,5
17,5,54
3,12,11
26,21,25
40,21,3
12,4,47
23,20,14
9,6,40
20,19,16
18,17,14
15,3,53
38,22,42
9,9,24
28,14,37
17,5,51
15,7,43
38,19,50
20,14,32
23,19,15
21,15,32
0,3,28
10,13,14
24,22,12
25,21,19
11,7,40
24,10,50
31,16,34
11,8,31
22,19,17
16,18,10
12,10,26
16,12,29
10,8,26
2,3,40
20,21,9
32,15,38
5,8,19
27,22,16
39,22,39
28,23,13
39,23,7
14,10,30
16,19,9
23,18,21
21,18,21
25,21,16
22,19,15
1,1,44
0,8,17
4,13,8
30,11,55
30,23,22
5,5,36
20,16,25
13,9,36
19,10,38
3,3,33
41,15,60
13,13,17
17,20,3
35,22,26
14,11,26
29,23,20
21,4,61
17,0,63
31,20,26
1,10,14
20,9,48
6,6,36
20,16,22
5,4,28
29,23,16
37,20,32
28,20,29
47,23,19
4,9,19
30,13,44
21,22,9
7,8,20
29,13,43
39,17,57
21,14,35
2,1,42
5,11,14
9,12,16
18,21,6
1,10,12
9,0,54
13,0,57
10,7,41
7,0,54
37,21,38
6,3,35
12,1,52
7,14,2
42,20,48
40,20,49
48,23,48
12,20,4
45,22,7
18,14,23
8,12,17
46,22,13
12,7,33
0,5,21
45,23,46
29,10,53
47,18,57
6,5,34
28,22,19
8,10,17
45,19,53
6,7,30
6,14,1
7,10,16
7,11,15
14,13,17
21,16,23
15,4,52
33,10,62
5,10,17
5,14,12
15,18,12
16,3,50
47,22,12
11,17,0
22,10,41
15,18,8
16,15,17
25,23,8
7,4,35
3,4,32
6,8,24
8,7,29
15,16,15
48,20,54
18,5,48
40,21,4
10,8,32
19,8,45
24,10,41
15,13,24
20,21,7
21,7,45
18,15,26
18,6,52
19,5,54
11,7,31
25,21,18
44,18,54
3,3,36
38,14,55
43,21,1
24,22,11
29,13,48
18,4,51
22,23,1
22,12,38
24,11,42
4,9,17
37,15,53
4,4,35
37,18,48
47,21,9
30,14,42
37,11,59
45,20,52
13,8,43
30,23,19
20,4,60
41,21,49
15,11,27
21,22,6
5,14,3
27,13,46
9,6,29
22,7,54
38,15,57
29,9,56
36,23,0
40,22,41
6,10,16
0,1,32
30,14,52
17,1,63
36,13,57
31,14,46
42,16,58
23,21,14
39,22,36
14,11,31
29,13,45
45,16,60
23,15,32
9,7,32
7,2,47
21,7,53
33,16,39
32,12,56
30,10,57
18,3,56
11,8,27
21,7,48
39,23,35
18,4,57
14,18,1
33,15,49
12,7,37
5,13,8
48,20,3
15,18,13
15,13,23
45,23,12
27,13,38
24,12,37
42,14,61
35,19,38
15,19,3
25,17,32
37,14,56
10,18,6
37,19,45
19,7,50
41,23,4
33,16,46
16,15,16
8,7,36
15,8,41
33,23,1
24,20,15
28,11,54
42,18,54
25,22,18
19,14,29
37,20,36
37,12,58
9,12,15
36,22,30
32,17,44
6,3,47
41,19,55
40,18,53
21,23,4
23,3,60
30,13,50
34,18,44
27,6,59
39,21,46
34,17,40
33,13,57
40,23,34
35,20,33
16,16,17
6,3,37
19,4,57
0,3,27
40,14,57
8,8,26
13,3,52
11,1,57
27,15,36
38,21,1
8,4,45
12,0,60
5,14,8
5,0,53
22,20,14
4,4,31
38,14,54
40,17,53
17,11,35
39,23,37
10,17,6
27,4,63
30,19,29
3,14,9
31,8,62
25,10,43
20,20,8
22,5,55
22,16,29
6,13,15
23,22,15
48,20,55
18,19,9
15,2,57
6,2,44
40,22,1
20,22,7
0,0,42
34,13,53
5,0,51
2,2,29
23,9,54
38,15,53
37,22,38
21,20,15
19,7,53
6,3,42
35,17,49
33,15,51
27,13,39
11,4,45
15,15,13
38,22,30
42,23,47
17,19,5
45,23,10
34,21,30
48,21,6
9,11,21
2,9,14
25,17,29
42,22,8
20,8,41
22,17,21
18,20,1
40,11,63
30,15,38
48,18,59
14,15,18
0,8,18
47,21,6
24,9,42
7,3,41
26,21,16
17,11,34
31,8,59
5,0,46
48,18,58
44,19,51
4,13,6
40,16,52
6,2,42
45,20,1
21,21,5
44,23,43
47,18,4
29,22,25
13,8,41
36,18,43
2,5,24
8,4,47
21,3,59
6,11,14
12,17,3
14,15,17
9,5,37
48,17,60
15,3,56
46,19,56
15,10,38
37,23,28
26,13,49
5,0,49
13,11,30
46,21,49
10,6,34
12,1,59
24,18,24
20,4,61
24,8,53
36,13,58
18,12,37
23,20,15
20,4,56
18,21,3
1,9,15
48,17,63
46,16,60
24,23,10
17,9,40
5,13,10
32,9,60
35,18,46
37,21,41
29,23,18
25,20,27
13,5,45
36,20,44
15,2,55
34,22,25
30,15,36
14,17,11
7,2,44
20,17,19
15,14,22
26,10,44
26,6,59
27,14,36
35,13,55
22,5,59
13,7,42
6,3,36
19,14,28
40,22,40
3,3,28
41,19,49
37,14,55
12,11,30
26,13,39
27,20,25
32,9,63
0,2,32
1,12,3
17,18,8
30,22,22
8,5,35
34,19,41
7,8,24
21,19,12
16,2,60
26,6,63
45,23,48
12,9,35
22,12,39
21,21,9
32,23,21
4,11,14
19,6,50
10,0,56
23,20,12
12,11,20
8,1,52
22,8,43
12,16,12
11,6,43
26,9,57
31,14,49
24,4,62
19,18,11
8,10,18
16,15,18
10,16,1
30,13,42
35,19,33
38,23,33
10,15,12
25,11,49
47,23,15
29,23,17
31,14,39
19,4,54
26,10,46
20,22,2
17,19,9
16,18,12
19,10,39
34,20,44
33,18,33
13,16,10
9,9,21
19,16,24
21,9,44
0,2,37
20,8,50
11,7,32
28,6,60
35,14,55
36,20,48
29,22,23
3,3,32
46,23,7
23,8,45
22,22,8
27,9,57
37,14,60
38,23,42
18,16,25
18,5,49
19,2,61
35,23,24
6,14,5
4,13,5
16,8,43
19,9,41
40,20,47
12,9,30
14,4,49
8,6,39
20,23,4
47,19,62
22,9,49
40,18,52
4,3,31
17,13,32
7,7,23
11,2,52
16,20,4
37,23,2
26,13,48
26,11,48
22,19,14
18,20,9
15,15,17
28,8,63
19,21,2
16,15,14
18,23,1
9,17,5
12,16,8
26,21,24
23,12,39
1,1,36
5,13,12
8,5,42
2,7,17
26,13,40
26,23,19
43,23,9
12,12,26
40,22,48
29,22,24
2,11,3
43,23,4
10,10,19
6,8,19
36,13,55
4,8,23
10,1,52
7,4,46
23,6,54
39,12,60
0,2,25
12,6,46
43,23,6
13,15,17
7,6,36
20,5,53
11,6,44
36,10,60
10,10,23
46,23,13
24,18,31
48,16,0
11,17,1
35,18,33
48,23,12
12,9,39
34,15,52
4,2,32
14,17,10
39,17,58
38,18,52
37,20,49
26,18,27
25,21,14
44,23,44
16,3,58
12,15,13
10,6,33
1,9,16
47,17,58
34,14,57
38,23,4
48,19,6
48,20,5
26,21,19
24,8,58
36,22,27
14,8,39
15,15,22
4,12,2
46,19,2
1,5,22
36,16,54
4,4,38
27,18,28
47,19,5
32,15,49
38,22,2
37,13,58
3,0,47
38,23,1
15,0,63
3,12,2
11,9,26
44,21,4
20,11,37
17,16,14
2,6,19
29,22,22
31,18,33
41,21,46
26,8,55
22,3,63
0,1,31
29,13,51
28,11,52
47,18,61
18,18,20
26,6,62
2,1,38
30,22,25
6,3,33
5,5,32
31,22,23
8,9,24
30,18,30
41,22,45
4,3,39
23,20,20
36,22,1
35,20,41
36,23,5
31,15,50
38,11,61
26,20,22
1,1,39
38,20,42
24,19,19
8,12,15
10,16,10
34,8,63
37,20,48
24,11,39
38,22,41
6,4,45
15,6,47
5,4,29
2,2,43
8,8,21
0,0,36
24,20,18
11,8,29
20,5,57
41,17,53
26,6,61
12,17,1
34,22,24
35,21,43
26,10,56
0,1,35
15,9,42
17,18,9
34,15,56
4,8,18
30,22,21
20,7,44
20,10,40
45,16,58
33,14,51
6,10,17
41,21,2
37,22,33
39,19,50
12,12,19
41,20,3
33,18,44
25,12,45
17,18,11
29,9,55
5,7,24
8,1,51
19,13,31
15,12,29
7,0,51
33,16,43
19,20,9
8,6,42
6,14,8
40,15,59
39,19,51
39,23,36
35,11,58
48,20,53
36,14,55
14,9,42
29,14,48
27,23,18
35,11,62
35,19,31
20,18,12
9,17,6
15,11,35
14,8,41
8,12,14
9,3,49
6,8,23
10,16,8
21,10,43
15,12,24
17,16,15
14,11,30
16,12,30
41,16,58
23,18,22
9,16,2
46,20,5
28,22,17
6,6,25
24,10,52
5,12,11
14,5,50
25,7,54
43,23,11
12,18,8
27,22,14
6,15,4
5,3,35
11,12,17
21,3,62
28,19,27
23,5,61
2,2,31
9,12,18
9,11,19
37,13,59
27,8,60
3,10,13
15,19,2
34,14,53
3,4,34
8,4,41
27,6,61
22,6,54
41,23,7
16,8,44
2,3,27
48,19,2
46,20,6
5,1,48
2,0,46
7,4,34
30,9,63
6,5,40
27,6,62
21,3,61
2,3,39
15,1,58
21,1,63
22,16,28
36,16,50
21,10,40
43,20,0
30,12,51
8,7,27
48,19,57
18,6,48
9,12,17
11,8,34
17,12,35
38,16,51
39,21,40
41,23,40
23,12,40
32,18,34
25,12,40
21,22,3
34,14,51
18,19,8
2,3,38
44,23,7
22,4,57
13,7,40
8,15,4
17,15,23
13,0,60
16,14,22
14,20,3
5,7,21
9,3,45
8,14,13
32,14,57
21,19,20
30,15,49
34,8,62
35,23,22
36,16,49
19,21,4
20,20,16
45,20,6
11,1,55
7,14,12
22,7,50
11,10,20
2,13,5
3,1,39
30,10,61
0,10,11
21,20,11
25,11,46
41,19,48
17,10,41
21,19,21
8,13,13
47,23,18
21,14,33
16,13,32
18,13,34
47,23,17
17,16,16
11,9,29
21,19,13
29,19,28
10,9,28
18,17,16
45,16,62
19,8,48
0,9,14
4,12,0
32,19,30
20,8,51
4,6,28
32,11,60
8,8,28
27,23,22
23,7,54
30,17,31
1,3,27
32,23,20
14,10,32
46,21,8
23,10,52
24,20,14
46,23,6
44,17,57
2,6,22
0,12,6
27,18,32
2,12,3
44,16,60
35,12,58
30,22,23
15,15,21
41,23,8
17,5,53
21,3,63
24,19,22
35,9,62
32,15,40
0,0,33
3,1,46
24,6,56
33,9,60
10,4,47
35,22,28
6,6,23
35,12,56
8,9,21
40,23,4
14,1,56
25,20,26
17,5,48
5,4,42
22,14,34
22,19,19
29,12,51
31,23,24
21,17,26
35,9,61
22,11,39
25,22,11
31,15,36
32,13,57
13,1,53
24,12,39
34,9,63
25,10,52
48,20,52
23,17,27
25,11,48
3,0,44
33,19,33
45,17,56
43,21,5
39,23,33
22,17,20
13,5,46
33,16,37
22,7,55
37,20,45
22,20,17
24,10,43
26,8,58
31,18,32
24,21,17
6,0,52
39,18,54
42,16,55
15,20,1
27,13,48
18,20,6
29,13,44
6,4,43
9,10,20
19,13,30
18,13,32
25,13,39
25,11,39
9,2,50
23,15,33
0,1,30
43,15,61
14,13,27
21,17,19
5,6,25
23,7,55
17,10,40
24,14,35
33,17,39
38,22,31
32,23,1
24,11,38
42,21,45
35,19,43
12,6,45
19,4,56
7,10,19
17,6,52
19,16,18
43,14,63
30,12,52
27,5,62
10,9,26
44,23,46
17,0,62
19,9,42
6,3,32
2,13,6
32,13,53
45,20,4
28,16,33
22,8,49
16,4,50
13,16,12
48,19,56
7,6,33
19,16,17
40,21,44
20,18,15
43,13,63
11,2,51
39,21,43
17,13,24
8,1,50
18,7,44
17,7,44
5,13,3
43,22,45
16,16,14
17,19,6
36,19,47
42,19,50
22,17,27
17,1,61
23,19,19
34,17,37
20,17,25
7,7,32
2,14,8
24,23,14
15,16,21
34,17,36
35,19,40
37,18,52
32,15,48
45,23,9
43,22,8
17,17,17
15,14,21
19,17,20
3,12,8
28,10,58
3,0,43
6,11,16
5,13,4
8,6,38
15,6,45
10,1,53
26,9,52
18,16,23
28,20,28
42,23,4
24,22,7
31,15,51
23,18,28
17,3,54
2,3,26
11,16,15
37,22,40
4,13,7
35,23,21
15,11,31
19,22,3
5,8,20
26,13,45
19,1,60
46,19,60
47,23,16
4,9,16
45,16,59
19,13,34
11,14,15
29,17,33
21,13,37
13,1,56
6,5,41
38,20,36
35,23,25
34,17,47
29,10,54
40,21,43
14,16,12
12,10,28
6,15,8
9,8,27
20,2,61
4,3,35
41,22,2
37,22,31
17,6,47
27,17,31
5,6,24
26,12,39
6,4,36
14,13,20
20,21,0
18,18,14
13,15,13
9,3,48
12,17,9
26,20,28
25,11,40
43,14,61
11,3,49
11,14,12
16,14,23
29,12,52
28,10,59
12,17,4
9,13,12
18,9,43
43,21,47
24,18,29
35,11,59
35,18,43
31,20,28
9,8,26
10,0,57
23,19,24
13,5,47
22,3,60
10,6,35
22,18,18
43,15,59
11,3,48
26,14,38
36,10,62
40,14,61
11,16,8
48,18,61
38,22,39
22,22,6
30,17,32
10,15,9
9,3,46
45,23,45
23,9,45
21,8,45
20,21,11
0,13,8
15,13,20
17,21,4
17,20,0
18,15,20
41,23,34
20,9,41
46,20,3
28,6,63
9,5,42
5,14,5
39,13,57
29,21,26
33,19,32
26,5,63
8,16,11
34,18,41
18,13,33
39,16,57
47,22,11
16,1,63
42,20,49
18,14,26
19,15,28
12,9,33
0,1,40
27,11,45
4,2,41
27,12,41
26,21,23
17,5,56
38,18,51
19,16,21
5,3,38
36,19,37
35,15,54
36,18,47
13,11,23
20,16,24
13,10,32
9,11,18
12,17,5
21,14,36
41,23,9
8,15,3
31,9,58
12,11,23
4,11,16
0,2,31
11,1,58
39,23,2
42,22,44
14,16,13
44,21,47
19,5,53
8,11,15
14,11,35
26,11,52
24,12,42
32,20,27
39,20,45
25,8,55
4,12,14
1,1,33
0,11,3
28,12,47
20,18,20
24,9,51
1,5,26
7,3,45
0,10,9
48,23,46
24,5,57
15,11,34
8,6,29
8,7,28
41,19,56
24,19,25
41,22,41
27,10,56
17,2,58
4,3,30
7,12,15
10,7,29
37,11,63
25,11,42
16,18,9
31,11,58
28,13,37
44,18,55
14,5,46
29,13,42
36,19,36
9,11,17
33,21,28
33,14,57
36,21,30
10,14,16
42,19,56
42,23,8
34,14,55
9,15,3
13,8,37
6,7,21
8,16,10
26,17,33
12,2,58
11,16,0
35,21,27
34,11,56
7,0,55
45,18,0
48,22,16
12,18,3
39,23,29
7,2,45
6,13,1
44,23,9
44,23,8
6,4,35
26,11,54
34,22,0
5,5,38
14,12,33
8,8,30
47,23,12
10,11,22
2,3,37
1,0,40
44,23,6
11,10,24
40,19,54
43,22,7
25,23,6
11,15,12
22,17,24
37,22,3
29,22,20
9,14,14
22,7,51
39,19,53
8,16,6
35,19,42
7,4,40
6,14,12
38,19,49
16,15,22
10,13,18
16,13,27
1,7,17
36,19,35
19,6,45
11,0,60
39,21,1
21,10,39
46,19,0
22,4,62
7,15,6
3,13,11
12,11,22
34,18,45
4,12,13
9,18,6
29,14,50
37,17,53
26,9,54
20,16,29
34,12,57
25,11,51
19,2,58
2,1,45
4,11,17
19,16,23
0,4,23
3,6,27
15,15,16
34,17,39
11,5,46
9,11,16
31,14,52
24,11,46
23,22,9
7,7,27
16,1,59
13,8,42
29,20,28
46,17,63
34,17,42
28,8,60
38,20,41
19,15,26
44,16,63
15,20,5
14,12,21
18,4,56
35,13,54
6,13,12
31,12,52
42,20,0
29,16,34
3,2,42
35,15,51
18,14,21
43,22,47
16,3,56
42,14,63
13,10,29
3,0,45
39,23,42
41,22,48
36,19,42
22,4,59
27,22,25
13,11,28
24,22,14
41,23,47
36,15,56
8,10,20
27,19,26
9,7,38
37,21,43
21,16,26
19,14,27
3,13,4
37,19,35
32,10,58
32,15,43
16,1,62
37,16,54
23,5,57
34,17,35
16,11,36
36,19,39
13,9,34
8,5,43
17,12,30
24,21,16
4,1,43
13,7,44
29,23,22
24,6,57
47,21,10
17,14,30
19,15,25
37,23,4
14,17,7
13,19,8
1,10,11
42,21,51
17,11,39
6,0,50
14,14,16
38,21,2
26,22,21
19,9,43
1,6,25
34,10,59
34,20,28
4,3,45
5,11,17
4,4,40
38,23,7
14,19,11
48,17,62
21,20,13
14,15,14
18,8,49
3,12,3
40,20,1
47,16,62
21,16,30
23,6,56
41,23,37
28,16,35
47,23,8
28,8,62
20,19,13
21,17,29
3,5,30
48,18,60
42,13,63
18,14,28
9,1,52
39,22,38
1,7,18
35,20,40
13,16,13
10,7,31
12,3,49
19,21,3
43,22,44
5,9,18
6,2,45
27,16,36
6,8,26
19,8,42
19,5,57
3,14,8
38,19,46
16,11,30
11,1,53
32,18,33
1,7,19
32,20,28
1,4,29
19,20,5
1,13,9
23,5,56
5,1,50
26,19,27
12,6,44
10,16,7
26,23,10
7,5,35
9,0,55
38,23,31
11,15,14
24,10,48
7,1,52
33,16,42
17,3,58
6,4,42
3,2,35
23,20,17
1,11,12
40,21,2
2,1,31
46,22,9
29,5,63
36,22,39
21,23,7
17,12,27
24,9,45
46,23,11
39,21,47
35,15,53
46,18,2
36,19,38
20,12,39
25,10,41
28,12,46
1,6,21
15,1,61
28,9,57
2,2,42
43,22,5
10,3,48
23,9,44
41,19,51
30,7,61
1,5,20
2,13,7
20,12,35
2,6,23
21,5,59
15,10,31
35,11,63
22,4,61
6,2,43
22,18,21
12,1,56
10,10,20
35,22,30
43,22,49
12,5,44
16,6,48
25,23,14
4,4,41
44,19,52
42,18,51
16,14,29
31,9,63
30,14,45
1,3,30
40,14,59
40,18,54
36,10,61
25,15,35
43,16,58
28,12,51
19,12,38
0,0,38
2,1,40
18,15,23
4,2,33
19,8,50
34,18,43
23,10,45
44,20,5
24,5,62
5,3,32
7,6,35
6,5,33
24,13,40
11,3,51
33,13,53
1,0,33
42,22,48
23,11,44
7,7,26
23,16,33
8,2,48
38,21,39
15,0,60
15,10,30
37,19,51
13,11,25
15,17,15
9,16,11
13,16,15
20,18,17
20,18,18
12,13,17
38,16,57
29,16,33
12,13,18
30,7,62
14,19,1
22,5,58
26,7,60
25,11,47
19,5,51
10,7,34
9,4,44
16,20,1
17,4,52
27,13,37
22,23,3
24,5,59
20,18,19
20,3,59
22,8,54
3,5,28
15,9,41
17,14,27
7,6,29
23,8,51
1,6,24
26,22,18
28,9,58
31,14,50
20,17,28
29,17,31
16,5,45
10,9,30
28,22,20
7,13,15
7,15,10
4,1,48
2,8,16
23,23,8
24,15,36
43,16,56
28,13,42
23,8,50
12,15,15
47,18,1
27,13,47
27,13,36
1,0,43
6,1,51
11,6,41
39,15,58
24,8,55
22,17,25
22,9,55
17,2,60
16,1,58
0,4,24
20,8,52
40,16,58
37,21,32
20,17,26
27,22,17
27,14,47
9,7,39
1,3,31
23,19,18
33,10,63
34,19,40
4,9,18
16,14,27
43,16,57
15,17,10
36,16,52
8,6,31
41,15,59
34,18,33
20,7,46
12,10,30
28,13,39
23,23,5
32,12,55
30,10,56
42,21,1
44,20,4
17,17,14
32,11,56
33,23,24
36,18,45
25,9,54
31,21,26
19,6,46
7,4,44
5,4,37
8,7,41
38,13,58
18,13,30
31,7,62
28,16,34
10,9,25
0,1,28
14,19,4
40,15,56
29,9,60
23,13,36
18,7,45
24,19,23
27,10,55
2,1,32
8,5,32
42,15,58
19,17,17
1,10,1
21,20,17
12,11,19
28,18,29
16,8,45
12,7,43
33,9,62
21,18,18
23,10,41
39,13,63
0,6,17
3,12,5
0,11,1
17,5,45
36,18,35
42,21,3
18,8,47
8,8,23
21,2,62
42,18,53
32,17,46
6,6,28
3,12,0
42,21,49
19,1,62
7,9,19
38,17,51
46,23,16
46,22,6
1,9,13
39,12,63
32,17,34
38,21,0
8,6,30
20,20,17
5,11,16
14,10,28
9,15,7
5,1,43
9,4,49
32,16,34
17,15,16
48,23,21
24,10,53
38,17,56
48,23,20
37,17,48
32,18,47
36,18,39
33,12,54
29,15,35
8,5,37
10,10,21
27,23,10
14,15,13
26,23,11
18,18,12
22,9,51
6,8,22
16,0,63
16,13,24
21,5,55
17,20,4
27,23,14
21,14,32
19,16,28
44,22,3
25,10,44
47,20,3
25,23,5
10,17,4
19,8,51
24,19,27
5,3,34
27,21,20
15,17,12
20,11,41
35,16,52
8,2,47
35,21,33
10,3,47
36,22,43
27,11,50
40,21,42
12,17,2
40,22,6
7,12,17
34,17,44
25,7,55
18,10,40
16,8,41
9,4,46
16,2,56
24,21,15
7,8,22
13,10,31
27,12,40
3,4,30
42,13,61
40,23,35
17,21,3
41,22,42
3,13,6
38,17,49
13,1,55
1,0,41
15,5,49
3,3,31
8,9,27
22,9,46
22,10,42
5,0,48
37,22,43
22,18,28
17,18,12
23,9,50
28,7,62
47,21,52
46,19,1
14,11,24
19,21,0
15,12,34
17,0,60
22,7,52
37,11,62
33,20,30
12,8,34
47,22,8
0,9,12
38,11,63
22,21,14
14,16,14
20,22,0
8,6,36
3,3,30
29,16,35
11,10,27
9,9,28
28,12,44
28,7,59
33,16,36
17,9,42
34,10,63
22,10,39
18,12,31
38,15,55
19,16,29
46,19,53
16,0,62
7,14,11
23,4,59
17,9,39
21,7,49
43,21,46
38,16,54
15,13,25
5,9,16
27,23,13
2,7,19
17,14,20
16,8,42
0,12,9
31,16,46
27,18,29
10,13,16
28,6,62
22,15,34
14,10,34
8,6,35
35,19,36
2,0,45
5,3,33
0,1,33
38,17,53
47,22,51
20,9,47
26,8,62
17,14,31
23,17,30
39,15,53
42,23,48
13,3,49
9,2,51
6,3,34
11,0,52
5,12,13
12,11,25
29,20,25
14,14,15
15,7,42
10,8,31
4,5,30
19,6,52
20,17,16
38,11,62
8,7,30
8,7,31
17,5,57
44,21,3
3,2,38
36,21,29
4,4,27
7,13,12
17,15,18
23,4,62
18,14,25
18,6,50
34,11,57
23,11,50
12,2,59
31,9,60
31,15,41
38,21,46
19,14,31
36,19,33
6,3,45
8,5,40
21,19,16
13,12,30
31,16,33
5,4,35
16,9,43
44,17,56
40,20,48
46,17,57
45,16,63
19,22,1
34,18,34
31,14,44
3,12,12
43,19,1
5,12,14
38,20,47
18,13,28
24,20,24
45,19,52
22,22,3
48,20,6
11,8,41
12,19,7
22,1,63
3,7,18
36,12,56
25,13,41
45,22,9
18,18,17
18,14,22
12,0,58
18,12,34
46,20,56
47,19,3
20,9,40
24,18,23
46,22,11
8,7,34
30,8,58
11,9,23
21,20,16
4,4,26
23,11,43
2,4,23
28,23,14
0,9,15
46,15,63
41,18,51
11,5,44
26,14,39
25,22,17
22,15,30
4,2,37
41,16,55
24,12,41
13,14,17
8,2,46
21,6,57
11,1,56
38,22,35
11,13,19
35,20,31
10,16,4
47,17,62
38,20,45
27,7,62
20,11,40
39,21,42
27,7,59
4,3,34
23,11,39
35,16,48
18,7,43
19,18,18
42,22,43
35,13,57
46,19,54
15,7,44
39,23,32
25,22,9
38,22,43
24,3,62
47,17,59
11,8,28
8,15,1
4,0,48
2,6,21
22,10,50
22,17,23
22,22,5
26,14,37
21,19,15
29,14,47
9,11,23
27,17,30
17,12,29
16,16,16
1,1,29
23,10,47
29,12,49
17,12,28
10,16,11
19,22,5
22,15,33
15,2,53
21,21,7
27,13,45
13,10,27
13,0,54
33,17,36
5,11,18
24,22,18
25,22,20
15,4,48
15,5,47
1,3,25
2,2,36
36,10,63
32,22,23
47,18,0
47,17,0
40,13,62
30,16,36
11,15,15
15,1,60
34,23,2
2,12,13
30,7,63
8,2,51
0,9,13
15,4,49
41,21,3
2,12,10
5,3,31
39,20,48
39,22,0
9,16,10
37,10,63
11,14,14
20,3,58
22,9,47
17,20,5
8,3,48
18,4,53
24,8,52
26,19,25
24,19,26
16,3,53
14,5,47
21,7,54
47,20,56
30,21,28
15,13,22
24,10,49
24,7,54
46,20,51
45,23,11
11,11,18
21,17,21
25,22,15
19,22,2
26,15,33
6,4,32
5,9,19
14,11,29
1,12,8
6,5,31
1,10,0
12,3,50
23,9,42
47,17,61
24,4,59
0,2,36
13,3,51
24,17,31
26,21,22
4,13,3
29,12,53
0,0,44
41,22,44
13,0,55
11,16,9
3,6,23
4,3,33
14,1,54
32,10,57
30,12,54
35,13,56
3,13,7
12,9,38
14,10,31
10,11,17
28,14,45
27,12,44
10,10,26
8,5,41
4,4,39
28,13,47
19,12,35
25,21,17
25,8,57
34,21,31
31,14,42
16,4,51
48,19,55
1,1,34
19,19,14
42,22,2
19,17,21
44,21,7
40,21,47
18,5,50
21,19,17
28,17,31
36,23,30
31,9,61
44,22,4
46,20,53
5,11,15
23,23,2
1,1,35
4,5,27
39,16,58
2,0,43
27,11,43
33,13,58
9,7,26
34,19,39
21,19,11
20,6,45
17,3,60
33,18,47
16,6,50
3,7,22
3,4,26
43,23,47
5,3,30
28,13,52
44,20,0
9,8,34
18,7,51
4,14,8
43,23,42
48,20,56
23,19,25
11,18,7
12,12,20
43,20,48
23,5,62
5,14,9
46,19,3
0,6,18
2,4,36
21,16,22
4,6,26
26,18,31
1,5,21
7,6,41
36,11,59
5,0,47
15,16,22
20,5,58
44,20,51
47,22,13
23,9,41
43,17,54
24,19,17
15,9,39
36,23,22
39,13,59
21,23,3
39,18,53
35,19,32
17,17,13
15,6,48
47,17,60
23,6,60
5,7,27
1,11,10
32,20,29
12,9,27
12,11,27
12,0,53
33,12,57
29,10,57
27,15,34
45,22,6
18,20,7
33,16,47
14,8,42
8,7,37
33,11,58
34,10,60
12,5,47
39,17,52
20,22,6
39,13,62
14,12,27
18,16,24
28,23,12
20,16,23
35,19,37
0,4,28
44,22,45
15,13,27
1,4,25
18,3,59
46,17,61
24,16,33
14,0,60
43,18,0
29,13,50
18,0,62
27,20,26
21,9,47
14,18,2
39,17,51
13,0,63
24,4,61
44,15,63
34,12,59
40,17,57
20,8,43
29,13,38
22,18,20
2,7,18
19,20,8
39,21,2
3,4,28
1,5,25
2,11,1
8,13,14
37,15,54
40,22,5
11,13,15
25,10,48
13,15,14
35,14,57
37,21,37
19,8,49
8,18,7
8,15,8
9,6,35
11,16,1
34,13,55
25,10,53
18,5,52
31,11,53
37,23,27
21,16,27
2,2,35
36,23,2
39,18,50
15,18,9
25,10,45
35,22,1
38,22,34
37,23,3
14,17,8
38,18,54
17,14,25
37,20,41
26,11,42
6,9,19
5,2,45
2,4,25
25,19,22
11,8,36
48,23,47
20,3,63
26,12,49
7,2,49
21,17,24
25,8,53
28,12,42
39,13,61
16,19,6
37,12,60
20,18,14
7,5,33
17,20,2
0,1,41
4,8,21
36,15,52
34,21,32
6,7,26
42,15,57
35,11,60
13,11,32
18,21,4
24,23,6
17,6,45
34,11,58
16,12,25
19,16,22
5,4,43
39,22,37
35,18,39
27,9,61
7,5,37
17,8,43
19,15,30
3,1,45
39,22,4
38,12,61
9,0,52
33,21,24
20,18,13
3,3,35
31,12,56
41,20,0
19,1,63
26,19,28
19,3,58
13,18,2
34,20,33
18,18,10
5,13,1
5,10,15
20,15,28
29,23,19
33,23,21
26,20,26
37,21,40
35,20,38
7,0,52
13,18,10
34,19,30
13,4,47
7,7,37
18,14,27
1,11,11
6,5,29
42,20,50
20,7,49
11,7,36
21,8,43
19,9,40
19,7,43
5,5,34
17,14,22
16,7,42
17,20,9
44,23,13
1,10,13
36,21,41
18,23,0
4,0,44
44,17,59
40,19,0
15,16,11
33,18,35
9,14,17
45,21,8
21,10,49
13,10,38
42,23,40
15,10,29
14,13,29
37,20,50
5,2,41
14,16,17
0,3,26
13,18,4
2,0,41
38,14,61
37,23,29
30,9,62
37,16,50
46,23,46
7,15,3
42,23,5
2,4,33
12,14,17
20,17,21
7,4,36
46,23,10
32,16,41
27,23,21
41,19,52
15,13,30
44,19,0
9,16,8
12,3,51
4,5,26
5,5,33
29,7,59
20,23,5
27,21,19
24,11,43
41,18,53
32,8,63
39,18,49
11,7,33
8,15,10
15,19,7
36,14,56
47,21,50
17,2,56
7,14,15
6,3,40
24,22,13
44,17,58
0,1,37
19,23,2
7,3,46
7,6,37
36,23,4
43,15,60
7,12,18
7,6,25
2,3,30
17,7,43
1,4,28
16,18,11
21,5,60
37,16,55
23,9,52
18,14,30
39,20,46
31,11,54
20,9,42
45,21,5
39,19,47
11,8,30
29,18,29
21,19,18
16,16,13
39,22,5
11,10,30
31,17,47
10,11,18
33,23,0
42,16,63
41,23,36
1,0,46
31,14,43
21,4,59
34,18,40
42,19,49
11,12,20
1,8,15
13,0,58
30,9,59
18,4,55
34,19,38
24,4,60
22,10,48
22,7,49
36,16,51
41,16,56
26,11,50
16,13,31
23,18,24
37,19,37
27,21,23
28,20,25
41,20,46
14,7,42
15,3,55
9,16,5
35,17,38
30,21,25
37,19,42
31,13,51
34,14,56
13,12,26
4,1,49
38,15,60
34,20,38
6,6,32
13,1,52
12,14,16
12,15,16
24,12,40
24,22,17
26,10,57
43,14,60
20,7,53
7,5,42
41,21,1
20,20,7
22,12,41
24,20,25
31,13,50
20,22,1
45,22,50
18,1,61
36,23,24
5,1,44
23,10,48
41,20,49
15,5,48
5,4,41
37,23,31
4,0,50
20,12,37
21,22,8
24,20,19
37,18,46
24,10,40
12,2,52
27,15,35
4,5,25
25,19,24
18,12,33
22,23,5
48,21,52
26,12,38
40,22,4
8,13,16
26,20,24
41,17,55
38,23,2
1,11,1
6,10,18
35,22,32
35,20,32
0,11,8
1,1,38
18,10,41
14,5,49
28,7,58
47,19,53
41,20,2
33,22,24
27,7,60
37,12,61
8,3,44
15,13,21
24,16,35
37,12,63
37,23,24
4,1,42
18,21,5
25,12,42
13,9,33
25,11,41
30,14,38
31,15,40
0,0,41
30,21,27
42,18,52
27,9,60
12,7,40
34,19,33
38,21,32
38,23,32
36,22,32
4,1,46
18,16,15
20,14,29
39,21,39
23,7,56
28,12,39
31,11,60
29,11,55
16,13,29
41,21,45
38,20,44
3,1,40
31,10,57
29,7,62
34,20,32
33,22,23
48,21,9
23,6,58
28,20,27
40,13,58
17,11,36
3,10,15
16,4,49
45,19,4
6,5,26
36,22,25
19,13,29
18,9,45
37,21,30
3,9,20
6,14,0
35,19,35
34,22,23
4,14,10
19,14,25
5,13,5
11,2,50
45,19,1
31,11,55
12,1,55
4,8,22
45,22,8
47,20,2
14,14,17
9,5,35
42,22,7
44,19,53
43,21,49
15,7,45
23,18,26
34,22,1
42,23,6
46,23,45
4,2,46
40,15,61
23,17,26
8,15,14
47,20,7
25,12,49
9,14,16
28,11,56
21,15,28
38,19,45
43,17,58
6,0,48
17,17,21
14,19,3
22,6,55
3,5,29
13,0,61
26,12,50
17,14,29
24,11,50
21,8,46
21,16,29
8,4,40
27,12,45
6,0,49
18,13,26
22,7,53
19,17,16
9,8,31
16,1,57
19,3,56
35,17,39
7,6,32
2,0,47
41,15,58
23,19,22
14,19,8
17,17,18
20,20,11
1,11,7
4,4,30
20,11,42
28,8,61
5,5,27
33,15,48
43,20,2
32,20,26
8,10,23
23,20,18
16,10,41
28,16,36
14,6,47
21,8,49
25,12,39
16,11,32
8,0,53
16,6,47
5,15,9
9,2,52
29,11,57
44,21,5
22,6,53
9,4,48
1,0,35
9,10,18
42,21,5
11,7,38
44,22,50
9,15,8
31,16,36
22,22,4
34,18,42
27,10,51
37,20,44
9,7,41
29,14,45
16,16,15
5,8,23
8,12,13
19,15,19
13,12,23
16,2,54
48,19,61
41,20,48
16,10,35
21,9,46
46,19,61
2,3,32
15,20,6
34,21,26
25,10,50
23,22,10
41,19,50
25,22,12
20,17,18
21,21,10
2,9,16
24,6,58
5,4,39
39,17,53
36,21,39
29,8,63
15,15,15
23,17,28
19,6,54
18,7,47
35,9,63
42,23,43
28,9,56
18,17,12
5,3,42
32,11,59
45,17,57
37,14,54
1,0,42
38,22,38
31,23,26
24,7,58
14,10,35
42,15,62
32,22,22
34,10,62
18,5,56
8,10,19
18,8,41
2,4,32
21,10,41
43,19,0
36,18,46
48,21,10
1,0,39
39,20,44
23,10,51
26,7,63
17,1,58
26,20,23
10,15,10
21,9,51
14,20,4
28,13,48
26,18,28
11,5,47
34,21,28
30,13,52
32,9,59
23,22,6
15,18,11
24,15,33
26,22,14
39,20,50
24,15,34
32,14,53
17,14,28
7,9,22
13,12,28
24,20,17
14,0,63
16,18,7
23,20,19
15,19,5
26,20,21
1,8,17
35,19,41
28,13,46
17,13,34
32,9,61
35,23,31
33,17,47
6,5,42
45,18,56
11,5,45
35,22,27
14,11,27
40,22,44
12,2,60
10,3,46
34,18,35
22,9,48
26,22,23
37,23,25
32,16,47
29,10,58
26,13,46
28,15,34
3,8,17
20,15,27
16,20,6
15,4,55
28,11,50
12,6,43
15,1,59
8,6,41
21,23,0
11,13,16
24,9,50
22,8,48
4,2,42
21,11,38
17,20,1
19,15,22
29,6,62
15,9,38
16,5,50
37,18,53
42,21,50
9,8,32
0,4,26
17,18,14
6,1,45
3,7,21
18,14,24
28,22,18
34,16,50
36,17,50
22,18,25
42,21,4
17,7,42
29,12,48
34,21,25
37,20,35
46,18,0
19,2,63
35,20,30
42,20,2
41,18,50
27,8,55
4,5,37
10,0,54
12,1,57
22,5,61
12,14,13
3,2,45
10,8,37
10,18,7
28,12,53
29,16,32
11,10,28
0,1,36
20,20,13
36,20,41
15,4,47
34,12,58
13,19,6
15,20,7
34,21,27
45,22,4
39,15,55
1,11,9
44,23,50
25,6,63
42,22,6
24,5,58
12,14,14
38,11,60
13,18,5
7,9,25
19,15,20
13,12,25
15,5,45
5,14,10
45,19,54
13,17,8
12,7,36
15,1,63
11,9,38
15,16,12
26,12,43
37,22,34
46,18,61
30,14,43
18,2,60
13,10,37
9,7,28
10,0,55
15,10,32
18,15,29
30,10,58
11,7,42
41,23,43
7,7,28
1,3,29
18,1,60
18,6,45
12,8,35
42,18,56
5,4,38
36,23,27
34,19,42
18,13,31
31,18,30
27,21,22
28,12,41
2,5,28
7,5,44
15,18,10
32,7,62
34,9,61
37,11,61
16,19,4
22,18,27
37,23,33
15,11,26
16,10,38
17,7,48
6,14,9
22,21,8
40,19,48
17,16,19
37,18,47
22,11,41
11,1,51
26,11,41
9,9,25
34,15,49
2,12,9
32,17,45
31,8,63
15,17,14
40,22,3
9,7,35
6,7,28
24,8,56
21,7,44
42,16,56
30,10,54
41,15,56
37,17,50
11,8,40
5,6,27
37,21,44
34,23,23
7,8,25
1,3,28
25,20,24
13,11,26
35,22,31
22,16,32
27,12,38
29,23,23
14,9,36
17,15,26
38,21,41
10,8,35
19,20,7
24,11,40
8,4,42
39,13,58
27,9,53
32,15,41
22,20,16
19,5,50
11,11,20
14,9,37
47,19,2
43,19,2
26,23,15
37,21,0
20,23,0
43,19,52
33,17,42
30,15,37
18,14,31
36,21,34
5,13,11
23,16,34
21,5,58
12,8,41
28,18,30
14,10,38
17,18,13
10,9,29
35,23,3
30,19,27
28,23,21
7,14,9
16,11,33
14,12,28
11,16,11
10,3,49
28,12,45
19,5,55
21,6,55
33,18,31
15,9,37
32,17,32
13,10,25
37,18,54
36,14,53
18,8,46
19,18,17
1,12,10
42,19,52
27,11,56
22,16,27
18,18,11
23,8,55
13,12,19
3,6,20
29,9,59
32,16,46
18,20,8
26,22,12
41,23,6
21,7,55
1,6,18
38,16,53
22,21,10
9,7,33
10,4,46
32,18,46
21,23,2
17,2,57
42,16,57
11,17,2
21,12,36
3,13,8
6,4,31
3,3,34
9,13,13
17,13,31
7,2,48
21,15,31
7,13,13
38,14,57
9,1,53
27,14,37
9,9,23
9,10,22
19,8,44
17,14,23
7,8,23
23,22,7
9,1,51
29,9,62
24,21,14
34,17,45
27,16,34
3,7,20
21,3,58
40,23,31
12,4,46
41,21,43
18,19,7
15,15,18
10,8,36
37,22,28
39,20,1
14,12,32
37,13,56
11,5,43
22,7,58
15,11,37
25,12,44
48,21,7
18,15,18
28,21,22
18,0,61
43,20,49
36,9,63
43,19,50
45,18,1
13,15,15
11,10,21
5,8,24
14,16,16
36,12,60
7,14,14
7,6,31
15,13,19
45,21,9
48,22,50
37,23,6
21,18,22
6,13,10
26,11,51
2,1,33
23,4,63
23,18,25
4,12,12
10,16,2
17,19,7
39,21,3
0,4,22
9,16,3
2,7,20
14,8,40
11,9,36
16,2,55
35,18,38
2,12,2
0,0,39
1,4,26
9,7,29
19,6,49
15,11,28
25,19,26
8,3,49
0,8,15
13,15,11
3,2,31
18,18,15
3,13,5
48,22,11
36,21,40
19,18,13
42,23,42
32,10,59
28,9,60
21,18,14
33,20,27
13,12,24
8,6,28
35,14,53
27,14,38
26,19,26
6,6,37
3,4,35
44,20,3
30,10,55
36,19,48
22,8,47
19,21,9
24,17,30
4,2,43
29,21,23
25,7,58
37,23,5
29,7,63
15,8,40
41,14,62
26,18,30
34,19,44
17,3,55
21,22,4
9,6,31
19,2,60
13,3,50
30,10,60
15,19,12
27,12,47
18,4,58
40,23,40
16,18,13
32,23,0
26,11,53
23,21,12
28,8,59
24,9,54
3,13,3
27,18,31
17,16,13
25,13,36
22,9,53
4,3,36
41,16,54
41,18,54
2,5,30
37,21,36
32,16,36
19,6,55
27,5,63
35,23,1
7,6,34
31,15,42
36,17,49
41,19,0
31,22,22
14,11,28
14,18,8
5,3,37
35,22,24
3,0,49
24,21,12
17,8,42
46,23,14
43,23,43
40,19,47
12,9,31
32,22,25
31,22,24
14,0,56
18,16,21
9,0,57
48,18,4
48,21,11
2,8,18
5,8,22
28,12,40
0,3,23
9,5,46
28,18,32
43,18,55
1,4,30
12,0,59
36,21,31
15,19,8
26,17,32
43,17,56
12,17,8
13,9,31
22,8,56
23,10,49
4,7,23
5,5,26
21,5,54
25,19,27
6,7,24
10,17,7
10,7,37
33,22,0
18,12,36
22,3,62
3,0,46
5,3,36
13,2,56
23,5,60
17,14,21
32,16,37
31,23,21
13,15,16
14,16,11
23,14,35
25,8,56
13,11,31
37,17,54
12,15,11
6,3,41
45,15,63
12,18,4
28,10,53
30,14,47
8,3,46
40,22,36
8,9,26
26,9,53
26,13,47
25,16,35
38,20,46
17,4,57
0,2,27
14,19,5
31,14,41
21,11,41
18,3,55
34,17,38
37,21,39
17,17,15
6,4,29
41,22,7
43,23,7
27,20,27
38,17,57
29,23,15
13,20,4
15,14,23
29,22,27
9,16,1
32,18,44
41,22,49
28,21,21
4,6,30
12,13,19
34,18,37
13,5,48
0,0,45
45,15,61
47,18,56
17,16,22
6,7,31
25,9,51
46,16,61
43,23,49
10,12,21
31,14,38
1,11,5
46,18,62
18,12,30
25,21,23
14,1,59
8,8,31
32,16,43
26,23,18
3,4,38
11,13,14
13,14,14
31,19,27
0,5,19
11,0,56
23,10,43
42,22,46
3,1,47
23,2,62
13,2,53
44,21,6
30,15,47
19,21,10
42,20,3
23,18,27
19,23,3
16,3,57
8,7,24
12,12,18
23,21,9
47,23,11
12,19,4
48,17,1
36,19,40
12,9,32
7,5,36
12,11,32
39,20,51
3,9,16
30,12,50
48,19,4
22,23,6
28,21,25
0,3,29
3,11,11
6,13,13
3,2,32
31,19,29
7,7,29
44,22,47
32,16,39
9,0,56
39,21,45
17,8,44
14,2,52
23,12,38
0,0,35
47,19,60
19,10,43
26,5,61
26,13,36
16,14,26
12,16,16
40,16,56
15,15,14
39,16,56
24,11,49
27,10,54
0,2,30
18,16,22
36,20,42
12,15,12
31,15,39
23,8,53
24,9,55
13,6,44
22,6,57
14,16,15
18,22,0
28,5,63
5,2,44
24,5,60
39,20,47
27,14,35
33,19,45
2,9,15
28,7,60
16,16,18
47,19,55
36,20,38
2,10,12
14,18,0
38,22,37
43,21,48
7,3,42
11,4,47
13,1,61
30,6,63
21,18,25
26,7,58
41,14,59
25,19,25
37,19,48
37,22,30
3,5,24
11,9,37
34,23,0
17,17,12
23,22,11
30,13,41
6,1,48
33,23,2
21,19,14
18,21,2
33,18,34
18,9,39
12,9,34
19,8,47
39,22,34
24,9,46
10,13,17
39,11,63
31,17,33
1,2,32
12,0,62
41,22,5
5,4,40
11,7,35
7,5,40
4,2,44
38,13,60
3,5,22
34,20,31
2,4,28
36,11,61
40,16,55
28,13,49
6,1,49
39,21,38
43,16,60
36,23,26
16,12,35
18,18,16
23,10,39
14,14,14
47,19,6
15,19,1
40,18,51
21,17,30
31,21,25
16,7,45
24,9,49
24,20,23
21,8,42
22,21,9
20,9,44
38,22,32
24,13,36
18,9,42
5,4,32
6,5,37
42,13,62
19,7,45
22,3,59
25,15,34
20,20,12
26,12,44
7,5,32
30,13,49
19,13,35
9,6,34
23,19,20
12,7,44
48,23,19
26,15,34
23,23,1
12,19,5
17,21,0
33,11,60
36,18,37
4,1,44
20,20,10
1,12,9
39,22,40
3,12,1
7,12,14
40,18,50
21,9,41
19,11,38
7,10,17
37,20,46
4,6,31
48,19,7
44,22,10
26,12,37
15,18,6
19,12,34
43,23,41
41,13,59
22,19,13
0,5,25
43,15,58
38,15,58
25,9,50
4,12,11
44,23,10
13,4,48
34,18,32
42,22,4
12,10,24
6,13,2
1,12,5
13,13,16
47,20,5
9,15,0
11,10,22
25,17,33
16,5,47
12,3,52
11,4,50
28,7,63
45,18,54
44,20,49
21,17,23
3,8,20
13,19,3
12,2,51
48,22,15
17,21,6
2,1,37
32,10,61
41,23,35
36,12,61
21,14,31
24,7,59
15,11,30
18,15,30
35,13,58
4,2,39
16,13,21
13,12,18
9,6,32
45,19,55
39,14,59
47,19,4
5,12,0
5,13,13
47,17,1
8,11,16
15,12,22
14,7,43
18,22,5
22,17,26
16,5,52
14,1,53
8,16,3
17,6,49
8,7,32
5,6,31
33,13,56
22,21,11
36,19,45
0,0,40
26,17,31
17,4,54
15,3,54
28,10,56
14,13,26
21,13,38
22,2,62
17,10,39
4,5,29
25,10,46
17,12,31
16,2,61
20,15,25
19,18,15
29,8,57
20,22,3
8,9,22
3,4,37
38,23,6
8,5,39
12,1,54
22,22,7
28,6,61
22,18,22
28,13,45
11,7,39
16,3,55
20,1,61
19,14,26
33,19,31
19,19,11
9,9,27
14,9,35
25,10,51
35,15,50
30,9,58
44,20,2
31,10,56
18,20,0
35,18,35
32,12,57
17,2,62
5,5,29
39,23,34
9,10,23
16,19,0
10,14,15
16,20,3
39,15,54
28,23,17
40,23,39
32,16,42
37,23,30
25,12,47
11,0,61
2,11,12
35,19,34
30,8,62
23,21,10
35,21,31
31,16,45
18,6,53
14,10,33
10,8,38
18,2,61
43,18,52
39,23,31
37,22,0
47,20,55
3,6,21
19,3,60
42,14,59
43,23,46
6,0,53
41,22,46
4,13,13
32,10,60
46,22,8
33,8,63
20,13,36
9,9,26
17,20,7
20,6,56
18,3,58
25,10,49
18,12,35
38,14,60
33,17,35
47,20,54
25,23,9
2,1,36
0,1,43
22,21,7
28,9,61
36,12,58
11,6,46
10,13,19
33,17,44
30,20,26
21,7,46
27,20,24
38,20,0
18,6,46
26,11,45
23,11,38
9,11,26
26,21,17
3,10,14
8,15,6
16,17,10
19,12,36
20,19,11
44,21,50
18,6,49
3,1,34
17,11,32
27,20,23
32,9,58
28,18,28
36,19,32
10,10,29
5,8,18
33,10,61
27,23,17
30,14,37
46,17,58
32,16,35
15,0,59
2,4,26
3,11,1
45,20,3
48,23,18
8,4,44
11,12,19
36,18,48
32,17,33
26,23,9
35,15,55
0,11,6
14,6,44
38,23,41
21,5,57
20,7,50
6,1,46
12,16,10
4,3,32
13,9,37
27,11,46
33,18,40
14,18,5
22,22,9
21,11,37
36,21,32
34,16,47
42,20,51
37,14,59
14,11,25
28,12,48
36,17,47
16,5,51
15,20,8
16,3,54
23,19,27
28,21,28
7,7,31
48,21,51
27,12,50
42,21,47
10,9,24
48,20,7
25,20,18
8,5,38
34,20,39
28,10,57
34,13,58
12,11,31
6,6,34
23,11,49
22,7,48
6,11,18
27,11,41
43,20,50
10,7,36
10,1,54
11,18,6
29,14,38
22,16,31
3,6,26
39,15,57
18,3,60
18,8,45
5,2,47
0,5,22
13,4,52
9,0,53
18,7,50
13,2,58
8,0,52
23,7,53
14,13,21
31,14,51
21,17,18
7,6,27
3,2,40
17,7,45
5,5,35
9,7,27
47,18,2
11,10,25
28,15,35
12,2,53
30,23,24
18,19,11
11,11,21
32,13,50
2,0,44
14,18,12
15,11,39
12,8,33
41,20,1
39,18,51
15,12,25
27,10,53
24,18,26
15,4,50
24,6,61
21,17,28
36,11,60
17,12,34
28,23,15
27,12,51
13,17,10
16,11,37
6,7,23
17,11,38
1,3,24
15,0,62
18,20,5
35,17,45
12,0,55
18,1,63
47,16,63
40,21,45
21,15,30
29,17,30
21,8,52
14,12,24
27,13,49
9,2,49
14,9,38
7,5,39
19,21,6
18,20,4
7,15,7
10,2,51
31,19,30
37,11,60
20,8,44
34,19,37
20,10,39
10,16,14
44,19,2
25,16,31
13,6,47
16,1,60
21,7,47
46,22,48
2,2,32
14,10,37
8,13,17
2,3,25
41,23,3
21,7,51
20,17,23
20,6,49
34,9,62
32,11,58
21,20,12
0,10,12
41,21,47
36,14,58
22,16,34
1,1,31
13,18,6
27,16,32
33,19,34
4,11,15
4,5,23
14,15,15
22,20,18
42,14,62
22,10,46
28,15,36
28,11,51
33,20,28
11,9,30
27,19,28
3,3,27
41,13,62
26,10,51
11,3,50
9,7,40
24,10,54
23,9,49
15,17,9
42,19,1
19,19,10
6,9,18
25,22,10
27,19,27
42,15,63
43,19,51
9,15,11
27,11,48
18,5,57
42,19,53
39,14,62
16,9,41
28,23,16
8,9,23
6,5,32
45,20,5
18,16,16
39,16,55
14,0,61
28,21,24
21,8,50
10,12,15
31,13,53
7,9,27
30,8,59
45,21,4
28,22,22
12,9,36
16,5,46
26,10,49
19,23,1
16,6,45
33,16,40
29,10,56
24,23,8
29,13,41
2,1,41
10,6,40
28,21,27
32,16,38
12,18,5
48,22,10
46,17,60
40,12,62
45,15,62
11,0,59
22,9,45
17,19,11
26,16,34
3,11,15
19,10,41
5,7,23
22,10,49
40,14,58
20,6,51
23,23,3
19,8,41
21,2,61
26,12,47
38,19,48
2,12,5
35,10,63
38,16,52
8,9,25
37,20,40
28,22,24
17,2,59
6,6,27
23,11,41
30,18,32
10,8,29
27,12,42
16,18,8
