12,7,63
51,5,36
35,9,61
24,6,50
24,4,33
55,15,61
55,4,31
32,5,41
15,1,38
22,6,54
49,6,43
48,4,40
34,8,45
43,7,43
60,9,41
41,6,48
17,4,48
15,6,56
55,9,49
23,6,49
42,7,48
34,7,51
63,10,46
60,2,23
18,1,34
39,7,48
44,3,35
32,8,63
41,5,42
46,4,36
57,13,56
44,2,30
58,9,49
49,10,57
36,3,34
55,8,43
40,2,28
29,3,33
39,4,37
31,8,62
57,8,46
61,11,49
56,6,40
62,13,57
50,2,28
43,1,28
57,8,42
40,9,55
34,4,34
44,0,25
57,13,58
32,7,58
42,3,38
63,8,33
36,9,51
55,2,26
24,4,37
32,8,61
56,11,51
57,13,57
37,4,33
61,10,52
55,2,27
58,1,22
50,3,30
54,7,38
21,6,51
53,7,40
63,13,50
27,4,30
52,9,50
59,7,39
31,8,59
60,15,61
51,9,50
37,0,29
60,7,36
42,8,60
31,3,31
57,3,30
44,1,34
12,2,44
40,7,43
48,1,32
57,15,62
48,8,48
38,3,34
36,8,46
18,5,48
33,3,34
29,5,40
57,1,26
56,11,52
57,10,53
15,7,62
41,0,29
53,12,58
63,5,29
36,9,62
56,16,61
25,3,29
60,4,29
26,7,60
33,4,36
24,6,54
39,9,57
48,8,49
42,6,47
44,1,26
62,11,49
22,7,62
54,8,50
63,12,46
46,4,37
32,8,62
47,6,41
19,7,63
52,7,40
63,9,41
56,13,56
45,8,50
20,6,59
43,1,27
47,1,27
58,12,54
33,2,27
46,10,53
62,15,59
16,2,43
50,12,59
12,3,47
52,0,22
62,15,62
57,14,57
63,16,63
22,7,60
49,5,35
17,1,32
22,5,45
57,13,59
14,4,52
44,10,56
35,5,41
35,5,35
24,6,53
39,3,32
40,7,49
10,0,39
26,6,45
27,6,48
63,10,49
50,0,24
28,7,54
30,4,36
38,7,50
49,10,58
51,6,41
57,6,37
36,3,35
51,13,62
39,6,40
32,4,37
51,6,39
45,0,29
42,4,38
31,7,56
63,11,43
63,12,47
38,2,33
42,11,63
61,10,51
35,5,36
30,5,38
61,16,60
21,6,52
28,7,50
38,5,38
45,4,41
55,10,51
27,3,34
40,1,32
61,9,44
61,11,53
35,0,24
33,7,54
41,8,45
45,3,33
40,9,60
25,4,36
45,5,42
50,6,40
51,5,40
61,8,38
25,3,34
41,1,33
46,8,54
54,9,50
38,7,45
50,11,58
55,0,20
53,4,35
36,2,32
34,2,32
30,6,44
52,14,63
38,9,58
55,11,53
33,3,33
32,5,38
39,0,22
17,6,55
59,8,40
39,6,43
57,10,52
44,0,30
40,4,41
33,7,53
24,5,42
14,3,47
37,6,38
63,14,55
62,5,28
39,0,21
15,6,60
49,6,48
19,0,29
21,5,52
34,2,28
36,0,27
58,14,58
12,0,36
58,8,49
55,4,35
54,0,24
12,1,42
33,2,29
60,13,55
38,0,22
37,8,48
27,7,52
52,8,52
37,5,41
55,12,55
57,9,44
54,9,53
52,7,49
31,8,52
35,7,42
42,5,44
39,5,36
41,2,32
31,5,42
53,3,28
63,5,27
41,7,52
35,3,31
54,11,53
29,5,35
45,7,45
59,0,19
45,2,36
12,6,62
40,9,53
22,5,44
38,8,53
60,16,60
24,3,35
39,0,24
13,1,41
39,7,45
52,4,31
17,1,36
36,1,26
45,10,58
29,0,25
30,4,37
33,7,47
61,0,18
53,6,42
48,7,43
59,6,34
50,1,28
44,5,39
39,9,62
10,7,63
42,5,42
24,4,40
39,5,40
57,7,46
60,12,56
51,0,25
10,0,42
24,7,56
22,2,32
33,0,26
30,7,62
53,4,31
56,7,45
60,9,42
61,5,32
25,7,58
33,4,32
33,5,40
58,6,37
49,7,51
41,8,58
58,5,33
42,9,62
45,3,34
53,13,61
39,9,54
43,10,56
19,0,31
63,1,19
45,4,35
53,7,46
29,0,24
12,6,60
53,4,34
21,4,41
52,6,44
24,2,30
17,2,41
10,3,48
29,7,63
38,8,59
16,2,40
50,9,52
36,9,63
47,7,47
41,7,42
63,7,32
48,9,50
59,6,36
61,11,54
43,7,52
60,1,21
62,2,24
32,0,25
48,11,63
44,9,50
39,7,54
32,3,30
9,0,41
30,7,57
49,12,57
41,5,38
9,5,58
42,7,43
44,8,56
60,16,59
26,7,53
47,8,51
48,7,47
36,7,49
35,8,45
58,11,55
37,3,32
41,8,50
35,3,29
24,6,47
47,10,57
14,2,44
40,1,30
47,12,62
32,3,31
51,3,30
34,3,35
34,9,58
37,0,24
44,9,60
59,0,23
50,7,41
60,13,57
22,7,63
49,11,60
57,11,55
40,7,54
50,9,50
47,1,25
18,6,56
42,10,60
45,1,25
45,9,56
54,13,62
55,9,52
61,6,31
63,12,53
55,6,35
46,6,40
53,8,43
56,8,44
53,0,23
33,7,56
57,12,57
54,13,59
42,7,46
53,11,54
36,4,39
38,5,39
37,7,45
52,6,38
23,7,63
34,0,24
37,8,52
42,7,49
22,3,40
53,7,48
54,11,57
46,7,47
18,4,47
34,5,41
35,2,28
18,3,40
58,2,25
38,8,49
49,6,45
42,3,37
52,3,33
58,8,43
50,9,55
23,6,52
41,9,52
51,10,55
28,7,49
16,0,32
56,12,58
62,13,55
56,1,24
13,7,61
55,1,27
45,9,51
63,15,58
30,7,52
26,5,42
62,16,60
45,5,38
22,3,37
23,4,43
61,9,46
38,8,56
36,9,59
17,4,46
45,8,51
53,7,39
50,6,41
59,16,63
9,2,46
29,7,59
62,11,53
12,7,62
38,1,25
15,6,58
62,1,19
18,5,52
27,1,25
60,10,48
58,13,55
40,2,33
48,5,42
31,2,30
42,6,45
20,7,61
60,4,30
12,0,39
42,7,53
23,5,46
20,3,41
44,9,53
15,1,35
39,8,47
23,5,48
57,9,49
22,3,35
44,7,48
17,4,49
63,12,50
62,9,41
24,2,29
34,4,32
38,5,41
62,7,32
11,2,46
40,7,51
25,7,57
59,5,33
53,0,25
13,1,38
9,6,61
52,0,25
48,10,57
42,6,40
26,6,49
46,9,54
54,7,43
61,2,24
11,4,52
33,3,31
37,0,22
31,7,55
56,0,25
9,1,44
37,8,51
50,8,52
63,16,61
20,2,31
50,13,60
41,8,51
11,4,54
42,4,37
48,2,30
26,4,34
51,9,54
62,11,44
40,9,51
19,7,62
39,2,27
40,8,61
47,0,29
51,5,37
54,12,55
49,1,29
37,9,53
38,8,51
42,9,60
14,4,49
19,7,59
16,6,56
27,7,59
43,8,59
45,8,49
49,12,63
48,6,45
36,8,55
13,2,45
51,11,59
9,6,59
35,7,43
42,4,40
38,4,38
48,5,37
44,8,48
41,8,55
43,8,51
46,1,28
49,5,37
47,6,45
28,0,25
44,7,53
48,2,35
22,0,27
54,12,56
40,3,35
60,8,44
49,7,45
16,6,57
32,7,51
44,10,57
48,6,41
36,2,33
16,4,49
60,7,34
60,11,53
40,7,42
56,8,42
14,1,38
46,7,46
38,8,60
62,2,22
9,5,55
46,7,45
53,4,30
21,3,39
61,12,54
43,5,43
58,12,52
46,10,59
52,7,44
34,4,35
24,7,55
56,0,23
60,10,43
56,1,22
37,6,40
62,12,51
53,0,27
59,10,51
31,7,46
52,1,30
19,3,37
17,3,44
54,1,28
51,6,47
47,3,33
59,8,38
50,14,62
60,14,59
52,9,48
47,11,61
40,2,29
54,8,41
61,16,63
57,2,29
61,11,50
44,4,40
59,2,26
40,10,61
46,0,29
48,3,37
36,2,28
57,11,53
44,8,52
35,8,53
52,1,27
56,11,53
31,3,34
15,4,51
12,3,50
23,1,26
27,4,33
61,9,45
41,1,28
51,11,58
51,11,54
35,9,57
47,2,36
30,1,29
36,9,53
63,17,61
61,13,56
36,7,48
63,10,40
33,7,50
25,1,26
44,3,38
58,8,41
61,0,19
54,7,42
43,0,23
40,9,57
42,1,26
45,4,40
43,4,39
46,3,37
28,7,47
52,2,27
27,7,60
57,2,28
63,10,45
44,9,57
33,6,46
54,10,55
13,0,34
35,2,30
52,1,26
54,2,29
44,6,49
34,0,26
16,0,33
18,2,37
45,10,55
44,9,51
50,14,63
46,7,43
62,9,43
56,8,40
23,7,56
25,3,28
23,4,37
29,7,61
34,3,33
34,2,29
37,10,60
15,5,52
43,3,39
55,15,63
24,4,34
58,3,27
11,1,41
54,8,48
55,8,45
18,2,39
20,3,36
49,2,27
54,2,27
30,4,35
59,15,61
40,9,54
38,0,25
38,5,37
39,6,39
10,0,41
43,8,50
35,7,46
62,15,58
62,12,54
22,7,58
46,4,41
47,4,42
16,3,44
41,10,62
42,0,23
26,5,46
36,8,44
59,11,51
63,6,31
46,5,37
33,8,51
52,6,41
39,6,46
26,4,33
59,15,59
58,14,57
50,6,46
60,2,26
50,6,44
47,6,46
12,5,57
43,1,32
47,9,53
41,4,38
61,12,53
30,5,39
43,9,53
35,9,58
32,3,35
33,7,46
21,4,40
20,4,41
52,1,29
37,3,37
47,0,24
50,4,32
46,0,26
27,2,30
33,7,51
35,1,26
36,8,54
28,4,34
44,6,43
62,12,50
57,14,60
57,16,61
39,7,46
57,4,30
43,4,41
28,7,53
35,4,35
37,6,46
63,13,54
61,12,49
41,1,31
48,8,50
34,1,29
29,5,42
54,9,49
44,8,54
54,6,37
45,10,63
58,15,62
56,12,52
16,5,52
54,7,48
37,6,39
44,2,34
43,2,34
49,14,63
18,5,49
38,0,23
50,12,57
32,5,36
27,7,51
44,4,42
44,3,33
41,2,30
60,10,50
58,1,20
46,3,39
48,5,40
40,1,27
54,7,45
53,12,59
44,5,40
55,16,61
33,7,49
39,2,34
47,6,49
40,5,38
26,2,29
30,5,40
11,0,38
63,16,60
33,5,38
50,4,36
32,5,33
33,7,58
18,5,54
10,4,54
45,6,46
57,9,41
51,6,37
13,3,49
39,6,47
15,7,61
23,7,59
57,16,63
26,6,52
57,8,50
49,11,62
37,5,43
39,5,39
24,4,41
45,4,39
61,15,61
54,9,52
56,7,44
49,11,59
18,0,31
59,10,52
46,10,62
57,6,35
63,9,38
43,6,42
63,3,24
51,0,23
18,3,42
42,2,35
12,6,61
33,0,25
59,1,22
34,3,34
51,11,57
17,6,58
14,4,51
41,10,59
40,6,41
32,2,28
33,2,31
48,11,58
51,12,58
48,4,39
41,1,30
22,6,58
27,6,46
25,1,27
54,6,45
23,4,41
35,3,35
11,6,60
46,2,33
26,7,57
48,11,59
44,9,59
34,2,27
25,4,31
60,1,24
57,9,51
33,7,57
50,9,53
15,6,59
33,8,60
29,6,47
22,4,38
62,10,45
57,12,55
34,4,37
41,7,49
49,10,52
53,8,42
26,4,40
49,12,60
32,4,38
21,6,53
43,1,34
30,8,54
40,6,42
29,7,48
44,11,62
50,11,53
37,5,39
44,8,50
28,6,45
20,6,58
43,1,33
53,3,30
57,9,46
59,10,49
55,7,40
40,0,26
31,6,39
37,4,35
24,7,62
44,9,62
25,7,63
34,9,60
59,11,55
38,6,46
38,7,55
18,3,43
52,4,37
58,5,34
47,3,31
62,5,30
40,3,31
59,9,44
33,4,34
44,9,61
52,7,39
54,4,32
54,9,46
30,3,28
46,9,55
59,15,62
39,4,38
42,10,61
43,0,24
58,7,43
56,4,32
30,3,29
24,7,59
47,5,40
41,6,40
57,0,22
28,4,37
58,7,42
33,6,45
28,2,30
56,5,36
54,2,31
57,11,56
9,1,42
56,4,29
56,1,26
12,5,53
61,10,43
52,13,60
34,7,53
51,3,33
46,10,55
25,6,50
43,9,59
27,6,49
63,9,40
59,10,46
48,0,23
12,0,38
57,15,61
52,7,46
27,0,26
49,8,47
53,4,33
46,2,35
21,2,31
40,7,46
48,4,36
60,8,41
24,3,32
55,1,28
11,7,63
49,1,27
41,5,43
30,0,24
43,6,43
20,6,52
31,7,57
41,7,53
53,6,41
41,8,62
56,11,55
59,8,42
49,7,50
30,4,33
54,5,34
44,4,36
57,12,54
58,8,40
9,2,49
33,7,42
60,8,42
51,4,39
62,10,41
63,15,60
57,3,31
11,5,58
47,5,36
21,7,61
15,3,44
45,2,34
30,5,36
41,7,46
48,8,47
56,5,35
28,7,51
29,1,26
30,2,28
41,9,55
41,0,22
62,11,50
29,6,48
58,8,48
44,0,23
51,1,27
50,1,26
43,7,46
54,3,32
43,6,46
38,4,36
25,7,55
55,7,43
47,6,44
33,4,35
27,6,45
33,8,53
36,9,60
38,9,61
41,8,59
33,7,55
25,6,46
50,0,25
35,8,52
25,4,38
54,8,46
50,5,37
41,5,39
54,14,63
53,1,27
59,15,58
22,2,34
20,1,31
36,8,59
18,3,44
63,8,36
34,3,36
42,2,34
48,3,36
49,3,31
16,3,45
45,9,54
61,14,58
50,11,60
36,7,55
39,7,49
42,9,56
43,8,58
17,4,45
19,2,36
38,9,60
54,3,33
26,4,35
38,2,32
45,7,53
39,8,59
24,7,58
51,9,52
29,5,38
57,0,23
55,10,48
51,3,31
19,2,33
22,3,33
31,3,29
26,3,31
50,0,23
58,8,45
50,4,39
44,9,52
63,0,18
13,4,51
32,6,45
62,5,29
52,13,62
40,1,33
17,1,34
36,5,36
55,5,35
43,5,38
49,7,44
42,10,62
38,1,32
24,6,48
23,3,35
50,10,52
41,9,62
36,4,34
48,6,44
39,3,34
27,5,44
62,9,40
31,6,46
36,8,45
14,6,56
14,0,38
23,2,32
46,5,45
21,3,36
29,7,52
55,14,63
31,7,48
44,5,44
49,1,25
36,1,31
60,9,48
43,8,54
51,4,33
60,11,48
62,9,38
41,0,30
35,7,56
39,8,50
59,8,44
28,6,43
61,4,30
22,0,28
55,15,62
21,5,51
61,6,33
38,7,54
29,7,51
55,1,23
23,4,38
30,7,54
61,8,39
54,0,26
31,4,35
16,6,59
53,13,59
13,4,52
60,9,40
56,11,50
25,6,49
53,13,62
43,9,60
14,1,39
42,0,28
52,5,40
53,7,45
33,1,28
27,5,40
47,10,59
56,2,27
49,5,44
51,8,52
37,8,47
52,2,29
18,7,62
52,6,47
19,3,39
55,5,34
24,5,47
38,9,56
37,6,41
28,5,38
38,7,47
39,8,62
57,5,33
60,9,45
47,1,31
41,5,40
54,0,21
27,1,26
46,3,33
20,1,29
40,6,44
44,0,22
42,8,51
18,1,33
45,6,48
30,7,58
42,9,53
48,6,42
37,9,54
41,5,37
18,2,38
14,2,41
56,7,46
55,16,63
30,7,55
55,10,55
42,8,48
40,8,56
48,11,60
27,2,28
12,0,40
61,2,22
48,7,51
37,8,58
10,2,44
55,7,42
21,6,59
34,0,27
51,7,41
34,8,50
16,6,61
63,3,23
63,2,22
37,9,51
18,4,45
30,6,48
35,6,46
25,5,46
19,7,60
38,4,40
21,5,48
51,1,26
43,9,58
15,2,41
47,3,34
47,5,42
56,7,40
19,5,50
29,7,58
41,2,29
32,7,53
58,2,26
53,4,29
30,5,33
59,12,51
48,11,55
56,12,53
46,11,59
61,0,15
48,7,50
54,11,54
12,6,57
63,15,59
55,3,32
48,9,55
61,9,42
63,10,47
44,7,46
25,4,40
15,4,50
43,8,55
37,9,50
62,3,25
52,7,45
51,4,32
39,5,42
49,2,33
30,6,39
40,4,39
52,0,24
38,0,21
29,4,36
44,2,35
44,9,54
45,8,53
13,1,39
46,9,50
59,11,53
37,9,60
25,6,52
23,3,30
29,7,45
36,9,52
32,7,59
35,7,55
10,3,51
62,3,23
15,2,39
9,1,46
33,3,30
46,3,38
58,13,57
36,8,62
59,11,52
37,9,63
37,1,30
30,6,46
32,7,57
35,9,63
51,12,59
34,5,38
57,7,37
60,0,20
24,3,34
12,5,56
57,6,36
23,5,49
60,14,57
35,7,51
61,3,26
34,8,54
45,2,29
58,9,48
26,4,41
54,6,41
54,2,30
29,4,34
44,4,41
52,3,31
46,2,32
40,7,55
24,1,27
55,5,37
50,3,31
50,5,39
59,9,48
55,3,30
35,1,29
40,9,50
50,5,35
24,4,38
51,3,32
37,8,59
53,2,26
56,15,61
32,3,32
48,0,27
35,8,58
60,14,56
31,8,50
41,0,27
38,9,50
49,12,61
40,7,44
47,5,43
42,9,58
48,9,54
55,15,59
31,7,50
34,1,28
63,10,43
45,5,40
47,4,35
60,12,52
37,10,63
39,9,52
50,7,50
43,8,47
32,4,32
46,7,50
53,2,32
35,1,30
51,8,47
53,6,43
62,11,45
49,2,28
54,9,48
9,5,56
52,8,48
58,14,59
40,3,36
41,2,34
41,3,32
35,7,50
53,10,55
45,5,45
36,0,28
24,5,43
32,5,34
57,4,29
38,1,28
40,6,40
38,0,28
49,2,30
34,1,24
61,5,29
49,5,39
50,6,45
31,5,37
24,6,55
31,8,58
41,10,60
47,2,31
56,9,46
61,12,52
59,9,51
62,1,18
61,8,35
63,7,34
58,16,63
28,5,33
52,3,28
26,5,37
51,6,40
28,5,39
49,7,48
21,5,50
59,12,57
29,1,27
47,11,60
51,5,34
39,8,48
62,1,22
46,11,60
62,16,61
53,2,28
24,3,37
34,8,47
36,0,23
35,4,37
54,10,49
42,8,54
27,3,30
60,11,54
59,16,62
23,6,56
50,2,33
14,0,33
34,4,38
40,5,39
20,3,38
33,8,48
55,8,50
40,0,23
26,3,30
53,3,33
59,8,45
42,0,24
36,1,28
52,5,36
27,7,63
51,2,27
17,2,40
10,5,58
59,14,59
47,10,61
35,5,42
15,4,47
26,6,53
17,1,37
53,14,61
50,14,59
45,10,60
13,0,39
10,4,53
13,6,60
54,4,35
29,4,32
22,0,26
28,7,61
40,7,50
52,0,27
38,0,26
22,4,41
55,0,23
63,14,56
35,2,31
50,5,42
52,5,38
17,3,42
26,6,46
16,3,43
63,13,52
52,9,52
50,9,51
21,4,44
38,6,42
48,12,62
21,3,40
57,3,29
44,10,59
56,4,33
17,2,37
39,7,52
38,8,47
34,4,39
28,3,34
42,6,43
37,2,29
24,4,42
43,0,26
55,14,61
40,8,58
21,3,34
55,1,24
51,2,26
47,5,45
39,9,61
46,10,57
42,0,30
46,6,41
61,11,52
50,3,34
58,0,22
47,2,29
38,7,44
41,0,28
63,5,28
61,7,36
28,6,48
59,4,28
44,6,40
22,6,49
56,15,60
47,1,29
57,7,41
31,7,44
41,5,44
18,7,63
52,2,28
19,7,61
12,4,52
56,12,54
10,3,49
23,6,58
15,5,53
50,4,33
19,1,30
32,7,46
28,6,44
48,6,39
37,0,27
62,16,62
52,8,50
34,4,36
32,7,44
34,7,50
26,7,61
52,8,45
55,4,34
50,5,44
41,9,63
46,7,51
41,4,36
36,9,61
42,1,27
38,0,27
44,1,29
33,1,27
58,10,46
46,6,42
30,3,32
52,6,46
22,3,36
22,1,28
31,7,62
48,7,48
23,3,36
47,8,49
29,2,29
23,1,28
36,7,47
48,7,45
24,6,51
42,7,50
45,5,44
47,4,34
13,6,59
18,4,49
52,3,29
63,12,52
54,6,44
55,6,42
55,12,53
29,3,28
55,11,52
16,6,54
10,4,55
48,5,36
14,4,50
35,8,48
36,9,50
19,3,40
53,3,34
40,10,62
35,6,41
33,8,47
39,7,47
56,12,57
54,10,50
60,11,51
46,7,48
39,1,29
58,17,63
30,2,30
29,5,34
26,5,43
63,17,63
31,7,61
61,6,32
57,6,38
17,5,52
27,3,31
59,15,60
46,10,61
40,8,59
51,13,61
42,0,25
13,5,55
47,7,43
42,3,34
18,1,32
54,9,47
58,10,49
49,10,53
40,0,24
52,10,55
62,0,15
14,2,43
22,3,34
22,5,47
45,3,37
33,4,38
20,0,26
47,9,54
36,7,52
35,1,25
31,7,59
51,3,35
54,3,29
45,9,55
60,6,32
10,1,45
63,2,23
42,1,32
38,1,30
43,10,61
55,10,49
54,1,29
56,0,19
9,2,45
60,13,54
54,0,20
42,2,36
28,7,55
56,6,36
50,2,26
44,1,27
26,5,41
40,0,25
24,0,24
18,0,28
12,2,45
27,7,58
39,2,31
26,0,25
36,7,46
58,6,36
31,0,25
46,11,63
44,4,37
40,1,26
44,6,45
36,4,38
27,7,50
34,5,36
37,7,53
35,3,34
43,4,38
49,4,39
52,13,61
40,5,37
34,7,52
20,2,36
44,4,38
13,0,38
42,5,40
24,1,29
21,2,33
21,6,58
37,9,55
54,10,51
31,7,54
43,10,62
55,8,41
48,13,63
56,2,28
39,2,29
16,1,37
20,7,60
26,1,26
18,2,40
10,6,62
20,6,53
52,12,58
30,7,51
27,4,37
60,5,30
41,2,35
54,4,33
37,7,42
57,8,45
46,1,30
48,1,29
44,6,41
19,0,30
41,9,58
49,4,34
20,0,29
27,5,43
28,5,36
46,2,30
55,9,45
40,10,59
54,1,26
40,7,53
22,0,25
52,5,41
56,9,52
50,6,48
58,6,35
11,5,57
61,4,28
39,1,26
43,1,30
9,4,52
35,2,33
32,6,42
49,5,38
62,14,59
53,13,63
32,0,26
47,9,55
23,3,32
11,0,37
46,9,51
43,2,30
62,12,47
10,5,55
17,6,59
41,4,37
51,2,31
42,6,46
55,9,53
54,12,59
32,8,49
43,9,51
46,8,50
46,0,27
40,0,22
37,7,49
45,7,44
58,15,63
31,8,53
39,7,50
30,6,42
41,3,38
37,6,42
33,8,52
31,8,54
52,6,45
38,9,54
62,8,37
30,7,49
53,12,60
48,6,43
48,1,27
32,2,31
61,10,49
57,9,47
25,2,30
46,8,55
44,1,31
57,1,25
33,5,42
26,6,51
36,3,32
23,1,29
40,8,51
39,3,35
35,5,38
20,5,52
44,6,48
48,2,27
18,1,35
38,8,52
32,0,24
19,6,55
49,5,36
18,5,51
60,10,47
40,8,46
20,7,63
20,5,46
52,9,53
15,1,40
42,2,30
62,8,38
54,1,24
10,6,59
57,10,50
33,8,58
45,0,30
63,10,44
54,13,61
29,7,54
47,12,63
39,8,61
58,6,33
21,2,36
58,5,31
13,6,56
54,15,63
19,4,42
42,0,21
54,12,58
59,10,48
59,12,56
50,6,47
52,12,57
33,1,30
62,2,23
42,7,51
41,9,53
37,7,46
42,1,30
30,7,46
28,4,31
55,6,38
59,7,40
34,7,48
27,3,28
37,10,61
51,12,61
18,4,48
15,0,36
45,6,42
43,2,33
20,1,32
30,7,53
43,2,31
12,4,53
22,1,30
38,1,31
20,2,34
45,11,63
63,8,34
14,1,40
42,1,31
17,7,60
31,8,60
54,7,41
60,11,52
52,7,41
60,1,22
27,7,56
61,1,23
59,8,39
32,4,33
26,3,28
35,9,56
49,11,61
49,5,40
25,5,47
54,5,38
20,5,53
60,12,49
56,3,32
32,1,29
43,2,35
23,2,30
12,4,49
53,1,23
54,9,45
51,8,46
17,4,50
39,1,33
15,1,36
38,10,59
40,3,34
24,3,33
22,2,30
58,7,36
41,4,41
50,10,55
27,7,57
56,3,30
56,7,41
56,15,62
40,10,58
58,13,58
49,3,36
38,7,52
61,9,39
48,9,57
43,7,50
34,7,57
35,5,39
36,8,52
14,6,59
51,7,49
22,1,27
41,9,60
39,4,34
56,10,53
34,8,51
39,8,63
29,6,45
15,5,54
24,0,26
54,4,31
37,5,38
36,2,30
46,0,24
37,8,50
58,7,41
42,10,63
50,3,35
53,5,38
41,2,31
39,9,50
55,12,56
27,5,42
15,1,39
43,3,37
37,7,50
23,0,25
58,12,55
60,15,63
29,4,37
45,1,29
49,13,61
59,0,22
39,8,49
17,0,33
41,6,45
59,11,54
63,11,45
25,1,28
49,6,46
45,6,44
63,9,39
45,0,23
63,4,28
60,6,33
49,7,47
20,2,32
32,2,29
38,2,34
44,8,53
26,5,44
35,8,63
44,0,29
51,4,37
38,9,53
25,0,25
38,4,39
39,5,41
22,5,51
56,15,59
23,7,54
24,6,57
19,3,44
41,9,50
18,6,54
54,12,54
52,2,32
54,8,49
50,1,29
58,10,47
51,6,42
40,1,31
34,6,42
42,5,39
56,9,48
44,5,41
26,4,39
47,7,46
14,5,54
35,8,61
19,5,52
53,11,56
58,16,61
38,3,33
56,10,50
33,3,32
53,5,36
39,7,43
60,10,45
60,11,49
39,2,33
48,8,52
58,14,60
36,7,51
48,2,34
39,0,26
19,5,48
54,6,39
46,5,40
28,3,33
23,1,27
11,3,48
42,8,49
40,4,37
38,8,54
61,10,48
58,4,30
14,5,55
13,6,57
38,9,59
37,7,55
52,1,25
37,7,44
28,5,40
27,6,51
10,5,54
25,3,36
60,17,63
18,6,59
25,7,54
54,9,51
49,4,41
9,4,53
14,0,36
41,2,36
36,6,41
38,9,62
23,3,34
35,0,27
56,9,45
63,6,30
32,5,35
28,5,34
44,0,26
60,2,25
31,4,37
38,2,27
46,10,54
59,16,59
33,4,31
22,2,29
45,11,62
15,0,32
37,7,48
26,3,33
51,13,63
63,11,47
43,5,41
43,0,27
46,1,33
54,7,40
63,12,49
26,0,26
61,13,54
36,0,22
20,5,51
58,2,28
60,3,27
45,7,50
52,9,49
58,13,59
37,1,31
12,3,49
45,1,28
60,6,34
16,2,42
31,7,53
39,8,52
38,7,53
38,2,30
45,8,55
40,9,52
30,7,47
37,2,33
59,2,25
38,8,61
46,5,39
55,7,47
48,10,55
45,0,26
52,4,34
25,3,31
50,8,49
33,5,39
54,1,23
59,4,29
59,0,18
45,8,54
53,7,42
38,7,43
34,8,61
41,9,61
60,8,40
20,6,54
51,8,51
28,5,42
60,3,28
45,0,25
46,6,48
34,7,44
56,0,24
58,4,32
53,1,26
44,6,46
37,9,61
40,8,49
48,7,44
46,0,25
58,0,20
42,3,35
26,3,34
46,1,32
40,0,27
51,0,28
56,0,21
22,3,38
40,4,40
31,1,28
35,0,25
50,6,43
36,6,43
62,16,63
22,1,29
39,1,25
61,1,17
18,1,36
23,4,42
30,5,43
59,5,30
63,8,35
15,5,55
56,14,62
62,9,46
63,15,57
35,8,62
55,14,62
37,9,62
22,4,42
50,2,32
52,12,59
48,2,33
10,6,58
56,14,59
63,10,50
29,5,37
59,8,47
39,0,28
25,5,44
31,4,34
45,7,52
45,0,27
42,8,53
42,1,28
22,6,50
41,8,54
23,5,50
46,1,26
58,10,48
51,1,25
50,12,60
54,14,60
43,7,44
37,9,59
41,8,52
21,6,55
21,3,37
56,13,59
58,2,27
47,10,58
60,1,23
63,16,62
38,4,34
21,7,62
62,11,46
41,0,26
39,2,32
35,4,38
47,2,32
52,14,62
48,3,32
32,8,52
44,3,34
12,2,46
17,7,61
49,6,44
59,10,47
57,8,48
50,4,38
34,4,33
23,2,29
53,6,45
56,6,37
36,8,56
48,4,37
28,4,30
63,9,37
61,4,29
27,3,35
47,8,54
28,1,28
26,3,29
23,7,60
35,8,59
53,12,57
41,6,42
44,8,49
20,4,44
20,5,49
13,4,49
17,5,50
60,10,51
58,9,51
47,2,34
43,6,41
62,10,47
19,6,58
43,6,45
45,3,39
18,2,34
37,1,24
21,7,58
63,17,60
61,13,52
46,1,25
61,6,34
55,10,53
55,2,24
60,0,21
63,12,48
31,7,47
23,5,45
58,8,44
20,5,50
43,3,35
34,7,45
60,14,58
61,11,44
21,1,29
56,9,49
43,0,28
21,5,47
44,7,52
55,10,50
43,7,51
45,0,24
44,5,43
36,3,33
39,10,60
36,0,26
36,6,42
13,6,61
11,6,62
25,6,53
37,8,46
59,8,41
51,4,34
41,1,27
19,6,59
25,0,26
44,7,50
46,8,53
32,6,44
15,3,45
36,7,53
48,10,54
52,10,56
36,5,39
55,8,47
15,0,33
53,5,39
57,7,39
48,11,62
47,7,52
50,10,57
31,6,44
30,2,31
57,14,59
39,1,32
29,6,43
61,15,63
46,8,48
55,12,58
15,4,49
31,3,28
32,4,34
34,8,52
54,10,53
59,1,23
47,6,48
58,7,39
33,9,59
52,4,32
41,6,44
48,11,61
11,3,47
12,3,46
46,5,38
58,11,51
29,4,30
59,14,60
28,7,57
55,2,28
19,3,38
53,4,32
40,2,31
59,8,46
57,6,34
35,8,57
58,9,47
50,3,36
49,2,34
47,12,61
46,6,43
23,4,40
32,7,61
13,4,48
52,8,44
35,2,32
28,7,58
28,4,39
29,5,43
20,7,62
26,5,38
37,7,51
49,0,28
28,5,37
9,7,62
62,12,55
38,3,35
44,10,60
47,1,26
61,0,17
28,1,27
19,2,35
33,6,42
46,9,58
62,13,53
38,5,40
16,1,38
53,1,28
45,9,52
40,1,25
36,8,51
52,2,31
57,0,21
49,9,54
27,5,45
47,11,62
44,4,39
44,9,55
36,6,46
38,0,24
44,7,43
48,9,53
49,9,50
35,8,54
55,9,47
11,7,62
38,5,36
33,2,30
25,5,42
56,14,61
25,3,33
40,2,32
49,8,52
47,3,36
58,10,50
39,3,33
35,1,24
42,5,38
54,13,60
12,5,52
33,5,37
49,13,63
63,4,27
40,2,30
61,15,58
62,17,62
44,3,32
29,0,23
35,3,36
38,9,63
40,5,41
37,3,34
60,9,43
57,7,44
48,1,25
38,2,28
51,12,60
47,6,42
48,13,62
31,7,51
62,12,53
49,7,42
40,2,35
48,0,24
59,13,55
29,3,30
14,6,61
50,10,53
57,4,33
52,6,43
53,8,47
34,6,40
63,0,17
57,1,21
28,7,56
30,7,45
34,5,40
24,4,35
50,7,47
56,14,58
29,4,38
61,10,45
46,3,36
37,8,49
54,7,47
49,0,25
13,3,46
43,9,52
55,12,59
53,12,55
59,11,48
42,10,58
26,7,51
47,6,39
9,3,51
62,17,61
59,4,30
37,5,36
50,4,37
15,7,63
52,11,58
62,9,37
50,1,25
22,5,49
34,6,45
26,7,62
34,7,49
48,3,38
46,5,42
39,9,56
53,7,44
25,4,37
12,3,48
21,1,30
42,1,25
49,6,39
37,8,55
30,4,30
31,5,35
42,3,32
55,9,51
40,4,38
47,7,45
41,3,39
55,13,56
35,8,46
12,7,61
17,1,33
53,2,27
34,2,33
42,4,36
59,12,54
40,8,62
14,3,46
58,0,19
57,10,54
59,16,61
49,6,41
48,1,31
63,14,57
62,9,44
57,9,50
49,7,46
57,11,52
32,5,39
56,1,23
44,2,31
55,11,51
56,12,55
53,8,48
52,7,43
60,8,38
59,0,20
51,5,41
51,7,50
50,7,42
22,5,48
54,13,58
32,1,28
35,0,26
36,0,25
38,7,46
32,7,48
26,7,54
40,9,63
55,2,29
28,6,46
43,1,26
35,9,55
62,10,51
56,8,41
10,1,41
50,3,33
58,12,53
42,5,41
13,5,56
40,6,46
14,5,52
20,6,57
34,3,29
33,8,63
44,1,28
39,7,44
11,1,40
60,9,44
32,7,49
48,11,57
46,9,53
48,0,29
38,9,52
57,10,49
45,6,47
63,6,29
41,1,32
29,5,39
51,6,45
28,5,43
26,5,39
28,3,29
51,7,48
58,11,53
15,5,51
15,0,35
52,0,26
41,4,40
45,0,28
39,4,40
50,7,48
22,5,46
29,7,49
34,5,39
28,5,35
35,9,62
63,11,49
51,13,59
30,5,35
61,11,46
30,7,56
33,6,40
51,1,30
58,15,61
52,8,42
52,6,42
20,4,42
53,14,62
25,5,41
50,13,59
22,6,56
34,1,26
56,1,25
36,8,61
39,4,36
37,4,38
49,11,57
37,7,47
46,1,29
51,9,51
15,3,43
51,6,44
38,10,62
16,0,30
33,8,61
46,1,31
48,2,31
42,9,52
31,3,32
17,5,53
32,7,55
36,3,30
39,5,38
32,3,29
62,12,49
14,3,45
47,6,47
53,11,57
17,5,49
63,12,51
20,6,55
17,6,56
60,5,31
43,11,63
45,7,43
41,8,60
35,4,33
51,6,38
13,3,48
50,11,59
31,7,60
57,9,48
17,3,43
56,13,58
19,5,51
53,1,25
53,7,41
51,9,49
25,7,53
60,9,50
32,7,50
23,3,31
37,5,42
48,8,53
43,9,63
17,2,39
50,2,29
41,7,43
55,6,40
34,0,28
62,6,31
63,12,54
57,6,39
63,9,42
62,15,60
53,5,40
29,2,31
10,6,61
60,3,26
62,10,43
16,6,55
33,5,41
55,6,37
36,2,31
43,7,48
48,6,47
44,3,36
59,4,31
12,1,41
61,17,63
54,4,30
35,8,49
53,0,26
49,7,49
37,9,57
53,7,43
30,1,28
60,11,50
44,11,63
38,7,49
47,2,35
49,2,31
34,1,27
56,11,54
28,6,49
14,2,42
30,7,61
9,1,43
16,2,41
60,10,52
11,0,41
54,11,56
34,8,55
49,1,30
53,2,29
51,7,44
56,0,20
45,10,59
36,4,32
54,15,62
18,3,39
34,1,31
32,1,30
46,5,43
45,10,62
44,7,51
57,5,34
58,12,56
43,3,38
37,9,49
53,11,55
45,2,32
28,6,50
28,5,41
48,7,46
38,7,48
41,3,33
23,7,57
39,8,51
53,9,53
55,8,48
25,7,59
56,10,52
42,7,52
38,3,31
34,7,46
32,6,46
53,5,37
53,3,31
34,3,30
43,7,49
49,9,51
55,7,45
31,2,31
33,7,44
53,6,38
47,10,55
40,9,59
48,12,61
37,8,57
38,4,37
46,2,29
41,10,61
42,1,33
29,1,28
50,7,44
32,8,58
27,7,54
31,1,29
50,11,57
49,9,53
47,8,53
37,0,28
62,4,27
51,6,46
27,0,25
40,3,32
39,8,53
9,5,59
54,8,45
60,8,39
51,8,45
60,6,35
16,1,39
44,10,58
13,7,62
62,10,49
27,5,39
11,0,39
54,8,51
35,8,50
52,3,30
37,3,33
18,7,61
44,7,49
20,2,35
43,0,29
58,7,40
57,0,18
35,6,43
55,12,57
20,0,27
35,7,54
55,0,21
33,7,48
62,10,42
43,3,34
54,13,57
56,3,29
54,6,42
57,8,49
51,2,30
36,8,48
50,5,40
42,6,44
36,6,39
40,5,43
57,4,32
23,0,26
60,15,62
44,7,44
58,1,26
16,7,62
38,3,36
47,5,41
31,7,49
30,4,34
49,4,36
63,11,52
49,0,23
45,8,47
42,7,44
47,3,39
26,4,32
14,6,58
9,6,60
42,8,47
60,13,56
33,4,37
62,10,39
47,5,37
29,7,53
16,0,34
48,5,45
53,8,49
56,6,38
30,5,41
49,3,34
27,3,33
52,1,28
43,7,54
36,6,45
39,8,57
39,1,27
11,2,47
38,3,37
19,4,44
25,2,28
36,8,60
43,5,42
60,15,59
11,2,45
48,1,30
19,5,49
26,4,38
55,8,42
55,1,26
55,12,54
54,0,22
37,5,40
16,1,35
62,3,24
13,0,35
25,3,35
16,4,47
61,7,35
62,1,17
63,0,19
53,15,61
31,5,33
48,0,25
39,4,35
26,2,27
46,11,61
28,3,32
62,1,20
27,5,34
34,9,57
41,9,51
17,1,35
49,4,35
47,7,50
24,3,30
52,8,46
46,9,52
59,12,53
53,6,37
48,6,46
40,1,29
36,5,40
44,1,30
38,5,42
53,8,46
28,7,62
38,1,24
41,8,61
53,6,40
13,3,47
24,3,31
15,0,34
56,12,56
40,1,28
56,8,45
46,6,49
29,2,30
25,0,24
33,8,57
46,4,35
56,4,31
58,4,31
48,0,28
49,5,41
30,5,42
21,4,43
22,7,61
59,13,56
40,3,38
55,10,54
41,7,45
51,4,38
40,8,52
45,8,48
36,8,63
56,13,57
18,0,32
59,12,55
17,0,30
21,3,41
59,1,25
16,3,47
52,15,61
37,9,58
10,4,52
15,2,43
58,0,21
45,4,36
61,12,55
16,5,55
18,6,55
41,8,56
37,2,31
37,1,27
55,5,36
21,5,46
42,8,61
62,0,18
56,8,46
29,7,46
53,9,48
16,5,50
41,1,29
31,8,63
39,6,42
36,7,44
18,4,44
37,1,25
55,7,41
20,4,43
28,7,60
56,11,56
43,4,37
34,6,43
32,7,47
51,7,46
57,14,61
48,6,49
38,1,26
13,1,40
23,6,53
38,8,58
61,9,40
59,7,36
61,8,36
27,0,23
50,5,41
39,8,55
35,1,28
32,4,35
38,1,27
23,4,39
62,8,35
14,5,53
35,8,60
35,6,44
47,7,51
62,8,36
19,0,27
43,3,33
46,4,39
27,4,39
36,4,37
21,7,60
37,6,43
47,10,60
40,7,48
46,5,44
46,6,44
59,9,45
47,3,37
41,8,48
48,5,41
55,13,59
28,2,29
61,8,37
43,5,39
49,3,35
44,5,42
55,0,24
44,3,37
39,9,60
37,8,60
61,2,23
43,0,30
43,8,53
47,1,32
61,1,21
53,15,63
56,3,31
26,4,31
52,10,53
28,2,27
58,3,29
14,0,37
50,9,49
19,6,53
36,8,47
52,11,56
63,14,58
47,4,36
59,6,33
29,5,36
30,7,60
61,15,57
46,2,36
51,5,42
46,8,52
53,8,50
34,0,22
43,10,63
54,3,31
46,4,42
51,13,60
26,4,37
43,11,61
38,0,29
37,3,35
36,8,49
37,4,39
60,5,32
63,11,42
14,3,44
63,0,15
52,4,33
56,9,42
62,0,16
13,2,44
55,3,28
28,4,33
19,2,38
47,7,44
60,7,35
24,6,52
45,2,35
58,16,62
58,12,57
17,6,54
51,14,60
17,7,63
45,6,43
42,7,45
53,9,47
36,9,57
43,9,57
38,8,48
48,3,31
40,4,35
26,2,28
29,7,60
16,2,39
58,1,21
50,7,49
57,12,53
48,11,56
48,12,60
27,3,32
61,10,47
42,6,42
53,7,38
10,2,48
54,4,29
24,5,45
29,5,33
52,10,54
34,5,42
54,16,63
45,4,37
52,0,23
37,2,26
36,6,38
57,9,52
51,11,56
16,4,51
63,4,24
9,6,62
56,4,34
60,11,45
20,4,45
30,8,53
55,13,60
33,3,35
54,14,61
49,8,49
17,3,41
40,0,30
50,1,30
38,9,57
50,12,61
56,9,50
51,7,47
29,6,49
63,10,41
57,7,38
16,4,46
37,1,28
56,10,51
19,4,47
13,2,42
48,9,56
50,3,32
63,11,51
34,5,37
61,7,34
61,15,59
39,5,43
33,2,33
60,0,18
42,2,32
27,6,44
63,11,44
28,0,23
27,7,62
62,5,31
11,5,53
60,5,33
59,10,53
21,2,35
60,13,52
60,7,38
51,12,57
27,5,41
34,0,25
62,0,20
49,8,51
17,2,38
33,8,59
29,6,46
33,2,28
18,7,60
52,4,36
50,7,51
39,1,28
20,0,28
31,5,36
35,7,47
61,12,51
45,1,31
16,1,34
62,14,58
51,5,39
19,6,56
37,8,63
61,9,41
51,10,52
49,12,58
49,12,59
54,2,26
26,3,35
41,6,46
59,10,44
34,8,60
56,7,39
42,8,57
30,4,31
43,9,56
49,9,55
41,7,44
20,2,37
60,12,53
41,7,55
55,14,58
42,9,55
36,3,36
26,7,56
55,13,58
16,3,42
34,5,35
45,1,30
51,8,49
59,3,28
55,5,33
42,10,57
40,8,47
31,3,35
44,2,29
38,10,58
50,10,51
60,0,15
45,3,32
53,10,50
63,0,16
47,6,40
26,0,24
42,3,33
40,9,58
41,8,47
15,4,48
39,10,62
63,1,20
30,6,47
32,7,56
41,11,63
31,7,63
32,2,30
46,4,38
23,3,38
48,5,38
49,8,53
37,6,44
54,5,37
56,7,43
22,6,52
40,10,63
27,5,35
25,6,48
43,1,29
31,6,42
62,9,47
41,1,26
31,4,33
34,0,23
38,4,33
61,16,59
24,1,28
54,4,34
37,4,34
43,0,22
37,1,32
22,6,51
33,6,41
47,8,50
36,9,55
38,1,29
47,3,35
48,2,29
28,0,24
61,15,60
37,2,32
63,3,22
41,3,34
45,10,61
44,2,36
52,8,43
47,0,25
28,6,47
39,7,51
26,2,30
54,3,30
43,6,44
36,8,53
9,2,47
41,4,39
47,4,40
48,2,32
20,5,48
45,1,26
26,1,27
51,5,35
11,1,43
22,3,32
33,0,24
9,2,48
43,8,52
50,13,61
35,3,32
10,4,51
63,15,61
62,11,51
50,7,43
13,5,52
45,1,27
34,6,46
56,10,49
62,4,26
14,4,48
53,14,63
36,4,33
34,8,56
58,0,18
54,5,36
32,7,43
29,3,31
41,2,33
62,7,35
16,0,31
62,10,44
53,8,45
42,9,59
30,2,29
36,7,50
52,2,30
22,6,55
23,6,50
63,9,36
50,0,28
36,1,30
10,1,42
35,6,40
49,0,26
10,2,47
60,12,51
53,9,52
13,6,58
56,1,27
61,13,57
23,6,54
29,5,41
47,4,38
33,5,36
27,4,31
23,6,55
55,8,49
44,5,38
17,4,47
48,4,38
43,6,48
62,10,50
35,7,52
55,4,32
51,9,55
60,0,17
50,4,31
52,5,37
54,10,54
53,12,54
17,5,54
29,3,32
9,6,58
55,15,60
11,6,58
58,10,51
50,13,63
63,4,26
38,5,43
52,11,54
41,7,50
51,7,43
62,14,57
50,6,39
26,3,32
59,14,57
48,9,52
44,10,55
55,9,50
54,0,23
61,10,46
55,10,52
14,5,51
17,0,31
49,10,54
46,10,60
62,12,48
60,2,24
39,6,45
34,3,31
47,0,30
40,10,60
34,9,59
31,7,52
39,3,36
44,5,45
44,8,51
45,9,58
20,3,37
23,5,44
28,7,63
16,7,61
57,2,25
37,1,29
45,6,49
39,9,53
27,5,36
56,6,35
58,10,53
20,3,40
28,4,35
22,5,50
36,3,31
55,8,46
47,11,56
61,12,56
49,12,62
63,11,46
53,11,58
46,0,30
53,7,49
61,14,56
22,4,44
47,4,41
29,4,33
22,2,33
27,3,29
48,5,39
51,8,50
54,8,44
62,10,48
59,11,50
49,3,33
26,7,55
14,6,60
24,4,36
36,9,58
51,4,35
48,7,42
55,0,26
32,6,41
51,11,53
52,3,35
60,14,60
62,10,40
38,8,45
62,9,45
54,7,39
35,4,32
60,4,31
15,6,55
39,1,24
61,7,33
35,1,31
42,2,29
28,3,28
21,2,30
59,2,24
21,7,63
10,5,57
38,9,49
54,2,28
45,1,33
36,4,35
15,6,57
49,5,42
58,8,46
55,9,48
45,3,36
44,1,25
42,1,29
57,4,31
56,5,33
43,7,53
11,2,44
61,11,45
51,9,53
50,7,46
20,1,30
49,7,43
47,0,28
39,10,63
44,2,32
56,2,29
40,8,50
43,2,32
56,2,26
30,3,34
12,1,43
12,2,43
52,14,61
53,10,56
39,2,35
48,5,43
46,10,58
35,6,38
51,10,56
48,2,28
47,13,63
37,7,43
44,2,33
39,0,27
48,6,48
50,4,34
36,5,37
21,6,57
20,5,47
61,16,61
59,13,57
56,15,63
62,15,57
39,8,54
21,3,35
45,4,42
28,5,44
21,1,31
49,6,40
54,11,55
36,6,40
25,7,56
41,8,57
60,15,58
58,9,50
49,9,52
57,15,60
35,7,44
24,7,61
41,9,56
47,8,52
63,10,42
53,5,34
48,10,53
57,8,43
44,1,33
47,3,38
23,7,62
55,8,51
62,13,56
49,0,29
19,5,47
54,0,25
45,9,50
25,3,30
19,1,31
25,6,54
55,12,52
43,10,58
27,7,55
21,4,42
11,0,40
16,7,63
59,17,63
40,8,60
44,10,61
49,3,37
27,5,37
61,3,25
59,9,50
43,7,45
25,4,41
51,5,38
17,0,32
11,5,56
26,4,36
40,6,45
36,1,27
23,3,33
60,0,16
62,14,56
48,9,51
47,10,54
46,3,34
59,8,43
43,5,44
42,11,62
36,2,27
51,0,26
46,10,63
9,0,39
57,5,32
11,3,50
61,11,47
55,11,56
62,0,17
12,0,37
41,4,35
57,2,27
31,5,41
33,8,62
54,5,35
55,3,29
43,4,42
43,0,25
51,6,43
43,6,40
63,1,18
59,2,27
38,10,61
34,8,48
27,2,27
39,7,42
52,8,51
63,3,25
60,9,47
52,4,30
12,1,40
42,9,61
55,0,22
20,3,39
61,16,62
33,7,52
61,13,55
46,8,49
58,9,44
60,10,44
21,3,38
35,9,60
48,3,34
9,3,50
57,1,23
45,5,43
62,11,52
43,11,62
52,8,47
62,7,34
45,7,47
49,1,26
40,2,34
63,13,56
17,6,60
41,6,47
34,9,62
41,6,43
57,2,26
60,11,47
53,8,51
30,7,50
52,13,58
16,5,53
47,2,30
50,2,30
56,14,63
37,2,30
47,1,30
59,3,29
30,7,48
32,3,33
40,0,21
39,7,53
15,3,46
35,6,42
18,5,53
42,0,26
47,7,49
19,4,48
49,4,33
26,6,50
18,0,29
42,8,55
32,5,40
23,7,58
22,3,39
49,5,43
55,8,44
29,7,50
36,5,41
35,4,34
56,5,34
42,0,29
12,5,54
40,7,47
43,9,54
48,5,44
16,5,51
52,9,51
11,6,61
32,1,27
33,3,29
42,11,61
25,6,55
48,8,51
40,6,47
25,7,61
59,0,21
42,4,41
39,10,59
45,6,41
50,4,40
43,8,56
41,0,24
45,7,51
46,6,47
14,5,56
38,6,40
45,10,57
57,0,19
51,2,28
10,0,40
54,3,28
31,5,39
53,4,36
61,5,30
51,1,28
14,7,62
12,0,35
55,14,60
60,8,37
35,6,39
60,15,60
46,3,32
59,14,58
27,7,53
59,13,58
34,8,62
49,3,32
57,0,20
35,7,48
19,6,57
22,4,45
57,16,62
53,16,63
56,16,60
14,7,63
63,12,55
57,15,63
30,5,37
9,7,63
43,5,40
19,3,43
41,7,48
61,9,48
38,2,29
34,8,58
31,5,34
29,4,35
47,3,32
40,8,53
55,2,25
30,3,30
45,8,52
42,8,50
26,7,59
57,14,62
46,0,23
63,4,25
31,4,32
47,11,57
42,0,27
57,8,47
55,2,30
52,3,32
45,6,40
31,8,61
61,11,48
31,0,26
40,9,61
51,2,32
37,0,23
39,9,55
37,9,56
58,0,17
15,2,44
9,0,42
43,4,36
23,0,27
15,2,40
63,11,48
15,6,61
38,8,50
10,2,46
60,12,50
19,2,37
34,2,30
22,4,43
50,10,56
52,7,47
34,1,30
22,4,40
58,8,42
52,7,50
41,7,54
49,0,24
41,1,25
38,2,31
58,1,23
54,7,46
29,7,56
60,12,54
42,7,54
14,1,41
40,7,45
44,8,47
19,1,33
45,7,46
54,10,52
36,8,50
57,10,48
25,3,32
41,8,49
62,9,42
59,15,63
34,2,31
54,12,57
24,7,54
51,12,56
45,9,53
58,7,38
42,8,46
46,9,59
12,2,47
13,0,36
14,1,36
52,12,55
54,13,56
14,2,45
13,5,54
57,1,20
41,3,31
50,0,26
44,9,58
56,8,49
36,5,42
39,8,46
21,0,28
28,1,26
21,5,45
47,9,57
60,0,19
37,3,31
59,7,38
45,7,49
41,8,46
59,5,32
56,13,60
35,8,55
50,0,27
34,7,55
43,9,61
51,7,40
49,13,62
39,0,29
59,11,49
44,9,56
29,3,34
50,2,27
38,9,51
56,14,60
41,8,53
47,11,63
61,1,22
30,3,33
28,7,59
62,4,29
45,9,60
39,2,28
45,2,31
25,4,34
62,0,19
10,1,43
23,2,31
54,6,43
63,2,20
43,1,31
53,10,54
40,5,42
31,1,26
50,12,63
19,4,46
63,17,62
58,11,52
30,4,38
49,4,37
49,1,31
53,0,24
29,7,55
49,1,28
27,4,32
60,16,63
45,6,45
36,6,44
50,8,51
34,8,59
38,10,63
57,14,58
52,10,52
58,1,25
58,11,54
17,0,29
11,6,59
25,5,43
45,1,32
48,4,33
39,10,61
50,2,31
46,9,57
32,5,37
26,5,45
41,0,23
10,7,62
44,7,45
61,3,27
38,2,35
11,4,50
62,8,34
39,6,41
49,2,32
15,5,56
62,17,60
14,0,34
36,7,43
27,4,38
12,6,59
59,12,52
23,6,48
34,3,28
51,8,53
55,11,57
61,14,57
37,8,62
24,7,60
54,7,44
40,6,43
35,6,45
39,3,38
60,8,43
50,8,47
24,0,25
48,4,41
46,7,44
39,1,30
39,2,30
43,10,60
39,9,51
51,5,43
43,8,57
14,1,37
35,8,47
57,1,24
53,8,44
51,1,29
22,2,31
38,3,32
26,7,58
50,7,45
32,0,27
43,6,47
61,9,47
47,2,33
60,9,46
40,9,56
32,7,52
60,11,46
20,4,46
46,4,34
57,7,43
31,6,45
29,7,62
21,5,49
37,3,36
25,4,35
56,7,42
50,2,34
63,10,48
37,0,25
34,7,43
43,9,62
61,10,44
28,3,31
18,2,35
12,4,50
42,0,22
32,4,36
39,7,55
19,0,28
58,0,23
52,6,39
42,5,43
30,7,63
24,3,36
53,10,51
42,2,31
55,13,57
47,4,39
35,7,49
60,9,49
40,8,55
50,12,58
36,1,29
56,10,54
47,5,44
45,2,33
53,1,29
52,11,57
53,0,22
47,11,59
13,4,50
35,0,28
31,5,40
52,6,37
36,2,29
39,4,39
33,6,43
38,8,57
58,9,45
56,8,50
24,5,44
25,5,45
43,2,36
14,6,57
63,8,37
50,5,36
42,6,48
21,2,32
12,4,51
38,10,60
60,12,55
48,1,28
10,3,50
24,5,48
44,0,24
59,6,35
46,8,56
24,7,63
62,2,21
49,8,54
51,10,57
23,7,61
20,6,56
61,1,20
53,8,41
61,15,62
61,14,59
18,6,57
13,1,42
34,8,53
47,5,39
50,8,50
56,7,47
17,2,42
37,7,54
62,12,52
23,3,37
46,6,46
25,2,29
48,3,30
44,8,55
37,9,52
54,2,24
34,7,56
14,3,48
10,1,44
47,9,52
45,7,48
21,2,34
54,6,40
53,3,32
62,6,30
55,6,41
30,0,23
27,7,61
39,3,37
9,5,57
55,3,31
54,2,25
59,1,24
46,1,27
55,4,33
52,12,60
45,2,30
38,9,55
33,7,45
11,0,36
32,6,43
39,9,59
53,8,52
40,8,63
28,1,25
62,3,26
33,1,29
13,5,57
48,6,40
45,5,39
38,8,46
63,7,31
50,6,42
28,4,38
25,6,47
16,6,60
26,7,63
57,1,22
55,11,54
58,10,52
35,7,45
38,6,43
49,8,50
25,6,51
27,4,34
19,2,39
36,0,24
34,8,57
16,1,36
31,5,38
47,9,51
49,4,38
35,3,33
31,4,36
44,0,27
58,15,60
57,7,42
44,10,62
24,2,28
57,5,35
48,10,59
56,8,47
29,6,44
57,10,51
23,6,51
55,11,55
24,4,39
53,9,54
29,4,31
43,9,55
52,4,35
61,5,31
56,8,43
58,6,34
43,8,48
59,9,49
31,3,30
42,8,59
18,2,36
29,7,47
13,5,53
28,3,30
59,7,37
49,0,27
42,3,39
45,9,57
38,6,44
31,0,23
41,3,37
62,11,47
54,8,43
57,15,58
59,10,45
20,3,42
43,8,49
18,0,30
41,9,54
59,0,17
43,3,36
58,11,49
61,9,43
63,13,55
52,7,42
54,1,27
9,1,45
20,4,47
29,7,57
55,1,25
53,5,35
40,4,36
47,1,28
37,2,34
13,7,63
37,6,45
39,1,31
33,4,33
52,3,34
35,7,53
55,9,44
47,4,37
38,8,63
59,9,46
37,4,37
49,11,58
19,4,45
20,7,59
52,6,40
35,2,27
53,7,47
22,7,59
37,8,54
53,13,60
44,7,47
36,8,57
51,14,59
44,6,42
50,1,31
36,1,25
63,2,21
48,0,26
32,7,54
18,3,45
35,1,27
39,0,23
38,8,62
57,8,41
50,1,27
62,17,63
53,9,50
42,9,57
15,3,47
31,6,47
32,3,34
52,12,61
62,15,61
9,4,55
34,9,61
9,4,54
57,3,28
13,2,43
58,8,47
22,6,53
57,15,59
9,0,43
45,5,37
58,15,59
59,3,26
38,8,55
36,4,36
26,6,47
48,8,54
55,7,44
30,4,32
47,8,55
12,1,39
33,7,43
47,6,43
24,1,26
51,12,62
28,4,36
41,5,41
49,2,29
37,4,36
44,6,47
40,8,48
27,2,29
60,16,61
30,1,27
22,4,39
50,14,60
19,1,32
24,6,56
37,2,27
45,10,56
49,4,40
47,0,23
42,3,36
42,8,58
23,5,47
31,7,45
18,4,46
31,1,27
59,10,50
34,3,32
41,3,35
39,8,56
49,9,56
56,2,25
21,0,27
42,10,59
59,7,35
58,3,28
61,8,40
62,4,28
50,8,48
42,8,52
61,4,27
25,4,39
53,9,51
53,6,46
33,8,49
30,5,34
45,5,41
61,12,50
27,4,35
48,3,33
30,1,26
58,1,24
59,9,47
45,3,35
11,4,53
17,3,46
47,9,58
58,14,61
19,1,34
52,7,48
53,3,29
55,9,46
63,11,50
43,10,57
16,4,48
31,4,31
38,7,51
42,9,51
40,2,36
61,2,25
44,3,39
57,12,56
54,14,62
27,6,50
33,8,46
59,3,27
62,10,46
35,2,29
39,9,58
35,5,40
31,4,38
25,4,33
46,8,51
50,8,53
19,3,41
18,6,53
46,0,28
62,7,33
35,8,51
46,11,62
35,0,22
31,0,24
39,9,63
44,8,57
33,6,44
49,6,47
50,5,43
41,9,59
43,7,47
59,11,47
34,7,54
57,11,54
10,0,38
47,11,58
39,5,37
30,6,45
60,3,25
47,9,56
54,6,38
24,7,57
42,4,39
54,8,47
53,2,25
16,6,58
49,10,55
51,2,33
56,6,39
57,1,27
36,7,54
63,14,59
49,1,32
63,13,51
49,11,56
32,8,53
21,4,46
19,3,42
31,2,32
62,6,33
40,8,54
36,7,45
53,2,31
36,1,24
51,0,27
36,2,34
26,7,52
18,1,31
9,0,40
37,5,37
39,8,45
51,2,29
41,0,25
28,7,52
57,7,40
56,0,22
37,2,28
34,8,46
58,7,37
51,4,36
37,8,61
21,6,56
38,6,41
37,7,52
56,9,43
36,9,49
16,4,50
10,2,45
27,6,47
41,7,47
46,2,31
30,6,43
47,0,26
49,5,45
44,10,63
21,6,54
40,0,28
34,6,41
42,9,63
31,7,58
32,8,51
62,9,39
29,2,28
42,8,56
53,9,49
10,5,56
63,6,32
62,16,59
37,0,26
30,3,31
43,5,45
23,0,24
50,9,54
59,13,54
55,0,25
48,10,56
46,9,56
58,3,30
51,7,42
39,3,31
51,10,54
40,3,37
18,6,58
11,1,44
46,2,34
54,8,42
34,6,39
23,5,43
40,9,62
45,8,56
10,6,60
58,5,32
61,0,16
17,7,62
27,4,40
52,8,49
51,7,45
31,6,40
33,2,32
41,3,36
34,8,63
36,7,42
46,3,35
18,6,60
39,6,44
41,6,41
61,0,21
45,3,38
20,1,33
34,8,49
57,0,24
40,3,33
48,10,58
61,3,24
60,4,28
18,5,50
35,9,59
31,2,28
28,4,32
57,7,45
48,3,35
20,2,33
32,7,45
41,10,63
30,0,25
58,4,29
11,4,51
57,9,43
58,9,46
50,13,62
57,12,52
46,5,41
60,10,46
36,8,58
19,6,60
60,8,45
46,4,40
51,10,53
38,6,39
11,1,42
55,7,46
53,0,21
17,3,45
21,1,28
54,1,25
47,0,27
30,7,59
50,11,54
44,0,28
55,7,39
32,8,59
46,6,45
41,7,51
52,5,39
53,6,39
62,1,21
15,2,42
59,16,60
40,0,29
52,2,26
49,13,60
58,13,56
29,3,29
39,0,25
46,7,52
30,0,26
13,0,37
48,4,35
63,5,30
24,5,46
47,5,38
25,4,32
60,16,62
53,6,44
48,10,60
34,1,25
63,13,53
53,10,52
63,1,21
16,0,35
9,3,52
47,10,56
28,2,28
19,4,43
52,5,34
48,1,26
21,4,45
27,0,24
19,6,54
41,0,21
49,6,42
61,10,50
44,6,44
37,8,53
11,5,55
38,6,45
60,7,37
62,11,48
45,4,38
31,2,29
26,6,48
62,6,32
57,9,42
50,4,35
27,4,36
51,3,34
48,12,59
14,0,35
16,5,54
50,12,62
39,8,60
42,2,33
52,9,54
59,5,31
25,7,60
45,9,59
58,10,45
21,0,26
43,4,40
55,14,59
57,8,44
12,6,58
22,5,43
24,6,46
12,5,55
38,4,35
9,3,49
39,8,58
46,10,56
61,13,53
35,5,37
51,0,24
35,8,56
36,9,56
49,10,56
11,3,49
35,3,30
50,10,54
37,8,56
51,4,31
42,6,41
35,4,39
31,3,33
40,7,52
34,7,47
56,8,48
14,7,61
32,2,32
49,8,48
36,5,38
16,3,46
48,7,49
34,6,44
11,5,54
47,1,33
17,6,57
21,7,59
35,0,23
41,10,58
26,5,40
38,7,42
37,1,26
34,7,42
52,5,35
27,1,28
25,7,62
42,7,47
48,4,34
27,1,27
40,8,57
51,8,48
18,3,41
60,10,49
63,7,33
60,13,58
62,13,54
59,14,56
46,7,49
44,1,32
40,5,40
53,2,30
23,6,57
35,4,36
19,5,53
41,9,57
52,11,55
57,9,45
33,8,50
48,12,63
56,9,51
32,8,60
55,7,48
33,0,27
63,10,39
27,5,38
22,6,57
55,6,39
19,2,34
47,7,48
13,3,45
56,9,47
37,4,32
15,1,37
26,1,28
62,4,25
46,11,58
16,2,38
24,6,49
17,5,51
31,6,43
17,2,36
42,9,54
50,5,38
61,0,20
52,13,63
61,11,51
32,4,31
