44,14,37
30,21,55
16,13,7
49,17,62
49,23,21
24,20,51
41,15,50
54,19,41
42,21,62
60,17,60
18,14,9
44,21,22
42,15,33
7,12,7
0,11,2
52,15,51
22,19,4
63,23,38
24,14,35
39,15,51
45,19,29
21,23,53
30,16,8
40,20,7
39,20,16
24,12,27
42,17,29
0,18,25
32,13,41
11,12,8
13,19,40
13,12,7
10,9,14
0,13,0
58,16,61
10,14,5
48,17,33
41,14,40
49,15,49
61,20,48
42,19,63
3,19,36
36,14,36
28,17,48
23,19,47
60,21,47
11,13,22
27,22,1
39,13,34
0,21,31
42,15,50
25,14,11
21,11,23
21,12,20
6,14,1
15,11,18
16,14,7
2,21,45
14,12,8
57,17,46
52,21,30
44,22,11
47,15,37
16,17,37
18,12,26
51,17,37
23,22,52
32,13,35
34,14,44
61,17,56
49,17,37
40,19,20
24,21,50
35,21,60
18,17,2
34,19,3
36,22,59
58,23,29
53,16,45
12,12,27
14,13,6
26,18,49
59,17,53
57,17,49
10,13,27
41,20,10
39,16,25
8,10,13
42,21,61
26,19,51
6,15,34
17,19,41
44,22,9
62,18,52
54,16,48
1,19,38
62,19,53
63,19,55
21,22,49
19,21,44
63,20,57
16,19,39
60,17,51
24,13,35
62,22,35
55,16,62
33,19,51
34,16,9
11,12,24
40,13,33
44,15,33
60,19,58
18,19,39
6,11,17
8,12,20
49,18,63
45,18,28
3,17,25
33,13,37
39,20,9
41,20,9
39,18,23
25,17,45
54,17,62
36,14,44
11,15,4
32,12,31
46,15,49
40,14,44
41,22,62
46,16,35
32,23,59
40,17,55
63,19,60
36,22,62
54,21,28
25,20,50
32,15,45
24,13,14
37,13,35
31,13,31
40,16,51
61,18,54
38,23,62
16,16,36
56,21,29
14,10,14
10,16,38
59,20,45
50,15,43
18,17,36
17,11,24
13,12,9
51,20,30
9,14,25
21,12,16
42,14,46
48,16,61
24,19,2
23,21,49
35,15,22
28,16,44
13,11,11
36,16,49
0,19,28
29,21,56
19,14,33
27,17,48
4,9,12
59,21,36
19,17,39
56,17,53
45,15,55
1,20,43
39,15,50
10,10,11
44,14,41
43,14,50
17,22,45
21,15,7
26,12,29
46,16,60
29,12,26
46,19,31
30,13,20
30,23,60
35,18,15
31,13,21
23,18,2
35,18,7
30,12,29
28,13,19
42,20,63
37,18,11
60,21,37
26,23,57
44,17,55
42,17,59
42,23,3
47,21,24
46,22,22
49,16,49
15,14,7
29,22,1
11,10,17
46,15,51
44,18,59
42,14,42
29,13,17
28,18,49
53,16,53
31,20,52
19,20,42
27,23,56
38,20,7
40,15,49
7,12,20
48,15,45
52,23,26
30,15,19
15,15,34
39,14,45
23,20,0
7,15,27
10,16,0
43,22,14
37,13,32
31,23,60
17,16,34
3,18,31
40,16,49
21,13,31
35,14,42
20,12,13
15,22,46
21,18,0
17,12,27
41,16,33
27,15,9
12,10,12
19,16,35
39,19,58
1,21,46
11,12,23
9,9,15
60,22,43
39,14,42
60,20,48
51,16,51
38,16,48
25,23,56
57,16,56
43,15,55
7,15,30
45,18,63
48,20,30
23,17,7
20,19,41
2,14,0
7,14,3
48,15,48
8,10,9
59,19,45
30,14,18
20,17,39
28,12,34
34,12,30
29,12,25
6,14,3
24,22,53
57,17,52
57,16,58
21,11,18
39,16,26
38,14,28
42,19,58
53,19,34
29,14,43
9,12,20
8,11,18
40,16,50
26,15,9
35,14,44
6,10,10
20,18,2
42,14,35
59,17,54
16,21,41
33,20,57
55,18,40
39,18,20
13,23,44
41,20,11
58,19,46
11,21,45
16,11,23
56,17,48
22,14,35
0,23,51
52,22,28
24,13,31
20,12,20
42,21,15
57,16,50
60,20,50
37,13,29
0,20,35
15,16,37
15,23,44
58,17,47
59,18,50
47,14,45
61,22,46
12,14,33
9,13,4
17,13,10
49,16,56
24,21,0
0,9,7
36,20,56
51,22,27
13,16,36
40,16,54
41,14,41
31,12,34
11,14,5
36,20,57
16,11,18
51,19,31
62,22,42
24,14,11
63,20,63
9,14,4
11,15,35
33,15,45
23,13,14
33,16,10
61,22,45
61,19,60
0,19,26
9,14,26
46,17,34
31,16,9
26,21,1
33,15,19
41,14,51
37,19,9
40,21,15
30,19,6
62,20,57
12,23,44
6,15,24
15,16,36
40,20,18
44,18,62
43,15,54
21,17,5
33,21,56
21,21,46
45,16,54
32,19,53
37,14,44
35,18,51
37,15,48
19,23,48
41,14,36
47,15,54
24,13,32
0,21,38
39,20,10
20,14,10
54,22,29
37,17,19
60,20,45
33,15,18
3,18,29
63,19,61
27,20,52
43,20,21
21,17,39
14,16,36
17,12,25
11,22,45
40,20,58
17,20,41
54,15,47
25,15,38
43,23,13
5,17,25
1,11,19
59,22,29
29,22,58
14,11,16
21,22,51
19,14,7
44,19,63
12,13,27
63,23,41
25,12,24
13,18,40
24,12,29
8,10,18
34,15,22
42,20,22
27,19,50
45,16,58
15,23,46
9,13,21
48,21,26
36,13,37
42,19,23
48,22,25
58,20,36
38,19,10
63,18,59
43,15,34
54,20,33
48,15,57
12,17,0
10,13,26
44,15,54
21,13,32
19,23,51
60,16,63
3,8,10
17,16,36
20,12,16
11,10,14
31,23,2
5,16,34
13,12,27
29,23,56
43,20,20
13,11,13
42,20,18
29,15,46
40,17,28
48,16,35
50,15,56
63,18,52
18,11,12
15,12,10
9,15,35
18,10,21
49,22,25
2,9,9
39,21,63
43,22,9
11,13,28
1,20,33
22,18,2
58,19,42
46,17,58
10,18,38
55,18,47
50,18,36
2,19,28
9,10,9
22,19,0
1,8,10
61,18,55
41,20,58
40,20,11
39,16,28
33,16,50
34,15,21
5,14,2
29,12,30
42,23,4
48,15,53
42,22,5
2,13,1
14,10,15
38,15,50
1,11,3
11,13,30
18,16,5
3,12,19
32,13,25
55,19,38
38,19,12
32,15,13
6,18,42
26,17,48
5,12,20
23,12,21
13,15,34
35,13,35
29,14,12
39,23,0
28,15,10
50,15,42
34,20,3
40,14,47
27,12,21
3,8,13
5,9,13
28,17,49
25,12,22
52,16,60
58,18,51
10,18,39
45,16,35
44,15,51
36,20,58
13,16,35
17,12,14
51,16,55
2,19,32
39,20,61
12,14,31
60,23,27
29,14,39
16,18,38
56,18,49
27,16,45
59,18,55
61,17,57
40,17,54
39,21,7
24,18,47
36,14,28
34,20,1
37,19,17
58,18,47
35,14,48
46,23,8
31,14,15
62,18,53
32,21,54
55,17,63
62,20,54
41,16,30
52,18,37
19,12,17
9,10,13
19,21,43
36,13,28
41,16,31
51,21,30
25,19,47
8,17,37
23,20,1
15,21,43
9,16,0
8,9,14
43,18,59
4,23,48
43,14,42
50,15,52
32,12,30
36,23,63
16,10,19
41,19,22
42,14,47
9,23,47
17,16,4
46,15,40
9,19,43
20,23,53
16,15,4
45,22,19
57,20,37
44,15,50
54,16,57
62,18,55
51,15,44
19,15,6
27,20,2
7,13,21
41,23,2
46,23,18
22,17,41
61,18,59
39,19,11
43,14,35
45,16,34
39,20,15
48,15,55
4,21,46
3,20,44
16,23,46
25,21,0
52,15,52
36,17,19
45,17,35
55,16,53
20,16,36
4,12,5
0,12,18
24,14,10
29,18,6
38,17,54
38,20,58
33,16,16
51,23,24
51,16,40
47,14,40
3,17,32
33,23,61
35,13,31
6,10,17
26,12,19
25,17,6
12,13,29
3,10,8
1,20,39
57,19,42
54,18,45
25,22,55
13,12,26
62,23,35
25,16,8
55,19,40
17,12,29
20,11,16
29,16,46
37,14,41
10,15,34
60,19,48
29,15,45
25,15,10
9,13,22
23,19,4
62,22,48
53,16,55
38,14,39
30,22,0
18,12,12
5,11,18
56,17,62
59,20,41
46,18,30
35,22,62
34,21,1
38,19,56
57,20,41
35,14,28
22,21,50
35,17,51
47,17,61
39,22,3
54,23,25
2,21,46
27,13,33
19,12,16
5,22,47
37,14,40
41,15,31
6,16,23
20,19,42
31,18,50
13,20,42
40,21,14
15,11,22
5,14,21
39,17,24
19,11,16
50,16,61
44,14,48
24,20,2
0,11,17
3,13,21
46,15,36
18,19,41
17,18,39
29,14,18
42,14,45
30,13,39
35,14,46
28,14,12
58,20,43
33,17,50
50,15,54
28,23,0
38,13,37
39,21,5
16,17,36
10,12,8
15,12,29
45,16,56
41,16,56
36,22,58
39,17,25
37,14,27
15,13,30
58,22,31
62,22,46
53,17,39
63,22,47
49,18,35
24,18,45
17,17,37
47,16,62
22,12,28
7,15,33
39,15,53
54,17,42
33,15,21
40,15,32
0,21,47
27,21,53
53,19,33
41,18,24
54,18,39
1,9,15
57,20,33
14,20,41
63,19,49
58,22,30
3,17,29
61,20,47
5,17,36
26,14,37
34,20,58
55,18,41
0,9,13
5,20,41
44,22,20
34,21,60
27,23,2
17,20,43
57,18,51
17,19,39
41,20,18
62,22,49
20,22,48
3,17,31
59,19,48
36,16,50
37,22,3
53,17,45
36,19,9
45,15,40
6,15,35
49,18,38
0,21,37
57,16,51
62,23,30
15,12,28
47,18,36
35,17,50
15,10,19
32,17,7
43,23,3
42,22,6
5,16,35
41,16,55
28,14,39
32,21,1
22,16,8
20,13,10
25,12,27
60,21,44
4,9,8
58,20,38
42,16,30
15,12,24
60,22,37
4,17,36
54,19,42
42,14,43
32,23,62
32,22,2
50,22,28
54,17,45
61,21,44
0,9,15
17,22,46
59,21,33
0,20,41
55,17,61
36,22,63
17,13,31
24,12,19
34,19,4
12,17,39
60,17,56
63,20,49
2,15,22
42,19,22
26,19,48
21,12,30
36,20,4
2,10,5
57,19,39
50,16,51
56,20,32
20,15,36
44,17,60
27,12,30
8,14,23
0,9,14
19,19,42
54,16,55
34,21,57
28,23,2
23,12,30
20,23,51
42,19,59
45,15,53
33,13,40
17,23,49
0,21,33
31,19,6
30,20,53
4,9,16
22,17,43
34,18,51
48,18,63
53,17,41
44,20,23
58,19,47
40,21,63
61,17,53
22,23,52
39,22,61
1,20,34
56,23,27
43,21,63
37,23,61
19,19,40
27,14,35
5,19,41
30,14,20
23,13,33
10,19,42
18,14,33
15,10,18
17,23,48
36,16,22
36,20,7
0,13,20
25,11,24
50,15,45
29,19,53
29,20,52
43,15,47
5,18,39
11,16,36
39,13,39
11,20,43
37,18,54
13,23,47
45,18,29
50,23,26
22,14,10
13,16,0
5,12,5
23,18,1
24,15,10
4,10,17
14,17,38
33,14,41
45,17,34
38,21,63
56,17,61
42,21,11
3,19,29
12,13,30
27,14,14
63,19,50
1,13,1
25,23,53
55,18,39
47,22,24
16,23,49
59,20,40
32,22,56
7,10,11
32,18,53
44,18,63
26,20,0
35,14,25
31,17,49
59,22,32
32,13,27
26,19,6
34,17,15
15,22,43
28,15,44
61,23,32
15,12,9
9,15,36
32,16,48
48,18,34
33,18,5
14,12,25
22,16,7
22,11,22
1,20,42
0,8,8
37,14,28
20,13,30
52,17,62
48,16,62
35,19,4
14,19,41
51,19,32
24,23,54
30,16,9
39,21,4
25,22,53
10,22,46
1,13,0
12,23,46
14,11,13
49,16,59
35,22,0
42,17,56
39,15,52
23,20,49
28,20,52
47,16,61
20,12,18
11,12,22
31,17,8
14,10,16
19,13,31
48,16,59
0,9,6
8,15,27
45,19,30
20,17,40
32,14,20
31,22,0
49,15,53
28,13,32
42,14,37
28,12,20
26,12,24
55,19,39
58,17,51
30,21,3
49,16,62
54,16,60
14,21,44
8,14,21
2,19,42
10,13,23
56,18,46
29,23,59
6,16,30
2,18,38
54,15,51
26,17,8
56,19,40
11,20,42
37,14,36
1,20,32
1,19,37
22,12,30
10,14,23
35,20,58
14,14,6
45,16,36
29,23,1
18,12,13
45,17,56
52,16,59
30,12,23
50,21,28
40,22,63
46,15,53
33,13,42
57,16,55
31,15,15
46,17,61
52,18,34
55,18,42
32,18,6
30,13,22
61,19,55
61,23,40
9,20,43
37,15,28
4,10,6
16,21,42
26,16,44
44,23,5
36,13,41
15,20,42
51,16,59
34,13,34
12,12,22
29,14,40
11,17,38
43,21,20
6,10,18
25,12,17
50,16,41
5,10,17
52,17,38
41,14,45
25,20,51
15,11,12
11,16,1
53,16,58
32,13,28
7,20,40
36,14,37
22,11,24
14,12,23
40,19,18
50,17,37
25,14,39
2,11,18
56,16,51
63,19,62
13,19,41
27,14,12
40,14,33
27,17,47
32,17,51
42,18,58
25,14,10
41,16,32
52,21,29
32,21,57
29,21,4
39,19,60
25,16,41
26,12,20
25,18,7
25,11,23
37,20,5
41,21,16
14,20,42
10,10,18
27,12,34
9,23,45
62,23,37
46,15,50
46,14,43
3,13,20
51,19,38
42,17,27
30,19,53
51,15,45
30,22,3
17,16,2
14,11,19
31,13,35
3,13,2
7,13,20
58,20,41
56,17,54
63,20,61
3,19,37
6,15,28
44,19,29
5,14,0
63,21,50
55,17,49
2,19,35
42,21,9
17,23,46
20,12,26
16,13,30
54,18,43
33,20,56
62,17,57
15,20,40
52,17,44
41,21,11
38,17,53
44,15,46
47,18,30
20,12,19
55,19,33
21,12,24
18,21,46
5,8,12
18,17,39
29,17,49
37,17,55
4,19,42
17,14,31
46,15,37
11,13,6
31,13,34
4,12,19
42,19,62
16,23,48
57,17,51
40,20,61
51,23,27
2,18,32
6,11,8
38,16,53
5,15,22
2,8,12
49,22,26
27,12,19
35,21,58
31,20,3
42,16,31
23,12,19
22,17,6
53,15,51
24,22,54
10,23,44
42,16,57
44,16,35
16,16,3
63,20,48
12,15,35
50,18,34
24,12,20
4,17,25
7,11,8
30,20,4
43,19,60
41,21,12
57,19,45
53,17,61
15,15,3
9,10,11
44,15,34
14,11,20
30,19,5
37,19,7
26,13,33
46,18,63
62,19,57
49,15,45
36,14,41
44,22,16
44,20,62
25,17,46
42,21,20
48,15,44
37,13,42
2,12,20
22,11,26
63,17,63
47,20,29
31,14,18
55,17,45
3,11,4
10,14,34
15,11,15
4,17,37
35,16,50
30,13,35
47,19,32
7,10,10
27,18,49
24,19,0
48,19,31
44,23,11
18,13,9
37,13,36
9,17,38
33,16,49
36,13,39
8,10,17
51,18,36
40,22,5
40,22,4
47,17,33
46,19,29
29,22,0
45,17,61
3,8,12
25,17,7
7,19,40
31,20,56
24,15,9
46,16,55
63,22,43
23,12,17
14,11,10
40,17,50
40,16,28
30,14,19
4,17,28
3,16,23
46,21,24
5,19,43
38,16,24
48,23,23
33,19,55
46,23,10
32,13,23
29,15,12
30,14,42
58,22,32
29,12,28
21,18,2
49,16,39
45,15,37
60,23,33
50,16,57
27,21,2
38,19,8
56,20,33
9,21,43
17,14,32
20,13,31
12,22,44
45,23,12
63,18,61
11,13,29
16,22,42
23,14,9
24,14,38
10,11,18
57,16,57
32,15,20
19,12,29
39,19,14
28,20,2
16,19,41
55,19,34
26,13,12
41,18,23
1,19,25
60,19,52
8,15,32
22,20,48
17,16,1
41,13,37
27,16,44
31,22,4
40,17,57
22,18,42
15,13,28
14,15,35
9,20,41
42,20,60
21,15,37
25,19,50
36,21,0
50,15,40
35,18,10
52,17,45
26,13,35
45,18,61
34,16,15
50,15,41
35,20,5
8,15,28
30,12,28
25,12,30
57,18,48
39,20,8
61,23,34
13,11,22
46,15,48
18,18,0
28,14,13
48,15,50
1,13,21
56,16,57
29,13,19
48,17,35
28,18,51
22,16,6
33,16,18
35,15,24
21,21,47
4,16,33
4,12,20
61,22,36
11,13,5
57,16,60
10,10,12
14,10,17
37,20,4
60,21,43
30,15,10
6,13,21
40,15,52
43,23,16
52,17,37
21,23,54
18,13,8
25,12,21
46,14,42
41,15,30
48,18,33
42,14,39
11,23,45
23,11,26
12,10,15
10,9,15
62,23,31
28,13,37
10,14,4
31,15,16
58,21,36
18,14,32
54,22,27
43,17,57
50,16,42
21,11,22
31,12,29
45,15,48
27,17,8
45,14,38
58,21,34
26,13,18
14,16,37
25,22,0
43,14,37
47,15,39
62,19,52
58,17,63
1,11,4
7,15,26
10,11,20
31,15,46
61,20,45
55,16,56
5,16,26
32,14,43
32,13,21
62,22,38
37,14,42
4,13,20
45,16,60
21,14,9
45,23,17
23,18,4
10,11,8
19,20,43
18,11,26
9,14,31
36,22,1
38,23,1
30,20,55
45,23,11
6,19,43
14,23,44
36,20,59
37,17,22
6,9,12
16,10,22
17,11,16
31,15,17
35,17,12
3,17,36
7,23,47
44,23,16
36,17,13
20,11,18
37,20,59
39,21,61
25,13,13
18,11,24
9,21,45
8,23,47
37,23,63
62,18,56
31,16,47
4,22,46
60,23,31
27,13,35
42,21,17
40,23,3
10,11,19
41,17,57
31,19,51
22,17,4
19,13,30
29,21,55
9,19,41
14,23,45
60,18,56
60,18,57
27,20,53
4,19,41
54,19,36
53,19,35
0,9,9
43,14,40
35,23,61
52,18,43
54,19,34
4,16,32
31,23,57
21,14,33
40,20,63
11,14,29
19,18,1
39,17,57
1,21,33
29,15,19
3,10,5
25,14,36
45,23,7
3,18,28
19,18,41
26,20,53
19,23,47
52,15,49
38,17,25
39,20,62
12,13,31
28,23,55
5,23,45
12,22,46
59,18,49
4,17,39
49,20,28
46,18,33
23,22,54
48,18,37
23,21,52
18,23,46
13,11,21
0,11,16
40,14,34
21,18,41
27,12,31
37,20,7
13,11,20
31,16,8
47,22,23
29,12,23
52,16,52
48,15,49
45,14,42
59,19,47
8,13,21
38,13,32
22,12,12
35,17,10
55,17,47
25,13,15
39,13,38
38,20,60
31,21,57
45,15,51
26,14,12
42,14,49
29,12,33
18,10,22
45,23,8
63,23,45
18,20,41
37,22,63
19,11,23
16,12,25
9,11,9
3,10,17
9,10,16
31,16,10
17,15,33
32,23,2
40,15,29
28,16,8
60,18,54
46,17,54
3,17,35
0,14,21
12,11,11
30,17,8
36,22,0
37,15,27
12,20,44
10,23,45
6,15,31
2,11,5
59,20,43
28,22,57
35,18,16
35,16,24
23,15,38
62,17,62
1,20,36
50,15,44
38,18,13
24,13,13
35,20,3
11,10,13
50,15,50
44,17,31
20,16,35
28,22,56
4,11,18
36,23,62
9,10,12
17,15,6
47,14,44
61,19,49
31,18,6
6,15,22
31,14,44
35,13,40
14,21,43
42,18,59
56,20,37
42,22,8
32,14,19
58,21,39
60,19,56
8,15,29
50,16,37
16,14,5
38,19,17
33,23,58
24,16,43
24,12,32
61,23,42
62,21,45
59,18,52
29,13,20
59,17,52
32,13,39
44,17,56
18,16,3
36,13,32
35,16,22
24,11,25
47,19,62
57,16,53
34,15,47
35,17,17
23,20,47
29,20,54
17,17,1
11,19,41
15,14,6
43,14,49
3,18,27
18,12,28
18,14,31
35,18,6
9,16,38
17,14,7
31,12,31
34,23,61
42,22,13
19,23,49
17,21,45
46,17,55
6,23,46
53,19,39
37,13,31
31,16,46
27,23,0
48,19,29
4,20,45
15,18,40
56,18,48
59,21,43
26,14,36
5,21,45
1,11,16
35,17,20
63,18,54
33,21,57
41,19,25
61,19,53
57,19,38
21,14,8
37,14,31
24,15,37
21,18,3
18,22,45
52,16,49
18,20,44
56,19,43
29,16,48
56,16,47
62,19,55
52,15,54
6,20,42
24,19,46
14,17,39
22,16,37
1,12,3
57,18,43
27,23,1
54,20,30
33,18,53
15,11,25
41,22,15
13,13,8
32,14,40
10,20,44
11,21,43
11,20,44
17,21,41
7,15,22
7,15,0
13,16,37
47,21,25
60,22,40
43,20,23
28,23,57
6,16,25
15,12,11
26,13,34
20,18,0
24,20,47
20,10,23
17,14,8
35,17,8
9,19,42
16,12,29
10,14,30
11,10,11
0,10,16
11,16,0
45,15,52
49,18,32
17,13,9
30,12,27
31,14,42
40,20,60
24,17,6
31,15,19
18,23,49
38,22,1
24,19,1
59,21,32
21,12,29
2,12,19
31,22,2
44,15,55
33,13,27
63,19,54
34,17,10
38,22,63
36,15,27
37,21,7
61,22,44
62,20,47
29,18,50
2,12,1
7,15,1
12,10,20
6,15,0
47,16,58
44,17,32
56,17,50
62,23,36
1,20,45
37,14,39
49,18,34
59,20,42
51,15,42
13,11,15
46,21,23
8,14,33
43,15,32
23,18,45
41,19,56
48,17,36
32,22,60
44,15,48
31,14,40
7,16,36
55,17,44
37,20,60
40,21,8
9,15,29
44,23,9
34,22,0
28,12,31
35,16,51
13,12,24
30,21,54
8,20,40
2,20,44
4,17,27
25,12,23
40,17,26
18,15,33
18,17,38
20,18,41
32,18,52
13,18,39
49,18,37
15,11,19
36,17,52
8,15,24
8,18,41
18,22,47
60,18,60
60,23,28
39,23,3
50,16,53
63,19,51
13,14,31
17,17,36
49,20,31
27,23,58
21,20,45
42,19,57
37,18,15
61,21,42
17,10,20
0,20,44
34,17,52
34,17,11
18,11,22
13,12,22
60,18,55
13,14,33
61,19,57
35,14,26
16,16,34
34,20,55
9,9,11
2,13,2
24,12,15
14,13,28
30,18,50
25,15,42
43,15,33
58,18,46
1,19,42
1,19,43
12,23,47
28,22,4
57,18,45
40,18,22
18,21,43
30,15,14
28,16,48
55,20,41
50,23,22
25,12,33
45,15,44
13,10,11
43,19,24
48,15,39
16,15,35
33,21,58
35,18,52
49,16,55
10,10,14
4,17,34
62,23,39
2,8,9
54,15,54
30,20,5
23,12,15
26,21,0
24,13,34
60,18,58
57,16,52
62,23,38
38,14,44
25,12,19
43,14,51
36,18,16
28,23,59
27,17,49
15,14,32
44,14,49
37,15,46
28,19,6
59,17,51
32,13,26
11,10,10
40,15,53
54,17,44
51,15,47
5,17,39
62,20,58
35,13,34
1,20,30
37,15,50
32,14,41
4,9,14
47,14,42
6,13,5
28,17,50
18,12,11
45,23,18
41,16,29
42,15,43
48,16,56
15,11,13
2,10,6
22,16,40
46,19,28
46,17,59
9,14,24
20,18,39
28,21,53
9,16,37
5,10,8
63,18,58
53,17,40
55,16,58
31,22,59
59,19,44
35,15,21
32,22,0
34,20,4
43,20,62
40,20,9
19,18,0
1,9,8
34,18,7
56,21,32
5,16,25
14,12,9
29,12,27
36,21,4
48,21,25
14,13,30
19,23,50
13,23,45
34,16,20
41,15,34
51,16,41
14,13,31
44,15,52
33,13,41
39,14,43
39,14,32
32,21,56
24,21,51
20,17,41
10,13,6
8,15,2
42,21,19
45,17,33
26,21,54
10,14,31
29,19,6
62,21,50
29,21,1
2,18,34
15,17,37
59,17,62
51,20,29
17,11,25
57,18,50
2,19,27
55,19,37
10,20,43
48,16,36
59,22,30
38,18,19
26,13,38
33,20,55
42,15,46
34,14,24
22,15,35
25,15,41
61,18,56
31,20,53
46,17,32
44,18,29
7,19,41
21,17,40
20,17,38
30,19,51
57,19,46
57,22,29
15,23,48
2,19,39
18,20,43
60,18,51
40,13,39
61,22,32
54,17,47
34,22,62
22,22,53
4,22,48
23,16,9
18,17,3
11,14,4
5,17,29
1,9,14
50,16,62
47,20,26
13,14,6
63,22,48
11,11,8
28,18,7
39,14,39
32,15,15
33,18,51
48,18,35
53,23,27
26,19,49
30,16,46
35,13,36
22,17,3
4,23,47
0,8,9
60,19,54
37,16,22
23,21,51
46,16,36
18,11,21
38,13,35
42,22,15
47,16,41
59,20,46
34,23,63
13,14,5
54,16,53
16,15,34
28,12,26
13,11,23
8,14,29
3,14,22
46,14,40
58,20,39
61,21,50
22,19,46
35,21,1
11,18,41
6,11,7
23,22,51
45,15,56
29,16,47
45,14,46
42,21,18
58,19,51
8,11,9
56,20,36
39,17,26
30,23,0
35,22,61
26,20,51
55,21,29
15,14,33
7,9,11
23,14,33
26,12,27
16,12,20
54,16,52
31,20,5
20,15,35
49,15,48
22,13,13
50,15,48
34,15,20
45,17,58
5,13,2
0,8,10
26,12,32
33,17,51
43,17,31
25,19,2
4,14,0
23,15,39
14,12,27
45,16,57
20,11,19
35,17,52
38,17,23
2,19,29
6,16,35
0,20,43
27,20,4
36,15,46
23,19,2
40,18,23
19,16,36
24,14,37
33,13,29
7,15,28
50,16,56
46,23,21
57,19,41
58,17,62
46,15,54
60,21,36
44,20,24
0,18,24
25,16,42
0,17,24
7,16,38
26,14,40
10,14,3
60,18,52
33,16,13
34,13,25
6,17,40
16,13,31
27,19,4
37,13,34
40,15,48
58,17,49
48,18,31
19,12,10
62,21,48
41,14,33
46,20,28
6,18,39
61,18,58
9,18,41
33,14,23
48,18,36
22,19,2
6,20,44
30,18,52
56,18,44
47,15,42
11,12,20
18,21,44
49,16,52
4,16,31
4,17,30
58,16,52
10,19,40
22,22,49
28,17,46
11,9,17
38,18,18
3,23,47
35,21,56
2,18,24
33,21,2
22,16,5
1,18,24
10,13,22
20,17,3
37,18,10
31,17,51
30,19,52
34,13,41
12,12,24
9,12,6
20,15,6
4,17,24
1,12,0
40,15,31
37,14,47
16,12,26
36,21,1
0,19,27
39,19,9
35,17,18
13,15,4
35,16,23
21,15,36
32,22,59
36,20,3
29,17,7
58,16,60
29,15,43
41,20,63
25,13,14
12,10,13
41,19,59
40,17,27
17,12,26
44,16,59
4,11,17
55,18,43
43,17,29
58,16,55
14,11,18
30,12,32
12,11,22
0,23,49
8,19,41
36,15,48
11,17,39
14,11,21
5,13,4
59,17,56
19,12,28
44,15,53
48,14,45
44,17,30
40,13,38
53,16,56
0,22,49
5,11,6
2,19,43
32,12,27
4,12,4
57,17,47
31,12,26
23,16,42
18,14,8
54,18,38
59,23,30
30,16,49
52,15,46
21,15,8
41,13,39
28,14,11
30,14,41
7,10,16
63,21,48
33,13,31
31,13,40
12,10,14
50,18,33
13,16,2
44,23,13
19,15,33
15,19,41
8,15,26
13,21,45
20,16,4
51,16,62
36,17,54
36,13,38
7,11,7
45,20,25
8,21,42
32,20,53
36,13,33
8,9,15
2,8,10
43,17,30
44,23,8
40,23,2
46,19,62
38,13,41
7,15,29
30,12,24
34,16,22
54,16,47
24,18,3
29,13,22
26,22,2
59,16,63
42,21,13
5,21,44
43,20,25
60,20,46
16,12,10
13,13,7
12,15,4
47,16,35
1,19,40
38,14,49
41,13,36
29,22,3
16,17,38
3,17,33
59,17,57
40,14,39
30,13,21
34,14,45
58,23,32
32,21,58
0,21,30
36,15,47
39,20,59
9,14,30
11,9,16
10,10,9
11,12,6
42,15,34
30,15,13
59,17,50
40,15,54
50,18,38
53,22,28
26,23,55
28,13,35
26,18,7
49,15,47
31,15,18
30,16,47
41,21,63
16,17,1
2,10,7
34,16,16
14,11,17
8,21,45
43,20,22
18,14,7
33,14,46
4,11,7
34,21,0
21,12,18
58,21,31
40,14,48
33,14,42
10,16,37
11,16,38
6,23,47
36,19,55
63,22,45
33,13,38
12,21,43
3,15,22
34,13,28
29,15,9
40,20,14
3,14,21
37,16,24
21,12,27
31,14,20
17,18,38
4,17,33
26,20,2
9,10,18
51,21,28
42,15,44
42,14,48
47,16,55
5,19,39
27,13,32
7,10,17
19,18,39
0,20,27
10,14,32
26,20,4
41,18,58
28,17,8
29,21,54
30,15,44
36,21,58
48,17,34
39,22,2
32,23,58
40,14,41
27,14,38
50,17,36
35,16,20
41,22,6
33,14,21
38,14,47
27,11,26
22,14,9
14,11,15
13,10,13
3,23,48
1,19,36
27,22,54
1,20,40
25,12,26
23,19,1
2,18,25
6,17,39
53,17,63
26,14,39
12,14,5
15,11,17
44,19,25
23,16,6
32,20,3
8,15,1
27,22,2
33,12,30
52,23,27
15,15,35
29,19,52
61,23,39
36,17,53
41,20,59
36,15,25
34,22,59
12,14,6
31,13,38
50,22,25
41,20,62
10,14,24
25,17,8
24,17,43
3,18,30
53,18,41
52,18,35
42,15,49
17,12,28
45,20,63
8,15,33
25,16,9
37,19,58
0,12,20
2,12,2
61,23,31
23,14,34
49,15,54
43,16,31
42,21,12
44,22,7
5,16,33
37,18,12
6,10,8
29,22,56
28,12,29
59,20,44
3,14,1
26,15,40
32,13,36
45,15,57
59,18,59
41,15,52
20,11,25
48,21,28
63,21,51
62,18,61
43,17,56
37,21,1
51,19,35
20,12,27
32,20,4
54,16,61
48,15,38
21,11,21
34,13,37
46,15,47
4,8,11
33,18,7
43,20,24
58,17,55
3,20,45
21,12,17
37,18,20
46,19,27
60,18,53
36,15,26
0,8,12
17,11,19
17,22,47
38,21,6
3,9,10
7,14,4
20,11,26
33,16,14
42,19,25
34,17,7
34,14,43
46,15,57
44,15,56
3,20,43
21,12,12
9,14,33
15,12,8
62,22,39
38,18,57
32,12,32
43,16,54
45,17,60
43,14,34
60,22,42
39,18,24
36,13,30
8,15,36
25,20,0
20,15,8
43,17,58
11,13,7
36,16,24
28,14,14
37,21,60
16,14,32
11,14,34
5,9,16
8,13,5
43,19,61
43,18,57
40,15,46
27,15,43
61,22,43
47,19,28
18,13,28
22,23,53
20,19,43
19,13,29
40,19,22
36,18,53
42,22,7
30,14,44
35,17,13
20,21,45
43,20,63
45,17,31
34,23,59
32,17,49
48,23,21
58,17,60
0,20,37
14,22,46
21,21,49
15,20,43
36,20,2
13,20,43
31,14,19
46,15,46
55,18,50
50,23,23
45,18,31
12,11,19
4,18,39
60,19,50
43,21,17
36,17,11
30,22,55
21,16,36
38,20,16
13,12,28
45,21,21
47,20,62
5,16,38
40,18,58
22,17,40
22,20,45
53,17,37
20,10,22
34,19,54
23,17,4
45,15,43
19,22,46
55,20,35
45,20,27
36,18,19
40,19,61
2,22,48
47,23,21
43,21,9
41,17,27
33,16,19
55,16,47
22,23,54
10,22,44
11,10,19
43,22,8
33,13,24
20,11,24
6,9,15
38,15,51
17,17,2
43,21,19
20,13,11
47,15,57
35,23,60
57,18,52
1,23,49
18,23,47
3,22,46
46,23,16
30,21,57
25,23,0
1,22,49
34,23,62
51,16,57
60,19,55
53,20,31
37,13,38
2,15,23
48,17,63
32,19,50
25,19,5
58,20,42
48,16,38
62,23,40
28,12,27
38,17,49
47,19,29
0,12,0
36,16,23
33,15,48
12,20,42
48,15,56
25,13,34
43,15,46
60,17,52
23,13,32
8,23,46
36,19,7
19,11,20
48,16,55
50,22,26
38,18,21
38,14,38
34,14,23
40,14,50
45,18,56
58,18,50
52,20,31
33,16,15
60,22,35
12,11,20
37,14,43
29,13,36
41,19,62
19,11,19
38,15,49
17,12,19
54,21,29
46,21,25
63,21,54
45,23,13
33,19,54
62,23,34
21,11,24
62,17,61
39,23,1
53,18,44
28,23,56
32,23,61
36,18,18
10,15,2
21,23,51
36,17,21
55,16,55
14,14,7
34,17,8
44,22,10
54,21,30
12,16,2
36,15,24
46,20,26
12,13,28
27,19,5
24,12,18
21,16,39
27,13,37
39,16,54
33,12,29
28,12,22
12,16,1
43,22,13
35,20,57
15,10,20
10,15,1
12,11,8
42,18,57
57,23,26
51,17,38
27,12,28
30,15,43
39,17,50
51,16,42
45,18,58
10,13,30
1,12,18
36,15,49
39,19,18
45,18,30
3,12,3
58,19,50
58,20,44
42,18,28
27,22,55
8,14,32
23,16,8
47,23,20
43,15,50
26,14,13
46,18,31
63,22,44
22,12,20
28,13,38
2,17,25
39,21,59
63,20,52
49,16,40
59,23,33
1,12,2
48,16,37
25,16,43
33,22,59
36,15,23
40,14,42
56,17,51
40,20,16
51,22,26
29,21,53
42,21,6
59,16,61
5,16,37
32,18,50
40,20,19
62,19,49
29,14,15
36,14,35
34,16,21
37,22,0
56,19,38
42,16,54
25,15,39
55,20,33
41,22,63
18,12,29
31,21,56
32,23,60
25,21,51
37,20,8
32,16,12
47,17,54
39,17,22
24,17,7
30,14,16
14,14,33
29,17,50
33,20,4
58,19,44
28,22,0
55,18,46
34,16,10
62,17,60
39,18,56
35,14,36
18,23,50
21,22,48
49,19,63
34,17,12
33,20,52
17,12,13
35,19,57
6,10,7
10,20,41
38,20,61
16,12,13
21,14,31
9,18,39
28,14,16
36,17,17
5,21,46
45,17,62
43,19,58
9,15,1
32,19,54
23,14,36
31,18,5
26,15,42
18,23,48
30,22,4
56,18,43
33,21,3
17,11,14
11,23,46
53,20,32
3,8,14
37,16,52
34,21,59
23,23,53
19,16,37
39,13,33
55,18,49
44,22,12
45,23,14
10,21,43
47,21,26
52,16,54
51,18,33
3,18,38
40,16,52
8,21,44
50,18,35
28,23,58
37,13,30
7,17,39
20,22,49
34,13,38
47,14,43
41,22,4
11,10,12
38,21,3
38,14,29
5,15,0
38,19,57
3,9,13
33,22,60
2,18,33
22,15,8
18,12,27
3,17,24
44,17,58
49,17,63
6,16,27
43,19,26
58,19,48
58,18,49
25,19,4
17,17,0
60,17,63
45,18,55
7,9,13
58,20,35
4,17,29
3,19,42
32,12,25
6,22,45
35,13,41
27,14,11
60,20,47
59,21,40
58,17,50
53,17,42
1,19,30
19,13,28
0,8,13
26,12,21
39,16,51
10,14,25
24,12,30
16,15,6
38,18,12
48,19,30
60,17,54
10,19,41
34,13,35
33,19,53
13,17,39
31,13,37
21,13,10
18,15,5
23,16,7
16,11,14
41,13,35
30,15,46
56,18,51
3,9,8
5,16,24
5,9,12
61,21,43
8,15,35
29,13,35
33,17,7
39,14,44
22,12,16
18,11,14
51,19,37
10,13,29
23,16,40
41,13,38
54,15,49
29,16,45
60,22,34
48,22,24
2,19,36
35,19,54
37,21,8
11,12,21
31,18,52
24,12,21
23,14,11
2,8,13
44,16,32
34,20,57
30,12,30
26,12,23
16,12,9
36,19,5
36,18,12
0,13,21
1,17,24
1,10,15
61,19,52
40,19,57
46,23,7
23,11,22
17,14,33
9,22,44
7,10,8
7,9,12
31,23,0
31,22,1
47,15,53
53,15,54
39,19,20
50,15,47
19,11,17
26,13,37
39,13,40
34,13,42
40,21,62
21,16,38
44,20,63
59,21,46
2,19,41
0,22,47
30,14,13
61,20,50
27,17,45
53,19,32
5,23,46
41,14,42
45,21,22
15,11,10
48,15,40
25,13,37
33,19,4
15,17,1
46,16,39
38,15,28
55,17,62
41,18,26
46,16,34
55,22,28
22,19,44
60,19,60
19,10,22
52,19,32
29,13,38
56,18,47
46,16,41
19,20,44
11,22,46
12,15,34
17,11,11
58,23,27
29,15,18
26,22,56
58,16,59
35,12,30
45,16,39
7,16,28
45,15,46
6,19,41
19,23,52
3,17,39
37,17,23
14,21,45
49,19,30
47,18,37
37,13,39
32,14,44
61,19,56
38,22,61
38,13,39
10,16,1
5,19,42
43,16,32
20,12,12
26,12,31
56,17,58
6,14,2
41,18,27
58,16,54
22,13,14
11,12,7
37,19,8
36,14,42
23,12,28
19,11,15
24,16,7
63,19,52
34,19,56
55,17,48
58,17,56
11,15,36
12,22,45
30,23,3
45,23,20
17,22,44
45,22,21
24,19,47
10,21,44
55,16,50
23,17,43
7,15,32
35,18,8
23,12,27
5,14,22
10,10,17
27,13,16
0,10,3
44,18,57
0,19,25
3,14,0
42,18,27
34,17,51
31,15,44
0,10,15
16,14,33
14,12,24
53,16,57
13,17,0
60,19,47
40,19,19
62,23,44
55,18,45
27,12,27
63,18,63
18,13,10
48,21,27
48,19,63
51,22,28
42,21,8
22,18,4
1,8,13
28,20,3
56,17,47
20,13,9
42,22,12
17,10,21
5,14,1
35,13,33
55,22,27
22,14,34
3,18,34
42,20,20
25,18,4
19,15,7
20,14,9
21,13,11
44,19,28
6,15,30
7,15,2
56,18,50
5,13,21
20,12,29
39,19,12
5,20,44
63,20,54
22,12,18
5,13,3
51,17,63
38,15,27
47,18,31
14,15,4
24,13,15
37,16,25
33,23,1
62,20,51
35,13,27
61,23,29
26,11,24
5,23,48
3,22,48
0,20,38
43,14,44
23,21,0
40,15,33
63,23,43
45,23,6
28,12,24
31,23,59
22,18,44
51,17,35
38,14,32
29,14,19
43,21,10
33,16,9
26,19,50
41,18,22
39,14,29
63,20,50
55,20,32
42,17,30
42,15,31
9,20,42
10,14,27
32,17,50
45,17,30
55,19,41
34,16,11
7,20,42
12,19,41
50,15,49
36,18,11
30,18,51
2,18,39
1,9,5
63,18,57
8,10,11
24,23,55
28,14,42
41,19,24
48,18,32
40,20,15
13,14,32
14,11,24
61,18,63
2,18,41
62,19,48
40,16,26
6,22,47
38,17,20
56,20,42
54,20,34
57,21,33
4,11,19
11,16,2
61,19,50
63,20,51
52,17,40
44,16,56
13,13,6
60,21,40
19,11,25
2,11,17
28,19,52
25,14,37
43,19,59
36,14,43
44,17,57
39,19,8
43,17,28
37,18,19
6,16,38
8,9,13
49,22,27
0,11,3
34,20,56
0,15,23
36,13,31
31,22,57
53,16,47
2,23,48
39,15,28
41,16,28
28,21,1
1,14,21
1,19,26
40,21,61
6,21,44
44,22,18
49,15,43
26,18,48
5,17,26
28,15,9
55,19,42
31,23,1
54,16,62
56,21,30
17,16,3
21,11,25
31,19,50
42,15,54
54,15,48
26,19,3
3,10,7
22,17,5
51,16,53
40,23,4
6,12,4
52,16,51
61,22,42
59,21,39
29,23,0
42,14,34
40,14,46
32,12,28
43,22,10
61,17,63
18,11,15
29,12,31
36,20,8
62,22,45
21,13,30
50,16,60
40,20,13
42,16,55
26,16,9
33,12,31
49,17,35
32,22,3
25,23,54
26,16,45
12,11,9
33,16,48
26,21,52
2,20,45
5,16,32
17,12,21
37,18,16
54,19,33
7,21,42
31,19,53
39,15,31
20,21,46
43,21,18
32,14,21
22,15,34
59,18,47
10,15,4
40,21,13
24,21,1
40,17,25
56,16,56
21,13,12
63,23,47
38,21,62
43,17,55
24,23,56
13,14,34
1,22,47
3,19,41
49,15,39
40,17,24
28,22,54
60,18,49
29,22,57
46,19,30
41,14,37
4,18,30
55,20,31
40,16,27
38,17,55
55,22,29
3,19,35
52,18,38
43,14,36
35,20,56
13,12,25
30,14,43
28,14,40
21,16,5
12,10,11
45,15,34
33,17,49
60,19,59
58,18,45
60,20,52
23,13,34
1,10,7
23,23,55
17,21,42
0,9,4
1,20,41
47,23,18
16,23,47
12,10,16
46,14,44
9,9,14
1,19,39
16,11,13
44,21,23
2,18,37
32,17,6
46,16,54
32,14,45
36,20,5
54,16,59
44,19,26
2,9,13
45,20,62
33,13,28
56,20,35
51,15,43
25,13,33
32,15,44
39,19,59
3,21,45
47,17,63
25,20,52
38,13,31
40,14,31
25,23,57
43,18,28
51,15,50
1,10,4
27,21,0
62,23,43
43,19,27
49,20,30
26,15,10
24,19,3
30,14,14
41,19,23
25,12,29
23,12,20
5,23,47
16,11,16
43,16,58
36,13,34
52,19,35
32,16,49
38,21,59
17,14,6
63,23,37
37,19,15
44,23,7
32,15,19
53,15,50
38,13,33
27,21,55
37,19,56
20,17,4
39,21,60
1,17,23
37,13,40
34,15,46
40,18,25
21,16,7
20,12,17
46,19,63
18,19,40
62,23,32
55,19,43
32,19,52
1,21,45
9,14,23
41,22,5
55,16,57
36,23,60
39,19,17
11,10,18
21,13,29
62,22,44
30,21,2
7,18,42
40,15,51
13,17,37
42,14,51
57,17,62
29,15,11
24,21,52
12,14,4
59,16,62
33,12,27
45,22,20
43,23,15
17,15,34
32,21,3
3,10,16
39,14,49
45,21,24
52,22,27
31,15,12
30,13,37
15,13,7
33,18,50
21,11,27
41,20,21
8,17,38
59,17,61
50,17,62
51,23,26
60,23,29
57,19,40
2,23,50
41,21,15
43,15,44
36,19,58
13,9,18
49,17,38
3,11,6
18,15,7
39,15,30
44,14,42
26,16,42
45,14,44
35,23,62
49,15,52
10,15,3
12,13,6
38,21,61
33,23,60
6,18,40
27,23,55
42,20,21
8,18,40
16,11,22
23,11,25
44,19,60
11,9,15
41,15,46
63,21,45
44,20,25
61,17,60
29,12,29
38,14,48
63,23,40
41,14,47
46,16,40
36,17,20
51,15,52
30,17,7
46,14,45
44,22,19
20,18,42
36,13,40
50,21,29
56,16,49
11,13,25
40,21,5
30,22,1
6,17,38
34,15,19
20,16,6
27,12,29
40,15,30
15,10,21
26,13,16
27,11,25
30,13,29
8,10,16
25,12,32
6,16,29
42,17,58
44,14,39
39,23,2
7,14,21
29,13,18
6,14,21
44,22,17
1,19,27
8,9,10
12,14,32
32,16,9
6,9,14
6,11,19
63,21,53
39,18,21
49,16,48
14,14,5
55,17,58
14,12,28
29,12,35
6,16,26
59,22,34
28,13,33
8,14,22
22,15,9
12,20,43
30,12,33
35,23,59
63,18,53
23,14,37
6,20,43
29,17,48
59,20,47
38,22,0
57,19,47
27,14,41
8,16,37
59,23,31
20,22,50
57,19,37
60,18,48
50,19,38
21,22,50
15,18,38
9,18,40
41,18,60
35,15,47
5,11,19
32,12,26
60,17,53
1,14,22
7,9,15
27,20,3
37,18,14
38,15,26
23,11,24
2,13,20
43,22,17
1,10,5
9,20,40
56,18,41
43,18,26
23,21,48
12,15,2
23,20,48
29,20,53
31,16,49
6,13,4
29,17,8
16,11,25
27,13,14
48,15,54
12,16,37
15,23,47
18,11,13
38,16,25
27,19,49
3,11,5
39,21,58
10,13,25
11,13,23
8,14,2
23,15,9
43,16,55
10,12,7
13,12,23
60,23,40
13,9,17
15,11,16
22,12,14
34,16,19
38,22,4
54,18,42
54,17,46
27,19,6
41,14,44
41,19,61
43,16,30
1,21,31
34,16,50
17,11,17
26,21,3
21,12,26
53,18,39
25,18,6
43,16,56
0,13,19
4,14,21
25,15,9
6,16,31
20,18,40
47,16,59
44,19,58
51,15,53
44,17,61
42,21,10
46,18,62
31,23,3
40,15,50
53,16,43
4,13,21
36,18,8
1,19,28
27,13,36
6,15,32
42,15,52
5,12,19
48,20,28
2,13,21
57,22,28
33,21,55
46,15,35
20,17,5
16,20,40
25,14,35
40,14,45
42,22,14
37,21,5
22,19,1
4,16,24
46,16,58
26,19,4
20,11,21
27,12,20
14,15,33
2,18,30
15,13,8
11,11,9
20,13,29
1,9,13
33,22,0
23,12,29
11,11,20
6,9,13
27,13,18
39,19,10
29,12,34
25,12,18
34,15,49
60,23,39
27,17,46
22,19,45
7,18,40
36,19,56
24,13,12
0,8,7
45,20,26
45,19,27
41,19,58
36,16,52
7,11,18
38,19,16
47,17,32
20,17,1
10,22,45
58,17,54
31,12,24
58,17,58
31,13,33
54,19,39
62,22,43
53,16,60
13,21,44
45,14,41
55,23,26
63,21,52
25,15,40
32,16,10
15,22,44
63,23,32
7,11,19
35,13,28
44,14,46
8,20,42
59,19,51
14,10,20
47,19,30
61,19,59
37,15,49
35,21,0
42,20,59
22,13,11
45,19,62
30,12,25
31,21,2
34,13,32
17,19,40
19,15,35
33,14,20
45,15,49
35,12,31
7,22,45
13,10,12
20,11,23
48,15,43
41,17,26
15,12,26
35,14,39
19,17,2
62,20,46
59,17,58
35,22,58
41,21,8
50,17,39
60,17,55
47,19,31
58,17,59
3,17,37
24,16,8
4,13,4
36,18,10
28,21,2
27,22,0
4,17,38
45,23,5
14,23,47
15,23,45
60,22,41
61,22,39
4,16,34
29,22,55
17,13,7
44,19,27
23,20,46
45,19,61
8,10,10
32,19,4
34,13,36
46,20,25
46,16,53
3,11,18
8,15,0
62,20,50
10,11,7
3,11,19
40,20,10
55,17,43
54,20,31
62,20,49
32,13,34
22,12,27
23,13,11
52,15,48
20,14,33
2,18,35
22,18,43
38,20,6
19,16,4
14,17,1
1,11,18
36,13,36
52,23,25
36,19,6
51,21,29
62,18,60
61,18,57
39,14,33
47,18,34
57,19,51
32,16,16
2,9,6
51,15,55
5,16,28
10,22,43
24,22,55
26,22,0
1,19,35
0,12,2
56,18,40
12,18,41
61,18,51
62,20,53
50,16,52
61,22,47
42,22,17
57,20,39
63,19,57
5,20,42
58,20,47
38,19,7
25,18,48
56,19,44
27,12,18
46,14,46
49,21,29
56,18,42
26,21,2
18,21,42
39,19,16
31,14,14
6,16,32
55,17,51
56,20,39
54,19,43
25,16,45
33,13,35
34,13,30
39,14,50
26,14,11
48,16,49
54,18,40
32,13,40
35,19,6
35,13,37
29,13,21
26,13,36
57,17,61
37,15,47
11,19,42
41,18,59
3,9,14
10,10,13
46,18,35
26,22,55
13,13,28
22,20,1
31,15,10
4,8,13
7,13,4
37,14,38
9,22,46
2,16,23
30,12,26
18,13,30
1,18,25
6,13,20
5,15,23
28,13,39
23,12,14
8,13,6
51,16,43
43,15,49
18,15,34
52,15,45
13,15,35
39,18,58
9,13,23
37,23,62
7,21,45
8,15,25
37,19,10
3,13,1
34,16,17
39,16,27
59,21,42
7,17,40
8,11,20
14,22,44
32,13,31
56,21,41
60,21,38
5,19,40
51,19,33
41,20,12
13,10,20
38,15,29
32,22,58
9,16,36
37,13,41
19,12,11
23,19,0
52,16,50
31,19,5
53,16,50
1,18,26
61,18,61
56,19,36
38,17,24
10,23,46
0,21,32
38,17,50
17,10,22
34,17,9
29,14,17
62,19,60
36,18,9
16,16,4
41,18,25
1,12,20
28,21,3
56,16,55
12,12,26
58,18,53
28,22,55
56,16,48
35,19,52
53,16,54
60,21,45
33,14,44
49,15,51
18,18,38
58,17,61
1,20,38
23,17,41
22,20,47
1,19,34
60,20,44
63,22,50
61,19,51
22,15,7
3,19,38
26,23,54
14,16,35
42,19,26
40,18,59
1,19,31
7,16,33
59,18,48
9,15,33
52,20,30
29,23,57
63,20,56
43,15,56
63,20,55
31,23,61
9,17,40
59,18,54
40,17,51
10,10,15
56,20,31
57,18,44
4,16,30
0,20,33
5,12,6
45,21,25
27,16,43
30,23,61
15,13,9
0,10,17
28,23,1
28,22,2
24,18,4
16,12,28
47,23,22
33,14,22
0,15,22
61,23,33
19,12,13
2,22,47
45,18,60
23,12,18
29,12,32
32,20,54
25,12,28
56,19,39
11,23,47
10,10,16
40,19,60
50,23,25
3,17,34
33,19,52
6,9,16
61,19,47
34,23,58
43,15,45
44,18,56
15,11,24
28,22,1
13,15,36
34,15,48
24,20,1
10,14,29
32,15,12
47,17,55
14,17,0
41,21,17
39,15,29
0,16,23
17,11,22
30,16,48
38,13,36
33,16,11
39,14,30
59,18,58
56,17,45
56,21,40
47,15,52
52,16,61
5,16,27
2,19,37
42,16,29
50,19,33
30,22,58
59,17,59
1,20,44
47,17,34
43,23,6
20,20,44
31,13,22
15,13,31
35,14,24
8,20,44
20,16,37
4,16,35
37,14,48
9,11,18
5,10,16
29,14,42
35,15,23
13,11,9
59,22,33
27,12,22
37,14,49
8,11,19
0,20,42
56,20,41
22,15,36
10,12,6
15,12,27
19,17,1
10,15,36
23,12,22
33,16,47
34,18,6
62,18,63
41,20,61
29,14,13
0,12,19
5,9,11
8,16,0
35,16,49
14,16,3
45,14,39
42,22,63
43,19,62
37,15,25
5,16,29
12,18,40
4,9,11
33,19,5
6,16,36
38,15,52
42,19,61
12,23,45
12,21,45
39,17,55
62,19,58
41,21,18
55,23,27
37,22,61
60,22,38
51,16,56
22,12,21
37,14,46
43,15,51
15,15,4
19,11,24
26,20,50
13,11,10
33,22,3
0,20,40
11,11,10
55,16,51
29,16,8
17,15,5
55,18,38
34,13,33
14,12,29
62,21,51
4,15,22
47,15,47
37,21,2
15,13,29
6,12,6
40,13,37
31,20,54
42,14,50
5,9,9
53,17,43
30,22,2
34,23,60
16,11,11
35,14,45
27,13,34
23,13,31
8,13,4
24,15,41
26,23,56
28,16,9
27,19,51
35,17,53
62,17,59
23,15,37
60,21,39
7,15,31
5,10,18
42,16,32
58,16,53
6,17,27
38,18,11
43,16,33
56,20,34
42,17,57
1,19,29
24,20,50
21,17,4
7,19,43
37,22,2
16,15,5
16,11,20
53,18,43
34,16,13
24,11,23
50,17,63
40,20,12
15,10,16
7,17,38
3,11,17
12,15,36
50,19,37
22,12,15
31,15,43
13,22,44
40,19,59
27,17,7
5,17,27
9,9,13
54,23,27
37,18,56
14,12,10
3,18,37
19,21,46
9,19,40
49,23,22
2,18,28
27,20,51
31,13,41
21,14,34
45,23,15
33,20,54
28,14,17
17,23,47
42,18,25
57,19,44
34,14,25
38,21,58
62,17,58
56,23,25
44,18,30
57,19,50
57,19,48
47,21,28
38,20,5
0,20,45
46,15,45
43,23,17
49,17,39
29,17,47
37,19,18
24,21,53
1,18,37
5,11,5
12,11,12
28,15,42
40,14,38
56,19,37
36,17,10
56,21,33
23,22,53
52,16,48
32,21,55
22,22,50
16,22,46
1,21,30
23,23,54
16,10,18
57,23,28
38,21,8
46,19,60
38,20,14
37,17,52
5,16,30
36,13,43
11,15,3
25,13,17
50,18,37
46,17,35
34,17,14
44,15,36
21,21,48
28,13,14
42,16,33
58,23,26
24,16,41
2,18,31
27,12,32
26,19,5
4,23,49
14,18,40
7,10,18
40,21,59
34,19,55
15,21,44
42,21,14
17,21,44
32,16,13
63,21,49
28,18,6
24,22,0
15,15,5
53,22,27
33,22,58
19,12,15
49,15,55
57,16,61
35,14,23
21,15,9
48,16,58
40,13,36
12,12,25
35,18,54
37,18,18
38,22,2
34,16,12
62,20,52
60,22,31
29,20,3
9,9,12
14,20,40
22,11,25
30,14,40
35,14,43
43,22,18
28,13,16
44,16,54
18,22,46
23,13,13
29,21,2
32,14,18
39,14,40
26,11,25
17,11,12
4,23,46
61,18,62
31,14,17
41,14,49
43,22,15
4,13,1
26,12,18
62,21,47
27,18,50
13,23,46
17,15,4
58,16,62
31,12,28
36,22,60
46,18,61
13,10,19
10,18,41
44,14,40
47,20,63
31,22,3
27,11,24
15,11,20
3,18,40
53,15,46
15,11,14
26,12,28
52,16,55
42,15,32
28,21,0
29,23,60
11,18,40
0,21,34
38,19,58
44,14,47
3,15,23
46,22,21
41,19,21
39,22,63
59,23,28
55,16,59
11,21,44
62,18,51
20,23,52
32,13,38
30,15,45
28,13,15
57,17,54
7,16,24
32,12,29
0,11,18
46,14,38
28,20,53
23,19,46
12,11,10
41,21,6
27,14,40
14,15,34
61,21,47
60,22,30
15,14,31
2,19,40
32,15,48
49,16,36
37,17,20
28,22,3
33,22,1
23,21,50
3,12,2
44,22,8
30,12,34
28,12,32
16,12,11
14,13,8
51,17,39
12,12,8
41,14,46
44,14,43
15,19,40
8,14,3
25,11,25
47,16,36
41,21,13
38,18,20
34,13,26
6,18,41
32,18,51
39,14,46
58,18,48
34,14,22
16,22,45
30,12,22
38,16,26
14,16,2
46,23,19
35,13,29
26,18,47
1,20,29
44,19,61
24,12,17
40,21,6
54,16,58
28,17,47
22,14,33
45,17,59
39,13,37
27,22,56
34,20,2
47,16,60
32,13,22
45,16,33
27,12,24
34,17,50
16,23,44
35,18,50
51,16,54
63,21,46
19,19,41
10,14,28
4,17,26
57,20,38
63,20,47
27,13,38
37,14,45
4,13,3
35,18,55
19,17,38
46,15,52
18,11,16
40,17,56
1,9,6
19,14,31
46,18,29
14,13,29
5,10,9
45,15,47
5,20,43
43,22,7
22,13,33
47,17,62
28,12,28
63,23,34
25,12,31
46,20,63
43,22,5
31,19,52
39,16,52
19,11,22
9,11,8
34,18,5
29,18,7
49,15,44
43,22,11
0,14,22
42,20,62
2,19,33
25,11,26
43,16,57
26,14,10
37,17,21
46,15,55
20,14,32
62,22,41
21,20,46
60,19,46
14,18,39
44,16,55
50,19,32
45,16,53
43,22,6
57,18,53
58,22,28
43,18,27
39,20,12
56,22,28
37,16,51
28,14,41
53,16,42
13,22,46
23,18,3
39,13,35
25,19,49
59,18,56
34,19,5
1,10,6
40,21,7
42,19,24
25,23,55
21,16,37
7,16,27
1,11,17
35,17,15
29,13,16
32,23,0
40,14,49
20,11,17
20,15,34
45,15,38
30,15,20
29,20,4
6,21,45
39,20,58
20,13,12
38,19,11
28,13,17
15,19,39
27,16,9
54,18,44
37,13,33
23,15,10
27,12,23
41,14,43
18,15,6
39,20,11
54,16,51
31,15,45
8,11,8
14,11,14
10,13,24
47,16,57
32,16,11
34,22,60
40,20,17
12,21,44
13,19,42
23,11,27
15,17,0
30,15,11
45,17,54
20,20,45
49,17,34
3,10,6
36,14,45
24,12,16
36,18,55
36,18,17
40,14,32
16,17,0
3,23,49
10,17,40
56,21,31
25,22,54
4,9,15
17,13,29
51,17,40
11,15,2
30,13,19
53,17,62
21,11,26
47,15,40
63,19,53
55,18,44
52,16,42
1,20,31
14,12,26
15,17,36
7,11,6
20,23,49
21,14,32
0,20,29
47,15,36
3,8,9
3,13,3
40,13,34
40,22,62
8,19,43
56,17,49
26,14,38
54,19,35
33,22,61
38,14,40
24,14,12
61,22,33
52,17,43
30,21,4
14,16,0
17,11,21
39,19,21
39,22,5
4,16,36
61,18,50
44,15,35
7,15,35
55,18,37
26,15,43
36,18,56
6,12,20
45,20,24
4,8,12
47,18,62
26,13,13
45,19,60
31,15,9
33,17,8
33,13,23
24,17,5
58,18,54
43,18,58
62,20,56
46,17,56
33,15,20
33,13,25
35,13,38
17,11,23
9,11,19
46,15,39
16,23,45
44,23,15
55,17,46
29,14,41
34,16,48
26,20,1
25,21,52
63,23,36
24,11,22
33,13,33
4,18,41
30,15,12
59,19,46
20,14,7
39,22,62
24,12,26
32,21,4
32,20,5
8,9,11
13,13,27
5,9,14
47,16,40
7,20,41
9,22,45
21,11,20
12,17,38
31,12,32
47,20,28
18,11,18
18,14,6
52,18,36
11,13,26
31,18,51
24,14,36
9,16,1
57,18,49
25,13,35
58,20,37
44,18,28
24,19,4
38,16,50
42,17,28
53,16,44
8,13,22
22,19,3
5,13,20
10,10,19
45,14,49
46,20,27
14,10,12
21,17,3
32,16,8
22,21,49
11,14,32
16,11,12
25,19,3
37,19,14
20,15,33
24,17,45
12,15,3
40,19,21
61,22,40
29,22,2
38,21,7
29,22,4
16,13,8
37,15,51
9,14,32
7,16,25
62,19,61
62,17,63
19,15,5
23,19,3
8,14,25
46,15,44
34,17,18
15,10,17
13,15,33
37,16,21
59,18,53
9,17,39
63,19,56
6,16,33
9,14,22
56,22,27
24,14,34
19,21,47
35,18,17
36,17,18
2,10,15
39,13,32
10,19,43
33,23,63
3,11,7
26,21,51
44,23,19
58,21,43
33,14,25
47,16,34
18,19,42
46,17,31
28,15,45
12,18,39
26,20,3
37,16,23
39,18,22
28,15,11
53,21,30
30,14,15
30,23,58
10,17,38
9,15,34
42,16,56
31,13,23
22,18,3
52,15,53
35,21,59
24,23,53
1,21,32
38,14,43
33,13,34
52,17,61
33,14,45
43,21,21
39,15,27
45,23,9
21,17,41
58,16,57
37,17,54
24,20,0
38,14,45
52,16,62
37,21,4
6,16,24
16,20,41
3,21,46
8,9,12
36,14,40
2,9,7
39,22,4
59,21,45
20,15,7
31,14,41
30,23,59
12,10,17
24,18,6
4,17,32
41,17,56
32,13,37
33,12,28
51,18,35
36,13,29
1,16,24
18,13,31
2,21,47
52,19,34
22,11,20
6,10,9
12,10,18
61,23,30
9,11,20
8,21,41
29,19,5
51,17,36
49,19,33
48,15,52
36,14,46
35,19,55
8,14,26
49,16,57
30,13,23
46,15,56
2,19,34
36,18,54
30,13,33
19,17,37
41,15,53
14,19,39
32,12,33
59,23,29
19,11,26
19,17,4
44,20,26
40,17,58
3,10,15
32,15,10
5,22,45
38,17,56
63,22,42
1,18,36
20,23,50
13,16,3
50,17,38
36,18,14
18,17,0
13,21,42
26,22,1
13,13,30
37,15,24
54,17,63
14,19,40
18,11,20
41,19,57
55,16,61
18,20,42
60,17,57
7,15,23
22,13,31
38,20,59
56,20,40
36,19,57
24,11,26
51,20,31
51,15,46
12,14,34
46,16,57
28,17,7
30,18,7
63,22,49
62,21,44
37,22,62
4,14,2
50,16,40
56,16,58
31,15,11
44,23,17
33,13,32
2,14,22
2,11,3
4,22,47
24,12,31
36,23,61
31,18,7
45,15,50
37,16,49
11,14,30
63,20,58
4,12,3
46,14,47
19,20,41
56,16,50
48,22,23
19,16,3
51,18,37
57,23,27
2,23,49
47,15,48
49,19,34
59,19,49
23,15,36
57,18,46
55,20,40
29,14,11
20,21,48
3,19,30
51,16,52
40,18,21
6,15,33
44,21,20
62,20,48
43,19,63
10,16,36
34,18,8
63,22,46
0,16,24
6,19,42
5,17,38
19,11,18
4,9,9
23,18,5
33,16,17
3,9,7
13,10,14
30,20,54
54,17,43
1,19,41
46,18,60
38,14,42
34,18,53
43,20,61
44,21,63
46,17,33
24,15,40
30,23,57
13,11,12
50,15,51
52,16,56
45,23,10
20,12,28
28,12,33
18,16,4
51,15,49
33,23,59
34,16,14
5,23,49
19,12,19
47,16,37
36,14,47
4,21,45
27,13,13
31,12,30
31,15,47
31,14,16
30,15,18
47,15,50
45,14,48
52,21,28
58,21,35
62,21,49
3,19,43
8,11,7
19,17,3
47,15,51
45,16,59
38,18,56
62,23,33
4,10,16
37,18,13
29,16,9
43,14,47
35,15,48
60,16,62
10,12,20
57,20,43
31,20,55
12,13,26
43,23,5
22,12,13
30,20,3
33,14,43
41,14,48
46,14,41
61,19,54
6,9,11
1,16,23
52,17,41
14,23,46
29,13,39
3,16,24
37,22,59
48,14,42
8,22,46
7,21,44
15,21,41
2,9,14
10,15,35
38,21,4
54,16,56
33,21,1
26,12,33
38,19,9
35,16,21
4,9,10
0,23,50
4,11,5
24,15,8
45,22,22
20,20,43
32,13,29
42,20,19
25,21,54
58,18,52
53,16,49
41,22,14
61,23,43
27,15,44
19,19,43
57,19,52
63,18,60
32,20,56
60,17,61
3,17,28
32,14,42
5,16,31
42,21,16
5,22,46
23,18,44
36,18,15
53,16,46
19,22,47
17,21,43
40,19,58
22,22,51
0,20,34
39,17,49
53,21,28
16,18,39
48,20,27
41,20,60
21,20,44
60,18,50
43,23,12
55,18,51
52,16,45
8,15,3
13,9,16
37,18,17
20,18,43
55,19,35
57,22,30
38,16,23
1,23,48
24,16,10
23,18,46
49,16,63
48,22,22
46,23,6
22,21,0
13,11,16
51,19,34
39,18,19
12,13,5
20,18,1
61,20,49
53,15,49
59,21,35
28,19,51
57,16,62
44,15,47
23,13,15
47,18,63
38,19,15
26,18,5
47,14,46
31,15,20
18,13,29
61,19,61
10,9,16
9,14,3
31,12,23
8,14,30
51,15,48
48,19,33
43,14,41
43,17,59
50,16,63
15,21,42
28,11,26
44,20,61
48,16,48
62,23,42
19,18,40
2,19,31
55,16,60
52,18,39
38,20,15
10,21,45
9,10,10
39,17,23
53,15,47
23,11,21
16,11,21
48,15,42
24,20,49
11,13,31
4,10,7
46,22,20
15,14,5
40,20,62
24,18,46
37,16,26
35,13,39
18,22,48
63,23,39
28,12,23
22,12,29
21,19,43
1,12,1
8,14,28
33,21,0
41,14,39
39,20,7
5,18,40
21,16,6
19,22,49
9,12,21
40,20,8
34,15,23
63,23,42
39,13,36
59,21,34
15,20,41
13,22,45
51,16,58
43,18,61
21,17,2
44,14,38
34,14,42
52,17,42
61,21,48
60,22,36
25,20,1
37,22,1
11,11,21
8,15,34
42,15,51
14,11,22
8,14,24
39,20,14
47,19,33
56,16,61
38,15,48
35,20,55
41,14,35
25,20,2
35,13,32
26,17,46
9,20,44
32,22,1
41,15,32
34,19,52
61,23,41
59,17,55
39,16,55
49,15,42
11,18,39
37,16,50
21,12,19
36,16,21
8,14,27
9,14,28
8,15,31
58,19,45
34,14,26
19,13,9
63,18,62
44,14,45
35,16,19
58,21,37
42,14,38
59,21,38
54,23,26
33,21,59
37,20,6
24,12,28
48,15,47
4,8,10
32,15,14
44,23,12
1,10,16
38,19,18
8,14,31
22,13,10
34,12,29
9,14,29
0,10,5
16,11,19
52,15,47
1,13,20
21,18,42
11,10,15
33,15,17
51,15,54
43,23,14
36,18,13
35,22,59
15,12,25
19,15,34
6,14,22
22,12,19
10,17,39
46,18,32
1,10,3
49,15,40
31,15,14
56,19,35
62,19,51
52,16,58
10,13,5
26,12,30
19,11,21
35,23,63
54,20,32
40,18,57
61,22,41
27,15,11
32,21,2
35,13,43
13,10,16
52,16,57
7,20,44
34,21,2
27,14,13
41,21,14
45,23,16
49,17,36
8,15,23
49,15,41
25,18,5
30,13,34
3,22,47
47,18,33
23,16,41
3,18,33
14,10,13
19,17,0
43,23,4
42,23,5
23,15,40
14,17,37
48,20,29
46,17,62
38,21,60
36,21,60
45,17,32
45,19,63
15,18,39
22,12,17
39,20,13
54,16,49
16,11,15
42,18,61
30,13,24
34,21,56
55,16,52
17,13,8
32,23,1
1,8,12
37,21,3
31,20,4
54,16,46
42,21,63
2,11,4
8,12,19
0,10,4
5,12,4
38,23,63
3,18,35
7,12,6
43,22,16
59,19,56
56,16,60
51,16,39
33,17,6
0,20,28
11,16,37
35,13,30
28,20,4
48,15,46
27,21,54
60,21,46
6,12,5
18,11,19
48,15,51
25,14,12
27,13,17
24,16,9
27,14,39
53,18,45
8,16,38
41,14,38
22,13,30
1,18,27
4,17,35
7,18,41
47,18,35
28,21,55
1,21,47
35,15,50
42,22,11
4,17,31
20,19,44
61,18,52
16,19,40
14,13,26
13,21,43
6,23,48
54,17,61
56,19,45
46,18,55
1,22,48
37,20,57
44,23,10
6,19,40
28,16,47
4,20,43
0,20,30
0,21,45
37,14,30
24,19,49
39,17,56
10,20,42
11,10,20
46,22,19
3,18,25
20,22,47
4,15,0
28,15,41
7,15,36
21,12,15
59,23,32
13,12,8
43,17,60
2,18,40
47,21,27
37,18,57
61,20,52
8,10,15
57,17,63
59,20,51
3,18,41
53,15,45
33,18,52
4,19,43
38,18,10
46,23,9
34,22,58
41,20,17
1,20,37
42,18,26
37,21,57
51,15,51
59,19,55
2,18,36
54,17,39
54,15,52
43,18,29
35,19,56
52,20,32
46,23,17
33,14,24
18,16,37
3,17,30
10,14,26
31,19,54
60,18,61
44,17,29
6,16,34
38,23,2
12,15,5
2,18,29
50,21,27
47,16,54
49,23,25
58,16,58
3,23,50
2,10,4
42,19,21
58,20,34
42,15,42
60,21,34
54,19,32
3,18,26
22,20,0
37,22,60
39,14,38
9,11,7
38,16,51
40,20,59
54,17,41
30,20,52
2,19,30
53,16,48
34,16,49
37,18,55
43,18,60
7,15,34
31,13,32
41,14,50
25,12,20
7,12,5
22,18,1
25,17,44
2,16,24
30,13,40
9,15,0
51,16,60
47,18,32
16,12,21
41,15,33
50,15,55
17,12,9
19,22,48
3,21,47
29,11,26
22,18,0
41,23,4
6,11,6
16,14,6
31,13,20
8,19,42
44,19,62
9,15,3
46,20,62
40,16,29
39,20,60
44,21,21
45,14,45
52,19,33
31,17,7
28,16,45
37,15,26
26,13,14
35,21,2
33,13,36
20,11,20
2,14,21
15,16,1
38,22,3
53,20,30
54,18,41
34,21,58
55,16,54
14,14,31
27,18,6
23,13,12
58,21,32
15,22,45
45,14,40
8,17,39
61,17,62
24,20,48
37,14,37
28,21,4
57,17,50
62,18,59
29,14,20
25,18,45
3,13,0
28,16,43
47,19,63
22,15,38
18,11,17
21,12,28
20,16,38
42,14,44
39,16,50
37,23,0
31,21,3
24,22,52
36,21,2
9,14,34
38,16,27
13,16,1
8,9,16
22,18,45
27,18,48
14,18,38
2,17,24
7,16,0
16,20,42
63,23,44
23,19,45
20,16,5
42,22,4
23,17,6
15,11,21
44,16,33
15,12,20
41,21,7
31,21,55
14,11,23
1,9,7
1,20,35
6,22,46
28,19,4
36,13,42
22,14,32
16,21,44
57,20,40
39,16,53
1,15,22
31,13,39
49,16,58
6,15,1
23,12,31
46,18,36
36,13,35
34,13,27
26,22,54
18,17,37
8,20,41
49,19,31
38,14,30
25,20,49
28,13,18
28,11,25
19,14,8
40,21,16
7,13,5
5,10,7
42,19,60
5,15,1
37,21,58
49,18,33
20,20,46
29,12,21
62,19,56
45,14,43
44,16,34
38,13,34
58,17,57
12,9,16
60,21,42
54,19,40
34,13,40
0,20,39
40,23,1
39,20,18
15,12,23
1,23,50
24,12,22
35,17,19
17,11,15
19,14,9
20,11,22
40,16,53
49,21,27
0,22,48
17,12,10
0,21,35
7,14,22
27,13,19
44,22,6
39,21,62
52,16,40
56,17,63
6,11,18
7,19,42
6,15,29
14,16,1
63,20,53
51,16,38
28,14,15
61,17,61
53,18,42
20,14,8
52,16,43
28,12,25
35,15,49
32,15,11
49,21,28
32,16,15
14,15,3
19,12,12
57,17,48
58,20,45
38,19,13
41,21,10
49,22,24
27,18,7
16,11,24
41,14,34
38,18,22
60,21,35
14,11,11
50,19,31
27,16,8
46,22,23
1,8,9
47,17,36
21,19,0
43,14,46
14,11,12
36,21,59
38,17,21
25,13,32
27,13,15
44,14,44
49,16,37
3,12,4
9,21,42
59,21,41
35,13,42
37,20,58
38,13,40
61,22,38
41,21,62
46,17,60
38,14,46
43,18,62
56,17,46
41,23,3
61,20,46
30,22,57
4,14,1
17,23,45
34,13,39
21,14,10
41,15,47
37,19,16
57,21,31
48,17,61
44,18,58
38,14,41
48,14,44
32,15,18
20,12,11
29,13,34
56,18,45
41,15,54
48,15,41
24,22,51
31,22,58
10,10,10
42,15,55
45,23,19
32,22,4
33,13,39
39,18,57
36,19,8
26,21,53
42,15,47
22,13,32
39,20,6
56,19,41
39,14,31
43,19,25
18,16,36
4,14,22
27,12,26
7,16,37
41,18,57
58,22,29
30,14,12
43,21,22
58,17,53
8,12,5
53,18,38
41,13,34
29,15,42
8,20,43
23,12,26
54,19,37
51,16,44
7,14,23
61,23,35
2,8,8
53,17,38
47,15,41
56,19,42
55,15,54
43,15,35
60,19,49
30,17,50
38,19,19
22,17,42
50,20,31
61,20,51
42,20,23
27,15,40
46,18,34
5,11,17
62,19,63
29,23,3
18,21,45
60,20,49
18,12,15
49,21,26
46,16,56
30,13,38
63,20,62
31,14,43
44,23,14
48,19,34
26,17,7
31,14,21
8,21,43
35,17,9
41,16,49
39,15,49
24,12,23
31,17,50
45,23,21
53,18,34
49,15,46
18,16,35
30,23,2
41,17,58
36,16,51
45,15,54
6,12,19
54,19,38
49,23,23
16,12,27
43,15,52
17,12,11
46,14,39
51,23,25
22,16,39
59,19,50
47,22,22
21,15,35
19,14,32
54,17,40
3,17,26
32,15,16
58,21,38
33,21,4
44,15,49
19,13,10
2,9,8
31,13,24
52,16,53
42,13,36
34,13,31
27,12,33
27,15,41
26,18,6
26,16,43
26,12,22
7,9,16
25,16,44
25,18,47
60,18,59
43,22,12
54,16,45
39,20,17
59,21,37
19,12,27
14,22,43
47,15,46
37,17,53
4,11,6
56,17,52
18,12,14
38,13,38
1,8,8
14,10,19
53,15,53
16,10,20
11,14,33
12,13,22
25,13,12
20,12,15
47,15,49
9,15,2
21,18,1
7,14,2
14,20,43
39,21,6
12,12,23
32,22,57
38,18,55
3,8,11
32,18,5
28,12,21
49,18,36
62,22,36
44,19,59
6,10,16
47,15,38
50,15,46
29,23,58
9,21,44
17,16,35
27,12,25
28,13,20
3,9,9
33,23,62
44,18,60
58,21,33
36,21,61
40,18,24
62,18,62
1,8,11
63,19,59
7,12,19
17,11,20
12,12,7
45,14,47
29,15,10
35,17,14
36,20,6
36,14,26
50,16,59
30,12,31
43,14,39
29,19,4
5,17,37
48,16,57
39,14,47
63,23,33
34,16,18
4,9,13
55,16,46
60,23,41
4,15,23
9,13,6
0,8,11
36,17,51
15,16,3
25,13,36
35,15,25
1,19,32
28,18,50
56,16,52
0,12,1
46,16,61
7,15,25
8,12,6
42,22,16
19,12,26
2,11,19
58,16,56
29,15,44
10,11,9
50,16,38
35,22,60
0,21,29
33,16,12
12,10,19
32,13,33
13,10,17
53,17,44
60,21,41
33,16,8
38,14,31
53,23,26
37,21,62
47,14,47
10,9,13
20,14,31
16,13,29
55,19,36
18,18,40
11,10,16
52,16,44
32,17,8
41,14,32
34,14,46
34,18,54
55,16,49
37,21,61
32,20,55
39,19,57
35,14,27
30,14,17
39,17,54
29,13,40
5,14,3
17,20,42
36,15,50
24,18,44
55,20,38
58,20,46
53,16,51
2,20,43
48,22,26
48,23,22
60,23,32
62,23,41
5,17,28
2,13,0
29,19,51
7,15,24
26,15,41
32,13,24
41,19,20
5,11,7
48,19,32
61,22,34
12,16,36
28,21,54
16,22,43
14,21,42
50,20,29
27,15,10
24,13,16
62,22,47
43,14,48
23,15,8
45,14,37
23,11,23
41,16,54
10,23,47
61,17,59
9,9,16
13,10,18
45,17,55
50,16,58
46,23,20
60,17,62
35,19,5
61,21,49
30,23,1
60,17,59
9,13,5
4,10,8
50,15,53
10,12,21
52,17,39
1,19,33
25,21,53
56,16,54
57,22,31
28,15,43
18,16,2
31,12,33
40,21,60
26,12,26
11,11,19
45,18,59
37,18,9
35,20,4
60,23,30
28,12,35
31,13,36
61,18,60
43,14,45
11,15,34
53,16,62
28,12,30
21,12,13
30,13,36
19,16,5
32,13,32
40,15,47
37,22,58
37,21,59
61,19,58
6,15,23
58,23,28
54,16,50
45,18,62
34,17,49
62,22,37
4,17,40
45,18,32
30,13,17
40,16,30
12,9,17
26,11,26
17,11,13
41,21,9
57,20,34
50,16,39
19,11,14
58,19,43
57,20,35
31,22,56
55,16,48
5,17,40
37,13,37
18,20,40
35,19,8
43,14,43
3,18,39
29,12,20
2,10,17
41,15,51
16,16,2
5,9,15
9,23,46
22,16,38
33,15,46
6,16,28
47,20,27
33,17,9
57,21,32
6,16,37
60,17,58
2,10,16
33,23,2
41,17,28
8,17,40
17,13,30
30,18,6
48,14,43
12,16,0
14,14,32
62,21,46
56,16,53
61,22,37
0,11,1
56,16,59
57,20,42
38,23,0
54,15,53
41,21,61
63,21,47
1,12,19
23,14,35
34,18,50
39,14,48
1,11,2
61,19,48
35,17,11
40,22,3
57,17,53
6,9,10
39,16,48
35,17,16
2,9,15
1,15,23
24,17,44
10,13,28
45,15,36
38,17,22
17,20,40
1,20,28
19,10,23
12,19,42
52,19,31
44,23,20
23,17,5
32,19,5
2,18,26
51,18,38
16,22,44
11,14,31
53,16,52
60,22,33
36,15,22
7,9,14
50,20,30
40,14,40
34,19,6
39,19,13
2,18,27
8,10,8
29,13,37
53,18,37
7,16,26
49,19,32
6,9,9
38,16,49
34,17,17
13,15,3
39,14,41
21,18,43
40,16,55
47,14,41
53,18,35
54,18,36
33,20,2
5,16,23
47,16,39
62,19,50
28,12,19
39,15,48
33,13,26
22,21,48
43,15,53
2,19,38
57,21,34
4,20,44
47,23,19
28,16,46
59,23,27
25,20,3
56,22,29
12,12,21
37,19,55
58,17,52
53,21,29
47,17,35
35,20,6
30,20,51
23,17,44
7,23,45
9,21,41
63,18,56
46,21,26
62,19,54
36,17,14
0,21,46
25,19,48
19,12,20
22,11,27
26,15,39
38,16,54
52,17,36
60,19,51
5,18,41
34,14,47
12,17,37
56,23,26
21,23,50
44,14,35
8,10,12
18,23,45
0,21,44
32,16,50
44,16,57
38,16,52
63,19,63
62,18,58
61,22,35
33,20,3
3,17,27
45,19,59
46,15,38
24,16,40
38,19,14
7,22,46
14,15,5
54,15,50
7,20,43
29,20,5
17,11,18
38,21,5
49,16,61
31,15,13
30,21,56
5,16,36
5,9,10
21,23,52
59,22,40
27,23,57
9,10,15
12,11,21
36,17,12
62,19,62
42,15,53
44,18,61
22,13,12
42,14,40
4,13,2
14,13,7
47,17,56
36,14,29
41,16,53
61,18,53
41,19,60
27,21,1
46,17,36
35,16,18
51,16,61
53,18,36
10,18,40
39,19,19
21,20,47
49,20,29
11,13,24
45,15,35
50,22,27
30,22,56
44,23,4
16,21,43
35,18,14
61,18,49
18,17,1
46,16,59
8,12,21
55,21,31
24,19,48
13,13,29
35,19,7
13,15,5
35,18,53
10,12,22
32,20,52
63,23,35
42,15,45
53,15,48
33,22,2
31,12,25
29,13,33
16,10,21
44,16,58
21,12,14
44,14,36
62,18,57
41,20,8
4,16,23
7,9,10
16,11,17
59,18,51
7,23,46
13,17,38
15,16,2
3,12,20
21,11,19
32,15,17
37,14,29
57,16,54
58,17,48
52,15,50
45,19,28
8,22,45
31,21,54
37,19,57
41,17,29
38,22,62
26,17,45
26,20,52
36,21,3
51,18,34
61,17,54
47,15,45
36,22,61
32,15,46
8,14,4
9,10,17
44,18,27
29,18,51
29,22,54
3,18,32
18,18,39
17,12,12
9,12,7
40,13,35
58,19,52
59,17,60
12,13,25
39,23,63
57,21,30
62,19,59
28,13,34
3,18,36
12,10,10
43,21,62
50,17,35
34,19,53
32,23,57
18,15,4
55,23,25
16,12,19
60,22,32
21,17,42
15,17,38
3,17,38
0,20,36
63,18,55
48,16,39
29,14,16
44,21,19
53,23,25
59,21,44
8,16,36
21,19,45
24,15,38
33,20,53
7,16,35
55,17,50
37,16,53
32,16,14
41,21,60
22,22,52
8,13,20
52,15,44
4,19,40
23,16,39
18,12,25
37,19,13
2,20,37
4,11,4
22,23,51
25,14,38
22,11,23
29,12,22
54,16,54
19,12,14
47,15,55
15,11,23
24,13,33
33,18,6
35,14,47
3,9,16
63,23,46
34,17,13
12,13,24
14,10,18
15,11,11
24,18,5
26,16,8
58,20,40
53,16,59
31,16,48
17,23,44
31,12,27
57,19,43
17,17,38
16,13,9
30,17,49
34,22,61
23,17,42
51,17,62
24,11,24
54,18,37
20,12,14
63,19,58
38,20,8
34,18,52
49,16,38
29,14,14
5,17,34
16,14,31
42,14,41
18,11,25
46,17,63
8,19,40
36,14,27
39,16,49
14,11,9
17,12,20
31,13,25
44,14,50
55,20,34
55,21,30
16,16,35
30,15,9
25,13,16
34,13,29
1,10,17
25,18,46
15,15,33
44,17,59
0,9,5
36,21,57
48,16,60
45,17,57
18,12,10
23,13,30
49,23,24
21,15,34
41,20,20
42,14,33
38,19,59
0,21,36
47,15,44
59,17,63
14,22,45
61,21,46
30,13,18
31,23,58
22,21,47
40,21,17
27,18,51
61,17,58
53,19,38
30,17,48
10,9,12
50,23,24
44,20,22
7,13,3
18,16,34
35,21,57
60,20,51
36,16,20
27,16,46
27,19,52
19,21,45
52,17,60
11,22,44
20,21,47
32,14,22
62,18,54
32,16,47
45,21,23
20,17,2
15,22,42
3,9,15
42,20,61
42,14,36
23,12,16
52,17,63
16,16,1
2,8,11
28,19,5
24,13,11
28,13,36
52,16,41
45,19,26
32,15,47
57,18,47
35,18,9
13,13,31
22,20,46
10,14,33
22,11,21
57,20,36
60,22,39
24,16,42
9,14,27
49,15,56
47,15,56
16,15,33
34,12,31
34,17,16
29,12,24
11,13,27
35,20,2
57,16,59
7,10,9
22,14,11
26,13,15
61,21,45
61,17,55
33,22,4
40,14,43
18,11,23
41,20,19
27,15,42
42,18,60
19,13,11
50,16,55
8,15,30
49,15,50
54,22,28
6,13,3
23,14,10
58,19,49
43,14,38
2,9,16
29,21,3
21,19,44
45,22,18
38,22,60
36,14,48
26,13,17
15,16,35
27,14,10
26,17,47
32,19,51
8,12,7
13,10,15
12,13,7
46,19,61
49,16,60
45,16,55
48,17,62
22,15,37
53,15,52
44,23,6
42,21,7
31,13,19
24,15,39
22,16,41
59,22,31
33,15,47
2,12,3
53,16,61
4,18,40
