7,4,1
4,6,1
0,9,7
0,5,1
9,3,1
4,7,4
3,8,6
0,7,5
3,7,2
1,9,8
3,7,5
3,9,7
0,11,7
9,1,0
7,4,2
2,9,5
3,6,1
9,3,0
6,4,0
1,11,10
6,3,1
0,11,10
2,8,7
0,9,5
0,9,6
3,3,0
4,6,2
3,8,4
10,2,0
6,6,3
1,7,1
6,4,1
5,6,2
5,5,2
8,4,0
0,11,9
2,9,7
1,10,10
7,3,1
2,7,3
4,6,5
5,5,3
1,9,7
0,12,9
6,6,2
5,4,1
5,6,4
2,9,9
4,6,3
4,8,6
2,6,0
1,8,4
8,5,2
2,10,8
0,7,4
1,7,4
2,8,4
1,8,5
6,5,0
1,8,7
5,3,0
4,3,1
2,7,5
1,7,5
3,8,5
3,9,8
4,5,2
7,5,2
5,7,4
1,9,6
4,9,7
0,12,11
5,8,5
8,4,2
0,4,0
0,10,7
4,4,1
3,6,4
6,6,5
3,10,8
8,3,1
8,3,0
2,5,2
1,9,9
6,3,0
4,7,2
2,5,1
3,6,3
2,10,7
0,8,6
0,6,1
0,9,8
0,11,8
2,5,0
2,5,3
10,1,0
7,5,3
0,5,2
0,10,10
5,3,1
1,4,0
8,5,1
5,5,0
7,3,0
5,8,6
0,8,4
6,7,3
0,7,1
2,4,0
1,6,2
1,5,3
0,4,1
5,7,3
10,3,0
4,8,7
3,5,3
7,6,2
4,3,0
2,7,4
0,12,10
5,5,4
0,8,3
1,11,9
1,6,1
5,6,5
6,7,5
1,7,2
1,6,4
2,4,1
2,8,5
1,7,3
4,4,2
3,4,2
2,10,9
3,8,7
0,6,0
3,5,1
7,2,0
7,5,1
0,6,2
3,7,3
3,6,2
1,5,0
2,6,2
6,7,4
3,9,6
0,5,0
6,5,4
0,10,8
7,6,3
3,5,2
1,10,8
1,9,5
7,5,0
1,10,7
5,6,1
4,8,5
2,8,6
4,5,3
8,3,2
6,4,2
6,5,3
9,4,0
3,6,5
9,2,1
0,7,3
2,6,3
4,5,0
8,4,1
1,8,3
0,7,2
6,6,4
5,6,3
5,4,2
2,9,6
3,4,0
4,7,5
6,5,2
2,6,4
1,6,3
3,7,6
2,9,8
3,7,4
0,10,9
0,11,12
3,4,1
1,4,1
1,5,2
3,5,0
0,10,6
3,8,8
4,5,1
4,4,0
0,12,12
7,4,3
2,3,0
4,7,6
0,9,4
1,10,9
5,4,0
1,6,0
0,6,3
9,4,1
4,6,4
5,7,6
6,5,1
8,2,0
4,9,6
0,8,5
5,5,1
7,4,0
0,11,11
2,7,6
4,7,3
1,8,6
2,6,1
9,2,0
1,5,1
5,7,5
