54,7,6
14,6,31
23,7,43
56,7,7
0,7,53
56,11,47
56,10,25
62,9,12
28,6,20
17,9,60
26,6,21
27,8,47
47,7,4
34,6,10
54,7,4
61,10,15
19,6,19
31,7,20
26,8,44
35,6,11
25,8,46
15,6,19
49,7,2
53,11,56
2,6,26
24,6,7
38,9,43
22,7,42
26,7,24
53,10,32
15,6,18
19,6,13
2,6,33
5,5,15
10,6,17
7,6,30
33,8,38
22,9,56
46,11,61
46,9,41
11,8,52
25,10,54
3,8,61
25,6,23
51,9,25
4,7,45
17,6,2
18,6,8
9,8,57
48,11,56
36,10,51
22,6,10
30,9,46
34,9,47
38,7,21
58,11,56
20,6,5
32,9,45
20,6,11
46,9,49
47,11,57
41,8,34
5,7,41
8,6,35
61,10,19
18,6,27
37,9,44
42,9,39
50,11,43
17,6,26
8,6,36
16,6,7
61,11,19
59,12,27
58,10,25
43,6,10
1,7,40
1,6,36
57,11,30
32,11,51
43,6,15
40,7,30
18,6,2
11,7,44
55,7,10
29,6,17
2,5,25
6,5,7
60,14,40
39,6,11
22,7,35
20,7,40
55,10,48
34,11,57
7,8,55
56,9,21
17,8,52
11,8,61
41,7,18
60,9,16
34,10,50
31,7,29
46,11,59
23,9,50
32,7,22
28,6,13
52,11,44
34,7,35
26,7,29
50,7,16
24,6,6
61,12,25
47,11,54
5,5,16
24,6,2
51,11,56
43,6,3
3,7,44
31,6,0
19,6,12
40,11,62
26,8,43
26,6,0
20,6,4
21,8,45
15,8,51
54,7,11
16,6,6
49,7,1
59,10,18
46,9,46
30,9,49
51,10,48
60,8,0
21,9,59
17,6,27
40,6,17
9,7,43
60,14,34
16,8,57
20,7,34
22,7,26
39,7,23
41,8,31
38,6,15
53,10,48
31,11,59
32,10,48
25,6,24
63,12,25
25,9,47
28,11,52
45,11,54
12,8,50
32,6,2
34,8,43
5,7,48
54,8,15
0,7,49
35,6,18
44,11,57
47,9,35
0,5,24
58,9,19
23,7,41
1,5,19
13,8,54
30,8,37
44,8,34
40,6,11
1,7,51
6,7,43
12,6,13
36,6,7
35,6,17
25,7,41
28,7,23
46,7,3
58,8,6
54,12,43
24,7,25
26,11,60
24,6,18
53,12,60
2,7,53
55,12,40
47,11,56
22,6,16
59,10,22
53,12,39
59,11,53
50,10,36
29,6,7
46,10,54
8,5,3
29,7,29
12,6,25
44,9,44
27,7,28
40,9,49
47,7,7
23,6,24
52,12,59
39,6,17
57,13,34
57,11,49
13,6,30
31,7,31
9,8,60
54,11,54
18,7,36
37,9,43
61,14,40
39,9,45
54,12,35
6,7,47
52,11,34
43,6,11
38,9,45
33,7,32
48,9,47
7,6,28
23,6,22
34,6,11
48,10,46
4,5,17
57,10,52
45,6,12
49,10,34
19,9,53
44,8,38
59,12,26
42,11,58
28,6,9
37,6,10
59,8,5
37,11,61
56,9,16
54,12,42
33,6,15
40,6,4
25,11,58
60,12,25
21,6,5
59,12,47
38,6,0
58,10,23
43,6,0
16,6,14
26,10,53
56,9,20
7,8,59
40,6,15
37,7,20
35,8,38
58,8,7
20,6,15
27,6,22
24,6,19
55,11,29
1,6,27
39,8,39
6,5,4
15,6,27
7,6,32
32,7,27
31,8,41
20,9,60
53,11,44
59,12,62
26,6,2
36,8,42
10,9,63
1,7,43
14,6,27
50,11,39
55,8,15
49,9,48
57,11,46
18,6,25
32,10,49
55,12,41
41,7,20
2,7,52
0,6,31
16,8,54
44,7,19
14,6,29
57,10,20
19,6,24
23,7,28
25,7,24
53,11,53
50,11,57
30,11,62
51,10,46
44,8,31
40,6,5
39,10,51
28,11,55
62,14,34
43,9,41
18,9,56
13,6,28
47,9,38
44,7,25
35,6,2
56,11,27
46,7,12
29,12,59
62,13,46
49,12,58
20,8,45
45,8,36
20,7,32
41,6,5
45,11,58
16,6,19
33,10,48
54,12,59
7,5,2
5,5,6
52,12,61
11,6,24
26,6,13
7,6,25
41,8,38
33,11,51
33,7,21
36,8,41
19,6,3
55,7,6
63,12,62
3,5,9
23,6,12
4,6,26
2,5,13
9,8,58
32,6,18
34,7,31
19,7,40
52,7,17
41,9,44
57,8,14
3,8,55
43,8,32
8,7,49
36,7,21
29,9,47
11,6,32
61,14,41
56,10,50
4,6,30
4,5,21
22,6,12
28,6,0
51,11,55
10,5,11
10,8,53
38,8,32
31,6,13
21,7,38
31,7,34
46,7,5
25,7,33
8,7,37
56,8,9
55,13,41
51,8,19
22,7,30
16,6,15
36,8,32
5,7,40
48,10,40
14,6,23
47,7,14
34,11,55
56,12,35
39,8,43
0,6,27
34,11,54
13,7,41
61,9,8
57,13,42
18,6,22
28,11,58
8,5,15
10,7,36
38,11,54
7,8,60
9,7,50
61,8,2
12,6,4
41,6,14
13,9,63
59,11,56
30,9,48
36,7,31
54,11,29
24,8,42
30,8,36
28,7,37
28,6,3
2,6,27
21,6,13
25,7,25
28,10,52
61,9,12
6,7,42
32,7,21
36,11,54
63,8,6
10,8,50
45,6,2
15,7,38
37,11,58
24,6,4
3,7,41
62,10,18
55,10,24
31,9,46
42,8,34
23,6,3
35,11,52
29,10,63
60,9,11
38,7,31
29,10,50
3,6,38
48,10,43
14,7,42
44,6,12
21,7,37
47,7,15
30,6,16
51,11,43
61,14,32
42,7,30
60,12,28
23,10,55
42,6,12
57,11,56
43,6,8
24,7,24
47,9,49
37,8,31
55,11,44
43,8,44
1,6,37
4,7,44
58,11,48
50,7,13
55,8,10
13,7,45
39,6,0
50,7,6
14,7,38
21,9,58
31,8,45
35,7,20
2,6,34
12,6,23
62,12,23
52,12,60
45,8,31
16,8,46
44,8,35
18,9,59
62,8,7
24,6,24
27,11,60
49,8,26
60,8,2
32,6,15
56,11,55
25,6,14
63,11,55
7,6,19
49,8,28
9,8,51
57,10,21
30,7,20
21,8,48
41,8,44
35,11,61
13,6,33
23,10,58
43,6,1
31,8,39
39,6,8
17,7,43
46,8,25
51,10,32
0,8,57
1,8,60
61,11,54
53,11,31
24,7,40
33,9,45
60,8,7
7,6,23
32,8,44
56,8,18
47,7,17
49,7,17
46,6,4
55,7,12
9,6,23
52,10,52
36,6,5
36,9,48
43,7,24
30,12,58
41,8,35
53,11,35
3,6,30
1,5,21
50,8,21
8,6,16
53,7,12
26,7,41
15,7,35
61,11,24
27,6,12
52,11,43
43,9,44
10,5,5
0,5,18
8,7,46
60,8,11
31,12,56
35,6,9
59,9,14
4,5,11
1,6,33
57,10,50
56,8,13
13,8,60
52,12,38
11,6,29
48,7,6
47,11,61
7,8,56
8,7,51
6,6,19
25,10,60
50,10,53
17,6,24
60,14,39
59,8,12
42,6,14
57,12,42
56,7,8
11,9,63
41,6,13
55,12,43
13,7,33
29,6,5
4,6,23
25,10,61
13,7,48
32,8,37
0,6,36
42,8,43
10,6,35
20,6,21
28,10,61
17,6,29
4,8,58
17,9,61
58,13,34
2,8,56
28,6,21
33,7,33
3,7,45
34,8,34
2,5,1
2,5,10
15,8,53
12,6,10
37,8,34
58,12,58
40,6,7
12,5,11
39,6,16
21,7,35
12,6,11
50,10,51
8,6,29
54,10,27
56,7,10
60,11,47
44,7,24
7,5,9
15,8,46
7,6,29
23,8,43
12,6,28
16,9,63
9,6,21
15,7,33
31,9,49
55,12,39
17,6,25
5,5,4
52,11,41
38,6,18
25,7,38
29,8,40
51,9,48
60,9,15
6,8,62
6,6,28
57,8,9
40,7,25
34,6,7
8,6,34
16,6,24
4,5,9
18,9,62
34,7,28
41,8,39
11,7,37
3,7,50
1,8,56
20,6,13
51,9,29
9,6,20
4,5,1
38,6,17
24,8,46
57,7,5
54,7,7
21,9,63
59,12,57
3,5,10
53,8,17
35,6,1
16,6,2
13,6,15
24,10,53
39,11,54
52,7,0
38,6,13
48,10,51
35,9,46
23,7,33
45,11,55
47,7,1
52,9,30
9,6,26
52,11,39
56,12,41
5,7,44
58,13,63
19,7,35
2,7,45
18,8,50
11,8,56
31,11,63
35,10,51
9,6,29
44,8,33
15,6,0
57,9,15
9,8,50
43,7,29
36,11,51
27,11,55
62,12,58
53,7,11
45,7,16
27,9,51
60,13,44
44,9,47
24,7,33
39,9,49
9,5,2
63,15,37
59,13,30
1,7,41
45,9,38
52,9,22
59,11,24
13,5,4
5,7,50
48,7,1
52,10,34
63,10,14
1,7,48
10,7,40
48,7,10
59,12,63
47,9,46
61,9,13
43,6,13
14,8,60
39,9,46
26,6,8
8,7,39
59,10,52
44,8,30
35,6,16
8,7,41
11,8,48
25,10,57
2,6,37
12,6,0
43,10,50
31,6,12
40,10,51
57,13,36
51,10,53
51,7,18
56,11,45
51,11,44
62,8,8
13,5,8
19,8,51
16,7,38
44,7,14
22,6,3
14,6,32
54,11,56
6,5,15
50,8,25
33,11,63
1,6,34
4,7,47
42,6,3
31,6,1
49,9,32
27,8,39
22,7,44
4,5,4
19,7,42
30,8,38
20,8,52
28,7,38
62,9,13
20,7,38
40,7,27
62,15,34
0,6,29
24,7,30
62,14,30
41,11,55
28,11,53
61,14,36
44,6,6
31,8,43
47,12,63
61,15,39
29,11,57
46,6,2
50,9,34
61,12,44
10,5,7
18,8,53
7,6,20
50,7,4
37,7,19
56,12,34
0,6,33
6,6,21
27,6,16
3,7,51
52,11,54
57,12,59
17,9,62
27,9,49
34,8,39
37,11,53
21,7,27
3,5,12
4,7,46
37,9,48
9,5,13
34,7,21
27,7,37
38,11,62
44,9,45
15,7,32
56,8,10
44,6,0
51,11,38
55,12,62
25,6,12
6,5,2
52,8,15
46,10,52
37,8,40
56,8,8
36,6,3
52,12,40
51,7,7
51,7,2
52,8,24
31,12,55
38,6,8
7,6,1
53,9,21
50,10,38
28,7,26
50,7,14
41,10,51
57,10,25
37,6,14
5,6,37
13,8,58
7,6,0
45,10,53
4,8,62
34,10,51
60,13,63
59,14,38
4,6,21
63,11,21
39,11,60
25,10,55
11,8,49
50,10,45
52,11,35
45,7,25
44,9,40
63,12,58
61,12,45
34,11,62
43,7,20
51,7,16
47,11,60
6,6,31
47,7,10
51,11,45
54,11,57
55,12,61
12,6,19
49,10,36
49,7,9
38,7,29
49,11,58
12,8,59
43,11,62
60,10,22
61,11,55
10,6,31
61,10,17
10,7,38
56,12,58
59,8,3
4,7,49
48,10,37
55,10,50
23,7,36
54,12,60
62,14,42
38,7,20
5,8,56
60,12,47
60,11,53
34,6,17
18,8,51
10,8,51
41,7,25
8,8,52
53,7,7
62,10,19
2,5,0
13,6,32
36,9,45
6,7,44
51,7,0
32,7,32
53,8,19
27,6,0
41,10,53
27,9,46
37,6,2
46,11,63
10,8,55
49,7,6
35,7,28
18,9,61
55,12,42
18,7,30
0,5,3
13,8,49
46,6,7
51,10,35
29,7,21
23,10,56
61,10,18
28,6,2
46,8,29
33,7,20
56,11,56
30,7,28
14,8,48
0,7,43
63,14,30
58,12,63
63,13,42
48,11,53
39,10,48
59,10,20
61,11,56
53,9,25
45,9,48
11,7,43
28,7,39
61,11,25
6,6,38
7,6,38
58,12,59
58,8,8
27,11,58
4,6,33
27,6,3
52,8,16
4,5,0
60,14,38
24,10,58
11,6,4
1,5,24
63,12,21
61,8,4
57,10,51
26,11,61
10,7,43
8,8,62
63,15,36
43,7,30
8,6,31
41,7,19
36,6,10
45,10,52
20,7,27
39,6,5
24,6,1
54,10,52
35,8,35
29,12,56
24,6,9
0,7,54
24,9,53
4,7,40
52,10,49
15,6,3
55,8,11
45,7,15
34,6,15
24,7,28
26,6,3
5,5,9
18,8,52
12,8,56
14,8,57
1,5,14
33,6,12
12,6,2
29,11,60
1,7,49
2,5,8
39,10,49
16,6,18
2,6,28
33,6,3
36,6,8
6,7,38
60,12,44
23,8,49
1,6,25
27,10,55
63,14,39
39,11,57
60,9,14
49,9,35
63,9,12
7,7,52
29,6,15
22,9,55
62,9,10
47,10,49
1,7,46
27,8,43
12,5,10
8,5,4
60,13,29
50,7,11
29,10,51
29,11,55
49,9,29
54,12,57
54,9,22
1,6,31
15,8,48
9,7,47
13,5,9
20,9,58
61,8,1
39,8,36
62,12,56
39,8,40
34,11,60
23,6,18
62,9,8
44,11,56
23,8,46
36,8,44
16,7,42
4,7,43
5,5,5
23,10,60
45,11,57
33,9,47
54,11,34
33,6,18
14,6,19
40,7,20
61,13,63
21,9,52
41,11,60
45,7,19
5,5,11
38,7,30
50,7,1
20,7,39
4,5,16
43,10,54
57,9,21
12,6,1
56,11,30
3,7,52
29,7,31
38,10,50
18,6,28
41,8,40
15,6,23
0,5,12
59,12,46
0,6,39
1,5,2
61,11,48
13,6,11
23,9,55
30,11,53
38,8,41
6,5,16
12,7,48
16,7,30
7,8,54
61,9,15
53,8,22
49,10,43
33,7,35
56,10,26
23,8,48
50,9,31
42,6,6
46,7,24
30,10,52
49,9,36
12,6,9
36,7,24
38,7,25
10,6,14
33,11,57
54,11,46
7,6,31
31,6,18
59,13,31
50,7,20
24,9,49
34,9,45
60,9,13
46,7,4
31,7,25
2,6,39
49,10,38
59,14,37
31,8,42
53,8,14
13,9,61
41,9,40
15,6,21
27,7,31
27,7,30
45,7,23
62,10,12
23,7,39
14,8,53
47,9,47
3,5,19
26,11,56
38,11,55
39,6,12
19,6,7
50,12,63
32,8,43
56,12,61
48,7,15
19,6,11
62,9,9
11,8,50
27,6,11
53,7,3
11,7,49
37,11,54
19,7,45
49,7,13
26,6,18
42,6,2
40,9,42
38,6,14
37,6,1
58,14,38
0,5,2
53,12,38
43,6,4
9,6,30
23,10,61
47,10,44
53,12,36
12,6,35
0,5,25
17,8,55
56,12,62
9,6,31
38,8,31
15,9,61
8,7,43
35,8,32
61,14,42
55,11,48
33,12,56
37,9,46
19,9,59
43,8,35
59,13,43
57,7,2
25,8,44
23,7,30
59,11,23
51,7,10
62,15,37
47,10,50
54,10,28
53,8,20
46,8,31
3,6,40
9,5,14
8,6,33
25,7,42
20,9,52
36,11,60
28,7,36
48,10,38
56,11,51
58,14,37
58,12,45
55,12,36
49,7,15
11,6,13
30,8,43
22,6,22
46,7,23
29,8,37
27,7,24
31,6,2
30,10,49
52,10,33
8,5,5
5,7,38
62,12,60
8,6,1
63,12,55
59,8,4
56,10,24
3,5,15
19,9,62
60,12,48
23,6,11
11,5,7
44,7,18
27,7,39
6,5,0
60,9,17
51,7,6
51,7,13
6,7,45
45,7,14
39,6,7
22,8,44
4,6,39
9,6,24
58,11,57
44,6,13
13,7,36
7,6,35
31,11,52
23,7,31
48,8,24
7,6,21
5,6,20
63,13,46
16,9,57
22,6,21
57,12,57
5,6,34
45,9,40
3,6,31
36,8,36
40,8,31
25,9,53
46,7,11
54,12,44
48,9,30
48,9,31
17,9,56
24,10,56
15,6,15
37,7,21
40,10,48
42,6,17
14,6,9
41,8,32
27,11,61
49,7,5
55,12,32
9,5,6
56,12,43
56,11,54
63,13,28
10,9,62
56,11,52
1,5,20
60,14,32
47,7,22
4,5,6
40,8,32
49,7,12
61,12,60
25,10,63
22,6,14
19,8,49
32,7,34
24,6,15
12,8,58
51,11,40
60,14,33
2,8,60
63,14,29
52,10,30
62,11,22
59,13,33
56,11,31
40,6,13
4,6,28
50,10,39
54,12,61
5,6,24
34,7,30
16,7,46
17,6,12
26,7,32
35,7,26
29,6,1
48,9,35
40,6,10
6,5,6
31,10,49
25,10,58
9,5,15
54,11,44
53,12,58
45,8,29
45,8,27
26,10,57
53,10,46
1,5,10
3,7,48
18,7,45
35,9,48
36,8,34
26,7,25
38,11,53
46,8,26
27,7,32
35,6,12
55,10,28
47,7,3
38,11,56
3,5,16
61,13,44
17,6,3
45,9,49
58,11,24
14,5,7
23,6,14
49,7,3
38,7,27
51,7,12
14,6,25
1,8,62
0,6,38
56,12,30
62,10,16
26,6,11
57,8,6
19,7,43
37,10,52
19,9,55
39,11,58
61,11,20
8,6,21
53,10,29
62,11,51
1,6,38
33,7,25
29,7,23
10,5,4
20,6,9
62,11,55
9,5,9
55,8,13
1,5,1
11,7,41
35,11,59
48,11,57
45,7,21
6,8,61
63,8,2
54,10,30
60,11,55
8,6,32
9,7,39
61,14,34
57,10,49
59,11,52
18,9,57
24,8,44
60,12,27
49,10,40
9,7,37
8,5,1
52,9,24
63,9,6
19,7,29
28,8,43
39,7,30
15,6,20
7,5,6
7,7,37
56,13,42
51,8,20
39,8,44
53,7,0
54,10,31
21,6,7
61,11,22
28,6,7
42,7,20
8,6,24
31,6,14
29,10,62
14,7,33
56,12,32
30,12,55
35,11,54
1,7,53
61,14,33
16,7,39
59,14,36
22,9,60
45,6,0
30,7,36
3,7,53
8,7,38
45,8,34
55,11,55
55,11,32
26,8,45
48,11,61
63,10,12
55,7,3
30,11,52
58,8,9
61,11,21
57,12,61
2,8,55
48,11,62
33,11,62
58,9,14
29,6,14
3,8,63
32,8,41
60,12,26
42,11,62
29,7,28
1,7,57
24,8,47
21,7,31
52,9,25
36,8,33
58,8,10
48,11,59
6,7,41
8,5,7
24,10,57
57,10,48
32,7,33
10,8,58
21,8,51
36,6,4
51,9,28
2,7,54
57,8,4
36,6,6
56,7,0
17,7,29
7,7,44
17,8,51
59,9,12
21,7,42
24,7,36
27,6,1
51,7,17
19,6,1
59,8,9
14,6,15
15,9,60
63,13,27
28,8,38
47,10,41
42,9,43
48,8,26
40,7,22
57,8,3
62,15,39
21,7,41
60,11,50
9,7,42
63,12,59
17,8,57
35,6,10
57,7,1
1,7,56
3,6,35
57,9,16
50,9,32
54,8,18
57,8,1
21,9,61
7,8,63
18,6,18
5,8,55
33,8,43
59,9,18
32,11,56
32,7,30
25,6,3
35,8,36
39,6,10
4,6,37
32,9,48
31,6,20
52,9,27
38,11,57
14,6,4
55,10,23
2,6,23
36,10,48
46,11,56
18,6,17
47,9,44
1,6,30
22,9,63
46,7,7
9,7,44
23,9,60
7,7,42
51,10,30
5,6,32
59,14,40
55,13,38
61,13,43
19,6,18
59,13,40
28,7,21
1,7,45
63,15,33
17,6,22
5,6,33
18,8,56
13,6,4
52,10,45
59,13,34
24,9,48
40,7,17
61,13,31
58,10,52
18,8,55
54,7,8
18,7,44
25,6,0
11,6,33
20,6,27
15,6,22
18,7,40
37,6,12
40,11,59
61,9,11
50,7,8
13,7,40
57,11,58
4,5,5
26,6,24
51,7,14
49,10,53
6,8,59
45,6,13
37,6,3
13,8,50
11,6,23
21,6,6
59,11,47
44,7,27
13,8,55
48,10,53
32,10,63
38,7,26
52,7,4
32,7,23
2,5,22
20,7,31
59,8,6
42,10,52
63,12,50
31,11,62
43,8,36
51,10,49
60,9,10
58,11,53
19,6,14
59,11,51
29,6,20
40,6,9
24,6,17
63,14,31
40,8,40
58,10,22
13,6,18
30,7,25
25,8,47
35,9,44
44,7,26
57,9,19
47,8,32
28,11,54
45,9,43
2,6,35
11,6,31
11,6,18
29,9,46
40,6,0
41,11,56
22,9,52
55,8,12
12,6,21
46,11,60
44,8,37
2,6,25
17,7,46
32,7,35
61,10,51
43,6,9
52,8,23
51,9,32
5,5,21
54,11,33
3,7,47
17,7,40
55,11,52
15,6,4
63,14,43
49,8,20
23,6,1
62,15,35
25,7,29
35,11,51
3,6,33
40,8,42
11,8,60
43,9,49
12,6,26
6,5,8
26,7,31
36,10,52
59,8,2
30,9,47
59,12,28
38,8,40
17,6,1
33,8,42
36,6,0
3,6,23
34,6,13
53,7,1
35,8,39
62,13,29
58,11,47
50,7,12
15,6,14
56,12,33
28,6,6
45,7,13
30,11,51
53,12,41
22,7,38
32,11,57
56,10,22
36,6,9
22,6,20
43,7,27
12,8,55
36,11,58
46,7,15
19,6,22
14,6,24
54,12,38
2,7,49
54,8,19
40,8,41
35,11,55
15,6,7
62,11,21
62,12,48
16,6,29
21,7,28
50,10,48
27,9,50
14,6,30
2,6,38
27,8,46
61,10,21
26,11,55
60,12,45
13,7,47
27,10,52
13,7,0
18,7,43
54,9,25
58,10,19
46,6,9
58,13,39
43,9,45
46,9,48
56,10,52
18,6,29
26,7,28
28,8,40
62,13,28
41,10,54
58,12,46
40,9,46
10,5,9
63,8,5
57,7,0
61,13,42
15,6,24
33,11,55
61,10,20
45,9,47
15,7,41
37,7,26
59,9,19
2,5,16
58,8,2
7,5,4
61,11,53
55,9,18
58,8,12
53,11,36
55,10,51
41,10,50
7,7,48
23,7,25
39,7,19
54,8,14
14,8,50
45,6,6
33,11,56
45,7,20
56,7,6
5,5,18
43,11,54
40,11,56
63,13,44
57,13,39
55,13,40
4,8,63
57,11,45
14,8,59
50,9,47
4,6,25
40,11,54
20,9,57
24,7,41
22,8,49
46,7,1
4,5,8
58,13,40
38,6,11
3,5,11
23,8,47
51,8,26
29,6,8
14,8,54
55,11,33
22,7,28
13,9,62
63,12,61
49,11,56
14,6,33
18,6,9
41,6,3
61,11,57
44,7,21
50,10,44
48,10,41
40,11,58
5,6,29
30,7,27
31,7,28
42,9,44
45,6,10
49,9,31
40,9,45
62,12,45
6,8,63
55,10,25
59,14,35
45,7,12
33,9,48
24,7,27
23,9,52
6,6,23
22,6,24
7,5,7
57,11,53
24,10,54
57,11,57
9,9,63
41,6,12
36,11,57
41,9,47
15,6,31
29,6,9
11,6,17
7,6,24
63,11,19
29,6,10
26,7,34
62,12,24
33,7,22
50,8,22
7,5,11
11,6,34
51,10,33
47,11,55
43,11,57
30,12,56
58,8,0
52,7,8
19,8,47
5,7,42
29,6,12
45,9,37
17,8,46
10,8,57
11,5,5
37,8,38
45,10,50
2,7,48
63,11,53
42,6,16
41,6,10
7,5,16
4,6,27
36,7,22
60,11,48
19,6,25
16,7,33
5,5,0
34,8,40
38,6,4
25,6,19
26,6,22
53,10,53
58,12,28
47,8,24
47,10,51
35,7,29
13,6,35
16,6,21
57,7,4
4,5,2
49,7,22
20,6,14
1,5,15
18,7,42
23,6,8
53,12,62
48,8,25
55,8,14
26,7,37
19,6,4
41,8,41
0,5,11
9,8,59
39,8,37
15,8,55
46,9,37
17,7,31
46,7,6
18,7,38
5,6,22
14,7,45
54,10,29
39,6,15
16,8,55
13,6,16
48,10,44
0,5,7
56,12,59
29,6,19
2,7,47
6,6,25
37,6,9
6,7,46
23,10,62
12,6,18
12,7,47
57,8,10
38,6,10
14,6,26
13,6,20
33,7,29
60,11,54
34,8,44
26,10,52
40,7,23
4,5,7
48,7,8
62,9,7
15,9,62
33,6,0
30,7,24
42,8,37
17,8,50
41,8,37
6,6,33
31,12,57
17,7,30
32,6,3
44,10,54
56,13,35
17,7,36
22,7,34
16,9,61
50,7,19
55,10,47
47,7,12
42,11,54
48,7,18
15,7,40
51,8,17
6,6,30
47,10,48
55,13,39
0,7,56
42,6,8
7,7,39
57,9,22
0,6,25
7,7,51
39,9,48
6,5,14
35,6,0
49,7,16
3,5,3
48,10,45
18,7,35
35,11,58
48,11,54
44,7,28
38,10,54
17,6,18
21,9,53
63,9,7
25,7,37
10,8,60
8,5,8
18,8,48
14,7,46
50,11,53
50,7,9
40,6,1
59,10,17
60,11,57
22,8,50
0,5,13
29,11,56
6,7,49
25,10,56
4,5,22
45,7,17
26,10,56
37,11,59
48,7,9
12,8,49
28,11,59
51,9,31
4,5,14
10,6,19
45,9,39
52,10,48
14,9,61
60,8,1
14,6,21
48,7,2
42,8,39
49,12,59
61,12,62
22,7,31
43,8,30
18,8,49
40,9,41
56,13,38
43,9,40
63,11,54
33,8,44
18,6,19
23,8,44
4,7,41
12,7,35
39,8,41
47,7,8
35,8,43
49,7,4
16,6,0
7,7,50
13,6,14
43,8,33
36,6,18
32,7,29
44,6,7
33,11,61
15,7,36
44,7,15
18,6,15
11,9,60
2,7,43
19,7,37
46,6,10
47,7,25
19,7,27
50,7,17
7,7,49
45,9,45
61,8,6
33,7,26
22,6,13
63,12,63
56,8,14
15,8,50
49,8,27
48,7,16
37,6,13
39,6,18
10,5,10
55,9,24
59,13,32
51,7,11
40,9,40
39,7,21
22,6,25
58,9,20
32,6,5
55,11,31
63,11,17
3,7,46
26,6,16
5,6,31
43,6,16
54,7,14
51,10,47
28,6,4
56,12,63
61,9,10
22,9,62
13,7,38
57,8,12
55,10,49
1,5,11
22,9,59
41,6,9
61,12,49
48,7,4
23,7,34
21,6,11
56,10,23
19,9,63
9,7,46
53,10,50
21,6,1
36,11,61
4,6,34
34,10,48
24,7,38
7,8,53
15,6,6
49,11,60
25,6,2
13,6,5
45,9,41
46,6,6
46,7,26
8,5,16
43,8,38
27,8,42
55,12,57
40,8,34
39,11,53
11,6,2
41,6,6
9,8,52
54,10,48
1,5,4
27,7,34
13,6,3
27,11,53
3,5,7
48,9,34
9,6,34
19,6,17
32,9,44
49,7,11
0,7,42
55,8,17
59,11,50
9,7,48
20,6,7
22,7,29
25,11,57
27,6,17
5,7,43
54,7,3
31,7,22
27,10,62
1,7,50
54,12,63
8,7,48
53,11,33
61,10,16
0,8,61
28,7,30
56,10,48
32,6,1
16,6,11
48,7,11
33,8,40
58,12,60
53,12,59
33,10,51
46,8,34
62,8,6
7,7,46
5,8,54
46,9,36
37,6,5
47,10,52
26,10,51
3,7,55
21,6,4
11,7,48
20,7,41
27,6,18
32,8,38
3,5,21
54,7,12
52,7,12
36,7,29
56,7,1
9,7,49
34,7,36
3,5,4
37,6,8
23,10,59
31,8,38
47,8,25
15,6,10
53,12,42
17,6,16
48,9,32
45,11,56
13,6,12
3,7,49
58,12,31
51,7,4
46,8,32
6,6,0
32,11,63
8,6,23
2,6,29
50,11,56
3,6,24
20,7,29
24,6,10
7,6,34
18,8,45
11,9,61
12,6,3
63,13,47
0,7,58
61,12,29
5,5,19
30,6,10
9,8,63
8,6,37
26,7,39
18,7,33
31,7,27
50,7,2
11,8,53
55,11,30
33,6,17
62,13,30
24,9,54
19,6,21
24,6,12
54,9,19
42,6,13
27,6,21
31,12,58
3,5,23
35,8,42
50,12,58
9,7,45
41,6,8
39,9,47
6,8,60
1,8,61
0,8,58
48,11,55
26,8,42
28,6,16
51,7,5
10,6,20
37,8,37
30,8,40
55,12,33
14,6,8
15,6,25
60,14,37
15,7,34
41,11,62
0,8,63
20,9,53
58,10,20
21,7,32
28,6,1
22,6,18
59,8,0
45,6,4
13,8,59
62,10,13
22,7,40
50,9,27
1,5,9
19,8,45
62,12,49
54,10,49
46,6,5
0,5,21
32,11,52
3,6,22
14,6,13
28,8,45
15,7,31
7,7,47
1,5,8
61,15,34
51,8,23
50,12,59
23,6,13
11,6,25
13,6,27
30,6,1
31,11,53
63,10,17
19,6,2
57,7,7
3,8,62
8,5,12
63,14,33
56,12,44
22,6,17
62,11,18
60,14,36
22,10,62
55,11,28
14,7,35
27,11,56
28,10,53
44,7,22
60,12,56
23,6,21
48,8,29
40,7,28
54,10,46
42,7,29
13,7,43
23,9,61
6,6,36
25,7,31
27,11,59
4,6,35
34,11,61
48,7,23
16,6,17
29,8,41
30,6,5
19,7,34
26,10,62
60,13,41
60,11,24
9,6,17
21,9,57
42,9,42
7,5,17
43,9,42
59,9,16
10,8,61
29,11,62
20,7,30
61,14,39
21,6,16
36,6,13
14,6,12
61,8,5
58,11,49
61,11,23
37,10,49
5,6,38
49,11,57
15,8,47
20,6,24
27,6,13
39,7,25
61,12,58
12,7,42
53,10,28
11,6,19
3,6,37
11,8,59
8,5,9
47,10,53
62,8,3
28,7,32
60,11,22
10,6,25
61,13,30
37,8,36
46,7,9
46,7,10
62,13,31
62,15,36
2,7,42
35,11,53
22,8,47
28,11,57
61,15,37
55,10,27
45,6,9
42,8,44
62,12,46
46,7,0
34,6,14
16,8,52
40,8,37
50,11,55
19,6,8
40,11,55
43,9,48
14,6,5
26,8,41
11,7,46
26,10,55
40,10,50
26,6,10
52,7,7
61,13,29
43,7,17
28,10,51
23,8,45
35,7,25
26,7,30
55,10,52
8,6,30
50,12,62
17,9,63
61,9,9
57,8,7
54,11,52
63,8,0
8,5,11
16,6,5
54,10,51
63,8,1
27,8,41
13,5,5
44,7,17
20,8,50
50,12,61
53,10,49
15,8,49
25,6,11
13,6,13
31,11,55
46,8,27
44,8,29
11,6,21
52,9,28
37,8,33
36,6,14
8,6,25
49,7,21
10,5,12
25,6,6
48,8,28
51,10,34
24,6,0
38,11,60
49,8,24
26,6,12
36,7,19
51,8,24
2,5,15
8,7,40
13,8,51
6,5,10
25,7,26
25,6,9
2,5,24
22,6,7
42,6,7
47,10,42
58,9,13
54,10,25
44,6,9
41,6,16
19,6,28
8,8,50
57,13,41
41,8,42
59,14,33
54,9,20
54,11,35
39,7,22
46,9,42
38,8,36
21,7,40
1,8,57
59,11,54
58,9,17
18,6,24
0,8,62
19,9,61
43,10,53
16,6,1
6,8,52
62,12,26
45,7,1
39,8,42
60,12,58
41,6,7
28,9,47
27,7,25
31,6,3
23,6,6
32,9,47
22,6,9
26,10,63
29,11,59
14,8,56
59,10,50
63,10,16
52,11,37
9,6,1
18,7,28
46,7,16
22,7,32
37,11,56
42,6,11
42,11,57
35,8,41
18,6,7
40,6,18
38,6,9
21,8,50
57,14,37
29,7,33
15,6,28
27,10,53
15,7,47
39,6,1
57,12,30
62,13,27
14,9,59
23,6,9
10,6,15
2,6,31
19,7,38
56,11,48
30,6,13
54,12,36
38,7,19
33,6,5
33,8,36
29,8,38
12,6,20
55,13,36
60,10,17
42,9,48
51,12,60
9,6,0
38,9,48
16,6,22
11,6,1
24,10,61
11,5,10
43,7,25
54,7,1
59,10,51
48,7,7
62,11,24
45,8,33
43,8,34
61,8,0
34,7,19
22,6,11
19,6,15
37,8,39
60,12,46
42,9,41
0,5,22
52,7,6
30,9,45
20,9,56
42,6,9
44,6,10
52,8,21
24,6,21
28,11,61
25,9,50
45,7,22
48,10,42
57,14,39
49,11,42
44,6,15
41,9,46
60,14,35
15,8,57
44,9,41
44,9,39
1,5,17
27,6,23
59,8,1
59,11,25
62,12,59
54,11,55
10,6,18
15,6,11
10,6,34
48,12,61
54,8,13
54,11,53
3,5,18
40,6,2
21,6,25
54,7,13
6,5,18
0,6,37
17,6,21
33,11,54
13,6,22
0,7,48
61,12,24
28,8,44
6,6,35
3,5,17
49,8,22
13,6,2
29,7,25
5,5,20
57,13,37
36,6,12
60,12,63
36,9,47
57,11,47
61,8,7
48,10,36
21,7,34
63,13,26
22,9,58
15,7,43
46,7,2
60,12,59
17,7,33
60,12,62
43,6,12
63,13,29
14,7,34
44,6,5
52,12,41
42,6,0
33,6,10
50,8,19
23,10,57
58,13,42
37,7,24
1,5,18
16,7,29
47,10,40
3,7,43
32,8,45
3,5,14
61,15,36
50,8,18
45,7,28
45,7,27
52,7,16
49,8,29
35,10,49
21,7,29
47,7,6
53,12,40
3,8,56
6,8,54
60,10,16
16,6,10
12,6,32
0,7,55
1,8,59
11,8,55
0,5,16
32,12,56
15,9,59
18,6,13
62,14,39
63,8,3
62,10,15
41,7,28
57,11,48
23,9,56
31,6,9
31,11,61
28,7,27
12,8,57
11,8,51
44,8,28
12,6,16
20,6,3
53,12,37
40,8,36
33,10,50
63,12,56
6,8,56
37,11,60
10,7,48
49,10,37
38,8,37
34,11,51
49,9,28
58,9,16
37,7,31
37,7,22
18,6,10
56,11,46
0,6,32
13,7,37
56,11,57
45,8,30
34,7,22
52,8,19
43,9,43
30,7,22
5,5,14
58,8,14
54,12,39
2,7,46
23,6,16
35,7,23
27,8,40
55,8,19
14,7,37
7,7,43
26,7,36
58,8,1
23,9,58
47,9,32
38,8,35
51,10,51
60,10,18
62,11,54
0,5,0
0,5,23
60,11,52
48,9,33
41,7,26
31,11,60
9,6,3
57,7,6
7,5,18
58,12,42
30,8,35
57,12,32
57,13,33
1,8,58
47,7,5
53,10,26
47,7,9
22,8,46
36,11,53
37,10,50
14,8,51
58,11,50
5,8,59
18,6,0
45,6,5
5,7,52
22,6,6
39,6,13
44,11,59
59,14,32
63,12,49
10,5,14
56,13,36
17,8,49
2,5,12
27,7,38
48,8,27
22,9,50
32,7,28
20,8,51
9,5,4
38,10,52
54,12,37
10,6,30
39,6,9
16,8,49
27,6,10
37,6,6
4,8,60
10,5,13
27,6,20
10,7,47
10,8,54
11,5,6
62,12,63
47,10,38
21,9,54
41,7,24
52,8,18
7,7,45
21,7,30
46,9,45
17,7,35
53,11,37
51,12,58
20,8,53
54,12,41
34,10,49
60,11,21
48,9,46
22,7,43
58,11,55
28,7,35
49,11,53
14,8,55
60,13,43
27,9,47
62,13,43
13,6,31
40,8,44
12,7,45
59,8,10
32,6,7
39,7,27
33,9,44
55,13,35
63,15,34
42,7,26
50,7,0
56,8,17
44,9,46
33,7,30
23,6,23
46,7,22
22,6,26
0,5,20
41,7,23
14,6,20
41,6,1
55,9,23
5,8,61
29,6,13
50,9,48
27,10,50
19,8,48
37,11,63
11,7,0
29,10,49
25,6,18
32,9,46
30,6,2
51,11,41
50,10,37
6,5,11
59,12,61
18,7,34
26,6,17
36,7,20
16,7,35
1,7,54
9,5,11
63,12,46
53,7,10
54,11,47
50,7,5
58,11,25
13,7,44
14,6,28
40,7,31
31,7,30
58,14,36
0,8,59
37,9,47
20,6,22
39,10,50
10,8,52
30,6,18
17,8,53
61,12,61
40,7,24
40,7,21
56,8,15
10,6,21
18,7,29
55,9,19
35,7,32
27,10,54
44,11,61
61,8,3
46,11,57
47,9,41
29,10,61
13,8,47
35,8,37
47,8,26
23,6,20
3,6,28
47,9,37
3,8,58
56,7,9
49,10,49
30,10,50
39,8,31
8,6,28
42,7,27
51,9,30
55,7,7
16,6,27
35,6,13
38,11,59
39,7,26
14,7,36
12,8,54
47,8,30
24,6,8
12,9,61
32,11,58
61,13,28
32,8,39
44,10,49
39,7,29
33,6,7
51,7,9
16,8,51
16,8,53
33,7,27
13,7,35
28,9,50
52,11,42
30,6,11
20,7,37
32,6,14
17,6,15
0,5,8
25,6,10
35,10,50
5,6,36
61,10,53
24,6,22
3,5,13
3,7,42
20,6,18
52,10,28
18,6,5
39,7,28
40,6,3
11,7,39
12,6,14
23,6,26
32,6,20
1,6,35
28,6,18
37,6,11
61,14,35
4,5,15
43,7,21
52,9,23
51,10,36
29,6,6
27,6,4
36,8,35
50,11,37
23,9,49
28,8,46
20,6,23
1,6,28
33,8,41
32,8,40
42,7,22
45,10,54
8,8,61
36,6,19
57,12,31
31,6,11
61,11,52
27,6,7
61,12,63
9,5,7
59,11,27
11,6,3
5,5,12
58,8,3
38,10,48
41,9,39
1,6,40
9,8,55
21,9,51
15,6,2
1,5,23
59,13,42
50,7,3
36,7,25
0,6,30
26,6,7
63,10,15
13,6,26
59,11,57
35,6,6
34,7,37
49,10,46
48,7,0
52,11,57
24,7,39
31,8,37
11,7,38
22,7,41
8,8,51
21,9,55
56,11,53
53,9,26
41,9,48
47,11,63
36,11,52
55,8,18
28,8,42
34,7,26
54,9,23
14,7,44
21,6,27
17,6,9
10,7,45
5,5,3
35,9,47
39,11,63
59,8,7
17,6,6
21,6,18
38,8,43
24,9,50
57,11,28
32,11,61
44,7,20
21,8,46
39,9,44
48,7,21
61,15,35
48,8,30
47,7,13
57,13,40
17,7,38
33,8,39
36,9,46
17,6,20
62,8,5
12,6,17
53,11,42
27,7,40
18,9,58
6,6,29
19,7,33
43,10,49
30,6,6
21,6,12
62,14,41
46,9,38
23,7,26
45,11,62
23,7,35
57,9,20
41,11,61
18,7,31
53,11,46
62,11,49
63,11,16
50,11,38
15,6,8
11,8,54
3,5,6
60,10,52
25,6,1
41,6,2
49,10,48
62,8,0
30,10,51
34,7,33
42,10,50
2,5,9
46,9,43
22,10,63
12,5,5
10,7,46
26,8,47
28,6,12
63,10,13
5,7,53
0,5,6
17,6,10
43,9,38
44,8,36
32,6,17
49,12,63
62,14,33
51,12,63
48,11,60
23,6,7
32,11,53
58,11,52
49,7,10
26,8,40
41,9,41
8,5,2
16,6,3
53,8,16
30,6,4
28,7,22
26,10,61
33,8,35
46,10,49
45,11,59
62,15,38
28,6,5
59,12,44
48,7,19
45,6,11
48,8,31
59,12,30
57,11,51
7,6,17
44,9,37
60,11,51
20,6,25
10,7,49
40,6,8
8,8,57
31,6,16
14,7,40
48,12,63
22,7,37
46,10,51
57,8,0
59,14,39
34,6,5
8,8,53
9,6,36
16,6,12
48,10,48
35,7,24
42,11,63
56,7,2
43,8,31
53,12,57
25,6,4
63,15,35
28,7,34
2,8,58
11,8,57
61,12,47
35,11,63
28,10,62
63,8,4
49,7,19
53,10,52
28,6,8
23,7,42
5,8,60
6,8,55
60,8,8
36,6,16
27,7,35
54,10,47
40,6,16
13,5,6
46,7,19
20,9,62
61,8,9
50,8,23
42,6,10
54,11,45
4,6,38
46,7,14
8,6,20
27,7,29
32,6,6
20,9,59
57,8,5
41,7,27
17,6,19
27,7,26
50,8,27
4,8,55
42,9,47
23,7,40
39,6,4
57,12,60
58,13,33
37,7,28
63,15,39
45,8,32
49,9,27
57,11,29
58,14,40
56,13,33
43,8,29
13,6,34
47,7,23
8,5,18
43,7,19
31,6,8
51,10,45
58,7,2
25,8,42
32,10,51
51,12,59
7,8,51
34,7,25
38,6,16
52,7,3
24,6,14
50,8,26
61,12,48
24,6,25
14,6,11
57,11,55
15,7,46
26,6,23
58,8,13
48,11,58
3,5,22
44,6,3
8,6,18
33,7,31
16,9,59
61,8,8
18,9,55
56,10,51
0,5,17
19,6,20
11,7,47
53,12,63
31,6,15
35,7,37
52,7,1
33,6,11
60,12,61
42,7,19
16,9,62
58,10,51
39,10,52
8,8,58
25,7,34
8,6,27
40,7,29
4,8,54
28,8,37
37,6,0
4,8,56
43,11,56
27,6,6
41,6,15
55,12,60
31,6,6
30,7,35
15,6,1
63,14,42
12,6,12
61,11,51
33,7,23
50,9,28
20,8,49
41,10,49
63,14,40
27,6,9
18,8,46
16,8,47
34,7,20
13,6,8
42,10,51
44,11,58
4,7,51
53,7,9
23,7,27
49,7,7
47,10,39
35,11,56
34,7,32
50,12,57
53,11,55
38,6,5
24,9,52
6,6,34
62,14,32
44,9,42
29,8,43
29,12,58
6,7,40
20,7,35
59,12,43
54,9,26
53,7,6
52,10,46
46,7,8
7,5,19
23,8,50
56,10,49
23,6,10
41,11,63
55,9,21
27,8,45
48,10,52
5,6,30
60,10,20
62,12,61
51,12,57
13,6,10
63,12,60
57,8,15
10,8,62
40,9,44
61,12,46
33,7,24
52,7,10
28,7,24
57,12,58
9,6,27
53,8,15
16,6,28
35,6,4
20,7,43
21,8,47
51,12,61
6,6,22
44,10,52
32,8,36
4,6,29
2,5,3
32,6,8
2,8,61
17,7,41
45,7,0
40,6,12
6,5,13
3,6,26
53,12,61
39,8,32
55,7,0
20,9,55
10,8,59
3,6,39
12,7,36
59,12,29
38,7,24
17,6,13
41,6,17
54,11,32
11,6,27
0,7,52
9,7,40
58,10,49
55,9,20
60,8,6
53,11,45
25,7,27
43,11,59
34,6,19
17,7,42
2,5,18
6,5,19
57,13,35
60,10,21
30,8,45
21,9,62
5,8,58
34,11,52
42,11,60
50,10,33
25,7,35
62,14,40
7,6,27
52,7,5
2,6,36
59,12,58
60,9,12
4,5,12
42,10,48
16,7,31
47,11,58
22,7,27
49,11,55
52,8,20
63,12,48
36,7,32
57,12,29
42,9,38
47,9,42
49,10,42
33,6,19
21,9,60
63,12,23
15,6,13
55,11,54
59,12,45
26,6,19
60,12,60
21,6,0
39,7,31
7,5,5
11,9,62
24,8,43
19,7,28
29,7,30
13,6,29
36,7,30
31,10,51
24,7,42
34,6,20
23,9,53
5,6,25
0,7,45
18,6,4
39,6,2
52,11,53
61,10,52
23,6,15
15,9,63
29,7,36
27,6,2
8,7,47
7,8,61
16,6,20
28,8,41
8,8,54
50,10,52
44,10,53
52,7,2
42,7,17
4,7,39
15,6,32
37,6,7
7,5,15
55,11,57
29,6,21
36,6,11
3,6,34
24,7,26
35,11,62
49,10,45
10,8,63
54,10,50
11,5,4
49,8,21
39,7,24
25,9,48
58,13,31
33,8,37
52,7,9
25,6,22
48,9,29
40,10,49
50,10,35
33,7,36
41,9,43
41,8,43
10,5,3
50,10,43
57,10,26
29,11,54
58,14,34
46,6,8
10,7,42
9,6,32
4,6,22
2,8,63
18,6,11
57,8,13
59,13,63
4,7,53
29,7,35
7,6,22
62,11,50
36,11,62
4,7,42
37,8,43
58,12,57
60,11,49
19,7,41
3,5,5
3,7,54
2,7,56
12,7,0
30,7,26
25,6,7
42,8,35
63,13,63
34,7,38
60,11,56
33,6,14
21,7,43
37,11,62
52,12,57
32,7,25
20,6,16
1,5,13
37,7,30
2,6,30
25,7,28
45,9,46
17,7,37
38,6,6
1,5,3
49,10,39
21,6,8
61,11,49
59,8,11
18,6,1
16,7,44
55,10,29
20,8,48
8,8,56
36,8,40
48,9,48
12,6,34
16,7,36
58,13,41
37,8,35
33,11,52
19,8,46
53,7,2
19,7,32
11,5,11
10,7,39
1,5,5
43,10,51
3,8,60
47,11,59
49,9,34
22,6,19
61,12,56
4,8,61
29,11,58
52,12,42
46,9,33
1,5,26
9,6,37
57,10,22
0,7,51
50,7,15
28,9,49
62,11,19
14,8,49
37,10,48
7,7,38
14,6,16
28,11,60
40,7,26
13,7,34
57,8,2
24,7,34
34,8,41
45,11,63
63,13,30
42,9,40
36,7,26
63,12,47
55,8,16
6,5,12
29,7,37
17,6,23
54,7,0
29,12,57
62,11,56
17,6,8
13,9,60
25,6,21
55,13,37
28,9,48
51,8,25
32,6,12
12,5,7
48,7,13
31,7,26
18,8,54
21,7,39
20,7,33
63,11,22
13,6,0
18,6,21
4,8,59
59,12,60
42,10,54
0,7,46
29,8,39
44,11,55
55,12,35
11,5,8
32,6,13
54,7,5
36,8,39
47,10,43
31,6,7
33,6,16
30,12,59
56,12,45
57,12,46
9,5,16
58,12,29
0,6,41
26,7,26
0,6,42
19,8,53
39,11,52
39,9,43
34,6,3
24,6,5
9,5,12
50,9,33
12,6,15
61,14,38
30,7,30
17,8,54
40,10,53
22,6,8
49,8,25
5,5,2
51,11,54
21,6,3
42,7,24
38,10,51
35,8,44
60,13,42
14,6,22
53,9,28
16,7,45
42,8,32
46,9,44
46,7,13
35,7,21
17,9,59
13,7,46
62,11,53
55,9,22
55,7,2
32,10,50
50,11,41
31,6,4
52,9,48
25,9,52
7,5,12
53,7,8
0,6,28
59,9,17
16,9,60
37,10,51
58,8,5
47,8,27
56,9,22
30,11,54
9,6,15
2,5,17
38,6,1
34,8,37
55,7,5
62,13,42
8,6,0
4,5,20
0,6,26
25,7,36
37,7,25
38,10,53
6,5,3
58,11,28
15,6,12
11,6,36
47,7,11
33,8,34
47,11,62
2,5,19
44,6,11
52,8,22
47,9,34
11,6,0
2,6,32
30,11,58
50,8,24
7,7,40
29,11,53
51,11,39
8,6,26
58,10,50
45,9,36
57,12,62
62,13,63
63,9,9
44,7,23
22,7,33
33,6,4
42,10,49
49,9,47
34,6,16
57,9,17
25,6,5
54,11,30
49,11,54
11,6,16
23,9,57
52,10,29
27,9,48
47,8,23
19,6,26
51,9,26
11,5,9
55,12,59
19,6,10
62,8,1
22,8,45
44,11,60
57,7,3
12,5,9
46,7,21
36,11,63
0,5,10
33,6,9
51,9,27
18,9,63
21,6,17
19,9,56
47,9,40
55,7,9
45,8,35
55,7,4
33,10,49
57,12,43
5,7,45
14,6,14
56,13,39
9,5,5
54,7,2
18,6,16
48,7,20
57,9,18
12,6,31
14,8,58
34,11,59
8,8,63
31,8,44
33,6,6
12,5,4
0,5,9
54,12,58
42,8,36
27,11,54
62,13,44
49,9,33
50,9,30
53,9,22
39,8,33
17,7,39
10,6,24
6,6,26
30,10,62
62,12,55
1,8,63
56,10,27
42,6,5
47,8,33
58,13,43
45,7,2
7,5,0
34,11,63
42,6,4
43,7,26
41,10,52
63,11,51
3,5,20
56,9,18
44,8,32
9,8,61
29,6,2
16,6,4
23,6,5
24,7,32
41,9,49
21,8,44
12,7,46
29,9,48
38,6,2
56,12,42
20,8,47
1,5,7
18,7,41
63,14,41
26,6,4
40,10,54
25,8,45
22,9,57
38,9,44
3,7,40
58,11,54
28,6,19
56,9,17
35,6,19
15,8,59
54,12,34
22,6,5
29,10,52
4,7,54
34,6,2
6,8,53
0,7,41
36,7,23
2,6,24
34,11,53
53,11,32
15,8,58
40,9,47
24,10,62
2,5,4
54,8,12
29,9,49
7,8,57
60,8,3
13,8,48
0,5,5
23,6,4
32,8,34
41,6,0
22,6,4
28,8,39
34,9,44
21,6,26
31,10,48
1,5,0
44,6,14
45,8,26
49,10,50
52,11,46
47,10,45
46,8,28
26,10,60
4,5,3
51,9,24
0,5,15
44,11,54
41,11,58
10,6,32
27,7,23
20,9,54
58,11,26
11,6,35
8,5,13
25,6,20
10,6,36
38,11,63
60,10,51
8,8,59
50,10,46
61,12,59
21,8,49
38,11,58
31,7,23
13,6,23
31,11,54
30,8,39
63,11,20
10,6,0
32,12,55
44,6,4
33,6,1
47,10,54
9,7,38
29,6,0
46,11,55
0,5,14
42,6,1
30,6,19
63,11,52
15,6,5
29,6,16
36,7,27
53,8,21
12,8,60
2,5,11
59,11,55
62,9,11
60,10,19
63,12,57
6,6,24
19,9,60
4,6,32
50,10,34
28,10,50
30,11,56
45,9,42
6,7,51
37,6,15
55,12,34
56,7,4
55,12,58
28,10,63
56,13,41
58,8,11
49,12,60
57,12,44
9,6,35
57,8,11
53,7,5
16,7,41
32,6,9
21,7,26
51,11,57
12,7,43
1,5,25
44,6,2
20,8,44
46,7,25
44,6,1
26,7,23
63,13,45
30,8,41
10,6,16
12,8,48
59,13,41
34,7,34
30,7,21
53,10,31
36,6,2
32,6,11
47,9,33
58,14,39
42,8,31
39,7,20
52,7,11
8,7,42
31,8,40
61,12,28
29,7,24
53,7,14
57,8,16
57,10,24
52,11,40
20,9,61
50,10,32
12,7,40
7,8,52
35,11,60
15,8,56
35,11,57
5,7,47
47,7,20
59,11,48
19,6,27
63,12,22
4,5,10
49,10,41
29,7,32
45,8,28
18,8,47
63,10,11
50,10,49
41,9,42
38,7,22
9,7,36
38,8,42
2,5,5
53,11,34
60,14,41
4,7,48
24,6,23
14,5,6
26,6,9
22,6,1
2,5,14
10,6,2
50,7,10
20,6,8
4,6,24
52,10,31
56,7,5
63,12,27
54,10,26
53,9,24
51,8,21
12,6,33
33,6,20
34,11,58
44,9,49
56,11,58
60,10,15
30,7,32
57,12,33
44,9,48
56,13,34
24,6,16
27,7,36
13,6,25
36,11,55
45,7,18
56,12,60
23,9,54
24,8,45
22,6,0
27,11,57
49,8,23
51,7,15
34,7,27
34,6,18
35,9,45
37,7,27
10,6,23
2,5,6
42,9,46
61,11,50
41,11,57
10,7,41
52,9,29
2,6,40
13,8,53
62,8,4
5,7,46
62,12,27
33,9,46
16,6,8
40,8,38
39,11,61
59,9,13
61,13,45
39,6,14
55,11,53
11,6,14
45,7,24
12,6,24
40,11,63
60,11,26
7,5,1
31,7,33
12,9,63
27,6,5
55,12,31
63,15,40
46,10,50
19,6,5
56,12,31
29,8,42
37,7,32
19,9,57
51,10,52
10,8,56
26,9,48
46,7,17
54,8,21
31,11,58
57,11,25
16,6,31
23,6,0
62,11,20
20,7,42
36,8,43
34,8,35
9,5,8
37,8,32
42,7,23
55,7,8
35,8,33
22,8,43
17,8,47
32,11,62
8,5,6
30,10,63
26,6,6
1,7,55
53,7,13
57,14,38
31,8,36
33,6,8
19,6,6
19,8,55
37,6,16
20,6,6
37,11,55
30,11,55
9,5,3
30,6,15
42,7,25
46,9,47
63,9,8
46,8,30
43,11,63
62,11,23
40,11,61
5,7,49
42,10,53
48,12,62
42,9,49
13,6,19
15,6,16
13,8,57
10,6,28
11,5,12
24,7,37
31,9,48
29,11,52
34,8,42
39,6,3
29,7,27
11,7,36
29,6,18
35,6,15
37,6,18
24,6,20
7,5,3
26,8,46
41,7,17
39,7,18
44,7,16
58,9,15
2,8,59
30,6,17
58,14,35
3,5,1
37,8,42
38,9,47
4,8,53
2,7,41
57,14,36
35,7,33
41,8,30
4,7,50
11,7,40
26,9,49
14,6,6
32,11,59
58,12,47
16,6,26
33,11,59
14,7,43
25,8,41
52,10,53
17,6,5
39,11,62
51,10,31
10,8,49
26,9,50
8,6,17
5,5,1
32,7,31
36,9,44
3,5,0
19,6,23
47,9,43
0,5,4
34,8,38
14,6,2
57,12,45
47,7,16
53,7,4
5,8,53
52,7,15
9,8,62
57,11,54
30,7,31
62,12,62
0,7,50
8,7,45
41,7,22
17,6,4
52,7,14
1,5,16
25,10,52
30,7,29
36,6,1
54,11,43
36,8,38
19,6,9
19,9,54
14,8,52
27,6,8
40,10,52
37,6,17
10,6,22
63,9,10
55,12,44
21,9,56
53,7,15
53,10,27
30,7,34
55,7,11
19,8,52
24,6,13
38,7,18
54,9,24
43,6,6
43,9,46
49,7,18
43,6,5
56,11,28
1,7,42
53,9,23
43,9,47
61,14,37
16,8,58
42,11,59
49,10,35
51,10,37
29,8,46
14,9,60
32,11,60
62,11,52
60,12,29
2,5,23
55,12,37
38,8,34
29,7,22
17,7,34
14,6,0
52,12,63
20,6,12
55,11,56
5,8,57
33,6,2
48,7,5
19,8,50
4,5,18
32,11,55
17,6,11
0,7,44
13,7,39
49,12,62
14,9,63
18,6,20
49,10,44
18,6,14
25,9,49
61,13,41
4,8,57
62,12,50
48,8,23
9,5,10
27,8,44
58,9,18
16,6,9
24,10,55
19,7,36
38,9,46
6,7,48
0,5,1
40,11,60
59,9,15
31,11,51
30,6,0
50,7,7
7,6,26
14,7,47
34,6,6
14,6,1
26,7,33
13,6,21
49,7,20
27,6,15
18,7,39
54,11,31
45,6,7
34,9,46
58,12,43
28,7,25
53,12,35
12,7,37
10,5,15
15,6,26
58,13,35
54,8,17
63,14,32
55,12,63
61,12,57
19,7,30
56,8,16
50,11,42
22,9,53
35,7,38
62,15,33
10,6,29
30,6,3
32,7,26
27,10,63
12,8,61
53,12,43
17,9,58
23,9,59
55,11,45
10,6,1
15,7,39
18,7,37
15,8,52
43,7,18
23,6,2
58,12,61
17,8,45
28,11,56
51,7,8
50,7,18
46,11,62
29,8,36
3,8,59
43,6,14
31,6,17
41,8,33
63,12,26
19,7,31
32,6,19
62,8,2
2,7,51
34,9,48
57,11,26
26,9,47
62,13,45
16,6,16
0,6,35
43,11,58
47,9,45
9,8,56
13,5,7
18,9,60
8,8,60
48,10,39
60,13,30
13,6,1
5,6,27
25,11,59
63,8,7
34,8,36
53,11,52
45,7,11
62,14,31
57,11,27
52,11,38
56,10,28
14,7,39
48,8,22
50,11,44
44,10,50
40,9,48
61,14,31
11,6,22
34,6,1
40,8,39
16,7,32
22,6,2
3,6,25
5,6,39
5,6,26
36,7,28
17,6,7
52,10,32
20,7,36
16,8,56
47,7,2
56,9,23
49,10,51
23,10,63
35,6,3
36,10,49
50,10,50
15,7,42
5,6,35
22,9,51
61,12,27
56,7,3
50,9,26
4,5,19
22,7,39
9,7,41
50,11,54
17,9,57
34,6,4
12,7,38
35,6,8
35,7,30
9,6,22
30,6,20
57,10,23
1,7,47
2,8,62
21,6,23
43,10,52
33,11,60
37,7,29
31,7,21
18,6,6
39,11,56
17,6,0
9,6,25
5,6,21
25,7,39
48,9,38
63,11,18
6,8,58
60,11,25
56,9,19
39,8,35
32,6,10
27,10,51
25,9,51
11,8,62
47,7,21
34,6,9
26,7,35
62,12,57
26,9,51
12,7,44
41,9,45
46,6,3
42,7,18
45,6,3
51,9,47
5,7,39
1,6,24
25,6,13
19,7,39
48,11,63
37,8,41
6,5,5
29,8,44
15,7,44
16,7,34
41,7,21
40,8,35
17,7,45
1,5,6
8,7,44
16,6,25
21,6,2
38,6,12
37,7,23
35,7,27
14,5,5
1,7,44
35,6,7
52,11,33
44,11,63
19,9,58
30,11,60
29,6,3
5,7,51
7,5,8
51,8,18
20,8,46
17,8,48
31,8,35
24,10,59
22,6,23
2,5,20
52,9,26
11,8,58
52,10,51
20,7,28
15,6,30
48,7,17
23,6,17
42,8,33
24,9,51
16,7,40
49,10,52
58,11,46
9,8,53
43,7,16
18,6,12
23,7,37
22,8,48
47,9,39
62,10,17
46,11,58
56,13,40
48,12,60
28,7,28
16,6,13
11,7,42
3,6,27
27,7,22
63,15,32
4,6,31
32,7,20
39,10,53
16,6,23
13,8,56
52,11,56
20,9,63
54,12,33
6,5,1
50,11,40
26,11,59
38,6,3
14,8,47
8,6,22
42,11,56
8,6,2
34,11,56
9,6,28
16,8,48
16,6,30
10,6,3
28,6,22
10,6,33
8,5,10
25,8,48
63,13,43
25,6,17
2,8,57
40,8,33
40,8,43
19,6,0
58,10,21
11,6,26
54,8,20
25,6,8
56,11,29
21,6,22
30,7,23
49,9,46
24,10,60
15,7,45
30,6,9
39,11,55
13,6,24
59,11,22
54,7,10
20,6,2
54,8,16
18,6,23
26,7,27
45,7,26
53,10,30
17,6,17
44,9,38
30,7,33
18,6,3
45,9,44
42,11,61
43,11,61
20,7,44
23,7,38
10,6,13
7,6,36
38,11,61
33,6,13
1,5,22
32,6,16
37,6,4
35,6,5
35,7,22
21,7,44
1,6,29
56,8,12
37,10,53
32,12,57
44,7,29
59,9,11
14,9,62
15,7,37
30,6,14
32,6,0
21,6,24
31,7,24
11,5,13
43,7,22
42,9,45
45,7,10
46,9,34
27,7,27
58,13,32
19,6,16
55,10,26
33,7,34
4,6,36
61,15,38
30,6,7
59,13,29
46,12,59
47,7,18
28,9,46
11,7,35
28,7,29
29,7,26
3,6,29
59,10,21
63,11,23
28,7,31
52,12,58
24,7,31
46,9,35
15,6,17
22,6,15
58,12,44
45,11,60
0,5,26
63,9,11
19,8,54
6,7,39
31,7,32
21,7,36
62,12,47
2,7,50
48,7,22
30,6,12
7,5,14
3,6,36
51,11,37
24,8,49
8,5,17
24,7,35
63,12,24
23,9,62
10,5,6
52,11,55
41,6,4
47,9,36
21,6,21
26,11,58
26,7,38
28,6,17
3,5,8
1,7,52
57,11,52
25,10,59
2,5,7
40,7,18
13,8,52
58,11,27
42,11,55
53,9,27
37,11,57
43,6,2
57,13,38
46,9,39
2,7,55
52,12,39
39,8,38
1,6,32
25,10,62
49,11,41
37,9,45
39,6,6
51,11,53
32,11,54
24,7,29
43,8,37
30,12,57
18,6,26
20,6,19
6,7,52
10,7,37
57,12,63
56,11,44
3,6,32
50,8,20
49,7,0
22,9,54
53,11,54
55,12,38
58,11,23
10,6,27
21,6,9
47,9,48
51,11,36
12,5,6
55,7,1
29,6,4
35,8,40
17,8,56
7,5,13
30,6,8
48,10,50
0,7,47
48,9,36
7,8,58
32,8,35
24,6,11
15,6,9
47,9,31
47,7,0
53,8,18
2,7,44
8,8,55
26,9,52
41,6,11
54,12,40
5,8,63
49,7,8
12,6,29
9,6,33
3,8,57
6,6,37
26,6,20
11,6,12
14,6,10
58,12,62
24,9,55
6,5,17
31,6,19
38,8,39
40,6,14
27,7,33
17,6,28
24,8,48
6,5,9
58,8,4
36,10,50
26,6,15
15,8,54
46,8,35
25,6,16
63,12,51
5,5,10
47,8,28
51,10,50
12,7,41
36,8,37
43,9,39
41,7,31
51,8,22
37,8,44
3,8,54
25,10,53
49,10,47
23,9,51
14,7,32
24,7,43
41,7,30
59,11,26
49,9,30
62,10,14
51,10,44
44,6,8
12,7,39
21,6,20
4,5,13
34,7,23
14,6,18
25,11,60
20,6,1
42,8,38
51,11,35
35,7,31
16,8,50
41,8,36
38,10,49
12,5,8
34,6,8
60,13,31
48,9,37
20,6,20
60,13,32
50,9,29
36,11,56
29,7,20
38,7,23
42,7,28
20,6,0
23,6,25
50,10,47
35,7,34
9,6,18
9,6,2
12,6,27
43,11,60
6,8,57
52,7,13
44,7,13
47,8,29
7,7,41
44,11,62
27,6,19
21,6,14
42,6,15
62,12,25
49,11,40
9,6,16
26,10,54
29,11,61
51,12,62
27,10,61
25,7,30
31,9,45
12,8,52
51,7,3
14,6,17
52,12,62
0,7,57
45,10,49
17,6,14
11,6,15
30,8,42
5,8,62
47,7,24
36,6,15
59,10,23
28,6,11
7,8,62
34,6,12
52,10,47
36,6,17
53,10,51
25,6,15
47,7,19
46,7,20
14,6,3
22,9,61
55,11,46
3,5,2
24,10,63
23,6,19
17,7,44
37,11,52
51,7,1
41,11,54
23,7,29
53,11,43
13,6,9
5,5,7
60,12,57
0,6,34
0,5,19
8,5,14
43,7,23
61,10,14
44,10,51
4,7,52
54,7,9
39,8,34
3,7,39
52,10,50
12,6,22
50,11,58
10,6,26
39,11,59
26,7,40
11,6,28
28,6,14
57,8,8
53,11,57
45,6,1
49,7,14
44,9,43
7,6,33
63,11,50
59,10,19
25,7,40
47,8,31
61,12,26
8,7,50
59,12,59
48,7,14
9,6,19
16,7,43
53,10,47
2,5,21
43,11,55
48,10,49
51,11,42
46,8,33
0,6,40
30,11,59
46,9,40
63,15,38
42,7,21
59,8,8
41,11,59
31,6,5
27,6,14
61,10,13
60,8,9
40,6,6
5,5,17
43,8,39
40,8,30
32,7,24
1,6,39
54,12,62
32,6,4
43,7,28
35,8,34
26,6,1
49,12,61
28,7,33
43,6,7
56,13,37
37,6,19
40,7,19
21,6,19
60,8,5
20,6,26
10,7,44
7,6,18
45,9,35
25,7,32
34,7,24
18,7,32
61,9,14
29,7,34
13,7,42
21,6,10
2,5,2
20,6,17
30,8,44
34,7,29
60,8,4
13,6,17
56,8,11
16,9,58
6,7,50
59,11,49
28,6,15
61,8,10
1,5,12
6,6,27
45,6,8
11,7,45
6,6,20
10,5,8
29,6,11
52,11,45
32,8,42
54,9,21
26,6,14
7,5,10
31,10,50
45,10,51
41,7,29
58,10,24
49,11,59
15,9,58
46,11,54
62,12,28
42,7,16
46,7,18
1,6,41
33,7,28
5,5,8
55,11,47
26,11,57
38,8,38
38,6,7
48,7,3
33,11,53
48,7,12
31,10,63
9,8,54
12,6,30
52,11,36
40,11,57
12,8,53
20,6,10
36,11,59
60,11,23
35,6,14
11,6,20
21,7,33
23,7,32
25,8,43
22,7,36
38,7,28
28,6,10
2,7,40
60,8,10
35,7,19
14,7,41
29,8,45
35,10,48
57,13,32
12,8,51
52,8,17
15,6,29
26,6,5
12,9,62
34,6,0
21,6,15
5,6,23
45,11,61
31,6,10
5,5,13
58,12,30
8,6,19
50,12,60
24,6,3
14,6,7
59,14,34
5,6,28
1,6,26
30,11,61
17,7,32
33,11,58
7,6,37
38,8,33
39,10,54
31,7,35
0,8,60
31,9,47
20,7,45
19,7,44
11,6,30
6,6,32
42,8,30
16,7,37
46,10,53
56,8,7
43,7,15
