22,17,27
10,7,17
5,3,5
41,23,54
24,9,2
10,21,51
17,15,23
26,11,6
20,7,8
7,6,24
21,9,4
63,12,58
41,15,5
58,15,43
58,12,17
55,10,12
17,14,29
18,15,31
44,23,31
23,18,26
29,20,20
62,18,26
6,5,7
14,13,23
48,13,3
2,18,45
48,18,61
21,18,39
7,12,40
22,20,45
48,18,56
11,10,17
28,21,33
44,22,20
60,12,14
7,6,29
27,22,43
29,13,0
51,19,32
17,14,34
26,22,46
55,16,50
25,10,2
60,17,32
55,13,58
22,11,10
43,18,11
32,22,22
63,11,62
43,23,43
43,22,48
24,19,32
42,22,50
33,19,12
24,20,42
24,18,22
23,20,43
56,15,18
20,20,47
53,16,42
9,6,11
0,0,29
2,2,23
61,19,27
59,12,57
15,12,32
50,21,43
40,17,8
58,10,12
14,11,19
40,18,9
63,14,50
8,8,19
60,12,12
51,19,33
52,20,26
56,14,37
55,19,46
54,7,1
48,21,56
5,6,34
28,18,20
46,20,21
40,15,0
8,2,2
57,20,27
16,14,29
50,18,43
53,16,37
44,23,23
42,16,7
14,15,42
16,2,2
22,17,32
48,20,47
32,18,14
48,21,51
62,9,59
11,9,22
10,16,44
48,20,37
20,18,27
55,15,55
26,14,15
56,15,56
9,8,32
59,12,56
4,5,33
57,10,13
45,23,49
57,13,63
60,16,33
24,9,0
31,17,12
46,19,61
29,13,4
10,0,0
7,1,2
56,19,46
53,17,52
56,14,42
51,17,39
54,8,3
57,7,2
0,3,33
28,23,33
36,18,11
35,16,5
46,14,7
44,13,3
15,3,4
27,11,2
57,8,4
18,14,34
40,21,17
56,8,3
22,18,35
5,20,50
48,20,38
6,6,13
1,0,22
44,16,10
21,10,11
30,16,5
52,16,62
59,9,5
13,17,44
55,14,41
38,22,21
19,15,33
48,22,56
39,23,20
17,21,50
50,15,16
57,16,42
59,16,48
53,19,51
13,21,49
27,20,23
30,23,29
54,19,27
60,12,52
48,20,20
52,16,40
43,23,57
58,12,56
11,18,46
52,19,40
45,23,46
46,15,6
49,21,53
12,21,49
50,11,5
43,21,17
10,17,45
24,19,23
1,23,53
50,20,25
46,22,48
53,16,35
59,14,15
7,19,48
48,21,23
16,10,11
57,15,38
23,17,22
24,17,22
0,1,12
6,12,40
8,7,23
28,20,24
42,22,22
22,17,22
5,5,18
14,23,52
1,2,7
4,3,13
14,13,25
45,21,43
12,12,28
49,15,11
63,15,17
46,15,9
10,2,2
3,23,53
34,17,7
57,19,29
47,18,11
38,17,5
49,14,12
16,9,10
29,23,40
55,17,48
62,9,62
31,18,15
35,17,1
39,18,11
38,20,16
56,15,37
8,7,19
19,5,0
49,22,27
56,7,3
44,20,63
14,12,18
42,18,10
50,19,59
2,0,0
16,13,28
29,16,7
56,17,48
61,17,21
1,1,25
11,10,23
49,22,25
48,20,55
53,10,8
37,16,4
44,21,23
56,15,40
63,12,53
48,15,9
60,10,61
46,21,45
49,20,50
55,8,2
48,21,41
53,18,52
45,18,11
43,15,6
57,14,19
31,23,28
4,4,14
63,13,44
43,22,38
5,18,45
4,3,14
0,1,3
17,16,26
44,19,14
24,21,42
29,23,37
20,7,4
49,14,4
48,22,33
25,10,7
46,20,41
58,15,37
45,23,47
24,19,37
16,13,32
4,19,47
47,23,33
2,4,35
16,13,38
13,22,52
43,23,44
47,22,47
17,16,28
58,7,4
7,22,51
15,12,37
17,6,7
15,8,9
20,8,9
10,17,46
12,11,24
37,16,5
56,14,35
8,19,48
18,10,11
56,13,15
28,21,29
55,15,40
20,7,7
24,18,26
6,8,37
46,19,13
20,17,40
19,16,23
35,21,12
49,17,18
33,21,21
56,11,14
0,1,8
40,23,57
59,16,21
59,5,2
61,11,39
14,8,8
33,23,20
6,1,1
61,18,25
24,19,22
43,15,2
43,21,18
57,15,17
57,15,49
62,6,0
4,12,39
14,12,36
42,17,7
19,15,26
18,14,21
11,7,7
20,16,36
10,3,4
57,16,20
10,9,25
22,16,21
29,16,10
53,10,9
35,17,8
62,14,51
31,18,14
7,20,48
48,23,30
13,7,8
54,11,7
56,7,0
52,20,27
62,11,12
62,16,19
13,6,8
50,20,45
3,4,12
28,13,2
48,14,11
56,13,17
60,10,58
63,12,51
57,13,57
63,18,22
6,5,13
5,4,14
52,10,6
54,13,60
46,22,52
45,21,58
2,1,31
8,8,21
17,4,3
59,18,28
62,14,50
54,17,52
63,17,19
40,23,23
49,21,44
33,20,12
10,7,16
55,7,3
9,13,41
49,19,57
7,18,45
35,23,22
52,16,60
59,17,48
63,19,25
2,1,16
17,13,20
63,9,6
56,17,50
56,14,57
26,11,0
43,22,37
27,14,12
22,17,35
44,13,0
50,18,44
48,20,41
51,10,4
35,17,5
53,18,41
46,19,15
13,11,28
46,14,1
17,4,2
33,22,24
7,6,8
19,17,42
19,15,28
11,11,35
7,4,17
19,16,25
59,13,38
57,13,56
23,11,7
20,16,20
23,9,7
31,15,5
19,17,26
50,13,4
50,20,19
62,11,8
61,12,45
14,0,1
13,6,6
49,20,22
11,9,35
25,12,8
5,6,30
32,15,0
46,16,7
22,19,40
62,17,26
55,16,41
50,20,20
39,23,51
33,23,23
4,6,29
16,13,27
54,10,10
21,21,46
44,21,55
13,13,40
61,17,19
4,20,48
42,17,5
55,17,33
55,18,53
29,23,36
12,11,31
4,4,22
63,9,58
18,15,23
51,19,31
21,23,51
21,15,17
58,15,48
57,15,19
11,11,31
6,20,48
39,23,21
52,10,1
59,7,4
60,8,6
60,18,25
56,19,47
43,17,8
47,21,34
55,18,45
18,6,7
58,15,47
46,21,54
20,11,13
8,8,37
53,12,63
5,4,13
60,11,12
7,6,27
3,6,35
1,14,41
1,0,6
30,15,5
28,23,46
56,17,22
36,21,13
58,17,47
15,13,32
4,3,21
50,22,45
12,11,28
1,4,34
3,4,34
24,22,46
57,12,58
48,16,62
40,17,9
57,16,19
46,23,55
12,6,8
0,0,25
29,22,25
10,8,12
46,23,50
45,22,48
43,17,9
14,11,18
48,21,55
59,6,4
49,14,11
61,19,28
46,23,27
30,19,19
32,18,11
21,17,34
35,18,8
53,18,45
50,17,16
4,4,21
15,10,13
2,1,8
6,15,42
47,21,45
49,18,38
45,21,39
4,4,33
8,5,7
7,9,29
25,14,14
9,9,29
56,16,42
24,18,35
4,2,6
23,19,28
45,23,37
44,22,34
45,21,52
57,17,45
24,19,33
63,11,58
23,10,5
17,13,17
48,21,50
58,18,28
24,11,6
19,7,7
7,7,19
28,22,26
51,15,15
1,3,22
30,21,20
62,14,34
20,15,21
26,21,28
20,21,47
62,14,17
9,10,36
58,17,30
54,19,24
23,14,18
32,21,21
12,16,44
39,20,17
3,3,10
59,13,17
47,22,38
23,14,17
59,12,16
27,14,9
23,16,19
14,15,41
7,6,18
29,22,28
8,21,51
36,19,8
9,2,3
5,16,43
1,2,23
44,23,48
13,15,42
1,2,27
51,17,34
3,4,9
8,7,15
8,22,51
8,5,12
60,10,60
35,21,19
13,7,9
7,6,32
63,11,50
63,15,28
49,20,54
25,16,18
61,11,54
51,10,1
52,17,60
62,11,9
62,13,53
61,12,12
45,22,44
57,15,47
60,7,2
28,20,23
49,18,36
54,9,1
5,5,7
60,12,38
26,22,41
15,14,25
19,17,27
44,13,2
25,9,0
44,23,39
30,17,13
11,0,1
3,3,13
51,15,62
42,14,1
57,11,14
14,9,9
43,22,23
54,16,45
8,7,29
61,12,38
7,16,44
4,13,41
61,14,14
21,16,35
60,13,42
54,17,43
28,23,47
57,15,54
46,20,55
8,15,41
50,11,3
10,3,3
47,21,49
50,13,8
54,14,17
40,18,11
47,19,53
33,20,17
16,16,42
18,7,8
62,12,55
59,10,61
44,22,24
45,21,51
54,15,16
9,18,46
46,22,56
57,15,18
47,20,52
27,13,6
49,17,61
41,15,3
61,16,17
63,6,1
14,11,21
53,19,31
60,12,57
10,7,11
48,13,2
47,12,0
11,10,30
17,15,24
60,14,47
17,10,12
1,2,8
56,15,43
9,11,39
58,8,7
48,20,54
8,20,49
62,17,25
29,18,18
47,17,15
18,14,28
12,20,47
48,14,3
60,14,36
21,18,41
33,21,22
27,21,25
22,20,46
24,19,24
29,15,5
26,10,1
46,23,34
52,10,0
2,3,24
62,6,2
22,17,33
14,12,33
47,14,7
56,18,54
10,4,5
8,19,47
48,22,43
23,11,8
46,15,11
4,6,32
23,16,20
9,7,21
55,17,24
18,4,6
1,2,6
22,7,0
51,20,31
50,13,12
27,16,15
45,21,23
49,19,45
26,21,34
55,9,7
45,21,50
16,14,30
45,21,56
53,18,59
24,21,45
26,14,11
48,21,29
22,9,4
10,11,38
15,18,45
26,19,21
54,16,53
29,20,22
40,16,1
42,21,60
49,15,15
53,16,59
62,12,10
57,17,50
3,3,15
29,22,34
63,11,38
47,21,46
62,14,49
47,22,30
47,15,10
45,16,5
50,21,51
10,8,21
52,15,16
6,16,44
60,10,63
2,23,53
50,13,5
24,14,17
28,17,16
45,22,50
62,17,23
46,17,63
44,19,62
28,22,42
11,18,48
59,6,3
58,11,63
19,11,13
50,19,35
47,18,17
3,4,32
47,21,51
52,13,11
7,7,21
61,12,59
17,7,8
47,19,61
15,12,23
2,2,20
48,19,59
41,17,3
57,7,7
52,16,41
2,1,20
51,15,61
9,8,24
51,19,44
28,13,4
8,7,17
62,18,22
61,16,29
7,6,20
43,23,56
41,16,1
3,5,29
57,13,61
48,23,46
0,9,38
16,4,5
35,23,23
45,23,24
5,0,0
62,17,18
25,20,40
24,23,47
58,17,21
7,6,10
8,16,43
28,14,6
1,2,9
51,13,13
52,18,45
27,12,3
5,6,26
12,10,32
63,17,26
24,15,16
49,17,17
40,16,4
3,0,2
61,11,13
63,13,32
13,10,17
8,8,24
37,23,22
15,13,28
51,18,40
48,21,49
50,17,56
1,1,23
23,17,20
31,23,36
27,19,23
2,2,24
21,8,4
24,17,20
13,18,46
5,10,38
5,12,39
46,23,24
24,20,22
32,20,20
20,6,5
16,3,0
51,10,6
47,20,22
7,14,40
22,11,12
48,17,16
52,12,8
40,18,12
49,11,4
28,22,29
29,14,7
3,2,14
20,18,39
61,8,7
5,20,48
51,18,21
58,14,51
61,9,7
0,14,40
33,18,9
11,18,47
15,15,40
40,16,6
55,11,11
56,14,15
63,14,49
59,19,28
37,21,18
38,18,5
4,1,2
11,19,50
60,13,15
43,23,52
56,16,48
53,9,3
59,6,5
57,19,27
2,9,38
61,10,12
54,17,53
32,14,2
1,1,8
56,19,24
50,22,29
7,5,10
54,17,58
63,13,35
49,13,4
25,14,15
58,19,30
60,13,51
5,5,16
4,5,21
23,8,3
58,14,15
50,11,2
1,1,27
25,20,41
42,23,47
46,20,22
24,9,6
17,12,16
55,8,6
54,9,6
53,17,34
51,20,45
18,6,8
14,22,51
49,15,12
54,17,20
0,0,20
54,11,6
13,2,2
60,8,5
52,18,51
12,11,26
47,16,11
43,22,55
58,17,24
51,17,35
59,18,23
17,15,26
40,17,7
15,21,51
43,16,5
48,13,4
2,14,41
5,5,33
44,20,19
6,6,30
59,13,57
57,7,1
0,23,55
50,21,50
10,20,49
1,7,36
50,16,15
52,17,45
0,3,34
3,7,36
27,14,14
29,19,18
17,22,49
44,22,35
58,10,7
12,6,7
22,20,43
23,9,8
12,21,51
60,15,20
39,21,17
59,12,12
46,22,44
54,11,8
62,11,54
42,17,6
47,20,23
3,4,30
12,13,41
19,16,28
14,10,15
9,6,8
50,19,44
55,16,58
13,13,38
16,7,8
43,23,34
62,12,59
46,17,10
47,23,42
47,20,18
47,22,26
23,14,16
31,21,23
6,4,11
55,15,38
58,14,20
17,23,52
4,14,42
46,22,61
51,18,23
11,14,43
20,8,11
54,7,2
21,8,11
21,19,42
48,15,6
45,20,57
47,23,47
39,23,52
32,22,23
48,21,45
63,10,62
10,8,35
4,6,28
63,11,41
16,17,43
1,0,2
54,13,12
63,16,27
4,21,50
28,17,19
53,20,46
28,12,4
43,20,62
59,12,43
38,18,6
16,14,38
17,7,9
4,3,8
60,16,29
13,21,50
18,15,29
56,12,13
39,20,16
0,22,53
29,23,27
19,15,37
30,19,17
43,22,41
41,22,50
24,21,44
57,13,15
63,9,4
9,13,40
7,7,33
9,5,6
46,22,50
7,21,50
55,17,46
49,13,11
42,20,14
49,21,35
47,22,35
47,21,52
57,16,43
57,6,1
4,4,27
18,4,0
38,18,9
45,19,19
48,14,6
47,19,20
17,14,20
51,20,54
50,18,37
50,19,50
1,4,35
55,9,5
11,21,52
43,16,8
18,16,25
11,22,52
13,9,13
12,11,25
56,13,39
23,18,33
5,7,32
13,14,40
49,20,58
56,13,58
37,15,0
33,22,20
13,7,7
15,6,7
30,17,11
19,5,3
54,17,44
38,18,10
51,17,60
52,14,13
21,17,36
56,18,47
15,13,24
52,17,56
56,15,55
45,15,7
52,18,49
48,18,18
2,23,54
49,19,38
20,17,30
8,1,1
3,3,32
44,22,57
37,17,6
55,17,44
63,12,35
38,16,3
16,13,23
6,4,14
26,16,16
49,11,1
41,23,24
25,12,2
60,19,27
35,19,15
55,13,61
50,19,54
51,10,5
22,13,15
59,15,20
55,10,11
41,21,20
51,18,20
42,23,40
12,10,31
1,1,22
48,17,17
1,1,2
29,15,13
46,11,0
55,15,19
28,21,28
6,18,46
3,3,26
25,20,23
13,10,21
11,7,10
2,2,3
25,19,28
26,13,8
14,11,23
11,10,16
2,2,25
21,10,12
16,12,35
19,19,45
16,16,41
17,18,45
6,3,15
20,15,22
48,20,49
24,21,43
44,12,0
23,19,35
21,16,25
56,19,30
16,14,37
19,21,48
13,12,32
52,12,12
10,8,34
3,22,51
21,16,19
52,8,0
36,18,1
17,14,32
53,15,42
55,20,48
37,16,0
37,19,9
22,22,45
3,13,42
50,13,3
47,22,50
18,17,41
34,17,4
46,21,33
61,15,19
36,16,2
63,10,39
51,17,44
37,20,16
50,17,15
55,17,31
63,13,15
3,4,11
62,8,7
11,10,32
46,15,4
59,13,43
1,1,6
59,8,5
24,11,11
44,22,49
28,12,2
20,16,30
15,10,15
17,13,34
13,18,47
51,18,45
8,22,53
1,0,4
16,12,17
4,6,27
57,11,60
56,17,32
56,15,38
52,10,7
51,19,42
62,13,57
61,14,49
10,9,18
14,16,44
57,19,25
7,6,35
46,19,20
47,22,33
41,14,1
4,4,13
58,15,36
8,8,26
56,16,44
4,4,23
56,19,26
8,7,36
7,6,17
25,12,12
7,1,1
38,21,16
47,13,1
30,15,6
24,11,7
0,0,13
55,12,15
52,18,42
11,20,50
57,14,57
63,14,53
29,16,11
18,14,36
27,17,19
57,16,48
52,15,60
45,18,12
34,20,17
55,14,36
15,11,19
15,17,44
37,20,14
46,22,60
18,14,16
61,16,27
16,13,39
22,9,6
41,16,0
46,18,63
61,6,0
54,17,31
53,13,9
51,16,63
62,15,47
3,2,22
4,6,26
54,18,51
1,2,29
2,3,11
23,22,45
18,12,15
53,18,42
11,10,36
3,9,38
0,0,30
63,8,2
13,11,34
5,21,51
55,16,40
52,13,14
16,12,19
28,17,18
32,16,6
33,23,24
47,23,30
24,13,16
33,19,17
26,13,12
63,19,23
45,15,4
25,11,4
62,10,9
21,11,13
23,12,12
46,21,39
1,2,20
63,12,47
28,22,39
20,20,46
59,14,19
50,20,29
2,2,10
17,13,22
57,15,45
49,18,41
7,7,31
62,11,60
53,18,38
45,22,26
16,7,10
7,7,20
60,13,56
41,14,0
48,21,47
61,13,14
18,15,26
36,17,4
57,8,6
5,6,35
45,22,55
39,21,12
51,16,59
31,16,10
9,4,5
1,0,15
52,11,4
49,21,50
37,16,3
56,12,62
2,2,8
61,14,46
25,20,33
56,14,59
22,18,38
56,12,61
52,11,6
19,15,22
17,14,22
61,6,2
30,23,26
49,15,14
1,0,5
49,21,28
61,12,39
48,20,24
49,20,40
61,14,34
60,14,54
43,22,52
12,10,21
60,16,31
47,20,49
14,7,8
46,21,50
59,11,62
15,1,0
14,1,0
12,7,9
44,21,59
57,8,5
5,7,36
59,15,52
4,17,44
63,14,46
40,23,49
45,17,13
17,14,27
60,13,45
24,15,18
11,4,5
55,17,21
46,22,57
21,17,28
44,23,41
55,11,9
31,15,2
56,8,4
47,21,55
12,7,6
60,8,8
35,22,22
7,8,26
52,18,35
57,18,22
56,8,5
53,18,40
55,9,9
55,16,45
61,13,53
31,23,27
63,14,32
41,23,53
40,23,58
3,8,37
25,20,39
62,13,14
18,8,8
63,10,42
11,1,1
9,6,13
13,22,50
45,18,10
44,23,45
47,16,12
12,10,19
13,11,21
33,22,23
11,11,36
26,19,25
22,12,15
28,21,26
58,16,53
32,21,20
49,20,30
15,19,48
16,22,51
16,21,51
21,11,14
48,16,8
18,14,38
49,18,43
25,16,16
13,14,42
18,16,42
36,16,0
4,3,29
45,16,13
48,22,26
33,19,10
48,16,14
45,18,9
61,15,48
37,20,7
16,15,41
28,14,11
57,11,15
24,13,13
13,11,33
45,22,47
58,16,32
39,20,14
11,19,49
61,8,60
63,16,29
51,19,37
42,21,21
51,11,7
55,18,50
42,23,23
19,9,10
14,11,20
35,20,17
30,21,23
24,19,29
62,10,61
52,9,0
6,3,4
54,18,29
8,14,41
30,23,41
60,11,13
47,13,0
37,15,1
44,20,61
63,11,45
51,18,43
60,17,28
58,13,60
60,14,55
24,16,17
14,18,45
58,15,35
60,16,28
63,11,37
14,20,50
48,12,1
43,14,0
12,3,4
38,14,0
42,21,61
30,23,27
33,14,1
21,17,33
58,13,41
63,11,52
63,11,44
48,15,12
12,1,1
24,11,12
46,23,32
15,13,22
18,15,27
51,21,45
18,15,37
47,21,22
9,9,31
22,16,20
4,5,32
1,0,29
6,4,6
5,2,3
9,5,7
59,12,17
56,12,10
30,22,26
58,11,62
53,18,43
9,8,30
57,14,40
47,17,12
46,21,34
50,18,45
4,4,11
58,17,50
56,9,4
58,5,0
15,9,11
61,9,5
63,11,46
43,15,4
45,22,51
17,9,11
5,18,46
38,23,61
16,23,54
56,12,12
43,21,62
2,1,26
22,8,7
50,19,37
21,17,23
30,20,21
1,4,33
45,18,17
48,22,36
53,16,16
56,7,6
25,19,22
54,18,40
26,20,25
12,15,44
14,17,46
47,23,26
20,19,45
11,23,55
50,15,60
27,21,27
13,21,51
18,14,23
56,12,63
26,12,3
55,20,27
48,16,12
8,6,17
0,10,38
0,1,23
41,23,56
55,18,55
47,21,39
52,13,62
7,4,6
7,2,3
56,20,28
53,16,36
57,15,50
3,1,2
5,7,35
53,15,61
52,20,49
52,21,26
53,19,48
62,9,63
6,20,50
44,21,58
9,8,18
61,19,24
3,1,1
49,16,16
31,20,19
34,23,25
32,14,0
48,20,31
47,16,13
56,14,36
52,18,39
54,16,17
58,13,18
42,22,60
61,11,40
16,4,6
60,17,24
59,15,35
56,10,6
1,17,46
9,19,46
16,16,43
38,16,1
3,2,13
57,8,9
30,14,3
51,20,27
24,11,3
35,22,20
13,9,12
61,11,41
33,17,11
49,18,20
61,12,37
6,5,30
59,14,57
30,19,20
51,18,35
6,19,47
27,15,17
61,6,1
0,1,19
50,16,63
11,5,7
62,15,30
14,11,16
12,8,8
47,14,10
3,4,33
50,15,11
9,7,15
21,18,38
13,17,47
61,14,52
51,11,6
41,18,12
57,9,9
3,4,25
16,19,46
34,20,15
55,16,43
47,18,16
57,17,21
62,13,52
23,21,45
25,18,19
10,6,7
24,12,11
2,2,6
59,16,46
40,22,22
22,18,25
53,13,14
8,21,50
18,4,2
2,2,15
58,15,54
49,13,10
53,20,28
56,8,7
63,9,5
54,18,24
50,20,41
7,6,30
25,20,27
53,20,47
16,14,39
26,19,20
0,14,41
50,18,22
46,23,37
56,18,46
28,21,30
61,10,56
22,18,40
50,19,33
12,20,49
52,17,46
27,22,34
23,19,30
36,19,10
53,17,46
53,17,37
29,21,22
54,15,34
50,10,3
50,18,40
2,2,30
55,11,14
17,14,24
58,13,16
56,16,37
2,1,30
24,20,34
48,18,63
43,23,40
46,18,15
1,20,49
57,17,49
6,4,17
14,22,52
45,23,26
52,16,16
51,17,19
1,3,33
1,12,40
4,3,9
29,13,5
15,23,53
36,22,22
45,20,59
13,9,11
56,11,15
59,13,51
60,13,54
15,11,18
49,12,2
58,19,25
50,17,61
7,7,29
18,20,48
56,12,11
16,13,22
5,3,6
60,14,50
20,9,11
48,15,11
55,15,43
54,16,54
42,23,56
57,11,62
55,18,25
0,0,12
57,16,53
12,4,6
14,10,11
8,3,3
51,17,57
61,13,58
38,20,13
55,19,48
44,16,4
33,23,22
62,8,63
48,20,57
55,15,18
0,11,39
1,1,4
51,18,22
38,17,7
34,16,5
16,5,6
14,8,11
63,11,53
6,22,53
59,8,4
57,5,0
47,21,25
25,20,30
61,11,53
26,15,16
53,13,15
7,8,28
34,20,13
47,20,59
43,21,20
6,5,10
63,9,3
56,20,26
2,1,18
10,9,26
62,11,44
22,13,14
56,15,42
56,16,19
18,14,22
3,18,47
4,3,6
60,11,14
54,12,11
41,16,2
1,2,32
60,9,7
20,21,48
57,13,41
53,20,51
6,6,23
49,20,34
25,10,5
59,16,49
48,19,41
18,17,37
11,12,27
18,14,32
27,12,5
20,6,3
50,14,15
26,13,10
18,16,39
9,18,47
17,17,44
55,6,0
52,18,43
61,14,56
3,3,30
44,17,6
57,13,18
30,14,0
12,22,50
46,23,54
47,21,47
9,9,24
42,21,20
44,22,41
5,5,11
19,21,47
34,17,5
45,19,15
52,17,40
11,10,35
17,3,5
12,2,3
28,15,0
23,19,23
19,21,49
32,17,4
25,21,45
25,13,10
19,22,50
12,10,16
12,19,49
24,8,0
31,20,21
25,19,21
58,13,36
50,16,12
56,19,25
6,1,2
53,19,28
14,14,41
28,15,9
32,15,1
43,23,24
60,12,58
58,10,13
21,21,48
54,17,56
40,21,19
45,23,35
51,18,58
1,1,11
31,13,0
49,12,7
11,6,6
43,14,1
32,22,24
19,10,12
49,16,12
61,18,21
5,5,21
29,17,14
10,8,16
15,6,6
7,8,24
34,19,12
0,0,8
8,6,10
48,17,60
31,18,16
60,18,23
58,13,42
54,17,54
20,7,6
9,8,13
14,13,37
53,17,49
20,10,13
57,17,51
48,20,46
52,10,5
47,12,2
57,17,46
54,19,29
59,9,62
43,14,2
37,17,3
57,14,37
46,21,55
56,15,35
57,16,32
63,10,58
6,22,52
45,21,21
20,7,9
35,16,3
15,12,26
17,12,17
56,11,60
2,3,21
56,17,53
40,20,14
44,18,14
52,18,54
55,18,23
39,19,6
51,18,38
52,16,36
60,12,39
10,10,32
3,2,9
47,22,55
44,17,9
63,11,59
13,8,8
42,23,52
55,16,56
26,16,17
63,10,59
60,14,35
52,13,63
38,23,62
2,19,47
45,23,39
2,4,33
53,18,58
47,21,30
23,18,24
16,13,30
23,10,3
49,18,18
30,13,2
47,15,12
44,17,13
6,4,20
17,16,39
13,5,6
18,15,36
18,15,21
47,21,20
32,20,16
51,21,53
58,8,3
3,16,42
6,8,28
55,19,50
44,15,1
37,23,61
43,21,57
11,15,42
37,19,6
22,22,46
49,14,13
29,12,0
61,10,63
23,19,42
19,15,32
3,4,14
28,21,25
51,21,51
17,15,31
27,19,20
63,10,60
53,8,1
34,23,24
63,13,55
56,11,13
31,16,3
53,18,53
21,20,46
28,22,33
46,21,35
63,12,43
6,5,11
21,21,47
52,15,62
39,19,8
63,17,28
5,13,40
55,12,60
5,4,7
7,5,7
46,20,37
9,6,10
11,10,24
28,21,35
59,16,47
19,12,14
52,17,44
57,13,42
29,17,6
20,11,14
49,20,49
60,11,59
39,16,1
19,15,24
44,22,48
25,11,8
45,16,7
63,10,10
44,20,52
50,19,58
59,19,29
4,3,19
46,21,43
60,9,59
17,9,10
63,13,50
47,20,39
49,12,6
36,17,6
58,7,2
34,17,6
44,14,3
50,14,12
23,18,34
39,16,5
22,8,4
13,13,41
16,18,45
54,9,2
53,15,38
60,11,58
19,4,2
14,10,17
44,22,60
56,18,50
6,7,31
50,18,41
22,19,43
43,22,59
46,12,2
18,17,39
63,13,54
56,14,19
52,18,36
31,23,26
57,17,47
12,10,22
45,20,19
9,10,37
25,20,43
12,9,19
63,14,44
43,23,49
52,20,43
20,7,10
53,15,40
63,14,54
50,15,9
49,21,19
50,9,0
19,15,39
8,7,24
29,14,4
45,20,54
62,14,48
3,2,32
60,16,21
58,5,1
12,20,51
29,16,15
1,1,18
53,12,61
58,12,41
7,16,42
51,15,11
5,18,47
2,16,44
4,22,53
54,19,44
18,9,12
26,12,5
21,17,30
32,17,8
47,19,57
44,16,8
55,16,34
27,21,26
47,15,8
11,9,17
1,16,45
25,21,39
44,15,2
54,16,40
8,5,14
52,18,34
30,16,2
20,6,7
4,5,29
56,16,23
54,12,15
59,17,21
12,11,19
24,10,2
28,22,23
56,17,54
13,15,43
16,13,26
28,19,22
18,16,24
13,11,32
29,22,29
49,20,46
37,14,0
44,23,57
55,14,39
45,23,43
62,10,10
48,19,37
60,10,11
5,11,40
50,16,62
40,23,55
3,3,17
60,9,5
0,0,1
11,17,44
55,11,10
46,21,23
21,17,35
35,18,10
55,10,5
57,18,48
23,8,4
48,20,22
44,21,18
63,11,54
54,19,53
30,23,25
13,11,24
12,11,37
12,10,27
0,20,51
14,21,50
48,21,33
29,22,38
28,18,19
36,18,6
61,17,28
2,0,1
12,10,34
1,9,38
15,13,33
36,15,2
12,17,46
10,9,33
22,19,42
50,21,47
25,20,35
48,16,13
49,18,19
51,19,35
21,23,50
58,7,7
43,22,63
1,1,19
36,15,1
60,14,34
53,17,44
37,20,15
52,17,37
35,20,14
56,16,51
55,9,10
30,15,8
5,4,32
23,18,27
8,12,39
30,15,0
17,16,40
11,10,28
13,20,50
10,0,1
39,23,59
50,14,14
19,15,35
20,15,24
21,15,20
24,20,38
23,19,39
49,19,51
43,16,7
47,22,27
28,23,32
59,12,62
58,16,18
6,4,19
2,7,36
34,22,23
55,15,50
17,14,30
49,19,18
48,18,16
15,18,47
54,17,39
27,22,42
0,12,39
25,11,11
57,14,36
62,13,58
22,19,44
57,13,37
46,21,46
46,18,16
27,21,29
0,14,42
53,20,50
6,11,39
0,2,11
22,22,47
50,18,36
55,14,62
56,12,60
9,7,11
49,19,55
57,16,49
61,15,50
57,20,28
9,7,34
60,9,61
8,3,5
23,9,2
56,17,52
50,15,61
48,21,24
49,21,40
17,3,3
51,20,26
51,17,40
44,14,1
42,23,21
1,0,1
44,22,42
59,18,31
55,7,0
30,13,3
31,17,4
60,10,12
54,17,41
49,15,13
7,17,44
47,15,11
55,20,46
28,19,20
22,17,38
49,18,56
42,18,8
62,12,44
43,23,55
48,16,63
59,18,29
53,16,38
32,16,4
48,19,56
15,12,18
57,19,28
58,13,44
19,16,39
61,9,58
53,19,49
49,18,40
57,14,52
23,11,6
54,17,57
6,19,48
0,0,18
60,11,61
49,20,33
56,6,0
14,7,6
58,12,61
0,23,54
42,18,13
49,20,56
46,23,44
6,4,15
63,8,62
52,17,35
52,14,61
53,18,51
61,11,58
9,9,25
4,20,50
52,12,7
37,21,14
16,13,16
47,18,59
18,15,34
19,6,5
21,9,8
55,18,26
18,14,31
62,15,33
52,14,62
50,20,30
59,12,54
13,0,1
30,23,34
57,18,31
46,21,41
56,17,21
54,15,40
59,13,41
5,5,31
23,20,39
13,10,19
47,21,59
22,21,47
3,3,27
49,17,63
4,15,42
42,23,54
20,18,41
42,23,55
7,5,19
16,9,11
46,22,41
61,12,16
58,13,17
38,21,13
23,8,0
4,5,28
49,21,41
45,22,59
46,22,39
3,23,52
55,15,53
48,17,14
45,23,32
6,8,29
22,17,25
50,21,20
57,16,46
52,17,21
49,17,14
46,12,0
48,19,42
24,11,8
30,23,39
57,14,20
62,11,11
47,21,57
56,13,59
54,16,18
53,17,45
51,20,51
52,12,6
51,17,38
12,12,40
22,9,2
14,5,6
16,12,18
51,13,4
10,7,10
53,15,18
62,11,58
5,5,23
56,16,45
5,3,14
50,13,10
40,23,56
61,13,36
59,9,6
54,13,61
61,6,3
47,22,24
46,21,22
53,10,0
22,15,18
45,21,60
45,16,8
7,4,15
13,10,13
8,7,18
15,11,14
62,14,45
13,1,2
54,17,47
44,21,56
29,18,17
0,0,28
34,19,14
23,11,11
0,1,6
7,5,18
45,17,12
12,18,48
7,15,42
42,23,49
28,21,34
52,12,11
25,13,11
6,6,24
56,15,51
62,10,62
46,18,9
60,10,8
16,3,3
11,10,25
57,18,30
36,22,19
44,16,6
43,23,35
3,16,44
48,22,27
8,17,44
24,19,34
10,9,24
40,22,21
41,18,10
40,22,20
17,15,27
6,6,34
51,14,11
33,18,13
61,15,18
56,15,19
8,7,13
9,23,53
30,21,24
45,14,5
28,21,32
10,21,50
55,17,30
21,9,12
36,21,18
16,21,49
12,16,43
16,21,50
47,22,37
7,7,18
26,21,29
23,10,7
21,8,6
51,16,38
9,7,19
17,9,9
36,23,21
54,18,42
5,2,4
23,18,25
6,22,51
58,16,21
0,1,10
48,20,43
47,12,3
23,22,46
41,23,20
51,18,50
1,23,54
61,15,31
51,21,50
25,19,30
23,18,30
16,13,29
29,22,27
25,16,20
5,5,30
46,21,47
44,17,8
10,12,40
7,9,38
57,14,17
57,6,2
49,18,16
51,21,27
49,21,47
3,3,6
44,21,20
29,22,30
55,16,33
4,17,46
40,20,16
18,15,40
33,15,2
57,14,54
7,11,38
56,17,55
23,19,41
57,15,34
32,23,27
39,23,60
15,7,8
62,12,57
50,14,13
60,16,19
63,12,50
53,9,1
62,18,23
26,20,30
4,5,26
46,21,44
52,11,7
36,19,13
62,8,6
50,19,60
62,16,18
12,10,17
7,6,25
17,14,21
50,12,1
45,17,8
56,15,59
44,18,10
60,15,52
50,12,3
42,23,58
47,17,10
7,7,34
7,4,5
48,21,22
56,15,17
59,12,61
50,14,9
63,8,63
7,5,11
62,16,17
19,16,26
36,16,3
12,21,52
45,21,57
14,17,45
55,15,37
62,18,25
56,11,63
51,15,14
5,23,53
4,16,43
12,19,47
57,15,46
33,21,18
25,19,31
56,15,45
60,16,18
61,8,3
6,16,41
21,12,14
49,20,24
57,14,18
63,18,26
47,18,13
17,4,6
28,23,43
63,8,61
50,19,22
25,11,3
45,15,5
43,21,63
60,14,57
18,3,2
46,13,2
60,19,28
22,18,41
13,12,36
18,5,3
21,9,7
48,16,7
10,7,15
21,16,21
18,17,28
46,22,35
47,14,9
26,11,8
56,13,14
55,17,35
30,17,16
24,19,38
0,6,35
24,11,4
1,15,42
56,14,14
60,15,16
28,16,13
1,11,38
47,22,61
0,5,34
19,16,30
23,18,35
15,7,10
48,11,2
48,21,44
55,11,13
5,5,25
57,16,18
55,12,16
49,20,31
58,17,48
14,23,53
50,14,5
42,23,53
53,16,56
46,23,47
20,16,21
19,17,37
10,18,47
22,20,44
42,22,23
54,18,43
59,12,37
45,18,62
51,17,36
59,13,15
6,0,0
45,15,9
22,23,49
51,11,2
25,12,10
12,11,21
63,8,5
25,12,13
42,23,46
62,13,45
58,13,55
47,13,5
60,12,40
29,15,11
43,21,60
11,7,12
16,6,7
3,2,29
47,13,6
47,17,11
61,9,10
15,12,33
47,20,38
20,14,17
1,22,52
49,21,37
43,19,15
51,9,2
25,10,0
54,17,22
16,13,18
46,21,37
6,5,8
57,9,6
58,8,2
52,17,43
37,18,4
26,18,20
41,16,4
39,17,4
28,15,15
1,0,26
49,19,54
54,17,34
61,5,1
1,1,7
51,19,45
47,20,41
1,1,28
39,18,10
8,14,40
60,14,16
54,9,7
10,10,30
39,22,21
26,23,48
0,19,49
37,23,63
23,9,4
22,18,30
49,15,62
5,0,1
5,14,42
8,13,40
63,12,36
19,16,27
8,0,0
45,21,54
51,19,39
31,17,14
4,6,34
15,12,16
57,17,23
21,17,27
16,13,34
56,16,52
55,10,9
31,15,8
18,14,33
22,8,8
37,23,20
18,15,32
2,5,34
19,15,25
26,19,24
21,18,43
21,17,40
20,5,3
3,14,41
49,22,35
35,21,20
0,1,1
21,16,22
6,7,28
23,23,48
50,20,48
46,19,12
27,21,31
2,21,50
46,22,30
1,2,33
39,16,6
48,21,52
56,6,1
55,17,51
22,17,23
57,15,55
5,3,16
49,11,2
2,6,35
37,20,12
1,6,37
29,12,1
47,22,36
59,16,20
47,22,52
15,4,5
6,10,38
51,16,62
8,6,16
46,23,42
29,19,20
8,11,39
19,5,4
61,9,62
52,18,57
38,21,18
29,15,9
54,16,44
28,14,7
23,19,34
60,14,48
2,1,6
59,19,26
62,12,49
58,9,9
44,22,54
21,16,36
61,14,17
53,13,62
61,5,0
5,5,26
59,19,27
19,6,7
26,12,4
55,16,18
61,12,40
57,13,58
43,19,16
54,14,15
10,16,43
9,9,35
26,11,5
51,9,0
0,0,9
61,15,34
20,17,27
63,15,14
29,21,23
42,23,48
16,13,20
12,8,9
46,21,20
43,23,54
2,2,9
29,19,21
10,9,21
60,9,6
43,21,19
51,12,5
61,17,23
53,17,33
49,20,48
57,16,45
48,21,36
60,12,13
3,3,29
2,2,27
4,5,27
48,13,9
12,9,17
27,21,35
30,23,24
35,17,2
19,14,20
60,16,32
45,21,63
61,14,18
38,21,17
10,9,36
34,20,16
52,18,59
8,7,33
63,18,27
55,17,55
50,20,53
36,18,10
35,22,21
14,12,37
42,16,3
27,23,42
18,22,51
21,8,7
30,22,29
11,23,53
51,12,6
50,11,4
15,20,50
21,19,44
20,9,12
21,18,40
20,11,12
4,4,7
1,9,39
51,20,32
15,13,36
54,17,32
28,19,19
18,14,17
56,7,1
31,16,1
31,19,18
3,5,33
18,12,16
55,14,60
48,20,33
31,21,20
6,5,6
9,6,17
6,13,40
50,20,49
31,23,31
44,23,25
43,21,55
16,13,31
3,4,26
42,23,39
19,10,11
41,22,58
26,15,18
53,20,29
34,21,19
19,15,19
19,15,30
10,9,16
57,10,62
50,19,24
51,19,58
53,19,45
10,7,14
38,21,19
25,20,34
31,16,9
54,13,63
0,1,5
36,21,19
62,12,46
43,23,47
41,21,63
61,12,58
50,20,39
46,16,11
27,13,5
63,11,40
25,23,48
53,20,52
50,15,12
63,11,61
11,10,19
50,20,44
7,5,17
18,13,17
14,17,43
53,14,62
14,21,51
49,19,50
24,19,35
1,8,38
16,8,10
47,21,24
48,23,29
19,7,9
19,11,14
45,23,52
10,10,25
4,2,5
18,15,24
7,1,3
35,19,8
25,12,9
49,18,21
6,14,40
48,20,23
48,20,19
54,14,63
53,8,3
15,17,43
3,2,30
57,5,1
2,3,23
21,17,29
62,8,3
27,19,22
61,9,61
61,11,61
22,18,28
45,18,14
24,10,10
63,12,37
2,3,33
52,19,30
2,2,22
26,10,0
17,22,50
13,3,4
2,16,43
40,23,61
17,14,25
60,14,49
55,16,48
1,13,41
58,12,60
55,13,17
14,12,32
48,19,54
58,19,28
50,19,41
45,20,56
10,8,23
58,14,34
41,18,9
10,5,5
55,10,8
24,18,27
32,19,18
15,9,9
5,3,9
6,9,37
17,13,24
61,16,33
26,15,17
50,13,6
44,23,55
29,23,35
13,19,49
63,12,9
56,18,30
12,12,38
13,8,10
0,16,45
52,9,1
3,1,16
21,13,15
23,11,9
51,18,33
52,20,48
23,10,9
24,16,18
19,17,41
59,15,54
31,14,2
61,17,31
54,18,41
4,18,47
12,11,36
34,20,14
44,21,22
5,3,8
47,15,5
46,20,42
9,10,38
5,1,2
13,21,48
27,18,21
4,4,6
42,23,25
43,20,19
20,16,33
17,14,16
46,22,24
3,17,46
49,22,45
63,15,18
60,5,1
21,17,37
60,14,44
47,22,34
52,11,1
16,10,13
11,12,39
33,14,0
35,23,24
2,1,19
7,8,37
46,15,7
22,17,29
39,17,3
3,11,39
42,15,4
15,20,48
29,15,12
22,8,3
54,15,61
27,22,38
55,17,23
12,11,29
4,4,9
5,4,10
3,3,7
49,19,35
39,15,2
52,11,2
46,23,49
24,9,3
12,8,12
60,8,4
28,22,38
44,20,17
53,15,17
12,8,10
63,13,53
52,20,46
14,13,27
15,16,41
60,13,43
6,2,3
29,22,31
45,13,3
17,21,48
59,14,58
2,12,39
35,18,11
39,21,18
51,17,58
3,10,39
31,23,32
43,22,56
48,17,15
54,12,62
11,5,6
31,16,8
39,22,63
23,9,6
61,9,9
2,23,55
17,13,16
6,6,20
42,22,51
41,21,18
8,8,36
4,4,10
63,11,11
37,18,7
56,9,9
56,10,5
9,8,19
44,20,60
52,11,9
54,11,10
32,19,15
34,18,10
13,18,48
4,2,31
61,7,4
60,13,50
62,12,37
20,15,20
56,14,41
61,13,46
45,22,32
19,16,24
60,16,47
56,16,49
19,15,38
52,19,32
58,16,51
32,19,17
16,13,36
18,15,22
4,5,24
7,16,41
15,13,29
35,20,13
58,18,29
48,20,52
13,8,9
51,19,48
52,9,2
0,4,34
52,15,15
27,23,46
7,6,19
15,13,27
41,18,8
62,14,14
62,8,0
30,15,9
12,5,7
46,20,35
24,18,24
19,13,18
20,16,23
55,18,51
18,23,53
23,18,21
59,14,34
7,6,14
44,23,30
2,19,49
48,12,3
45,21,55
61,14,55
56,14,56
55,17,43
59,9,10
6,7,26
26,21,37
34,21,21
22,15,19
9,2,2
46,23,46
51,19,54
47,20,40
9,8,28
53,16,21
59,11,10
63,19,24
11,8,15
13,23,55
30,23,40
29,17,16
17,17,40
17,12,15
55,15,39
28,15,14
63,14,13
55,7,1
36,17,1
10,10,31
54,16,41
42,19,15
57,17,32
1,1,1
6,5,12
31,23,24
49,14,10
54,17,51
58,16,23
47,17,13
20,7,3
10,7,7
57,13,60
58,17,22
58,13,37
52,19,24
1,8,36
46,14,6
48,15,5
46,21,53
47,21,37
37,21,19
2,4,29
18,5,7
60,12,43
61,15,32
46,22,40
46,17,15
41,19,14
13,19,46
10,7,9
43,22,54
57,15,44
18,15,39
53,19,46
56,8,1
61,13,49
19,16,32
17,14,33
62,11,59
2,4,27
41,23,57
34,15,3
58,10,60
3,8,36
58,14,58
37,19,13
61,10,62
14,20,49
48,12,0
51,18,56
56,16,46
51,12,8
50,17,40
41,19,13
9,1,2
49,21,52
25,11,2
61,13,35
60,17,30
57,17,31
25,20,37
0,1,2
2,1,25
18,14,20
46,23,48
45,16,12
47,20,36
25,23,47
48,22,34
52,9,4
8,7,20
27,21,36
54,19,45
15,20,49
47,23,32
9,8,17
17,14,38
60,12,16
3,0,1
63,12,14
59,7,3
18,14,35
30,22,24
30,19,16
42,19,14
51,11,5
62,10,7
46,16,10
19,5,7
14,12,22
0,0,4
25,13,2
55,15,58
31,21,22
20,14,19
22,8,6
53,15,19
33,14,2
60,10,6
30,22,35
47,14,1
27,21,34
56,14,38
30,12,0
62,15,50
48,12,4
47,21,31
10,9,35
14,1,1
51,21,26
22,19,41
28,15,11
44,23,21
25,11,5
47,16,8
4,3,10
56,6,2
50,19,19
17,17,39
47,21,48
47,19,40
9,8,12
46,21,42
24,19,26
55,17,49
53,19,24
7,6,22
53,19,25
45,17,7
56,12,16
57,14,35
1,3,32
14,6,8
47,20,45
60,9,9
22,18,22
7,7,30
4,3,16
61,19,25
6,21,50
61,18,26
58,14,37
58,14,19
12,4,4
1,11,40
50,20,42
1,7,37
42,22,19
60,18,22
60,13,46
10,20,50
14,12,26
23,10,11
38,21,15
42,16,8
2,21,52
46,23,26
55,8,3
62,18,24
24,20,33
20,5,0
48,20,48
50,19,40
44,21,60
50,13,9
59,13,36
8,18,47
9,7,12
53,11,10
19,5,2
29,17,17
20,17,26
56,10,9
24,19,27
60,12,55
30,20,19
15,8,7
39,20,8
46,20,51
56,13,63
44,17,7
51,13,11
37,17,8
21,17,31
51,14,10
52,12,5
61,8,62
55,16,54
14,9,11
60,13,17
47,19,55
11,2,2
46,19,63
48,13,7
59,14,53
13,22,49
51,17,16
50,17,59
62,10,8
63,15,31
49,20,25
5,6,27
51,17,17
1,6,36
46,23,33
28,14,8
50,20,52
14,11,24
49,19,37
51,17,18
7,6,21
10,6,10
44,21,39
15,1,3
60,17,20
25,22,46
17,9,12
43,22,61
23,11,14
58,14,45
53,10,7
62,13,49
57,16,34
50,22,28
42,18,9
54,17,19
37,21,15
25,13,12
27,12,8
27,20,26
19,16,34
26,20,26
30,22,30
6,5,32
54,17,40
31,23,34
1,3,24
59,17,46
21,19,43
51,19,20
47,20,58
53,11,9
40,20,17
20,14,18
0,16,44
47,19,19
54,17,45
47,22,44
15,12,36
23,20,42
59,15,34
20,16,38
60,13,49
2,2,13
25,13,14
2,14,42
8,8,35
18,4,5
3,5,28
31,18,12
62,9,9
58,19,26
15,13,37
55,17,34
2,18,47
62,15,15
55,13,13
16,12,21
2,3,5
21,17,24
4,4,28
50,14,63
24,12,12
56,18,25
40,23,50
55,19,23
6,17,44
43,17,10
44,17,11
1,10,39
18,10,13
50,12,5
46,22,55
31,16,6
40,20,13
34,14,0
39,17,5
61,10,61
54,16,36
47,22,28
48,17,13
62,16,28
56,17,23
36,20,12
41,17,6
13,23,53
59,9,7
54,8,0
48,22,42
39,19,12
59,15,45
26,14,12
18,23,50
54,18,53
45,21,36
41,23,52
9,9,23
3,3,25
38,21,14
8,5,9
55,9,8
63,7,0
36,17,7
37,22,21
4,22,52
11,11,38
7,8,27
5,8,37
61,8,61
51,19,38
46,23,36
48,20,40
34,15,0
62,7,4
58,17,49
27,22,45
13,11,31
43,18,13
17,14,19
29,13,2
57,16,22
63,10,40
49,19,33
52,19,35
40,15,4
61,11,38
53,17,51
28,20,22
24,19,31
26,12,10
15,8,11
59,7,5
55,16,22
45,21,20
50,18,21
12,10,35
30,17,7
50,19,55
10,9,22
61,8,5
53,16,20
11,7,8
46,20,62
63,16,17
46,17,7
1,1,32
32,19,14
18,16,40
21,18,22
19,18,27
1,3,21
21,9,9
19,15,34
24,17,21
7,18,46
21,13,17
9,9,37
20,8,10
52,17,54
62,13,56
12,17,45
17,20,48
14,13,28
63,17,21
16,14,26
3,2,18
41,17,7
58,7,6
3,3,20
55,16,55
60,16,17
58,10,10
55,11,7
45,20,21
57,13,39
62,15,14
35,20,11
10,6,6
15,11,16
0,0,3
45,20,63
3,2,17
51,16,14
3,15,42
62,13,34
49,22,28
46,21,51
4,16,44
10,13,40
11,7,9
49,21,32
41,20,15
10,8,22
47,21,58
17,13,35
12,5,5
23,22,48
56,9,7
50,11,1
54,18,44
63,10,41
55,13,12
63,16,16
47,17,62
5,2,5
50,21,44
57,10,63
62,11,57
16,5,7
52,13,15
35,19,10
25,21,40
15,23,52
37,19,11
60,17,27
29,18,16
24,20,37
3,19,48
45,19,61
26,23,46
18,10,12
59,16,33
22,17,24
39,18,8
61,12,52
13,11,26
62,11,56
62,10,63
59,14,54
49,16,60
49,10,1
55,18,46
3,20,50
31,23,25
2,2,11
63,10,56
61,18,27
61,10,11
53,17,21
54,14,61
36,16,1
54,15,42
50,21,49
37,18,6
61,11,14
55,15,44
15,3,5
43,23,50
41,23,59
49,13,9
48,21,48
50,12,6
26,22,43
33,16,6
14,23,54
37,20,13
54,15,63
6,5,14
61,13,44
4,3,15
27,18,20
3,4,19
5,4,19
12,6,6
4,10,39
9,19,48
54,18,47
29,23,44
38,23,21
18,15,33
9,4,4
48,21,28
54,8,2
36,16,4
62,9,6
2,1,14
59,17,28
4,4,17
23,20,38
49,19,40
53,17,55
3,3,12
13,12,31
47,15,13
27,21,24
26,18,22
63,9,63
26,21,41
60,7,7
24,18,23
17,10,10
49,20,57
53,19,52
54,19,23
14,16,43
45,23,23
13,20,47
54,15,35
14,11,36
54,17,37
21,20,45
15,11,17
37,21,12
27,13,4
25,20,36
55,18,52
56,11,11
49,20,55
43,19,17
44,22,47
45,22,20
54,10,6
10,8,17
10,22,52
15,6,8
24,16,19
7,20,50
27,22,46
38,19,7
18,17,38
16,14,25
49,14,7
10,19,47
54,15,43
48,19,36
59,11,14
1,0,14
41,22,53
36,17,5
60,12,53
58,18,24
51,14,63
2,8,36
33,20,18
6,6,19
61,17,20
61,12,51
53,12,10
35,19,9
18,19,44
54,13,15
60,16,49
4,13,40
63,17,22
13,12,33
17,16,42
55,18,49
0,1,20
41,23,62
52,14,12
26,13,14
2,21,51
53,14,14
30,18,15
5,5,28
56,14,44
63,14,33
60,10,59
39,15,1
61,9,4
52,19,20
50,18,38
54,15,62
53,17,41
39,23,53
53,19,26
50,19,39
13,9,10
62,13,46
52,18,31
57,15,56
50,18,58
53,13,61
53,18,39
63,11,60
44,22,22
55,17,56
1,20,50
53,19,29
51,20,47
36,18,8
50,21,53
47,20,42
11,12,38
63,9,60
4,4,16
5,12,40
16,14,24
13,12,37
47,21,54
55,10,10
16,13,35
11,4,4
7,5,8
62,11,53
41,15,1
57,9,11
58,14,55
47,22,56
53,18,55
30,16,14
51,13,6
54,10,2
55,18,54
5,23,51
44,21,38
52,16,63
3,3,28
28,23,40
57,17,54
38,19,5
42,23,38
48,19,39
28,21,27
40,20,11
15,8,8
31,16,11
25,13,16
63,10,57
50,18,19
30,18,14
59,7,7
2,3,32
47,22,51
44,23,42
10,10,29
56,19,29
46,23,41
6,4,18
11,19,47
36,21,17
63,17,29
47,18,15
13,16,45
30,23,35
53,16,45
11,12,41
21,9,10
49,17,59
55,12,11
3,3,14
51,16,58
7,12,39
60,19,24
12,3,3
30,23,28
59,16,22
54,20,26
37,18,10
15,16,42
23,10,12
25,22,44
10,8,15
41,23,21
28,23,34
37,16,1
57,9,4
8,9,25
38,23,63
20,10,12
56,19,48
0,23,53
25,19,35
52,20,25
36,23,63
61,8,4
50,14,8
8,17,45
58,12,59
15,22,51
1,1,21
49,13,6
41,22,52
14,12,21
48,17,62
9,8,36
61,16,48
54,15,37
33,20,19
57,15,40
51,14,9
7,7,25
15,11,15
28,11,0
17,19,46
7,5,12
56,7,5
9,12,39
1,18,47
49,16,15
4,3,11
22,11,14
37,20,10
15,10,12
36,14,0
18,14,18
60,9,4
49,12,5
14,4,4
62,8,61
49,16,13
53,17,36
62,19,24
59,14,35
57,18,27
62,9,4
49,19,42
24,19,36
47,16,10
34,23,22
4,5,22
49,15,10
11,16,44
63,16,20
50,18,56
9,7,10
18,13,16
3,14,42
43,20,16
18,4,1
29,21,24
18,5,5
19,5,6
9,7,20
62,10,60
0,11,38
52,19,46
49,20,43
6,6,25
55,15,16
55,17,47
49,21,49
52,18,47
58,16,50
51,13,9
24,20,40
41,23,50
23,13,14
59,15,47
54,15,60
26,20,23
47,18,19
47,23,28
47,21,56
32,17,9
49,12,0
6,15,43
4,2,16
57,14,58
60,9,62
44,22,21
62,13,16
19,17,43
9,6,9
51,11,4
56,15,20
12,11,22
57,11,9
51,12,3
1,0,0
0,1,26
54,15,41
53,11,11
42,19,9
29,23,33
27,20,25
8,20,50
8,16,42
13,11,15
58,5,2
20,8,8
57,15,43
43,23,39
17,14,31
3,13,40
14,18,47
47,14,8
24,18,21
33,16,7
18,19,46
29,13,1
60,16,45
36,20,15
55,14,42
36,17,8
55,19,28
54,16,52
43,23,41
10,8,19
10,8,10
14,14,40
15,14,24
53,16,58
49,18,17
4,4,15
41,18,7
16,23,53
7,6,9
16,14,31
49,21,46
57,8,8
52,19,38
24,9,4
43,23,25
52,16,39
7,6,13
20,15,18
1,2,24
2,17,44
61,10,7
51,20,43
43,23,53
58,14,39
62,17,27
18,18,44
63,10,11
17,14,39
4,4,24
20,15,23
8,8,30
53,13,11
10,9,30
14,10,16
55,15,54
53,14,61
63,13,48
53,18,21
45,20,52
8,18,46
58,11,58
13,11,37
26,23,44
45,15,6
50,14,62
22,17,31
16,12,15
42,22,63
11,0,0
58,10,8
44,23,35
14,11,15
18,14,37
47,20,51
0,6,37
21,17,32
41,23,63
48,22,30
46,22,43
49,12,8
52,19,49
62,14,33
56,16,33
51,20,29
18,22,50
33,19,13
62,13,33
58,7,3
47,19,39
8,6,7
26,14,13
62,12,45
53,15,39
44,22,51
14,11,17
42,15,2
29,15,8
53,17,48
1,0,16
50,20,47
35,18,9
54,10,8
62,7,2
56,12,59
57,11,61
53,20,45
59,17,32
13,9,15
35,20,16
8,7,25
45,23,31
10,1,2
27,22,39
17,16,38
15,14,23
53,9,4
26,12,2
19,7,8
59,14,43
14,9,13
62,12,53
55,14,61
6,5,16
6,7,23
6,7,36
22,7,3
8,20,48
25,17,20
15,12,17
4,2,17
58,15,21
57,16,47
55,11,63
2,2,14
52,16,37
16,11,14
62,11,52
27,14,13
0,0,26
1,15,44
11,9,32
50,22,44
43,23,23
27,21,28
62,11,62
27,20,24
28,22,30
14,16,41
29,22,32
36,18,4
47,17,7
51,21,54
16,14,33
22,10,9
22,10,10
0,2,21
45,23,34
7,8,33
11,11,32
32,21,19
22,17,26
19,16,40
34,18,11
3,2,6
56,15,34
52,17,57
18,13,15
16,14,28
26,18,19
52,13,8
20,16,22
15,11,13
1,18,48
25,15,16
42,17,10
2,1,22
25,14,17
48,20,44
50,17,19
38,23,20
61,13,17
19,16,31
59,12,38
46,19,16
1,14,43
57,12,16
43,22,57
23,18,36
17,6,8
41,23,49
17,15,29
18,7,10
30,13,1
43,14,4
17,15,38
52,18,22
14,12,35
46,20,39
40,23,63
7,7,28
62,12,36
58,14,54
48,15,8
62,13,50
49,19,58
39,22,20
23,23,50
13,19,48
45,23,25
57,16,33
18,15,25
56,11,62
53,17,39
14,9,10
55,20,47
50,12,2
12,12,27
56,10,8
53,8,2
52,16,19
29,15,7
58,14,16
10,15,43
15,2,2
11,9,24
18,15,38
14,12,38
51,18,36
18,16,37
60,14,52
63,8,4
53,17,23
12,4,5
32,21,18
2,1,13
26,23,43
52,13,9
22,14,18
60,8,7
6,2,4
45,16,11
13,13,39
12,9,14
59,15,49
13,11,29
49,11,0
57,17,48
61,14,50
54,20,53
55,16,20
55,20,26
46,23,56
59,11,11
58,12,15
49,18,39
9,6,15
2,8,38
2,4,26
6,6,12
11,13,41
19,23,51
9,15,42
63,9,61
55,13,15
61,16,28
43,21,51
20,17,32
53,10,6
49,16,62
25,12,7
53,13,60
26,15,15
51,10,3
25,23,46
12,11,23
25,18,22
22,9,8
58,18,47
40,23,53
37,19,7
48,16,61
48,15,10
30,23,30
34,18,4
49,15,4
29,23,46
45,19,60
24,18,25
14,21,49
4,3,18
60,11,15
59,15,46
57,10,12
6,5,9
45,18,8
6,7,35
7,22,53
9,9,27
48,21,38
52,18,24
51,13,12
55,13,14
5,5,9
18,15,35
59,7,2
54,13,11
15,13,38
21,16,20
44,22,53
49,21,54
62,12,47
11,9,27
15,13,35
3,7,37
63,15,29
61,10,8
49,19,53
43,20,14
28,15,12
24,9,5
23,11,10
26,20,37
31,17,3
6,15,41
21,13,16
6,18,47
34,20,12
53,11,8
42,22,52
61,13,57
30,19,18
11,9,26
43,22,58
46,20,52
36,18,7
17,13,37
6,5,20
36,20,11
54,13,16
36,22,20
53,18,48
59,12,58
33,15,1
35,21,17
51,18,44
22,11,13
46,22,31
41,16,6
19,12,15
30,14,5
49,20,52
9,9,22
1,14,42
14,17,44
19,5,1
63,7,3
4,18,46
39,23,61
58,19,29
4,7,35
13,10,14
3,4,28
16,6,8
10,7,13
48,18,57
30,17,14
61,18,22
62,12,42
52,16,18
54,16,58
14,12,30
28,22,35
14,12,25
3,13,41
12,9,15
46,13,1
51,14,12
62,17,24
52,18,32
50,21,26
55,13,63
55,16,44
14,11,34
16,13,17
34,18,9
20,17,31
54,9,4
49,12,1
56,16,18
17,13,19
22,9,7
58,17,29
51,20,41
22,18,24
21,9,6
3,4,29
61,10,58
40,22,19
15,7,9
17,10,13
29,14,0
23,16,21
9,22,51
31,19,19
26,13,6
49,20,23
32,17,7
27,15,12
6,11,40
7,14,41
43,17,11
50,19,36
46,23,30
4,1,3
9,8,26
5,4,28
32,16,7
24,20,23
47,21,36
29,16,13
63,13,36
61,16,47
50,12,4
25,12,11
55,15,42
3,10,38
25,18,23
45,23,44
62,18,27
49,20,19
26,13,13
2,1,4
21,11,11
28,14,10
62,14,47
8,7,10
55,16,19
5,1,3
58,13,58
54,11,63
45,20,62
31,22,25
2,2,5
48,13,8
38,23,23
27,12,6
18,14,19
30,16,6
45,19,12
28,23,45
16,13,19
4,4,32
40,19,14
49,21,43
60,12,42
53,18,33
53,16,18
46,20,19
47,23,45
61,12,14
2,3,27
56,15,39
61,18,28
55,19,25
42,16,0
54,9,8
53,12,9
57,11,59
47,20,61
50,19,48
48,19,57
46,21,52
56,17,45
30,14,4
62,12,58
58,13,40
62,13,54
57,6,0
40,23,54
6,4,9
50,15,13
11,7,11
58,15,44
51,19,22
46,13,5
28,16,14
46,22,38
33,19,16
4,3,17
11,10,26
44,21,54
35,14,0
60,15,47
56,14,18
24,13,15
62,15,16
41,17,10
61,14,54
27,18,18
51,20,46
49,15,63
43,18,10
62,15,46
0,0,27
30,17,6
51,20,53
62,5,0
27,13,11
51,13,62
51,17,21
21,7,5
62,12,39
29,23,34
55,9,0
21,19,41
63,16,31
23,17,35
10,15,41
45,23,50
22,18,26
51,19,49
48,20,51
12,22,52
12,18,46
55,14,37
5,4,8
48,19,53
1,2,10
63,11,43
15,12,28
5,5,17
14,13,24
11,11,17
58,14,48
37,21,16
21,17,39
26,21,45
44,18,13
34,18,6
54,16,55
61,15,45
7,4,14
18,9,11
58,13,39
45,21,24
42,15,5
2,3,26
3,12,39
17,13,21
7,23,54
5,10,39
3,1,17
12,7,8
53,18,23
29,21,25
29,22,26
48,22,38
3,7,35
15,4,4
3,4,27
20,19,43
21,11,12
51,19,46
50,11,6
55,18,22
33,16,3
50,20,32
8,0,1
28,22,36
25,21,43
46,13,4
42,21,18
33,19,15
29,15,6
14,19,49
44,15,6
50,10,2
60,13,57
46,20,57
15,5,7
52,13,10
37,17,4
14,8,10
15,13,20
59,18,30
29,23,41
8,7,28
27,11,1
45,16,9
13,22,53
47,23,46
48,20,56
31,19,16
49,19,41
5,5,12
54,13,14
49,20,41
58,15,50
59,11,57
0,0,5
53,18,50
47,20,62
20,16,32
53,12,11
51,17,42
45,21,49
45,19,62
23,20,44
58,10,63
8,6,18
44,15,7
47,21,40
58,16,22
61,8,8
53,18,22
2,3,28
7,2,4
23,18,28
50,16,14
55,16,57
48,22,35
22,7,2
42,22,57
43,22,50
4,11,40
0,1,22
46,14,4
56,15,50
57,15,51
5,3,7
42,17,8
50,17,58
3,2,19
54,18,46
53,12,14
22,7,1
23,9,5
55,11,8
51,18,39
5,17,44
40,19,10
39,17,8
58,19,27
53,20,27
33,22,19
26,21,31
10,18,48
61,14,43
61,15,52
57,12,14
7,10,38
30,23,32
0,1,13
16,15,27
21,8,9
20,18,44
21,8,10
52,17,34
28,23,39
61,17,18
49,21,38
9,6,14
2,3,29
33,19,9
35,21,13
30,17,10
7,19,47
46,21,25
37,22,14
60,17,23
4,20,49
24,23,48
59,9,9
7,0,0
62,14,44
57,14,59
55,18,24
57,15,39
19,6,3
9,8,31
33,17,7
54,10,0
29,14,8
22,17,21
7,22,52
55,19,29
11,11,16
16,12,36
5,21,50
18,19,45
63,10,53
0,11,40
56,15,36
63,10,43
41,22,54
54,18,31
30,22,28
53,15,16
56,16,22
4,14,41
61,14,15
38,20,14
45,23,30
45,17,14
58,11,14
47,21,44
3,2,16
51,17,41
57,18,23
45,14,6
61,13,43
53,17,42
60,15,45
14,6,7
0,18,48
49,19,48
47,22,31
55,19,49
59,15,36
63,17,20
9,5,8
54,12,13
8,8,28
44,22,38
2,7,37
46,21,21
27,15,16
56,13,60
53,17,57
46,20,53
45,20,60
54,10,5
60,19,26
49,18,55
2,2,19
61,14,48
9,7,14
11,17,46
18,16,38
53,15,63
36,17,2
31,17,9
3,15,43
28,16,16
58,14,35
2,11,39
49,17,15
7,7,32
12,23,54
15,12,21
41,23,60
51,19,47
61,13,45
29,13,3
55,15,35
48,19,40
47,20,33
62,11,39
52,10,3
51,20,28
11,12,28
48,17,63
49,19,39
58,14,43
59,12,55
22,13,17
48,13,5
48,19,19
49,21,55
33,21,20
31,14,4
63,9,9
9,15,43
57,14,15
4,10,38
31,23,37
21,8,5
44,20,16
61,14,32
56,17,20
46,23,40
40,19,12
23,12,13
11,9,18
10,8,13
15,9,10
3,21,52
14,15,40
53,17,31
43,23,58
0,0,16
34,20,10
0,0,11
53,17,35
29,23,31
48,22,28
13,13,26
21,7,8
45,22,54
42,23,51
39,23,63
23,18,23
54,19,50
17,5,7
23,9,1
52,18,52
61,12,13
56,8,2
11,10,29
35,17,6
44,23,43
30,14,2
7,15,43
59,13,56
53,15,37
17,11,14
19,17,39
26,21,36
31,15,0
19,11,12
29,14,5
62,11,42
57,15,52
10,12,39
59,11,58
61,14,51
32,20,18
45,20,18
51,16,17
12,10,20
43,16,4
7,6,26
47,18,61
1,2,26
3,1,15
35,16,2
42,21,62
63,11,9
51,18,55
57,19,26
44,15,4
58,16,47
0,6,36
62,9,61
52,17,20
17,14,35
58,13,59
0,10,39
46,20,56
54,16,35
25,16,17
43,22,21
58,18,30
9,8,37
43,22,39
47,14,2
47,22,25
3,3,24
50,19,52
7,6,23
58,12,63
46,19,55
56,13,40
51,12,10
23,19,33
18,14,25
22,23,50
47,18,62
13,20,48
62,11,61
61,16,19
13,20,49
54,10,3
56,10,12
12,0,0
1,21,52
56,18,28
50,13,7
13,11,30
22,8,2
55,13,62
55,13,59
27,12,4
52,19,44
55,18,31
49,17,62
28,18,17
5,6,28
25,13,13
54,16,39
49,18,60
50,17,57
26,21,32
9,9,28
39,20,15
19,6,6
61,12,55
43,22,60
30,20,22
22,17,28
18,14,15
24,22,45
47,20,37
44,18,9
52,17,50
24,10,9
13,12,23
25,23,49
4,2,14
48,11,0
46,23,35
43,21,50
34,18,5
18,21,49
41,17,9
29,17,15
5,6,31
62,13,47
11,8,16
54,12,8
26,17,18
47,23,31
19,20,46
20,15,19
55,11,12
63,11,12
10,11,31
59,13,42
23,18,37
46,18,17
22,18,37
30,16,11
42,16,4
57,18,24
54,20,46
0,13,41
63,16,28
33,17,8
16,9,12
47,20,50
11,10,22
52,18,40
23,17,23
47,19,18
4,4,30
6,7,29
17,8,9
23,20,40
2,3,6
49,21,25
55,19,26
20,17,29
8,10,38
29,23,38
3,2,8
43,18,9
18,14,24
49,19,32
45,18,13
43,15,5
16,8,9
5,3,19
53,18,49
5,5,27
2,8,37
59,17,30
40,23,60
25,20,29
27,17,18
38,19,13
27,15,15
62,8,4
48,18,60
10,8,18
4,12,40
17,3,1
17,11,15
7,20,49
56,15,46
27,21,33
62,8,5
50,16,61
3,2,15
15,12,34
3,4,24
34,19,13
26,20,36
58,18,25
0,5,35
48,20,60
28,13,7
45,22,43
1,0,19
50,19,34
12,8,11
61,14,44
6,5,34
49,20,37
10,9,31
29,23,24
60,12,59
53,18,32
44,22,50
60,14,56
56,8,8
51,18,59
42,19,13
34,17,9
53,16,44
47,20,55
49,22,55
6,7,24
54,18,25
26,21,33
39,17,7
52,16,15
41,21,16
50,19,32
63,16,18
17,14,28
41,14,2
59,14,17
57,14,39
20,6,1
13,12,28
20,16,34
4,5,34
62,13,51
57,13,13
53,17,32
47,20,44
5,20,49
45,23,45
12,10,29
47,20,63
63,14,47
29,22,39
49,12,9
21,7,4
13,21,52
41,17,4
39,21,16
28,11,1
18,16,41
62,10,12
63,13,47
51,20,20
57,18,49
32,15,6
38,18,7
51,18,32
55,16,37
3,12,41
0,2,13
54,17,38
21,10,13
55,18,56
47,19,37
44,22,63
9,6,6
23,13,17
12,15,42
18,23,52
28,22,28
21,9,11
20,17,38
16,17,44
39,15,3
18,15,30
16,3,5
46,19,59
46,19,53
32,13,0
4,23,53
28,18,18
11,9,28
56,12,14
50,19,20
27,21,30
15,13,30
52,17,22
10,18,46
42,18,11
11,2,3
61,11,12
40,23,51
9,7,18
62,12,40
48,22,47
28,13,0
27,12,7
17,16,37
23,19,40
26,12,7
8,6,11
53,11,3
5,3,13
14,12,31
61,11,60
43,22,53
47,19,54
34,22,22
11,9,33
45,22,31
2,10,39
48,18,17
15,2,0
13,11,27
48,14,7
58,15,53
11,11,28
43,19,13
50,18,57
0,19,48
60,15,18
49,22,26
5,5,29
5,23,54
11,9,23
51,16,19
41,16,5
10,6,8
1,10,38
59,12,59
53,16,39
56,11,61
57,7,0
63,10,55
19,4,1
22,17,37
5,5,24
51,18,57
25,20,31
33,17,10
39,23,62
54,10,7
11,8,14
62,14,53
56,13,62
53,18,46
54,16,56
17,3,4
17,3,2
18,13,19
44,15,5
51,20,52
54,19,28
60,18,21
55,15,60
16,13,33
43,21,22
51,18,41
7,8,23
40,15,2
12,20,48
32,17,10
52,10,2
19,17,38
53,13,12
8,7,32
16,13,25
46,22,33
48,21,25
49,20,38
43,23,46
0,17,46
17,14,37
52,19,31
62,9,8
53,16,57
60,15,33
60,16,46
46,15,10
61,9,60
50,11,0
63,9,8
12,10,24
15,18,44
51,18,52
48,22,25
14,6,6
36,18,9
46,22,25
56,17,51
11,15,43
43,22,49
50,18,33
59,13,39
21,15,21
58,10,61
50,15,14
61,12,56
8,7,34
8,16,44
23,19,38
12,21,48
34,22,19
1,19,49
18,14,26
34,21,18
50,20,24
48,22,46
21,18,21
54,17,36
54,16,60
45,21,40
3,19,47
59,14,16
49,20,44
23,17,21
30,17,15
18,12,14
29,22,33
13,11,35
25,20,22
48,18,58
4,4,29
51,11,9
63,12,52
16,12,20
15,10,14
15,13,31
58,13,14
55,17,54
1,0,17
56,18,48
57,14,43
41,23,48
49,21,30
44,22,23
57,14,16
47,18,14
54,12,10
2,3,12
56,15,54
13,12,26
3,5,27
14,2,2
31,20,18
50,18,54
59,15,19
22,10,12
4,9,38
2,18,46
49,19,34
11,11,30
44,23,51
38,19,6
43,15,1
51,19,40
20,17,41
43,13,0
45,17,9
50,18,42
63,8,3
1,1,13
17,8,10
56,16,55
50,21,54
26,14,14
49,18,42
52,17,18
32,15,4
15,13,34
41,22,63
55,16,53
24,10,6
9,0,1
59,10,63
34,17,3
15,13,21
56,16,47
60,12,54
54,19,47
60,8,2
57,13,43
53,10,3
28,17,15
4,22,51
31,17,7
60,10,57
6,6,29
48,21,46
3,3,16
59,17,29
0,0,0
15,5,6
6,5,18
16,3,4
50,20,51
18,22,49
36,23,23
52,18,37
23,9,9
52,15,63
12,11,30
54,18,49
58,13,15
7,8,36
36,20,16
51,11,1
49,21,42
12,10,26
56,19,28
55,12,62
26,20,33
16,15,39
42,22,53
63,12,45
61,10,60
13,10,16
54,16,59
50,15,15
46,23,25
45,20,55
18,4,3
14,3,3
27,18,19
49,16,63
12,14,41
51,20,48
56,14,43
54,9,3
22,18,23
30,21,22
36,18,3
58,14,36
50,20,34
58,13,63
12,8,14
2,0,15
55,11,61
21,7,6
30,20,18
21,17,22
0,22,52
57,14,38
41,19,7
4,23,54
18,17,43
19,16,37
20,15,35
7,10,39
52,21,28
25,11,7
3,9,37
38,15,1
8,7,12
7,6,15
58,14,59
28,22,34
57,15,57
57,12,15
46,22,42
24,10,4
59,12,15
26,23,47
20,6,6
39,23,50
17,23,53
1,9,37
1,2,12
58,16,52
55,15,56
63,15,15
56,14,40
59,8,3
44,23,33
2,3,25
2,2,2
4,5,20
49,20,53
6,17,45
56,7,2
15,12,22
22,16,19
8,7,26
56,15,44
53,18,54
11,12,40
44,16,7
14,4,5
7,6,16
50,15,63
63,11,56
57,7,5
59,10,59
0,2,32
57,10,7
59,15,48
0,7,36
40,18,10
44,19,63
29,20,21
28,12,3
21,6,2
59,13,45
24,12,13
10,20,48
61,7,1
24,21,46
48,21,34
52,18,50
2,2,21
1,19,48
38,18,8
48,21,31
27,13,7
61,12,41
13,14,41
47,19,62
51,20,49
49,16,14
53,16,19
9,19,47
62,15,49
9,12,40
59,13,52
42,15,0
34,19,16
51,18,54
42,23,50
63,9,62
47,21,53
63,15,16
55,12,61
40,22,60
58,17,31
51,16,18
17,13,36
59,10,58
34,18,12
48,22,49
29,22,37
28,14,9
53,15,59
53,17,56
56,16,21
2,20,49
26,22,42
5,5,8
54,8,4
9,22,53
57,13,40
50,19,53
45,20,20
58,15,55
11,8,8
22,18,32
25,17,19
24,12,8
58,11,15
13,11,17
52,17,41
45,14,2
13,7,6
6,7,32
58,17,28
51,14,15
29,16,8
14,22,53
46,16,5
20,6,4
46,19,17
51,17,20
3,22,52
19,18,44
17,15,41
0,1,27
59,15,33
9,17,44
17,15,30
45,16,10
16,20,49
60,16,51
41,16,3
51,16,60
1,0,18
43,22,24
1,0,13
55,8,7
31,19,17
12,16,45
48,19,38
59,15,21
53,18,24
49,21,29
26,15,14
57,16,50
23,15,17
2,1,3
14,19,48
4,11,39
0,0,19
20,16,28
5,4,20
10,19,49
16,2,1
14,13,38
62,7,1
45,22,40
43,19,8
63,8,0
34,16,3
11,8,12
5,19,48
5,4,12
11,10,37
2,2,33
12,10,15
32,17,11
43,21,59
49,19,20
5,5,22
41,22,62
31,16,7
52,14,10
34,18,13
63,11,51
8,9,37
21,14,16
19,15,23
62,14,32
55,14,19
25,20,32
44,23,49
48,20,42
8,6,8
27,23,33
5,5,15
17,19,47
0,0,23
51,11,3
50,16,17
24,19,28
16,7,9
39,22,62
37,17,5
63,10,61
11,21,51
55,10,7
13,12,30
43,23,51
12,2,2
63,14,31
57,17,25
6,6,27
49,19,44
7,4,7
62,16,20
50,20,28
7,5,6
45,15,8
56,10,62
38,16,4
3,17,45
63,14,45
23,21,44
8,8,22
56,18,26
59,17,47
50,19,43
32,14,1
45,23,28
34,15,1
15,17,42
19,14,17
20,17,37
35,18,2
49,18,35
60,15,35
31,22,23
52,18,30
48,16,11
8,9,28
63,16,26
1,1,29
45,21,38
16,13,37
23,11,12
41,22,59
57,7,4
14,1,2
36,19,9
63,10,5
47,20,43
58,15,20
23,17,25
53,13,10
55,16,51
52,17,42
0,5,36
60,12,44
7,11,39
17,17,28
1,2,13
53,17,58
41,22,19
15,12,24
41,21,19
61,12,50
55,16,42
48,23,27
50,20,21
26,20,24
25,11,6
3,2,3
44,23,32
54,11,12
57,12,61
48,19,55
26,14,16
27,15,13
0,20,49
54,16,57
8,6,12
7,7,36
21,7,3
44,23,40
51,18,48
58,18,26
33,19,14
46,19,54
1,2,5
53,15,14
37,18,8
50,19,23
62,17,19
62,12,54
7,17,45
43,17,7
51,15,17
22,17,30
45,22,37
52,18,41
21,12,16
50,18,59
47,14,4
35,21,18
42,22,61
57,11,13
54,15,39
1,0,27
7,7,23
39,19,11
60,16,50
25,10,1
44,23,54
14,12,20
16,12,16
62,12,50
61,14,47
10,7,8
4,4,26
46,12,1
51,18,49
5,6,24
59,5,0
60,9,11
62,11,43
1,8,37
58,6,1
47,22,29
53,14,13
9,9,30
60,13,16
53,13,13
37,23,21
11,11,25
25,16,19
6,4,16
5,14,41
59,18,24
62,13,15
63,15,30
23,11,13
62,14,15
24,9,1
24,19,39
14,11,33
61,13,34
54,11,62
59,15,44
29,12,2
10,19,48
29,22,24
9,14,41
5,15,43
59,10,13
54,20,52
59,15,56
63,10,8
40,17,4
42,22,49
62,11,55
35,18,12
26,19,23
52,17,39
60,6,1
7,5,9
16,15,26
17,21,49
61,16,31
11,9,20
18,13,20
6,10,39
56,13,13
18,7,9
35,16,4
12,13,42
26,21,43
33,19,11
28,20,21
20,16,29
7,6,11
54,15,17
51,19,36
9,8,20
16,13,24
55,15,59
60,16,48
54,15,58
54,16,38
5,4,30
12,9,13
19,9,12
55,8,1
23,15,19
47,17,16
52,15,14
47,17,17
42,21,63
7,18,47
49,22,49
5,3,4
30,23,37
20,16,26
5,4,17
53,12,12
49,19,17
42,22,58
58,12,62
18,9,10
60,15,51
60,11,57
39,16,2
17,16,41
1,0,28
58,8,4
3,4,22
60,15,19
55,16,49
55,12,13
42,15,1
58,7,5
47,17,8
48,11,1
7,5,14
50,18,60
45,22,45
30,20,20
19,8,9
45,14,1
24,14,16
47,21,60
10,11,37
41,22,20
10,9,28
6,5,19
27,20,22
15,15,41
8,7,22
45,19,18
63,10,7
48,19,20
41,17,8
24,14,14
49,13,7
4,5,25
25,21,44
54,16,20
60,6,4
23,9,3
58,14,53
47,23,27
50,15,62
48,21,30
27,13,12
47,22,41
23,20,45
60,18,28
47,19,56
2,1,7
0,0,17
62,6,1
55,17,22
63,12,13
58,14,46
61,8,6
26,20,22
8,8,34
52,18,46
47,22,42
35,19,14
35,19,13
17,16,25
5,1,1
27,21,38
17,5,6
61,14,53
52,18,23
18,21,47
22,14,15
11,20,49
28,22,25
59,15,43
19,13,15
31,20,17
32,23,28
47,14,11
18,17,42
14,11,35
51,17,43
12,17,47
42,18,14
49,18,54
2,0,17
59,17,49
38,17,4
29,23,39
53,12,8
22,9,3
50,20,46
21,7,2
54,17,48
10,14,42
47,18,63
61,7,3
59,18,27
59,16,19
49,20,39
27,12,0
0,1,21
52,19,26
52,19,52
52,18,38
6,4,8
18,15,28
55,16,17
57,13,14
17,17,43
52,11,8
24,10,7
28,21,24
35,18,7
22,17,20
46,21,61
22,22,48
63,12,11
58,14,49
62,11,37
8,6,14
2,4,34
54,16,50
2,19,48
6,7,33
59,12,42
25,20,26
10,21,52
16,20,48
12,10,33
20,18,42
58,15,56
1,16,44
21,20,44
44,19,17
25,20,28
44,16,9
47,16,7
58,15,33
9,20,49
6,6,33
8,3,4
7,8,25
3,6,36
23,8,5
49,19,49
53,15,15
0,0,10
11,13,40
50,12,9
23,9,0
54,12,61
44,21,52
51,15,16
42,23,37
6,1,3
47,20,53
11,9,15
39,21,19
39,19,10
50,14,11
61,16,21
61,14,45
50,18,18
43,23,22
6,8,36
45,13,0
7,7,22
3,1,18
27,13,8
52,13,12
51,14,16
59,14,46
31,16,5
28,15,13
60,11,56
60,18,24
51,13,7
57,18,28
61,13,48
4,8,36
56,8,0
0,1,4
11,23,54
17,15,39
49,18,58
29,23,42
54,18,30
28,22,27
43,13,1
9,8,14
55,16,46
63,13,52
63,13,45
4,3,12
9,7,33
62,10,11
40,23,21
53,12,62
40,23,20
14,2,3
51,18,60
9,8,16
58,10,62
1,17,45
2,9,37
39,21,13
7,15,40
46,22,47
54,8,5
48,22,37
22,9,9
15,12,27
63,14,34
48,16,10
55,17,40
12,11,20
22,22,49
57,6,4
53,17,20
58,14,56
16,6,9
32,19,16
10,10,22
53,16,43
30,16,7
43,20,18
15,12,29
34,19,9
25,17,21
8,7,30
14,18,48
26,16,19
6,5,28
60,17,22
2,3,34
40,23,52
54,10,11
59,17,27
46,17,62
56,11,8
5,11,39
23,18,22
47,23,36
49,17,19
58,17,25
56,12,58
44,22,36
44,23,24
49,14,5
52,20,28
52,8,1
44,15,3
60,13,36
35,20,12
39,23,23
22,9,10
3,3,31
15,23,54
0,12,40
11,1,2
9,9,34
52,17,38
45,20,58
24,10,3
5,4,29
8,23,53
46,20,60
34,19,10
46,21,48
41,23,58
17,18,44
55,15,34
30,18,16
36,21,16
8,8,32
8,8,23
52,20,29
7,13,40
46,22,32
54,19,48
13,16,42
8,5,8
56,14,17
33,22,21
61,15,16
52,10,4
2,0,2
9,22,52
8,8,25
35,19,11
57,14,41
30,22,25
32,17,12
46,14,5
49,19,52
49,12,4
10,10,36
54,14,60
61,10,10
4,4,20
10,2,3
56,9,8
61,10,9
53,17,60
56,14,60
13,6,7
4,3,31
54,16,34
63,7,2
3,2,4
46,17,14
61,15,33
58,13,54
23,12,15
48,22,29
50,21,32
47,20,21
1,2,21
16,2,0
22,14,17
9,11,38
18,20,47
13,12,38
62,9,7
54,18,22
63,13,14
51,14,13
46,21,57
46,21,49
31,15,6
58,11,61
51,20,25
30,16,8
1,21,51
44,19,16
27,21,37
60,13,37
16,11,13
55,11,62
48,20,50
6,5,15
54,12,12
50,11,7
0,0,15
43,23,26
1,1,20
63,8,6
62,7,0
12,10,23
15,13,25
6,4,7
4,19,48
54,19,25
57,17,24
16,7,7
15,5,5
10,5,7
50,21,31
2,2,16
63,18,20
1,1,14
32,22,21
19,17,29
44,22,44
31,23,33
29,19,17
22,10,8
45,23,29
17,12,14
45,22,46
24,10,5
63,11,42
40,15,1
56,15,48
56,16,34
43,23,42
2,3,20
34,16,4
62,7,5
10,9,19
54,11,9
47,22,45
6,5,22
11,10,27
1,1,3
28,16,15
6,6,26
39,18,7
59,15,18
57,6,3
35,22,19
49,20,47
60,14,53
45,23,48
13,3,3
52,16,17
15,10,11
10,8,11
55,16,47
49,20,59
21,12,15
53,17,40
46,14,3
53,19,50
46,16,8
41,21,17
23,10,6
19,23,50
53,20,26
14,13,30
47,13,7
47,21,23
30,16,13
51,19,52
55,12,14
15,1,1
50,19,51
21,22,49
56,13,38
30,16,12
55,8,5
11,17,45
42,22,62
40,16,0
59,6,2
45,22,24
48,19,35
38,20,15
48,18,59
30,16,10
9,8,27
60,7,5
23,23,49
57,15,33
63,11,8
15,7,7
52,13,13
16,18,44
53,10,1
48,22,55
23,10,10
42,22,59
42,21,19
44,21,51
46,22,54
22,18,36
50,17,60
59,11,13
3,3,21
54,13,62
51,18,61
25,19,36
48,18,62
59,8,6
2,15,43
28,23,42
15,12,20
46,17,9
46,21,58
30,16,9
12,10,25
52,11,10
44,13,1
56,9,5
9,23,54
1,20,51
45,21,42
43,20,63
3,21,51
46,13,3
33,18,14
0,1,24
49,15,9
28,21,37
6,13,41
57,17,52
16,19,48
44,19,10
55,12,9
25,19,24
22,11,11
48,19,43
17,22,51
5,16,44
21,12,13
52,19,34
6,18,45
31,16,4
52,13,7
42,20,15
39,20,11
23,11,5
43,16,1
13,11,25
45,18,15
8,7,31
53,13,16
1,15,43
30,22,27
22,9,11
0,14,43
1,2,31
28,20,25
14,11,14
60,10,10
19,20,47
48,21,32
46,22,29
10,9,27
50,20,26
4,3,7
14,12,27
16,14,40
55,18,44
40,17,5
50,17,36
59,9,60
8,6,15
6,4,12
56,12,15
59,17,22
50,20,23
61,13,16
60,8,9
51,21,25
60,15,49
60,17,26
52,18,33
9,3,3
63,11,7
26,22,45
63,12,44
24,20,36
35,15,0
43,21,21
51,20,50
28,13,8
58,18,31
41,15,4
26,21,38
23,13,16
26,18,21
50,12,10
61,12,53
51,18,42
59,14,37
8,22,52
49,13,8
59,11,63
40,22,62
0,0,6
51,16,16
47,14,3
7,3,5
27,22,40
54,17,55
19,22,49
2,11,40
58,16,46
59,13,37
59,16,32
44,22,40
59,9,63
14,12,28
59,11,60
18,5,6
42,23,26
48,14,8
35,17,4
22,13,16
58,16,48
47,13,3
25,21,42
56,13,16
39,22,19
12,10,18
2,12,41
62,9,5
8,18,45
58,9,10
10,19,50
35,19,12
45,18,63
29,15,10
17,20,46
9,9,36
56,10,7
49,12,3
50,20,33
8,7,35
55,16,35
1,5,35
58,9,8
50,16,59
2,1,17
50,20,54
47,22,32
57,11,63
31,17,11
28,23,41
46,20,61
54,17,50
50,12,8
3,2,31
5,22,52
54,20,45
10,5,6
11,14,42
39,16,3
51,15,12
3,3,5
58,8,5
52,19,29
33,23,25
58,10,59
52,12,63
54,15,36
46,21,24
20,20,45
55,15,41
45,19,16
6,4,10
55,15,52
2,13,40
54,13,17
49,22,29
12,14,43
23,15,18
52,17,33
52,16,43
56,14,16
26,19,26
50,21,52
24,11,13
19,14,22
7,5,13
11,10,21
25,14,16
59,8,7
21,16,24
34,21,17
4,2,3
31,23,29
26,13,9
60,13,47
6,6,32
62,12,48
29,22,35
48,20,21
60,13,35
18,20,46
2,2,4
50,18,20
25,19,27
42,22,55
42,13,0
9,8,33
62,15,17
25,11,1
61,13,52
6,5,17
17,17,38
7,10,37
53,15,60
58,15,45
41,23,51
56,17,49
58,16,49
15,12,19
45,12,0
47,21,41
61,16,30
54,18,50
44,16,5
28,19,21
62,9,58
42,20,63
28,22,37
60,12,56
8,8,27
41,19,11
55,14,18
29,23,43
59,11,15
9,8,23
1,3,34
10,10,38
36,22,21
6,14,41
15,7,6
10,11,39
57,12,60
0,2,5
63,12,48
12,22,53
60,14,18
50,19,57
18,4,4
42,18,12
62,11,38
55,14,17
44,16,11
57,13,59
17,4,5
9,15,41
17,15,28
59,13,18
54,16,19
56,19,27
57,10,11
58,14,57
46,21,59
13,10,18
47,20,56
49,20,35
44,22,56
58,11,60
10,9,34
53,18,34
2,1,1
30,14,1
47,19,17
50,15,4
50,16,13
63,11,47
8,5,5
54,17,59
11,19,48
16,10,12
58,11,59
52,15,17
57,13,16
56,17,44
47,16,14
44,21,19
6,6,31
1,22,53
24,13,14
55,9,6
58,15,51
42,20,17
33,18,10
16,22,50
3,19,49
21,18,42
55,14,14
19,19,44
22,18,34
49,17,16
7,15,41
41,19,8
50,17,39
12,20,50
2,3,19
24,11,5
19,22,48
9,18,45
42,17,9
12,13,39
16,15,40
0,0,7
28,23,44
42,23,22
5,3,30
4,2,15
45,14,4
9,9,26
27,19,21
7,16,43
15,14,26
45,21,41
52,19,33
6,4,13
34,15,2
60,12,37
58,9,11
56,15,49
15,13,23
45,19,17
45,19,63
3,6,34
59,14,47
53,18,31
14,12,29
0,0,14
59,9,61
57,16,54
36,17,3
35,17,3
44,23,53
1,1,24
61,8,2
32,18,15
54,14,16
19,5,5
49,21,48
60,14,43
6,6,21
1,2,22
51,9,1
18,16,26
23,18,32
18,13,18
21,6,0
42,23,57
1,2,4
15,1,2
19,13,16
18,16,27
48,21,43
45,22,56
55,12,10
61,13,50
60,7,4
45,22,35
25,21,41
12,7,10
56,13,61
48,20,34
32,15,5
55,19,47
56,10,10
55,14,15
54,18,48
13,11,36
57,10,8
54,10,1
53,14,60
59,16,51
54,17,21
5,4,11
1,0,3
3,2,7
10,23,53
14,10,12
61,10,57
19,14,21
56,18,24
25,18,20
52,19,25
46,17,11
55,14,58
24,15,17
39,20,13
5,4,6
19,9,11
52,19,48
54,15,59
27,15,14
24,11,10
47,21,33
61,11,10
16,2,3
16,14,22
22,18,31
61,15,30
1,5,36
62,13,48
24,10,1
59,15,50
22,8,1
11,11,37
49,19,36
5,14,40
7,9,37
47,23,35
57,13,36
54,16,49
21,16,23
48,19,44
25,12,3
52,10,8
21,7,7
19,16,36
52,15,61
21,17,21
49,22,44
55,16,52
44,20,21
55,14,40
47,20,60
25,19,25
40,23,48
10,17,44
60,14,45
5,9,37
30,23,36
60,15,44
43,17,12
26,12,9
16,14,32
38,23,60
62,16,27
46,16,12
52,16,57
57,14,55
29,23,32
2,17,46
4,12,41
41,18,13
61,9,8
1,12,39
63,17,18
9,7,17
0,15,43
0,21,52
1,2,11
33,22,22
44,18,15
36,23,22
61,12,43
63,18,24
45,21,37
56,10,63
63,8,59
16,18,46
16,22,52
14,3,4
50,19,46
46,23,31
62,12,13
63,11,10
60,13,52
59,14,36
52,11,3
13,15,41
63,11,55
51,19,43
21,16,33
9,0,0
22,8,5
63,10,54
47,21,38
46,20,54
50,18,39
62,12,56
23,19,31
41,19,12
2,2,31
60,15,17
34,22,20
27,21,32
33,20,16
59,10,12
45,20,53
3,11,40
62,15,31
63,8,58
60,12,41
32,14,3
10,6,9
7,21,51
58,12,40
40,22,63
2,2,32
16,8,8
58,6,3
63,14,30
54,10,4
46,15,8
1,1,12
6,16,43
53,10,5
12,18,47
14,10,14
61,10,59
58,12,57
10,8,14
16,19,47
46,19,18
52,18,58
63,13,33
26,19,22
15,21,50
16,11,15
60,16,20
60,9,63
21,15,18
47,20,34
8,4,5
55,13,60
47,15,6
56,18,27
47,23,29
16,3,2
17,13,18
46,15,5
46,18,18
19,18,43
13,4,4
37,19,10
61,14,33
43,22,40
40,19,11
56,9,10
23,19,36
23,19,25
2,18,44
17,13,23
49,23,47
19,13,17
1,23,55
32,23,26
15,8,10
55,17,32
12,11,38
61,18,23
26,20,32
55,15,15
30,15,7
18,8,11
25,20,24
57,16,23
54,14,18
42,23,41
58,9,6
5,5,19
10,4,4
51,12,11
55,8,0
45,23,40
60,18,29
42,22,56
14,12,23
45,23,27
5,23,52
47,22,39
25,13,15
31,23,30
59,9,8
26,21,27
27,17,17
38,23,22
56,18,22
38,21,12
47,19,38
56,10,11
48,20,59
9,7,16
1,13,40
56,16,20
53,19,53
40,16,2
63,12,54
19,4,0
31,17,10
14,9,12
11,8,11
6,23,54
62,10,56
54,15,15
44,20,62
31,17,6
25,19,32
28,13,5
11,10,34
48,20,36
49,19,43
3,5,34
58,14,50
42,14,2
61,7,2
44,21,53
35,16,1
45,22,58
27,16,16
13,9,14
53,16,60
51,13,63
9,8,34
63,14,15
58,15,49
51,15,60
60,11,55
62,13,36
50,18,35
43,18,8
51,18,46
43,21,61
38,17,6
16,3,1
57,9,7
5,6,32
31,18,13
9,8,29
62,12,52
44,23,22
52,14,63
21,15,19
55,15,36
45,22,42
49,16,61
46,22,34
58,8,9
43,19,10
47,20,20
46,23,43
32,16,9
35,20,10
51,10,2
13,11,20
59,13,44
50,10,1
31,14,3
19,15,20
50,21,29
17,14,15
21,19,45
48,13,1
56,9,2
12,23,53
53,9,7
20,17,39
29,18,19
16,11,16
17,12,18
22,18,21
20,16,19
15,12,15
62,17,28
61,17,26
60,18,31
58,16,19
47,14,6
12,11,18
27,14,11
25,14,13
22,10,13
2,5,35
45,21,35
40,16,5
38,22,62
15,21,49
40,21,18
61,18,24
52,19,39
16,14,27
55,14,43
61,13,37
0,1,7
8,23,54
13,10,12
11,20,51
45,22,39
59,11,12
57,15,42
10,1,1
58,16,20
27,22,33
44,23,50
57,14,56
59,8,8
61,13,47
6,4,5
20,22,49
59,17,23
49,18,59
34,23,23
6,16,42
20,16,25
53,9,5
52,18,48
40,17,6
1,2,28
45,22,49
23,19,32
35,20,15
8,7,21
47,13,4
56,7,4
29,22,23
55,18,47
60,12,11
51,17,56
20,12,16
22,9,5
30,17,12
9,4,6
57,14,44
62,14,31
44,17,12
60,10,13
60,7,6
19,8,10
19,7,6
56,9,6
56,11,9
6,20,49
56,15,58
2,22,52
53,11,7
57,15,41
63,12,56
54,16,43
6,6,22
29,14,6
55,16,36
4,0,0
61,12,42
59,13,55
35,17,7
21,8,3
61,12,36
57,7,6
52,19,41
10,9,23
55,12,63
28,17,17
7,7,26
52,19,45
51,19,29
53,11,5
52,17,59
51,12,4
47,17,14
20,16,37
50,19,21
63,17,27
46,17,8
57,10,9
52,16,38
59,14,50
54,15,19
58,13,56
57,17,22
48,18,55
5,13,41
61,12,11
20,22,48
26,21,35
32,23,25
18,16,28
28,14,4
43,15,3
49,14,9
63,13,11
58,13,57
6,3,5
57,10,10
63,12,57
0,4,35
52,19,42
61,8,63
9,16,44
26,12,6
48,16,15
0,13,42
50,17,38
22,15,20
49,21,56
46,22,36
15,4,6
46,21,36
27,23,43
3,4,10
20,18,40
28,19,18
12,15,43
11,22,53
5,6,22
13,17,46
42,20,16
47,15,7
13,0,0
63,13,13
3,0,0
14,7,7
23,20,36
17,19,45
5,5,10
38,17,3
23,20,37
58,15,19
54,18,52
40,15,3
29,23,26
17,14,26
25,22,47
63,12,34
59,12,39
30,14,6
47,20,35
50,20,50
53,18,44
56,17,31
43,18,12
61,11,42
63,9,7
14,7,9
44,23,47
43,20,15
57,18,25
8,2,3
51,11,0
58,6,4
60,14,51
60,14,46
51,14,61
60,13,53
60,14,19
10,9,29
52,16,42
54,8,1
13,19,47
2,12,40
62,11,13
37,16,2
63,8,60
9,3,4
46,20,18
60,7,3
54,17,24
61,13,51
7,7,27
1,11,39
12,11,35
20,13,17
43,23,33
1,1,30
60,6,2
45,20,17
52,20,45
44,23,56
27,21,40
59,12,63
14,13,31
61,15,49
55,17,57
58,16,45
0,1,11
45,16,6
38,19,11
22,18,33
1,1,31
5,8,36
11,3,4
14,10,13
37,17,7
15,17,45
41,22,60
8,4,6
53,17,54
7,8,31
44,22,61
21,20,47
6,7,22
47,21,32
23,20,41
15,19,49
1,0,20
45,21,22
16,14,23
52,16,35
48,18,20
19,17,40
48,21,20
43,18,15
47,19,21
52,11,0
1,1,17
23,22,47
28,22,40
26,21,40
42,19,16
45,22,22
24,23,49
56,17,30
1,19,47
26,20,27
50,21,30
27,20,27
13,12,25
54,16,37
39,23,22
21,16,37
3,4,15
60,10,9
16,17,42
44,14,2
50,21,25
47,16,9
55,15,20
27,23,47
54,20,47
62,14,54
48,19,17
25,10,3
45,17,10
54,19,26
57,8,3
1,2,3
36,19,14
26,20,28
44,23,26
8,15,42
63,7,1
22,19,38
58,13,38
3,3,22
52,12,9
1,0,30
19,16,38
24,21,41
12,11,33
23,19,37
63,16,30
32,23,23
16,2,4
31,14,1
47,16,63
58,14,52
51,19,34
59,13,59
61,17,30
30,23,38
54,16,46
44,21,21
58,17,32
41,23,22
4,9,37
13,10,15
54,15,38
62,12,11
45,20,61
44,18,12
4,3,30
53,14,17
57,18,26
6,7,27
48,14,9
45,23,36
57,18,47
59,15,55
42,21,17
59,13,58
57,10,61
0,1,9
55,17,50
3,1,3
44,19,15
9,9,33
49,13,5
31,14,0
45,22,57
52,17,19
26,17,20
63,9,56
62,16,30
60,11,60
41,15,0
51,12,7
61,13,56
25,15,18
36,20,14
18,11,13
37,23,62
52,18,44
11,10,15
44,21,61
40,14,0
59,13,16
8,8,31
51,19,24
48,14,2
29,14,3
11,7,6
24,19,30
45,22,41
19,6,4
53,17,43
26,11,1
48,13,6
57,12,63
50,18,55
29,16,12
46,18,62
59,18,25
43,14,3
62,12,38
46,23,45
43,23,48
41,15,2
11,8,10
20,5,1
8,5,13
54,20,28
56,14,55
45,12,1
46,22,49
54,11,13
9,21,51
59,19,30
48,22,23
46,16,6
52,14,17
1,17,44
24,11,9
20,18,43
37,22,20
2,1,28
55,15,51
31,20,20
22,8,0
53,16,34
62,19,25
47,21,43
25,10,6
55,18,29
2,1,29
62,15,32
50,16,60
50,12,0
62,11,14
47,22,43
27,13,10
53,17,50
51,19,50
28,14,0
38,22,20
53,8,0
50,14,7
56,16,54
48,20,32
60,19,25
62,10,55
17,18,43
0,1,31
27,13,9
57,8,7
17,17,42
26,20,29
51,18,47
48,19,22
0,1,30
11,9,21
24,12,14
24,19,25
57,17,30
15,14,40
1,0,7
40,20,15
19,15,21
43,16,9
63,16,19
42,14,3
63,6,0
60,17,21
27,16,17
12,22,54
51,18,53
46,21,56
23,13,15
0,21,51
62,12,15
2,2,28
63,14,51
53,16,40
21,22,48
32,16,3
43,16,6
44,20,18
55,14,63
2,2,29
40,22,61
58,18,23
56,18,23
49,14,6
13,11,18
1,1,26
59,10,62
55,18,48
39,16,4
51,10,0
53,18,47
62,8,62
13,11,23
52,19,43
47,20,57
0,3,32
7,6,28
60,13,58
37,18,9
0,2,31
55,9,3
59,14,56
62,15,18
62,17,21
41,22,22
13,8,11
50,20,43
60,5,0
59,18,26
49,19,59
47,14,5
32,15,2
45,14,3
8,12,40
6,5,33
8,11,38
3,17,44
27,23,45
42,16,5
46,16,9
63,18,25
39,23,58
0,18,46
58,18,27
56,16,50
34,17,8
59,9,11
59,14,49
52,16,59
45,23,41
50,19,45
29,19,19
2,1,15
40,23,62
48,18,19
60,12,15
48,20,18
58,14,44
11,8,9
51,21,47
42,22,54
39,15,0
12,10,30
38,22,19
55,16,32
37,21,17
26,12,8
60,16,22
12,21,50
25,18,21
45,22,21
33,18,8
42,22,18
32,19,11
39,17,0
46,16,13
49,20,18
1,2,25
49,19,22
22,9,1
47,23,25
55,14,38
9,21,50
4,4,19
44,20,20
58,13,52
34,20,11
50,18,17
44,22,43
11,8,17
46,22,46
42,17,11
46,18,13
46,23,29
16,8,11
17,6,9
62,16,16
6,6,28
9,8,25
50,15,10
58,12,39
51,18,37
58,9,63
8,7,11
20,23,50
11,16,43
43,20,17
57,13,62
25,15,17
14,12,24
52,16,61
40,23,22
6,7,30
26,11,4
32,15,3
42,14,0
59,16,45
61,14,35
46,18,14
0,0,22
32,18,13
58,17,46
12,11,27
48,21,35
49,18,57
56,16,32
14,16,42
33,17,6
12,9,16
28,13,1
50,16,16
32,16,5
53,17,38
32,18,12
40,18,8
60,15,50
57,15,21
57,16,52
0,20,50
50,21,46
45,13,2
31,13,1
59,5,1
6,0,1
33,15,0
20,17,28
36,20,13
54,12,14
3,3,9
7,7,24
63,18,23
47,20,54
2,3,10
49,20,32
46,22,51
41,21,62
10,9,32
58,9,7
20,23,49
21,14,17
5,19,47
25,22,43
26,13,11
52,18,55
48,14,5
18,3,0
8,5,6
52,12,10
59,13,53
41,20,16
61,11,56
26,21,42
52,19,51
10,23,52
9,20,50
24,15,19
33,20,13
46,14,8
11,20,48
58,9,62
63,11,6
14,14,24
1,2,19
58,8,8
4,4,25
46,20,38
19,15,27
12,1,2
46,14,2
20,18,26
41,19,15
11,16,45
33,18,11
28,22,32
17,22,52
57,11,10
14,19,47
55,9,1
29,23,45
4,1,1
34,16,2
20,6,0
23,19,43
52,20,47
21,7,1
20,12,14
20,22,50
56,11,10
30,15,10
2,13,41
61,17,29
51,14,14
27,21,39
28,13,3
49,11,3
46,20,40
18,11,14
41,20,14
51,16,15
13,22,51
23,8,1
26,20,38
5,6,23
21,7,0
43,23,45
5,5,13
51,16,39
44,23,52
9,9,32
62,9,60
21,16,26
60,17,31
48,12,5
4,4,12
42,23,36
63,14,16
5,6,33
34,19,15
60,6,3
55,14,16
49,20,36
8,7,16
26,21,39
51,13,10
43,18,14
52,14,14
12,19,48
59,14,55
14,12,19
5,6,25
58,14,18
60,14,17
51,18,34
41,16,7
19,15,31
62,12,43
11,9,34
0,0,21
49,21,51
46,18,12
25,20,42
3,3,23
27,22,44
3,20,49
10,10,28
38,15,0
7,3,4
42,23,24
6,15,40
63,13,49
47,22,60
52,20,50
49,21,39
44,23,38
53,10,2
48,19,58
41,18,3
4,4,8
41,22,61
57,16,55
3,23,54
53,17,59
1,16,43
33,16,4
50,19,42
13,12,22
44,22,37
3,4,20
57,9,10
7,5,16
9,6,16
31,22,24
51,17,37
12,8,13
43,23,38
44,22,58
63,9,57
43,21,58
63,11,57
27,20,21
62,10,6
15,22,52
26,22,44
2,2,12
47,18,10
53,14,16
63,10,6
60,10,62
58,16,33
61,11,59
55,7,2
58,12,16
61,9,6
47,11,0
53,9,6
38,16,5
38,19,12
50,20,40
61,12,54
53,19,30
17,15,25
59,14,51
56,18,49
23,18,29
0,8,38
62,17,22
7,23,53
6,3,6
61,9,59
53,11,6
52,17,58
23,18,38
29,20,23
15,18,46
10,13,41
4,15,43
48,23,28
25,20,25
24,16,20
22,21,46
32,22,20
13,17,45
37,22,19
56,15,21
49,23,46
49,21,23
29,16,5
16,14,34
30,22,23
13,16,43
54,7,0
47,17,61
46,18,8
59,17,26
48,23,26
63,13,46
55,18,30
15,14,28
55,7,4
52,19,47
61,11,57
50,14,4
42,16,1
14,13,26
56,17,24
15,2,1
57,16,44
29,16,16
53,10,4
22,18,29
52,15,18
25,11,9
52,18,56
44,23,37
4,3,5
56,9,3
13,11,16
16,20,47
21,14,18
50,21,28
41,22,21
56,8,6
51,17,59
52,16,58
26,21,44
57,14,51
3,18,46
46,17,12
60,17,29
55,9,2
61,16,20
14,0,0
50,20,35
58,13,43
6,7,25
59,19,25
53,16,41
54,16,42
24,20,39
19,15,36
52,18,20
13,23,54
46,20,58
20,17,25
34,22,21
62,10,57
45,22,23
63,13,51
35,15,2
51,20,30
12,12,37
49,19,21
48,20,58
45,22,33
10,10,37
59,14,44
52,19,50
9,17,45
62,16,29
57,15,20
5,3,15
55,9,4
56,11,12
13,4,5
47,19,58
26,11,3
44,21,63
18,6,9
43,21,53
7,6,33
54,13,13
60,7,1
51,11,8
6,23,53
46,20,59
40,23,59
49,20,45
28,21,23
5,4,16
25,19,26
45,22,25
48,17,12
27,16,18
0,15,44
6,5,21
50,21,27
51,19,30
27,14,10
12,7,7
1,18,46
26,16,18
56,18,29
36,19,12
20,16,35
58,15,52
44,23,46
63,12,55
28,12,1
40,19,13
30,18,17
43,23,36
55,15,57
61,15,17
59,14,18
11,9,16
2,2,26
6,21,51
54,12,9
14,11,22
13,10,20
49,22,46
57,13,17
61,7,6
46,19,62
41,23,47
23,10,4
43,23,37
22,17,34
9,5,5
20,7,5
25,19,23
15,13,39
14,18,46
15,14,39
51,19,21
32,23,29
22,14,16
12,11,34
37,22,15
59,10,9
61,12,44
56,17,34
47,23,44
60,10,7
48,21,39
41,20,18
24,12,10
10,4,6
5,4,21
61,17,24
32,21,22
48,13,0
31,17,8
14,1,3
48,14,10
63,8,1
22,21,45
5,4,9
3,4,31
7,8,30
50,20,31
2,2,17
62,11,10
55,17,52
52,18,21
55,16,38
9,16,43
1,1,10
62,7,3
23,21,46
32,23,24
47,21,42
58,16,44
53,14,15
1,1,9
56,16,41
31,15,4
42,22,20
19,10,13
15,13,26
2,3,22
39,20,12
17,20,47
2,2,18
63,14,52
47,19,59
10,10,24
60,18,27
10,7,12
27,23,44
63,18,21
58,7,1
9,8,21
53,19,47
5,3,18
23,10,8
48,20,35
53,15,62
25,19,33
61,13,15
2,6,36
60,11,11
6,5,29
56,17,46
18,14,27
14,13,39
51,13,8
62,12,35
53,19,33
47,21,50
34,16,6
44,14,5
59,8,9
46,23,28
48,17,61
41,20,17
55,19,27
44,23,36
4,4,31
54,11,5
40,16,3
54,9,5
26,20,31
29,22,36
56,14,39
53,14,11
61,16,32
59,14,48
54,9,0
8,7,27
28,15,10
14,8,9
3,22,53
11,10,31
60,15,48
54,19,49
11,10,20
26,20,34
48,21,26
52,14,15
2,0,16
19,23,52
34,14,1
61,17,27
56,15,52
62,12,51
61,11,11
38,19,10
41,23,25
5,9,38
21,6,3
19,16,33
50,17,41
42,23,62
55,12,59
21,8,8
20,19,44
12,14,42
23,17,24
54,20,27
5,4,5
55,17,20
22,16,22
39,19,14
38,20,12
17,13,15
63,12,12
3,2,5
29,16,6
28,22,24
50,17,18
15,12,25
46,20,63
30,21,21
21,17,25
48,19,34
57,15,35
56,15,33
61,7,5
44,21,50
43,21,52
3,12,40
47,13,2
3,21,50
24,20,41
57,16,51
46,22,37
20,13,16
17,4,4
62,8,59
28,22,41
48,21,42
45,13,1
0,17,45
54,16,21
3,16,43
56,13,18
56,14,58
42,20,19
15,19,47
0,1,25
0,18,47
54,11,11
5,22,51
13,12,39
57,7,3
44,23,44
15,12,30
3,3,18
5,5,32
3,4,21
28,20,20
3,3,33
54,17,23
14,20,48
36,15,0
44,22,59
3,1,4
22,12,13
7,0,1
1,1,5
19,12,16
0,7,37
17,14,36
18,3,1
17,3,0
0,13,40
43,22,22
53,9,2
54,17,33
9,8,22
10,8,20
62,14,52
21,23,49
34,21,20
63,14,48
55,19,24
63,10,9
47,19,63
50,17,17
11,8,13
50,19,47
63,13,34
32,20,19
6,6,35
26,17,19
2,10,38
46,21,60
60,18,26
5,5,20
39,14,0
49,21,26
63,10,63
44,17,10
44,19,12
16,23,52
45,23,42
33,15,3
53,12,13
10,14,41
63,12,10
27,12,2
47,15,9
31,15,7
41,23,55
32,20,17
48,20,53
13,12,29
10,20,51
45,17,11
15,9,12
19,14,19
55,13,16
33,16,5
55,14,59
3,3,19
54,15,18
20,12,15
10,10,23
32,16,8
8,7,14
11,11,39
62,14,16
30,17,8
46,22,26
60,15,46
31,17,13
13,12,27
50,12,7
28,12,0
60,15,34
54,19,46
4,5,30
15,3,3
20,16,39
12,9,18
9,6,12
22,19,39
49,22,47
16,15,24
56,10,13
22,16,23
16,21,48
58,15,17
1,21,50
10,10,35
9,7,13
45,23,33
47,22,40
57,13,38
48,20,45
38,17,8
53,18,35
2,20,50
50,19,49
32,17,13
17,8,8
44,15,8
28,16,17
26,21,30
58,15,18
46,20,36
2,17,45
13,5,5
31,23,35
34,17,2
25,22,45
12,11,32
49,20,60
33,23,26
47,19,60
42,23,42
56,15,53
42,22,21
53,18,30
56,15,57
58,13,53
28,13,6
56,17,47
29,23,23
62,13,35
53,17,22
22,17,36
53,9,0
50,10,0
13,11,19
8,1,2
47,12,1
37,19,12
57,14,53
15,16,43
59,16,44
58,6,2
54,17,46
48,21,19
52,17,55
23,19,29
3,1,14
19,7,10
48,21,54
7,7,35
52,14,11
22,12,14
51,14,62
62,12,12
62,10,58
46,17,13
7,6,12
24,12,15
8,8,18
55,15,17
61,17,22
53,13,63
21,16,34
42,19,8
54,16,33
58,14,17
58,15,16
53,14,63
50,14,10
62,10,59
25,19,34
8,6,13
57,14,42
42,15,3
47,17,63
14,5,5
51,20,44
58,15,34
58,11,13
61,14,16
19,16,29
17,8,11
61,9,63
2,1,2
58,15,46
63,11,39
3,3,11
41,18,11
12,13,40
55,16,21
44,14,0
37,23,23
52,9,3
49,21,24
53,11,4
43,22,51
41,23,23
44,23,34
2,15,42
48,15,13
4,2,4
58,12,58
9,7,9
17,10,11
45,22,52
57,15,48
40,23,24
58,10,11
24,20,44
60,11,10
60,9,10
62,9,10
42,19,12
14,20,47
43,21,54
50,20,27
17,15,40
44,22,25
60,16,30
22,10,11
44,21,57
54,15,44
49,13,3
6,9,38
48,23,45
29,20,19
26,12,0
52,17,17
26,12,11
20,6,2
59,16,23
11,10,18
27,20,35
19,18,42
63,12,46
33,17,9
45,18,16
48,22,44
58,14,38
18,18,43
63,17,25
62,14,46
26,20,35
63,12,49
7,6,34
19,6,8
52,13,61
46,21,40
17,11,13
5,3,17
58,9,5
58,8,6
43,17,6
59,15,51
25,21,38
23,12,14
16,19,45
4,6,35
62,11,41
51,18,51
31,15,3
19,15,29
24,20,43
30,23,33
4,17,45
59,16,50
12,0,1
39,19,13
52,11,5
7,5,15
53,18,36
4,0,1
9,8,15
55,10,6
62,10,5
18,5,4
11,6,8
9,1,1
9,3,5
37,17,2
59,10,60
4,8,37
9,8,35
48,12,2
50,13,11
27,22,41
57,14,45
58,17,23
3,4,23
53,17,47
27,11,0
8,8,29
20,16,27
58,14,60
2,4,28
59,11,61
10,15,42
17,14,17
24,10,8
47,21,35
45,22,53
35,15,1
51,16,61
25,19,29
61,12,57
62,8,60
44,22,55
38,16,2
31,15,1
23,18,31
39,19,9
5,15,42
10,8,33
59,13,50
49,21,31
57,9,8
59,13,54
9,19,49
59,12,40
5,17,45
54,17,49
21,17,38
49,14,8
49,19,60
33,21,19
12,5,6
49,18,37
25,20,38
52,17,36
53,14,12
15,2,3
14,12,34
31,21,21
62,8,2
4,3,22
49,19,46
18,17,40
20,5,2
56,16,57
52,20,44
10,19,46
51,20,35
49,21,45
44,18,16
45,22,34
11,23,52
26,13,7
17,23,51
28,22,31
30,23,31
28,21,31
48,19,21
23,19,24
60,13,44
46,22,45
56,16,53
44,23,27
8,5,10
43,19,14
8,15,43
24,22,47
24,10,0
5,4,18
47,18,60
23,10,2
63,9,59
29,21,26
34,19,11
17,7,10
39,16,0
62,12,14
45,21,53
53,17,53
18,8,9
53,17,19
48,19,60
33,15,4
5,4,15
44,14,4
51,19,23
59,14,52
54,14,62
48,14,4
16,13,21
7,8,29
52,18,53
20,18,28
0,0,24
9,6,7
2,22,53
36,19,11
1,0,25
40,21,63
62,9,57
51,12,9
2,2,7
54,17,35
4,7,36
22,18,39
12,10,28
31,19,15
10,23,54
49,20,51
57,15,53
57,16,21
20,23,51
59,14,45
49,21,27
62,13,44
54,14,59
11,10,33
21,6,1
4,21,51
57,12,59
57,18,29
8,10,37
50,21,45
13,11,22
17,14,23
54,12,63
62,13,55
42,20,18
28,21,36
11,11,27
4,2,18
51,19,53
59,17,24
55,17,45
54,10,9
57,12,62
60,9,60
55,8,4
60,13,55
51,15,63
12,12,39
39,17,6
11,6,7
41,22,23
59,10,10
59,7,6
20,16,31
21,18,36
54,18,45
54,18,23
5,22,53
0,8,37
62,17,20
61,16,18
18,21,48
56,15,41
39,18,9
55,15,45
49,17,60
30,13,0
47,11,1
61,13,55
27,22,37
21,9,5
49,21,20
6,23,52
11,9,25
56,18,45
14,8,7
38,22,63
35,18,4
56,16,35
12,9,12
50,18,61
12,23,55
11,13,42
10,22,53
30,15,2
25,10,4
18,8,10
57,8,2
55,17,53
48,22,45
49,19,23
50,18,34
62,11,40
29,13,6
19,19,46
29,16,14
11,9,14
34,20,18
46,18,61
20,16,24
21,17,26
54,19,52
47,18,18
48,15,7
51,20,42
55,12,12
15,12,35
10,9,20
28,14,12
38,15,2
51,18,19
61,15,47
26,11,7
62,18,21
63,11,36
48,20,39
43,20,20
50,19,31
34,18,8
28,23,23
46,21,38
48,21,37
27,12,1
15,14,27
4,5,31
13,14,39
11,4,6
5,5,34
6,0,2
26,11,2
51,19,41
51,15,13
45,23,53
14,14,39
61,15,46
44,22,39
36,21,12
59,11,59
56,16,43
2,1,5
40,19,15
25,11,10
57,14,60
46,19,60
11,9,19
60,15,53
11,3,3
33,18,12
53,15,41
61,15,51
13,2,3
22,18,27
45,21,59
59,17,31
57,9,5
8,6,9
60,8,3
47,21,61
49,19,19
15,19,46
49,20,42
13,1,1
53,16,17
44,22,52
45,22,36
61,12,15
54,17,42
63,14,14
18,23,51
37,15,2
49,10,0
55,16,39
62,15,29
56,20,27
46,20,20
58,10,9
0,0,2
46,19,19
15,12,31
46,13,0
61,13,54
41,22,51
48,21,40
59,12,41
5,15,41
60,9,8
51,19,51
51,19,25
61,11,55
48,19,18
49,19,56
59,10,11
4,5,23
42,16,6
52,14,16
40,20,12
3,3,8
13,16,44
19,14,18
51,21,46
20,13,15
8,8,33
