38,1,8
30,0,14
38,1,31
47,1,45
26,0,1
46,1,18
48,0,24
39,0,10
35,0,20
43,2,38
42,2,17
40,1,27
25,0,6
24,0,8
24,0,0
33,1,18
40,0,11
42,2,36
46,2,18
45,0,20
47,0,13
47,3,36
24,1,0
43,2,37
25,0,9
41,0,12
32,1,0
41,1,31
45,4,31
26,0,7
23,0,9
38,0,4
46,1,40
34,2,8
43,1,29
45,1,42
45,0,10
41,1,36
42,1,17
29,1,8
27,0,7
30,1,2
31,2,18
44,3,35
39,1,20
41,1,14
48,3,35
44,3,34
47,0,15
46,2,38
47,3,44
38,1,11
32,0,0
48,2,23
25,1,2
33,0,19
48,4,37
35,0,1
39,2,14
31,1,4
41,2,22
33,1,16
44,1,43
40,3,14
37,2,17
37,2,19
42,2,30
44,2,24
38,3,19
44,2,23
28,1,11
44,0,40
48,2,43
42,1,16
43,1,43
33,0,2
38,0,5
45,3,24
31,1,12
33,1,1
43,1,15
38,2,10
28,1,7
37,1,9
45,1,46
41,0,36
43,2,11
41,2,15
45,1,19
42,0,46
38,1,30
25,1,3
40,1,10
45,2,32
40,1,24
30,1,14
39,1,27
45,2,15
35,2,20
39,2,25
46,2,26
37,2,12
32,1,21
42,3,27
42,1,32
47,0,21
39,2,9
45,1,15
22,0,2
34,2,17
43,2,41
44,2,35
46,3,40
43,2,16
46,0,14
34,1,17
35,0,3
40,1,31
46,3,37
45,2,33
47,3,26
39,0,31
38,1,22
34,2,19
40,3,12
26,1,4
36,1,9
27,1,6
35,1,19
44,2,31
44,0,10
46,3,31
40,3,25
40,0,36
23,0,2
29,2,1
48,2,28
48,1,24
37,0,6
25,1,4
43,1,31
28,0,11
36,0,21
34,2,16
38,2,19
32,2,14
36,0,22
26,1,1
37,3,17
43,2,36
39,0,8
34,1,7
38,1,6
44,3,38
38,2,25
48,0,47
43,3,29
37,2,11
48,3,31
28,1,17
25,1,1
29,2,10
45,1,21
33,2,7
41,0,31
25,0,11
25,0,0
47,2,21
39,1,25
44,3,18
44,2,22
35,1,9
32,0,18
41,1,38
32,0,19
43,2,14
44,1,22
32,0,2
46,4,24
43,2,27
30,2,10
33,2,9
47,1,21
42,1,8
40,2,9
43,1,18
42,1,34
42,2,38
42,1,10
45,1,24
45,2,24
34,0,23
27,0,18
38,0,33
46,2,15
47,3,38
37,1,11
22,0,7
46,2,28
45,3,36
33,0,0
47,3,41
26,0,11
45,4,33
45,1,11
46,3,42
47,0,43
24,0,13
44,4,34
48,1,23
41,1,30
45,2,26
37,0,25
28,2,9
28,0,1
39,0,28
44,1,35
30,1,15
37,2,21
45,0,18
34,2,6
40,1,7
43,1,17
36,1,17
42,1,13
41,2,39
48,3,32
32,2,8
29,1,10
46,2,41
39,0,33
31,1,9
44,2,25
42,3,31
37,0,7
30,1,4
42,2,18
38,2,8
41,1,34
46,0,46
42,0,33
44,3,41
48,3,44
37,0,22
44,1,20
39,1,22
26,0,0
35,1,20
44,1,45
47,5,35
40,0,29
44,3,29
44,1,34
26,1,2
44,0,7
46,4,36
24,0,7
47,2,20
39,1,26
27,1,4
40,0,33
43,2,43
43,2,15
31,1,14
35,1,4
26,0,6
39,0,9
24,0,3
24,0,5
48,1,22
46,3,36
32,0,3
25,1,0
45,1,40
42,1,15
42,2,35
36,1,6
32,2,11
37,2,9
41,1,37
35,2,14
27,0,9
48,3,30
48,2,22
48,5,36
31,1,5
48,4,38
36,2,6
47,2,39
41,0,5
32,2,7
48,2,25
43,1,21
39,0,30
48,0,15
45,1,17
47,2,45
32,1,16
41,2,14
43,3,27
31,2,3
36,1,7
27,1,5
39,1,32
42,0,8
40,1,14
33,2,6
42,0,39
40,3,26
47,1,26
40,0,32
44,1,23
23,1,0
48,1,25
40,2,17
23,0,8
39,1,10
30,1,7
38,1,26
43,1,13
40,3,13
38,1,10
29,0,11
39,2,20
45,0,11
32,2,16
25,0,1
39,2,10
28,0,17
43,1,10
41,2,20
39,2,11
23,0,1
48,1,20
48,2,41
25,0,10
35,2,5
37,0,26
41,0,4
44,1,11
38,0,7
27,0,2
38,1,21
36,0,2
33,2,13
35,1,5
47,3,35
40,1,40
31,1,6
43,2,21
32,0,1
40,0,37
43,1,20
34,0,0
32,0,4
46,1,24
47,4,37
42,2,13
44,2,20
31,2,9
40,1,22
28,0,15
47,0,19
47,0,18
42,1,30
46,2,37
29,1,0
47,0,17
43,0,7
47,3,42
43,1,34
44,0,41
29,0,20
30,2,15
23,0,3
24,0,9
38,1,28
29,1,4
43,2,18
35,2,8
42,0,12
46,2,35
30,2,0
34,2,14
47,0,22
43,2,28
39,0,7
39,1,29
41,2,11
48,1,45
41,2,16
30,1,0
30,1,16
34,0,4
40,1,8
41,1,32
40,1,25
24,0,1
46,2,43
46,2,42
43,1,12
29,1,15
44,2,18
30,0,1
45,0,14
44,1,12
47,2,29
39,2,29
42,1,9
46,3,32
48,3,34
45,0,44
37,0,20
24,0,4
32,2,12
47,1,20
48,1,43
43,3,35
38,2,24
42,0,35
29,1,7
41,2,37
34,1,5
43,2,17
43,2,44
39,0,5
41,1,40
47,4,42
40,0,31
39,0,27
45,3,18
47,2,44
32,1,2
47,1,24
47,2,46
43,1,39
37,1,20
26,1,3
29,2,0
44,2,32
48,2,29
29,0,13
46,2,20
45,2,23
40,0,30
42,0,42
46,2,19
35,1,6
46,3,43
34,0,6
31,1,19
35,2,9
32,1,13
46,1,45
36,1,20
37,0,4
31,0,21
45,3,41
23,0,4
42,1,35
46,4,34
47,4,38
47,4,33
48,5,38
46,1,14
36,1,11
42,2,22
48,1,19
29,0,15
41,1,27
46,1,19
40,2,19
45,3,32
27,0,3
48,0,22
32,1,5
36,2,19
44,2,38
44,2,29
48,3,39
36,1,10
31,1,20
46,1,22
36,0,1
46,0,13
39,2,18
45,0,43
48,0,19
40,2,12
46,0,15
43,1,33
42,0,38
45,2,29
47,2,40
35,0,24
36,1,5
48,2,45
43,0,14
29,1,13
43,0,46
39,1,8
48,1,21
43,0,13
41,0,34
37,1,5
32,1,7
32,1,4
48,1,47
40,0,34
44,0,14
29,1,17
41,1,24
38,0,9
41,1,39
36,0,26
32,2,10
40,1,30
41,0,32
33,2,8
43,1,22
42,2,11
34,1,6
25,0,3
39,0,6
43,1,41
46,0,45
39,1,11
47,2,43
31,0,20
38,2,14
43,2,25
36,1,22
47,2,38
36,2,18
44,2,17
44,0,42
44,1,42
38,0,26
24,1,1
26,0,3
40,2,15
33,1,17
24,0,2
33,1,6
45,4,35
28,0,20
45,2,30
48,0,45
42,2,27
42,0,10
42,0,6
46,1,25
44,3,20
42,1,38
27,0,6
42,0,37
45,1,43
43,2,32
47,3,23
39,1,31
48,1,48
48,2,39
47,2,18
36,0,20
40,1,9
40,2,29
44,1,14
33,1,9
31,0,19
44,1,44
43,0,45
28,1,15
42,2,25
45,3,33
44,2,30
26,0,15
38,0,21
40,2,32
28,0,18
28,2,8
45,3,34
36,0,6
46,3,23
43,0,38
31,0,16
47,0,12
45,0,12
43,0,39
45,3,25
31,2,7
32,1,14
29,0,17
46,2,22
28,0,10
44,0,16
33,1,7
43,0,42
41,2,10
45,3,23
29,1,1
40,0,6
46,1,20
42,2,16
36,1,24
29,2,13
30,1,6
39,0,32
34,2,11
38,0,3
29,1,12
39,2,15
29,1,5
44,1,17
33,2,16
30,2,9
44,2,21
43,1,44
38,2,11
48,3,33
29,2,8
47,3,22
42,1,40
33,1,15
43,0,12
47,3,30
43,1,36
46,1,15
44,1,18
40,1,23
30,1,9
31,2,11
20,0,4
42,2,37
39,0,37
47,2,17
35,0,7
31,0,0
34,2,5
41,2,27
44,0,15
48,3,37
30,2,12
32,2,13
32,2,2
47,1,16
44,3,22
38,1,24
40,2,16
40,1,28
37,0,31
39,1,21
32,2,18
39,1,9
34,2,4
43,1,16
48,4,36
47,3,34
31,1,1
41,0,39
37,0,24
42,1,41
46,4,35
43,1,37
31,0,17
47,0,23
38,0,29
30,0,17
31,2,8
41,0,41
41,1,9
48,2,42
27,1,9
36,2,11
27,1,10
42,1,39
36,0,23
47,2,41
42,2,24
34,1,8
48,0,20
48,2,26
30,0,13
32,2,17
48,3,36
46,1,43
37,0,30
47,0,44
30,0,18
27,0,11
46,0,21
41,0,35
46,1,42
34,0,1
37,2,7
29,2,7
37,0,28
39,2,21
45,2,39
31,2,13
44,2,28
25,2,3
47,1,41
42,3,29
43,0,9
48,1,16
45,2,40
42,0,7
45,0,8
34,2,12
23,0,0
29,2,9
39,3,12
45,2,16
35,2,12
36,2,12
38,2,23
42,2,28
41,0,8
27,0,0
35,1,7
47,2,24
45,0,17
28,0,14
34,0,3
43,2,31
41,2,18
48,2,24
37,2,20
47,4,35
44,3,37
33,0,3
44,2,26
48,2,40
30,0,15
45,2,36
43,2,33
43,2,12
43,2,23
30,2,11
31,1,2
48,2,27
33,0,20
38,2,13
45,1,14
38,1,12
39,1,19
46,2,45
34,1,16
48,3,25
44,2,42
44,0,11
46,4,42
36,2,13
31,2,10
29,0,2
26,0,9
40,2,11
38,1,29
45,3,31
31,1,18
26,1,9
46,3,25
46,3,33
40,2,10
28,0,12
45,0,9
43,0,35
47,0,16
29,2,11
30,1,17
44,1,15
26,1,10
43,0,44
30,0,20
46,0,12
42,0,40
44,2,27
43,0,11
29,1,11
34,0,5
43,2,24
39,2,30
48,0,18
46,4,32
40,1,6
34,3,6
41,0,40
43,1,46
38,0,6
36,0,5
46,0,19
29,0,18
42,0,11
40,1,11
47,1,23
45,2,17
35,0,19
30,0,19
38,2,12
47,2,26
35,2,16
37,2,8
34,2,10
43,1,14
44,1,21
34,0,21
35,2,4
45,2,22
29,1,3
40,0,39
35,2,15
35,2,7
30,1,5
37,1,6
31,1,10
31,2,16
35,2,11
46,0,18
45,0,13
46,0,17
42,0,36
28,0,9
41,3,30
47,2,37
45,2,28
27,0,14
44,3,19
44,1,37
42,0,32
30,1,13
40,0,35
35,0,22
41,2,13
38,2,20
30,1,11
45,1,39
44,3,21
46,4,33
38,1,23
42,2,14
38,0,27
42,3,13
35,1,3
44,2,15
46,2,21
35,2,17
34,2,9
42,1,28
46,0,22
32,0,21
44,1,19
37,0,21
45,2,34
33,2,12
29,1,9
45,0,46
42,0,44
38,1,9
38,0,8
45,2,25
37,0,2
39,3,19
47,2,42
40,1,32
36,1,18
38,2,26
48,4,44
43,2,26
47,3,32
46,2,29
34,0,24
47,0,14
45,1,16
44,0,47
32,1,1
35,0,5
39,0,25
27,0,1
47,3,25
44,2,19
34,2,7
44,0,46
41,0,37
46,2,34
47,0,46
42,1,11
33,2,18
36,0,19
39,0,26
39,0,4
34,1,9
38,0,31
41,0,42
46,2,40
39,0,41
46,2,36
27,0,13
48,0,21
30,2,13
41,0,33
27,1,7
46,0,20
41,1,26
28,1,3
37,1,27
28,1,5
45,4,32
41,2,31
30,3,9
36,2,21
47,3,39
44,0,13
47,1,18
34,1,4
37,1,24
44,1,46
41,0,6
36,1,19
40,2,31
43,0,36
35,0,4
36,0,7
48,3,24
48,0,16
47,1,44
26,0,12
33,1,8
37,0,5
28,1,8
41,0,9
35,2,19
33,1,4
33,2,4
47,2,27
45,1,23
37,0,8
26,0,5
28,0,8
34,1,18
26,1,5
43,3,21
32,1,20
42,0,45
41,2,19
46,2,30
31,0,3
31,1,3
38,2,15
39,3,20
47,3,33
41,1,33
38,1,19
27,0,5
32,1,18
26,0,8
39,1,30
36,2,9
46,1,17
45,3,35
39,0,3
48,4,40
37,2,6
30,1,19
29,0,12
45,0,16
28,0,0
40,1,12
38,1,5
32,1,17
33,1,0
45,1,45
48,3,38
30,1,1
32,1,3
30,0,16
47,1,22
36,0,8
47,0,45
28,0,16
40,1,13
39,2,16
37,1,21
39,0,24
30,0,0
44,0,12
33,0,18
29,1,6
33,2,15
38,0,23
36,1,8
32,1,8
38,0,28
42,3,30
40,2,18
40,2,23
38,1,27
31,3,9
30,1,20
45,1,38
38,2,7
45,2,38
45,2,45
37,1,23
45,0,42
39,1,13
47,4,34
46,1,44
46,0,44
44,1,16
28,1,6
31,2,2
29,0,0
33,1,2
37,1,10
28,1,9
45,0,47
37,2,14
30,1,10
41,2,17
31,1,11
34,0,20
45,3,40
40,2,20
38,1,4
41,3,13
42,2,31
43,0,40
47,1,17
35,1,10
39,2,17
25,0,7
47,2,19
44,2,40
44,2,34
43,1,40
30,0,3
47,3,43
43,3,28
41,2,30
41,2,23
43,2,42
37,0,23
47,1,25
44,1,36
46,2,46
40,1,5
43,2,35
48,3,43
45,3,30
36,2,7
45,1,20
43,3,37
38,3,20
33,2,11
25,0,4
45,2,18
27,1,3
45,0,45
23,0,7
40,0,10
28,1,4
41,1,12
40,0,8
47,2,28
33,2,14
39,2,19
40,0,5
27,1,12
44,0,44
28,1,16
48,5,37
39,1,12
36,2,14
32,0,17
40,0,27
41,2,38
40,0,9
27,0,16
31,1,15
31,1,7
42,1,37
37,2,13
36,2,15
40,1,21
45,2,37
29,0,21
26,0,14
46,2,16
45,1,12
37,0,32
43,0,8
42,4,29
46,2,39
48,1,27
30,1,12
41,2,26
47,0,20
30,0,2
45,0,19
43,1,19
46,3,35
45,2,41
40,2,14
35,0,2
30,1,8
39,1,24
31,1,16
38,0,30
35,2,18
33,0,1
39,2,26
26,0,4
47,3,37
34,2,13
27,1,2
24,1,2
48,1,44
31,1,13
33,0,4
41,1,29
39,1,7
36,1,21
46,3,29
45,0,15
41,2,21
45,4,36
31,2,17
45,2,27
47,3,40
41,1,35
35,3,17
48,1,26
44,1,10
48,1,42
38,1,18
46,1,41
46,1,23
42,0,13
46,3,34
43,1,30
48,4,35
38,2,18
37,0,27
48,0,46
34,0,19
42,2,19
44,1,38
43,2,30
25,0,13
32,0,20
40,1,29
25,0,8
42,2,15
36,1,23
38,0,25
41,1,10
46,1,21
44,2,33
38,1,25
35,0,6
33,2,10
44,0,45
47,1,46
41,0,10
25,0,12
39,1,28
32,1,6
41,1,25
38,1,20
35,0,23
25,0,5
36,2,16
46,2,24
40,3,11
28,2,7
44,1,33
39,1,6
46,0,16
44,1,13
43,3,36
30,2,1
45,1,44
47,2,23
23,0,5
25,1,5
29,0,16
38,0,22
35,1,8
36,2,17
41,1,11
42,0,41
37,2,18
31,2,12
43,2,20
44,3,17
41,2,25
44,1,39
37,1,18
44,2,16
34,0,2
22,0,1
37,1,8
44,1,41
44,2,36
22,0,4
44,2,41
46,3,30
45,2,35
35,2,10
47,1,43
29,1,14
44,2,37
43,0,41
39,2,13
31,2,15
37,1,3
41,3,14
37,3,21
42,1,27
41,0,7
41,0,38
43,4,29
36,1,2
27,1,8
36,0,27
42,0,5
43,1,32
39,0,40
45,3,20
42,1,7
48,0,17
44,0,9
29,1,16
41,3,26
46,2,25
45,2,31
43,1,11
47,2,30
34,1,3
42,1,31
47,1,19
45,2,21
31,0,18
26,0,2
35,2,13
45,1,18
42,1,12
46,2,23
48,2,30
37,1,19
30,2,16
40,1,26
36,0,3
40,2,26
39,1,23
35,1,17
31,0,2
48,3,27
46,2,27
38,2,17
38,2,9
42,2,12
29,0,10
45,2,43
43,2,19
41,0,30
43,2,13
35,0,0
30,2,8
41,1,8
48,3,26
36,3,17
48,2,44
31,1,8
35,0,21
32,1,19
46,3,41
33,1,5
42,1,36
37,1,7
41,2,24
44,1,40
28,1,2
45,2,19
38,1,7
39,2,12
43,0,10
40,2,21
29,0,19
40,0,41
27,0,15
43,0,43
48,3,41
37,0,9
46,3,45
48,3,42
39,2,8
42,2,29
21,0,1
32,3,13
48,2,48
37,0,3
38,0,32
37,2,23
29,0,1
30,1,3
28,1,12
36,1,4
38,0,24
32,1,15
28,1,10
31,1,17
26,0,10
27,0,8
48,4,39
44,0,43
47,3,31
44,4,35
34,3,5
42,2,23
42,1,29
45,2,20
36,0,4
40,0,4
36,1,3
41,2,12
22,0,0
43,1,38
25,0,2
42,1,14
46,2,33
27,0,12
35,1,18
34,1,2
46,2,44
36,2,20
41,1,13
38,2,16
44,2,14
43,0,37
46,0,43
29,0,14
28,0,13
48,0,23
37,1,25
47,2,25
29,1,2
27,0,10
41,0,11
39,0,29
32,2,9
43,2,29
37,2,15
30,1,18
28,0,19
47,1,42
42,0,34
40,2,22
37,2,10
40,0,28
35,2,6
32,2,15
42,0,9
48,1,18
48,1,17
48,3,40
43,2,22
42,2,20
46,2,17
42,2,21
44,0,8
43,2,40
34,2,15
36,2,8
45,1,22
48,2,21
32,2,3
40,2,13
45,4,34
43,1,42
37,2,16
46,3,24
37,1,22
28,0,2
47,2,22
41,3,25
44,1,9
40,2,24
45,1,41
41,1,28
42,2,26
42,1,33
36,0,25
41,2,32
47,4,40
43,3,20
22,0,3
34,1,19
31,0,1
48,1,46
40,0,7
47,4,36
33,1,3
46,0,11
33,2,3
40,0,40
46,1,16
31,1,0
44,3,36
24,0,6
27,1,11
40,2,25
26,0,13
46,3,28
45,1,37
43,1,35
36,2,10
46,1,46
