47,0,13
1,13,46
29,6,33
13,10,5
1,9,6
1,11,34
8,13,32
57,1,44
7,18,17
62,3,53
55,1,40
10,14,12
1,10,38
1,11,58
0,11,61
43,4,45
30,10,22
22,8,63
33,2,38
20,9,37
22,11,25
1,11,59
13,18,21
54,7,57
36,9,62
31,3,33
5,18,19
3,7,57
8,9,37
23,5,2
3,18,23
9,6,44
61,1,49
10,17,19
30,8,21
21,7,4
20,14,16
32,8,17
14,15,16
26,5,37
32,4,7
9,8,46
35,7,57
19,9,7
23,13,17
55,5,54
60,1,47
33,1,41
49,5,53
33,1,38
22,4,43
26,4,58
1,11,11
17,15,24
30,7,26
16,13,13
1,7,59
9,8,37
55,7,60
13,8,1
34,7,56
15,10,33
2,10,39
57,5,59
16,13,33
6,8,43
62,0,44
13,7,43
0,14,32
33,1,1
18,13,12
18,14,23
58,1,51
16,4,45
42,10,60
10,14,28
11,15,29
4,9,40
15,14,30
20,3,49
38,3,19
30,6,27
5,10,40
20,6,38
30,7,28
41,11,60
25,10,26
3,10,2
36,11,62
3,12,10
37,8,56
12,5,44
24,8,9
45,0,20
18,8,4
4,7,58
23,2,41
43,1,15
30,3,52
20,5,41
43,2,46
30,4,6
29,6,8
12,8,40
13,8,40
31,4,2
49,3,43
40,2,46
4,12,9
5,6,58
33,4,29
18,7,3
3,14,29
27,5,37
55,1,36
52,0,38
53,7,56
17,9,33
18,10,8
15,13,30
9,13,8
41,1,45
3,16,16
57,6,62
7,10,0
57,5,58
52,8,57
1,12,48
57,0,44
25,8,32
33,3,51
41,0,36
37,5,15
16,12,34
4,18,18
28,7,6
12,12,8
21,13,22
52,1,34
1,11,6
40,2,24
6,11,40
31,5,28
16,7,42
10,17,23
37,2,19
2,15,34
7,9,40
25,4,36
61,1,46
5,9,58
6,11,1
56,0,48
15,10,35
6,14,35
34,2,29
19,3,47
55,0,40
7,13,36
1,12,44
56,7,61
14,13,35
2,13,12
9,13,10
24,10,9
15,5,41
19,13,16
25,11,25
5,10,52
57,0,50
13,4,51
13,12,8
30,1,42
38,0,5
18,5,43
44,8,55
20,9,6
25,2,41
45,1,42
3,15,30
16,15,16
29,4,35
7,8,43
27,5,63
36,5,20
46,9,58
25,5,40
11,6,50
62,2,59
39,1,45
40,11,62
13,8,38
11,13,10
41,0,29
24,8,29
31,7,14
31,8,23
8,11,5
35,3,31
40,1,27
24,9,10
17,11,10
30,7,10
18,7,0
27,4,40
38,0,4
24,12,17
4,10,3
47,1,38
31,2,44
2,11,35
1,8,0
11,6,55
3,10,45
12,16,14
59,6,62
19,3,43
39,10,63
12,18,21
41,1,20
14,16,17
15,11,7
63,1,53
9,16,14
28,9,11
6,9,0
47,7,54
9,15,13
38,12,62
39,1,20
27,5,5
40,2,27
24,6,63
28,3,3
20,15,19
17,16,18
2,18,22
27,10,25
23,7,34
17,4,47
52,6,55
5,18,17
45,7,55
45,8,52
48,3,45
11,17,24
10,18,19
3,11,7
4,13,31
47,10,63
29,1,40
53,5,56
2,10,51
9,17,24
3,7,63
23,6,33
32,6,21
29,8,27
10,15,27
26,7,34
6,8,51
33,2,37
33,5,8
20,6,37
19,12,10
47,8,58
42,1,16
62,4,61
33,1,37
43,0,24
54,1,35
44,0,17
32,3,3
16,17,22
30,10,23
8,8,45
28,5,32
25,10,28
33,2,46
1,14,33
19,9,8
11,18,19
18,11,32
3,10,50
17,6,38
12,7,41
7,7,54
16,17,21
63,2,60
57,5,57
27,3,2
52,2,37
2,9,59
11,11,34
49,4,43
0,13,14
38,4,15
7,8,46
38,1,42
47,8,57
2,12,48
8,9,47
41,1,18
30,10,19
12,12,5
6,10,2
1,10,37
11,17,25
45,0,19
32,4,8
32,1,35
8,7,52
49,2,42
30,2,45
25,5,33
4,10,55
26,3,49
0,9,5
20,6,62
11,5,53
28,3,37
3,8,54
42,4,48
55,6,56
33,8,24
19,12,13
61,0,51
25,11,18
25,4,39
10,17,24
33,4,32
61,1,47
38,0,35
43,4,50
25,8,7
21,13,19
39,2,19
21,13,23
39,8,55
10,15,13
57,0,42
37,6,54
3,11,8
14,13,10
49,6,53
62,2,53
46,1,41
55,2,51
39,3,28
29,2,41
10,16,27
25,12,18
17,5,55
5,10,47
11,10,35
1,17,28
55,1,50
54,7,58
38,5,53
19,15,16
28,5,31
0,13,35
9,18,19
37,4,20
31,8,22
22,4,52
19,10,9
27,5,61
31,4,55
57,0,38
7,10,39
13,5,43
4,9,57
37,4,52
38,0,30
21,7,35
54,1,41
18,9,6
49,0,38
2,15,30
3,8,57
41,2,26
10,6,48
25,5,5
5,14,10
3,10,42
42,1,18
32,7,17
25,6,63
14,7,41
13,14,12
21,4,43
9,11,5
25,9,10
22,3,49
6,8,46
5,8,51
28,4,36
39,3,18
45,2,41
58,2,52
61,1,55
18,9,32
40,4,51
25,9,28
26,12,21
31,4,8
2,12,34
35,6,54
20,9,31
7,14,32
14,4,53
51,7,54
42,3,45
27,2,47
63,5,63
15,11,9
25,9,27
25,7,32
40,5,54
60,5,58
57,0,35
45,5,50
0,17,29
24,9,11
42,4,46
23,10,9
22,12,24
63,0,54
13,5,45
27,3,41
7,14,12
35,0,36
34,7,58
36,5,23
22,14,22
40,4,50
37,0,32
0,11,9
29,7,27
9,10,1
52,2,47
11,10,1
21,6,3
37,8,57
1,12,36
35,0,32
40,1,21
14,4,51
60,3,54
10,7,44
25,2,44
42,0,23
56,0,43
37,3,8
35,3,29
6,16,27
6,10,41
3,10,39
34,5,18
21,7,36
18,10,7
61,5,63
39,2,44
12,9,0
44,3,46
8,19,20
25,6,36
58,3,50
10,14,9
17,14,16
40,0,6
26,5,35
16,4,48
30,4,1
5,8,59
25,8,31
52,4,53
22,4,39
51,1,38
22,11,9
22,9,9
60,4,61
3,13,8
29,7,26
6,14,11
37,3,27
9,13,9
0,15,28
41,11,61
34,10,61
29,4,59
21,5,40
21,10,28
13,7,42
32,7,28
38,2,48
37,2,31
2,11,53
20,6,42
39,3,45
21,9,33
15,15,17
13,12,9
26,11,17
37,0,37
37,2,22
26,3,37
34,2,3
45,11,62
14,11,8
16,7,1
34,1,35
12,7,45
40,12,61
4,8,59
19,3,49
39,1,24
10,18,21
24,4,58
16,13,28
42,5,49
41,1,12
30,5,62
3,8,44
13,11,3
13,9,0
10,15,12
35,8,59
10,6,41
54,6,55
2,9,53
8,17,18
3,7,61
32,3,1
63,1,51
32,3,53
31,8,15
23,8,31
2,10,36
10,14,29
3,17,25
46,0,40
30,2,39
51,7,55
37,3,26
23,10,27
5,13,8
28,6,8
6,9,53
15,10,32
27,12,23
25,13,19
45,8,51
57,5,54
19,6,36
47,8,59
17,5,43
49,7,58
20,4,58
39,0,32
32,6,19
30,5,9
0,16,26
35,5,14
13,5,42
5,13,35
9,6,63
38,7,58
33,6,10
51,6,52
27,11,13
1,12,8
7,6,47
47,0,33
29,5,3
2,9,40
13,5,57
37,1,28
28,3,34
16,10,5
59,0,46
38,2,23
26,4,36
23,11,13
29,3,37
24,6,2
46,0,12
25,8,10
38,3,17
25,11,12
11,5,49
47,5,51
35,5,27
48,6,52
30,8,14
9,18,20
5,11,4
35,2,31
24,11,16
9,6,47
7,7,40
37,10,63
35,1,39
2,12,51
6,10,35
32,6,61
25,8,9
49,4,44
38,3,13
19,5,45
21,10,32
41,2,44
34,1,33
11,9,38
23,5,58
21,9,34
38,3,46
40,0,23
34,3,7
34,9,63
52,8,60
11,5,44
24,12,19
44,10,61
21,11,34
18,7,43
16,6,43
2,11,36
43,5,48
22,7,38
7,10,40
4,17,17
6,9,46
7,16,15
41,1,23
31,2,47
29,4,53
9,12,5
25,11,24
20,6,41
0,10,39
9,15,14
0,17,21
21,11,28
16,11,7
6,8,39
4,10,35
26,8,7
18,6,39
1,13,11
21,8,32
12,15,26
9,16,15
23,6,2
43,3,49
5,7,62
24,10,29
34,6,17
20,9,5
12,18,20
36,2,33
16,4,46
52,0,36
51,0,43
37,5,53
63,3,56
28,6,6
32,7,19
53,9,63
47,0,16
31,2,45
15,9,34
50,8,56
20,11,27
55,0,34
18,15,20
45,8,57
24,12,20
22,10,32
40,2,11
0,7,61
29,5,5
14,10,2
31,2,37
34,6,13
19,4,42
6,18,25
14,11,35
19,11,12
3,14,34
53,5,55
5,7,59
1,15,12
51,3,45
5,10,53
28,7,27
1,14,10
51,9,61
12,10,0
23,7,2
42,2,43
10,8,40
10,6,52
55,2,44
13,17,23
14,5,41
17,12,33
11,13,6
7,10,35
56,0,34
21,12,11
52,2,45
47,4,44
35,4,52
10,12,32
11,16,15
22,3,40
13,7,40
13,13,35
5,18,22
59,1,50
36,4,19
31,9,15
0,10,58
9,10,4
11,13,9
49,4,50
24,7,32
0,11,36
9,8,45
38,1,29
34,7,18
4,10,43
2,10,44
33,7,12
28,9,22
36,3,11
6,16,14
29,5,59
31,8,18
15,17,23
22,8,33
24,5,58
22,14,18
22,5,41
33,5,28
38,10,58
61,7,63
60,1,54
44,10,59
1,15,16
11,8,0
41,2,18
22,5,61
9,11,2
40,2,45
29,8,24
31,7,27
63,3,57
30,9,17
12,16,25
25,6,35
41,7,56
38,3,9
57,4,58
44,1,15
31,4,6
44,2,42
9,6,62
31,3,51
5,11,2
41,3,47
8,9,45
36,3,26
41,0,28
34,7,60
35,4,8
38,3,49
9,13,6
45,8,53
7,9,43
22,12,28
21,10,8
14,5,47
29,2,0
14,8,2
50,10,63
4,15,13
10,12,31
24,4,39
3,13,7
47,8,56
63,3,54
31,3,1
29,6,29
29,2,44
41,10,60
21,8,37
53,2,44
17,6,39
2,10,3
23,12,23
29,10,21
34,4,28
3,11,42
29,5,62
8,16,13
1,11,42
11,11,32
11,17,21
18,6,41
5,16,26
2,8,62
8,12,6
9,5,55
12,6,40
45,3,43
45,9,57
27,5,40
19,15,24
39,1,3
0,13,49
53,0,45
8,15,27
43,0,16
56,1,45
4,10,51
59,3,57
39,0,3
53,8,63
41,2,19
54,2,46
7,12,7
61,0,45
50,1,34
26,5,40
14,4,47
29,4,54
26,11,25
14,16,24
1,11,45
63,2,56
63,4,60
20,8,35
3,14,13
31,3,4
8,15,28
10,16,28
17,13,10
40,2,16
45,7,53
22,8,4
20,6,40
19,3,48
35,7,58
28,3,51
51,2,45
44,0,38
3,7,58
8,13,36
17,11,8
7,12,34
51,8,58
21,3,51
17,10,5
34,2,35
39,0,25
36,4,12
35,3,26
18,4,50
1,14,12
12,7,46
8,16,25
25,3,46
41,0,42
2,10,57
37,10,61
23,11,15
22,6,4
63,0,52
10,16,15
0,10,56
46,1,39
9,17,16
40,5,52
45,3,42
60,4,59
13,8,43
41,4,49
53,6,57
18,4,44
11,13,34
31,5,62
21,13,21
13,14,13
16,10,4
37,1,44
46,2,41
24,11,11
54,2,51
39,1,30
18,10,32
18,13,15
0,11,53
32,3,51
35,3,10
45,8,56
21,9,7
52,5,54
7,9,42
0,10,7
29,8,16
4,12,7
33,3,28
3,17,17
39,3,21
8,10,3
60,2,53
52,3,45
19,13,25
25,12,17
6,7,42
53,3,53
26,5,3
26,4,35
31,4,56
30,8,25
62,6,63
29,6,32
0,11,44
11,17,20
31,1,36
37,2,6
46,5,49
38,4,50
20,11,31
8,12,37
58,0,50
43,1,42
34,6,24
42,10,59
30,2,2
32,8,63
47,1,37
7,7,61
5,14,30
7,11,33
39,2,27
12,11,37
43,7,51
3,8,47
5,7,45
12,6,52
26,9,25
60,2,51
20,11,29
0,11,46
60,1,53
42,1,25
38,1,45
56,5,56
24,5,41
44,0,39
4,15,11
24,5,4
15,14,10
57,1,49
10,7,62
57,5,61
21,12,16
4,8,49
10,13,10
28,10,20
2,12,54
15,12,30
40,8,53
21,3,47
42,1,11
50,2,38
28,6,30
10,6,47
8,15,32
1,12,46
9,7,48
23,8,34
24,5,1
18,4,55
56,3,53
31,1,41
8,7,49
5,12,34
37,2,46
27,7,31
24,7,6
23,8,4
20,3,47
17,14,14
2,10,1
25,11,19
31,3,3
32,1,1
60,0,48
0,14,14
32,6,26
52,5,55
17,16,20
0,11,49
30,4,58
2,10,41
17,9,3
3,12,34
8,13,31
11,5,55
42,5,51
14,7,42
16,4,47
38,6,53
18,8,5
27,8,8
34,6,27
11,11,5
61,2,56
2,10,2
38,3,11
33,3,32
1,18,19
14,5,42
49,9,62
33,5,30
3,19,22
20,10,30
51,2,38
20,4,49
5,8,48
46,0,19
30,4,34
17,4,51
37,2,48
9,6,49
22,11,28
28,8,30
9,7,63
41,1,26
63,3,58
22,3,52
34,1,42
35,2,2
33,1,0
7,15,27
37,7,58
36,6,55
33,5,55
6,6,60
33,7,21
3,14,35
7,6,56
13,6,61
10,6,55
4,9,47
1,13,31
14,6,48
44,8,57
45,6,52
42,9,57
30,1,41
23,6,4
11,16,14
26,2,40
30,4,52
23,11,12
37,2,24
4,15,29
45,5,48
1,16,26
4,8,39
22,9,8
31,6,13
53,1,38
28,3,47
3,8,55
44,3,48
7,17,18
11,11,37
26,4,42
34,3,52
24,5,63
0,18,25
37,10,62
32,6,10
11,8,43
9,13,32
49,2,38
4,13,33
49,1,38
16,13,12
14,5,54
5,12,32
33,2,35
38,0,36
24,8,35
0,12,55
29,5,37
37,3,52
59,3,58
3,16,28
46,1,35
56,6,58
60,0,52
56,8,61
4,11,34
20,4,45
9,16,13
44,1,18
29,3,47
35,9,59
55,5,58
10,17,16
20,8,2
20,5,62
30,9,15
10,12,6
39,1,9
35,8,58
38,4,21
43,0,26
34,7,15
4,7,57
61,5,62
17,4,49
26,10,27
13,10,33
35,5,13
3,10,4
19,14,24
21,13,15
52,6,56
33,7,22
1,9,60
34,4,32
54,2,52
11,16,25
25,10,12
17,5,56
34,5,20
46,1,43
20,10,34
1,12,33
35,2,48
61,5,61
29,4,4
3,8,1
32,3,35
5,18,21
9,10,35
3,10,1
58,0,42
23,8,8
41,1,9
11,14,12
38,1,24
40,1,23
2,9,61
28,4,33
1,14,14
37,3,14
13,5,47
4,11,38
31,3,31
20,8,32
30,7,8
3,12,8
3,9,57
21,6,41
30,6,8
7,13,6
15,9,36
36,4,24
19,14,22
22,13,20
20,14,15
25,2,46
34,1,32
39,2,21
37,3,29
49,0,35
2,12,53
2,19,22
5,11,5
19,9,5
4,9,44
54,6,57
14,5,46
40,1,43
10,7,53
49,1,43
12,14,12
28,2,36
43,8,54
41,0,41
35,5,19
0,12,9
15,6,49
15,12,8
4,14,9
53,6,54
42,2,16
10,9,37
2,9,47
19,11,10
44,1,17
48,4,48
11,8,39
37,11,62
20,10,9
7,14,9
51,1,39
10,10,0
17,11,31
29,10,19
29,8,23
2,11,47
14,12,5
2,14,35
30,6,12
6,11,37
52,5,49
56,7,59
12,10,33
8,10,34
1,15,30
58,0,35
57,2,47
46,2,38
39,4,45
40,4,15
48,2,42
11,15,11
4,13,9
40,1,28
34,2,5
2,12,9
2,10,50
46,1,42
17,4,46
17,10,8
19,4,55
38,9,61
8,7,55
5,9,51
23,9,31
36,3,21
29,2,40
25,5,63
7,18,21
13,14,9
10,11,2
7,19,19
38,2,11
13,16,27
51,4,52
37,1,45
16,9,34
7,9,53
11,12,34
9,12,7
59,5,57
6,9,37
25,4,53
37,0,31
10,11,1
14,5,57
11,10,3
4,11,36
14,12,10
32,8,16
42,1,41
13,4,47
24,11,23
31,6,7
1,10,40
8,10,40
3,18,22
41,12,61
20,9,8
26,5,63
46,6,48
35,4,53
26,12,18
38,3,51
13,6,60
48,0,35
32,2,2
26,9,26
32,1,39
33,8,17
42,3,48
37,5,54
24,4,42
47,1,36
33,2,1
39,1,41
38,11,61
13,8,39
15,13,29
31,7,28
8,7,47
19,12,30
20,5,57
26,3,40
58,6,59
6,8,45
4,8,0
18,6,42
26,6,36
28,9,24
17,11,7
37,1,1
53,2,48
2,12,4
41,2,27
5,15,31
26,12,17
28,5,60
19,13,27
55,6,61
9,8,53
30,8,20
15,15,15
63,3,62
44,10,62
4,9,59
36,0,33
14,5,49
24,7,31
11,18,22
37,0,34
27,9,24
37,5,18
34,6,20
11,13,31
48,0,38
43,1,44
39,5,52
38,2,5
8,6,53
37,3,20
15,7,41
4,13,7
6,12,32
9,18,22
55,0,39
28,4,54
7,14,29
33,6,16
16,6,62
18,4,43
13,14,10
6,6,59
57,1,48
11,14,31
7,7,48
55,3,54
31,3,34
7,9,46
17,7,37
17,8,37
55,3,50
19,6,38
54,7,60
38,0,3
21,4,54
19,15,17
18,5,58
30,6,9
55,3,48
2,17,17
15,5,49
33,7,16
28,9,27
33,7,59
37,7,54
3,17,28
36,2,44
52,0,41
6,10,37
23,4,46
12,17,15
4,19,20
33,0,35
0,13,31
13,12,36
42,3,43
12,18,22
17,10,31
34,7,22
26,10,24
27,7,5
34,2,34
21,8,2
16,5,41
48,4,47
54,2,43
31,2,42
0,8,59
45,2,43
30,2,36
27,9,10
33,3,3
7,15,13
44,0,23
40,8,56
29,2,46
1,10,1
48,9,60
21,9,32
27,6,63
16,5,61
47,7,56
27,4,55
3,15,31
40,3,17
32,3,33
30,7,13
5,10,4
1,11,55
27,5,32
37,1,7
23,7,1
8,6,57
36,4,10
31,1,42
1,13,14
58,3,56
23,13,22
46,3,41
5,10,48
2,17,25
38,4,22
50,7,57
5,9,59
38,1,44
17,7,38
0,10,3
38,5,16
34,5,16
1,9,55
22,10,31
25,5,57
26,6,6
63,2,54
56,3,51
12,17,17
49,1,36
32,3,31
5,14,11
38,2,28
33,1,39
24,3,41
36,4,27
48,3,41
55,7,61
5,8,0
6,18,17
10,7,46
16,11,34
27,4,57
30,9,23
37,9,57
36,3,10
3,11,6
15,5,46
20,7,3
23,11,11
3,9,37
14,5,50
6,11,34
49,8,58
1,13,9
16,9,35
46,9,59
28,3,39
12,6,44
52,7,56
6,10,46
44,3,42
0,14,13
29,6,31
13,10,2
28,2,42
26,2,39
34,7,57
36,2,5
34,3,8
38,2,6
6,18,21
26,4,53
32,5,58
8,8,52
9,14,12
27,7,9
2,18,19
29,10,17
49,4,47
57,2,51
45,0,38
12,13,8
19,5,62
46,11,63
28,6,32
6,7,44
53,4,49
10,7,48
16,6,42
4,14,11
22,7,63
1,13,47
6,9,38
1,11,3
53,0,43
41,2,24
23,12,27
31,2,39
2,11,9
56,6,56
19,13,24
13,11,35
51,7,53
5,6,59
7,9,44
13,9,35
48,0,34
42,1,14
9,8,39
34,8,62
28,6,4
38,2,46
33,5,11
36,0,3
35,5,23
29,3,50
51,1,37
21,11,27
13,16,14
8,8,53
18,8,39
62,3,60
8,7,62
44,11,63
22,13,21
16,15,15
62,6,62
26,5,59
6,17,24
23,3,40
19,14,14
8,10,38
33,5,14
40,1,18
8,13,10
23,6,38
35,0,0
6,17,15
56,0,44
0,7,0
13,16,15
8,11,2
50,1,41
20,5,56
62,2,55
34,7,16
20,11,10
38,4,14
10,8,43
11,14,8
10,11,34
37,4,23
28,8,14
40,10,59
10,7,49
48,7,56
0,11,43
44,4,50
42,0,17
24,3,53
20,13,15
38,9,58
11,15,32
31,6,27
26,7,4
30,2,47
40,2,47
10,11,36
17,9,35
36,10,61
57,2,50
10,6,42
35,4,24
15,10,7
23,6,40
39,10,60
34,2,0
46,3,45
11,12,7
42,1,9
24,5,0
39,3,22
59,4,60
28,3,52
5,18,20
13,15,31
28,10,22
16,16,21
22,4,59
42,1,29
10,5,48
24,5,3
54,0,40
31,4,3
11,6,61
51,7,59
0,14,53
15,9,1
25,5,38
8,7,54
31,3,52
62,3,61
47,9,60
25,12,22
9,7,62
34,1,41
44,7,51
40,2,26
58,4,55
2,7,62
45,10,59
41,4,46
44,4,46
2,10,38
30,3,48
24,5,61
39,0,7
9,6,55
40,1,26
17,7,2
22,4,38
47,6,53
19,9,34
12,9,3
27,5,4
27,9,11
8,15,13
7,10,2
54,8,60
29,8,28
8,7,39
39,1,40
7,11,2
44,4,47
22,5,57
34,3,27
34,0,33
21,9,4
45,1,37
16,12,8
1,9,58
16,5,48
37,0,1
33,9,62
32,3,7
7,18,16
4,6,58
12,6,43
24,3,49
20,10,33
13,16,24
36,5,26
45,4,48
50,7,58
13,10,3
13,12,34
47,1,42
0,9,7
25,3,0
61,1,52
42,0,30
41,1,28
36,5,13
41,10,61
10,6,63
38,2,7
22,13,25
13,5,55
27,7,8
1,10,44
35,2,50
48,9,61
31,4,33
32,1,37
44,0,20
22,14,23
10,5,56
45,7,54
10,9,39
36,1,4
40,0,7
13,5,51
8,14,12
21,6,40
20,7,38
34,4,53
17,13,26
34,3,31
39,6,53
24,5,60
35,7,62
54,7,61
40,4,52
14,5,55
31,2,0
22,12,16
50,0,38
10,13,6
28,6,7
36,2,8
34,6,23
19,8,4
46,5,50
13,14,11
26,8,8
7,7,44
35,7,59
4,7,55
26,8,11
35,5,12
14,16,19
32,4,29
18,12,30
13,17,17
3,18,25
59,6,59
46,10,60
36,6,19
61,2,51
27,4,2
12,9,40
31,3,5
25,3,53
50,3,47
31,7,9
8,7,41
32,2,33
28,5,5
57,2,49
56,1,47
1,9,3
10,13,9
17,13,12
15,8,36
34,6,22
32,1,40
61,2,57
21,14,18
11,15,31
52,1,36
17,7,41
32,9,17
48,8,57
40,0,28
39,11,63
15,14,11
10,5,50
61,0,48
13,4,48
24,12,22
35,3,32
26,11,19
23,14,19
43,0,37
36,7,56
29,5,36
16,15,19
35,0,38
6,7,55
59,0,47
14,16,25
31,7,26
57,2,46
16,7,39
2,16,18
11,9,40
34,3,49
5,7,44
16,11,9
6,9,47
18,6,63
55,4,51
49,2,37
33,7,60
10,13,5
28,4,53
5,14,34
2,14,15
24,4,2
29,4,2
15,7,0
52,2,38
4,14,13
18,7,2
47,1,35
2,12,45
27,5,33
36,7,57
5,17,18
33,2,2
49,2,45
23,10,12
17,4,43
18,13,26
40,0,40
5,7,63
8,19,22
24,11,29
16,11,6
3,11,37
4,10,41
24,9,29
19,7,35
31,9,19
6,11,4
37,0,3
35,5,24
22,13,14
7,7,53
21,5,59
20,11,28
18,13,29
62,1,49
60,1,46
1,16,29
18,6,40
54,0,44
9,9,0
48,0,37
18,11,11
36,5,10
27,4,0
37,3,18
51,1,43
24,3,46
13,9,38
16,8,0
29,5,35
29,2,36
18,11,8
21,5,62
25,10,25
15,4,54
33,9,61
43,1,41
41,7,54
53,4,50
26,10,13
7,7,42
12,16,16
54,3,45
28,9,14
16,16,20
28,3,35
22,4,50
19,8,37
1,10,53
35,6,20
8,13,5
46,4,46
4,16,16
27,6,6
4,9,50
32,2,4
58,1,52
29,5,63
32,8,22
15,6,43
25,6,3
37,0,4
35,6,26
58,3,53
45,10,61
53,7,59
36,5,21
9,8,47
27,10,13
9,11,34
62,3,56
11,13,7
18,15,16
43,0,28
26,5,58
34,1,2
3,9,2
17,11,29
34,2,45
3,11,2
19,13,17
28,6,34
3,15,12
1,10,54
12,12,34
33,8,16
0,18,23
1,17,20
5,10,36
38,3,30
18,14,19
1,8,56
40,2,13
36,3,51
26,7,29
50,2,39
13,5,60
13,18,20
19,13,11
27,6,35
22,5,38
21,5,43
5,16,15
2,9,60
24,6,4
46,3,40
35,4,14
11,6,48
37,1,47
37,2,33
24,3,0
15,12,11
18,5,42
21,4,49
34,1,45
14,11,31
33,3,8
38,3,48
50,1,44
38,8,57
42,11,61
55,1,45
53,2,40
13,6,59
15,12,7
5,15,10
28,4,58
48,5,51
36,2,34
21,7,37
25,4,0
9,7,55
34,1,40
33,6,25
0,13,50
50,2,41
21,5,39
39,5,54
16,13,30
1,9,59
21,12,28
37,4,19
4,15,14
19,10,7
8,16,29
40,1,41
0,10,41
4,8,47
31,5,57
21,6,36
49,0,33
18,5,62
10,14,33
45,7,51
60,0,43
13,6,63
4,8,55
9,6,48
13,17,24
5,18,23
28,10,16
54,2,47
33,6,19
43,0,14
18,9,3
52,3,44
29,2,1
44,4,49
18,3,46
15,9,2
39,4,50
17,14,26
17,11,30
27,4,36
20,12,26
36,1,34
15,15,14
14,6,42
18,15,21
15,16,23
22,7,35
16,8,39
55,0,36
20,12,10
61,0,49
30,3,36
7,10,36
35,5,9
38,1,22
3,9,44
40,1,10
6,8,55
6,16,25
56,3,54
16,9,3
33,8,18
15,7,38
22,8,6
53,7,61
26,5,2
6,15,28
45,1,40
50,1,39
27,7,29
2,8,57
24,8,32
14,17,19
33,6,13
35,6,58
45,3,46
55,4,55
1,11,46
10,10,3
8,11,34
0,17,22
50,6,56
23,7,38
19,3,42
17,8,63
25,7,36
40,10,62
25,3,51
8,10,1
43,1,24
21,4,58
39,2,25
58,5,59
63,0,53
61,3,53
15,5,58
30,4,37
0,10,57
0,8,4
28,4,34
44,5,46
10,16,25
0,13,33
35,8,61
55,1,43
33,1,2
26,7,5
32,5,29
2,16,15
20,9,9
24,6,6
13,14,14
43,0,15
36,5,11
2,8,2
1,11,38
57,4,52
60,0,47
18,3,48
32,4,34
20,12,12
6,7,49
54,0,35
26,2,41
12,7,47
37,0,35
4,11,40
12,6,59
34,1,34
11,18,20
2,17,19
53,3,47
2,9,43
32,1,44
14,7,0
1,17,29
6,19,22
3,10,36
14,5,58
16,12,29
46,7,50
14,16,23
4,9,45
28,4,39
32,6,62
22,10,33
0,11,54
38,1,6
15,6,42
62,3,57
59,2,50
31,4,5
26,9,11
1,11,49
26,4,1
38,1,2
23,5,1
38,0,37
53,0,41
24,11,28
55,3,49
41,0,20
11,7,42
6,18,18
35,5,22
14,9,36
0,11,47
40,3,12
19,15,18
32,7,11
5,13,7
36,3,8
51,3,47
23,8,6
17,5,62
16,16,18
20,5,44
30,8,16
52,1,38
16,10,33
8,13,9
44,0,18
16,5,62
52,0,34
21,5,63
20,11,9
43,2,16
13,10,34
10,13,31
36,2,29
1,18,25
20,9,4
31,9,16
63,3,55
28,7,10
13,11,32
4,9,56
13,12,33
42,7,56
47,7,55
11,11,33
1,10,36
62,4,56
32,2,44
16,14,26
21,6,2
9,11,3
20,4,39
49,4,49
23,12,16
27,11,16
61,0,46
16,7,40
12,17,24
23,12,14
25,7,30
39,3,14
20,6,2
41,12,62
18,12,13
39,0,31
5,10,45
38,1,26
12,16,18
41,2,22
3,16,15
41,0,4
24,6,39
13,6,44
6,7,60
29,10,13
3,10,57
4,11,49
0,14,51
8,12,8
8,9,53
6,12,8
34,3,28
0,15,29
32,8,13
37,4,8
63,2,53
24,13,17
1,11,53
1,15,17
46,7,51
2,10,55
5,7,47
32,5,60
11,13,33
39,2,20
38,1,10
22,12,14
29,7,11
13,18,22
41,6,51
1,11,48
6,7,46
20,3,44
52,3,51
31,3,36
22,10,13
33,2,48
29,5,58
49,7,55
0,16,19
60,6,60
7,17,24
38,1,39
13,12,31
48,1,35
11,6,60
36,3,12
16,14,25
33,8,61
23,9,32
55,0,37
5,10,2
23,6,36
36,1,6
16,4,52
12,7,43
21,12,12
60,2,56
19,9,4
20,8,38
39,2,45
13,9,3
43,2,15
26,6,34
38,10,62
30,2,42
61,1,53
4,9,2
44,7,50
30,6,63
13,14,28
8,16,27
1,11,44
18,14,25
45,0,11
29,1,41
31,3,0
18,13,25
42,0,8
44,6,52
49,1,35
26,5,39
47,2,38
5,16,16
52,1,44
10,15,28
54,0,36
23,7,5
2,12,46
21,12,26
62,3,55
15,5,59
19,5,41
42,1,15
12,8,37
28,10,14
43,1,10
24,5,62
19,7,39
32,6,11
7,13,32
32,5,57
56,5,59
24,13,19
27,4,37
40,7,57
8,7,60
33,6,20
1,11,10
36,2,6
59,7,63
19,5,57
19,13,14
14,5,59
60,3,53
46,0,36
41,0,5
39,3,44
58,7,60
33,4,5
16,15,24
7,11,5
34,2,46
21,13,27
34,8,60
55,4,56
14,6,61
43,5,49
30,3,2
26,5,57
17,5,46
4,9,41
20,9,33
26,3,0
12,16,17
43,1,26
54,4,55
18,14,13
7,6,59
6,10,36
1,7,60
5,8,40
7,16,14
15,17,20
63,0,47
26,12,23
18,4,56
3,11,51
7,8,52
35,4,12
54,3,46
27,5,57
27,8,11
42,3,47
7,7,50
42,7,52
9,14,10
46,5,47
25,5,34
38,3,8
42,1,27
43,3,42
11,17,18
63,0,51
7,16,16
43,5,46
31,6,29
3,16,14
23,7,37
56,1,44
59,0,42
50,3,42
39,1,32
23,11,16
33,4,52
1,10,52
20,7,62
30,4,30
54,3,49
44,7,53
47,3,44
49,0,40
30,6,26
36,12,63
39,0,9
36,4,7
5,8,45
21,9,9
25,5,37
34,1,37
31,7,23
23,6,35
4,7,63
18,12,29
40,3,13
22,12,27
11,15,14
10,5,53
31,2,3
62,4,58
6,14,29
42,2,44
28,3,38
55,1,38
26,7,9
17,15,22
42,0,10
38,2,49
27,10,24
43,0,17
1,13,10
17,9,36
22,6,35
55,1,49
52,1,37
39,3,50
34,4,29
12,6,63
1,11,5
26,10,22
20,13,26
12,12,31
26,7,6
35,9,60
48,8,58
42,0,39
30,1,40
32,4,32
10,9,38
63,1,50
49,1,42
33,5,22
41,2,14
46,9,60
34,2,49
14,15,15
39,1,4
42,8,54
3,9,54
15,7,44
9,11,33
39,2,31
19,10,32
24,11,17
18,11,30
40,2,17
2,11,43
37,4,17
14,15,27
23,8,33
22,4,0
24,6,33
39,2,11
40,0,33
23,10,31
56,7,63
19,4,51
30,8,22
7,11,4
15,6,62
18,6,43
13,6,50
0,15,16
19,8,38
14,10,35
10,18,23
27,4,4
15,10,34
7,10,46
12,13,30
37,3,46
15,11,32
22,3,51
27,4,39
17,12,9
8,13,6
37,5,55
5,17,24
23,4,0
22,7,1
37,3,24
7,12,33
3,11,56
30,5,3
35,2,47
29,5,57
26,9,24
35,1,30
4,13,35
58,2,48
39,7,56
34,7,61
3,10,53
60,4,55
11,7,44
9,6,57
45,0,9
9,13,7
19,13,29
6,8,50
7,10,38
26,9,10
38,4,28
8,9,40
26,8,6
3,13,9
31,9,21
3,12,5
6,10,3
42,1,44
38,1,3
15,4,44
17,5,57
19,14,23
20,7,40
30,8,24
42,9,56
2,11,8
52,5,56
15,7,42
35,1,33
13,9,2
20,14,20
4,18,22
12,7,44
11,12,31
3,11,54
30,6,10
1,11,47
39,2,30
39,9,60
0,13,52
56,4,57
39,1,19
0,9,3
11,6,57
7,9,47
3,9,56
18,6,44
16,5,56
23,12,22
18,13,28
39,3,12
35,2,3
60,3,56
33,5,6
40,1,46
33,4,54
0,13,54
26,9,13
39,11,60
10,13,8
30,4,36
27,7,10
32,5,59
42,9,58
61,3,59
26,10,26
47,10,60
61,6,61
28,5,2
44,6,51
53,3,46
12,14,11
34,1,36
4,7,59
33,1,42
34,5,19
42,0,21
28,5,38
29,3,46
15,5,56
7,8,55
41,6,52
35,6,15
41,1,17
40,1,24
21,8,4
50,2,42
5,10,43
41,0,8
23,4,59
19,9,32
51,0,37
21,13,13
3,8,0
12,10,3
43,0,11
34,5,15
1,11,54
27,10,20
57,3,51
7,14,11
37,8,60
0,11,59
7,10,44
40,2,44
18,13,11
53,3,51
9,11,1
19,10,34
14,8,39
15,7,1
38,11,59
52,8,59
1,9,54
18,5,45
32,5,61
52,8,61
55,0,31
28,2,48
3,16,29
30,7,15
15,13,13
17,14,28
48,2,40
43,9,53
27,12,22
51,9,60
4,19,21
6,8,38
53,2,42
33,0,37
23,8,38
14,15,13
51,2,44
36,4,22
42,5,53
50,6,57
32,4,56
28,8,25
17,15,18
14,16,20
28,6,33
22,3,43
27,8,29
2,17,26
3,11,44
44,4,45
28,9,23
2,18,23
46,0,35
24,4,56
31,3,50
18,8,35
1,14,31
28,11,18
20,5,42
58,6,60
34,5,21
40,2,10
51,8,56
50,9,62
25,7,5
17,4,42
32,5,9
11,17,23
23,7,6
1,8,2
59,2,48
40,2,49
29,4,32
60,3,57
28,9,25
50,5,52
25,5,35
31,6,62
3,10,41
21,4,44
14,12,8
22,11,27
32,4,28
43,2,12
57,3,56
39,7,57
0,12,34
26,6,63
0,17,26
38,2,22
0,12,10
0,13,32
24,5,38
32,3,4
34,4,31
44,0,11
45,0,17
12,10,5
25,12,21
48,4,45
55,6,60
30,2,44
29,9,17
38,8,55
8,8,48
14,10,34
1,9,2
3,14,31
22,4,55
38,0,39
32,2,34
18,7,37
39,3,16
8,9,38
37,2,32
18,9,35
17,5,45
19,15,22
20,4,43
43,3,47
23,10,10
1,12,34
31,5,56
40,1,6
10,17,25
37,0,39
16,14,14
38,11,62
5,9,36
20,4,41
8,6,45
49,0,36
35,9,63
53,7,58
5,17,17
4,11,2
0,16,18
34,3,6
30,3,37
54,1,48
7,8,50
2,9,52
37,9,62
6,6,57
19,9,36
39,3,27
36,7,58
51,1,41
18,16,20
61,5,58
5,11,36
59,5,63
62,3,62
16,14,11
15,5,52
37,2,45
11,16,17
7,16,25
29,2,2
11,9,35
2,18,21
52,9,62
0,10,5
42,5,50
2,18,20
15,14,28
21,4,51
39,3,17
33,5,27
4,12,5
3,13,32
30,2,46
48,4,44
38,4,24
22,13,22
34,5,30
8,10,2
10,5,46
9,16,25
45,1,16
37,0,2
21,12,15
52,4,48
39,2,23
37,4,29
16,12,7
26,8,9
60,1,52
28,9,20
8,11,36
23,11,24
53,1,37
5,9,0
23,7,32
29,4,52
25,7,7
0,9,62
6,9,50
20,5,40
17,6,42
15,12,31
35,2,46
4,11,3
31,7,16
55,7,58
38,4,51
28,4,55
25,7,33
15,12,29
29,8,11
45,0,40
10,18,22
12,5,52
7,18,23
5,10,44
14,11,5
27,3,46
41,0,25
14,4,52
20,11,13
20,3,43
3,10,5
13,16,26
32,2,47
26,4,57
39,5,53
37,3,10
8,7,53
63,1,56
30,8,13
43,7,52
7,15,33
26,7,33
13,15,28
22,4,40
28,11,20
36,9,58
8,9,36
29,9,23
52,0,43
33,7,23
31,7,24
37,2,8
24,9,33
5,13,34
19,7,40
35,4,30
31,7,63
62,3,59
25,11,13
29,3,38
34,5,28
36,3,7
18,7,1
26,4,40
9,7,51
53,1,42
40,0,35
52,5,52
7,13,31
14,15,29
25,12,24
2,10,47
17,9,2
4,10,4
29,8,12
39,3,49
40,0,26
24,12,26
1,7,58
4,14,14
51,3,48
54,0,46
1,13,36
4,12,35
55,1,47
45,1,39
41,0,40
19,12,12
14,9,39
11,9,39
0,11,38
14,6,45
9,13,30
38,1,9
40,7,52
10,14,30
51,10,63
43,1,14
17,6,41
28,11,21
4,11,1
21,10,33
53,0,36
4,16,27
38,2,26
53,2,46
1,10,2
0,8,0
36,10,60
17,6,44
27,9,26
27,7,32
18,5,57
61,2,54
7,15,28
14,15,17
24,4,0
52,7,58
7,13,30
62,1,51
2,17,20
9,18,18
10,17,15
44,3,45
19,8,39
38,2,29
26,2,47
6,6,58
34,1,44
12,13,29
20,5,60
10,5,49
21,3,44
27,3,49
5,13,9
11,9,42
17,13,28
11,14,32
48,5,49
31,2,33
11,6,44
25,6,0
22,10,9
9,9,39
37,3,25
4,18,17
55,3,51
26,11,22
61,1,54
8,6,56
40,0,42
21,4,59
62,2,51
30,2,34
35,1,45
40,0,39
0,11,60
14,9,0
5,13,10
34,3,53
43,3,43
34,7,20
10,8,44
17,4,54
33,1,32
7,12,6
0,10,42
39,3,19
22,10,27
58,3,54
28,9,21
43,7,53
2,15,13
1,10,61
5,8,53
10,12,5
41,2,13
9,7,47
4,9,1
53,1,35
19,6,0
51,1,45
35,1,3
20,10,29
59,4,58
3,13,31
21,6,39
11,10,37
30,4,4
59,4,56
19,11,30
36,5,53
12,9,38
2,12,10
34,0,34
25,9,26
36,3,22
15,5,47
44,9,58
36,4,29
41,0,19
14,6,63
4,8,43
37,3,13
16,15,30
11,8,41
34,6,59
47,0,18
51,5,47
63,4,56
22,6,36
6,16,13
22,5,42
12,6,53
48,6,55
36,1,7
0,11,51
2,10,54
54,0,42
32,9,18
5,9,46
11,7,40
0,9,56
7,14,8
2,15,31
3,11,36
1,11,36
37,1,8
5,8,39
43,5,51
19,8,33
30,6,5
37,1,34
27,11,14
13,4,50
1,8,59
46,8,56
24,7,3
20,3,50
19,9,3
29,3,34
4,10,46
8,18,21
33,8,23
1,8,62
27,3,51
4,15,30
28,5,62
18,14,27
53,7,57
42,2,18
5,10,42
51,5,53
26,4,52
63,1,52
8,6,54
35,2,44
7,6,61
46,6,52
7,7,46
61,4,61
5,8,41
10,7,41
60,0,46
16,15,25
18,13,30
15,10,3
56,3,52
16,15,18
38,1,33
37,3,51
35,4,7
10,9,1
40,11,61
16,15,13
36,5,22
23,4,51
34,4,9
16,14,27
50,0,40
9,7,39
37,1,40
36,4,15
9,13,31
47,0,40
5,9,55
2,17,27
0,11,56
62,4,62
4,11,47
62,0,46
23,3,45
7,9,38
10,5,55
26,11,20
9,10,39
61,3,56
50,0,34
7,7,51
15,13,27
29,9,22
56,0,39
0,19,24
2,8,63
51,1,35
30,3,32
35,7,56
33,5,29
10,9,41
2,15,16
62,4,59
51,2,36
0,13,45
39,2,47
42,0,41
22,5,40
32,4,55
2,11,52
14,8,0
27,3,53
24,4,55
10,10,35
31,7,22
17,9,5
35,0,34
0,10,53
9,7,46
1,10,58
10,11,4
27,9,14
4,7,56
46,0,16
22,9,34
4,15,31
33,3,7
12,10,1
51,4,48
33,6,60
42,0,22
14,16,18
32,2,49
16,8,3
22,10,12
57,3,55
1,10,45
36,11,61
44,2,41
40,5,51
23,8,7
49,6,54
27,2,43
34,7,55
15,16,22
39,7,54
12,14,30
23,3,48
35,2,1
36,1,33
15,4,51
47,0,37
44,1,39
39,4,14
38,9,57
37,3,15
24,8,10
24,8,5
4,10,56
27,8,26
42,0,7
3,11,55
5,9,49
32,5,6
18,16,18
1,8,61
41,1,6
58,0,47
30,6,62
3,17,20
6,14,31
52,1,40
37,5,17
62,0,49
2,9,41
4,10,38
50,2,43
3,11,47
0,12,13
30,4,31
31,7,17
37,4,25
41,7,55
42,2,15
36,0,32
37,9,58
22,8,8
1,7,61
49,0,37
54,3,47
39,3,46
24,6,35
12,17,22
26,6,31
21,3,40
9,12,32
25,5,4
21,4,41
7,7,56
60,0,49
31,4,4
27,6,31
34,2,47
24,4,36
32,4,30
23,9,34
5,15,29
25,4,37
41,0,26
28,4,57
1,13,34
17,14,15
57,3,50
26,3,52
35,2,28
53,0,39
14,14,28
60,2,54
30,2,1
27,11,15
21,4,53
25,10,29
34,6,56
21,4,57
4,12,34
33,5,54
33,4,10
12,12,33
3,11,41
38,2,20
39,1,28
21,11,14
35,8,62
38,0,2
2,13,33
32,8,20
33,3,34
28,4,4
22,3,45
20,13,27
42,8,57
60,2,52
13,6,41
60,3,59
18,15,23
42,1,19
35,7,20
42,1,45
30,4,3
55,4,52
17,15,17
4,14,8
31,8,16
51,1,42
21,7,3
11,15,26
57,4,55
30,8,23
29,3,0
36,8,63
27,9,15
38,3,16
38,10,63
47,1,43
23,5,40
35,6,12
57,0,39
11,8,37
9,7,49
25,3,38
34,0,1
30,9,16
12,12,32
2,9,1
28,3,40
41,0,39
6,6,61
28,4,41
13,12,7
60,1,49
29,7,25
38,2,21
3,9,55
4,9,39
4,11,39
0,8,61
32,5,12
2,10,60
39,1,29
28,4,1
54,4,53
17,13,27
22,10,8
0,14,12
18,4,47
40,3,11
41,0,10
23,4,50
51,5,49
36,1,35
40,1,17
43,1,27
4,6,59
0,17,17
52,2,42
48,8,56
20,3,41
34,0,38
1,10,49
0,15,15
46,8,57
33,5,21
53,1,39
55,8,60
44,0,42
17,5,63
24,8,7
35,2,34
62,1,52
34,5,56
61,3,60
59,3,51
12,11,7
40,2,29
35,4,26
41,3,46
21,8,34
33,6,12
32,7,16
13,13,31
57,4,57
28,4,5
54,4,50
42,0,24
17,12,30
18,12,10
63,1,57
5,8,50
18,10,31
44,1,14
30,3,47
18,8,0
35,7,60
16,6,63
19,5,39
24,2,42
13,17,22
6,12,6
61,0,47
34,4,25
50,0,36
30,2,38
15,8,0
1,11,7
35,3,4
14,12,32
43,8,57
47,0,36
33,2,30
36,5,54
36,0,37
36,5,18
20,12,13
1,13,32
9,5,52
56,0,46
44,8,56
44,1,44
9,9,42
32,7,27
36,2,49
35,4,28
36,2,48
34,7,62
62,2,58
15,5,43
8,10,36
9,17,19
42,4,45
0,9,59
20,12,14
23,6,0
11,5,45
10,6,43
24,3,50
1,11,37
40,3,24
30,5,59
34,2,4
5,9,54
25,10,30
8,7,56
39,1,31
40,2,15
6,14,34
3,10,0
10,9,44
18,7,63
40,2,48
48,0,41
34,6,55
16,9,36
34,7,59
38,7,57
1,10,56
18,5,56
10,8,46
6,18,19
42,2,47
27,3,50
29,4,31
33,6,63
22,6,3
17,11,9
41,3,17
15,17,22
56,0,49
16,8,4
54,7,59
13,16,13
52,8,62
28,8,15
42,0,43
0,14,33
6,10,38
35,3,11
40,12,60
56,2,45
31,5,5
56,1,37
1,12,52
13,11,7
16,14,31
41,3,49
7,18,18
16,11,32
2,11,54
45,2,40
0,11,55
8,6,61
30,6,29
27,4,52
17,16,22
26,8,29
26,6,37
24,8,33
37,3,50
37,1,32
41,6,54
51,0,33
4,11,53
15,7,39
7,6,48
43,0,39
40,1,9
18,8,3
30,5,61
12,11,4
5,6,56
15,13,11
34,6,12
28,3,50
16,9,2
63,1,54
9,18,23
38,1,46
22,9,29
5,12,33
29,3,48
49,0,41
46,0,39
41,0,18
9,11,39
31,5,9
8,12,7
18,5,59
4,9,53
22,8,35
46,0,41
2,17,18
46,11,62
40,1,25
16,7,41
11,14,34
53,4,48
8,7,46
37,4,27
25,3,47
36,2,32
35,3,7
24,11,24
32,4,9
54,1,34
10,7,43
10,9,2
31,5,10
0,9,55
2,9,54
19,14,25
2,12,50
55,6,57
24,4,38
43,11,62
59,1,48
29,3,49
38,3,12
41,2,10
0,10,43
26,9,9
10,12,34
10,15,10
7,19,20
51,5,51
12,15,12
30,6,28
53,2,45
14,6,47
29,3,35
44,5,50
48,5,50
18,6,38
19,5,42
55,2,45
0,10,9
63,4,58
3,8,59
25,5,3
35,6,17
23,13,23
35,7,17
4,11,46
16,14,30
0,10,6
23,3,50
45,1,43
13,16,25
54,7,62
36,4,16
45,0,36
12,14,8
51,4,45
3,12,45
56,3,48
43,13,63
31,3,6
37,2,3
16,6,0
19,13,26
20,12,15
16,15,22
37,1,3
36,1,46
18,4,49
9,6,51
28,5,6
19,7,2
39,2,13
45,3,47
48,1,38
22,14,19
44,1,13
53,3,48
15,16,19
26,12,16
39,2,22
53,0,38
36,2,47
40,1,19
3,14,10
12,5,46
18,12,9
35,0,35
28,5,35
6,6,56
38,0,41
3,9,43
50,2,47
56,2,46
55,2,53
2,11,55
43,0,25
16,4,49
4,14,30
15,16,14
43,2,45
31,2,48
4,12,32
45,10,60
51,5,54
6,7,47
3,10,48
44,5,47
17,4,53
5,9,37
6,8,54
25,5,0
23,13,24
32,5,11
60,5,57
6,9,52
26,2,43
59,4,55
11,15,10
33,7,61
2,11,2
30,1,38
11,16,32
51,9,63
47,3,45
28,10,15
13,13,30
34,3,50
54,6,54
9,14,29
36,1,2
9,16,27
63,4,59
0,8,2
13,17,16
14,14,11
7,6,60
3,8,43
35,2,32
54,5,57
52,3,46
2,9,2
41,3,14
27,7,30
2,8,56
1,16,18
24,3,48
56,2,53
42,2,42
25,4,41
19,12,27
63,4,62
5,10,51
10,12,7
16,4,44
43,11,63
27,3,52
39,0,40
54,3,51
6,17,25
59,6,61
32,7,12
24,5,35
29,4,56
50,2,37
35,5,15
22,13,24
0,12,35
38,1,25
5,13,32
43,5,47
7,13,7
33,7,62
58,7,61
3,10,40
35,2,8
15,13,31
10,15,33
26,9,14
22,11,30
59,3,54
61,1,48
21,13,20
14,7,39
32,6,12
25,8,8
10,15,14
19,6,40
12,5,42
37,2,50
5,7,46
22,10,7
20,6,3
27,6,62
23,10,14
4,9,42
42,1,7
48,1,33
54,2,45
8,8,42
12,9,42
34,1,1
20,12,28
10,11,5
57,5,60
0,7,2
41,2,25
19,14,20
11,14,33
5,9,38
35,4,29
28,5,36
9,14,11
51,5,50
16,13,14
41,0,7
41,1,11
12,9,39
46,7,53
42,0,13
3,11,5
14,4,50
62,4,57
1,17,26
41,1,25
48,6,51
2,15,15
32,2,35
43,7,54
34,6,18
24,10,28
53,1,46
4,10,1
15,5,54
54,0,32
57,1,45
49,3,48
26,8,30
13,16,18
28,7,9
36,4,21
34,5,23
0,18,28
57,4,54
3,17,26
39,12,62
43,4,48
45,0,15
8,8,44
26,12,22
53,6,55
7,12,32
56,1,50
39,1,6
31,7,25
23,14,22
17,8,1
36,1,32
5,15,15
6,7,51
45,2,44
4,11,6
43,0,41
32,7,18
42,0,25
8,7,50
15,16,25
15,11,31
38,2,18
22,6,34
39,1,43
19,14,15
8,17,15
58,2,53
17,7,43
29,3,36
53,5,50
45,4,46
4,11,42
32,6,27
2,10,42
5,11,38
10,14,32
49,3,45
54,0,37
20,8,4
52,3,49
7,18,19
48,1,37
41,0,38
20,4,57
26,7,36
4,8,45
56,0,38
56,2,51
10,5,52
29,4,3
14,13,29
6,15,14
6,17,17
47,0,35
23,10,29
42,0,5
25,2,40
42,9,59
7,17,25
51,0,39
31,4,54
15,14,13
4,10,52
28,8,28
53,0,42
62,0,45
31,6,14
7,6,63
28,7,32
12,14,32
25,13,20
6,12,34
50,6,52
39,11,59
41,1,44
44,2,39
14,5,52
28,9,16
55,2,49
35,5,20
32,7,62
41,3,16
28,2,40
14,6,49
19,4,45
24,3,39
11,17,22
19,6,41
58,2,55
51,2,47
39,9,61
38,0,38
47,10,62
27,3,35
1,13,53
40,7,55
22,3,47
7,10,41
24,9,27
15,4,53
37,3,11
21,10,30
6,12,33
24,9,8
19,6,1
40,0,20
45,10,62
17,16,19
41,11,59
44,6,54
12,5,56
24,6,36
16,12,9
15,13,12
6,8,56
60,3,52
16,5,58
47,2,43
54,4,52
26,10,15
39,4,13
37,9,61
39,0,6
1,11,9
51,6,54
25,8,29
34,9,61
37,11,61
24,5,40
27,5,36
35,2,35
54,5,54
20,9,32
51,8,60
39,9,59
2,13,31
20,14,18
53,4,53
45,1,15
10,8,37
5,9,56
6,7,41
29,3,3
37,8,59
23,12,19
36,7,55
49,6,52
26,5,61
18,11,7
4,12,33
27,4,1
21,8,3
19,15,19
10,8,41
56,4,52
62,1,50
14,15,24
5,8,42
61,2,52
14,12,6
24,11,27
1,12,10
31,7,19
38,1,41
28,5,58
41,9,59
23,3,42
37,5,20
44,2,46
40,0,9
40,1,30
9,14,30
26,5,0
60,4,62
15,8,3
4,9,54
39,6,54
44,4,48
9,7,42
5,12,8
45,0,12
27,3,39
32,5,56
47,3,46
14,9,37
18,6,45
3,15,14
56,5,54
0,11,35
14,6,46
12,8,41
51,4,49
3,12,51
6,16,28
55,2,46
29,4,34
10,10,40
10,9,43
20,13,29
0,12,46
59,0,49
29,8,15
15,4,47
6,10,42
31,8,63
50,0,33
18,9,33
32,1,41
43,3,48
0,10,63
53,3,52
9,16,29
37,4,15
33,4,4
25,5,60
35,1,40
27,12,19
9,15,28
8,8,40
10,7,54
31,8,21
34,2,2
21,5,58
52,2,40
13,15,27
11,10,34
35,3,6
18,10,34
11,10,0
2,11,41
38,6,55
32,3,32
27,4,56
50,4,50
30,3,49
42,0,37
33,1,43
54,1,43
34,7,21
25,6,37
0,8,1
61,3,58
0,12,12
9,6,52
47,10,61
13,9,39
33,6,17
35,4,9
47,0,12
10,11,6
34,0,35
3,11,45
25,9,9
36,3,19
41,8,56
14,5,53
7,13,10
19,5,63
25,5,2
57,3,52
48,4,49
9,7,41
43,2,41
23,4,58
1,17,18
1,18,22
26,3,47
23,5,36
17,6,0
1,14,29
33,4,28
59,5,61
62,0,53
7,7,41
38,3,29
53,1,44
17,16,17
9,16,28
0,10,37
5,15,12
23,4,39
25,4,54
35,4,27
11,6,52
15,4,45
22,5,0
43,0,38
0,12,51
0,12,50
34,5,54
29,4,0
15,5,55
32,7,15
56,1,43
38,2,45
11,15,33
2,10,5
61,4,62
0,8,63
22,5,62
1,8,58
12,13,10
54,2,50
33,2,0
13,5,48
55,6,59
40,6,51
5,9,1
24,5,37
11,5,43
18,5,60
47,4,46
50,5,51
42,0,40
24,3,52
18,14,24
34,6,11
56,0,40
35,4,21
0,9,4
34,4,26
17,4,52
0,11,57
61,3,61
20,7,0
27,5,59
14,12,33
4,15,32
3,13,33
43,1,9
2,16,28
7,9,52
59,7,61
5,11,37
51,1,46
26,3,36
42,3,44
41,1,13
45,9,60
57,4,53
24,6,37
12,14,13
18,4,52
37,2,20
23,12,17
6,15,13
41,1,21
58,4,59
6,9,51
35,7,61
47,0,41
34,6,54
13,17,18
13,5,52
10,6,54
37,2,10
0,11,48
14,12,7
59,5,59
45,4,45
1,19,24
37,3,31
49,2,41
29,4,57
60,5,63
18,4,42
17,7,42
18,4,53
2,9,55
59,5,62
35,1,0
19,10,31
14,8,38
3,11,43
41,1,7
0,10,45
39,3,11
18,5,44
8,19,21
11,17,15
10,18,24
24,7,36
10,8,45
37,0,5
51,0,42
30,8,28
2,8,61
19,4,52
15,8,2
53,0,34
36,5,19
37,4,21
10,7,45
13,12,30
44,7,52
5,9,2
1,12,51
21,5,37
3,13,11
28,3,49
38,6,54
27,3,36
22,9,7
36,4,53
31,4,32
49,10,62
10,7,40
34,6,19
37,3,19
38,9,62
31,9,17
10,13,35
6,14,30
30,1,43
36,2,2
1,13,45
19,12,14
21,3,49
42,0,42
24,12,25
42,4,50
47,11,63
19,8,5
32,4,54
14,15,14
13,15,16
38,0,32
30,4,55
39,3,47
26,11,14
34,4,30
48,1,34
40,12,63
45,0,16
1,9,1
30,3,33
42,1,23
12,16,24
4,14,33
7,10,37
30,6,11
39,0,29
44,0,8
45,6,50
32,3,49
54,1,37
0,12,33
26,7,10
15,17,24
13,16,19
9,10,41
56,6,59
23,4,37
10,15,32
3,12,36
33,6,56
16,11,4
38,8,60
35,4,13
14,8,36
48,9,59
36,0,31
4,17,25
14,9,2
6,14,9
3,9,52
33,1,34
47,9,61
39,0,38
26,5,34
39,4,17
27,10,21
42,11,62
1,12,9
37,2,23
9,9,46
23,6,3
11,7,47
26,8,32
26,5,33
35,3,28
24,9,28
12,5,58
37,4,28
36,1,3
0,14,15
8,11,3
46,6,50
33,2,3
29,7,28
11,8,44
58,8,63
24,3,40
38,4,27
33,2,34
23,4,40
16,10,32
30,9,22
18,5,63
6,7,52
6,13,6
59,2,53
56,6,62
56,3,55
50,3,43
10,13,30
41,0,11
27,5,58
4,8,40
14,10,3
3,10,54
28,6,29
7,7,47
8,14,29
27,5,3
38,3,20
19,4,43
36,4,28
12,17,25
0,16,28
13,11,6
21,3,46
22,13,16
54,1,47
4,8,46
33,1,3
20,4,53
0,18,29
3,11,52
8,6,46
4,18,21
40,0,19
0,7,1
57,0,45
48,9,62
43,1,25
59,0,51
60,2,55
21,12,13
26,3,1
3,15,29
4,15,15
57,5,55
16,11,30
32,3,34
20,8,36
0,13,15
60,5,61
32,1,43
11,5,54
32,6,14
30,9,20
16,6,46
21,7,2
42,0,9
50,4,47
45,1,41
24,8,8
52,4,47
26,10,25
31,9,22
22,6,38
13,16,23
36,2,46
34,4,22
15,7,40
17,8,4
12,6,47
39,1,44
21,11,29
36,9,61
51,0,35
28,5,4
62,4,63
21,8,35
41,6,50
29,9,12
14,9,35
28,1,40
2,18,24
39,1,42
12,14,27
39,0,1
1,11,52
5,17,27
33,4,6
58,4,60
56,0,33
16,6,61
53,2,41
55,1,46
34,0,37
5,10,37
2,13,13
25,4,52
2,14,30
45,3,44
26,5,4
22,5,2
5,14,9
26,10,14
34,2,44
3,10,37
28,2,43
36,9,59
29,4,58
19,12,28
4,13,32
21,7,33
59,0,43
7,7,55
41,2,45
38,7,56
6,7,63
41,0,37
35,6,14
9,15,29
17,13,13
29,5,32
27,10,14
13,11,33
24,11,26
30,3,53
5,9,41
23,7,36
12,15,11
38,3,18
18,10,33
19,7,63
3,14,11
51,6,56
46,6,53
9,8,48
60,0,45
0,18,22
16,13,31
22,9,31
39,3,26
39,0,41
27,6,34
22,7,0
22,11,31
20,4,51
5,10,46
47,0,38
24,3,51
0,16,17
24,9,12
46,4,48
58,7,63
9,17,18
43,0,18
19,4,50
2,16,17
25,4,38
12,7,42
23,3,51
17,6,43
27,8,7
20,12,30
33,8,21
5,11,41
35,5,18
9,8,54
43,1,19
32,5,10
57,0,48
33,7,14
23,5,59
40,8,58
25,11,20
35,3,52
4,15,28
57,7,63
9,12,31
19,12,26
20,11,12
3,11,48
21,14,24
3,14,9
21,5,60
28,7,30
4,9,46
27,5,6
50,8,58
46,8,58
61,6,62
25,4,1
33,4,11
17,14,25
0,13,13
32,8,21
3,9,48
20,15,21
37,4,26
21,13,24
40,7,53
41,3,48
30,8,27
33,7,20
41,8,53
58,5,57
22,7,36
7,17,16
38,5,52
8,6,49
6,8,0
48,7,57
50,2,44
39,12,61
34,5,24
4,11,37
55,2,52
11,7,43
6,15,12
46,8,52
33,4,9
28,9,15
36,2,9
26,6,1
20,14,26
5,8,38
39,0,2
42,1,8
34,1,4
17,5,40
28,3,46
7,7,60
6,7,58
12,6,54
41,0,6
55,0,46
25,8,33
5,10,49
35,4,19
37,10,59
24,2,45
11,14,10
9,7,45
59,2,54
0,18,24
36,2,50
56,0,47
35,6,24
55,6,55
16,7,0
21,10,29
1,12,35
62,0,51
19,9,6
3,11,50
15,5,57
39,0,24
44,0,13
27,11,24
31,4,57
6,7,50
40,0,43
4,11,44
39,3,10
60,6,63
63,0,50
24,13,23
42,1,28
13,5,54
20,5,43
53,4,52
20,13,28
33,6,21
29,2,39
17,6,40
12,8,39
32,3,30
37,2,47
4,9,38
4,10,42
19,7,37
39,0,4
25,9,31
37,0,36
2,12,11
49,3,46
21,12,25
12,12,7
42,2,46
19,11,11
27,6,36
40,0,25
56,2,48
34,2,7
36,3,30
43,5,50
32,5,26
45,6,48
31,5,59
2,14,12
22,7,5
47,1,40
9,8,44
5,8,52
1,19,23
14,12,9
41,0,9
6,13,36
37,1,31
15,6,40
31,6,63
33,2,4
55,5,56
4,10,2
22,5,1
32,7,24
52,0,44
3,9,50
5,9,50
9,15,27
16,13,29
19,6,2
27,3,1
37,0,0
26,8,31
23,8,35
5,11,6
8,17,16
5,7,55
23,4,52
0,13,48
34,2,50
60,4,54
26,4,37
11,7,45
60,5,60
7,7,63
5,10,38
29,5,7
10,16,16
8,13,8
2,9,42
24,8,6
0,12,11
23,9,29
41,8,57
34,7,24
15,15,26
25,5,58
59,3,56
42,0,27
4,9,52
9,6,42
40,10,58
41,11,62
50,1,45
20,15,23
12,6,56
14,8,44
13,9,4
46,8,51
7,9,37
36,5,27
24,13,18
33,3,33
63,1,49
23,11,14
31,2,36
50,5,47
24,7,39
6,9,40
18,5,39
58,6,62
6,10,39
25,4,35
23,14,18
33,5,23
18,9,2
19,9,31
55,2,47
26,3,39
6,17,18
25,3,39
13,11,4
17,8,0
0,14,31
62,2,56
8,8,56
9,8,40
38,0,1
2,11,44
11,10,4
46,5,45
28,7,11
60,3,51
36,3,28
7,19,22
27,8,9
18,14,14
37,2,7
10,7,51
19,11,31
44,0,16
50,1,40
32,8,14
2,11,5
45,11,63
12,5,49
15,14,12
63,4,61
11,12,8
3,8,42
13,6,42
5,9,42
54,6,56
38,4,25
31,2,49
36,1,45
35,4,20
36,1,1
12,11,5
37,3,12
16,6,39
8,8,55
21,7,5
30,8,19
59,0,48
27,9,12
3,8,60
3,12,39
49,6,55
5,11,42
26,3,41
37,9,59
16,4,54
4,10,47
28,2,39
60,2,50
4,14,10
55,6,58
2,15,29
5,19,21
12,6,41
0,8,62
3,15,15
31,5,7
8,15,14
27,2,40
29,3,52
62,5,60
5,7,58
17,7,63
51,7,56
34,5,12
20,4,40
33,6,59
12,10,2
13,8,0
59,3,53
35,3,30
32,3,5
19,7,0
0,7,60
22,4,42
53,5,54
30,3,51
43,1,16
15,15,30
3,12,46
28,10,18
38,0,29
33,6,23
3,10,38
42,0,11
2,9,44
45,2,39
46,10,61
32,7,25
58,0,39
47,4,48
38,5,13
35,10,61
28,2,38
8,15,33
44,0,15
35,7,21
24,2,41
51,0,32
36,8,60
35,1,34
36,1,40
36,1,29
36,5,12
41,1,10
14,10,4
18,6,1
13,15,12
23,8,9
37,1,39
20,5,59
18,9,63
34,6,57
7,8,39
27,7,33
55,3,52
26,10,12
3,15,11
7,8,42
28,7,7
0,14,46
9,14,32
11,13,29
11,8,1
16,16,15
19,5,38
33,0,36
0,13,53
14,8,1
43,1,40
12,10,36
16,14,28
36,7,54
27,3,48
25,4,56
20,7,37
17,14,24
10,18,20
28,4,2
23,13,18
24,4,1
43,0,42
6,10,48
2,7,57
25,3,45
36,4,25
36,10,59
37,7,57
53,2,47
21,3,50
8,8,50
37,12,63
31,5,11
43,10,60
39,9,58
32,6,28
37,1,33
22,3,46
21,7,1
0,17,20
7,10,42
16,5,60
3,16,18
10,14,10
21,9,31
25,4,55
37,4,16
2,11,37
36,4,13
3,10,3
9,11,6
33,7,13
31,2,46
7,11,38
17,11,34
9,9,41
32,6,24
30,7,63
26,4,56
35,0,37
28,7,5
35,9,62
22,4,41
36,1,43
2,14,9
11,7,55
37,2,49
34,6,14
22,6,37
31,8,25
4,9,51
15,6,48
59,2,49
17,9,34
10,6,49
50,2,46
30,2,41
29,4,33
4,16,26
5,15,28
41,11,63
31,4,29
12,9,37
37,0,30
11,15,13
12,6,45
35,6,13
40,8,55
11,16,27
13,9,1
24,7,34
8,10,0
20,14,21
5,11,35
2,11,10
8,8,54
9,6,46
52,7,55
38,3,15
47,2,41
8,7,63
11,14,29
38,7,54
46,2,45
10,17,18
4,10,37
14,13,9
12,12,6
19,13,12
21,11,31
59,1,49
43,0,9
16,15,23
21,3,43
46,0,18
11,5,47
26,4,55
22,4,51
4,10,48
31,1,1
25,3,40
17,5,48
15,15,13
20,4,46
3,18,19
33,2,33
9,10,38
33,4,55
58,1,50
0,16,27
29,2,42
50,4,44
44,0,7
0,8,5
26,5,6
12,16,26
54,0,41
37,4,9
20,10,10
54,4,51
34,4,23
5,8,57
4,11,52
21,10,7
14,15,12
4,10,44
2,11,42
1,16,28
11,6,54
13,14,30
14,9,4
50,8,60
17,6,63
19,10,10
43,8,55
8,12,36
36,6,17
10,10,37
28,4,35
35,10,63
12,8,38
5,16,14
3,14,30
43,4,49
51,2,41
19,6,43
44,2,44
25,2,45
18,15,25
11,5,52
48,4,43
42,8,55
6,11,33
4,11,33
44,6,50
29,3,1
28,5,59
18,7,38
22,9,5
32,4,53
45,5,46
45,2,42
1,17,21
12,17,21
23,4,56
23,12,26
2,14,13
8,8,37
20,5,45
13,10,4
23,4,38
36,10,62
39,3,13
42,1,13
22,7,37
37,1,29
3,8,56
59,6,60
32,6,22
42,0,28
52,7,60
17,11,32
5,14,29
59,1,45
30,8,63
9,6,54
44,9,57
34,4,54
35,1,35
13,5,50
28,3,36
9,7,40
29,7,9
41,3,44
35,5,28
26,9,12
16,13,10
2,7,60
26,5,32
54,1,44
31,7,18
61,4,60
8,10,39
28,9,18
25,8,28
15,12,9
0,12,8
24,8,38
40,0,29
30,5,30
35,1,41
45,1,38
59,1,52
56,0,45
29,5,31
15,8,38
3,9,41
61,0,44
50,3,46
52,5,50
13,7,39
16,15,14
6,7,61
62,3,54
11,11,35
2,14,34
8,8,47
38,3,23
20,13,25
25,3,49
13,12,5
59,6,63
41,12,60
32,4,3
40,3,28
33,5,9
25,8,30
4,11,4
2,14,10
1,12,50
28,9,19
1,9,40
13,8,44
21,12,10
2,10,0
0,19,25
8,16,33
10,5,45
53,8,60
11,8,45
12,5,55
6,9,48
20,8,6
14,7,40
2,12,35
44,3,47
19,3,45
4,9,37
5,9,43
53,1,40
23,3,39
1,18,29
52,1,45
12,13,9
36,5,16
1,7,1
5,11,43
57,6,61
50,6,54
22,4,57
17,5,60
58,5,60
19,15,21
39,10,58
39,1,22
4,10,36
1,14,11
40,1,44
40,2,9
20,5,39
54,3,53
20,15,20
27,5,62
35,3,9
6,7,62
8,9,46
19,4,49
15,12,10
1,16,16
18,14,17
21,5,38
33,5,57
35,2,30
14,11,6
43,2,14
24,8,34
42,8,53
20,5,38
35,10,62
7,18,22
55,0,35
38,2,9
22,11,29
17,7,36
36,3,50
3,12,32
26,6,32
32,5,55
25,10,14
19,12,29
21,10,31
20,11,30
26,11,13
25,9,29
8,7,44
33,2,32
56,0,41
3,7,60
43,1,43
5,15,27
45,6,49
1,10,55
25,3,48
7,14,30
51,4,47
27,4,38
54,1,36
23,12,24
19,14,18
0,11,12
2,13,11
34,7,23
2,10,37
25,4,2
20,5,58
54,4,54
31,4,53
43,6,52
41,4,51
5,7,48
17,15,23
39,0,23
63,2,57
21,6,38
14,6,60
54,3,52
33,7,63
17,16,21
54,8,62
4,7,62
18,7,36
1,10,41
7,19,21
11,9,1
36,6,54
21,8,33
23,2,43
29,10,15
28,11,19
11,13,30
59,1,51
40,1,7
39,8,58
20,13,30
53,1,34
48,10,60
35,3,27
16,14,16
6,13,32
45,0,18
62,2,52
31,5,6
17,8,2
1,11,50
3,9,53
12,11,36
7,7,43
32,4,5
63,6,63
5,13,6
13,5,46
35,3,5
51,6,55
21,14,20
12,9,36
9,9,38
31,5,61
31,4,30
20,6,0
28,7,28
3,15,34
19,6,62
8,14,36
35,0,39
20,10,11
46,4,45
46,7,52
41,1,8
51,0,36
41,5,48
12,11,34
22,6,39
53,1,36
14,8,37
32,5,8
3,10,56
33,3,29
37,5,16
19,5,59
41,0,30
14,7,43
45,5,49
25,12,23
37,1,42
13,13,9
2,10,40
7,6,55
52,6,53
17,13,14
49,0,34
24,6,32
1,18,24
30,2,33
40,12,62
21,5,61
25,10,24
40,3,49
5,8,54
27,10,26
13,15,29
1,9,0
55,4,53
36,4,54
40,3,50
63,5,62
36,5,55
15,6,46
29,10,22
30,9,21
36,4,8
28,3,48
4,13,10
20,13,13
48,3,47
3,7,56
7,8,47
24,10,14
22,12,25
57,2,52
3,18,24
33,6,26
21,3,48
29,8,9
17,12,10
42,6,51
7,16,26
11,8,42
22,9,33
45,0,35
28,2,46
28,6,35
7,7,62
23,4,55
7,10,43
45,5,47
37,5,21
32,1,36
0,12,54
27,5,38
51,4,50
42,11,63
15,15,31
12,9,44
19,3,46
24,5,59
39,2,8
43,7,56
26,3,53
29,9,24
29,3,39
39,2,24
37,0,33
25,6,4
2,7,59
28,5,61
36,9,60
32,8,15
48,4,46
38,1,40
34,8,61
31,4,35
26,5,62
49,1,40
16,11,8
17,4,50
22,3,44
22,10,10
22,9,6
17,5,41
17,7,39
5,19,22
15,14,15
11,7,63
4,18,20
11,6,41
42,1,12
19,8,34
18,12,28
27,11,20
10,9,42
1,10,8
13,9,40
36,2,31
18,5,47
20,10,7
49,9,61
35,1,38
19,5,40
42,2,12
38,0,34
31,8,26
32,8,19
38,3,21
50,7,56
16,4,55
18,6,37
3,14,8
8,6,43
19,8,41
40,0,4
18,9,37
61,5,60
58,5,61
2,13,8
42,6,49
52,1,42
14,7,44
37,11,63
29,5,6
22,7,33
11,6,53
40,3,46
6,8,47
40,10,61
41,2,12
34,2,31
16,12,10
30,3,50
23,7,39
4,18,19
9,15,12
25,6,2
20,7,41
24,4,37
21,7,34
34,8,59
39,9,57
43,3,45
14,12,30
0,11,52
23,5,38
34,9,60
20,12,11
44,11,61
9,18,21
15,6,41
30,3,54
18,13,14
0,13,34
5,14,33
30,8,17
16,10,6
6,10,43
10,6,58
6,8,41
48,3,42
21,14,19
41,8,54
25,4,59
30,10,17
20,7,1
44,1,40
37,3,45
9,14,9
15,5,61
40,2,21
9,10,37
57,6,57
59,0,50
54,8,61
33,2,45
12,12,9
23,10,26
16,8,2
1,12,11
37,9,63
35,6,55
12,5,57
26,5,38
11,11,6
58,3,57
10,11,33
9,11,4
24,9,32
53,0,40
48,2,44
50,9,61
23,7,35
60,6,61
11,9,2
36,0,4
46,0,37
23,9,10
28,10,19
55,8,62
20,7,2
63,4,63
50,6,55
39,1,23
27,4,54
19,4,46
25,11,26
39,2,12
41,6,53
1,16,17
28,5,37
14,12,31
55,2,50
59,4,61
40,0,41
11,16,24
6,10,44
37,1,41
17,5,59
26,5,5
22,12,26
16,12,12
1,13,13
17,14,27
28,10,13
5,19,20
2,11,3
27,7,11
12,15,15
11,12,4
19,14,19
5,6,60
30,3,35
13,13,12
7,11,35
11,9,41
13,7,44
38,4,19
6,9,42
3,12,7
38,4,11
50,4,46
22,12,18
1,9,42
30,5,32
10,5,57
27,7,4
7,9,39
8,8,51
11,10,5
6,9,54
57,1,47
10,6,56
22,14,17
34,3,4
45,1,36
32,2,45
7,11,39
46,3,47
11,14,30
8,10,41
20,14,23
27,11,21
60,5,56
44,0,36
6,12,7
34,6,21
28,10,17
16,4,43
14,5,45
47,2,42
41,0,24
42,0,36
23,9,8
26,5,1
57,1,51
31,3,49
57,4,56
23,4,41
24,4,57
3,13,12
29,9,15
63,5,61
58,3,51
11,18,23
13,6,40
50,1,38
2,10,59
2,13,35
40,0,38
10,10,36
35,2,4
3,9,58
19,11,9
3,10,47
49,2,39
2,8,59
26,7,7
41,2,46
41,1,46
21,8,36
24,3,42
40,2,12
56,5,55
3,9,45
46,7,55
39,12,60
9,6,43
16,13,11
52,1,35
27,8,10
32,7,22
34,5,25
5,16,27
19,7,4
32,7,20
22,3,41
52,0,37
14,6,40
30,3,38
12,5,54
34,6,60
9,14,31
58,2,49
40,6,53
31,3,2
40,3,15
15,10,4
41,0,22
32,2,37
23,10,30
11,7,39
56,0,36
39,1,46
38,4,16
4,14,31
23,6,63
23,12,15
60,4,57
10,12,4
16,5,42
0,8,57
25,10,10
37,4,53
1,7,63
12,17,20
5,8,43
24,11,14
55,8,61
3,17,18
1,14,15
12,15,13
5,11,39
44,1,37
31,3,48
33,3,50
12,5,47
8,6,60
18,7,39
20,9,7
52,3,47
35,3,8
22,12,17
2,16,26
33,6,27
53,0,33
0,10,4
3,11,46
3,9,46
30,3,39
43,0,20
37,3,28
61,1,50
24,11,18
26,6,5
11,6,43
61,3,55
41,5,50
19,14,17
22,9,10
12,5,51
32,7,21
16,16,19
31,7,15
5,16,25
58,7,62
14,8,41
18,8,37
42,8,52
9,11,40
48,0,40
32,3,29
3,13,34
46,6,49
0,11,45
3,9,39
8,8,43
50,4,49
30,8,11
19,6,63
42,6,54
33,4,7
10,6,57
28,9,13
56,3,49
45,0,13
55,5,55
32,6,15
25,4,40
36,3,25
7,8,56
8,10,35
21,14,23
13,13,8
6,9,2
2,11,4
28,2,0
25,4,42
7,10,3
51,5,52
55,1,44
10,15,30
63,3,59
13,7,41
50,8,61
39,3,24
7,9,45
8,16,14
5,17,16
14,9,1
60,1,50
8,16,32
33,5,10
29,6,6
52,0,33
52,2,44
18,4,46
12,14,29
63,0,48
38,11,63
10,10,34
61,4,56
22,12,29
5,11,33
27,4,3
2,9,4
56,2,47
55,1,42
32,3,48
46,5,46
53,1,41
44,7,54
12,15,27
37,4,12
7,11,34
14,7,38
39,3,25
39,2,28
18,9,7
13,17,20
60,1,51
6,9,36
46,0,17
58,0,38
3,11,39
22,8,3
13,15,25
2,10,6
22,9,30
44,0,14
63,0,49
13,14,27
17,5,42
11,7,46
0,13,12
15,13,9
26,4,38
51,4,51
53,3,45
51,2,43
47,4,49
3,14,32
26,3,50
35,1,31
9,9,45
15,13,10
6,16,16
13,5,59
24,10,11
8,12,32
5,11,3
23,9,9
30,5,31
7,19,23
35,2,7
19,10,8
22,7,34
10,7,55
2,15,12
29,3,51
42,3,49
10,6,46
5,11,1
27,6,33
40,1,11
24,13,20
39,4,12
42,6,50
31,3,54
29,7,12
38,2,12
14,11,4
36,4,20
29,3,53
37,1,6
8,6,58
31,8,24
2,9,38
41,0,43
20,13,16
31,3,32
29,4,5
30,7,9
31,6,61
11,7,54
38,1,23
1,13,52
46,9,57
36,2,27
40,5,53
36,0,0
30,9,24
9,7,56
7,9,41
27,9,29
15,9,0
9,15,11
7,11,1
52,9,61
1,19,22
54,0,43
9,17,15
6,7,57
54,5,55
38,4,18
56,1,38
23,3,43
59,1,53
58,3,52
31,4,34
25,12,16
4,8,51
62,0,48
2,7,61
56,7,62
10,8,39
55,0,41
45,6,53
13,6,49
10,11,35
32,8,23
18,8,36
55,7,63
23,9,11
5,14,36
22,8,5
26,5,36
49,3,42
31,5,58
17,15,21
30,4,32
46,3,43
32,1,2
19,13,13
4,18,23
25,12,20
14,11,7
9,6,60
51,1,44
8,6,52
35,5,16
0,18,20
3,15,28
20,15,18
42,11,60
55,0,42
8,7,48
41,1,27
6,9,45
20,10,32
42,2,11
9,12,33
38,0,6
36,5,24
1,12,53
7,9,1
24,4,51
49,1,37
26,12,20
31,4,31
17,8,3
20,14,24
29,8,13
62,1,53
24,10,12
25,3,50
22,5,59
14,15,28
32,8,18
0,17,28
14,13,30
15,17,21
6,7,45
15,9,3
35,4,22
47,9,59
23,3,47
18,14,12
47,2,44
21,3,42
18,5,61
4,10,54
36,1,5
56,2,50
43,9,54
57,1,46
2,17,24
36,4,14
21,11,9
2,7,0
8,17,25
26,11,16
5,7,54
48,7,54
29,6,9
24,13,22
6,18,23
2,12,36
17,15,16
48,7,55
37,1,43
5,11,34
39,10,59
29,8,14
20,4,44
22,4,56
45,4,47
39,0,36
7,12,5
20,7,39
39,8,59
24,10,27
44,0,10
5,8,56
16,14,12
25,9,30
17,12,29
39,2,18
50,2,40
34,9,62
60,3,58
14,10,33
26,8,12
46,1,38
3,11,40
15,4,49
14,4,45
47,9,58
18,3,47
0,9,57
45,3,41
2,11,56
63,3,60
30,4,57
56,1,49
51,0,41
36,1,44
8,14,31
50,7,53
7,19,24
21,14,25
30,5,28
49,1,41
6,13,30
14,13,31
20,13,14
29,6,10
39,3,9
3,12,33
21,7,63
1,15,28
37,2,30
42,1,24
26,12,19
6,7,59
44,0,19
14,9,38
34,3,32
0,9,63
44,5,49
54,6,59
40,2,19
56,2,52
10,16,12
38,3,24
5,14,32
39,0,5
21,6,0
10,9,36
22,3,50
49,5,50
37,4,18
4,11,7
3,9,59
0,10,44
22,6,0
1,12,32
39,8,57
38,6,56
23,7,3
15,16,17
23,11,29
43,6,54
16,16,23
40,0,30
41,1,24
63,2,52
46,5,51
35,1,43
5,9,52
36,0,39
10,9,40
31,9,18
21,11,10
12,9,35
24,11,15
27,3,47
8,18,25
7,8,49
11,6,59
15,4,46
24,6,34
10,6,51
15,6,61
34,1,0
3,10,52
30,5,8
27,5,34
8,11,33
32,2,46
49,4,46
27,6,3
12,11,35
0,13,10
20,6,36
38,4,20
37,2,27
53,3,50
29,10,18
15,15,24
32,2,1
59,4,57
40,3,18
24,7,8
41,4,48
22,13,23
11,6,51
25,3,44
13,9,37
15,12,32
40,11,63
0,13,51
46,0,13
19,5,44
29,8,26
15,17,19
44,0,37
14,5,56
34,5,55
53,0,37
30,4,53
5,10,1
2,12,47
33,5,20
43,0,22
6,12,5
62,0,52
40,1,42
18,14,18
55,0,45
54,4,49
25,9,13
3,9,51
38,1,7
42,2,45
22,5,36
26,6,38
21,6,1
52,3,50
30,5,57
17,4,45
37,3,22
27,8,13
32,5,27
19,14,21
12,8,1
39,4,51
9,6,53
58,2,50
37,11,60
9,14,8
20,4,50
17,5,61
33,4,31
27,2,41
19,5,55
15,14,26
39,11,61
11,7,41
46,0,38
43,2,44
48,3,46
57,0,46
9,8,51
16,7,2
1,12,7
62,1,48
13,5,56
13,5,49
59,6,58
21,8,7
4,8,44
8,19,19
40,3,48
36,1,38
25,6,39
51,2,35
40,1,22
47,0,34
58,3,55
14,11,33
53,7,60
51,6,57
8,8,46
20,7,34
0,10,2
46,10,63
3,15,27
40,2,22
39,1,5
0,13,11
25,7,6
33,6,15
23,3,52
13,8,37
24,11,13
9,16,26
59,2,51
11,8,38
30,5,6
19,7,41
25,7,35
34,4,52
1,11,57
62,5,62
2,14,31
62,4,55
40,3,45
29,3,2
57,0,41
1,15,14
20,8,63
8,11,38
2,10,46
26,7,8
41,9,56
43,6,50
36,5,15
3,18,20
45,5,51
39,11,62
1,10,42
34,1,31
1,11,51
18,10,6
28,7,29
29,5,60
12,11,32
46,0,10
15,15,18
50,0,41
54,2,44
18,12,8
11,16,26
18,14,16
42,12,63
27,2,45
35,4,18
17,7,40
0,11,4
32,6,20
18,8,1
11,12,33
35,2,6
44,2,45
27,7,6
52,9,63
35,1,32
46,7,54
41,8,55
25,3,43
42,0,29
62,5,59
48,2,43
56,5,58
0,10,55
32,2,36
32,2,3
22,10,28
18,15,24
28,9,26
48,1,43
24,7,4
12,14,28
11,11,4
3,11,53
3,10,44
37,4,24
28,2,47
30,1,36
24,10,8
17,12,13
12,16,15
11,8,40
56,3,50
58,1,53
6,13,9
25,7,3
6,13,34
56,1,51
3,10,43
29,1,0
14,8,43
4,17,19
20,14,25
4,10,45
1,14,32
6,8,48
60,4,53
54,1,40
29,3,33
5,9,45
37,5,19
29,2,43
31,7,10
34,0,36
28,2,37
31,6,6
7,17,14
16,9,1
31,1,35
5,19,23
38,1,28
17,14,17
16,5,43
29,9,18
10,7,47
30,7,14
7,7,45
13,11,34
10,6,44
37,4,51
35,3,51
31,7,20
51,7,58
26,2,38
12,17,18
30,7,24
43,0,7
4,8,48
27,6,30
41,9,57
1,10,5
12,17,19
25,6,31
23,5,41
53,4,51
11,6,46
31,2,35
31,6,25
16,11,33
11,5,48
41,5,51
28,5,33
11,17,17
7,8,51
3,15,13
62,1,55
54,1,45
36,8,59
42,2,13
37,12,62
42,1,42
2,8,60
21,5,1
10,6,62
30,5,63
21,9,30
11,6,42
18,7,40
36,2,45
11,6,58
4,8,56
38,5,14
38,0,7
34,3,33
16,16,25
27,4,53
19,13,15
41,4,45
59,2,52
30,9,13
0,17,19
34,5,29
38,3,25
31,4,36
2,11,7
17,10,6
33,5,13
3,12,47
1,10,43
34,2,32
13,5,53
27,3,0
7,18,20
21,11,13
15,5,45
51,6,53
20,7,35
21,10,9
19,5,60
3,14,14
45,3,45
2,10,56
32,7,63
55,0,47
25,2,42
42,4,47
44,5,48
37,4,22
42,0,18
34,3,30
35,4,23
31,5,8
51,4,46
10,13,7
19,4,53
19,4,44
35,4,54
30,4,2
2,15,28
4,8,50
39,2,29
28,7,12
5,13,36
61,4,55
24,3,43
9,15,30
25,9,8
2,10,49
4,8,54
2,11,39
44,0,24
3,18,18
18,6,62
41,2,23
18,16,21
63,1,48
26,10,18
10,7,42
21,10,6
53,6,53
43,13,62
5,14,35
20,8,5
57,0,37
55,0,44
0,10,52
4,12,39
1,11,4
3,16,27
20,13,18
37,3,17
51,6,51
2,13,34
5,10,3
23,11,26
27,6,8
30,2,43
0,10,54
0,18,21
7,8,40
50,5,53
48,3,43
26,4,39
13,8,41
31,6,9
35,5,17
3,11,4
3,10,49
15,9,5
20,4,54
0,10,8
4,10,0
7,7,58
1,9,4
29,9,16
42,8,56
7,6,58
53,5,52
20,10,6
21,12,14
25,11,23
36,0,36
28,5,7
12,5,48
9,6,58
14,4,48
33,2,47
36,5,17
13,13,11
12,5,43
5,12,7
30,9,19
12,17,16
16,8,37
35,2,29
6,17,16
44,1,41
2,11,48
22,5,37
18,12,12
2,9,39
0,8,58
31,2,2
34,3,3
29,4,37
58,6,63
43,12,63
6,11,5
4,14,12
48,10,63
13,4,49
28,5,34
19,6,42
61,2,55
35,2,49
43,3,46
3,16,30
22,5,63
35,6,22
12,8,0
43,10,61
44,3,43
14,4,49
38,10,61
22,12,23
21,4,39
19,4,47
7,6,46
5,9,40
13,16,16
8,10,37
38,1,5
20,4,52
26,7,31
0,12,48
6,10,0
0,17,18
62,0,47
9,10,40
6,14,10
27,10,16
21,13,18
28,5,63
50,0,37
11,14,9
42,6,52
37,2,28
37,3,49
0,12,14
39,1,7
12,10,34
30,2,48
37,2,26
22,9,32
25,4,3
41,1,43
40,1,5
15,11,4
10,18,18
16,5,44
17,13,15
24,7,38
5,9,39
50,7,59
10,8,49
0,11,10
23,4,1
21,12,29
38,4,46
27,2,0
31,3,35
15,11,34
16,8,38
12,8,42
1,17,24
2,11,40
2,8,55
7,7,49
36,6,56
3,10,46
17,8,36
32,7,26
16,13,27
37,6,56
47,3,43
5,9,48
16,12,33
57,6,58
9,5,53
23,7,33
6,8,40
32,7,13
50,3,48
16,5,63
15,7,43
16,12,30
0,10,61
22,11,26
56,6,61
44,0,12
14,14,26
42,1,21
43,4,46
3,12,35
20,11,34
54,1,38
27,6,5
58,0,45
8,6,44
21,9,5
16,7,43
14,16,21
1,9,62
4,13,8
51,2,40
29,2,47
4,8,42
17,4,55
15,9,4
34,4,7
31,8,12
37,4,14
38,4,53
3,17,24
40,1,12
45,0,37
57,0,47
12,7,39
52,0,35
39,3,15
56,1,48
6,8,42
34,5,22
56,8,62
39,7,55
57,2,54
11,5,46
22,7,2
0,14,30
42,6,53
38,8,58
39,3,48
5,11,48
61,2,58
44,5,51
40,8,54
11,5,51
17,4,44
36,4,11
37,3,9
19,10,6
32,2,43
1,13,35
13,4,46
17,7,1
35,6,16
3,9,47
13,12,6
48,1,36
38,4,13
16,7,38
19,13,30
38,3,10
42,10,61
23,5,37
20,13,23
10,13,34
6,10,1
38,3,26
58,1,45
23,9,33
38,3,28
38,4,17
59,3,52
1,8,1
61,4,57
43,9,58
51,2,37
34,2,30
24,2,43
21,4,56
45,2,45
14,4,44
35,5,10
33,5,7
26,10,23
40,1,13
37,6,55
38,8,59
43,2,42
50,5,50
19,12,9
24,8,39
3,13,30
43,0,6
22,13,26
22,12,12
10,15,29
1,13,33
58,1,47
19,11,8
3,9,42
22,9,35
46,4,44
54,2,49
35,4,6
9,6,50
30,6,30
12,14,9
12,10,37
24,12,14
50,5,54
52,2,46
25,12,25
57,6,63
46,3,42
12,18,18
1,15,13
9,10,36
4,9,43
36,8,58
42,4,49
8,15,12
38,1,32
9,17,23
41,2,48
31,8,14
3,11,1
19,8,35
12,14,10
26,3,48
33,6,61
54,1,39
61,4,58
29,9,19
15,6,45
53,8,58
36,1,39
61,0,52
19,6,37
37,2,21
4,11,5
40,3,16
27,6,7
6,13,31
8,12,33
1,10,60
20,7,4
55,3,47
4,8,57
11,12,32
43,6,53
18,9,36
5,7,56
16,4,50
10,17,17
34,3,5
0,16,30
30,8,15
58,0,44
32,3,6
25,5,61
43,0,10
6,9,43
14,11,32
6,9,39
47,5,50
1,18,23
8,18,23
42,1,17
13,15,13
3,9,1
15,4,52
26,8,28
2,14,11
17,10,34
43,0,23
28,6,9
60,4,60
49,0,39
6,11,39
42,3,46
34,6,58
37,3,47
0,8,60
23,8,30
29,9,14
19,7,36
33,2,43
1,16,27
23,12,25
37,7,55
8,8,41
7,6,50
8,11,4
20,13,17
20,9,34
54,2,48
22,3,48
21,10,34
24,9,9
10,6,45
1,12,54
12,8,43
7,8,45
30,5,60
20,5,63
24,3,38
48,3,44
52,0,40
55,1,37
28,8,11
25,9,12
8,14,32
15,10,36
14,6,43
31,2,43
25,8,6
8,16,15
38,1,43
18,4,45
30,2,35
33,0,0
36,4,18
18,15,22
7,6,54
2,9,3
30,1,39
15,11,6
35,9,61
3,15,16
35,6,21
10,9,0
36,8,56
24,4,52
61,3,57
24,12,18
14,6,41
60,2,47
2,9,50
41,0,21
39,2,46
44,5,52
9,8,55
51,8,62
21,5,57
56,9,63
33,8,22
3,8,45
54,1,42
7,15,32
39,5,51
21,5,42
47,4,45
28,8,29
21,7,0
23,9,6
40,0,3
53,2,50
15,15,27
3,17,27
43,1,17
5,8,44
54,6,58
27,8,30
28,5,57
41,1,30
52,6,54
46,7,56
55,7,59
30,3,4
8,6,51
39,1,25
30,3,1
29,6,7
32,6,25
33,4,30
44,9,59
42,7,55
27,6,4
33,3,49
45,5,45
13,9,43
43,2,47
12,5,45
52,0,32
34,2,48
55,7,62
4,9,0
51,8,59
45,0,41
4,8,58
61,5,59
59,4,59
20,6,63
38,2,27
55,0,38
60,6,59
26,2,45
9,5,54
25,5,59
2,13,9
18,7,42
53,1,45
11,5,50
38,12,63
27,3,40
20,10,8
2,11,50
10,14,8
23,13,20
20,6,1
48,11,63
8,6,59
47,6,52
29,8,10
23,6,37
23,4,42
29,6,28
12,11,33
44,11,62
38,2,8
12,13,11
18,8,34
41,1,16
38,1,47
29,5,34
40,11,60
23,14,20
12,9,1
25,5,62
24,8,31
32,7,14
47,3,41
20,4,56
26,4,2
28,4,37
3,9,60
60,6,62
48,0,39
20,8,37
29,7,29
42,1,22
11,14,28
17,7,0
15,16,24
60,7,63
37,4,11
33,3,48
25,6,32
39,8,56
6,15,27
27,4,41
3,11,35
6,19,19
26,11,21
51,5,55
40,9,60
59,1,47
46,4,47
6,10,40
34,2,6
33,6,62
39,0,33
27,4,35
13,4,52
8,17,24
16,10,34
43,1,18
18,14,15
36,5,14
8,6,62
0,15,31
12,6,60
41,1,15
0,13,36
62,1,54
9,9,2
27,8,14
2,9,46
39,6,56
16,7,37
53,0,35
18,4,57
57,7,60
2,11,46
2,13,32
5,17,26
37,2,11
13,7,0
43,4,51
33,3,52
17,9,4
15,8,40
36,4,9
24,4,40
21,10,10
3,17,19
53,8,61
31,1,38
8,18,24
21,9,35
41,2,15
24,10,25
19,9,33
3,9,3
8,13,30
34,9,59
26,3,38
34,7,19
4,9,48
25,10,11
46,1,36
2,8,0
13,6,62
55,1,48
1,12,45
14,6,58
33,8,20
14,17,22
2,7,63
12,13,31
17,12,12
19,15,20
22,5,39
24,6,3
43,10,59
38,8,56
56,0,35
17,15,19
1,10,51
48,6,54
44,1,42
10,8,38
9,12,4
21,14,17
44,8,52
14,8,40
27,11,19
12,10,35
32,3,2
28,8,27
5,8,46
42,1,26
16,6,41
43,2,43
61,4,63
27,6,32
15,15,25
25,11,14
44,0,21
3,10,51
62,5,63
6,8,52
35,5,25
32,6,63
40,7,54
1,13,12
39,1,27
23,6,1
0,11,7
2,10,52
24,3,47
18,4,41
22,7,6
10,7,50
22,14,20
16,8,35
14,14,14
3,11,3
31,6,10
23,5,39
60,4,56
33,7,18
20,12,29
10,12,33
12,6,42
59,4,54
4,11,48
16,13,34
24,10,13
38,9,59
39,10,61
19,3,44
9,8,42
52,6,52
38,5,54
38,2,19
36,3,20
53,6,58
31,5,30
34,4,6
28,4,56
29,8,25
26,8,27
11,6,56
26,11,23
16,9,5
0,9,2
35,5,56
25,10,16
43,2,17
36,4,51
36,5,28
25,6,34
33,1,35
21,8,6
37,10,60
7,16,27
58,5,62
44,9,54
1,16,19
37,0,6
29,4,6
16,17,20
54,3,54
59,7,62
24,5,34
36,6,24
41,3,43
4,17,24
50,8,59
11,9,36
34,5,27
8,14,8
32,3,36
7,15,29
9,11,36
28,7,31
12,15,14
39,4,52
50,7,55
9,6,61
33,6,22
24,5,2
20,9,35
10,14,34
30,5,29
40,1,31
23,4,53
20,5,0
41,7,52
52,4,49
32,8,24
16,8,36
54,3,50
14,5,48
8,8,39
11,15,27
60,3,55
33,6,24
24,7,7
9,6,45
23,5,60
15,5,48
37,2,29
32,6,59
54,5,56
22,11,11
10,13,32
23,13,15
29,6,11
9,8,43
20,14,17
18,15,19
8,6,55
19,5,43
42,2,48
23,6,34
11,12,5
4,10,49
3,16,26
40,0,36
5,7,61
10,5,51
24,2,44
23,9,28
55,0,33
18,6,0
26,4,54
38,0,33
28,2,45
26,7,30
56,4,55
42,2,10
34,2,33
9,10,0
35,1,2
16,10,7
35,8,63
42,7,53
27,2,42
30,1,37
21,13,17
16,13,9
38,3,45
9,17,25
42,1,10
10,7,63
61,4,59
36,9,63
28,8,10
8,7,40
39,1,10
16,15,17
23,11,28
56,0,42
6,13,10
21,13,26
37,2,9
7,6,57
22,4,53
25,6,1
36,1,42
9,9,36
24,12,16
22,6,40
23,11,27
33,3,31
0,11,11
41,1,19
43,6,49
27,5,35
31,6,26
30,10,18
43,1,13
0,7,59
39,2,9
16,10,36
32,7,23
10,8,0
19,7,3
42,11,59
28,8,12
22,5,60
2,9,49
14,16,16
4,10,39
12,6,62
15,5,60
16,5,55
30,8,18
44,1,11
36,0,40
22,11,15
13,13,34
3,9,61
58,6,61
21,4,38
11,13,32
53,2,43
5,10,55
32,2,38
18,5,54
30,10,20
33,8,14
4,13,30
1,8,3
7,8,53
4,9,55
40,0,24
40,6,55
49,1,34
15,8,37
31,8,17
19,5,56
22,8,37
26,7,35
8,18,18
48,10,61
35,2,5
52,1,43
15,15,16
53,4,55
38,4,12
20,9,36
41,3,45
50,0,39
52,0,42
10,10,4
58,1,44
1,10,47
18,8,38
32,2,0
13,10,35
57,0,40
8,16,30
27,8,28
25,10,27
45,1,17
18,4,48
6,16,26
30,8,12
39,1,26
40,6,54
25,8,11
43,7,55
5,15,14
21,5,0
11,15,12
57,0,49
2,19,23
36,3,52
51,0,38
29,6,4
36,0,34
58,1,49
34,7,17
12,9,2
21,7,40
43,1,21
33,1,36
31,5,29
11,5,57
43,12,62
39,0,30
39,4,15
13,5,58
27,10,19
44,8,53
42,0,38
44,1,38
46,1,37
55,5,53
4,18,24
30,5,4
1,8,57
49,1,39
38,4,26
59,0,44
18,9,5
0,11,37
6,19,21
0,12,47
20,3,42
34,3,34
23,13,19
51,2,42
13,14,31
12,6,58
23,5,62
10,10,39
41,9,58
47,5,49
36,5,25
30,4,7
3,9,40
49,8,57
41,2,47
55,2,48
27,11,23
27,10,12
57,5,56
27,8,27
19,5,58
18,11,10
33,5,25
36,4,23
11,14,11
49,7,56
1,10,3
31,7,11
33,3,53
52,2,43
28,8,26
20,12,9
7,8,54
19,7,1
17,5,54
55,0,43
22,8,36
23,5,35
50,3,44
38,2,30
22,13,19
15,5,62
10,6,50
25,7,8
1,14,13
53,4,47
19,7,38
54,5,53
44,10,60
48,1,41
47,7,53
33,6,18
48,2,41
44,3,44
14,10,6
51,1,40
52,4,54
4,11,35
43,2,13
13,13,7
18,15,18
47,2,39
17,15,25
14,13,28
1,9,56
30,4,5
27,9,13
55,1,35
6,18,22
18,3,45
6,6,55
9,10,34
16,5,47
11,17,16
28,4,38
2,16,16
38,11,60
16,8,1
53,4,54
33,6,57
40,7,56
24,8,30
41,5,53
39,2,10
4,16,15
52,6,57
0,10,40
5,10,35
11,7,53
18,15,17
40,1,29
60,2,48
10,6,53
45,4,49
34,1,38
17,11,6
10,5,47
2,12,33
39,7,53
34,10,63
5,14,31
36,2,30
9,9,37
24,7,5
23,4,54
18,13,27
49,2,46
7,17,17
16,9,4
8,9,0
2,10,4
45,9,58
61,4,54
33,8,15
31,4,7
17,12,8
35,1,4
14,9,3
28,6,31
13,15,15
8,12,5
26,6,3
31,2,34
44,5,45
48,2,37
17,6,46
19,4,40
1,11,56
54,0,33
24,12,15
35,3,33
18,10,9
38,4,10
38,2,31
14,6,44
4,7,61
33,3,4
6,16,15
38,7,55
24,6,1
56,6,57
48,5,52
9,6,59
25,6,6
6,10,47
58,1,46
32,6,60
6,11,35
35,3,50
27,10,15
38,0,40
36,3,9
23,8,5
48,10,62
24,12,24
13,13,29
31,8,19
17,9,6
12,9,41
42,7,54
48,1,39
13,5,44
56,4,54
30,7,11
47,3,42
7,7,52
13,8,42
8,7,45
25,11,15
13,17,21
34,6,15
24,3,45
32,6,23
8,17,26
26,3,44
30,2,37
4,17,18
9,7,53
12,15,28
20,8,39
21,10,12
16,10,3
2,14,32
57,6,60
57,0,36
3,18,26
41,1,14
13,6,51
4,15,16
44,1,12
42,12,62
34,4,55
42,2,41
34,4,11
62,0,50
34,10,62
2,9,45
41,0,27
23,2,42
54,0,38
26,10,11
10,10,1
58,0,43
45,7,50
1,9,41
38,2,32
47,4,47
32,6,58
33,3,6
24,10,15
58,4,56
46,2,43
22,5,58
34,0,0
39,0,34
25,3,52
58,4,53
25,9,11
40,1,8
23,6,39
19,11,28
34,5,10
20,4,42
1,15,31
42,1,20
21,12,27
1,12,12
30,5,5
41,10,58
57,2,48
27,5,60
6,9,1
19,10,33
52,4,51
13,15,11
16,16,22
51,8,61
41,2,16
41,1,22
29,5,30
40,8,57
8,6,50
51,1,36
4,17,26
9,10,2
15,16,16
29,6,63
20,8,34
29,5,4
21,8,38
14,4,46
36,7,59
54,5,52
36,4,52
24,10,10
35,5,55
0,14,52
35,4,11
58,4,58
48,0,33
24,6,5
2,10,48
32,1,33
43,1,12
24,3,44
29,6,5
45,6,51
33,7,24
50,1,42
41,2,43
38,3,22
58,4,54
27,2,39
10,11,3
33,2,50
37,9,60
11,10,2
1,10,62
31,2,1
52,6,58
6,7,48
60,0,50
39,1,11
42,0,12
17,4,48
42,4,51
6,18,24
35,1,42
59,5,58
5,15,11
6,17,26
28,2,41
16,11,31
22,7,3
46,4,49
23,9,7
36,1,31
43,1,20
55,0,32
2,11,45
53,2,49
46,0,11
51,3,44
54,2,42
47,0,17
33,2,31
11,5,56
22,8,32
26,3,42
38,4,52
41,3,50
3,12,9
26,9,27
36,3,27
33,7,25
6,14,12
37,4,13
11,9,3
48,1,40
6,6,54
26,9,15
2,15,27
21,12,17
3,7,59
18,13,13
7,18,25
3,9,0
10,14,31
6,11,3
1,8,60
0,16,16
41,3,15
11,17,19
37,0,38
9,11,35
53,6,56
30,2,0
56,8,63
5,10,39
27,3,38
26,11,15
27,8,6
9,9,43
36,8,61
17,4,56
36,1,0
39,6,55
21,13,25
38,3,27
27,10,17
0,12,36
26,4,0
17,5,47
52,0,39
34,3,2
43,0,19
34,5,11
30,6,6
27,9,16
26,3,51
5,11,40
0,13,47
25,6,38
2,15,14
30,1,0
7,15,12
29,2,37
25,5,41
49,8,60
31,5,60
62,4,60
14,17,21
57,8,63
7,6,49
12,13,7
43,5,52
26,6,35
41,2,11
24,9,30
3,9,38
6,13,35
35,1,44
50,1,43
32,3,50
4,16,17
40,11,59
15,11,33
38,2,24
16,6,45
14,16,15
23,10,28
2,11,57
40,2,25
8,18,19
40,9,59
7,9,36
25,11,16
24,6,38
21,8,5
28,4,0
4,15,12
24,5,39
11,11,3
6,11,41
0,15,30
21,4,55
23,13,16
0,11,50
5,10,41
21,14,21
9,12,8
26,10,16
15,11,5
1,10,59
2,9,57
46,2,44
31,6,8
8,9,39
26,6,33
39,1,47
42,9,54
60,0,51
51,3,43
21,6,37
37,1,4
15,5,42
3,11,38
36,0,2
8,15,31
27,10,18
4,11,41
40,2,28
32,2,31
28,4,3
36,6,18
33,3,35
35,1,5
46,2,42
58,1,48
23,3,44
20,5,61
8,11,39
21,9,6
50,1,35
25,7,34
38,1,21
25,10,15
36,10,63
30,9,18
30,4,33
62,5,61
0,9,61
58,4,57
44,0,41
45,0,14
40,9,58
5,8,47
57,3,53
49,4,45
34,5,26
21,3,45
9,7,44
39,2,16
40,0,37
20,12,27
9,16,12
49,9,63
50,9,63
21,12,24
33,2,42
51,3,50
13,8,45
12,8,44
19,5,0
20,8,1
1,9,57
14,10,36
11,6,49
16,11,10
49,7,57
22,12,13
39,0,42
23,14,21
15,12,6
21,11,30
60,5,59
39,12,63
1,15,15
42,0,20
26,6,8
29,4,38
18,9,4
36,3,31
32,4,4
39,2,49
35,7,55
23,10,13
26,11,24
32,4,31
2,7,58
5,15,13
15,16,20
44,0,9
34,5,17
30,7,27
35,7,54
14,6,62
26,9,30
15,5,44
2,10,53
26,8,10
6,13,8
20,11,11
36,3,24
8,8,49
38,3,47
31,6,12
4,14,29
45,0,42
54,8,63
53,8,62
42,0,19
5,12,35
4,9,49
25,3,41
23,5,63
14,14,10
3,13,10
33,7,15
51,0,40
57,0,43
33,3,30
35,2,33
8,9,44
34,3,29
29,9,20
24,12,21
2,10,61
16,12,31
29,5,61
4,10,40
25,7,31
39,2,17
10,16,13
40,2,23
22,10,11
31,1,43
2,10,45
18,12,11
7,9,0
22,14,21
10,5,54
2,10,58
35,8,60
38,10,60
32,4,35
36,3,23
41,2,17
8,8,38
43,4,47
49,5,52
23,8,32
21,10,11
31,7,12
38,1,4
34,4,8
29,2,35
1,10,6
23,10,11
51,0,34
19,4,57
24,10,26
29,2,48
52,1,41
50,4,45
40,2,18
21,4,52
52,2,41
2,12,8
27,9,27
32,1,42
0,13,44
21,6,63
18,11,6
37,3,30
4,17,16
10,6,61
19,8,36
43,0,40
27,2,46
36,8,62
34,5,9
42,5,52
52,2,36
51,7,57
5,9,47
14,13,11
16,6,44
25,4,58
13,11,5
41,4,50
37,5,13
51,3,46
42,2,14
29,9,21
26,2,46
50,0,35
20,8,33
13,10,6
15,8,39
33,5,24
2,9,51
0,18,26
0,11,39
15,10,2
13,10,36
17,10,33
1,18,20
12,6,51
9,17,17
20,7,5
13,8,2
31,7,62
5,13,30
22,9,4
29,3,4
58,2,54
0,12,52
22,11,10
9,16,16
46,8,55
4,13,34
15,16,15
61,3,54
55,3,53
34,1,39
5,10,50
3,10,35
21,11,26
1,10,48
56,6,60
0,6,0
18,4,51
57,7,62
24,12,23
41,3,13
50,3,45
5,7,60
0,12,7
11,16,16
15,8,41
21,10,35
44,2,40
19,4,56
37,8,61
35,6,57
10,15,11
14,6,59
2,12,52
60,5,62
46,3,44
29,7,8
16,14,15
57,8,62
2,9,56
24,11,25
18,5,40
26,10,28
52,1,39
26,6,2
2,11,51
29,6,30
35,5,11
27,10,23
51,3,49
27,2,38
20,14,19
7,8,44
33,2,49
0,10,60
34,4,12
40,0,5
38,12,61
36,2,28
34,8,58
52,5,51
17,10,32
5,13,31
14,10,5
15,9,35
7,8,38
38,2,44
57,7,59
7,17,15
1,18,21
44,1,16
19,4,54
9,8,50
58,5,58
16,5,45
9,7,43
12,17,23
30,3,34
34,4,27
8,10,42
17,5,58
17,12,11
38,1,27
7,15,14
49,2,40
58,0,48
27,5,2
57,2,53
14,5,43
9,10,3
1,12,47
25,10,13
34,6,26
51,5,48
40,0,22
21,6,35
22,6,63
1,9,5
27,9,25
42,5,48
49,2,43
41,4,44
8,6,63
13,13,10
38,1,30
5,8,55
20,3,45
53,5,53
53,8,59
44,6,49
35,6,25
34,5,13
9,9,44
30,3,0
29,4,55
39,0,35
24,7,33
28,4,52
5,16,13
8,7,43
35,6,56
43,6,51
24,4,54
20,3,48
15,6,47
6,8,44
8,18,20
19,8,3
8,10,43
52,4,52
9,8,38
28,6,63
20,5,1
11,6,40
25,12,26
1,17,17
1,10,50
36,6,16
27,9,23
4,16,14
13,6,43
21,7,62
14,5,44
5,14,12
25,2,39
2,11,49
1,13,51
25,6,7
3,16,17
29,5,8
6,10,4
27,9,28
23,6,5
41,0,3
39,2,48
8,11,35
33,3,2
38,5,15
16,9,37
8,17,17
9,9,40
16,4,53
30,5,58
7,11,3
0,12,49
4,7,60
38,2,10
16,5,57
32,1,38
6,7,43
0,11,58
22,13,15
24,13,21
27,10,27
22,8,31
26,11,18
1,10,4
8,15,29
58,0,46
33,1,40
34,3,35
21,3,41
38,0,31
29,10,16
40,3,14
19,9,35
28,3,53
46,3,46
41,12,63
23,7,4
1,7,0
36,4,26
2,11,6
26,6,4
28,9,12
1,17,19
53,1,43
50,2,45
18,11,29
15,10,5
20,7,36
44,0,40
29,10,20
38,1,31
0,9,58
58,5,56
0,8,3
57,1,43
63,4,57
19,5,61
2,18,25
0,17,25
5,17,25
14,11,34
31,1,0
21,11,12
31,3,53
15,6,63
60,0,44
41,5,52
15,11,8
49,3,44
12,16,13
11,6,45
1,11,43
7,14,10
61,1,51
47,0,39
26,9,28
24,5,36
30,5,7
18,12,27
16,6,40
34,7,63
38,1,8
63,5,60
42,2,17
31,7,21
22,6,41
8,14,10
14,17,20
33,5,12
30,7,25
56,4,51
6,8,49
23,12,18
36,2,3
20,10,35
25,2,47
29,7,10
21,8,63
47,1,39
54,1,46
27,4,33
45,0,10
19,13,28
35,6,23
11,12,6
17,10,7
13,15,14
6,9,44
22,6,1
46,1,40
12,7,40
10,6,59
46,2,40
30,4,35
1,9,43
35,6,19
8,9,43
27,11,18
40,4,17
15,6,39
15,14,16
7,8,37
13,11,36
16,7,44
8,10,44
54,1,49
47,6,54
2,14,29
56,7,60
32,6,9
44,6,53
12,4,49
11,18,18
1,11,8
32,0,0
54,0,39
45,8,55
50,4,51
44,1,43
52,7,57
49,8,59
8,7,42
0,16,29
1,10,57
25,11,22
49,9,60
38,10,59
37,1,46
33,3,36
10,14,11
13,16,17
2,12,32
14,15,26
22,4,54
22,7,4
47,1,41
26,4,3
25,6,5
44,2,43
39,0,39
4,12,8
63,1,55
23,6,41
63,2,55
62,2,57
17,6,45
30,8,10
15,6,44
52,2,48
45,0,39
35,0,2
37,7,56
38,9,60
30,2,40
58,0,49
19,6,39
36,1,30
57,6,59
34,5,14
7,13,8
52,5,53
35,6,18
6,7,54
11,11,36
12,6,61
14,14,27
39,4,16
3,7,62
39,0,26
18,5,46
7,17,26
34,4,5
22,6,2
60,1,48
16,12,28
8,9,42
32,1,0
1,9,61
6,18,20
9,15,10
27,10,22
30,8,26
24,10,30
43,0,21
11,9,37
48,0,36
41,7,53
35,0,1
26,11,26
33,5,26
53,5,51
25,5,39
0,10,62
14,15,25
3,14,12
31,1,40
25,7,4
5,16,28
8,12,34
46,6,51
51,7,60
13,9,36
18,9,34
8,6,47
21,9,8
1,7,62
50,7,54
30,7,29
37,1,2
10,7,39
1,8,63
3,11,33
48,8,59
36,11,63
54,3,48
0,12,53
26,2,42
16,11,5
49,10,63
26,3,46
50,3,49
2,9,58
38,2,47
15,10,6
33,1,33
39,2,14
7,8,41
35,1,1
35,2,45
15,13,28
35,5,21
28,2,1
5,14,8
33,4,53
9,7,61
15,14,25
12,6,57
5,11,44
0,11,42
38,4,45
1,18,26
5,9,44
27,2,37
3,10,55
28,4,32
11,16,28
56,0,37
5,14,13
3,8,58
59,2,55
0,10,10
3,10,58
8,15,30
25,11,21
3,11,49
40,4,16
33,5,58
36,1,41
27,11,22
12,9,43
3,9,49
9,17,26
36,6,23
38,3,50
52,8,58
13,14,29
34,3,9
40,3,23
23,13,21
3,11,34
53,0,32
22,13,18
9,8,49
29,1,39
14,14,12
20,4,55
29,10,23
6,7,53
33,1,44
30,4,54
8,13,7
39,0,37
8,14,11
2,8,58
55,8,63
20,7,63
36,2,4
51,1,34
37,8,58
57,7,61
35,5,26
33,8,19
23,10,8
40,0,10
23,11,30
13,6,58
49,2,44
18,8,2
0,12,45
27,5,1
19,14,16
59,4,53
19,12,11
41,10,59
23,9,30
15,16,21
41,8,52
28,2,44
0,11,8
44,8,54
13,12,35
39,1,21
12,10,4
20,14,22
14,13,12
13,15,26
41,8,58
32,2,48
12,6,50
27,8,12
0,12,56
28,3,0
40,2,14
5,9,53
24,2,40
58,5,55
63,2,59
10,6,60
5,10,0
46,10,62
46,2,39
34,3,51
43,0,12
12,16,27
0,9,60
36,4,17
9,8,41
16,12,11
30,4,59
29,2,38
37,2,25
38,4,23
1,17,25
32,4,6
11,13,8
15,5,53
8,14,7
1,10,46
27,7,7
29,4,36
21,13,14
22,11,12
6,13,7
29,4,1
31,6,11
63,2,58
22,4,58
37,1,30
8,7,51
8,11,41
29,1,38
17,14,12
26,9,29
33,2,44
30,6,7
8,9,41
7,13,9
56,2,49
48,2,39
12,6,49
22,13,17
14,12,35
21,11,11
8,13,37
4,13,11
26,6,7
23,11,25
23,5,0
24,4,41
22,8,34
25,5,1
10,8,47
23,12,20
43,0,8
58,2,47
26,6,62
5,7,53
29,9,13
5,13,11
51,3,42
12,6,46
2,9,0
4,15,27
8,11,37
17,15,20
52,1,46
26,4,34
39,2,7
51,2,48
13,9,44
36,1,37
40,4,49
43,3,44
11,6,63
21,14,16
10,8,42
53,3,49
55,4,50
2,13,10
28,3,1
27,2,44
14,13,8
50,1,37
26,2,44
32,2,32
8,16,16
14,5,61
39,2,26
58,2,51
19,10,30
37,3,21
24,4,53
38,3,14
12,13,6
20,12,25
33,2,5
26,7,32
11,6,47
9,18,24
54,0,45
40,0,8
4,11,43
52,3,48
32,1,34
43,11,61
4,9,58
55,4,54
18,11,31
35,0,33
23,5,61
34,2,1
57,1,50
22,11,13
10,16,26
31,1,39
48,1,42
43,0,27
4,8,60
32,6,13
33,5,56
9,7,54
28,10,21
7,6,62
19,4,41
1,10,7
28,6,5
5,7,57
34,8,63
27,4,58
12,5,50
53,6,59
7,10,1
6,19,20
58,6,58
31,5,27
33,2,36
21,7,38
38,3,44
40,0,27
34,6,25
25,6,33
61,6,63
37,0,40
30,3,3
25,3,37
40,6,52
0,10,59
2,8,1
50,8,57
29,7,13
12,11,6
57,3,54
27,4,34
2,16,27
26,4,41
37,4,10
56,1,46
20,13,24
9,7,50
41,1,29
19,11,29
23,2,44
51,2,46
31,9,20
29,2,45
37,5,14
5,12,6
18,4,54
55,5,57
4,19,22
12,11,3
43,8,53
50,4,48
32,5,7
5,18,18
21,4,50
56,7,58
15,16,18
19,15,23
23,3,41
48,6,53
21,13,16
14,14,13
21,5,41
45,9,59
18,14,26
7,12,37
28,8,13
4,12,6
53,0,44
24,7,35
51,9,62
30,9,14
23,7,7
31,8,13
21,7,39
36,2,7
18,8,63
22,10,30
56,4,56
47,6,51
49,3,47
25,5,36
6,7,56
58,0,41
8,17,23
6,15,35
40,2,43
49,4,48
59,3,55
7,6,53
9,8,0
17,5,44
26,10,17
40,0,31
48,8,60
32,2,42
51,2,39
4,8,52
10,15,31
61,2,53
54,6,60
28,8,24
56,1,42
16,16,24
57,1,52
28,3,41
6,9,41
46,0,15
11,9,0
24,4,59
50,9,60
56,4,53
32,3,52
43,9,59
2,10,7
26,5,60
2,10,43
18,11,9
1,11,35
39,1,8
34,4,10
6,15,29
16,15,26
9,12,6
22,11,14
28,5,3
11,15,28
48,2,38
49,5,51
40,1,45
4,14,32
31,1,37
36,6,57
50,1,36
24,11,12
2,9,48
23,3,49
37,2,5
56,5,57
15,4,50
8,6,48
9,7,52
10,12,8
43,9,57
18,6,46
27,11,17
37,1,5
15,14,14
39,0,8
45,7,52
39,3,51
28,10,12
25,2,43
40,1,20
25,11,17
20,15,22
17,12,34
19,8,63
0,15,17
5,10,54
16,14,13
11,18,21
52,4,50
23,5,3
13,12,32
11,6,62
11,16,13
20,3,46
16,4,51
1,15,29
24,6,0
59,0,45
62,1,56
17,13,11
22,12,15
27,3,37
8,18,22
41,0,23
40,10,60
19,14,26
20,6,39
23,12,21
5,18,24
35,4,10
18,10,30
31,7,13
60,2,49
36,0,35
20,13,12
22,3,42
20,10,31
62,2,54
60,4,58
34,1,43
48,2,45
4,8,41
40,3,44
43,1,11
0,11,6
42,1,43
43,8,52
45,8,54
28,11,17
0,9,1
6,14,36
29,5,2
47,1,34
42,0,26
7,8,48
53,1,47
46,0,14
28,10,23
39,8,54
15,6,60
3,18,21
5,16,17
18,7,41
0,13,46
33,8,62
40,0,34
43,0,13
23,3,46
25,3,42
22,10,29
8,16,26
8,9,1
33,7,19
0,10,38
19,4,48
32,5,28
59,5,56
9,9,1
33,6,58
1,14,30
24,9,31
33,4,27
39,3,23
25,12,19
40,0,21
31,8,20
2,14,14
22,8,7
4,10,53
0,11,5
54,0,34
21,4,42
33,4,8
19,8,2
25,4,57
59,5,60
8,7,61
11,10,36
39,4,46
20,8,3
36,0,38
33,7,17
37,3,23
28,1,39
17,12,28
9,6,56
15,4,48
30,4,56
28,3,2
4,8,53
15,14,27
7,18,24
39,2,6
59,1,46
52,7,59
5,8,49
36,0,1
8,11,1
14,16,22
30,7,12
61,0,50
39,10,62
17,15,15
28,4,40
34,1,3
62,3,58
19,8,1
34,6,16
0,9,6
1,10,39
5,13,33
17,14,13
63,3,61
52,0,31
8,14,30
51,8,57
5,6,57
21,4,40
38,2,25
18,5,41
8,16,28
16,5,59
47,2,40
14,5,60
50,6,53
2,15,17
13,17,19
33,3,5
6,14,8
31,6,28
11,5,58
43,8,56
33,6,11
55,1,39
10,10,2
28,9,17
33,6,14
21,14,22
41,6,55
54,9,62
35,4,25
14,14,29
16,5,46
36,3,29
9,16,30
2,11,34
6,8,53
10,16,14
37,2,4
29,1,42
44,7,55
12,5,53
15,8,1
0,12,44
23,4,57
17,8,35
35,5,54
