0,16,0
0,16,1
0,16,2
0,16,3
0,16,4
0,17,4
0,16,5
0,17,5
0,17,6
0,17,7
0,17,8
0,17,9
0,18,9
0,17,10
0,18,10
0,18,11
0,19,11
0,18,12
0,19,12
0,19,13
0,20,13
0,19,14
0,20,14
0,20,15
0,21,15
0,20,16
0,21,16
0,21,17
0,21,18
0,22,18
0,23,18
0,22,19
0,23,19
0,22,20
0,23,20
0,23,21
0,23,22
0,23,23
0,23,24
0,23,25
0,23,26
0,23,27
0,23,28
0,23,29
0,23,30
0,23,31
0,23,32
1,16,0
1,16,1
1,17,1
1,16,2
1,17,2
1,16,3
1,17,3
1,16,4
1,17,4
1,17,5
1,17,6
1,17,7
1,17,8
1,17,9
1,17,10
1,18,10
1,18,11
1,18,12
1,19,12
1,18,13
1,19,13
1,19,14
1,20,14
1,20,15
1,20,16
1,21,16
1,20,17
1,21,17
1,21,18
1,22,18
1,23,18
1,21,19
1,22,19
1,23,19
1,22,20
1,23,20
1,22,21
1,23,21
1,23,22
1,23,23
1,23,27
1,23,28
1,23,29
1,23,30
1,23,31
2,16,0
2,17,0
2,16,1
2,17,1
2,16,2
2,17,2
2,17,3
2,17,4
2,17,5
2,17,6
2,17,7
2,17,8
2,17,9
2,17,10
2,18,10
2,17,11
2,18,11
2,18,12
2,19,12
2,18,13
2,19,13
2,19,14
2,20,14
2,19,15
2,20,15
2,20,16
2,20,17
2,21,17
2,21,18
2,21,19
2,22,19
2,23,19
2,22,20
2,23,20
2,22,21
2,23,21
2,23,22
2,23,23
3,16,0
3,17,0
3,16,1
3,17,1
3,18,1
3,17,2
3,18,2
3,17,3
3,18,3
3,17,4
3,18,4
3,17,5
3,18,5
3,19,5
3,17,6
3,18,6
3,19,6
3,17,7
3,18,7
3,19,7
3,17,8
3,18,8
3,17,9
3,18,9
3,17,10
3,18,10
3,17,11
3,18,11
3,18,12
3,18,13
3,19,13
3,19,14
3,19,15
3,20,15
3,19,16
3,20,16
3,20,17
3,21,17
3,20,18
3,21,18
3,22,18
3,21,19
3,22,19
3,23,19
3,22,20
3,23,20
3,22,21
3,23,21
3,23,22
3,23,23
4,17,0
4,18,0
4,17,1
4,18,1
4,19,1
4,17,2
4,18,2
4,19,2
4,18,3
4,19,3
4,18,4
4,19,4
4,18,5
4,19,5
4,20,5
4,18,6
4,19,6
4,20,6
4,17,7
4,18,7
4,19,7
4,20,7
4,17,8
4,18,8
4,19,8
4,18,9
4,19,9
4,17,10
4,18,10
4,19,10
4,17,11
4,18,11
4,18,12
4,18,13
4,19,13
4,18,14
4,19,14
4,19,15
4,19,16
4,20,16
4,20,17
4,21,17
4,20,18
4,21,18
4,21,19
4,22,19
4,23,19
4,21,20
4,22,20
4,23,20
4,22,21
4,23,21
4,23,22
4,23,23
5,17,0
5,18,0
5,19,0
5,18,1
5,19,1
5,18,2
5,19,2
5,20,2
5,18,3
5,19,3
5,20,3
5,18,4
5,19,4
5,20,4
5,18,5
5,19,5
5,20,5
5,18,6
5,19,6
5,20,6
5,18,7
5,19,7
5,20,7
5,18,8
5,19,8
5,20,8
5,18,9
5,19,9
5,20,9
5,18,10
5,19,10
5,18,11
5,19,11
5,18,12
5,19,12
5,18,13
5,18,14
5,19,14
5,19,15
5,19,16
5,20,16
5,20,17
5,20,18
5,21,18
5,21,19
5,22,19
5,23,19
5,21,20
5,22,20
5,23,20
5,22,21
5,23,21
5,22,22
5,23,22
5,23,23
6,18,0
6,19,0
6,18,1
6,19,1
6,20,1
6,19,2
6,20,2
6,19,3
6,20,3
6,19,4
6,20,4
6,21,4
6,19,5
6,20,5
6,21,5
6,19,6
6,20,6
6,21,6
6,19,7
6,20,7
6,21,7
6,19,8
6,20,8
6,21,8
6,18,9
6,19,9
6,20,9
6,18,10
6,19,10
6,18,11
6,19,11
6,18,12
6,19,12
6,18,13
6,18,14
6,19,14
6,18,15
6,19,15
6,19,16
6,20,16
6,19,17
6,20,17
6,20,18
6,21,18
6,21,19
6,21,20
6,22,20
6,23,20
6,22,21
6,23,21
6,23,22
6,23,23
7,18,0
7,19,0
7,20,0
7,19,1
7,20,1
7,19,2
7,20,2
7,19,3
7,20,3
7,20,4
7,21,4
7,20,5
7,21,5
7,20,6
7,21,6
7,19,7
7,20,7
7,21,7
7,19,8
7,20,8
7,21,8
7,19,9
7,20,9
7,21,9
7,19,10
7,20,10
7,19,11
7,20,11
7,18,12
7,19,12
7,20,12
7,18,13
7,19,13
7,18,14
7,19,14
7,18,15
7,19,15
7,19,16
7,19,17
7,20,17
7,20,18
7,21,18
7,20,19
7,21,19
7,21,20
7,22,20
7,22,21
7,23,21
7,22,22
7,23,22
7,23,23
8,19,0
8,20,0
8,19,1
8,20,1
8,19,2
8,20,2
8,20,3
8,21,3
8,20,4
8,21,4
8,20,5
8,21,5
8,22,5
8,20,6
8,21,6
8,22,6
8,20,7
8,21,7
8,20,8
8,21,8
8,20,9
8,21,9
8,20,10
8,21,10
8,19,11
8,20,11
8,21,11
8,22,11
8,19,12
8,20,12
8,21,12
8,22,12
8,19,13
8,20,13
8,18,14
8,19,14
8,20,14
8,18,15
8,19,15
8,19,16
8,19,17
8,20,17
8,20,18
8,21,18
8,20,19
8,21,19
8,21,20
8,22,20
8,22,21
8,23,21
8,23,22
8,23,23
9,19,0
9,20,0
9,21,0
9,19,1
9,20,1
9,21,1
9,20,2
9,20,3
9,21,3
9,20,4
9,21,4
9,22,4
9,21,5
9,22,5
9,23,5
9,21,6
9,22,6
9,21,7
9,22,7
9,23,7
9,21,8
9,22,8
9,23,8
9,20,9
9,21,9
9,22,9
9,21,10
9,22,10
9,20,11
9,21,11
9,22,11
9,20,12
9,21,12
9,22,12
9,19,13
9,20,13
9,21,13
9,19,14
9,20,14
9,19,15
9,20,15
9,19,16
9,20,16
9,19,17
9,20,17
9,20,18
9,21,18
9,20,19
9,21,19
9,21,20
9,22,20
9,22,21
9,23,21
9,22,22
9,23,22
9,23,23
10,19,0
10,20,0
10,21,0
10,20,1
10,21,1
10,20,2
10,21,2
10,20,3
10,21,3
10,22,3
10,21,4
10,22,4
10,21,5
10,22,5
10,23,5
10,21,6
10,22,6
10,23,6
10,21,7
10,22,7
10,23,7
10,21,8
10,22,8
10,23,8
10,21,9
10,22,9
10,21,10
10,22,10
10,21,11
10,22,11
10,20,12
10,21,12
10,22,12
10,20,13
10,21,13
10,22,13
10,20,14
10,21,14
10,19,15
10,20,15
10,19,16
10,19,17
10,20,17
10,20,18
10,21,18
10,20,19
10,21,19
10,21,20
10,22,20
10,22,21
10,23,21
10,23,22
10,23,23
11,19,0
11,20,0
11,21,0
11,20,1
11,21,1
11,20,2
11,21,2
11,22,2
11,21,3
11,22,3
11,21,4
11,22,4
11,21,5
11,22,5
11,23,5
11,22,6
11,23,6
11,22,7
11,23,7
11,22,8
11,23,8
11,22,9
11,23,9
11,22,10
11,23,10
11,21,11
11,22,11
11,23,11
11,21,12
11,22,12
11,23,12
11,20,13
11,21,13
11,22,13
11,20,14
11,21,14
11,22,14
11,20,15
11,21,15
11,19,16
11,20,16
11,21,16
11,19,17
11,20,17
11,21,17
11,20,18
11,21,18
11,20,19
11,21,19
11,21,20
11,22,20
11,22,21
11,23,21
11,23,22
11,23,23
12,20,0
12,21,0
12,20,1
12,21,1
12,22,1
12,21,2
12,22,2
12,21,3
12,22,3
12,23,3
12,21,4
12,22,4
12,23,4
12,22,5
12,23,5
12,22,6
12,23,6
12,22,7
12,23,7
12,22,8
12,23,8
12,22,9
12,23,9
12,22,10
12,23,10
12,22,11
12,23,11
12,22,12
12,23,12
12,22,13
12,23,13
12,21,14
12,22,14
12,20,15
12,21,15
12,22,15
12,19,16
12,20,16
12,21,16
12,22,16
12,19,17
12,20,17
12,21,17
12,22,17
12,20,18
12,21,18
12,22,18
12,20,19
12,21,19
12,22,19
12,21,20
12,22,20
12,22,21
12,23,21
12,23,22
12,23,23
13,20,0
13,21,0
13,20,1
13,21,1
13,22,1
13,21,2
13,22,2
13,23,2
13,21,3
13,22,3
13,23,3
13,22,4
13,23,4
13,22,5
13,23,5
13,22,6
13,23,6
13,23,7
13,23,8
13,23,9
13,23,10
13,23,11
13,22,12
13,23,12
13,22,13
13,23,13
13,21,14
13,22,14
13,23,14
13,21,15
13,22,15
13,20,16
13,21,16
13,22,16
13,20,17
13,21,17
13,22,17
13,20,18
13,21,18
13,22,18
13,20,19
13,21,19
13,22,19
13,21,20
13,22,20
13,22,21
13,23,21
13,23,22
13,23,23
14,20,0
14,21,0
14,22,0
14,21,1
14,22,1
14,21,2
14,22,2
14,23,2
14,22,3
14,23,3
14,22,4
14,23,4
14,22,5
14,23,5
14,23,6
14,23,7
14,23,8
14,23,9
14,23,10
14,23,11
14,23,12
14,22,13
14,23,13
14,22,14
14,23,14
14,21,15
14,22,15
14,23,15
14,21,16
14,22,16
14,23,16
14,20,17
14,21,17
14,22,17
14,23,17
14,20,18
14,21,18
14,22,18
14,20,19
14,21,19
14,22,19
14,21,20
14,22,20
14,22,21
14,23,21
14,23,22
14,23,23
15,20,0
15,21,0
15,22,0
15,21,1
15,22,1
15,21,2
15,22,2
15,23,2
15,22,3
15,23,3
15,22,4
15,23,4
15,23,5
15,23,6
15,23,7
15,23,8
15,23,9
15,23,11
15,23,12
15,23,13
15,23,14
15,22,15
15,23,15
15,21,16
15,22,16
15,23,16
15,21,17
15,22,17
15,23,17
15,21,18
15,22,18
15,23,18
15,21,19
15,22,19
15,23,19
15,21,20
15,22,20
15,22,21
15,23,21
15,22,22
15,23,22
15,23,23
16,20,0
16,21,0
16,22,0
16,21,1
16,22,1
16,23,1
16,22,2
16,23,2
16,22,3
16,23,3
16,22,4
16,23,4
16,23,5
16,23,6
16,23,7
16,23,13
16,23,14
16,23,15
16,22,16
16,23,16
16,22,17
16,23,17
16,22,18
16,23,18
16,21,19
16,22,19
16,23,19
16,21,20
16,22,20
16,23,20
16,21,21
16,22,21
16,23,21
16,22,22
16,23,22
16,23,23
17,20,0
17,21,0
17,21,1
17,22,1
17,23,1
17,22,2
17,23,2
17,22,3
17,23,3
17,23,4
17,23,5
17,23,6
17,23,14
17,23,15
17,23,16
17,23,17
17,22,18
17,23,18
17,22,19
17,23,19
17,21,20
17,22,20
17,23,20
17,21,21
17,22,21
17,23,21
17,22,22
17,23,22
17,23,23
18,21,0
18,21,1
18,22,1
18,23,1
18,22,2
18,23,2
18,22,3
18,23,3
18,23,4
18,23,5
18,23,15
18,23,16
18,23,17
18,23,18
18,22,19
18,23,19
18,22,20
18,23,20
18,22,21
18,23,21
18,23,22
18,23,23
19,21,0
19,21,1
19,22,1
19,23,1
19,22,2
19,23,2
19,23,3
19,23,4
19,23,18
19,23,19
19,22,20
19,23,20
19,22,21
19,23,21
19,22,22
19,23,22
19,23,23
20,21,0
20,22,0
20,22,1
20,23,1
20,22,2
20,23,2
20,23,3
20,23,4
20,23,19
20,23,20
20,23,21
20,23,22
20,23,23
20,23,24
21,22,0
21,23,0
21,22,1
21,23,1
21,23,2
21,23,3
21,23,21
21,23,22
21,23,23
21,23,24
21,23,25
22,23,0
22,23,1
22,23,2
22,23,3
23,23,0
23,23,1
23,23,2
23,23,3
