53,7,63
37,11,40
31,14,61
22,7,59
41,13,49
0,0,62
29,8,49
37,13,55
46,4,35
62,1,54
23,6,47
44,1,30
23,0,23
49,5,34
35,13,55
16,0,46
51,8,57
50,8,50
52,6,44
16,2,42
37,14,60
23,4,49
59,0,50
31,11,48
56,1,33
32,11,42
45,11,53
20,4,47
22,6,47
34,11,51
41,13,56
26,7,51
59,3,60
36,0,26
17,3,47
35,10,39
31,10,57
54,6,54
29,11,60
23,3,28
15,2,36
51,8,55
46,9,47
24,5,57
40,1,28
28,2,27
42,12,61
15,1,46
41,11,57
27,8,48
24,6,32
41,4,31
19,5,34
57,0,30
56,2,33
46,11,52
26,8,45
30,11,49
55,0,31
23,7,40
45,6,37
52,7,49
35,5,32
42,11,55
53,4,35
48,10,62
31,12,63
46,2,31
20,5,57
19,1,51
53,3,32
22,7,62
27,9,57
31,8,32
19,5,58
30,10,51
30,10,52
16,4,33
20,3,51
29,9,55
43,13,59
38,8,35
30,9,58
23,7,63
40,13,63
40,8,36
55,5,54
32,6,32
52,7,51
37,11,42
46,8,41
18,2,28
19,4,60
53,4,37
16,3,44
59,0,44
49,6,39
53,5,53
25,9,41
33,5,31
33,9,37
45,11,57
32,10,58
25,3,28
39,11,46
28,12,63
13,0,37
60,2,56
14,0,47
18,5,34
13,0,47
30,6,32
15,0,53
54,4,52
52,9,60
40,12,52
32,10,52
16,2,56
12,0,43
49,7,38
35,8,36
32,11,46
49,9,50
37,12,56
40,8,38
34,12,59
35,11,58
17,2,42
42,11,45
14,1,36
30,9,38
43,11,52
28,9,57
17,3,62
51,10,58
22,7,63
30,10,53
20,2,52
32,11,60
31,6,32
50,8,46
27,7,50
44,11,41
28,7,55
30,10,57
17,0,48
28,6,55
44,10,58
46,13,62
18,2,55
40,13,50
22,6,32
36,13,58
25,1,25
51,8,40
21,5,30
32,11,49
35,12,54
60,1,53
44,9,41
24,0,24
47,10,47
34,1,26
30,3,27
24,8,60
29,6,32
50,6,44
34,10,56
15,2,59
26,8,42
22,1,25
49,9,53
44,11,52
15,1,47
55,2,34
53,8,62
14,1,28
38,12,48
58,1,45
51,8,58
30,3,28
26,1,25
12,0,54
35,6,32
49,7,48
27,9,44
16,2,57
44,11,60
50,7,44
38,7,34
52,5,41
63,2,57
42,11,46
43,1,30
36,3,30
36,10,41
50,9,55
24,5,52
22,6,61
23,6,59
46,12,52
29,10,52
45,0,28
36,12,51
36,12,57
29,9,49
28,8,45
12,0,28
29,0,25
36,12,46
57,1,35
44,12,48
20,1,25
23,6,34
51,5,34
30,9,43
32,10,38
19,5,62
52,1,32
53,7,52
45,12,56
14,2,33
15,1,45
42,3,31
36,12,53
55,3,47
25,7,34
42,12,60
43,4,34
42,11,42
33,10,40
15,3,32
18,3,30
52,8,53
50,9,48
17,0,25
22,7,37
41,11,45
62,2,57
50,4,33
18,0,23
63,2,54
29,6,31
35,13,60
13,1,57
12,0,29
54,5,56
34,11,44
63,5,59
34,11,49
17,3,43
45,10,47
54,8,60
37,1,27
26,8,35
53,9,61
31,4,30
13,1,53
47,11,60
48,7,42
45,13,54
51,6,45
34,10,37
44,1,29
44,10,57
33,14,61
37,5,33
46,5,36
16,0,26
16,0,50
26,8,46
56,3,56
35,13,56
54,6,48
46,11,48
47,7,38
33,12,51
17,2,61
40,14,58
51,9,48
54,8,58
34,11,41
32,11,53
31,10,59
48,10,48
56,4,50
18,4,41
18,1,55
34,11,53
49,10,61
54,6,60
43,12,45
32,11,58
40,13,53
24,6,47
63,7,61
34,10,38
60,1,54
16,2,58
57,3,52
40,11,43
49,9,60
35,9,38
51,8,62
39,12,55
14,0,46
40,10,40
59,0,51
35,11,46
19,4,39
45,2,32
18,0,51
18,4,36
54,8,61
55,6,59
15,1,61
18,5,37
48,3,32
60,2,55
27,8,45
51,10,62
44,12,60
41,11,58
24,7,33
39,13,49
56,3,50
19,5,36
49,7,46
46,3,32
41,13,62
52,5,46
25,7,35
44,11,43
19,4,45
33,7,33
52,8,63
27,5,29
59,3,58
34,14,62
50,8,51
25,8,46
42,13,60
39,3,31
23,7,35
49,1,31
19,2,27
41,13,53
30,9,49
27,9,42
16,2,46
52,3,34
36,11,58
47,10,56
47,7,39
23,7,42
46,8,37
48,4,33
49,2,31
38,4,32
25,7,46
27,2,25
16,1,45
42,0,29
21,4,29
28,9,45
30,9,51
26,8,47
26,8,38
21,0,23
40,0,27
14,1,33
28,0,23
52,5,42
38,6,34
46,10,48
22,6,38
50,2,32
37,4,31
55,1,31
43,12,53
16,0,49
43,11,54
32,3,27
14,1,47
59,1,35
24,5,51
23,5,32
34,12,49
19,5,40
29,10,41
26,8,37
49,8,49
54,6,51
42,10,45
21,3,27
45,5,36
21,2,25
27,9,48
33,12,47
40,13,59
18,1,50
36,12,50
41,13,59
23,8,62
39,6,33
54,8,59
51,9,57
17,3,35
28,8,58
56,5,57
34,5,32
47,8,44
21,3,29
41,11,42
49,8,58
29,9,58
23,8,61
60,0,46
32,11,41
46,11,55
39,12,52
33,2,28
21,3,49
11,0,53
58,5,61
60,0,32
34,11,52
27,6,53
59,4,60
60,2,58
18,1,48
58,0,40
47,2,31
52,8,55
32,12,47
45,11,42
33,13,63
53,5,49
35,14,63
53,3,33
31,9,51
31,11,51
36,11,44
26,5,55
15,1,30
45,9,42
24,5,31
44,11,44
19,4,44
34,11,58
41,12,46
62,1,55
55,5,52
57,2,35
39,13,61
61,1,53
50,0,29
28,8,34
32,12,51
55,4,56
27,8,36
21,7,35
24,6,33
42,12,50
13,0,59
36,5,32
40,6,34
20,5,40
28,3,27
16,2,41
23,4,28
53,4,41
13,1,34
18,3,42
43,12,51
38,12,53
17,1,48
38,13,52
51,8,61
21,6,37
42,10,40
33,11,59
53,7,53
31,13,63
19,4,33
16,0,25
46,12,61
23,7,44
41,5,32
61,1,55
40,2,30
47,10,54
16,1,26
49,8,52
43,13,52
21,5,33
48,8,46
24,1,24
33,0,25
35,15,61
58,3,59
46,5,35
39,2,29
37,6,33
44,11,48
57,1,43
13,0,63
35,15,62
18,4,58
56,3,45
37,14,59
50,7,47
56,7,63
16,3,35
31,9,55
26,8,36
29,11,40
58,3,58
19,0,52
30,8,51
25,7,47
32,14,61
21,7,61
21,7,39
31,11,50
25,7,60
37,14,54
57,5,60
28,9,48
57,6,60
48,9,40
47,4,35
59,0,33
62,2,58
58,1,47
43,13,50
45,10,60
32,8,34
59,2,57
19,4,38
26,4,27
57,1,45
59,1,48
30,11,44
23,7,60
45,12,53
40,13,51
43,12,47
45,10,43
54,4,38
54,6,61
43,13,51
58,1,54
17,2,56
45,13,55
47,11,48
41,0,27
49,8,40
54,5,55
32,7,34
42,5,34
56,3,58
17,1,47
37,14,62
55,3,42
38,9,37
47,12,62
54,6,59
33,10,53
38,9,38
44,14,63
49,8,55
54,7,54
27,8,35
17,3,45
46,10,57
28,11,63
59,0,39
25,4,28
31,10,39
17,1,27
31,9,50
20,6,39
48,10,54
49,8,56
47,12,59
19,5,35
38,12,47
16,2,31
54,4,37
40,1,29
29,10,47
50,8,39
55,5,53
49,9,54
38,5,33
15,2,35
16,2,30
43,6,35
31,10,51
43,2,32
44,12,62
31,10,56
40,12,59
26,5,31
24,7,40
44,5,34
32,6,31
45,6,36
43,13,63
56,3,49
25,10,63
30,9,36
19,5,42
40,7,35
15,2,43
55,8,63
40,5,32
26,7,57
13,0,28
14,0,58
37,12,45
57,0,32
42,14,63
39,12,59
50,1,31
15,0,54
49,8,50
54,6,62
42,8,38
63,8,62
21,3,54
28,8,46
28,10,41
56,3,35
48,9,46
44,11,51
48,9,58
59,0,37
41,12,52
48,11,58
52,5,38
49,9,52
22,7,35
26,8,39
14,1,55
32,7,33
26,9,44
45,9,41
40,0,28
20,4,30
54,7,53
52,6,53
43,3,33
20,5,42
17,2,47
35,3,29
63,1,54
24,4,56
17,3,30
14,0,42
33,10,39
46,12,58
57,2,46
32,10,41
48,10,52
29,5,30
38,0,26
38,13,54
56,0,30
30,10,50
33,11,44
41,13,48
29,10,58
42,12,46
21,5,32
55,0,30
33,0,26
28,1,23
44,11,59
26,8,48
54,7,61
39,12,47
41,1,30
37,5,32
43,13,54
56,2,39
24,7,59
21,3,52
52,9,54
58,0,30
38,9,36
25,6,50
46,4,33
42,11,48
48,8,47
36,8,35
57,2,45
44,13,53
42,12,49
38,9,40
53,7,49
32,11,48
40,12,54
28,6,53
58,2,47
53,4,34
58,1,51
38,14,63
56,3,42
20,4,44
63,6,60
55,4,50
24,8,62
55,4,51
13,0,61
44,7,38
35,11,41
42,11,60
50,6,43
37,13,52
23,7,43
22,7,43
13,1,55
32,1,25
49,0,30
53,7,61
43,11,59
55,4,55
43,13,62
25,0,23
14,1,46
39,11,42
44,6,37
33,12,59
44,11,53
53,7,58
35,16,62
57,2,51
43,0,29
46,3,33
32,4,28
24,3,27
54,1,32
12,0,44
30,9,47
45,13,63
42,4,32
37,9,37
51,4,35
20,5,35
46,10,60
28,7,51
41,1,29
22,4,55
20,5,46
28,8,57
57,2,42
53,5,36
18,5,43
38,13,50
50,9,47
46,5,34
54,7,63
47,11,53
62,0,50
42,12,57
57,7,62
42,13,53
54,4,43
40,14,54
46,12,53
53,7,59
24,7,45
21,6,47
23,6,35
32,13,61
34,10,42
26,0,22
20,4,48
57,2,41
44,12,57
17,2,48
42,7,37
39,0,26
56,6,60
56,5,61
62,3,57
24,1,25
13,0,45
41,15,63
44,12,53
41,12,59
16,0,47
35,4,29
15,0,47
58,1,33
26,7,34
22,7,42
44,6,36
53,4,44
32,0,24
29,8,34
53,5,50
46,7,38
15,1,58
55,3,41
16,1,42
46,9,41
56,7,60
51,6,40
47,11,47
38,12,45
40,10,41
25,8,37
17,2,29
24,4,54
20,3,48
50,7,38
41,3,30
56,2,46
25,6,31
47,10,55
48,6,36
43,11,53
37,0,26
47,10,44
46,12,59
43,11,41
47,10,46
46,0,29
47,9,47
55,5,59
40,11,44
26,5,51
30,11,39
20,2,53
32,9,57
38,13,55
17,2,40
20,2,51
27,8,38
25,8,47
49,10,56
31,11,60
19,2,48
51,7,49
63,5,61
26,8,43
31,10,48
27,12,62
22,5,46
15,1,39
45,13,52
52,8,58
13,0,53
34,10,39
61,3,59
46,11,58
39,5,32
16,0,52
34,7,35
51,6,39
48,0,29
18,4,43
47,10,50
28,9,43
43,11,45
41,14,57
17,3,36
36,9,37
22,7,39
30,4,29
58,2,49
30,8,32
13,1,32
25,6,57
39,13,60
31,9,52
27,8,46
36,8,36
35,0,25
18,1,26
41,2,30
25,7,44
32,13,59
30,10,60
43,12,61
35,12,48
35,9,37
45,10,44
16,2,27
55,6,57
29,1,24
45,11,60
56,2,44
42,13,54
52,5,35
19,5,32
31,10,58
58,2,55
58,1,42
46,11,63
57,2,39
48,6,37
59,0,43
47,5,35
61,0,53
18,4,62
30,10,58
37,13,57
49,11,59
53,2,32
48,9,59
41,13,60
22,1,24
24,7,47
30,10,59
27,8,43
22,7,45
29,8,55
46,11,53
30,11,48
18,1,52
48,11,59
47,4,33
16,3,39
21,6,45
55,2,35
14,0,44
21,6,58
32,8,35
31,2,26
19,2,50
33,10,42
28,8,36
21,6,34
50,4,34
36,12,49
23,3,54
18,2,29
54,4,39
43,14,62
35,10,38
57,2,44
57,1,44
49,9,59
21,6,40
55,4,47
56,3,55
18,3,57
12,0,36
30,9,39
40,13,52
47,8,46
45,10,53
22,3,50
54,5,47
35,12,55
27,6,52
21,2,26
25,5,52
45,10,51
22,3,54
34,10,54
22,3,55
24,8,46
40,12,44
54,4,48
58,1,43
57,3,47
60,0,38
34,11,42
34,12,52
17,3,44
56,3,47
58,1,35
58,4,59
44,11,46
51,6,43
47,10,57
40,14,62
35,12,60
27,0,23
15,2,44
33,2,27
41,12,56
27,9,46
39,14,63
46,8,38
36,1,28
42,10,42
51,8,54
52,5,36
30,13,63
21,5,59
38,0,28
44,10,56
57,2,49
48,7,39
30,11,41
45,13,57
51,2,32
44,11,58
28,4,28
59,0,47
18,3,41
17,0,49
44,9,40
47,0,29
43,10,43
19,5,39
35,9,39
50,10,63
18,4,42
21,7,41
34,13,62
39,10,41
52,8,49
48,11,53
47,9,44
46,10,52
33,13,61
52,8,48
26,7,59
31,12,51
37,9,39
33,10,56
26,9,46
28,9,47
27,9,39
24,6,45
46,11,49
36,11,39
26,8,49
21,7,40
28,11,61
53,7,50
22,4,57
33,9,39
28,8,48
30,11,45
49,4,35
30,12,52
43,1,31
44,10,59
31,10,54
40,13,54
34,12,47
61,2,55
56,3,38
20,3,28
32,10,48
42,13,49
57,3,58
42,9,41
23,5,47
26,11,62
19,3,57
39,14,61
32,11,47
53,1,30
20,2,49
18,4,60
56,3,37
34,12,51
26,6,50
34,8,36
31,14,63
37,12,46
58,1,49
51,3,32
39,9,38
30,8,54
56,4,57
47,9,56
50,8,41
37,5,31
45,10,56
37,11,45
54,4,40
29,8,35
26,7,35
43,1,29
18,3,45
38,8,38
55,4,46
15,1,56
12,0,55
27,8,49
50,3,32
39,12,50
20,5,38
24,8,43
52,6,52
33,3,29
39,12,53
62,2,55
46,2,32
30,8,33
26,8,58
15,3,34
36,9,39
51,1,31
52,8,62
51,6,48
42,12,51
18,3,43
27,8,58
41,12,53
44,12,61
27,9,47
24,7,41
47,8,42
56,2,35
53,6,49
49,3,32
37,10,42
38,10,40
59,1,46
17,2,44
15,2,30
21,1,24
44,4,33
22,6,37
57,2,56
49,10,60
52,8,61
36,12,47
20,5,37
46,11,62
35,4,30
48,9,52
50,9,57
14,1,35
28,10,60
32,11,51
50,5,35
50,8,53
46,9,43
50,8,60
48,8,44
40,14,63
51,9,59
59,4,61
46,11,61
39,12,49
21,5,40
17,3,29
22,6,46
51,10,60
44,8,40
21,5,42
18,3,58
23,2,25
16,1,25
18,0,50
47,9,59
25,4,52
41,12,49
22,6,58
59,0,46
52,5,39
54,5,52
40,8,37
26,0,24
17,4,45
39,13,51
27,7,58
57,5,59
28,10,59
21,4,27
24,5,48
41,7,35
28,7,54
45,12,51
35,13,59
16,1,41
21,4,48
57,2,55
19,3,30
54,6,52
56,3,51
45,10,49
32,14,62
50,6,40
40,9,40
29,10,45
16,3,60
58,0,42
27,10,62
48,7,44
25,7,40
20,3,49
59,4,63
26,7,49
13,0,35
25,3,26
33,11,42
32,10,40
45,10,46
27,2,26
40,7,36
42,1,29
46,11,50
14,0,41
48,9,49
54,4,51
16,4,35
44,13,52
14,1,39
13,0,56
27,9,38
40,11,46
29,9,40
54,6,58
44,2,32
52,4,36
24,7,42
47,11,59
20,5,39
51,8,47
39,13,53
59,1,50
57,3,56
28,7,33
40,14,56
24,9,63
41,3,32
37,7,35
46,9,46
15,0,49
45,12,47
43,8,39
34,14,61
55,7,62
42,12,53
14,0,60
33,9,38
14,1,59
23,7,34
40,12,49
45,3,32
54,4,47
27,7,34
36,12,52
50,1,30
37,13,51
47,1,31
25,8,39
25,3,27
19,5,44
32,1,26
39,2,30
14,1,44
46,11,46
42,0,28
16,4,34
39,5,33
54,8,62
55,3,48
22,3,26
19,2,55
38,4,31
27,10,61
45,12,62
50,9,56
33,4,29
47,11,55
38,3,30
25,9,61
47,8,38
19,2,54
26,7,48
18,0,52
54,4,49
29,10,51
52,7,60
31,11,58
51,9,61
24,4,51
58,4,57
16,2,59
29,10,42
58,2,46
54,5,54
21,3,28
29,7,55
31,10,47
54,3,34
21,6,32
56,2,32
38,12,50
29,9,44
37,6,32
37,15,63
38,14,60
49,7,39
34,0,25
45,11,52
38,6,33
29,8,51
55,2,33
51,7,40
45,10,48
40,12,56
26,11,63
31,7,33
25,7,45
36,15,63
16,1,53
45,1,30
43,1,28
42,6,35
25,7,58
27,0,24
50,7,39
52,9,61
54,9,62
32,4,30
27,9,58
42,7,36
43,12,54
51,7,54
52,7,52
36,7,34
56,4,54
51,10,59
50,7,46
38,10,42
40,11,42
21,4,57
41,10,44
29,11,63
39,1,28
45,2,31
26,9,45
36,16,62
36,11,41
52,9,59
32,9,54
52,9,58
36,14,57
33,12,49
54,7,52
29,9,50
27,12,63
55,5,50
35,12,45
62,4,62
40,7,37
20,3,50
12,0,35
62,4,59
20,3,27
33,11,45
39,12,48
30,2,27
19,5,63
42,4,33
53,4,45
60,0,39
14,1,53
38,13,53
20,6,42
17,2,46
54,4,46
21,6,60
22,7,60
16,2,29
24,8,63
50,9,60
24,8,44
53,5,55
35,6,33
35,8,35
20,6,59
50,7,49
46,10,47
29,4,28
16,3,34
49,7,40
49,10,59
60,0,51
22,6,35
28,11,41
32,9,36
37,13,60
15,2,63
45,8,41
30,10,48
53,4,36
49,10,58
58,2,54
58,4,63
52,6,54
41,14,54
32,11,52
25,6,47
56,3,39
39,4,30
29,6,30
17,1,49
58,2,50
19,4,63
42,14,55
30,10,46
25,7,38
57,3,51
51,7,52
43,7,36
24,3,28
18,2,46
16,2,36
24,6,48
47,11,51
47,9,51
56,2,34
40,14,61
42,12,52
48,8,40
29,9,45
46,6,36
14,0,28
18,4,30
34,9,38
17,3,37
34,5,31
28,9,41
32,10,43
35,12,50
38,12,58
30,9,55
34,5,30
30,4,28
34,11,56
58,0,31
44,11,45
49,10,52
54,4,44
48,10,59
27,9,37
44,7,37
56,4,58
53,6,56
20,2,54
38,5,31
34,12,58
45,10,57
14,0,26
62,3,60
48,1,31
30,9,50
46,11,59
48,10,53
27,5,53
19,0,23
11,0,32
26,9,38
23,5,58
45,2,30
31,0,23
48,1,30
58,2,48
21,5,47
52,5,45
54,4,55
39,13,48
56,3,43
41,13,55
18,4,61
19,2,28
57,1,41
54,9,60
30,7,55
18,2,56
42,13,61
16,2,32
55,3,46
52,8,51
42,7,38
47,10,53
41,12,45
59,0,42
23,7,38
29,9,43
45,13,51
49,9,49
18,1,49
54,4,54
32,15,63
19,2,26
22,5,58
30,10,49
36,13,62
50,6,38
59,1,55
16,2,37
28,10,45
29,0,24
52,7,56
54,6,53
30,10,39
28,2,26
46,9,48
43,12,58
22,7,38
49,1,30
22,6,42
27,9,45
19,4,46
32,10,45
14,1,63
36,11,45
15,1,59
31,8,56
37,12,55
59,1,51
13,1,35
45,5,35
48,0,30
52,8,59
51,9,62
34,3,28
20,6,41
30,7,33
51,3,33
50,8,42
53,5,43
33,8,35
18,3,48
61,5,62
40,4,32
38,11,43
28,1,25
14,0,37
32,2,27
18,2,49
34,11,54
63,7,63
20,0,24
42,13,57
50,8,56
18,4,63
33,11,50
30,8,57
47,5,34
54,4,36
36,12,55
31,11,61
38,13,58
19,4,62
41,12,51
53,5,46
27,5,30
14,0,36
48,10,50
51,6,44
43,11,43
51,7,55
51,6,46
26,8,34
19,5,60
28,4,29
55,4,52
39,13,62
30,10,43
55,3,43
39,7,36
48,10,47
47,10,43
40,14,57
32,10,44
25,7,59
41,12,47
53,5,37
44,10,46
29,9,41
46,8,39
16,3,37
28,9,60
15,0,42
17,3,32
18,2,48
25,5,54
57,2,43
59,0,36
27,3,27
27,7,56
48,10,51
42,12,55
33,2,26
43,2,30
25,8,34
32,15,61
17,2,39
19,2,52
14,2,43
29,11,51
55,4,57
33,11,58
51,6,49
42,13,63
43,5,33
49,9,62
49,11,62
60,0,50
30,11,58
46,10,51
32,10,39
19,3,55
38,12,57
23,5,30
63,4,59
15,1,40
43,5,35
21,6,33
52,3,33
49,10,51
20,5,59
50,7,42
15,2,31
18,4,38
35,12,52
36,8,37
25,8,43
51,7,50
29,8,36
49,10,63
43,12,57
47,11,62
42,6,34
16,0,54
62,2,56
60,0,35
37,12,52
23,4,51
27,1,24
29,8,52
17,1,53
61,5,63
36,0,25
33,8,34
40,13,48
54,6,55
39,15,63
37,8,37
34,8,35
58,2,52
18,4,37
36,4,30
44,10,39
36,6,34
59,4,57
26,8,60
19,4,31
49,3,33
39,13,56
24,7,37
51,9,49
28,5,31
24,4,29
46,8,42
58,4,56
36,13,49
34,10,40
39,9,40
63,1,55
23,7,61
55,6,54
60,0,34
20,1,52
52,6,43
35,10,56
23,7,59
36,14,55
42,10,39
26,2,26
46,12,57
49,8,54
48,9,51
25,6,48
27,7,51
35,11,45
56,2,47
31,9,54
42,13,55
17,2,57
23,7,46
27,11,63
18,3,62
14,0,52
46,6,37
41,14,55
44,12,47
26,6,52
31,11,44
53,4,46
54,4,53
55,3,51
15,0,43
60,0,49
44,10,45
36,10,40
54,3,39
44,11,49
44,9,39
48,8,42
16,2,60
49,8,43
22,0,23
13,0,43
54,5,50
37,4,30
31,8,55
60,4,62
45,1,31
47,11,49
25,4,27
53,6,53
29,7,32
62,3,59
24,7,44
48,10,60
44,12,50
16,2,39
46,10,43
20,6,38
53,6,51
47,10,49
41,14,53
15,2,33
20,6,60
15,2,37
16,2,40
17,2,27
18,3,29
57,3,50
44,10,42
14,0,43
39,12,54
44,7,36
43,11,46
42,10,41
47,11,61
39,11,43
39,8,36
27,9,60
45,8,39
39,6,35
33,10,55
29,0,23
42,12,48
28,6,31
31,10,41
37,10,39
38,8,37
33,7,35
34,4,29
39,0,27
30,8,53
55,9,62
51,5,41
63,4,58
14,1,38
54,3,41
44,12,54
18,4,32
41,5,33
27,8,40
26,7,47
22,5,32
17,3,41
38,12,51
48,10,61
30,10,47
44,12,55
38,7,35
16,3,58
31,10,53
27,9,41
13,0,52
56,2,36
34,2,28
33,11,54
57,2,52
23,5,31
45,12,52
35,11,57
47,9,46
27,7,49
40,6,33
28,11,40
49,7,47
11,0,54
50,11,63
57,6,59
56,0,31
21,6,63
43,12,48
50,9,63
38,12,49
40,13,49
57,2,34
20,5,44
28,8,56
35,11,53
57,3,48
29,10,46
25,8,35
52,6,39
43,12,49
32,11,50
57,5,61
47,8,45
38,15,62
49,2,32
44,13,62
53,6,58
22,4,27
20,2,50
55,4,49
21,1,25
44,11,57
47,7,40
50,6,46
36,13,52
39,12,45
46,10,46
23,3,53
23,3,27
50,10,62
42,13,51
38,11,45
15,2,60
24,8,38
58,1,46
12,0,56
53,8,60
45,0,29
42,13,59
59,0,41
16,1,54
25,4,29
35,7,34
22,6,45
44,10,43
44,0,30
28,9,40
54,7,59
46,10,53
24,5,30
57,6,62
40,3,31
54,7,62
56,2,45
29,10,40
19,5,41
58,2,36
16,2,47
59,0,35
36,14,56
23,4,50
26,10,61
31,12,59
29,11,41
63,4,61
19,3,27
20,5,61
53,7,57
58,0,43
52,7,53
38,12,46
32,11,44
61,0,48
20,1,24
40,14,55
23,4,56
17,0,23
27,11,62
32,12,60
17,1,46
26,5,54
22,6,39
20,6,37
21,5,44
15,1,38
13,1,54
35,13,61
13,1,36
47,12,58
49,6,36
21,4,31
27,9,59
32,10,55
40,13,58
34,10,57
55,8,60
57,3,55
29,2,26
33,5,32
61,4,62
49,7,37
43,5,34
53,4,38
46,6,35
43,9,41
15,1,62
31,12,62
44,10,47
40,12,55
51,7,51
26,2,25
48,11,54
47,11,56
58,3,55
20,4,45
37,14,61
25,7,48
29,12,62
27,10,63
29,8,32
59,2,58
39,10,43
34,11,50
30,13,61
30,9,40
24,6,31
20,5,36
25,4,53
30,11,40
38,10,41
42,11,58
22,3,27
38,12,54
33,12,56
33,13,60
26,8,44
51,11,63
43,13,57
20,3,57
52,6,45
14,1,62
45,12,59
44,1,31
56,5,60
34,9,36
34,11,57
46,10,45
31,7,34
48,8,41
17,4,34
45,11,56
56,3,44
28,1,24
18,3,46
20,5,58
23,7,39
53,5,48
56,4,53
55,2,32
13,0,55
62,0,52
31,0,24
28,9,38
27,8,41
25,2,25
51,9,63
34,10,41
31,13,62
62,4,60
39,12,58
25,6,32
55,6,61
24,5,49
16,0,23
27,6,55
21,7,62
48,11,56
32,12,61
14,1,42
32,14,63
33,11,49
25,7,49
51,4,33
24,7,38
39,7,34
52,6,41
13,0,26
56,3,52
17,3,61
47,8,39
23,2,26
55,4,38
50,2,31
45,13,61
40,13,57
31,8,34
57,5,62
55,7,63
18,3,40
35,13,62
23,6,39
54,4,45
48,9,56
45,11,45
15,0,24
44,9,43
16,2,43
14,0,30
56,2,42
25,8,36
24,8,61
22,2,25
62,6,63
19,4,47
26,9,62
29,7,53
44,10,44
22,7,41
52,6,56
43,11,55
24,5,29
52,7,57
50,9,53
59,4,62
34,2,27
15,2,62
37,13,56
46,9,40
45,9,45
53,9,63
45,12,63
60,3,60
43,12,56
22,3,28
21,2,27
31,8,54
24,8,45
29,11,48
57,4,61
1,0,63
19,5,59
40,12,45
20,6,63
39,13,52
53,4,42
59,3,56
57,1,34
59,0,32
63,5,62
50,8,47
35,1,26
51,7,45
58,3,57
27,8,60
20,6,40
18,5,35
43,11,48
17,3,34
23,4,29
53,4,40
21,6,38
32,10,42
58,0,33
31,9,36
51,2,31
21,6,36
53,8,59
43,4,33
44,12,63
51,0,29
52,5,47
29,3,27
21,6,42
32,11,45
15,0,45
50,11,62
39,9,37
22,6,60
23,6,33
27,7,57
24,6,57
15,1,28
45,12,55
47,9,50
53,0,31
40,13,55
53,5,47
42,12,56
42,12,45
31,10,43
14,0,27
43,13,60
60,4,60
43,14,55
30,8,52
19,0,24
48,11,52
41,2,31
21,2,53
17,2,30
42,5,35
15,0,50
36,13,55
23,6,57
40,12,58
61,0,52
27,6,56
35,12,57
44,11,61
21,3,48
47,11,50
57,3,53
49,4,34
37,9,40
34,9,39
60,0,45
41,12,60
36,2,29
28,10,40
18,4,31
60,2,57
27,4,29
37,12,54
24,4,55
45,8,38
16,2,45
13,1,31
15,0,41
34,13,61
49,6,38
48,12,63
31,10,40
50,9,61
60,4,63
16,1,44
55,7,60
51,6,47
13,1,56
37,3,30
29,5,31
18,3,31
36,12,45
31,2,27
44,12,49
46,1,30
22,6,41
51,8,48
24,4,28
34,7,33
30,9,41
47,9,55
53,1,32
45,11,44
15,1,41
41,9,41
23,4,55
37,1,26
25,9,62
28,7,53
54,5,53
16,3,46
45,9,44
48,10,63
22,4,52
48,6,38
27,6,30
32,9,56
31,11,41
15,0,44
30,10,44
51,9,56
48,11,57
31,7,32
31,12,50
19,4,34
50,7,50
31,10,45
45,12,61
26,7,50
34,11,43
45,1,29
45,10,59
36,11,56
54,3,37
20,5,62
37,13,59
53,5,40
61,3,60
31,14,62
23,6,43
52,2,31
33,9,36
29,7,34
46,7,37
39,13,57
15,0,26
28,9,44
15,2,34
63,2,56
26,7,58
49,9,44
47,9,48
38,5,32
48,8,45
27,8,34
41,10,43
48,4,34
45,10,58
27,6,31
44,10,40
19,4,59
44,6,35
24,7,43
57,4,57
15,1,37
25,7,36
48,9,57
42,10,43
40,12,47
39,11,44
50,9,49
50,8,40
35,2,28
15,3,33
38,1,28
55,4,54
12,0,52
46,10,56
26,6,56
26,7,32
32,13,63
52,0,29
31,10,38
50,10,58
42,13,62
57,4,59
29,12,63
29,9,38
30,1,25
46,11,57
54,8,63
59,1,54
46,9,44
18,3,28
40,12,57
37,6,34
49,8,38
40,15,63
15,1,55
36,6,33
16,2,44
60,4,61
28,14,63
43,10,40
50,8,43
38,13,60
61,2,58
25,7,32
31,9,57
46,9,39
31,8,36
48,5,35
24,7,35
44,9,38
29,3,28
33,12,58
61,0,34
35,14,52
31,11,46
53,7,51
27,10,45
19,4,57
56,5,62
29,10,61
38,3,29
21,4,30
50,5,34
53,7,62
39,14,53
50,8,59
28,10,43
21,5,45
44,12,51
35,10,40
20,1,26
31,11,49
53,2,33
47,9,53
19,1,50
38,13,59
63,6,61
27,8,44
43,12,59
52,7,50
20,3,47
20,3,29
39,13,50
33,11,51
22,4,50
49,8,39
28,10,47
15,2,40
56,4,55
57,2,53
34,12,60
43,0,28
28,11,39
55,8,62
40,12,53
31,5,30
33,7,34
39,7,35
16,1,46
42,14,62
41,3,31
17,4,38
44,13,54
39,13,54
42,12,54
58,1,52
15,0,52
43,11,56
29,5,29
43,7,38
35,11,43
48,7,40
48,9,44
43,10,44
58,0,32
44,3,33
16,3,38
30,7,32
44,5,35
32,3,28
28,9,39
17,2,28
60,1,56
51,7,46
18,1,53
14,1,31
23,7,36
33,12,61
30,0,23
55,4,53
24,8,41
32,11,54
17,4,35
38,1,27
56,5,59
25,2,26
15,1,44
43,11,47
34,6,32
54,5,51
55,6,60
50,7,43
17,3,56
41,12,50
52,8,54
53,6,52
14,1,43
44,11,55
23,7,37
23,4,54
55,3,39
17,0,24
48,11,61
45,8,37
31,12,61
51,5,42
54,2,32
61,0,49
15,1,54
35,5,31
44,0,29
20,6,34
62,1,53
47,13,63
48,9,42
51,4,34
48,9,53
58,6,62
53,3,35
61,3,57
22,4,30
18,3,63
56,8,61
20,2,25
17,2,62
16,2,61
57,2,33
55,7,61
27,7,55
21,7,63
26,5,53
42,13,56
40,12,50
51,7,58
43,12,55
55,3,37
39,10,42
38,12,55
50,5,36
27,9,36
50,6,41
23,7,45
45,10,40
50,10,59
20,6,62
30,10,45
18,3,61
57,6,61
55,3,52
48,9,41
51,8,52
54,7,60
45,11,47
28,3,28
52,6,47
41,11,47
21,5,57
38,13,61
59,1,52
15,3,35
15,1,27
18,4,33
41,5,34
57,3,54
57,2,50
19,3,45
52,10,63
47,4,34
43,3,32
45,10,41
51,9,53
40,12,51
29,13,63
28,6,32
58,2,51
43,11,58
24,3,26
60,1,55
36,10,38
22,6,43
27,1,25
17,0,52
47,8,41
52,4,35
33,6,32
27,8,59
48,10,58
54,0,30
56,2,40
26,8,41
30,12,63
34,0,26
33,11,46
63,1,53
38,9,39
41,14,63
59,2,55
29,14,63
54,0,31
38,13,49
51,10,61
13,0,31
44,14,62
25,8,60
26,6,32
43,9,39
24,8,36
43,12,46
52,0,30
13,0,57
57,5,63
52,5,37
36,2,28
37,2,28
62,0,51
37,14,63
19,1,54
40,14,60
19,5,37
59,1,53
42,12,58
18,3,44
47,10,59
39,8,38
48,9,45
30,10,40
23,1,25
30,5,30
40,4,31
18,4,34
57,1,31
29,11,61
45,11,59
23,7,41
17,3,31
52,6,50
30,5,31
38,7,36
48,8,43
46,0,30
41,10,41
60,0,53
18,2,27
33,4,30
44,4,34
30,1,26
57,1,32
36,13,57
48,10,55
37,0,25
38,14,61
54,3,36
41,14,61
63,5,63
56,8,62
38,16,63
20,4,46
23,5,49
48,9,47
23,6,46
13,0,46
21,4,50
42,10,44
45,11,62
55,7,59
33,1,25
22,6,36
52,4,34
46,10,54
35,11,56
50,6,36
13,0,40
47,6,36
53,1,31
45,3,33
50,8,52
39,8,35
33,12,60
52,6,55
30,12,62
56,2,41
48,10,57
50,7,40
13,1,30
41,11,43
48,11,63
13,0,34
37,11,43
39,11,45
49,9,45
45,11,51
30,14,63
23,1,24
23,6,40
24,7,34
23,6,32
51,7,41
16,1,48
28,9,37
46,13,63
28,8,50
51,8,51
27,7,32
32,2,26
28,8,49
30,9,54
53,8,52
26,6,53
48,9,60
19,3,48
41,2,29
45,13,53
28,10,46
31,12,60
23,5,46
36,12,58
59,5,63
19,5,61
23,6,48
40,5,34
63,5,60
45,0,30
36,13,56
49,10,57
58,0,44
47,12,56
32,10,49
20,0,23
32,10,50
37,12,58
54,3,44
22,7,40
51,7,53
13,0,48
35,12,58
46,10,49
39,0,28
16,3,43
19,2,51
47,11,58
60,0,47
48,8,48
16,0,53
34,11,45
58,5,60
15,0,40
53,8,58
47,9,42
58,1,34
18,1,54
49,9,48
47,2,32
42,5,33
18,4,45
14,0,45
18,2,47
35,12,59
35,12,51
27,6,32
19,1,24
1,0,62
48,11,60
14,2,35
41,12,58
20,6,43
13,0,29
29,8,54
49,7,41
17,3,40
33,10,57
36,10,42
19,4,30
47,9,58
56,7,62
21,3,55
32,10,47
31,12,47
49,9,47
26,12,63
41,14,60
54,5,46
53,5,38
27,8,57
38,14,62
37,13,54
36,11,40
15,2,57
16,1,28
53,8,53
34,11,55
29,9,56
21,3,50
32,11,43
41,12,44
14,2,30
51,5,38
37,12,53
60,0,33
37,11,44
29,9,57
32,12,50
58,1,41
46,9,42
61,1,56
63,0,51
18,3,56
43,11,40
45,13,62
53,5,56
56,3,36
43,10,46
42,14,56
52,7,58
18,4,46
22,7,34
20,6,44
20,4,32
30,0,25
49,7,44
58,2,53
14,1,60
17,3,57
25,5,29
52,5,43
48,8,50
14,2,31
57,6,63
15,1,43
20,5,31
37,12,49
50,8,54
58,2,56
51,8,49
61,1,54
50,9,58
36,14,52
50,0,30
12,0,32
43,9,40
57,2,48
41,7,36
32,5,31
46,1,31
26,7,56
57,2,36
24,2,25
55,3,35
49,11,63
51,9,55
17,4,36
36,1,27
26,3,27
12,0,31
62,7,63
60,0,37
25,8,59
46,10,44
45,8,40
45,9,40
45,11,48
32,4,29
20,5,41
16,3,32
13,0,36
57,4,56
14,1,30
31,10,49
41,13,51
49,10,55
21,6,39
33,3,27
21,5,43
28,2,25
45,12,50
43,11,42
44,13,63
26,7,46
36,12,59
52,7,48
36,10,39
46,12,56
15,2,32
20,5,60
26,9,60
35,14,61
38,11,42
51,6,42
34,7,34
24,4,52
30,2,26
22,6,34
14,0,59
27,10,60
23,6,44
22,4,28
16,1,61
29,9,53
29,10,59
31,6,33
40,14,59
54,4,56
26,9,43
33,10,41
47,6,35
34,13,63
58,4,62
50,10,57
54,3,35
56,6,63
56,3,46
35,4,31
22,6,59
16,3,36
22,5,48
55,4,37
26,6,51
24,7,46
41,14,56
20,1,53
33,11,47
25,8,45
53,7,47
13,0,33
22,6,44
59,1,49
63,6,63
47,9,40
39,14,62
29,9,48
35,3,28
19,4,43
13,0,54
45,9,38
42,9,39
14,0,62
55,4,44
17,2,55
50,8,57
25,4,55
53,7,55
44,13,55
26,5,30
51,3,34
63,3,58
17,3,42
15,1,29
51,9,60
48,11,62
17,2,60
36,7,33
44,12,56
28,8,47
30,9,52
41,1,28
29,8,56
49,9,43
28,3,26
45,12,49
44,13,60
17,2,26
28,7,56
32,10,53
14,0,61
44,11,54
26,1,24
33,10,37
57,7,61
43,11,50
41,6,36
41,11,46
49,11,61
49,9,61
18,4,59
44,10,48
21,5,31
58,0,39
27,3,28
36,13,50
37,1,28
58,2,58
30,11,52
27,8,39
18,4,44
46,11,56
30,10,42
51,8,59
19,3,28
45,4,34
30,8,55
56,3,41
36,14,63
48,7,38
36,15,61
13,0,44
51,7,47
37,9,38
38,11,44
59,1,38
34,11,59
31,5,31
36,12,54
56,4,48
63,2,55
44,3,32
47,10,45
28,8,51
49,7,42
28,6,30
61,2,57
21,0,24
41,12,48
55,5,57
47,3,33
24,7,36
57,1,39
30,6,31
20,6,32
45,11,58
24,6,59
28,9,58
21,6,61
16,3,57
38,14,59
19,0,53
25,6,51
29,10,50
20,1,54
30,8,36
36,11,55
17,3,38
63,0,52
54,5,48
50,6,42
48,7,37
22,5,31
25,0,24
42,14,53
55,3,49
28,5,29
16,3,59
30,9,48
16,3,41
31,10,42
17,3,39
27,8,47
20,2,55
37,7,34
55,5,55
45,11,50
47,1,30
17,2,45
54,4,50
41,11,44
24,8,42
52,10,60
50,10,60
51,1,32
57,1,38
14,1,29
41,8,38
15,0,27
36,5,31
19,2,49
25,7,33
27,10,43
46,4,34
33,5,30
35,2,27
35,12,46
47,8,43
45,12,60
40,13,61
14,0,29
25,8,44
38,4,30
44,8,39
55,4,48
24,0,23
35,16,61
49,9,58
41,14,58
31,9,56
52,10,59
29,9,51
36,13,54
23,5,29
34,12,61
19,4,58
35,12,49
21,5,46
21,3,51
59,3,57
53,4,43
22,6,33
37,13,58
33,13,62
30,11,59
35,9,36
35,12,53
29,10,44
63,3,59
62,3,58
63,8,63
46,12,63
31,9,38
47,10,52
42,14,57
37,12,57
22,3,51
33,12,52
29,9,47
39,6,34
40,10,42
42,11,43
41,9,39
40,12,46
40,3,30
40,9,38
50,10,61
44,11,42
23,0,24
33,3,28
49,8,42
40,6,35
41,4,33
20,3,56
17,3,46
41,12,54
53,6,50
19,1,26
35,15,63
53,6,54
40,11,45
52,7,47
56,4,56
12,0,33
31,1,26
39,13,59
30,8,35
49,8,47
47,9,49
40,13,56
31,9,37
14,0,39
22,0,24
44,9,42
58,3,56
55,5,51
53,8,63
49,8,51
61,2,56
38,13,51
13,0,30
58,2,37
22,5,45
29,8,50
30,11,43
47,10,62
44,0,28
25,5,56
48,10,46
29,10,57
63,6,62
30,11,62
15,2,58
59,1,37
53,9,62
16,2,55
31,11,42
22,3,52
45,9,46
51,7,42
48,10,49
21,2,54
27,8,56
21,2,52
26,6,55
58,3,60
27,9,61
30,5,29
33,11,52
37,12,59
15,1,26
54,0,29
21,4,28
20,6,61
18,5,38
26,9,42
59,0,49
16,0,51
20,5,63
37,13,61
28,6,54
53,5,45
55,4,45
31,10,46
59,0,38
57,1,40
52,6,40
52,5,40
63,7,62
37,16,62
54,3,33
15,2,39
14,1,37
62,0,53
29,7,52
23,4,52
14,0,38
35,1,27
26,10,62
55,6,62
50,4,35
35,12,47
56,7,59
17,3,60
20,5,33
14,1,32
41,13,50
54,5,49
59,1,47
21,5,39
50,9,52
58,5,63
40,12,60
17,0,51
13,0,60
48,10,56
13,1,33
39,3,30
15,0,48
50,7,41
29,7,51
21,5,58
29,1,25
53,5,51
44,12,52
48,8,49
37,12,51
55,6,63
50,8,55
33,12,55
14,0,55
16,3,40
27,3,26
32,0,25
42,1,30
41,10,42
28,7,32
37,12,50
43,9,42
32,10,54
49,7,43
21,6,44
19,3,29
23,3,26
42,13,52
54,9,61
51,7,39
61,3,58
41,13,61
43,11,60
31,0,25
45,10,45
43,14,57
24,7,60
53,10,63
45,11,54
51,8,50
58,1,37
52,6,48
55,3,40
56,1,31
19,4,42
50,9,54
39,13,58
23,6,31
53,0,30
31,4,29
18,2,26
15,1,42
39,12,57
54,7,55
25,5,50
21,4,46
39,3,29
22,2,54
21,3,56
21,3,53
25,5,51
43,12,60
21,5,34
32,10,46
47,9,54
30,8,56
58,1,36
21,7,43
45,10,39
35,11,44
34,11,47
37,0,27
52,8,50
32,9,38
62,4,61
26,9,40
27,8,42
43,12,52
25,0,22
53,6,48
51,9,58
57,4,58
21,6,43
41,14,62
38,0,27
49,6,37
49,8,45
60,0,48
52,7,54
30,8,34
60,0,36
40,12,48
52,8,52
18,1,51
33,1,27
44,10,41
38,14,53
17,1,25
53,4,39
47,7,37
16,4,36
17,4,37
32,10,51
19,4,41
50,7,48
51,0,30
47,11,54
13,0,32
63,3,57
50,6,37
45,12,54
20,4,58
46,11,60
50,8,45
54,6,56
29,11,52
24,6,49
14,0,57
35,3,30
36,3,28
22,2,53
48,2,31
49,11,60
37,13,53
13,0,27
49,10,53
21,4,49
28,10,44
58,0,45
38,13,48
35,10,42
57,2,37
25,8,41
54,6,49
30,9,57
35,11,55
42,2,30
36,12,48
40,14,53
35,10,37
39,4,31
49,8,48
20,6,35
13,0,38
25,8,61
29,9,52
26,6,31
15,1,60
52,8,60
37,3,29
40,16,63
35,10,41
53,5,39
56,3,40
30,9,56
14,1,40
30,10,41
53,7,48
58,1,32
55,3,44
47,9,57
36,13,53
0,0,63
29,10,60
39,12,46
16,1,47
54,3,40
39,12,56
16,1,40
28,13,63
32,9,37
36,14,62
47,12,63
26,0,23
36,13,59
16,1,27
29,11,39
46,8,40
54,4,35
27,7,48
63,3,56
25,6,33
43,2,31
60,1,52
62,5,63
52,10,61
59,2,54
33,12,50
44,9,44
17,1,50
27,10,58
33,11,57
47,12,61
34,12,48
38,2,28
39,1,27
53,5,41
61,0,47
51,5,39
24,8,39
48,8,38
48,11,55
59,0,45
48,9,55
39,14,54
50,7,51
47,10,61
19,5,43
40,5,33
17,1,26
41,6,35
25,6,58
29,1,26
37,2,29
49,8,46
51,5,37
49,9,55
48,8,39
17,0,50
42,6,36
51,8,56
28,9,42
43,3,31
41,0,28
45,11,43
16,2,28
48,12,62
43,8,38
58,1,40
43,14,56
40,15,62
20,4,56
13,0,39
29,9,46
61,0,51
44,8,38
33,4,28
33,11,53
28,5,30
17,2,41
41,9,40
48,7,43
59,1,45
27,7,33
30,9,35
42,15,63
46,10,50
19,2,56
25,5,53
22,5,57
23,5,57
23,6,58
27,5,54
53,7,60
56,4,59
35,7,33
58,5,62
43,10,45
39,9,36
20,5,43
25,7,39
26,6,49
16,4,37
23,5,48
24,9,62
17,2,63
37,14,53
33,10,58
22,2,27
21,4,47
34,12,53
50,8,58
41,8,39
20,5,45
45,11,61
47,5,36
22,7,44
55,1,32
52,4,37
26,4,28
19,3,46
16,3,30
30,11,61
16,3,31
47,10,60
25,7,57
16,3,33
39,14,60
19,5,33
31,10,50
53,5,44
48,9,54
52,10,62
40,9,39
17,4,32
26,9,41
46,10,55
57,1,42
48,9,50
26,9,39
42,11,59
58,4,60
30,0,24
44,11,50
27,4,28
17,1,55
31,4,28
57,0,31
34,1,27
54,4,42
25,9,63
35,8,37
18,3,47
17,1,54
49,4,33
32,11,59
23,5,51
61,0,50
30,14,62
36,11,57
25,6,49
41,13,52
51,9,52
23,3,52
23,4,53
20,3,55
35,11,42
37,16,63
13,0,58
49,9,57
46,12,62
59,2,56
57,4,60
57,3,49
19,1,25
60,0,44
29,2,27
23,6,45
30,9,42
49,8,41
15,0,25
45,5,34
20,4,29
33,11,48
41,4,32
33,7,32
46,11,54
28,10,39
45,9,43
16,1,55
32,8,36
22,6,40
51,1,30
43,7,37
14,1,57
18,0,53
29,10,43
47,9,45
57,2,54
34,12,50
23,5,50
12,0,57
21,6,41
29,8,33
43,6,36
44,13,57
18,1,24
43,12,63
45,10,54
56,4,51
45,10,50
59,0,40
23,8,42
24,7,58
29,9,36
57,2,47
34,11,46
21,6,59
24,5,56
14,1,54
59,0,34
26,10,63
30,13,62
51,7,48
15,1,48
35,7,35
33,10,38
31,10,52
51,6,41
59,0,31
48,9,48
31,1,25
26,7,33
33,1,26
53,8,61
25,8,38
36,9,38
32,5,30
31,3,27
49,0,29
31,11,59
29,9,37
50,8,49
16,1,43
54,6,57
29,9,59
52,5,44
18,4,40
43,11,57
52,9,62
59,3,59
47,10,51
20,4,31
21,2,51
49,5,35
52,9,63
36,3,29
25,8,42
50,9,59
42,11,44
51,7,57
45,7,38
12,1,53
45,10,55
14,0,25
46,11,47
25,8,40
24,0,22
31,10,44
43,12,50
60,0,52
16,3,45
55,3,50
14,0,48
55,5,58
28,10,58
56,5,63
57,7,60
52,7,59
52,2,32
43,13,56
28,8,55
44,13,56
14,1,61
22,4,29
16,2,63
32,9,55
32,10,56
31,9,53
36,1,26
24,6,46
31,12,49
35,11,54
26,9,61
32,0,26
18,0,25
58,4,61
43,11,51
51,6,38
44,13,51
48,2,32
32,12,62
49,8,57
18,2,54
19,3,47
43,11,49
53,3,34
46,11,51
42,11,54
31,9,35
22,5,47
43,13,49
17,4,40
58,1,50
22,4,49
42,11,47
55,5,60
22,4,48
35,5,30
42,12,62
57,1,33
36,6,32
47,9,43
42,12,59
25,6,56
28,0,24
29,10,38
51,5,35
21,4,56
22,2,26
15,0,46
24,8,37
25,5,31
17,0,53
46,7,39
45,12,58
12,0,53
42,13,50
45,4,33
18,4,39
34,9,37
39,8,37
36,11,43
56,1,32
36,0,27
26,3,28
38,13,57
62,5,61
30,12,61
33,6,31
53,6,57
29,4,29
17,3,33
50,6,45
47,6,37
51,10,63
43,11,44
50,6,39
47,10,48
49,9,51
56,2,37
31,3,28
12,0,34
32,12,59
31,13,61
51,8,41
23,7,62
43,10,41
39,1,29
58,4,58
48,9,43
39,10,40
54,3,42
59,1,34
17,4,39
58,1,38
54,2,33
47,3,32
14,2,34
53,7,54
22,7,61
30,12,48
18,4,35
52,6,57
58,6,61
31,5,29
22,8,63
17,3,59
29,7,54
22,4,47
29,8,57
29,7,56
24,8,40
20,6,45
55,3,38
33,0,24
27,8,50
27,9,43
40,13,62
29,8,53
33,10,54
16,1,29
45,11,46
41,15,62
47,9,41
58,1,44
49,10,62
14,0,63
58,1,53
58,2,39
13,0,62
28,10,62
45,10,52
29,10,39
43,12,62
41,13,57
52,3,32
31,12,52
33,11,43
19,1,53
29,9,42
16,0,24
45,11,49
49,5,36
46,9,45
46,11,45
34,11,48
38,1,29
23,5,56
30,9,53
24,6,58
53,0,29
14,1,45
56,7,61
48,7,41
28,10,61
62,5,62
51,8,60
22,3,53
56,3,48
60,5,63
47,11,63
28,7,34
53,5,42
22,5,30
17,3,58
18,3,59
38,12,56
50,7,52
44,13,61
47,0,30
31,6,31
55,3,45
15,1,36
17,4,33
25,5,30
52,6,51
39,12,51
42,8,37
41,12,55
31,8,33
58,1,48
47,8,40
47,11,57
50,3,33
15,1,57
29,7,33
15,2,38
62,8,63
56,2,38
47,11,52
38,2,29
20,2,26
26,5,52
19,4,32
40,10,43
35,0,26
44,11,56
30,10,38
57,2,40
42,3,32
34,13,60
54,4,41
35,14,62
23,8,63
27,9,40
19,4,40
14,1,34
15,1,63
32,6,33
42,0,27
36,7,35
43,13,61
58,1,39
17,3,63
26,5,29
28,9,49
37,8,38
41,13,47
53,7,56
22,4,56
55,6,58
33,9,55
51,5,40
53,5,54
45,9,37
33,9,56
24,5,50
23,4,30
55,8,61
16,2,62
56,5,58
37,12,48
19,3,56
24,7,39
22,4,51
38,14,54
25,1,24
38,15,63
53,9,60
32,13,62
61,4,60
27,6,51
61,4,61
26,3,26
62,7,62
21,5,41
54,3,43
43,13,55
36,12,56
36,11,42
27,6,54
55,3,36
17,2,43
50,5,37
41,12,61
46,8,43
33,11,55
21,6,62
44,12,58
54,5,57
19,5,38
43,14,63
19,4,29
59,0,48
41,13,63
60,3,61
38,8,36
51,7,56
14,2,36
54,7,58
43,10,39
56,3,53
41,0,29
28,8,35
37,10,40
24,2,26
57,3,57
50,8,48
14,0,40
37,8,36
36,4,31
40,13,60
50,9,62
42,2,31
34,10,55
37,10,41
33,6,33
41,13,54
37,8,35
21,6,35
54,9,63
42,11,57
48,3,33
12,0,30
24,5,55
20,6,36
56,3,57
51,5,36
43,0,27
51,8,53
34,14,63
16,2,38
14,1,56
44,12,59
33,11,56
37,12,47
31,15,63
15,2,56
48,5,34
52,7,55
39,9,39
52,6,46
52,1,31
49,9,56
52,6,49
60,1,51
29,11,62
42,11,56
30,9,37
42,8,39
20,4,57
28,9,46
24,4,53
12,0,45
47,10,58
28,7,52
50,7,45
26,4,29
15,2,29
41,6,34
53,6,55
12,0,58
36,13,60
28,7,50
31,8,35
14,1,58
43,10,42
39,4,32
18,3,39
15,2,61
57,3,59
18,3,60
60,3,58
34,3,29
36,14,61
52,1,30
49,8,53
23,7,33
40,2,29
54,1,31
44,11,47
33,14,62
48,5,36
18,4,57
20,2,27
45,6,35
60,3,59
59,1,36
27,7,52
46,10,42
58,0,41
19,4,61
33,14,63
63,4,60
21,6,46
19,1,52
29,9,39
30,12,49
34,6,33
45,11,55
63,0,53
37,7,36
42,9,40
46,10,59
42,12,47
30,7,34
53,5,52
14,0,53
55,3,34
49,7,45
41,7,37
51,9,54
26,6,57
30,11,51
34,4,30
27,5,31
36,15,62
45,12,48
49,10,54
14,0,54
29,2,25
56,6,59
45,9,39
45,12,57
27,8,37
41,8,37
47,9,52
28,11,62
49,8,44
44,2,31
46,9,57
26,8,40
18,5,36
18,0,24
36,13,61
14,2,32
45,10,42
60,0,40
32,10,57
22,7,36
18,1,25
37,15,62
25,4,54
57,2,38
46,9,38
56,2,43
46,10,58
41,12,57
59,3,61
20,5,32
56,6,61
56,3,54
58,2,57
20,5,34
33,8,36
45,7,37
50,11,61
30,11,60
25,5,55
56,6,62
28,9,59
16,0,48
28,9,36
26,8,59
41,13,58
38,12,52
