63,0,54
63,0,55
63,0,56
63,1,56
63,1,57
63,1,58
63,2,58
63,3,58
63,2,59
63,3,59
63,2,60
63,3,60
63,3,61
63,4,61
63,3,62
63,4,62
63,3,63
63,4,63
62,0,54
62,0,55
62,0,56
62,1,56
62,1,57
62,2,57
62,1,58
62,2,58
62,2,59
62,3,59
62,2,60
62,3,60
62,2,61
62,3,61
62,2,62
62,3,62
62,2,63
62,3,63
61,0,54
61,0,55
61,0,56
61,1,56
61,1,57
61,2,57
61,1,58
61,2,58
61,2,59
61,3,59
61,2,60
61,3,60
61,2,61
61,3,61
61,2,62
61,3,62
61,2,63
60,0,55
60,0,56
60,1,56
60,0,57
60,1,57
60,1,58
60,2,58
60,1,59
60,2,59
60,2,60
60,2,61
60,1,62
60,2,62
60,1,63
60,2,63
59,0,55
59,0,56
59,0,57
59,1,57
59,1,58
59,2,58
59,1,59
59,2,59
59,1,60
59,2,60
59,1,61
59,2,61
59,1,62
59,2,62
59,3,62
59,0,63
59,1,63
59,3,63
58,0,54
58,0,55
58,0,56
58,0,57
58,1,57
58,0,58
58,1,58
58,2,58
58,1,59
58,2,59
58,1,60
58,2,60
58,1,61
58,2,61
58,0,62
58,1,62
58,0,63
58,1,63
57,0,55
57,1,55
57,0,56
57,0,57
57,1,57
57,0,58
57,1,58
57,0,59
57,1,59
57,0,60
57,1,60
57,2,60
57,0,61
57,1,61
57,0,62
57,1,62
57,0,63
56,0,55
56,1,55
56,0,56
56,0,57
56,0,58
56,0,59
56,1,59
56,0,60
56,1,60
56,2,60
56,0,61
56,1,61
56,0,62
56,1,62
56,0,63
56,1,63
55,0,57
55,0,58
55,0,59
55,1,59
55,0,60
55,1,60
55,0,61
55,0,62
55,1,63
54,0,55
54,0,56
54,0,58
54,0,59
54,0,60
54,0,61
53,0,55
53,0,56
52,0,60
52,0,61
52,0,62
