2,22,22
2,22,27
15,21,8
6,20,7
0,19,3
8,20,8
3,23,30
14,21,8
4,20,7
7,23,13
19,23,13
11,21,9
9,21,6
7,20,6
4,21,12
6,23,17
4,23,23
5,20,4
16,22,9
11,22,11
13,21,11
12,23,1
1,19,4
14,23,15
0,23,38
18,22,9
0,19,0
3,21,14
4,20,11
0,23,27
3,23,20
12,22,6
8,21,7
22,23,12
13,23,14
4,19,4
14,22,8
1,18,0
15,23,3
6,23,13
0,20,11
2,22,26
12,21,9
2,23,23
22,23,10
3,19,8
14,22,12
2,22,25
1,23,34
13,22,5
3,23,29
12,23,15
5,22,14
11,22,3
1,20,13
4,23,21
2,22,21
10,21,1
6,23,29
15,22,7
9,21,12
9,20,4
1,23,32
19,23,5
7,22,15
17,23,0
15,21,7
9,21,8
2,23,31
4,23,24
10,23,16
2,23,29
17,22,11
0,21,21
9,21,7
16,23,0
0,22,21
1,22,19
9,20,8
3,23,25
14,22,1
9,22,12
14,23,4
14,23,5
15,23,15
10,21,12
10,21,4
14,22,0
9,21,1
10,21,3
1,19,9
3,23,33
12,22,2
0,22,29
6,20,11
0,23,36
2,22,28
14,22,4
9,23,14
1,22,25
5,23,17
22,23,14
6,19,1
11,23,16
13,23,2
11,21,7
4,23,17
5,20,6
11,21,11
20,23,7
13,21,7
1,22,17
10,23,13
1,23,29
0,19,7
17,23,5
20,23,11
2,20,11
0,23,17
3,21,11
4,20,5
2,23,18
2,22,19
16,22,8
17,23,12
12,23,14
16,23,6
18,23,3
7,21,11
1,19,10
2,23,36
0,22,32
7,23,27
1,21,13
6,22,14
14,22,7
11,21,0
0,19,2
1,23,26
2,23,25
12,23,12
8,20,0
0,19,1
3,23,26
4,23,31
23,23,13
5,20,7
1,23,24
1,21,15
0,21,23
8,19,0
15,23,5
17,23,13
8,23,16
0,19,4
0,21,18
1,19,11
0,19,12
3,19,9
10,20,0
15,22,9
19,23,9
0,21,20
11,21,1
9,20,6
0,19,8
6,23,16
3,20,9
8,20,6
4,23,32
0,22,30
1,22,26
1,23,30
3,22,15
6,21,12
13,22,13
3,19,7
3,19,6
7,21,12
1,22,18
8,20,9
22,23,11
3,23,18
2,23,32
2,19,9
0,20,15
6,23,19
7,20,5
5,19,4
16,23,13
4,21,11
5,22,13
9,20,5
6,20,4
7,20,3
0,23,26
12,21,10
2,19,4
14,22,10
14,21,6
14,22,13
0,18,0
12,21,11
13,23,5
12,21,0
3,21,13
14,21,5
4,23,34
6,23,15
5,19,1
5,23,16
5,20,11
9,21,5
8,21,11
2,19,1
15,23,6
1,23,36
9,21,0
1,21,12
21,23,14
18,22,10
1,23,31
10,20,3
5,23,18
17,22,10
2,20,12
13,22,2
1,20,11
11,23,12
4,23,25
3,19,1
0,22,16
14,21,10
6,23,26
5,23,27
4,23,29
3,19,4
3,23,32
3,20,8
19,23,11
2,19,5
7,23,29
20,23,9
4,23,26
2,19,10
2,23,30
0,22,26
6,20,9
1,22,16
1,22,30
0,21,22
7,23,17
1,22,31
13,22,4
1,20,10
2,19,7
2,21,12
12,22,1
16,23,3
20,23,6
1,20,12
7,23,15
0,21,13
6,20,5
1,22,24
13,22,11
0,19,10
4,23,22
10,21,10
5,23,31
0,23,24
17,23,3
21,23,12
10,20,4
4,23,30
1,23,35
1,19,5
2,22,15
3,22,14
1,19,1
5,21,13
12,21,2
9,23,15
1,19,8
15,22,11
16,22,10
4,20,10
0,21,19
4,23,14
4,19,2
2,23,17
4,23,18
6,23,14
0,21,24
5,22,15
2,22,24
4,23,27
13,23,4
18,23,12
7,19,0
10,20,2
7,19,1
10,21,6
1,22,15
3,22,17
6,19,0
0,22,19
13,21,9
9,20,7
12,22,5
5,23,15
17,22,12
7,20,7
1,19,7
5,20,8
2,20,10
8,20,2
2,23,34
0,22,23
20,23,10
3,20,11
5,22,12
17,22,7
7,20,0
2,22,29
2,22,20
1,19,0
11,22,13
10,21,2
8,23,15
15,23,1
6,21,10
13,22,3
0,19,6
16,22,11
14,23,1
1,23,18
15,23,14
3,21,12
1,23,28
14,23,14
3,23,28
15,22,6
1,22,23
13,22,12
10,22,14
19,23,6
19,23,4
8,23,14
4,23,13
18,23,8
10,21,7
8,20,1
5,23,28
15,23,7
0,23,19
8,21,10
14,23,7
8,21,9
20,23,14
2,23,21
8,22,12
2,22,30
9,22,13
9,20,9
13,21,8
0,20,14
1,23,37
7,21,9
1,22,27
4,19,3
1,22,14
12,21,3
10,22,13
0,22,18
10,21,0
0,19,9
0,22,17
2,23,35
3,20,6
5,23,13
11,21,5
16,22,7
15,23,4
0,21,16
6,22,12
13,21,5
7,20,4
17,23,4
14,22,6
9,20,3
16,22,6
9,21,11
4,19,5
1,19,2
8,22,13
15,23,12
2,21,14
23,23,12
18,23,9
11,21,4
5,19,5
0,23,34
5,23,21
0,18,1
0,22,27
18,23,7
3,23,35
8,20,3
17,23,14
16,23,7
17,23,9
0,19,11
4,23,28
7,20,10
16,23,2
9,21,10
10,21,8
20,23,13
14,22,9
4,20,9
6,23,28
6,23,18
13,22,9
19,23,12
3,23,21
11,21,2
12,21,5
0,23,31
2,23,27
3,20,12
7,23,28
2,22,23
4,20,6
5,23,30
15,22,13
9,20,1
12,22,13
2,19,3
0,22,24
0,23,29
10,22,12
13,21,4
2,23,20
3,22,16
0,22,31
14,22,3
2,23,26
4,19,6
17,23,7
5,21,11
11,21,10
10,23,14
1,23,20
12,22,3
0,20,12
4,23,33
20,23,8
3,23,16
3,22,28
20,23,12
5,19,0
0,21,15
1,23,19
15,22,4
19,23,7
14,23,0
2,21,13
2,22,17
0,21,17
3,19,3
12,23,13
13,23,13
3,22,27
4,21,13
16,23,4
1,19,3
6,23,30
0,23,32
6,20,8
1,22,28
1,22,22
0,23,37
18,23,10
16,22,12
1,19,6
18,23,5
14,23,2
7,22,14
12,21,8
5,19,2
7,23,16
12,22,0
3,20,7
16,23,1
18,23,13
0,23,33
17,22,6
16,22,5
8,23,13
4,23,15
3,23,31
7,20,1
17,22,9
22,23,13
11,22,1
3,23,24
5,23,19
19,23,10
4,23,20
6,20,10
5,20,9
14,22,5
4,19,0
6,20,6
9,23,16
8,21,8
13,23,3
4,23,19
3,22,26
15,23,2
13,22,8
15,23,0
1,23,17
13,21,10
2,19,8
12,22,12
5,23,20
4,23,16
5,20,3
23,23,11
2,19,2
11,21,3
2,22,14
3,19,2
7,22,12
3,23,34
13,22,10
7,20,2
14,22,11
13,23,15
0,22,28
19,22,11
1,21,16
0,21,26
12,23,2
13,22,0
9,20,0
15,23,13
3,23,22
1,23,25
1,22,21
21,23,13
5,23,29
15,22,8
21,23,11
11,23,14
13,21,3
1,22,20
4,22,13
12,21,6
15,22,12
2,19,6
1,21,14
2,23,28
9,21,9
17,22,8
5,23,26
11,22,0
16,23,14
0,23,35
15,22,5
6,19,3
0,22,20
8,20,7
0,23,25
18,23,14
2,22,16
6,23,27
5,21,12
8,20,4
3,19,0
1,23,27
8,20,5
3,23,23
17,23,1
10,21,9
19,23,14
16,23,8
5,23,22
12,23,16
7,23,14
2,23,19
2,23,33
1,22,29
14,23,3
4,20,8
10,23,15
6,22,13
18,22,12
14,23,13
4,19,1
2,20,9
8,20,10
5,19,3
2,23,22
3,20,10
7,20,8
11,23,15
11,21,6
16,23,12
2,19,0
10,20,5
3,22,13
7,22,13
6,20,2
11,20,4
5,20,5
18,22,11
13,22,1
17,23,2
3,23,27
13,22,6
6,20,3
2,23,24
15,22,10
0,19,5
11,21,12
8,22,14
0,21,14
11,22,2
5,23,14
9,23,13
0,21,25
3,19,5
0,23,28
19,23,8
10,21,11
13,23,1
0,23,30
6,21,11
0,22,25
11,22,12
7,21,10
17,23,8
7,20,9
4,22,15
3,23,19
11,23,13
1,23,33
0,20,13
21,23,9
9,22,14
8,21,12
18,23,6
9,20,2
5,20,10
0,23,18
16,23,5
13,21,6
13,22,7
18,23,4
17,23,6
10,20,6
19,22,10
14,21,7
21,23,10
2,22,18
10,23,12
14,21,9
3,23,17
14,23,6
12,22,11
12,21,7
18,23,11
7,19,2
11,21,8
0,22,22
4,22,14
12,22,4
10,21,5
12,21,4
6,19,2
12,22,10
