62,16,12
47,22,19
42,22,32
45,23,15
53,18,31
45,23,29
46,21,34
63,15,0
54,18,24
51,20,25
54,18,22
47,21,35
52,19,25
48,20,31
56,18,24
60,16,8
53,19,15
44,22,29
47,22,13
50,20,2
49,20,30
60,16,16
47,22,14
59,17,9
60,17,24
55,18,35
49,21,14
59,18,32
57,17,26
61,16,0
54,19,9
55,18,11
55,18,29
62,16,8
59,17,5
58,17,17
54,19,17
53,19,19
52,20,7
49,22,9
56,19,34
53,19,28
59,16,3
39,23,33
62,16,2
50,20,32
46,22,35
61,17,18
52,19,2
51,20,28
55,18,23
45,23,26
59,18,33
62,18,27
58,19,34
58,18,30
48,22,11
55,18,4
48,20,1
62,18,25
63,16,1
60,18,23
50,21,13
44,22,4
59,18,30
57,17,17
61,19,30
57,17,9
53,20,8
53,19,4
49,20,28
50,19,33
49,20,31
47,22,9
53,18,23
53,19,1
55,18,1
63,16,4
56,19,17
57,17,6
58,18,11
50,22,19
46,23,0
58,18,4
47,22,17
60,17,20
42,23,31
51,20,14
61,20,34
60,17,21
46,21,3
62,17,21
59,16,5
60,18,28
54,19,10
59,19,35
49,20,32
45,21,33
51,19,24
41,23,5
50,21,21
63,18,25
47,22,5
53,19,13
56,18,18
40,23,33
54,18,30
49,21,28
48,22,9
63,15,3
56,18,9
54,19,6
63,16,14
53,20,12
53,19,25
48,20,32
53,18,26
49,21,16
62,16,7
46,23,26
48,22,17
60,16,7
56,18,2
45,23,20
62,19,27
61,16,12
59,17,15
48,22,10
54,18,21
56,18,17
60,17,10
54,18,25
60,16,10
53,20,15
62,16,11
60,16,11
59,17,4
56,18,13
50,21,14
45,23,18
49,21,3
57,17,2
55,18,10
48,22,24
49,21,5
56,17,1
48,22,22
57,18,30
52,19,24
51,20,22
62,16,10
49,20,5
61,16,15
50,21,20
63,18,24
50,20,34
62,21,35
63,21,34
54,19,1
58,17,18
53,18,29
61,17,16
61,16,4
50,19,31
56,18,5
54,18,23
47,23,15
49,21,8
45,23,13
53,19,26
49,21,18
47,22,18
55,18,33
54,19,34
46,22,33
43,22,34
58,17,23
48,21,23
61,17,22
49,22,18
50,20,21
48,21,6
56,17,18
41,23,30
62,17,15
52,19,8
52,20,9
54,18,2
52,20,22
46,23,22
47,22,6
62,19,28
60,16,13
58,17,10
56,17,20
46,22,5
51,20,18
50,20,35
61,16,1
52,19,6
42,23,35
52,19,28
57,17,4
55,18,17
58,19,35
54,18,19
61,19,32
60,16,12
46,21,5
47,21,28
49,21,4
50,19,30
59,18,11
53,19,14
48,22,15
47,23,8
49,22,21
54,19,13
60,18,29
53,19,16
44,23,30
59,17,11
44,22,3
50,20,28
45,22,32
51,21,17
63,19,24
51,19,32
54,19,21
55,19,35
60,16,5
47,23,14
60,17,2
47,21,6
55,18,6
60,20,35
51,19,2
47,21,5
60,16,4
53,19,32
51,21,18
39,23,32
58,18,13
62,19,30
48,22,25
62,16,1
46,23,13
47,22,20
57,17,22
59,17,13
45,23,28
52,19,32
52,19,23
49,20,4
53,18,32
48,21,25
57,17,25
58,17,0
57,18,6
46,23,24
41,23,34
49,22,17
43,23,35
48,21,2
42,23,1
56,18,21
63,20,31
42,23,4
51,20,21
48,21,9
46,23,16
63,20,30
54,19,15
62,17,19
54,18,28
43,23,6
42,23,33
47,22,27
59,17,10
56,18,22
57,18,15
62,16,0
57,17,24
49,20,1
56,18,4
55,18,31
51,20,15
45,22,5
55,18,30
50,20,31
44,22,35
51,20,24
46,22,4
46,22,26
61,16,14
59,16,7
60,19,30
47,21,27
62,16,9
57,17,15
47,22,25
62,16,6
43,23,9
55,18,3
44,23,4
53,19,33
55,18,25
58,17,14
46,23,18
47,23,11
47,21,3
57,17,8
41,23,32
56,18,33
46,23,17
56,17,24
54,19,32
53,20,13
43,23,34
52,20,17
50,21,10
45,21,32
47,21,0
61,17,19
55,18,24
48,22,7
56,19,16
42,23,8
56,18,15
45,23,27
45,22,7
46,22,0
57,18,35
53,20,16
51,20,0
47,21,7
58,17,16
60,18,31
61,18,29
59,19,32
49,21,13
62,18,22
61,18,24
52,20,16
47,21,4
46,22,31
41,23,6
45,23,24
55,19,12
51,20,11
57,17,3
56,18,30
48,21,29
59,17,25
60,17,5
58,17,7
58,18,28
43,22,5
61,16,5
55,19,8
50,21,17
63,19,25
48,20,28
48,22,13
59,18,26
53,18,27
62,20,32
46,22,10
55,18,7
63,17,19
42,23,32
50,20,20
47,23,13
55,18,14
51,19,31
55,18,27
55,18,13
63,15,1
63,18,22
47,21,29
48,22,23
57,18,10
59,17,20
44,22,33
53,18,28
47,21,31
48,20,2
61,19,35
57,17,23
50,20,30
45,22,29
49,22,10
48,21,28
51,19,3
52,19,1
49,22,11
51,19,25
46,21,35
48,21,4
46,21,4
53,18,30
50,20,22
55,19,16
46,23,14
48,21,7
55,19,11
53,19,31
54,19,11
56,17,4
56,18,0
55,18,5
62,17,18
61,19,29
58,18,24
63,15,4
45,23,23
48,21,22
56,18,1
60,16,2
48,22,12
54,19,4
40,23,32
46,23,20
56,18,12
57,18,7
58,17,4
59,16,4
48,21,33
57,19,34
51,21,0
52,20,20
52,20,10
49,21,23
43,23,5
61,17,17
55,19,17
55,18,21
49,21,2
53,19,3
48,22,16
51,21,14
61,19,33
53,20,14
49,20,7
60,16,15
40,23,35
59,17,7
48,22,21
57,18,27
59,17,18
45,22,2
44,22,30
51,19,34
47,21,2
42,23,3
56,17,3
49,20,33
54,18,26
43,23,8
44,23,6
50,20,29
55,19,15
48,20,33
50,21,25
60,16,14
52,19,21
61,16,2
63,16,3
47,23,18
61,16,16
51,20,12
52,20,23
44,23,7
58,17,21
59,17,22
45,23,8
42,23,6
50,19,29
49,22,14
50,21,24
54,18,17
60,16,0
57,18,5
60,19,34
46,22,30
60,17,3
42,23,2
46,21,30
49,21,15
58,17,15
51,20,17
60,19,31
60,17,0
50,19,35
59,17,23
54,19,22
46,23,10
45,21,35
54,18,3
46,22,24
40,23,31
53,19,29
48,22,14
61,19,34
50,20,8
49,21,21
54,19,33
63,17,18
42,23,30
45,22,6
50,19,34
53,19,20
57,17,20
61,18,27
55,18,18
52,19,20
58,18,25
55,18,2
46,21,29
55,18,28
50,21,12
45,23,22
51,20,20
50,20,23
54,18,29
46,22,9
61,19,31
45,22,34
50,20,27
54,18,5
57,18,13
47,21,34
52,19,31
50,20,6
45,23,9
52,19,29
58,17,9
52,19,34
46,22,29
46,22,1
60,17,1
52,20,21
57,17,13
56,18,28
50,21,8
47,22,29
60,17,11
48,21,30
45,23,21
44,23,23
59,18,28
62,19,31
62,20,35
49,21,17
63,15,2
54,18,31
50,20,24
50,21,23
60,18,25
54,19,19
48,21,31
51,20,7
60,16,1
51,19,0
57,18,23
45,23,2
44,23,10
52,19,33
41,23,35
52,19,22
47,22,7
43,23,2
46,22,3
46,23,21
44,23,8
50,21,18
51,20,16
47,21,33
50,20,33
52,20,18
63,19,29
59,17,1
55,18,12
62,16,14
45,22,35
56,18,8
52,19,7
51,20,5
48,20,34
46,21,31
44,23,5
53,19,0
51,20,8
49,21,7
50,20,1
50,20,4
52,20,14
47,22,22
59,16,6
46,23,25
57,17,21
62,20,31
59,18,24
58,18,26
49,20,0
41,23,4
57,18,33
59,16,15
46,22,2
59,17,3
49,21,12
63,16,8
59,17,12
63,20,34
49,20,34
59,16,13
61,18,26
53,19,8
49,22,12
53,18,22
43,23,30
58,17,3
62,16,4
47,23,17
49,20,27
57,18,16
55,19,13
49,21,6
57,17,7
63,16,12
50,21,22
61,16,13
63,15,5
55,18,34
61,18,28
44,23,29
50,20,26
51,20,27
42,22,34
57,17,1
61,16,6
59,16,14
51,19,26
44,23,31
51,20,2
50,20,9
57,18,8
50,20,5
51,19,35
61,16,8
54,18,33
51,19,29
58,17,5
52,20,6
44,22,32
53,20,9
50,21,16
53,19,18
56,18,3
54,19,8
62,20,34
53,20,10
52,19,27
48,21,32
57,17,5
55,18,16
58,18,32
60,19,32
61,16,9
52,19,19
54,19,5
59,17,0
49,21,25
45,22,3
48,20,30
57,17,16
46,22,22
46,23,12
56,18,16
57,18,34
49,21,24
47,23,19
49,20,2
54,19,14
56,18,34
47,21,30
53,19,10
62,19,26
56,18,31
57,17,10
61,17,20
58,17,8
58,17,13
59,18,29
47,23,12
56,18,20
44,23,27
56,17,23
46,22,8
59,17,17
53,19,12
55,18,26
49,21,19
60,16,17
50,21,7
59,17,2
48,21,5
51,21,13
54,19,35
58,17,19
57,18,0
49,20,25
62,19,32
45,22,28
63,16,5
49,22,20
47,20,34
63,19,26
49,21,11
51,21,11
47,22,11
47,22,28
63,20,33
60,17,17
45,22,27
44,23,2
47,22,23
59,18,25
63,19,27
53,19,2
46,22,28
63,17,16
43,22,31
55,19,14
58,19,33
58,17,12
59,16,10
53,18,25
54,18,6
43,23,0
57,18,25
54,19,20
56,18,25
45,23,12
63,16,11
45,22,8
46,23,15
44,23,1
61,21,35
60,18,22
47,21,32
48,21,27
63,17,17
60,17,9
57,17,0
51,19,4
53,19,7
49,21,20
61,18,22
51,19,1
60,17,22
56,18,26
62,18,26
58,17,1
48,20,35
44,23,3
60,16,6
56,18,10
57,18,17
47,22,24
62,18,23
63,20,32
48,21,24
45,23,14
47,23,16
51,20,6
56,17,21
53,19,24
62,16,13
49,20,26
63,18,19
59,16,16
55,18,32
43,23,3
60,16,9
57,17,12
44,22,0
47,22,8
52,19,0
58,18,29
49,20,35
57,18,9
54,18,1
54,19,0
58,17,6
50,19,32
56,17,19
56,17,2
47,22,0
54,18,4
63,18,20
60,18,26
59,16,9
43,22,32
46,22,7
46,21,32
51,21,19
58,17,2
59,18,31
47,22,15
44,23,24
62,16,15
48,22,18
45,23,7
54,18,34
51,19,28
52,19,3
49,21,27
55,19,10
58,17,22
63,20,35
55,18,9
46,22,23
57,18,12
60,17,19
62,19,29
55,18,22
43,23,1
49,21,26
56,18,23
53,19,5
54,19,16
53,19,23
44,22,6
60,17,4
45,21,31
49,20,29
63,16,13
56,18,32
45,22,33
58,17,24
57,18,26
56,18,19
50,21,15
48,21,8
46,21,0
47,22,12
44,22,2
58,17,25
63,16,7
49,21,0
44,22,34
44,23,9
58,18,27
63,21,35
59,17,16
63,18,23
61,16,3
63,15,6
52,20,8
57,18,32
45,22,30
47,23,22
51,20,23
51,20,31
52,20,15
53,19,34
62,17,16
56,17,22
58,18,34
62,16,16
45,23,10
44,22,31
61,18,23
46,22,6
51,19,5
46,21,2
58,18,6
61,17,23
48,21,34
51,21,12
56,18,27
46,21,1
47,22,16
44,23,28
48,22,20
45,23,11
61,16,10
48,22,8
51,20,29
47,23,21
62,17,17
63,17,15
54,19,12
45,23,1
62,17,22
61,18,25
51,19,27
46,23,23
59,17,14
52,20,0
53,19,30
57,18,14
50,21,9
46,23,9
61,19,28
56,19,35
42,22,33
52,19,30
43,22,33
53,19,22
46,23,27
60,19,33
44,23,25
52,19,18
58,18,33
53,19,21
46,23,8
58,18,31
52,20,12
51,21,10
60,17,18
51,20,4
59,16,11
55,18,19
44,22,7
53,19,6
53,20,18
51,20,26
61,20,35
62,17,20
44,23,0
46,22,25
57,18,31
56,18,6
53,20,7
45,23,19
47,23,20
54,18,27
59,17,21
51,20,10
50,21,19
44,22,1
51,20,13
60,19,35
57,18,24
53,18,24
40,23,34
49,20,6
52,19,4
61,17,21
58,17,11
53,19,35
53,20,11
56,18,35
46,22,27
51,20,1
57,17,14
43,23,29
54,18,0
57,17,19
63,16,6
45,22,31
49,21,22
43,22,35
49,21,29
61,19,27
51,20,3
60,18,30
53,19,17
46,23,11
49,21,10
56,18,14
47,22,10
48,21,26
63,16,9
45,22,4
59,16,12
56,18,29
63,16,15
43,23,7
49,22,19
42,23,29
52,20,11
47,22,26
60,20,34
48,20,29
55,18,15
59,17,24
45,22,1
59,17,19
53,19,11
54,18,20
63,20,29
54,18,18
59,16,8
45,21,34
54,18,32
48,21,0
51,19,30
49,22,15
45,23,25
53,19,9
48,22,0
59,18,27
48,21,1
52,19,26
50,20,3
51,20,9
49,21,9
46,21,33
49,22,13
58,18,15
57,18,3
44,23,35
59,19,31
55,18,20
43,23,4
59,19,34
42,23,7
43,23,27
58,17,20
43,23,28
47,21,1
52,20,13
52,19,35
55,18,0
63,16,10
47,22,21
50,20,7
58,18,35
54,19,18
45,22,0
57,17,18
63,19,30
44,23,26
62,18,24
62,16,3
42,23,5
57,18,28
45,23,16
62,15,0
45,23,0
60,17,16
47,20,35
54,19,23
59,16,0
62,18,21
61,20,33
52,20,19
53,20,17
63,17,14
42,23,34
57,18,29
55,19,9
55,19,6
41,23,31
48,22,19
63,16,2
46,23,19
54,19,7
61,16,11
59,17,8
44,22,5
51,19,33
62,20,33
56,18,11
58,18,10
57,19,35
50,20,0
42,23,0
51,21,15
48,21,3
61,16,7
62,16,5
55,19,7
59,19,33
49,20,3
57,18,11
55,18,8
59,17,6
50,20,25
50,21,11
52,19,5
63,18,21
47,21,26
51,20,19
43,23,31
49,22,16
60,16,3
53,18,3
55,19,34
60,18,24
47,23,10
60,18,27
63,19,28
56,18,7
41,23,33
51,21,16
53,18,33
60,17,23
57,17,11
53,19,27
63,17,20
