24,19,24
19,12,40
8,8,47
15,8,24
19,12,21
23,16,24
28,20,20
9,3,21
17,11,24
16,11,44
9,5,39
9,3,31
29,23,31
21,22,57
11,6,36
32,22,16
15,9,26
19,10,3
16,13,49
24,19,46
24,15,28
8,8,55
16,9,28
13,5,14
10,10,63
15,8,22
36,23,11
7,0,15
22,16,24
16,9,18
19,12,22
8,2,9
0,0,43
19,11,25
27,18,37
24,13,1
21,14,23
27,16,15
12,4,5
33,22,38
12,5,9
12,6,31
32,21,41
23,14,28
25,19,47
8,4,36
7,8,57
28,21,23
18,18,62
18,9,6
23,13,12
9,10,59
21,12,11
15,14,57
11,11,59
18,22,56
30,22,45
5,0,19
16,16,63
23,13,30
27,21,17
12,6,22
25,16,18
25,16,28
29,18,5
14,7,25
11,4,8
1,3,47
26,15,7
9,10,53
31,22,33
22,22,53
16,10,39
13,13,63
2,0,40
10,9,47
6,1,5
16,19,62
31,19,7
15,7,29
8,5,2
6,8,50
14,13,54
24,15,35
19,11,31
13,6,34
8,4,37
18,9,18
18,9,17
23,14,12
22,13,12
17,11,25
27,22,50
32,22,15
12,6,34
26,18,17
19,11,7
13,7,27
12,10,49
26,22,23
29,21,44
26,16,33
21,15,44
25,15,0
22,18,46
21,17,21
18,10,2
32,21,10
3,4,59
22,14,28
7,1,10
26,17,35
10,11,62
34,22,2
27,21,48
22,13,26
29,21,27
9,10,58
29,21,30
16,17,60
11,4,32
21,18,23
23,19,21
12,7,26
6,7,48
17,11,40
17,8,2
17,12,44
8,2,4
24,14,30
7,1,20
19,19,62
18,10,36
16,12,48
31,19,1
21,12,39
33,22,35
5,8,63
14,12,48
14,7,31
14,5,0
3,0,35
29,18,4
21,12,14
17,11,23
20,21,53
13,6,3
11,4,2
31,22,34
24,15,15
6,7,52
15,16,52
14,6,14
7,7,58
8,2,26
31,23,23
31,22,18
8,4,2
7,8,58
19,12,42
13,6,12
7,0,8
7,7,46
28,19,14
22,13,38
25,17,43
20,11,34
24,15,29
4,5,52
25,16,39
29,19,37
29,20,44
30,20,17
18,11,31
31,20,37
34,23,38
29,21,31
18,9,8
11,8,43
1,3,53
9,6,44
11,5,23
13,8,40
17,9,5
21,12,4
29,22,30
10,11,57
24,21,49
22,22,63
14,8,26
14,7,22
23,13,0
6,0,0
32,23,24
10,4,31
24,13,0
9,4,5
2,4,48
17,12,45
18,10,32
14,14,59
26,17,27
6,0,22
15,9,40
28,18,13
23,19,23
14,6,9
14,11,45
14,13,63
7,1,0
21,22,62
8,3,26
18,20,55
13,6,7
10,3,9
10,6,44
30,22,19
13,9,45
24,13,8
18,11,28
26,22,27
26,18,18
12,4,12
12,11,50
14,14,58
13,7,33
20,11,11
18,11,42
18,23,60
27,19,44
0,2,51
9,5,38
17,19,52
28,20,45
13,5,2
8,2,20
25,20,23
7,1,1
27,17,10
14,14,53
7,8,61
16,8,16
30,20,13
29,19,40
11,7,41
16,16,57
26,19,30
30,19,0
17,14,49
11,6,42
18,10,26
27,19,26
7,1,27
11,3,4
11,6,39
27,19,42
22,13,0
29,18,37
34,23,16
7,2,27
30,23,25
21,15,45
2,4,61
28,18,41
2,4,50
14,6,1
23,18,20
16,7,17
16,9,30
18,10,12
17,11,41
31,23,20
19,11,27
27,16,5
2,0,42
21,13,41
5,2,39
15,17,54
27,17,7
19,10,11
10,7,45
34,22,14
12,7,21
14,6,0
15,16,53
15,8,37
13,6,20
5,3,44
5,0,9
12,6,30
6,2,36
15,7,20
29,21,32
5,0,6
7,8,53
9,4,36
31,20,14
23,22,48
26,22,24
29,22,20
9,9,54
25,15,18
16,8,31
13,8,24
7,1,8
6,5,44
5,2,42
15,7,14
17,9,20
19,20,53
3,1,41
14,10,46
16,9,38
37,23,4
30,23,31
1,4,49
20,14,45
12,9,45
30,18,4
29,20,32
27,18,38
18,8,5
20,11,0
28,18,31
13,14,61
8,5,43
13,5,8
9,3,14
22,15,21
8,5,4
20,20,53
16,16,60
18,19,55
25,14,14
28,18,35
15,12,47
33,22,41
7,4,40
24,14,13
32,21,11
28,21,31
14,8,36
16,7,13
13,7,32
29,20,28
26,17,33
3,0,39
20,10,7
18,10,31
30,21,18
1,0,40
29,18,0
24,15,16
11,11,51
11,12,61
18,20,52
15,11,43
16,8,33
23,14,38
21,16,21
24,20,50
6,1,26
26,17,37
9,3,15
10,10,51
33,23,34
6,6,48
20,15,45
23,16,19
8,9,63
15,8,32
22,13,5
26,15,4
15,6,11
17,21,59
30,22,21
16,21,61
20,10,12
21,18,48
13,9,44
20,11,13
14,6,2
10,3,11
4,5,51
9,4,28
7,7,54
22,19,50
13,5,17
21,21,60
21,13,23
27,16,13
12,12,60
15,8,20
17,8,14
2,2,45
9,4,34
19,11,29
22,13,29
24,14,19
18,22,55
9,2,14
26,21,23
17,9,34
11,11,60
7,8,49
21,13,19
16,16,51
11,3,2
23,12,1
16,17,50
17,9,17
20,12,18
8,8,50
14,9,42
20,13,25
9,5,37
20,20,63
16,18,63
17,9,18
13,5,15
20,13,23
34,21,4
18,14,44
10,11,53
15,8,10
27,18,43
26,16,29
8,2,14
8,8,48
28,18,15
29,19,12
31,23,24
30,20,42
17,18,62
32,21,6
9,9,58
17,16,50
18,23,59
17,18,59
25,19,46
11,12,60
17,21,54
34,22,39
4,5,50
16,7,11
16,14,49
8,1,13
20,13,41
30,18,10
13,6,28
25,15,37
23,22,47
20,12,24
11,5,37
0,4,62
30,22,23
5,0,21
12,8,44
28,20,33
25,16,41
0,2,55
15,15,56
7,1,12
19,10,1
16,8,28
15,7,30
23,19,49
16,9,31
16,8,17
28,20,28
20,20,51
13,13,51
5,0,32
32,20,0
18,10,18
10,4,20
20,12,32
32,23,29
2,5,60
26,17,39
9,9,53
25,19,19
17,12,46
33,21,13
12,4,3
16,15,58
16,8,11
11,4,25
6,0,1
24,13,12
16,10,42
31,19,4
18,10,17
1,2,47
31,21,15
6,0,8
26,17,26
16,18,61
8,8,54
21,12,33
14,13,53
23,13,10
24,14,36
15,13,49
19,12,27
15,15,53
28,20,32
6,5,48
23,15,36
11,12,58
16,19,63
14,6,8
6,1,24
11,7,43
2,4,47
30,23,21
22,22,56
12,4,4
21,12,3
13,7,36
31,19,2
34,23,39
17,9,28
16,15,51
8,3,37
15,15,58
33,21,39
24,15,17
12,5,19
22,23,61
21,21,57
4,5,48
9,8,46
21,11,12
10,4,29
12,12,53
3,2,44
11,4,26
9,2,22
4,6,63
30,21,31
28,18,33
23,16,20
33,21,10
30,19,39
18,9,14
8,5,5
10,3,12
9,2,5
10,10,60
8,1,12
5,0,29
27,23,51
3,5,57
11,5,34
22,13,11
0,3,58
7,4,43
31,22,19
6,0,4
7,1,16
19,11,17
11,11,55
10,4,37
10,4,35
16,14,50
9,3,33
18,9,15
21,14,42
12,7,38
14,8,28
32,22,31
35,21,0
21,23,54
29,19,11
17,8,15
10,10,52
10,4,8
4,5,54
24,18,23
30,19,5
22,17,23
0,3,51
15,11,47
16,20,61
7,2,18
18,12,40
3,3,46
19,11,26
16,7,12
7,3,38
10,4,27
25,16,17
28,19,15
14,15,63
18,21,55
5,0,16
9,2,23
9,3,32
31,23,27
25,15,10
33,21,7
26,15,2
16,13,47
35,23,11
22,14,39
18,17,49
33,20,0
14,7,33
19,12,25
22,12,1
13,7,40
34,22,8
17,19,58
10,9,49
17,9,27
7,6,45
1,3,51
24,17,43
26,21,22
21,19,49
7,2,23
32,20,3
8,3,25
10,8,48
4,0,29
7,7,48
10,3,6
20,11,16
31,20,41
10,5,23
8,2,5
7,6,47
21,20,52
6,5,43
20,13,40
2,4,51
12,11,58
13,12,53
27,21,18
29,18,38
10,3,5
0,2,50
14,17,53
12,5,4
9,3,25
6,0,27
9,4,32
25,16,32
21,14,43
17,10,34
27,15,2
15,7,13
4,2,40
14,8,27
7,2,22
12,4,6
25,21,24
15,8,9
19,21,63
6,0,29
17,9,32
24,15,37
12,4,9
8,3,23
23,13,18
23,19,47
0,2,48
27,20,45
9,4,27
3,4,58
26,23,24
16,16,59
5,0,15
7,2,36
18,19,57
16,13,50
26,15,11
30,19,7
5,1,6
10,6,41
11,8,45
24,15,19
28,21,26
15,8,27
22,13,39
6,7,62
32,22,32
27,21,28
33,21,11
0,3,56
18,21,56
13,6,31
19,11,30
18,13,44
6,8,53
12,13,52
16,10,26
11,12,54
31,23,18
31,19,11
2,5,61
25,20,21
14,6,18
13,5,18
30,20,39
22,13,10
23,22,52
13,13,59
4,6,55
5,1,39
3,0,33
16,11,42
5,0,25
31,23,19
20,21,61
16,19,61
10,10,50
17,20,61
9,4,26
24,14,34
29,18,7
26,20,46
23,14,39
18,10,28
19,9,1
24,15,25
9,3,22
27,15,5
18,11,19
7,0,19
1,3,54
34,21,5
17,9,19
23,14,10
19,18,51
9,10,63
27,18,15
29,22,46
15,8,18
5,5,46
21,13,36
24,15,8
8,7,5
15,6,13
20,11,2
13,12,55
11,6,24
11,5,26
5,6,61
9,3,34
25,18,24
5,7,53
7,5,5
24,18,25
26,17,30
23,14,15
21,12,37
19,13,45
7,2,32
17,10,27
13,6,29
26,17,42
11,11,57
24,14,14
14,6,17
16,17,55
25,22,23
30,20,30
33,21,12
32,23,17
9,2,20
29,21,17
10,8,47
7,4,39
11,11,62
19,11,39
7,7,57
23,13,29
4,3,42
19,20,54
10,6,43
25,15,14
22,13,20
33,23,33
18,13,47
5,1,30
21,20,51
20,17,49
17,18,51
23,20,49
30,18,7
19,11,24
19,19,63
8,2,8
11,4,13
23,23,54
11,5,31
25,20,46
15,8,31
6,0,18
20,11,15
26,17,29
14,7,7
6,7,53
21,13,32
15,10,42
10,5,34
18,22,60
2,3,48
10,5,24
22,13,31
19,11,32
20,12,21
15,7,32
15,8,25
17,18,63
8,8,52
12,6,18
17,9,31
16,10,25
26,19,44
30,19,13
19,9,10
26,19,23
17,15,50
23,15,28
30,22,32
16,7,5
9,6,43
28,18,38
15,17,52
24,13,3
11,5,38
19,12,30
30,22,24
13,8,23
4,5,47
31,21,32
28,17,8
22,19,48
9,9,52
13,6,18
10,11,59
16,8,21
9,3,18
33,22,12
20,11,30
16,8,13
8,3,32
4,6,57
18,15,50
5,3,41
16,9,24
22,11,5
5,6,48
6,7,54
34,23,12
14,14,52
4,5,55
27,18,40
18,11,36
14,10,45
18,18,50
35,23,7
9,5,1
16,9,34
3,0,36
3,4,55
12,5,22
13,6,17
20,12,31
30,18,9
19,10,5
12,4,0
21,11,15
27,21,22
8,1,11
31,21,41
8,1,7
11,5,12
17,10,32
22,13,6
17,13,49
27,17,3
1,0,44
12,7,37
29,17,9
29,23,32
23,21,52
14,10,44
10,4,18
21,12,7
12,4,11
3,0,37
15,8,39
28,20,29
25,14,6
17,12,47
31,20,2
36,23,0
28,22,48
14,13,59
2,1,42
3,4,56
23,18,21
26,16,10
12,5,32
22,12,12
11,4,15
10,11,63
19,11,35
13,6,21
14,15,61
6,1,29
26,16,39
17,8,1
3,4,52
36,22,0
14,8,34
22,22,61
16,7,3
15,13,51
25,14,2
11,6,40
22,13,9
33,22,7
29,21,29
0,2,54
25,14,4
21,12,29
20,11,20
18,23,56
10,11,55
23,12,3
20,23,55
12,4,7
9,6,40
23,22,53
9,3,13
10,10,53
15,7,12
17,8,11
37,23,3
21,13,16
27,19,16
17,18,52
19,11,40
26,22,28
9,11,63
23,18,24
27,22,28
9,7,47
11,4,18
17,19,56
32,21,39
19,11,16
13,7,26
18,10,19
15,11,45
19,23,55
28,20,27
13,10,45
11,11,53
24,16,41
16,13,48
17,8,5
10,4,21
6,0,14
2,3,49
34,22,38
5,2,41
32,23,18
5,0,10
27,21,23
6,6,56
27,22,23
19,15,49
13,13,58
10,11,61
21,11,1
27,17,13
36,23,4
8,7,49
10,10,57
33,22,8
17,19,51
34,22,37
8,4,34
0,3,52
12,5,26
29,19,13
9,3,29
17,17,50
5,0,26
16,15,59
25,15,11
11,9,48
26,23,51
10,10,55
21,13,31
27,16,10
22,18,20
1,2,55
12,4,14
28,19,32
15,8,19
27,15,0
29,18,11
20,22,54
14,6,15
23,13,13
8,9,59
19,10,19
28,16,0
15,8,26
34,22,36
17,9,10
22,23,63
10,6,42
4,5,61
28,20,17
31,23,21
6,2,34
28,17,0
21,14,45
25,15,36
34,23,14
18,10,34
7,8,62
17,20,62
15,14,60
24,14,4
26,22,50
26,18,27
11,9,46
16,8,7
16,17,63
7,0,5
25,19,45
26,20,45
28,21,25
33,22,14
25,15,16
8,2,25
12,4,13
18,14,50
7,8,54
9,3,7
26,21,27
24,23,52
17,8,9
17,10,22
7,4,41
28,17,36
31,22,26
20,10,5
5,6,62
18,11,37
13,11,49
7,1,30
19,11,23
22,16,20
13,7,20
30,19,40
16,16,56
19,15,45
20,13,34
17,13,45
19,14,48
22,14,21
16,7,15
23,14,17
18,19,56
20,11,32
8,1,3
26,18,26
5,1,38
14,6,12
27,16,14
23,14,18
31,20,5
21,13,28
13,6,14
35,22,11
9,4,1
18,11,29
6,1,31
10,3,0
22,15,45
9,9,48
25,17,19
23,14,33
4,0,30
18,10,27
20,11,4
27,23,23
29,21,28
18,20,57
15,7,0
22,14,36
6,0,28
23,14,32
16,7,0
24,14,9
19,21,55
8,5,44
28,23,47
7,5,45
9,5,5
4,6,50
33,21,1
23,14,16
27,23,28
23,21,51
13,12,58
34,23,37
25,16,40
11,11,50
25,18,25
15,6,5
9,3,35
23,14,19
26,16,35
10,3,8
25,15,7
9,4,33
17,9,11
8,2,18
17,9,33
24,23,51
23,14,11
27,16,16
19,12,38
26,18,44
28,22,20
23,23,61
25,15,39
29,19,15
8,4,6
11,7,23
4,6,61
19,9,2
16,18,56
24,14,7
2,4,60
23,13,17
16,7,2
17,8,8
23,14,37
26,15,10
12,7,43
18,10,9
11,12,63
15,14,63
8,8,57
4,1,37
20,15,46
20,20,58
21,12,6
14,15,52
26,17,16
24,14,11
28,19,31
33,21,6
11,6,35
21,13,39
10,4,7
9,10,61
17,9,8
12,6,28
11,4,0
1,0,43
11,10,49
25,15,35
8,8,53
15,9,41
19,14,47
20,11,1
33,23,31
20,12,35
5,2,40
21,13,26
7,1,19
22,13,32
7,2,29
22,11,0
10,3,2
30,19,37
16,18,50
8,9,61
24,14,16
12,5,14
4,1,40
6,8,51
10,4,30
7,1,14
9,9,51
19,11,21
7,0,3
28,17,3
2,3,46
32,23,43
10,3,30
12,7,25
14,11,48
16,7,8
29,23,24
29,17,10
25,21,48
15,15,60
10,4,12
31,23,44
23,14,14
8,2,10
20,12,20
8,1,1
26,16,7
21,12,17
26,21,50
21,12,30
34,22,12
0,2,57
12,10,46
14,8,38
32,20,10
15,6,3
10,11,51
32,23,19
6,7,56
30,22,29
19,10,17
26,19,25
7,1,6
15,15,52
19,12,35
8,5,41
18,10,30
14,9,39
19,20,60
11,4,30
5,4,44
14,13,62
17,9,2
25,21,49
13,8,22
13,5,13
32,22,43
27,20,28
27,17,30
21,19,48
1,4,51
29,22,28
18,11,20
9,11,61
17,22,59
32,23,30
5,0,30
27,20,17
20,12,30
11,4,21
26,18,42
17,10,23
12,7,42
21,13,24
26,20,47
10,4,34
20,11,19
11,10,55
14,7,32
30,21,34
3,4,51
28,19,33
19,10,7
19,11,22
19,9,4
5,7,57
9,2,1
9,8,48
21,17,46
11,7,40
10,11,52
11,10,50
9,5,43
27,18,17
27,18,30
28,21,45
2,4,62
18,10,8
23,15,39
6,7,63
25,19,22
4,5,59
20,12,12
12,12,61
31,20,10
19,12,26
35,22,0
16,8,10
14,11,49
14,7,34
35,22,1
15,16,62
21,20,50
29,22,19
28,22,45
31,20,39
18,9,0
30,23,22
13,14,63
16,20,53
0,1,45
11,11,61
29,21,18
17,14,51
9,3,9
28,20,19
5,6,58
29,22,23
4,7,50
9,2,0
30,22,20
16,9,16
29,23,25
26,22,51
23,15,41
32,21,42
10,4,10
31,23,45
18,11,32
5,0,1
13,5,21
8,7,47
18,21,54
9,5,6
11,9,45
12,5,11
27,17,5
34,22,10
26,18,43
7,5,42
18,10,25
7,7,55
17,9,16
21,14,24
23,16,42
28,19,35
3,5,62
27,17,9
17,19,53
22,20,50
31,21,29
7,2,33
14,7,4
7,0,21
25,18,18
12,5,13
9,2,15
3,1,40
6,3,40
12,7,34
28,18,7
11,5,16
26,16,15
12,7,40
20,11,12
24,16,19
0,2,49
17,10,40
21,12,35
19,10,8
16,11,45
26,19,17
27,20,26
8,2,29
20,22,57
24,15,14
18,18,61
23,20,47
28,23,49
33,21,37
18,9,12
6,6,47
7,2,31
22,21,52
16,9,23
29,18,1
23,17,46
27,23,49
6,8,58
0,0,42
13,5,7
26,16,8
5,1,32
26,15,34
28,20,24
3,3,47
13,6,1
26,17,32
11,5,24
29,20,15
14,8,40
12,9,46
31,22,27
19,13,42
6,5,47
12,5,6
10,3,7
18,9,5
19,11,38
11,5,22
15,15,62
0,3,62
18,11,22
14,6,10
28,21,22
33,22,11
15,6,6
30,20,37
29,19,43
12,6,20
9,2,9
4,2,43
31,22,32
8,8,60
6,1,22
27,19,30
25,19,21
15,6,10
7,2,34
27,17,4
4,0,38
30,19,6
14,7,15
12,4,16
15,7,3
11,4,14
19,10,12
17,8,13
16,8,27
13,6,0
25,16,33
36,23,9
23,15,34
32,23,23
17,10,33
28,17,1
3,3,43
12,8,40
18,14,49
11,13,51
14,12,49
12,5,12
28,19,29
34,22,5
5,0,3
19,20,52
6,2,40
13,5,10
9,10,55
31,20,11
27,17,33
1,4,63
15,16,54
23,23,52
9,6,41
23,12,0
33,21,8
5,0,12
21,12,38
15,7,11
8,2,19
10,3,22
31,22,25
16,7,10
25,14,8
12,5,10
17,8,4
13,5,9
16,8,34
22,12,11
29,19,36
25,15,13
13,9,46
15,9,25
9,3,4
19,22,55
1,4,58
37,23,0
12,6,29
13,12,60
3,6,59
18,10,15
21,22,63
29,20,40
13,6,11
24,15,7
14,13,56
5,1,31
31,21,39
22,23,54
5,0,4
21,14,21
29,19,32
7,9,62
27,15,6
7,0,6
26,15,0
4,2,42
6,0,13
22,13,34
16,19,54
27,17,35
6,1,33
29,17,3
27,18,42
25,17,41
14,7,36
16,8,15
22,23,59
19,11,20
34,22,1
19,11,28
15,9,38
7,1,22
11,12,51
29,22,45
16,8,20
13,6,26
16,10,41
10,3,3
2,0,37
4,6,59
5,4,45
1,4,62
23,15,43
5,0,11
12,5,29
13,13,60
13,11,47
6,0,17
19,12,43
23,14,30
5,3,42
2,3,50
17,9,26
16,8,35
21,13,42
33,22,9
6,8,62
3,6,62
33,22,36
28,19,16
21,16,46
7,8,55
12,7,22
9,9,59
28,21,46
15,6,4
5,6,57
30,21,30
27,21,49
8,9,55
19,15,47
20,11,28
8,4,39
23,15,20
21,18,49
12,12,51
1,3,52
12,5,0
10,4,36
13,7,24
34,23,41
26,21,49
4,1,36
21,22,55
12,5,20
25,15,2
32,23,16
24,14,32
8,5,40
19,11,14
14,13,57
26,22,49
15,7,1
33,20,2
12,13,61
17,9,13
18,19,60
2,3,55
12,6,38
33,21,9
24,14,29
8,4,33
18,13,43
4,7,49
17,10,18
31,22,43
7,1,17
31,21,16
1,1,42
15,12,46
7,5,6
12,6,19
0,3,57
14,6,21
23,15,44
28,17,11
11,4,31
24,15,40
13,12,56
6,0,3
17,8,18
12,7,35
25,22,51
28,18,42
22,14,43
7,8,56
9,2,16
10,4,14
8,2,30
29,18,6
20,22,56
15,16,56
0,1,46
25,15,32
32,22,33
32,21,13
14,7,5
23,13,31
14,10,42
15,7,7
20,12,25
16,16,62
23,16,43
26,17,40
12,5,33
7,2,19
19,19,50
16,19,52
24,14,18
12,10,50
16,17,56
19,13,46
6,1,23
25,15,15
28,17,7
15,18,55
9,4,31
16,7,7
24,19,21
20,20,61
2,4,63
17,15,51
27,19,19
11,6,33
8,6,47
13,8,44
27,17,34
16,10,40
12,5,21
15,7,18
18,19,52
11,11,56
2,4,58
29,19,39
15,7,28
29,19,34
20,10,8
23,13,9
26,19,19
13,9,43
29,19,6
13,8,39
14,6,7
22,16,21
18,9,16
31,22,16
23,14,20
27,16,2
14,13,58
20,10,10
18,9,7
5,0,22
5,1,36
11,3,18
14,15,60
23,13,1
12,12,52
9,6,42
10,7,44
7,3,34
12,12,58
23,19,48
18,19,58
21,21,52
13,6,35
28,18,16
7,1,21
7,6,48
32,20,12
12,6,25
25,16,29
23,13,34
5,0,2
19,16,48
3,5,61
9,2,2
7,8,59
17,9,22
30,20,35
23,12,4
31,18,0
28,21,27
5,3,40
5,6,51
27,16,4
14,8,29
3,0,34
7,0,13
6,2,31
20,20,62
21,12,13
28,21,24
5,0,20
27,16,1
33,22,13
27,17,14
5,1,37
18,15,49
4,5,60
17,10,36
7,7,47
14,14,61
5,7,61
22,13,36
27,21,27
20,21,60
35,23,5
7,1,2
10,8,45
10,5,27
29,21,25
2,2,44
15,10,45
7,9,51
31,21,31
16,8,30
0,1,44
7,8,63
20,13,42
5,0,5
28,19,18
19,13,23
15,7,17
29,23,47
23,14,36
15,8,36
26,15,13
9,8,47
15,11,48
35,23,4
32,21,38
15,6,14
29,20,27
14,9,24
8,10,63
22,13,37
21,21,54
28,18,8
22,17,46
4,0,37
19,21,60
17,13,48
8,3,31
7,2,37
8,9,62
19,12,34
14,6,11
30,23,24
16,8,32
30,19,9
23,13,4
28,22,24
29,20,33
1,2,46
30,20,41
7,1,7
19,10,18
7,1,11
9,6,5
10,4,23
9,3,16
11,5,33
7,3,33
16,8,14
31,20,40
7,1,9
22,15,43
23,17,24
34,22,7
20,10,1
35,22,4
20,12,41
14,16,53
32,22,28
5,2,37
17,9,15
11,11,63
12,5,27
14,13,60
27,16,8
10,4,19
4,5,56
27,17,6
6,6,55
8,9,56
14,12,51
22,12,15
7,5,41
22,14,37
32,19,1
34,23,36
21,22,60
27,21,25
27,19,29
33,22,39
10,3,28
1,5,63
26,17,17
9,4,35
16,8,2
12,5,8
0,0,45
31,19,5
10,6,39
30,21,17
5,7,52
26,19,45
26,21,47
29,20,35
26,16,38
11,12,62
16,8,6
10,10,56
7,2,24
25,14,10
31,20,7
23,13,33
30,20,12
32,19,4
12,13,51
18,22,53
28,16,2
20,10,4
5,6,56
14,6,3
16,8,4
6,0,5
21,15,23
27,23,50
25,22,50
13,5,6
23,23,58
9,4,39
7,1,3
6,2,32
22,21,53
32,20,1
5,5,49
11,3,16
21,22,61
3,5,63
12,5,25
19,20,57
18,14,46
29,18,9
22,14,24
14,8,37
32,23,32
16,8,5
21,18,21
12,10,48
16,8,12
19,9,6
32,20,5
6,0,23
24,14,17
26,16,11
32,22,17
7,0,20
6,3,42
28,19,39
25,19,20
8,2,23
17,21,60
22,12,7
32,23,33
22,12,5
24,17,44
32,20,4
32,23,42
27,16,11
20,19,51
14,7,16
34,23,15
17,8,10
22,13,35
3,3,45
6,3,43
13,13,55
21,15,47
6,4,44
15,14,61
27,18,33
24,14,8
25,21,50
28,22,46
9,7,45
10,7,41
3,6,63
21,12,15
13,5,20
24,15,38
21,22,56
14,8,30
8,2,33
5,1,35
13,13,54
7,6,46
30,22,31
32,22,30
16,8,3
9,2,11
19,12,39
25,16,42
20,20,59
7,9,52
27,19,31
18,10,20
26,23,27
31,22,24
23,14,4
10,9,48
21,13,17
20,18,48
16,17,52
30,20,16
13,5,5
12,11,49
21,16,48
15,8,7
8,3,35
1,3,48
4,0,4
30,21,19
21,18,22
26,16,12
7,8,51
18,14,45
17,14,48
6,0,7
3,5,49
22,22,58
9,2,12
6,0,15
28,20,31
11,4,19
8,1,2
27,18,34
23,17,44
6,3,41
28,19,41
4,0,5
16,8,29
28,18,32
15,7,8
5,7,62
10,8,46
26,19,20
14,8,24
12,12,54
11,5,32
30,19,4
31,22,28
15,6,12
8,1,18
29,20,36
10,4,28
35,22,8
22,13,4
15,7,2
5,5,47
29,19,16
8,8,61
14,10,47
17,9,29
11,5,25
18,21,60
4,1,41
26,17,31
22,14,40
24,19,47
20,11,10
12,9,48
31,21,38
23,12,2
22,22,57
11,10,51
15,14,62
14,10,43
28,17,4
13,6,10
27,19,27
5,0,34
26,17,34
23,18,47
15,6,0
17,10,30
5,0,23
9,3,12
8,9,50
12,11,57
15,11,46
7,3,36
28,19,30
21,11,4
6,7,59
19,22,56
16,18,54
4,0,33
2,1,41
5,6,60
7,1,18
26,16,0
5,0,31
22,19,22
13,7,35
18,10,35
17,9,35
22,15,44
5,0,33
11,5,21
9,9,60
27,19,28
0,2,56
23,18,22
25,16,19
21,12,36
10,3,27
15,7,15
13,6,2
23,13,3
28,19,42
26,18,16
22,14,18
24,21,48
23,23,57
29,18,2
14,8,20
26,21,24
35,23,12
22,12,10
17,19,59
5,6,55
19,19,61
16,9,22
8,4,41
7,0,11
21,23,55
20,11,37
23,14,29
12,13,53
29,23,46
22,22,59
30,18,3
29,19,41
13,8,41
15,14,58
13,7,21
0,2,45
28,20,44
18,12,42
12,8,45
31,21,37
20,12,28
7,3,37
22,13,18
6,1,9
19,17,49
24,15,32
3,5,53
21,21,58
30,22,25
29,22,32
21,22,58
11,8,46
24,18,19
17,18,58
3,4,48
24,15,27
8,1,22
13,7,18
22,22,62
16,7,9
13,10,47
28,18,12
5,3,45
27,21,46
22,17,20
15,14,59
21,11,0
21,11,11
11,4,12
26,16,37
34,22,0
20,10,16
26,19,27
18,8,1
31,22,35
20,19,49
21,15,22
27,22,25
4,5,57
10,7,43
23,14,27
22,15,41
28,23,25
7,8,52
31,22,30
23,15,25
6,4,42
8,7,46
8,2,24
9,2,3
23,16,44
26,20,23
21,11,5
32,22,35
5,8,50
30,23,45
29,23,22
3,4,49
25,15,12
3,2,42
13,5,12
18,11,25
10,4,13
6,5,45
13,5,16
0,3,59
17,9,37
13,10,49
15,14,51
30,23,23
24,16,40
31,21,14
25,15,6
16,8,1
6,1,35
20,10,11
30,18,2
8,3,27
14,6,4
32,21,7
1,3,55
15,13,50
19,12,23
12,6,23
0,1,47
26,16,4
20,12,14
6,2,39
18,20,60
16,9,36
4,7,63
15,18,53
13,8,42
25,15,9
28,19,34
8,6,4
11,12,53
3,5,48
29,21,35
32,23,27
27,18,35
4,7,59
20,12,23
16,8,19
35,22,5
15,9,23
24,15,34
1,4,61
14,7,35
18,14,48
12,5,1
26,17,18
22,18,47
24,16,42
6,1,34
31,22,29
17,19,57
24,15,33
30,20,38
12,4,15
6,0,9
11,3,0
24,16,26
18,11,23
10,5,38
6,1,7
26,20,21
14,7,29
24,14,28
28,19,44
1,4,59
26,16,36
14,13,51
21,12,5
22,13,28
8,4,40
5,0,28
29,20,14
27,20,19
19,20,58
19,14,46
6,8,60
23,23,48
18,9,11
24,13,11
26,18,28
31,19,3
9,4,29
8,1,14
21,12,27
25,15,31
27,18,39
20,16,47
31,22,15
16,9,25
22,15,42
28,20,43
9,10,60
23,19,22
6,0,6
27,18,41
19,10,34
13,6,13
18,10,37
15,13,48
30,22,44
31,23,26
12,13,63
1,0,42
9,3,0
16,17,58
12,12,56
16,18,59
12,6,21
8,1,5
7,3,35
8,2,27
29,19,38
6,8,59
30,18,8
30,21,16
31,20,38
21,14,25
16,18,53
26,21,48
15,11,44
14,17,52
25,18,43
15,15,51
28,22,25
0,2,59
11,7,44
23,13,5
31,20,9
22,12,18
1,0,41
21,21,53
27,18,29
14,7,17
9,3,1
20,21,58
35,22,7
15,15,59
33,23,35
8,8,56
28,21,19
5,7,50
23,13,2
16,11,43
12,6,24
22,13,19
26,16,9
17,8,16
19,11,19
11,6,23
26,15,6
27,21,20
22,12,2
0,3,63
17,11,42
30,21,33
2,0,39
6,3,39
34,22,11
22,23,58
22,15,20
14,8,31
4,2,44
29,21,33
29,21,23
11,3,14
25,21,23
11,6,25
15,9,37
24,14,33
8,8,58
33,23,30
14,8,23
8,2,21
18,10,10
22,14,30
21,11,6
26,19,26
21,13,34
17,9,38
13,6,5
22,13,16
27,16,0
27,18,31
28,19,28
15,8,33
11,9,47
32,20,11
12,11,51
21,12,12
23,15,27
27,23,25
25,15,34
27,20,27
13,12,61
29,20,41
33,23,28
23,14,7
14,6,16
12,5,17
8,9,53
5,0,35
23,14,35
18,11,38
4,5,49
27,19,34
20,13,39
4,0,35
9,2,6
8,2,13
32,20,7
23,14,26
7,9,63
23,12,5
30,20,33
21,11,2
25,16,35
30,18,0
29,19,42
1,3,49
31,22,17
22,21,51
16,17,61
20,19,50
25,16,34
21,17,23
29,21,45
35,23,14
24,21,47
19,19,52
34,23,11
27,20,20
6,1,27
18,12,44
17,10,39
9,2,10
7,1,4
16,11,41
23,17,23
24,15,41
13,7,38
4,0,34
11,4,7
16,9,35
18,12,43
23,15,40
3,3,44
20,21,54
17,19,55
20,21,62
8,2,15
28,22,22
30,21,43
3,5,58
9,3,36
18,11,27
32,21,14
24,22,51
11,4,24
13,5,1
8,1,19
8,1,15
22,18,22
27,16,12
19,23,57
33,21,0
11,10,56
31,20,36
28,19,40
23,13,15
10,4,33
8,1,16
17,18,60
18,20,54
20,18,50
17,10,24
12,6,36
35,22,6
28,21,28
16,8,36
13,13,56
33,21,5
19,13,43
24,14,1
14,9,44
5,0,24
23,18,46
8,2,16
36,23,1
10,5,28
16,9,40
14,6,6
33,23,16
29,17,5
29,18,8
23,23,60
34,22,9
9,7,44
26,17,38
25,19,23
18,10,33
3,4,54
21,12,16
34,22,6
24,14,10
5,2,38
9,3,28
16,7,1
13,6,6
18,19,63
29,20,30
30,19,1
12,5,35
17,19,60
31,23,25
15,17,63
24,14,6
29,21,19
11,4,4
25,20,22
15,8,35
22,14,23
10,3,16
22,12,16
29,20,17
24,13,4
31,21,40
18,10,16
7,0,2
26,16,6
21,12,32
4,0,32
28,20,18
20,21,55
21,17,22
7,3,40
32,21,37
17,13,47
21,12,18
23,18,19
27,16,6
16,8,0
11,13,52
10,3,25
31,22,31
30,22,26
6,0,25
14,7,10
21,13,25
0,3,49
9,4,4
25,14,5
14,7,26
25,15,5
23,14,34
8,3,29
13,6,9
16,18,57
25,17,42
19,21,57
2,2,46
26,15,33
12,6,27
4,6,54
3,4,50
28,18,10
17,19,63
12,5,2
5,1,34
23,14,40
31,20,12
9,2,17
13,5,11
3,2,45
14,16,52
35,23,3
0,2,53
2,3,53
20,12,33
10,10,58
0,3,48
5,6,54
21,11,16
22,14,38
17,14,50
12,12,55
19,10,31
15,17,56
14,11,47
17,9,30
0,0,44
2,4,56
10,5,29
24,22,47
12,6,37
13,6,32
8,2,17
5,7,59
10,10,54
25,17,27
6,1,19
2,4,49
14,6,13
13,9,42
7,1,25
11,4,3
1,2,45
33,23,32
13,5,19
36,23,8
5,0,18
12,8,41
23,21,50
30,21,35
14,8,22
25,15,29
2,5,62
32,22,14
17,20,54
15,16,55
17,10,20
5,7,58
5,1,33
4,4,45
15,8,21
15,15,57
9,8,49
19,16,49
25,16,31
24,18,46
13,6,37
29,20,31
20,10,14
29,20,16
25,15,4
22,13,30
27,21,47
8,5,39
21,11,9
8,3,34
26,16,34
26,16,31
33,20,4
32,20,9
5,4,46
9,3,27
36,23,6
15,6,2
10,6,40
10,4,9
32,23,31
30,18,5
20,14,24
29,18,12
8,7,48
32,20,6
13,6,19
22,23,55
17,8,3
4,2,39
7,6,5
9,10,57
34,23,34
17,8,12
17,18,55
33,23,17
15,7,10
20,12,38
14,13,61
8,4,5
2,4,52
17,18,57
17,18,50
19,10,4
28,18,40
21,13,38
10,11,58
25,18,44
29,20,34
18,9,13
10,4,32
9,9,56
1,3,58
6,7,57
30,21,44
26,15,17
10,5,37
20,21,59
9,2,13
2,3,57
19,12,33
10,3,29
0,3,55
27,18,36
0,1,53
20,11,3
9,2,4
9,10,62
28,22,21
18,11,40
9,4,2
11,8,44
11,5,28
18,20,53
10,10,49
16,19,53
10,4,22
7,2,35
15,9,24
22,18,23
30,20,36
15,8,38
6,0,11
18,23,55
17,10,21
9,9,61
21,12,8
19,10,33
18,20,59
25,23,51
34,21,3
13,6,30
11,8,42
19,10,14
12,5,36
11,3,15
20,17,48
8,6,6
21,13,35
29,17,2
30,21,15
11,4,29
22,14,20
5,4,47
6,7,60
15,14,52
21,23,56
8,2,22
17,8,17
35,23,2
20,13,43
20,12,29
4,4,47
28,17,12
20,12,36
28,20,30
25,15,33
6,1,8
5,0,0
16,16,61
10,7,46
23,18,44
12,8,23
8,3,4
34,21,6
29,22,24
18,19,59
19,10,9
7,0,16
22,12,13
1,2,53
13,6,25
8,5,6
24,15,31
16,15,57
2,2,43
31,21,33
3,0,38
8,5,42
4,0,28
6,4,45
15,14,54
25,19,44
17,19,62
16,18,58
10,3,20
24,18,24
4,1,35
11,4,20
20,13,22
15,9,42
24,13,6
20,13,24
33,22,6
32,22,18
10,5,40
24,14,2
16,14,51
2,4,59
26,20,22
24,19,45
1,2,48
14,14,55
19,11,18
14,8,41
29,22,22
19,17,48
17,12,43
11,6,37
14,7,21
32,23,28
34,23,35
28,18,14
9,3,2
12,10,47
16,7,14
8,2,0
10,3,10
11,4,10
27,20,24
15,10,43
26,16,13
5,7,49
21,19,51
15,13,52
11,4,1
20,14,23
18,20,58
28,16,11
24,21,50
25,17,18
32,21,35
22,14,19
19,9,5
21,13,14
25,16,25
23,12,6
27,17,31
18,9,2
2,0,41
25,18,19
11,4,27
8,1,4
25,14,7
26,16,40
35,23,13
10,3,1
15,15,63
5,1,5
22,14,41
1,2,52
10,5,36
15,10,44
21,12,19
20,10,13
19,13,22
15,7,9
30,19,12
20,14,22
16,10,24
29,21,26
7,1,24
18,8,0
28,22,26
11,6,34
13,7,34
4,6,56
14,7,30
8,3,36
21,11,14
17,10,25
8,2,3
2,4,53
27,19,43
8,2,12
9,2,18
19,11,34
26,16,28
20,12,34
11,5,19
27,17,8
5,7,56
21,23,57
21,16,23
22,12,3
32,23,44
34,22,40
7,0,14
26,15,15
22,12,17
10,3,14
19,20,56
4,6,51
20,11,29
12,5,15
2,4,57
20,11,36
24,14,0
16,18,52
24,20,48
12,6,32
14,14,57
8,2,1
28,21,18
29,22,31
25,20,48
8,1,6
15,18,52
9,2,8
21,22,53
27,22,49
24,13,2
19,10,13
26,15,1
17,13,46
18,10,14
21,13,30
13,8,43
6,2,38
26,15,5
8,2,6
23,14,9
27,23,24
35,22,10
15,8,34
20,11,31
19,18,50
11,5,27
1,1,44
18,19,51
13,6,36
7,9,61
8,4,1
7,1,15
22,12,8
20,14,43
8,2,2
21,15,46
20,10,0
7,1,29
23,23,59
17,9,4
31,20,13
5,5,45
6,0,24
27,17,12
15,17,53
29,21,34
21,21,63
23,13,6
27,15,1
13,5,4
36,22,1
10,11,60
18,11,39
14,7,38
22,15,25
20,12,15
2,4,55
4,1,38
23,14,8
11,4,23
27,20,46
19,11,36
20,10,2
26,20,24
20,11,9
18,10,22
26,16,30
3,4,57
25,17,26
18,17,50
13,12,50
21,13,21
8,1,17
8,4,4
19,10,0
36,23,2
1,3,61
26,16,3
13,10,46
33,21,4
9,9,50
21,12,2
18,21,59
30,21,25
21,11,7
2,3,52
18,11,26
24,18,45
30,21,42
14,6,19
3,5,52
25,16,27
35,23,8
1,3,62
21,13,20
15,17,51
3,5,59
9,3,24
22,17,47
2,5,58
4,6,58
27,17,11
9,3,8
16,9,29
22,12,0
15,7,5
31,21,35
23,15,24
7,0,17
9,2,21
4,5,53
27,17,40
14,14,54
14,6,20
25,15,28
26,16,5
5,6,52
12,4,17
20,11,6
20,14,46
18,19,61
4,4,48
20,18,49
9,3,26
9,10,54
28,17,6
34,22,4
21,19,50
14,7,20
30,20,40
19,23,56
28,19,17
10,3,15
4,6,52
6,2,37
6,0,19
1,4,60
35,23,1
2,5,59
28,17,9
22,23,60
33,23,18
8,2,31
21,13,29
14,11,46
8,3,38
22,12,6
4,0,27
31,20,6
27,17,32
28,21,21
23,13,32
19,15,48
28,16,4
9,10,50
6,7,47
33,23,19
24,22,48
19,13,41
13,7,19
29,21,20
29,22,21
27,21,24
26,17,28
26,21,21
14,7,19
31,21,36
25,16,37
35,22,2
11,4,28
12,8,39
1,1,43
12,12,57
13,7,23
34,21,1
18,22,59
20,13,28
4,1,6
13,7,25
23,18,23
27,20,18
23,15,42
14,8,25
7,8,60
3,5,60
22,14,25
8,6,46
30,19,10
18,14,47
33,23,15
31,19,0
19,20,51
20,15,47
29,18,39
15,14,55
27,17,39
27,22,27
36,23,7
24,15,39
27,20,44
3,2,43
6,0,2
33,23,14
29,17,0
7,3,39
0,2,47
19,21,53
22,13,13
18,13,46
22,20,51
25,20,47
21,17,47
3,1,43
25,18,42
20,13,44
20,11,38
21,13,27
20,23,57
7,5,43
12,13,60
20,12,40
1,3,57
12,6,35
8,2,11
9,3,5
23,13,16
11,11,52
23,17,43
18,12,41
12,6,26
19,10,15
25,20,20
8,2,28
28,18,37
5,5,48
10,4,25
32,22,42
14,13,50
29,18,10
20,21,56
22,18,21
9,3,10
8,3,6
16,12,46
33,20,3
21,12,28
25,22,24
23,18,45
20,12,19
9,6,45
33,22,37
15,16,63
4,3,44
27,17,16
7,0,18
8,9,60
9,3,6
6,7,49
20,16,48
25,14,9
7,9,50
15,7,6
6,1,28
9,3,20
24,17,19
17,19,54
16,10,23
20,11,5
22,23,56
8,5,1
8,2,7
20,12,27
8,7,45
27,21,26
22,14,26
24,14,3
22,14,35
8,2,34
7,2,20
27,22,26
32,21,5
28,23,24
8,1,10
32,21,9
14,9,43
2,4,54
13,12,62
31,21,42
11,4,17
24,13,10
3,5,55
11,5,29
28,22,47
15,16,61
20,12,39
13,7,28
9,3,23
20,10,15
17,11,39
25,15,30
13,11,48
15,12,49
8,2,32
17,19,61
8,1,8
10,3,18
15,7,33
7,4,44
5,7,63
7,7,53
12,6,33
5,6,53
6,1,25
27,23,27
7,1,5
6,2,33
4,3,45
11,12,52
24,19,23
12,4,18
21,14,40
12,11,56
0,3,50
7,0,12
8,1,9
28,17,5
35,23,10
9,9,62
23,13,14
9,5,40
22,22,60
14,14,62
15,17,55
13,7,22
29,20,18
28,21,44
10,3,17
12,11,54
24,15,36
31,20,3
9,9,55
18,10,13
30,23,44
28,23,48
27,16,7
18,19,62
30,19,38
19,10,32
3,4,47
12,5,18
24,17,25
21,13,33
31,21,30
16,10,38
15,15,54
27,17,38
23,17,19
24,15,18
11,4,5
8,4,42
16,9,33
19,21,56
11,7,42
9,3,30
21,12,1
9,9,57
27,19,25
8,3,30
7,5,44
19,20,63
17,11,43
19,21,54
31,19,9
8,3,28
4,6,53
20,23,56
17,10,28
13,12,57
26,16,16
13,13,61
13,12,51
12,5,3
16,17,57
13,6,27
19,18,49
22,13,8
25,14,15
10,3,13
11,5,17
22,15,24
11,3,3
25,16,36
13,7,37
36,23,10
7,0,7
15,7,19
28,16,3
17,10,29
36,23,5
15,8,30
17,9,7
16,12,45
7,1,23
21,22,54
36,23,12
24,13,5
16,7,18
25,14,0
12,9,47
24,16,25
11,4,11
20,21,63
31,19,8
30,22,27
5,3,39
6,7,51
15,8,29
15,9,39
30,18,1
5,4,43
28,18,5
9,10,56
8,1,0
21,14,44
1,1,45
27,17,37
23,17,45
23,17,20
26,17,41
16,9,32
11,6,38
30,21,27
21,16,22
14,7,18
25,15,8
0,2,46
3,0,40
18,11,21
20,11,35
17,9,36
19,10,2
18,10,7
2,3,56
13,10,48
16,9,37
1,3,59
8,3,24
25,19,24
28,18,11
24,20,22
16,7,6
27,19,18
14,7,27
28,19,13
17,20,53
11,11,58
7,1,13
23,14,31
16,11,46
18,13,45
17,9,14
26,19,28
14,8,21
19,20,61
22,23,62
17,22,60
9,3,3
22,19,49
14,9,22
11,5,36
10,4,26
26,19,18
23,15,26
2,5,63
28,20,25
27,17,36
6,7,50
14,12,50
8,8,49
30,21,28
19,19,51
7,2,30
11,7,45
28,19,43
6,0,21
13,5,0
7,0,1
14,7,28
31,20,8
27,17,41
13,6,33
6,1,10
13,6,4
25,16,8
24,13,15
6,1,6
17,20,55
12,7,23
25,17,25
29,22,44
8,9,52
22,13,33
13,6,15
16,8,9
24,22,52
24,20,47
33,20,1
25,14,3
17,9,3
18,10,23
7,5,46
19,20,59
12,13,57
8,9,58
5,0,8
20,15,48
22,23,53
7,1,26
32,19,0
18,9,3
33,22,15
2,2,47
22,14,27
25,14,12
17,9,12
12,4,8
14,9,23
12,4,19
6,6,45
19,9,0
32,20,2
7,8,50
8,6,45
31,19,6
16,19,55
31,20,4
23,21,47
35,22,3
4,6,60
2,1,43
25,15,38
7,7,56
17,10,37
13,8,25
4,5,58
17,8,6
24,13,7
34,23,40
17,18,61
15,8,28
30,19,11
26,19,29
17,11,44
22,16,44
8,4,38
18,20,56
15,9,21
6,5,46
34,21,2
16,15,60
32,19,2
31,22,42
28,21,32
34,23,33
32,22,36
16,10,43
1,3,60
34,23,13
30,18,11
12,5,5
29,17,1
11,5,35
18,10,29
12,5,31
8,6,43
12,4,1
26,18,29
18,19,53
25,21,51
21,15,21
9,4,38
2,3,54
37,23,1
22,13,27
35,23,9
2,3,47
13,13,57
16,18,60
30,20,14
26,20,19
14,14,63
24,14,15
30,19,36
21,17,48
7,4,42
27,16,9
34,21,0
5,6,59
28,18,39
10,5,33
17,20,59
9,3,19
26,16,32
14,8,35
13,13,62
16,18,55
8,3,1
4,0,31
19,20,55
25,16,38
33,23,42
12,5,16
23,15,30
18,11,24
22,12,33
35,23,6
13,14,53
16,19,60
29,19,7
21,16,47
16,7,16
27,21,21
13,13,53
12,8,43
16,9,19
19,10,29
20,10,9
10,3,4
25,15,17
8,3,2
20,13,21
13,7,29
23,15,37
27,22,47
10,10,61
17,10,19
30,19,8
20,11,17
28,17,2
17,10,26
21,13,37
30,22,28
23,14,13
32,23,20
8,1,21
24,15,13
4,1,39
15,18,54
15,14,56
11,4,22
24,15,26
17,10,41
26,15,16
1,3,50
20,12,37
17,9,21
20,10,6
24,19,22
9,4,30
20,11,18
20,11,8
9,2,19
10,9,50
27,20,21
17,8,7
22,20,49
19,12,41
21,14,22
22,22,54
8,6,5
24,16,27
28,16,1
10,3,26
12,12,63
28,18,36
5,0,13
34,22,13
29,20,29
13,8,38
28,20,16
24,19,48
22,13,7
6,7,58
19,10,6
21,13,40
25,15,1
19,11,33
20,12,17
12,7,39
6,1,4
20,20,52
23,13,7
8,9,49
10,4,24
13,7,39
28,20,26
19,12,24
26,23,23
19,9,11
17,17,62
4,6,49
5,3,43
8,6,44
29,17,4
31,23,43
16,17,51
9,6,39
15,7,31
6,3,38
30,19,3
32,23,25
34,22,3
7,7,49
24,19,20
21,14,41
11,11,54
11,4,16
20,20,60
33,23,41
24,14,12
12,8,38
10,7,42
32,23,26
12,7,41
19,14,44
27,16,3
18,18,51
6,2,35
5,6,47
20,21,57
30,20,15
21,12,20
25,20,49
10,5,39
6,1,30
27,19,17
25,19,18
3,5,51
2,3,51
29,23,23
30,21,26
16,9,39
5,0,27
6,8,49
9,7,46
17,20,60
10,10,62
30,21,29
0,3,60
21,21,59
19,14,45
20,11,33
26,14,0
11,3,6
3,4,53
21,21,62
6,0,16
26,19,43
12,7,24
20,14,44
18,12,45
33,22,34
22,13,3
22,23,57
8,3,39
11,9,49
18,11,35
25,16,26
24,17,24
10,3,19
26,15,12
9,10,51
12,8,42
17,21,53
19,10,30
26,18,30
31,23,22
11,3,5
7,4,5
26,15,8
19,11,37
15,7,16
17,18,56
28,17,10
28,19,36
21,11,13
29,23,21
33,21,3
10,3,23
26,19,24
20,11,7
14,7,8
20,22,55
19,9,3
11,10,48
30,23,20
9,9,49
30,19,2
33,22,40
27,22,24
19,21,59
18,10,39
14,6,5
10,5,35
26,20,27
15,16,51
16,16,58
4,3,43
17,14,46
27,22,48
9,2,7
29,17,8
19,10,16
25,14,1
1,2,54
11,3,11
8,9,51
26,15,3
24,18,44
20,12,26
24,18,20
3,1,42
4,4,46
13,12,54
32,22,41
13,12,59
28,22,23
0,4,63
2,4,46
13,5,3
17,10,38
11,4,6
29,19,14
23,20,50
18,9,10
22,18,48
14,9,41
22,17,24
33,23,29
2,1,44
7,2,25
5,7,51
14,15,53
20,10,3
32,21,12
20,11,14
23,23,53
11,3,1
10,4,17
21,12,31
9,3,11
26,20,20
22,12,32
15,9,32
25,14,16
21,12,21
15,10,39
5,8,49
14,9,40
21,11,3
16,9,20
33,21,38
19,13,44
18,9,9
27,17,15
3,5,54
0,3,61
30,21,14
10,10,59
22,17,45
28,18,6
30,21,32
21,11,8
15,9,22
22,13,14
30,20,43
16,8,8
5,0,14
35,22,9
23,13,11
8,9,57
24,21,51
4,3,46
20,13,35
18,10,38
26,16,14
9,5,41
3,5,56
20,13,26
18,9,4
0,2,58
27,18,14
0,2,52
18,9,1
15,7,4
18,11,41
31,21,34
9,4,37
8,8,59
9,5,2
7,2,38
15,15,61
4,0,36
19,20,62
36,23,3
6,7,55
28,18,34
6,6,46
22,12,4
15,10,41
15,12,50
30,23,32
18,20,63
23,21,48
16,9,17
12,5,34
33,22,42
18,21,52
12,4,20
37,23,2
11,3,17
14,8,39
6,0,20
22,13,17
12,9,44
23,20,48
18,16,50
7,0,0
29,20,42
7,3,41
14,14,60
32,20,8
24,15,30
5,0,7
9,3,17
29,19,35
16,7,4
18,21,53
32,22,37
21,11,10
12,5,28
12,4,10
26,15,14
25,15,19
6,8,54
22,17,21
22,16,45
27,20,25
21,21,61
6,1,32
24,19,19
32,21,8
7,1,28
32,21,40
25,14,11
18,10,21
3,4,46
14,13,55
13,7,31
27,18,28
8,9,54
14,7,37
8,1,20
17,10,31
12,5,7
15,12,48
8,3,5
31,21,17
6,0,10
6,2,41
13,12,49
6,7,61
14,7,9
11,3,10
9,5,42
16,9,26
25,14,13
27,18,32
26,16,18
9,10,52
6,0,26
31,21,13
22,12,9
6,4,43
12,12,59
7,2,28
29,20,43
14,14,56
14,13,52
6,8,61
13,7,30
26,18,25
27,18,16
6,1,36
9,4,6
4,2,41
5,7,60
11,4,9
12,12,62
6,8,63
5,7,48
11,3,13
23,23,55
23,13,8
34,21,10
25,16,30
28,21,20
21,12,10
6,0,12
24,14,31
20,21,52
16,18,51
24,14,35
3,5,50
8,3,33
13,13,52
26,20,48
31,22,44
29,18,3
16,9,21
6,1,0
31,21,43
3,1,39
19,10,10
30,22,18
16,12,47
22,16,46
31,23,28
16,15,61
26,16,17
32,22,34
29,23,45
17,8,0
5,6,49
24,18,43
32,19,3
22,16,23
30,20,32
21,13,18
15,8,17
25,18,26
6,8,52
17,9,6
6,6,54
10,2,0
19,15,46
32,22,29
3,1,38
0,2,60
10,3,24
16,11,40
11,8,47
33,21,2
4,6,62
29,21,24
12,5,30
22,12,14
13,6,8
21,12,34
30,20,34
12,11,55
2,0,38
16,17,62
12,6,39
26,17,36
4,0,6
13,11,50
24,16,43
11,5,30
24,20,49
23,14,6
7,2,26
17,10,35
26,15,9
21,22,59
25,15,3
12,4,2
22,14,42
13,6,16
21,12,9
1,3,56
32,21,36
11,6,41
16,8,18
16,17,59
10,3,21
18,16,49
31,19,10
24,14,5
21,18,47
16,9,27
18,18,49
15,6,1
17,9,9
22,13,15
