51,6,19
61,7,15
29,8,11
34,14,9
52,5,21
57,22,9
25,5,10
36,6,14
32,13,9
26,9,3
63,2,22
45,8,12
61,3,21
43,8,17
55,12,11
59,5,18
61,3,22
44,3,22
25,2,14
47,8,16
23,8,1
47,7,18
41,6,18
31,14,7
51,18,10
24,3,9
48,4,23
51,1,25
33,8,13
28,7,1
30,13,5
35,18,8
51,2,19
56,0,25
21,0,12
50,8,16
41,8,16
29,0,21
49,20,11
43,0,26
28,3,16
58,4,17
53,7,17
57,2,20
63,0,24
53,6,14
24,2,19
30,9,11
31,3,20
23,2,14
39,5,15
45,10,14
63,3,18
45,9,13
52,5,17
52,9,17
54,8,12
39,9,15
41,0,30
45,11,13
43,2,24
55,10,11
49,1,24
23,1,14
42,1,24
48,0,22
44,13,11
53,8,12
41,19,9
51,3,19
45,2,21
53,14,11
53,23,10
28,2,17
38,14,9
49,12,12
47,6,15
60,18,10
46,10,11
21,2,16
43,4,19
62,0,25
22,0,15
33,14,9
42,7,15
25,3,3
33,0,20
41,6,15
58,3,18
44,2,26
54,19,10
44,22,10
45,7,14
23,4,17
62,4,17
42,5,16
27,7,1
55,16,10
30,9,10
31,12,6
49,2,24
59,4,18
26,5,2
42,9,14
19,0,17
49,8,17
55,3,18
53,0,25
22,1,11
47,5,21
39,0,24
49,2,21
23,2,12
36,0,21
47,1,25
38,1,22
24,1,5
43,14,10
26,4,11
24,6,2
26,7,3
54,22,9
58,0,23
24,2,5
22,1,8
46,2,26
29,6,11
54,7,15
31,0,18
23,2,10
43,4,20
46,9,16
59,4,17
57,2,18
31,9,11
50,11,15
56,11,13
58,11,12
55,3,17
22,3,0
39,19,8
52,6,20
27,0,18
55,11,13
19,0,19
55,6,14
46,7,14
50,9,15
56,9,13
58,3,22
47,0,24
45,4,21
22,0,17
45,5,18
31,11,7
42,16,9
46,9,17
29,8,3
27,7,2
26,1,18
34,16,8
39,4,21
28,7,8
61,10,10
60,2,20
29,9,11
21,0,13
61,7,13
31,1,18
38,20,9
35,6,14
39,3,18
41,6,19
30,2,17
23,5,0
29,0,18
39,3,19
56,0,23
61,4,21
35,8,13
21,2,3
25,6,0
20,2,12
49,9,15
58,19,9
22,1,18
23,2,4
30,2,18
21,0,17
62,3,23
34,0,18
25,1,17
39,3,17
24,3,10
47,7,17
44,8,13
30,17,4
42,11,13
54,13,10
48,9,16
26,6,0
50,19,11
50,9,16
40,0,25
54,6,15
52,10,12
55,7,12
60,23,9
24,1,7
26,0,21
27,5,10
41,1,22
63,6,16
42,13,11
60,11,12
31,4,17
31,0,21
43,3,20
57,13,9
48,6,15
48,18,11
26,4,15
37,1,22
57,0,25
32,4,15
24,2,16
48,3,24
43,8,13
51,7,18
48,22,11
60,5,21
22,0,18
41,3,19
30,10,8
39,6,12
45,10,12
49,7,18
58,21,9
60,9,12
43,10,14
21,0,2
39,5,16
33,12,10
31,14,6
45,5,20
40,17,9
39,22,8
32,4,19
38,5,14
33,11,9
36,5,15
35,4,18
62,5,16
47,12,11
33,5,18
34,12,10
31,8,11
48,13,12
31,4,19
28,4,12
50,14,11
37,18,9
48,11,12
59,17,9
42,5,22
56,1,19
46,3,24
30,17,5
28,7,5
39,12,10
23,4,1
30,1,20
22,1,16
55,22,9
36,5,17
44,9,14
51,0,24
55,8,11
37,2,20
54,1,24
37,3,17
30,8,10
37,2,19
38,6,18
41,3,22
45,8,14
42,3,18
41,17,9
27,11,0
28,0,17
27,9,0
41,9,12
52,8,16
43,4,17
27,6,2
31,4,15
56,7,17
61,19,9
41,4,22
60,5,16
40,7,12
63,0,27
31,23,5
44,11,14
48,3,23
60,21,9
40,4,17
27,2,15
42,22,10
49,3,19
27,4,6
32,22,6
28,1,21
29,5,8
48,9,14
63,4,17
26,0,19
32,2,18
28,5,7
49,4,18
50,8,13
52,7,18
23,3,1
40,4,15
42,1,21
35,2,17
60,15,9
31,1,20
35,0,24
32,2,17
56,3,17
39,14,9
46,0,25
34,13,10
49,0,26
20,0,18
36,1,19
54,3,21
27,5,8
56,0,21
24,3,15
63,0,25
26,4,5
63,10,11
34,1,23
32,3,19
32,13,7
33,6,14
24,6,1
51,5,21
50,19,10
59,5,20
36,9,13
26,1,15
33,6,12
61,4,16
43,5,21
61,0,26
41,14,9
40,9,15
54,0,22
57,8,16
62,6,16
28,0,18
54,10,11
29,7,11
57,5,19
40,1,25
52,22,10
61,13,10
36,2,18
31,7,13
32,2,16
49,1,21
24,2,17
59,8,11
59,10,13
59,2,24
40,8,13
26,6,3
53,18,10
60,4,17
29,0,23
56,15,9
45,8,15
54,10,15
49,14,11
23,0,17
49,10,14
48,14,11
54,7,17
56,6,14
58,5,19
57,7,16
53,3,18
54,11,14
26,6,2
52,17,10
33,10,10
22,1,2
48,10,14
43,7,14
26,3,17
18,0,19
34,2,16
59,3,20
62,7,14
55,4,21
55,6,17
30,5,13
60,7,12
28,10,0
49,10,15
30,18,4
28,23,0
33,15,8
43,5,16
54,8,15
57,10,13
54,9,13
27,0,19
42,6,15
39,6,17
25,1,16
45,5,19
30,7,10
43,4,22
24,2,11
29,19,3
42,6,20
63,19,9
33,3,15
44,14,11
61,6,15
46,3,21
31,3,16
37,12,10
53,23,9
44,12,11
40,3,19
46,0,26
24,7,4
35,1,18
61,8,14
50,23,10
40,2,22
39,4,19
47,14,11
33,18,7
53,4,21
57,6,13
25,3,4
22,2,13
58,8,13
30,19,4
53,8,15
30,6,11
41,3,24
62,17,10
30,1,18
31,4,16
45,4,18
37,1,25
39,3,20
21,0,19
27,12,0
24,4,15
63,8,15
27,4,11
28,4,14
24,4,10
55,1,21
43,16,10
38,9,10
32,12,7
50,2,22
24,2,3
38,6,17
44,20,11
33,0,24
36,0,24
24,2,12
52,3,24
39,0,26
31,4,18
51,1,21
63,6,17
24,5,13
33,3,18
30,4,13
23,1,8
43,12,11
43,6,20
59,3,18
46,6,20
56,12,10
48,23,10
29,3,19
39,20,8
27,2,18
29,1,20
47,1,22
36,3,16
28,19,1
43,9,16
38,21,8
41,1,26
29,5,15
26,0,22
49,4,20
54,8,13
38,6,14
56,3,20
45,4,19
41,9,13
24,1,17
34,0,22
52,9,12
26,1,21
58,14,9
42,3,20
50,8,18
53,10,11
25,2,16
45,1,27
41,11,13
41,8,14
35,0,23
19,1,13
60,9,13
53,1,25
53,8,14
30,4,17
47,4,20
63,5,18
27,3,18
45,6,18
48,10,13
36,9,10
36,3,22
22,2,16
47,9,12
61,6,14
23,3,2
55,8,16
59,21,9
51,5,19
59,20,9
61,17,10
40,8,15
41,3,20
30,21,3
26,2,15
25,3,17
46,8,15
44,8,14
57,15,9
38,3,23
43,9,15
26,0,16
36,11,10
29,8,4
50,6,15
28,18,1
31,6,15
31,8,10
54,20,10
30,10,7
32,6,13
57,3,21
56,11,14
59,2,22
58,8,14
31,9,12
21,0,3
33,6,16
61,5,16
50,3,22
39,2,19
46,6,16
59,9,10
28,19,0
44,8,18
25,4,2
43,7,16
39,1,22
45,8,16
48,20,11
45,0,29
47,3,22
59,11,10
63,19,10
31,15,5
36,18,8
48,8,17
47,20,11
52,14,11
62,2,24
60,3,17
22,0,8
24,0,20
22,4,0
40,13,9
62,7,17
44,1,23
54,2,24
58,5,18
63,9,13
23,1,4
50,7,15
46,7,16
20,2,13
23,0,20
38,2,17
57,17,9
26,3,6
46,5,20
62,7,18
47,5,19
57,11,10
20,1,6
55,7,13
51,8,18
36,21,8
27,4,5
59,8,15
47,5,17
34,2,23
29,20,2
49,10,11
55,2,21
45,8,17
37,4,17
52,4,21
22,1,15
57,9,10
34,3,18
33,4,16
50,21,10
36,6,15
57,1,25
45,20,11
43,0,24
40,4,21
59,0,21
62,8,11
63,4,23
38,4,17
51,20,10
57,4,17
50,6,18
49,16,10
35,6,18
50,8,17
31,8,9
50,0,26
49,15,11
63,2,19
38,19,9
28,13,0
56,3,22
58,15,9
49,0,24
49,2,20
41,7,19
59,6,18
46,4,22
60,7,14
41,5,17
20,0,15
29,4,13
33,5,17
27,5,3
35,1,20
60,10,12
38,16,9
30,11,7
41,7,16
29,4,14
28,14,0
58,5,16
53,2,23
27,1,16
36,6,16
37,5,15
30,15,5
52,2,19
27,3,14
61,3,23
29,5,9
55,1,22
46,4,18
29,2,15
30,1,16
58,7,13
23,2,18
54,5,21
32,6,14
42,9,16
42,2,22
52,7,14
31,7,10
55,6,19
25,8,3
50,3,20
33,4,14
61,4,22
48,4,17
61,4,20
26,3,14
40,7,18
48,2,21
55,1,24
50,17,11
28,18,2
59,0,20
38,6,16
49,2,25
60,18,9
24,3,17
53,4,22
60,2,21
52,0,26
33,1,18
45,3,19
53,13,11
34,1,19
20,0,2
51,1,23
33,0,19
42,1,23
44,9,15
44,5,19
28,0,22
27,6,6
60,0,24
43,20,10
53,6,20
62,10,11
63,4,22
61,7,14
63,0,23
50,0,25
36,0,25
40,2,25
24,4,13
45,1,22
51,6,20
37,5,17
46,6,15
34,3,17
39,8,14
19,2,12
62,8,12
23,0,18
63,3,19
35,8,11
56,9,11
61,0,22
56,4,16
51,7,14
44,0,25
51,3,23
23,1,19
60,1,21
50,20,10
34,1,24
58,5,15
44,1,26
35,4,17
43,8,12
22,1,9
46,2,23
51,2,22
56,11,11
26,7,4
52,6,17
58,7,17
30,6,6
57,2,19
22,1,4
28,22,1
48,6,16
40,1,19
53,3,23
59,1,19
47,8,14
52,6,19
60,11,10
22,1,6
34,20,7
49,1,25
25,3,12
30,0,20
55,3,22
38,3,20
30,5,17
55,7,14
62,6,17
46,13,11
44,21,11
56,7,15
58,7,14
20,1,13
58,10,13
52,1,22
31,1,22
32,7,13
60,3,22
34,18,8
55,10,14
62,1,24
56,16,10
59,0,25
30,5,15
25,4,3
26,8,2
35,6,16
43,1,29
46,0,27
28,9,1
48,15,11
28,11,1
59,6,19
45,9,17
50,2,19
24,4,4
63,2,23
38,3,19
25,0,16
29,1,18
33,0,23
56,10,14
54,17,10
57,8,13
59,1,22
21,0,9
50,8,14
54,6,20
35,13,9
35,5,17
60,6,14
62,2,22
30,14,4
23,2,15
42,2,24
37,0,21
38,5,15
23,2,0
44,2,24
42,16,10
26,4,14
32,7,11
43,10,11
32,4,18
38,1,19
31,16,6
40,1,24
49,11,12
33,13,9
28,17,0
24,6,3
28,10,1
47,5,16
21,1,18
43,6,17
25,4,9
57,10,14
48,1,24
23,6,1
36,7,13
44,5,17
21,0,16
33,5,15
34,1,18
61,20,9
36,0,22
63,0,26
43,7,15
35,4,14
41,8,11
38,2,19
23,3,0
34,1,17
42,1,26
40,13,10
47,21,10
43,3,21
47,6,17
38,8,10
37,5,13
59,10,11
35,17,9
53,16,10
52,12,11
24,2,7
53,2,24
51,4,21
39,18,9
25,1,18
48,2,23
42,6,19
23,0,19
47,21,11
38,0,23
58,6,14
32,8,12
52,10,13
51,15,10
28,0,21
62,22,9
58,13,10
43,8,18
55,21,9
56,9,14
26,5,6
31,7,12
37,6,15
34,5,14
53,7,16
59,0,26
49,7,14
45,18,11
28,6,11
57,5,18
27,2,17
40,3,20
31,1,17
28,2,19
48,4,19
53,7,14
48,5,17
34,19,7
30,1,21
44,7,14
41,2,22
18,0,20
26,3,16
46,4,19
47,18,11
43,22,10
41,3,18
60,2,23
41,10,14
44,2,23
51,9,13
55,5,19
41,4,17
28,5,4
46,10,13
62,1,21
41,1,21
37,7,14
54,1,25
46,8,17
49,2,22
49,7,16
38,3,22
42,7,12
30,1,19
61,1,20
61,7,12
32,3,18
33,16,8
22,1,1
48,0,23
55,1,25
47,20,10
40,0,28
53,9,17
36,5,13
19,0,12
60,12,10
28,19,2
42,2,20
28,5,5
43,7,13
28,0,19
30,9,9
56,22,9
42,2,21
35,1,23
26,4,16
50,12,11
51,5,20
20,1,12
25,1,20
44,6,17
60,10,11
29,9,3
41,4,18
32,3,17
60,20,9
54,6,16
52,1,21
26,4,7
29,22,1
51,15,11
38,0,24
42,0,29
44,0,27
31,20,5
37,7,15
40,1,23
53,3,19
27,2,21
39,10,10
34,19,8
36,2,23
52,1,25
61,7,17
61,18,9
49,5,16
30,16,5
27,1,21
37,3,18
42,0,30
40,2,23
46,23,10
37,10,10
31,23,4
21,0,7
57,1,22
57,3,19
23,3,12
42,6,16
28,3,13
52,5,20
29,6,12
51,4,22
61,1,24
56,5,15
43,0,28
55,0,24
59,3,21
43,23,10
28,9,12
49,9,12
60,2,24
58,23,8
55,4,19
49,12,14
61,2,24
28,7,4
36,3,18
26,4,12
23,1,17
38,5,18
51,5,16
41,3,25
27,6,1
60,12,12
61,16,10
59,8,13
59,19,9
51,12,11
22,0,10
61,4,17
63,2,20
58,2,22
53,0,26
52,4,17
53,11,11
36,10,10
41,4,20
37,4,15
41,10,10
39,7,12
47,0,27
26,3,11
23,5,4
60,0,25
40,6,15
63,6,18
58,16,9
45,7,19
63,1,20
48,8,15
31,16,5
59,10,12
46,5,21
57,3,18
56,13,9
26,8,3
45,21,10
32,6,11
23,1,11
39,4,15
42,13,10
50,0,27
35,5,13
43,9,13
29,10,2
41,7,12
54,0,23
27,7,3
27,5,7
45,7,15
63,0,22
56,10,11
29,11,4
45,3,23
27,6,3
29,7,6
45,6,16
48,6,18
42,4,16
26,7,2
49,14,12
48,5,19
30,11,4
39,0,25
45,0,26
53,2,21
53,5,20
21,1,3
25,3,14
37,19,9
44,10,13
26,7,0
47,2,23
38,11,10
45,6,20
37,2,17
46,2,24
32,6,10
40,2,24
57,5,20
60,5,15
34,5,13
50,6,17
48,12,11
37,11,9
29,8,5
46,10,14
59,2,18
23,0,22
57,0,24
56,2,20
29,7,10
22,5,1
55,13,10
39,16,9
26,5,4
32,14,8
56,5,16
63,23,9
58,6,13
44,2,21
61,7,18
27,5,11
46,22,10
29,1,16
30,9,5
27,2,19
30,11,5
34,11,10
50,1,24
58,4,20
32,6,12
45,9,15
59,15,9
44,21,10
55,9,15
55,0,25
52,6,18
62,1,22
32,4,13
62,16,10
39,8,16
37,0,25
26,3,12
51,16,10
45,7,18
27,0,17
30,1,17
61,17,9
43,1,22
41,7,15
28,1,19
35,7,11
49,6,16
41,7,17
30,3,13
44,6,21
33,6,17
56,0,24
39,6,14
24,3,11
28,2,15
26,2,16
28,11,2
42,0,24
46,11,11
51,10,12
31,0,19
40,15,9
23,4,13
28,9,2
42,6,17
42,8,14
62,14,10
50,9,11
47,6,20
42,4,19
25,0,20
37,1,19
50,11,11
20,0,12
28,5,9
62,6,19
23,2,1
42,4,20
54,9,15
52,0,27
46,7,15
48,21,11
56,10,13
39,7,13
37,8,11
52,2,20
28,16,2
37,0,20
23,7,1
35,19,8
27,5,4
47,0,22
23,2,9
50,6,16
45,3,24
25,2,7
51,23,10
27,7,6
42,23,10
52,0,22
33,1,23
58,13,9
40,12,10
44,9,16
47,10,15
33,12,9
63,7,16
54,4,19
56,0,26
39,13,10
46,8,16
35,3,16
54,6,14
23,1,6
40,6,16
25,0,18
31,13,5
49,7,17
35,5,15
44,15,10
24,7,3
47,8,13
44,1,25
32,19,6
33,4,17
62,18,9
48,1,23
61,6,18
62,6,15
57,5,16
52,5,22
31,2,15
44,2,25
41,5,16
41,12,11
30,2,20
59,23,8
49,11,13
45,22,10
48,4,18
27,6,5
58,23,9
49,9,13
57,8,12
48,5,20
35,0,22
43,3,24
51,11,14
61,11,10
57,4,22
32,20,5
53,5,22
44,9,13
51,4,23
34,0,20
26,8,0
44,11,13
56,3,18
39,0,21
51,11,13
27,3,19
59,0,23
48,11,14
32,8,10
50,7,17
58,4,16
48,10,11
32,1,20
53,7,13
31,8,12
37,14,9
59,8,12
30,10,4
24,5,1
50,7,14
40,10,12
43,6,16
63,5,17
28,20,1
43,2,20
24,4,14
38,7,12
24,5,3
43,3,22
34,5,15
24,5,12
30,6,10
44,9,17
37,6,14
54,3,18
31,1,19
28,6,4
49,1,23
32,14,7
30,7,7
43,9,12
23,3,3
59,10,10
62,0,22
40,3,21
43,11,12
53,20,9
36,17,9
24,3,14
37,5,16
52,3,23
62,3,20
44,10,16
56,7,12
54,3,23
29,2,19
28,3,18
30,5,12
48,0,25
43,5,18
24,1,15
54,18,10
27,0,20
53,16,11
20,2,17
46,1,22
52,8,15
48,21,10
55,10,12
38,2,22
28,12,1
39,3,22
54,1,21
56,19,9
53,10,15
27,1,17
45,5,17
22,1,14
24,3,2
26,5,9
60,0,22
25,0,19
48,9,17
45,4,24
43,1,30
59,1,20
58,5,21
54,4,21
36,0,19
27,5,5
57,11,14
29,3,18
63,8,12
42,0,25
56,4,17
57,9,14
27,8,1
46,1,21
46,11,14
63,12,10
62,4,22
40,4,18
62,0,21
49,8,15
29,12,1
31,2,18
37,7,12
49,5,19
36,13,9
45,0,27
54,23,9
47,6,18
48,6,19
26,1,17
59,3,22
29,5,7
39,3,21
39,4,16
46,7,17
25,4,16
32,9,10
62,12,10
40,3,22
54,7,13
26,5,3
47,0,26
48,8,14
48,12,13
29,14,3
29,2,14
59,12,10
38,6,13
59,5,15
46,18,11
48,8,16
61,6,13
38,4,16
50,12,14
39,2,21
34,17,8
43,10,13
43,11,11
55,6,18
49,0,25
49,4,17
51,0,25
43,9,11
35,21,7
47,2,21
29,3,17
21,1,17
38,0,26
31,9,9
24,6,4
31,11,5
44,0,26
36,5,16
30,7,12
48,1,21
28,5,12
57,5,15
59,7,14
26,3,13
23,1,5
37,16,9
55,8,15
29,2,20
37,4,18
50,10,14
40,0,30
30,8,7
47,2,25
25,6,3
29,7,7
58,11,13
37,22,8
34,9,10
29,4,15
25,7,3
35,6,12
43,6,15
53,11,15
54,7,16
46,21,10
60,3,18
49,13,13
34,3,16
53,9,15
26,3,4
47,0,28
62,6,14
43,22,11
52,9,15
55,7,16
57,6,18
52,0,25
47,11,11
40,1,22
38,7,17
44,5,21
61,5,19
61,0,25
46,1,24
48,3,18
48,4,21
58,5,20
50,0,22
41,9,14
57,13,10
53,19,10
32,5,17
24,4,16
62,17,9
37,8,13
42,10,14
37,7,11
51,4,17
63,6,14
46,19,11
53,8,16
43,7,19
38,1,21
63,4,19
63,9,15
58,10,10
52,5,19
41,8,13
54,2,21
59,0,22
21,1,13
31,11,8
28,6,7
63,15,10
33,17,8
35,0,20
57,8,11
37,1,21
49,6,17
54,4,18
51,1,24
52,9,13
28,2,14
39,1,20
52,11,13
54,10,16
52,11,14
27,1,19
63,9,12
31,13,6
36,7,15
32,9,9
52,9,14
33,0,22
58,10,12
40,0,22
29,13,4
31,7,11
50,1,22
61,3,18
29,6,8
44,5,16
53,20,10
46,2,22
49,19,11
63,3,22
25,0,17
33,7,11
27,4,7
60,3,19
62,11,11
41,3,23
29,7,8
47,0,25
40,18,9
54,8,14
60,4,21
24,4,2
24,3,13
26,4,3
58,11,10
62,4,21
41,1,20
58,8,12
36,18,9
29,23,0
25,4,15
52,5,18
36,1,24
43,2,22
23,1,9
56,17,9
22,2,17
31,2,19
32,16,7
28,7,11
48,8,13
26,5,10
57,20,9
25,7,2
62,9,11
20,3,17
33,1,20
26,2,17
51,3,21
53,9,16
50,5,17
50,15,10
23,5,13
63,7,14
33,3,20
60,8,13
31,6,13
59,4,19
19,2,13
55,7,19
20,1,17
40,5,16
42,8,15
29,11,2
35,1,19
37,6,12
24,2,18
53,6,18
36,11,9
29,7,4
61,9,11
55,7,15
52,10,15
47,12,14
58,1,21
50,5,18
31,6,10
29,23,1
32,1,21
25,6,1
44,3,23
29,1,19
41,15,9
60,2,19
21,1,7
31,3,14
33,2,19
53,12,11
44,12,12
24,7,0
33,14,8
29,6,10
39,5,19
26,3,8
23,2,8
56,7,19
49,21,11
54,14,10
40,6,13
37,11,10
53,8,17
28,6,10
39,3,16
38,15,9
59,13,9
56,20,9
38,18,9
52,15,11
44,8,17
28,14,1
37,9,10
35,7,12
51,8,13
28,23,1
61,2,20
41,14,10
22,0,5
55,5,21
62,23,9
56,1,22
54,3,20
47,9,17
59,1,25
29,8,12
35,2,18
28,6,6
28,10,2
28,18,0
26,1,19
54,5,19
52,7,16
53,5,16
35,6,11
32,0,21
39,17,9
46,9,15
34,6,13
61,7,16
60,8,11
28,4,15
44,6,16
24,4,3
56,2,22
49,4,22
45,2,25
23,2,7
45,12,12
30,4,12
52,3,19
46,4,23
29,21,3
60,4,19
52,8,17
46,3,20
39,1,24
22,0,4
31,5,14
42,7,16
57,0,26
62,5,22
35,11,10
33,3,19
23,1,12
35,9,10
47,4,21
48,6,17
30,0,18
58,2,23
36,6,12
33,1,22
63,11,11
51,1,22
63,9,11
37,0,24
28,8,11
32,0,19
48,10,15
55,9,13
48,3,20
42,4,17
40,8,11
38,5,13
51,2,24
45,1,23
28,5,8
35,2,16
63,6,15
30,6,12
45,16,11
49,18,11
42,10,15
43,2,25
30,13,4
33,17,6
37,0,22
45,20,10
53,8,18
52,5,16
55,2,20
36,5,14
23,1,13
60,17,9
50,4,18
36,8,15
37,8,10
22,2,2
36,4,18
35,8,14
54,15,10
25,2,15
28,3,15
20,0,10
52,3,22
29,20,1
39,1,25
54,5,18
49,5,18
34,0,24
34,14,8
27,5,14
26,6,5
27,3,13
63,8,13
38,2,20
41,5,21
55,1,20
48,9,12
55,15,10
24,5,4
31,3,17
57,0,20
55,23,9
24,3,8
55,2,22
52,8,18
43,1,23
42,6,14
36,1,21
27,1,18
23,3,13
46,0,24
28,17,2
42,3,22
31,9,8
41,0,24
48,12,14
35,14,9
58,2,20
35,17,8
62,4,20
50,3,19
42,3,24
49,5,17
32,1,18
41,5,20
22,2,7
37,23,8
31,18,5
20,0,16
44,4,19
51,13,13
59,23,9
38,4,19
41,15,10
52,20,10
27,7,5
30,9,7
46,10,12
35,12,10
47,6,19
22,2,8
61,8,12
40,8,10
37,6,13
30,5,14
52,6,16
61,8,13
47,9,15
32,5,15
47,8,18
28,5,10
54,10,14
41,4,21
32,4,14
58,20,9
43,1,27
51,9,16
36,15,9
57,16,9
34,5,16
48,3,22
29,2,17
46,4,20
42,5,21
39,7,14
51,3,22
54,7,14
55,14,10
62,6,18
42,2,23
35,0,21
55,20,9
48,7,16
35,16,8
51,6,15
35,5,18
61,11,11
43,7,18
25,3,7
25,5,4
61,6,19
28,6,3
32,7,12
36,1,23
52,8,12
37,1,24
33,3,16
26,2,18
42,10,11
47,8,17
45,13,11
58,7,12
32,1,17
38,12,9
60,17,10
26,6,4
36,4,15
39,0,22
57,6,14
28,12,0
38,23,8
25,2,18
58,2,21
38,7,16
52,8,13
38,3,18
26,3,7
33,2,18
55,5,20
53,9,11
31,17,6
63,9,14
40,6,17
53,8,13
56,14,9
42,2,19
49,10,13
26,1,16
24,7,2
27,1,20
38,1,26
22,0,16
41,2,19
53,3,22
50,4,17
51,7,19
41,2,26
38,4,15
49,12,11
56,13,10
33,4,19
34,2,21
31,18,4
35,1,24
30,12,4
44,8,15
27,4,12
35,3,22
45,2,22
55,4,16
33,17,7
30,7,5
40,2,20
47,19,11
60,3,23
53,6,16
31,10,8
61,5,17
44,4,21
36,3,15
29,22,2
30,8,8
56,1,20
30,12,5
50,7,16
32,12,8
57,14,9
54,1,22
24,1,19
52,6,15
41,9,16
55,5,15
56,2,19
27,3,17
53,9,12
31,4,13
40,19,8
56,14,10
54,13,11
42,5,18
61,1,23
52,16,11
25,2,13
21,0,15
57,6,19
50,10,15
51,10,15
33,9,10
33,11,10
34,3,22
29,6,5
38,1,25
29,21,1
21,0,4
21,1,6
30,4,16
50,16,10
30,2,15
51,9,18
55,8,13
22,2,12
21,2,2
32,10,10
32,14,6
41,0,26
24,7,1
29,17,2
59,22,9
38,3,16
51,9,17
54,10,13
62,7,15
42,8,11
45,8,13
21,0,5
22,2,3
61,12,10
60,1,22
52,1,26
33,5,13
21,1,2
22,0,21
30,3,19
63,4,18
53,5,17
55,2,23
48,5,16
22,3,1
44,6,18
29,3,16
24,2,6
29,5,12
26,3,9
25,3,5
61,3,20
50,8,15
61,0,21
33,6,15
37,0,26
57,10,15
32,15,8
35,1,22
29,19,2
38,2,18
58,3,17
62,2,21
59,1,24
24,1,6
28,4,16
50,0,24
28,5,6
44,19,11
36,1,18
34,5,17
59,12,12
42,6,18
41,4,23
22,1,19
37,1,23
62,4,18
58,9,11
33,5,12
40,6,19
41,1,25
46,6,19
25,4,10
59,14,9
46,17,11
40,7,19
55,12,10
52,2,25
37,8,12
55,11,11
22,0,7
41,13,10
43,6,19
47,4,23
63,17,10
41,10,11
39,8,10
35,0,25
57,1,19
31,15,6
58,3,19
23,5,2
34,8,10
27,3,16
28,2,18
44,7,18
56,4,21
59,2,19
55,0,21
59,7,15
43,0,25
37,1,18
23,1,18
62,7,16
48,19,11
39,2,22
55,9,11
40,2,18
61,2,21
56,4,20
41,2,25
32,5,16
49,11,14
49,9,14
55,18,10
59,1,21
46,7,19
57,19,9
17,0,12
42,3,19
57,21,9
21,0,18
41,6,14
35,2,22
36,7,11
46,7,18
43,2,26
59,7,19
60,5,17
32,7,10
20,0,6
59,2,21
46,12,11
62,8,14
30,2,16
39,0,20
32,16,8
54,9,11
40,3,23
27,0,16
46,5,16
37,2,18
40,10,13
28,6,8
54,11,11
30,8,5
61,6,20
44,10,12
33,3,17
32,17,6
60,5,18
45,6,21
38,0,25
52,4,20
52,4,22
45,8,18
57,4,16
20,0,9
33,6,13
54,3,19
61,14,10
24,1,16
43,5,17
46,4,21
34,4,18
60,8,12
39,1,26
34,1,21
46,9,13
41,7,13
36,16,9
33,4,20
43,13,11
38,5,17
58,2,18
36,7,14
23,5,1
34,1,25
46,3,19
45,9,12
31,4,14
23,4,2
44,4,23
31,5,15
34,21,7
22,0,20
55,0,23
30,9,8
57,9,11
48,1,25
28,5,11
36,23,8
39,8,11
30,7,11
60,4,20
31,2,20
50,13,11
26,1,20
30,4,18
47,1,26
20,2,16
51,7,17
57,7,13
37,15,9
46,12,14
42,8,16
29,12,3
54,5,20
39,21,8
60,2,18
22,1,0
37,9,13
60,23,8
31,2,21
62,0,24
31,6,12
56,5,20
61,5,15
22,2,0
50,18,11
20,0,13
62,4,19
30,3,18
20,0,19
48,4,22
24,2,4
62,2,23
49,10,12
32,18,6
58,6,19
29,23,2
60,2,22
48,7,14
62,3,22
23,1,16
32,13,8
48,5,22
33,7,10
57,7,12
44,0,24
25,3,16
44,16,10
57,0,22
24,3,12
29,3,13
34,18,7
44,7,19
21,1,11
41,2,23
53,15,11
47,11,14
46,0,23
20,0,17
56,4,19
40,8,14
44,3,21
33,1,19
34,4,16
46,11,12
44,6,15
40,5,19
46,5,19
34,6,14
46,5,18
42,8,12
52,3,18
49,8,14
20,1,16
37,6,17
54,12,11
30,6,13
25,1,21
33,16,7
32,2,19
44,7,15
42,12,10
59,7,13
31,1,21
51,10,16
63,18,10
62,6,20
40,5,18
59,5,19
40,8,16
63,20,9
41,10,13
26,4,17
29,4,16
51,10,14
49,9,17
25,2,17
47,7,16
54,5,17
34,4,14
41,0,22
30,2,21
25,5,9
36,7,16
28,21,0
31,12,8
53,3,21
20,0,11
34,0,25
41,6,17
40,5,17
53,7,15
45,14,11
45,7,16
25,3,11
35,4,16
55,6,16
24,2,10
47,2,22
57,10,10
59,9,13
24,0,19
41,3,21
51,2,20
47,0,23
32,2,20
36,7,12
56,4,18
36,19,8
34,4,15
42,2,25
51,8,14
58,0,22
61,1,25
59,9,12
28,20,0
47,9,16
23,5,12
47,4,22
30,3,17
56,8,11
59,11,12
33,13,8
38,10,10
38,20,8
49,0,27
43,8,14
58,6,18
39,0,23
53,5,18
39,2,18
41,0,23
30,5,11
40,9,13
31,2,16
60,4,16
40,11,13
32,4,17
43,5,19
29,6,9
61,8,11
51,0,22
28,15,2
52,3,20
44,7,17
37,13,9
50,1,25
56,18,9
36,0,23
27,4,13
34,0,21
48,12,12
36,21,7
58,7,15
56,21,9
46,1,26
24,1,18
30,6,8
39,13,9
49,2,26
51,4,20
42,3,21
29,7,12
40,6,14
30,7,9
39,7,16
41,4,16
47,3,19
56,8,12
30,4,15
55,1,23
41,5,18
34,5,18
26,4,4
22,1,3
54,21,9
56,15,10
59,9,11
35,2,21
35,7,13
23,2,11
58,1,24
29,6,6
57,4,19
43,4,18
62,19,9
30,7,6
19,1,12
39,11,10
37,2,21
32,7,14
27,4,10
34,2,22
49,3,23
54,8,16
39,9,10
47,1,21
61,0,23
50,22,11
44,4,20
29,7,3
38,0,22
50,1,21
61,3,19
52,8,14
47,7,15
30,8,11
60,9,11
26,5,5
51,6,18
22,0,0
35,3,17
61,1,21
38,1,23
43,0,30
47,7,14
52,2,21
50,3,18
29,11,3
61,1,22
60,19,9
49,8,16
51,2,23
35,3,18
53,2,22
57,2,23
35,1,21
53,10,14
36,0,20
46,5,17
44,4,22
33,2,20
32,6,15
51,6,17
42,4,18
30,9,6
37,2,22
30,11,6
30,0,21
46,8,13
20,0,20
48,1,26
41,2,21
41,6,16
24,3,16
49,2,19
53,21,10
23,3,16
57,4,20
58,6,17
48,4,20
63,1,24
53,11,14
60,13,10
53,9,14
45,2,24
32,8,11
51,8,16
38,8,11
60,1,25
32,0,20
50,1,23
50,12,15
34,2,19
62,5,19
33,8,12
53,5,19
62,13,10
51,0,26
24,2,14
61,23,9
61,2,23
30,10,5
52,2,23
35,4,15
51,22,10
61,8,15
44,6,20
47,2,24
42,5,17
32,4,16
59,1,23
33,16,6
36,20,8
45,1,24
44,10,15
28,1,18
49,14,13
31,17,5
39,6,13
58,6,15
55,8,12
39,7,11
51,19,11
34,0,23
58,9,10
39,4,20
27,4,14
22,1,10
40,7,17
59,3,19
61,9,14
49,6,15
35,3,15
22,3,3
63,22,9
60,6,16
51,0,27
28,1,17
25,4,14
24,5,2
52,4,23
47,3,20
31,5,13
48,23,11
44,8,12
41,4,19
34,10,10
30,2,19
19,0,18
39,5,17
50,5,16
21,0,11
42,11,11
57,0,21
59,4,16
43,1,24
30,3,15
57,3,20
42,9,11
44,8,16
35,9,11
33,8,10
52,1,23
53,0,22
28,8,2
49,12,13
25,4,13
40,7,11
26,4,13
48,5,18
45,4,23
55,11,14
46,1,23
51,3,24
53,6,17
30,12,6
42,4,21
45,11,14
26,2,14
38,6,12
31,3,18
33,7,13
59,0,24
45,9,14
43,5,20
59,4,20
63,3,23
52,7,15
45,0,25
44,2,22
28,16,1
35,6,13
38,1,24
39,1,21
48,16,11
32,18,5
27,2,16
62,2,20
32,0,18
54,9,16
30,6,9
51,12,14
29,0,22
21,0,10
39,6,15
29,18,2
58,3,23
46,9,14
63,8,14
41,12,10
43,3,19
30,6,7
51,9,12
56,7,13
62,3,19
29,8,10
27,10,0
53,4,18
46,20,10
35,19,7
46,1,27
51,11,12
34,2,20
62,0,27
29,1,17
34,1,20
39,1,19
46,6,17
32,5,12
41,5,15
29,9,4
45,5,22
55,4,20
24,2,8
36,4,17
37,5,14
55,19,10
54,4,20
18,0,18
23,4,3
53,6,19
54,1,23
29,21,2
46,6,18
43,0,27
21,0,6
30,0,19
58,22,9
29,20,3
56,1,25
56,5,19
43,0,29
35,0,19
19,1,16
52,4,18
63,3,20
23,4,12
56,23,9
53,1,21
28,4,13
45,4,20
57,23,9
62,1,20
40,10,10
39,7,15
24,0,17
41,7,18
35,20,7
57,9,12
29,9,5
29,0,19
33,2,17
62,20,9
53,1,23
29,18,3
25,5,2
43,14,11
38,3,21
40,14,9
42,3,23
30,15,4
43,6,14
43,2,23
33,1,17
62,2,19
50,7,18
41,8,10
51,7,15
25,6,2
45,6,17
23,6,0
21,0,14
47,2,20
21,0,1
56,9,15
31,5,17
48,7,17
34,12,9
55,3,19
38,4,20
25,1,15
31,0,22
43,15,10
51,4,19
51,0,23
59,8,14
21,0,20
32,10,9
24,5,0
33,6,11
57,7,18
41,2,24
37,7,13
24,1,4
51,13,11
29,5,11
40,2,19
45,19,11
63,1,23
32,6,16
25,5,14
27,6,4
52,12,14
40,16,9
41,1,24
54,6,17
22,2,4
28,16,0
39,1,23
57,11,13
52,1,24
56,6,19
62,11,10
57,9,13
52,7,17
21,1,15
48,5,21
53,1,26
36,8,13
44,3,19
51,9,14
61,6,16
49,4,19
41,11,12
49,23,10
28,3,14
56,6,15
55,4,17
63,1,21
61,4,18
29,5,14
57,8,14
51,12,15
56,18,10
38,5,16
63,2,24
24,2,13
48,0,24
31,10,9
44,10,14
51,6,16
39,9,13
63,2,21
59,2,23
50,9,12
31,3,19
44,20,10
42,5,20
28,6,5
51,2,21
23,2,17
63,5,16
46,10,15
26,6,1
63,16,10
35,8,12
28,6,12
41,11,10
62,21,9
36,19,9
38,22,8
29,10,4
39,5,14
43,8,11
27,8,0
47,4,18
54,5,16
26,0,20
56,10,15
44,1,28
48,2,24
36,2,22
30,16,4
55,2,19
31,13,7
48,13,13
62,12,11
60,0,23
44,11,12
33,5,16
38,3,17
36,4,14
28,7,2
31,3,15
28,8,8
47,3,23
44,9,12
26,3,15
28,8,1
36,3,17
58,12,12
34,6,17
37,3,23
37,8,14
56,6,17
41,1,23
34,6,16
50,9,14
61,5,20
49,13,11
23,3,4
49,4,21
56,2,23
35,20,8
27,0,21
33,5,14
23,1,15
27,5,9
63,7,15
62,5,18
55,6,15
39,9,14
51,9,15
51,11,15
48,0,27
34,2,18
62,0,23
24,3,4
55,3,21
33,7,12
22,4,1
62,9,12
57,2,21
52,19,10
36,8,11
49,3,18
47,22,10
51,7,16
28,6,2
22,5,0
58,3,21
31,5,12
54,0,25
42,7,13
25,3,10
56,1,23
47,1,24
44,5,18
50,2,24
35,7,14
58,1,23
63,5,20
36,12,10
47,3,21
25,2,6
40,0,24
60,1,20
45,21,11
25,2,8
19,1,19
27,4,15
45,2,26
42,10,13
56,10,10
41,11,11
57,1,24
59,6,14
28,8,3
54,4,17
46,2,21
63,3,21
52,0,23
39,3,23
43,8,15
55,5,17
62,7,13
31,0,20
61,2,19
40,1,21
42,0,26
29,0,17
60,7,13
46,2,20
57,12,10
63,3,24
34,6,11
28,9,0
51,3,20
28,11,0
55,0,26
36,1,22
40,0,21
29,6,15
57,7,15
46,8,18
44,6,19
46,20,11
54,0,26
58,2,19
49,8,13
49,9,11
27,0,22
23,1,7
40,5,14
22,0,1
55,9,14
28,3,17
47,4,19
36,6,13
32,5,13
25,7,0
21,1,12
53,5,21
40,4,20
57,7,14
45,6,15
27,2,20
32,9,12
19,2,16
30,20,3
24,3,3
40,7,14
46,6,21
34,3,15
54,2,22
43,11,13
30,3,16
53,2,20
60,10,13
37,4,14
45,3,20
32,8,9
25,3,9
43,6,18
35,15,9
19,1,17
58,1,19
63,7,13
39,8,13
54,8,17
50,0,28
52,2,22
30,8,6
35,16,9
48,9,15
55,10,13
29,12,4
59,6,15
48,9,13
32,11,9
50,4,19
26,2,19
58,4,21
33,4,15
48,11,13
62,15,10
47,10,12
27,4,9
32,9,11
35,1,25
28,2,16
44,4,18
50,3,21
60,6,18
23,1,3
32,16,6
35,13,10
48,2,20
31,6,11
28,1,16
43,7,17
45,12,11
28,15,0
23,1,10
47,9,13
59,13,10
31,2,17
25,5,1
45,10,13
41,8,12
37,17,9
49,16,11
24,6,13
49,23,11
61,3,17
21,1,1
46,2,25
54,1,20
29,16,3
40,4,23
25,3,6
35,5,14
29,4,12
47,10,14
55,5,18
45,1,25
56,1,24
49,9,16
27,2,14
48,3,21
55,9,12
61,0,24
53,4,19
52,12,13
32,15,7
24,6,0
50,2,20
34,8,11
48,7,15
53,4,17
32,12,9
51,8,15
35,5,16
47,17,11
32,15,6
61,6,17
63,13,10
60,7,15
41,9,15
44,1,24
48,6,20
25,3,15
54,5,15
42,14,10
40,0,23
61,4,19
36,14,10
54,2,23
40,3,17
44,1,27
54,9,14
59,3,17
43,4,21
55,3,20
44,0,28
43,10,12
53,0,24
44,7,16
56,11,10
56,5,18
43,8,16
49,1,22
36,13,10
44,3,24
42,5,19
57,1,20
23,2,13
38,0,21
54,20,9
43,1,25
62,3,24
40,3,18
25,5,3
45,2,23
34,13,9
46,3,23
40,7,13
37,4,16
39,6,16
62,5,17
51,12,13
31,12,7
48,0,26
36,14,9
39,9,16
49,5,21
26,3,10
29,8,7
51,5,17
57,6,15
24,2,9
44,7,13
45,9,16
44,18,11
25,6,9
22,1,13
50,15,11
52,3,21
32,3,16
24,4,9
24,2,15
26,3,5
38,12,10
59,5,16
49,6,18
49,0,22
47,23,10
37,12,9
29,5,10
47,6,16
40,1,20
61,5,18
37,20,9
38,4,18
59,18,9
22,0,19
23,0,5
38,13,9
30,11,8
44,5,20
56,5,21
41,6,13
38,2,21
40,7,16
27,3,15
45,10,15
52,23,10
26,4,6
28,7,3
60,6,15
45,1,26
26,4,10
55,5,16
22,1,7
27,5,6
50,22,10
46,16,11
19,0,20
56,8,14
18,0,11
29,2,18
50,11,12
38,1,20
40,5,15
23,7,0
45,11,12
34,4,17
29,19,1
52,4,19
57,3,22
45,7,17
26,4,9
36,2,17
53,7,18
43,3,23
28,7,12
42,1,25
59,19,10
31,12,5
44,22,11
52,11,11
27,7,0
55,8,14
55,10,15
34,0,19
60,6,13
51,1,26
49,22,11
29,13,3
44,15,11
19,0,15
32,3,15
48,11,11
45,4,22
30,10,6
29,6,7
29,12,2
24,0,21
63,12,11
28,15,1
61,10,11
27,5,12
52,13,11
30,8,9
41,3,17
33,4,18
54,2,20
62,8,13
45,12,14
19,0,16
41,5,19
54,1,26
42,11,14
55,12,13
36,6,11
44,23,10
63,1,22
40,3,24
51,14,11
34,6,12
24,0,18
35,6,17
63,6,19
29,23,3
53,1,22
31,19,5
40,20,8
47,10,11
43,2,21
58,0,21
52,16,10
21,0,8
51,4,18
54,2,19
52,11,12
36,8,10
31,14,5
25,2,4
60,8,14
25,0,21
38,17,9
58,12,10
42,9,15
48,7,18
40,14,10
39,19,9
36,8,14
32,11,8
50,11,14
30,12,7
34,2,17
43,1,26
23,4,0
51,10,13
51,8,17
44,0,29
39,2,20
61,5,21
58,0,24
62,5,20
43,3,18
55,17,10
32,5,14
48,3,19
48,1,22
23,1,0
21,2,17
28,8,12
41,2,20
37,3,16
26,0,17
58,8,11
54,9,12
40,6,18
40,11,12
24,5,14
49,13,12
24,4,8
29,6,4
40,9,12
59,4,21
42,12,11
57,2,22
48,2,22
49,0,23
62,5,15
56,5,17
29,10,3
60,14,9
28,8,0
50,0,23
42,7,19
52,10,14
33,2,16
26,3,18
56,2,21
29,3,14
60,1,23
56,6,18
37,21,8
53,4,20
23,2,16
24,4,12
52,0,24
53,6,15
52,7,19
39,2,23
45,0,30
62,5,21
50,4,22
57,3,17
53,1,24
41,0,25
59,11,13
55,1,26
24,8,0
58,4,22
49,11,11
30,4,14
55,19,9
40,4,16
38,0,20
34,7,12
53,17,10
55,4,18
63,14,10
17,0,11
39,7,17
49,2,23
46,14,11
27,1,15
23,2,2
37,3,20
49,3,22
42,7,14
36,2,19
46,9,12
42,15,10
29,7,5
43,9,14
37,1,20
55,2,24
48,10,12
38,2,23
45,6,19
51,19,10
45,0,24
57,1,23
20,0,14
47,11,13
52,2,24
29,17,3
53,0,23
47,8,15
55,0,22
39,15,9
56,3,21
44,3,20
34,15,8
23,4,4
63,13,11
54,16,10
28,0,20
52,18,10
30,6,15
58,1,20
56,2,18
40,2,21
56,6,16
26,4,8
22,1,17
62,1,23
35,6,15
39,10,13
60,1,24
40,9,10
61,2,22
47,5,20
22,1,12
54,6,19
42,4,22
35,10,10
40,4,19
23,2,3
46,3,22
39,2,24
62,3,21
23,0,21
28,1,20
45,15,11
39,8,15
40,11,10
39,23,8
27,4,8
50,2,21
47,15,11
49,11,15
54,0,24
29,22,3
37,2,23
60,0,21
42,1,22
28,22,0
57,6,16
33,7,16
40,8,12
45,5,21
51,3,18
37,5,18
25,3,13
59,9,14
49,3,20
42,9,13
22,0,9
36,4,16
54,3,22
46,8,14
31,19,4
47,9,18
60,10,10
40,7,15
24,1,20
49,1,26
34,1,22
52,21,10
22,2,1
23,3,17
22,0,6
37,20,8
58,3,20
30,7,8
38,7,11
28,17,1
25,2,5
25,3,8
34,7,11
29,2,16
31,7,9
30,3,14
41,8,15
45,3,22
62,0,26
34,15,9
23,0,6
58,4,19
46,1,25
29,9,2
