40,4,43
51,0,38
35,4,56
35,0,38
32,2,61
38,0,30
44,2,42
40,0,29
34,0,33
63,1,56
32,0,38
46,1,41
48,1,41
33,1,43
57,2,55
44,6,54
42,7,63
58,5,62
36,3,39
40,6,54
49,0,41
45,4,44
30,0,54
45,5,50
39,5,51
47,2,44
51,3,53
36,3,49
54,5,58
29,1,56
28,1,59
61,4,60
34,0,40
36,2,35
41,0,31
42,1,37
49,7,62
63,2,60
53,3,55
35,3,49
38,1,33
33,2,53
40,4,44
32,0,47
39,2,37
48,4,50
38,6,58
53,6,62
37,3,39
49,0,38
33,0,35
40,5,55
38,5,58
45,0,32
42,2,37
55,0,49
37,4,48
42,6,58
32,2,57
34,3,50
38,4,48
50,4,54
43,5,47
40,3,39
41,7,63
44,5,47
49,2,43
39,0,31
37,1,33
35,0,30
53,2,50
42,7,57
39,5,49
31,2,60
60,0,50
50,7,60
41,1,35
39,5,56
55,3,54
37,5,55
44,8,61
30,1,51
56,4,59
27,0,63
32,2,47
33,2,41
51,1,41
35,4,61
42,2,41
30,1,55
49,2,47
41,6,57
40,0,30
44,5,49
29,2,59
44,1,38
35,3,47
47,3,46
52,0,42
39,4,48
60,4,61
62,2,57
45,6,54
46,2,40
50,3,51
55,4,57
38,4,46
37,1,37
35,3,48
37,4,49
40,4,41
50,3,46
31,1,46
29,0,62
47,6,55
45,2,42
35,2,42
35,1,41
55,1,49
46,1,40
37,3,42
40,4,42
30,1,63
34,3,48
36,1,39
34,3,60
34,2,52
59,1,51
48,5,55
46,0,35
29,0,58
40,5,52
59,2,55
55,1,52
60,0,52
63,0,53
42,8,63
61,0,49
35,1,35
45,6,53
53,1,46
56,3,54
42,2,38
40,7,58
57,1,51
63,2,59
54,2,51
44,5,46
35,1,43
44,7,60
63,1,57
40,7,63
44,4,49
37,6,63
38,2,41
38,2,39
60,2,56
35,4,57
40,3,40
60,3,58
42,4,45
61,0,50
59,3,58
34,4,56
56,4,58
37,4,54
37,3,44
31,1,56
32,1,55
33,2,48
46,3,46
37,2,43
43,2,41
51,2,44
43,7,59
53,1,44
30,3,63
49,7,60
35,0,32
36,4,50
36,6,60
45,5,47
46,1,39
36,4,54
34,1,35
51,2,49
31,3,63
51,1,49
33,0,38
37,0,33
32,4,62
40,3,43
35,3,56
43,7,56
45,5,54
29,0,48
52,1,50
32,1,42
60,1,53
35,4,60
42,8,60
42,8,61
54,1,49
46,4,50
57,2,53
45,0,34
43,8,62
45,1,40
41,5,52
36,1,32
55,3,55
59,5,62
56,5,60
44,3,43
33,1,41
35,3,53
46,0,36
26,0,62
39,4,43
47,8,63
57,5,59
51,7,63
43,5,45
54,6,63
53,0,47
34,2,41
48,4,54
46,0,38
40,6,58
35,2,41
36,1,38
54,4,58
45,4,49
50,4,55
52,2,49
43,1,38
37,3,41
30,0,51
46,5,52
42,1,35
53,1,50
30,0,46
30,2,63
46,1,38
60,5,63
44,4,43
44,1,37
42,3,44
32,1,53
40,5,47
48,1,40
43,1,35
43,6,55
49,3,53
54,3,55
45,3,43
32,2,53
38,1,35
34,1,43
37,3,47
36,3,45
50,2,49
53,2,51
49,6,57
33,1,50
46,6,55
38,3,40
38,1,37
54,0,48
36,4,61
59,0,49
51,1,46
50,2,50
53,5,58
48,4,53
41,3,40
29,0,50
34,3,58
59,3,57
44,6,52
37,6,61
55,0,46
57,0,48
31,0,52
35,1,33
40,3,42
36,5,58
33,3,61
37,1,31
30,2,60
37,3,46
57,2,52
31,2,63
34,1,36
48,7,59
59,4,61
32,2,56
49,1,41
61,3,58
50,1,41
40,6,60
31,1,49
45,8,62
30,1,54
31,0,53
55,2,51
55,3,56
30,0,44
36,5,54
60,1,54
41,6,52
41,2,35
40,0,32
47,7,58
26,0,63
44,0,34
62,1,56
46,5,51
47,6,58
36,3,47
37,4,55
29,0,37
34,1,41
33,2,57
47,1,42
52,6,61
37,3,45
34,1,39
50,2,48
56,0,44
54,4,57
43,6,54
53,6,61
33,1,44
44,4,46
32,1,54
27,1,63
40,8,62
52,1,49
49,4,52
52,1,43
32,2,54
53,3,54
36,6,59
52,0,44
35,2,50
61,1,52
27,0,62
49,3,52
58,2,55
48,0,40
47,1,40
39,1,32
33,2,44
35,4,55
59,3,56
61,5,63
62,1,54
53,7,63
35,2,43
33,0,42
45,8,58
62,2,55
36,3,43
35,3,46
62,3,61
41,0,32
44,0,37
41,2,38
62,0,51
49,3,46
58,2,54
32,3,63
37,2,38
44,2,40
40,1,33
51,2,45
44,5,53
50,3,45
31,0,50
37,1,38
30,0,53
56,0,45
63,0,52
46,7,59
41,6,55
46,3,44
45,0,35
36,4,56
36,1,34
41,4,44
44,6,55
34,0,38
43,6,51
46,3,47
32,4,63
50,4,56
34,2,53
37,4,52
47,7,57
53,6,60
39,4,51
51,3,51
49,3,45
43,2,37
44,3,44
52,7,62
47,7,60
42,2,39
33,3,55
41,7,59
39,5,54
59,1,50
41,7,62
34,2,54
40,1,31
37,3,50
51,0,39
50,1,44
40,6,61
42,6,49
43,7,61
37,5,56
40,7,59
56,0,47
33,3,59
37,1,34
61,3,59
36,3,44
47,2,45
41,0,33
34,4,63
43,7,60
49,3,51
35,1,36
38,5,61
56,5,61
33,0,40
32,2,50
33,0,34
55,3,53
32,1,45
29,1,60
49,8,63
37,2,34
50,6,59
34,3,59
63,3,58
42,6,53
37,5,62
39,0,29
42,6,54
32,2,45
63,0,54
58,2,53
37,0,32
40,8,63
46,6,56
37,4,53
48,3,52
43,4,44
40,4,49
45,8,59
45,4,50
34,0,39
54,0,45
51,3,54
37,5,54
49,5,55
62,2,58
46,5,53
35,4,49
54,3,53
48,1,42
53,1,49
47,7,61
51,0,41
48,2,42
44,5,50
47,6,59
46,8,61
47,4,51
32,3,62
51,4,55
31,1,44
30,1,60
38,4,51
43,2,38
28,0,60
36,1,36
27,0,59
49,1,39
63,4,62
38,4,43
36,1,41
49,2,49
51,2,43
42,5,47
48,2,46
41,3,42
59,0,50
52,5,57
32,1,46
33,3,63
41,5,47
37,4,57
55,0,48
44,1,40
27,0,51
54,0,44
39,5,59
42,5,51
34,4,54
45,7,56
58,2,52
62,0,50
37,0,31
27,0,60
30,1,56
49,5,58
55,4,56
62,2,56
41,2,40
42,3,41
41,7,60
30,0,52
36,6,61
42,7,56
40,1,35
38,2,38
55,5,62
47,1,38
32,2,63
31,1,39
42,0,34
35,0,33
49,3,47
34,3,47
53,4,56
53,7,62
39,3,44
34,1,34
42,2,40
54,1,48
35,3,59
50,2,39
54,3,54
50,3,53
48,7,60
50,1,39
32,2,62
31,3,62
36,0,32
34,2,47
31,2,57
52,6,60
31,0,49
51,6,59
53,0,41
38,4,53
39,6,57
48,3,48
38,3,45
50,2,44
51,4,56
32,1,48
32,2,52
56,5,62
37,3,49
56,5,59
44,0,35
41,6,59
32,1,40
47,3,43
34,5,61
48,8,62
37,6,62
43,5,48
60,3,59
30,1,53
38,4,54
39,6,62
43,4,46
43,7,58
45,0,36
39,7,62
49,4,53
45,2,40
45,0,37
39,6,59
54,3,56
39,7,63
36,0,30
59,0,51
44,5,52
46,4,47
38,1,30
36,0,33
48,0,39
30,0,45
47,5,55
56,0,48
33,2,42
35,4,58
41,6,50
34,4,60
48,6,57
58,0,49
41,5,53
53,1,45
42,4,46
52,1,41
45,0,38
42,5,52
29,1,59
49,1,38
31,1,58
42,1,38
51,2,48
57,5,58
27,0,55
29,1,58
36,4,52
33,1,49
34,0,34
46,6,58
37,4,51
58,0,47
32,2,59
44,3,42
44,2,39
28,0,62
57,6,62
30,1,62
37,1,35
58,1,51
47,2,43
40,6,62
44,2,41
33,2,59
35,3,52
56,2,53
48,1,43
42,7,61
57,3,55
61,0,53
35,5,59
51,7,61
60,4,63
46,4,53
29,1,57
33,0,39
56,0,50
43,6,56
48,4,51
52,2,52
41,3,39
34,2,45
38,0,34
48,8,61
46,4,48
53,1,48
51,1,44
42,6,51
39,6,63
50,5,58
31,0,42
34,4,62
41,8,60
44,1,36
47,5,54
28,0,51
47,4,52
33,2,52
49,4,54
47,5,53
46,7,58
35,2,49
38,1,36
30,0,57
47,3,45
36,5,61
32,1,44
33,4,61
43,4,47
37,0,28
45,4,48
49,3,48
54,1,47
50,3,50
47,1,39
49,7,61
43,1,39
38,0,28
53,1,47
61,2,57
54,0,43
37,2,36
38,5,57
36,3,46
48,6,59
63,3,60
39,6,61
31,1,51
60,3,56
41,6,60
40,2,39
29,0,51
63,1,54
45,6,57
45,4,47
43,0,35
46,6,54
39,1,31
37,4,42
43,2,42
62,1,55
29,0,54
34,0,37
30,0,50
37,5,61
34,3,52
56,6,62
39,5,58
51,2,47
54,0,47
31,1,50
32,0,43
35,4,48
36,3,54
60,4,62
62,4,62
36,1,33
53,0,42
50,2,51
45,3,45
44,4,48
53,5,59
35,2,48
47,2,42
43,7,62
28,0,56
44,8,60
52,1,47
40,6,53
36,5,62
43,8,63
48,3,51
50,4,53
28,0,57
46,8,63
45,3,42
34,3,62
35,3,57
32,0,44
56,2,52
37,5,59
35,1,39
40,4,47
61,1,55
57,1,50
33,2,58
31,0,51
32,2,51
36,0,35
35,3,41
46,0,37
38,4,44
37,5,58
40,2,40
43,5,44
45,2,41
36,4,48
38,3,42
59,4,60
42,3,43
52,2,51
52,7,63
55,4,59
28,0,58
39,1,33
40,5,51
42,6,52
63,0,51
43,3,44
55,1,51
35,5,62
49,6,60
49,0,40
45,5,48
37,1,36
38,3,46
38,2,37
37,2,41
36,5,63
28,0,52
40,2,36
46,6,57
38,5,52
62,0,52
49,1,40
39,1,30
33,3,57
57,1,49
56,0,46
61,3,60
50,0,37
41,7,61
47,0,37
40,4,45
61,2,55
36,3,42
33,1,39
41,5,49
41,4,46
33,2,49
38,6,59
57,0,46
38,4,47
35,3,54
36,3,50
38,6,62
37,5,60
43,0,34
58,0,48
29,0,57
42,3,40
50,0,42
34,1,40
45,7,57
56,1,52
49,3,50
61,0,52
36,2,42
50,0,39
31,0,44
52,1,45
49,6,58
40,7,62
48,5,57
46,8,62
36,2,41
38,1,34
37,4,50
61,4,61
41,4,43
58,5,63
32,2,46
36,4,62
30,0,56
33,1,48
40,4,46
61,3,57
56,1,50
47,4,48
38,5,56
36,3,48
41,1,36
41,4,47
33,1,46
35,4,59
53,0,46
33,2,46
42,6,55
38,6,61
47,4,49
38,5,60
42,7,55
35,0,37
46,7,61
58,1,52
36,4,55
44,0,32
33,0,43
35,3,55
54,6,61
50,7,61
45,1,41
53,5,57
44,8,58
52,2,50
43,6,53
35,3,50
52,4,57
31,1,52
44,8,63
51,3,52
39,4,49
46,8,60
37,4,56
45,7,59
32,0,46
36,4,47
58,1,50
39,5,50
35,2,46
57,4,60
56,3,55
59,2,56
40,6,59
43,0,36
39,1,35
33,2,56
39,5,55
58,4,59
50,2,46
36,2,46
41,5,50
30,0,47
39,2,35
58,4,58
48,1,39
55,2,54
47,7,56
36,2,43
57,1,53
54,4,56
41,2,39
41,3,41
40,2,38
52,5,59
53,4,57
33,1,35
42,3,39
40,5,49
55,0,45
41,2,37
52,3,53
51,7,62
36,4,60
46,7,60
40,0,31
51,2,51
42,8,62
34,3,57
29,0,56
35,4,50
42,5,48
35,5,61
44,7,59
27,0,54
36,3,51
42,0,33
39,4,47
44,5,51
34,4,58
36,0,36
49,2,48
43,6,52
50,3,49
31,1,55
41,6,58
43,4,43
49,5,57
37,5,63
37,2,35
33,0,41
49,7,63
45,8,63
54,1,50
49,2,45
47,3,49
52,1,44
45,7,58
57,0,47
54,2,50
56,6,63
63,2,58
55,5,58
51,1,42
42,7,60
33,3,58
55,5,59
33,2,43
42,5,50
54,2,53
37,0,34
30,1,59
42,4,44
44,7,55
35,1,38
33,2,54
30,2,58
41,6,56
41,1,33
58,3,57
54,6,62
47,1,41
29,1,61
32,0,45
48,7,61
35,2,45
50,8,63
35,4,62
35,2,47
52,3,54
41,6,54
29,1,51
33,2,60
34,3,55
39,5,52
62,1,53
53,3,51
58,3,56
40,5,50
62,3,60
36,5,59
29,2,57
51,5,59
55,6,62
40,4,48
49,4,51
35,4,47
28,1,62
33,4,59
42,3,42
30,1,58
63,1,55
39,3,41
30,2,62
54,6,60
36,4,49
31,0,40
43,4,45
42,0,35
33,0,33
42,7,59
55,6,61
34,5,63
44,1,39
34,1,37
29,2,58
37,2,42
41,2,36
32,1,39
34,2,49
62,4,63
42,1,33
34,3,61
42,0,32
39,4,45
57,0,50
49,1,42
45,6,55
50,6,58
33,2,55
43,8,61
42,6,50
57,3,54
30,0,49
48,6,56
45,4,46
47,6,57
34,4,61
47,8,62
58,1,53
61,0,51
36,1,37
54,1,45
44,6,56
45,4,51
52,6,59
35,1,37
41,5,51
63,3,59
31,1,60
32,1,51
63,3,62
59,2,54
52,6,62
36,2,45
38,0,29
53,4,55
43,1,37
40,5,46
57,0,49
28,1,58
44,7,58
47,3,44
32,2,55
40,5,53
38,5,55
59,1,52
44,4,47
57,5,63
53,0,43
48,3,50
51,1,48
45,1,38
42,6,56
34,2,48
48,6,58
43,5,46
63,2,57
55,2,52
39,0,32
47,4,47
48,2,43
34,3,54
44,7,57
36,2,39
46,5,55
52,5,58
51,0,42
49,6,59
38,5,59
32,0,42
50,5,57
28,0,61
51,5,57
46,2,43
33,2,50
56,1,51
39,6,60
56,2,54
39,0,30
51,0,40
48,0,38
54,5,59
34,2,43
55,1,50
32,0,40
37,5,57
55,0,47
36,0,34
34,0,36
28,1,63
55,0,43
39,6,58
33,2,51
33,1,47
45,6,56
36,0,31
61,4,63
38,5,54
55,0,42
45,8,61
54,7,63
60,3,57
60,1,51
32,3,60
39,2,40
43,0,33
44,7,56
45,3,44
51,6,58
39,0,33
51,3,50
34,2,44
37,3,43
36,3,41
59,1,53
57,3,57
39,1,34
41,5,46
35,3,58
49,3,49
33,0,36
30,0,55
34,2,42
50,1,38
38,2,35
35,1,42
30,1,61
31,0,41
36,3,52
29,0,59
51,2,50
46,4,49
60,2,57
43,2,40
56,3,56
31,1,54
34,2,46
57,6,63
43,7,55
32,2,60
39,6,56
43,3,42
36,4,53
39,3,40
55,0,44
60,2,54
33,1,36
47,8,61
31,0,39
48,3,45
45,5,53
47,5,56
39,5,53
38,3,41
59,5,63
50,6,60
59,3,59
31,2,56
40,7,61
55,2,53
40,3,41
39,3,42
36,3,40
36,4,57
31,1,45
45,5,49
35,1,32
38,1,31
63,4,63
34,2,51
28,0,50
28,0,63
59,5,61
46,4,45
36,1,35
31,2,58
30,0,48
43,5,51
39,5,57
41,0,30
32,2,58
54,1,51
50,0,41
37,5,53
58,0,50
34,1,45
63,2,56
40,1,32
43,0,32
31,2,59
60,4,59
32,0,41
48,3,47
41,5,48
60,2,55
32,1,52
56,0,49
53,3,53
31,1,53
43,6,50
43,3,41
53,0,45
36,1,31
52,3,52
36,1,40
57,5,62
40,1,34
39,4,44
28,0,54
29,1,62
31,1,59
46,4,46
46,2,41
45,1,37
31,0,47
57,4,59
50,7,63
62,4,61
39,2,36
29,1,63
43,2,39
44,7,61
40,0,33
25,0,63
54,5,60
34,3,46
38,0,32
34,3,51
38,4,52
33,3,62
57,4,58
46,3,43
45,2,43
33,3,60
33,1,42
53,2,52
35,0,34
38,3,43
48,7,62
38,5,51
50,0,40
55,6,63
54,4,55
29,0,53
41,3,43
58,1,49
42,5,45
55,1,48
54,0,42
45,3,46
52,0,41
40,7,60
33,2,47
61,4,62
38,4,49
38,2,40
45,5,52
32,1,50
63,3,63
32,0,39
35,4,63
39,4,50
47,6,56
37,0,30
41,7,58
42,7,62
56,4,57
57,1,52
44,0,36
48,5,54
49,2,44
55,5,60
51,6,61
46,4,52
38,4,50
49,1,44
40,3,38
42,5,49
37,4,58
35,2,44
52,4,55
44,2,38
51,1,45
52,0,43
55,4,58
48,5,56
54,0,46
41,1,34
32,1,47
36,5,56
43,9,63
49,0,39
35,5,63
60,5,62
53,2,53
31,1,48
41,8,63
58,0,46
42,6,57
41,5,45
40,1,36
45,4,45
51,4,54
47,0,39
46,4,44
34,1,42
33,3,56
57,4,57
55,5,61
31,2,62
34,2,50
51,1,47
36,4,59
50,3,52
33,4,58
34,1,46
57,3,56
43,5,50
31,0,45
44,5,48
41,1,32
48,3,46
39,4,42
38,0,33
35,0,31
39,2,38
36,4,51
27,0,61
36,4,58
49,1,43
47,3,47
34,3,56
42,0,31
51,1,43
54,5,61
29,0,60
46,2,44
37,6,60
52,4,54
32,1,43
35,0,36
35,4,51
33,4,55
60,0,51
61,1,53
29,0,49
43,5,52
34,3,53
39,2,39
51,5,58
39,1,37
37,6,59
36,5,53
50,1,43
51,5,56
52,3,51
35,0,35
54,2,52
45,9,62
41,6,51
46,7,57
43,1,36
50,6,61
58,3,58
43,7,57
32,3,61
49,2,46
38,6,63
41,1,37
44,4,45
45,0,33
38,3,44
45,7,60
32,1,49
40,5,48
34,2,55
33,3,54
55,1,47
45,1,39
35,2,40
39,4,41
42,5,46
49,8,62
42,7,58
42,1,34
47,0,38
38,6,60
40,2,37
55,0,50
50,5,56
59,4,58
29,2,56
58,5,60
61,1,54
50,2,45
31,1,57
52,0,40
40,6,57
37,3,48
30,1,52
38,0,31
37,3,40
36,2,40
41,3,38
52,0,39
61,2,54
44,3,45
45,4,43
60,4,60
33,2,45
37,0,35
51,8,63
36,2,44
31,0,46
33,1,45
46,0,39
30,2,59
52,1,42
58,3,55
45,5,51
57,5,61
33,0,37
38,5,62
35,3,51
62,4,60
40,6,51
48,2,44
31,0,48
51,6,60
34,4,55
58,0,51
29,0,52
47,2,41
37,2,39
48,0,37
39,3,43
29,0,61
33,4,63
39,4,46
58,5,61
47,3,50
42,1,36
27,0,56
57,5,60
28,0,55
50,2,47
60,0,49
47,7,59
40,6,55
43,5,49
48,2,45
62,3,58
38,3,38
30,1,57
50,7,62
44,6,53
32,1,56
52,1,48
50,0,38
30,2,57
36,5,60
31,0,38
29,0,38
34,4,59
35,2,39
49,4,55
37,4,47
44,8,59
63,3,61
47,4,53
44,8,62
61,2,56
59,5,60
41,6,53
56,3,57
56,3,53
42,4,43
29,0,55
57,2,54
43,3,43
58,4,60
47,3,48
46,4,51
50,1,45
59,4,59
33,4,62
28,0,59
59,4,62
59,2,53
40,6,56
46,3,48
46,3,45
41,0,34
46,2,42
48,3,49
47,4,50
48,8,63
34,0,35
37,2,40
38,5,53
34,5,62
38,4,45
36,3,53
35,1,40
28,0,53
41,4,45
50,1,42
62,0,53
62,3,62
31,2,61
40,5,54
53,6,63
44,0,33
45,8,60
53,5,60
46,5,54
62,3,59
42,5,44
54,0,49
51,3,49
60,1,52
30,2,61
52,4,56
52,1,46
56,4,56
51,2,46
48,4,52
53,0,44
31,0,43
39,1,36
27,0,53
34,1,44
49,5,56
