0,2,59
1,3,58
0,5,63
3,0,57
4,2,61
1,1,55
2,1,56
1,3,61
4,0,59
5,0,58
1,0,52
2,3,61
4,0,57
1,2,59
2,0,56
1,3,57
5,1,63
2,2,61
2,2,62
0,1,55
1,4,62
2,2,63
0,0,51
0,2,58
1,1,58
3,0,58
1,1,56
4,0,62
3,2,63
1,3,62
7,0,60
4,0,63
3,2,59
0,3,59
0,4,62
5,1,60
5,0,63
7,0,59
3,0,55
2,1,60
0,1,54
4,1,62
3,1,60
2,1,58
4,2,62
3,1,57
0,3,63
4,1,60
2,1,55
1,0,55
5,0,61
3,1,63
0,3,62
3,1,58
5,0,60
1,2,57
6,0,62
0,0,54
1,3,60
3,2,60
2,3,63
5,1,62
3,1,55
6,0,59
1,2,58
3,2,61
3,1,61
0,3,57
0,0,52
2,0,54
0,1,57
0,3,60
4,1,63
4,2,63
3,1,56
4,0,60
2,0,57
0,3,58
5,1,61
4,0,58
2,1,57
3,2,62
6,0,60
1,2,61
0,3,61
2,2,60
0,2,57
2,1,59
6,0,63
4,1,61
1,0,53
2,3,62
1,1,57
4,1,59
5,0,59
5,0,62
4,1,58
0,2,56
6,0,61
1,2,60
3,1,62
3,1,59
1,0,54
3,0,56
2,0,55
0,4,63
2,2,59
0,2,60
4,0,56
0,1,56
1,3,63
5,2,61
1,2,56
0,0,53
