10,7,0
34,2,7
1,0,22
40,0,18
10,0,16
37,2,9
21,0,13
1,0,24
40,0,17
23,2,4
45,0,16
41,4,6
47,0,8
23,3,7
4,3,7
41,0,14
26,3,6
15,3,7
41,0,11
31,3,4
15,6,0
34,4,4
42,2,4
13,8,3
13,4,7
0,4,13
18,0,15
33,0,9
14,4,6
15,5,6
34,0,19
43,4,5
40,0,13
39,2,5
24,2,7
3,5,1
26,0,6
6,2,12
32,2,7
13,5,4
38,3,3
35,5,1
25,1,11
31,1,5
9,2,8
30,4,4
11,3,7
7,7,0
35,3,2
22,3,7
29,1,6
3,6,5
38,1,10
27,2,5
7,0,10
27,0,9
35,5,0
26,0,9
45,0,15
45,5,0
17,1,15
5,8,0
30,5,1
46,1,14
32,4,3
26,1,12
47,1,11
26,3,7
19,0,14
4,0,17
29,0,10
13,9,0
40,1,8
29,4,0
7,5,3
0,1,20
37,0,12
11,5,5
19,2,8
14,0,15
2,4,4
11,6,8
4,1,16
40,4,7
2,2,12
25,2,2
31,2,4
17,5,2
10,1,13
5,0,16
12,4,3
25,2,6
28,4,0
48,1,0
11,2,10
23,2,7
40,2,5
22,0,17
33,0,21
35,6,0
3,4,1
10,2,10
0,2,14
23,0,16
6,3,12
9,3,8
4,0,14
3,3,4
20,1,14
39,5,0
8,4,3
6,3,3
20,2,8
41,3,1
4,0,13
49,0,0
7,1,9
44,1,1
17,4,7
31,0,18
2,5,4
42,0,17
37,4,2
33,4,4
4,4,9
2,3,9
26,2,12
30,4,2
0,2,19
22,2,7
1,0,16
26,2,3
18,2,8
45,1,5
47,2,7
47,2,4
1,2,15
48,0,10
13,4,4
42,0,15
35,3,3
38,4,7
44,0,17
4,1,9
14,3,5
3,5,6
2,3,6
11,1,9
43,1,2
28,1,7
19,5,0
2,5,2
36,0,16
41,2,6
35,0,13
18,1,14
28,3,2
17,0,20
17,0,14
17,5,4
5,3,8
16,1,11
5,3,5
17,2,11
3,9,1
16,6,5
28,1,4
47,0,11
0,7,0
41,2,2
39,3,6
8,7,4
4,1,10
21,6,0
45,3,7
17,4,6
22,3,5
45,2,5
9,1,12
23,2,10
37,2,6
9,6,2
3,1,14
20,5,0
30,3,4
40,3,7
44,1,14
33,0,11
0,4,10
36,4,3
10,6,1
2,2,9
28,4,2
14,1,10
26,0,11
26,3,12
41,6,5
4,2,6
46,2,8
2,3,5
14,10,1
30,0,20
48,2,8
0,2,21
9,0,15
30,3,0
16,0,16
39,3,3
12,5,4
49,2,5
41,1,14
19,3,6
23,3,8
4,3,9
4,1,11
41,0,12
9,5,1
34,3,6
47,3,4
14,2,10
0,4,7
5,5,0
6,0,15
45,0,9
48,1,9
7,6,3
9,2,12
48,1,8
1,4,16
3,4,3
14,8,1
24,1,11
28,3,6
21,5,2
2,4,7
7,5,4
2,5,5
47,4,1
4,0,21
5,2,5
2,4,0
13,2,10
19,0,18
0,6,3
2,3,4
1,4,5
37,4,4
27,0,18
41,0,9
45,0,14
26,2,10
20,6,2
3,1,12
8,6,4
30,0,13
29,1,5
29,2,5
10,5,5
8,4,2
3,4,5
29,1,4
44,0,15
18,5,3
20,4,6
26,1,4
40,4,1
16,0,14
41,3,0
30,0,12
44,0,13
38,4,2
31,2,10
29,2,4
44,4,0
43,1,7
42,3,12
15,4,5
13,8,1
4,5,2
10,4,2
6,2,7
23,3,3
0,5,13
25,1,10
13,1,11
20,3,9
24,2,1
47,2,0
9,3,17
14,7,4
34,2,10
24,3,5
2,0,18
49,3,4
4,2,14
23,2,8
40,1,7
18,2,10
11,5,2
14,9,1
0,4,9
34,2,6
4,2,13
34,0,21
20,3,6
3,3,5
44,3,5
11,3,5
8,3,6
34,3,3
21,2,10
11,5,0
38,2,6
30,1,5
12,6,3
18,0,14
4,5,6
9,3,5
45,1,12
35,5,2
21,3,9
16,6,4
10,3,4
21,1,11
45,0,4
4,2,12
0,4,6
46,3,2
9,5,0
12,8,3
29,3,4
41,3,12
9,4,4
17,0,17
18,4,10
3,1,10
24,3,3
27,3,1
42,3,0
39,2,4
23,1,13
12,4,5
3,3,9
36,0,14
29,3,1
11,1,10
5,3,3
30,2,7
18,4,6
9,1,11
6,5,7
21,3,6
44,2,0
33,2,4
14,8,3
0,1,23
27,4,2
46,1,2
7,1,11
16,4,6
28,0,22
45,5,1
41,5,4
28,4,3
21,4,3
3,6,1
4,4,2
19,1,14
39,2,6
12,7,2
23,3,0
12,8,2
28,2,2
18,4,4
38,5,0
44,1,16
17,0,13
18,3,10
38,5,2
17,5,0
45,4,2
43,1,3
0,1,19
49,1,12
7,1,14
44,0,14
16,3,5
11,7,0
1,0,19
41,1,6
2,0,15
33,2,6
1,1,15
28,1,9
5,3,2
44,1,7
18,3,9
47,0,5
40,2,6
16,4,7
8,0,17
46,0,15
34,4,3
24,1,8
45,2,8
31,3,7
26,2,1
9,1,14
25,0,8
4,1,17
28,0,21
36,0,12
32,1,8
3,3,10
3,1,15
1,5,6
37,5,8
44,3,0
30,2,12
38,2,8
23,4,0
46,1,8
27,1,5
22,2,9
35,0,11
27,1,10
39,0,11
10,2,12
2,1,19
26,3,13
35,2,7
26,4,2
30,0,10
13,5,3
10,5,7
13,6,0
2,1,14
22,1,9
42,0,13
47,1,2
20,2,7
28,2,10
2,2,14
39,1,8
36,3,3
41,1,11
48,3,0
30,0,9
10,1,15
40,3,3
20,2,11
42,1,6
1,4,2
9,3,9
17,5,6
29,0,13
41,0,10
27,3,6
43,2,4
44,3,1
18,1,16
7,3,9
45,1,11
13,3,8
22,0,13
5,3,4
22,4,5
8,1,15
34,4,0
42,2,2
19,2,11
3,3,8
27,0,19
29,0,9
13,1,9
37,0,13
20,3,7
13,7,3
1,4,6
15,3,8
17,3,7
13,6,3
48,2,0
46,1,10
45,0,10
42,4,5
34,0,12
28,0,14
10,1,10
29,0,8
46,2,11
12,5,2
0,1,14
0,4,5
28,0,20
20,4,8
7,4,3
41,1,5
49,0,14
3,0,16
13,2,7
17,2,9
37,5,0
13,3,5
18,1,17
30,2,3
48,1,11
34,5,1
25,4,1
0,3,9
1,3,16
16,5,1
4,1,12
45,2,2
46,1,1
8,2,12
9,4,5
44,4,3
18,5,9
30,2,5
14,8,0
25,3,1
5,0,10
48,0,9
44,3,6
21,0,16
13,7,0
30,2,4
11,4,5
37,3,6
47,5,0
48,0,14
29,1,10
0,4,4
41,4,4
13,0,12
15,4,4
13,7,1
3,5,7
8,0,11
47,0,15
45,2,1
0,0,17
18,5,1
32,3,4
41,2,5
38,0,12
44,0,7
24,0,10
15,8,0
16,6,1
26,4,3
40,2,7
46,2,1
24,2,2
45,0,6
26,0,7
42,4,4
46,2,6
7,5,6
21,5,4
2,5,3
6,4,3
20,5,2
21,4,0
5,2,8
35,1,12
39,0,17
20,1,12
40,0,11
23,0,14
1,0,23
10,1,11
18,0,16
8,5,2
7,3,10
44,2,7
1,2,16
33,3,1
46,0,10
41,0,13
37,1,9
4,1,21
45,0,12
2,5,6
28,2,11
42,4,0
15,7,3
22,4,0
9,6,0
5,6,2
17,1,13
6,5,1
49,1,10
24,3,8
21,7,3
42,1,13
10,1,9
17,6,1
6,0,12
8,2,11
12,4,2
20,5,6
33,1,6
47,2,6
42,1,9
41,3,3
16,2,8
31,2,3
3,9,0
3,2,11
24,0,14
4,3,5
30,1,6
2,2,15
9,4,7
12,3,5
38,1,9
18,2,12
41,5,1
7,7,4
25,2,8
30,2,9
29,1,12
10,6,7
46,4,4
22,4,1
11,6,0
18,1,12
34,0,13
33,4,1
7,3,12
47,3,2
9,7,1
5,1,16
30,1,9
29,2,12
47,0,18
33,2,5
10,2,9
4,9,1
15,4,6
22,3,6
8,7,1
17,5,3
48,4,3
36,4,2
13,4,6
42,3,5
1,2,13
42,4,1
48,1,1
9,5,2
25,4,5
10,6,8
16,4,4
4,1,13
13,4,5
30,0,18
4,0,19
43,0,7
38,4,8
16,0,17
29,1,7
12,7,4
0,2,13
29,2,3
37,4,3
1,2,14
21,7,2
2,5,1
16,3,7
47,2,5
38,5,8
7,4,6
19,1,12
19,4,8
20,0,14
36,0,11
44,1,2
12,4,4
21,2,9
29,0,7
33,2,11
21,6,5
16,6,0
32,2,5
19,2,17
24,2,10
31,3,3
12,4,7
26,3,8
31,1,10
19,1,13
33,3,2
1,1,24
30,3,1
0,5,11
10,0,13
48,2,3
16,2,12
17,7,0
27,2,2
14,3,8
24,1,6
28,6,0
24,3,4
21,2,8
11,3,8
32,2,8
45,4,0
8,0,14
27,0,22
5,5,2
46,1,15
49,1,13
27,2,10
45,2,10
25,2,7
1,6,0
10,3,11
23,2,12
8,2,13
10,6,4
1,4,7
15,1,11
43,5,0
21,5,5
35,4,1
41,2,12
32,0,13
1,5,1
21,4,2
6,5,6
24,2,6
32,0,8
3,7,1
7,2,12
32,0,10
7,0,15
22,3,8
4,7,0
24,1,13
13,4,8
27,6,0
0,5,3
38,1,11
40,0,19
28,3,0
5,4,6
25,0,9
27,2,6
10,5,2
3,3,7
39,3,2
41,4,3
40,0,12
15,9,1
33,0,10
49,0,13
0,6,10
8,3,11
2,5,0
45,0,7
20,2,12
33,4,0
26,0,8
11,0,11
26,2,5
43,1,4
18,4,3
0,1,21
12,5,3
46,1,13
6,4,11
6,5,2
44,2,4
42,1,14
41,3,6
39,0,14
10,5,0
2,1,16
38,5,7
23,2,5
32,1,10
24,3,2
10,0,15
43,2,1
13,1,13
8,1,12
22,5,1
46,0,9
6,4,10
48,0,0
35,3,7
25,4,2
48,0,16
20,7,3
8,5,3
33,0,12
47,1,1
15,6,1
2,3,8
7,3,5
23,1,10
1,3,7
47,0,1
11,2,11
25,5,1
39,1,9
0,5,1
25,2,5
19,6,1
25,3,13
5,4,3
29,4,1
43,0,12
3,2,13
7,3,4
6,3,11
15,2,10
24,4,0
47,2,2
46,0,7
4,4,6
4,2,8
0,5,2
42,1,8
8,3,12
1,6,10
42,4,2
18,4,5
5,0,14
8,1,16
31,4,3
11,1,15
10,3,7
10,5,8
2,1,23
30,5,0
47,0,4
0,3,12
5,7,0
20,3,8
46,1,11
28,0,9
35,1,7
47,4,2
0,3,13
27,3,5
34,1,8
23,3,13
5,0,22
39,4,2
46,0,6
25,2,3
14,4,4
23,3,1
48,4,0
9,0,13
14,6,2
0,5,4
26,3,5
18,2,17
41,5,5
13,2,9
34,3,1
32,5,0
8,4,4
21,0,17
40,1,14
7,6,4
5,5,1
12,6,2
0,2,20
45,1,2
6,3,6
47,2,11
4,4,10
34,3,4
13,0,14
30,0,19
21,3,5
43,3,0
5,0,17
28,3,5
6,1,9
12,5,0
2,4,3
7,0,11
7,1,15
48,2,6
13,5,0
0,3,17
37,0,16
29,4,3
8,0,10
28,0,17
29,0,16
25,0,10
17,2,13
6,0,13
6,2,11
3,5,4
5,2,9
2,2,13
23,2,11
0,0,22
7,3,8
22,3,3
12,3,6
29,2,6
41,2,7
16,1,13
32,1,9
16,4,8
26,4,4
23,3,6
36,0,15
5,1,9
5,3,11
16,5,5
21,6,4
6,6,0
5,1,10
15,5,2
27,2,4
1,1,14
45,1,4
34,0,15
7,0,16
5,1,11
31,0,13
47,1,14
49,0,12
47,0,3
10,5,6
23,5,0
5,3,9
3,4,4
41,5,0
6,2,5
5,2,11
21,0,14
44,0,5
26,0,19
16,0,15
36,1,8
24,2,5
26,3,0
44,4,2
46,0,2
41,1,12
24,3,1
23,4,1
2,5,7
11,1,14
8,6,2
6,2,9
48,4,2
35,1,10
5,3,10
35,0,12
22,0,14
24,0,15
5,3,6
36,4,1
48,0,3
16,2,11
25,3,2
10,7,1
32,3,2
10,0,12
18,5,2
42,0,11
19,0,17
1,2,11
4,0,15
1,3,13
11,1,13
40,5,0
1,3,9
12,6,0
8,1,11
27,2,1
7,5,5
5,4,8
36,5,0
3,2,7
8,0,18
23,5,1
28,0,10
46,0,8
42,6,4
6,4,7
28,2,4
45,3,2
31,5,0
0,1,17
3,0,15
47,3,6
24,5,0
12,0,14
40,2,8
44,2,3
0,2,11
25,2,4
45,0,5
38,4,1
8,3,9
34,4,1
6,4,6
45,1,7
49,3,5
11,4,7
35,4,3
2,0,23
12,2,7
14,5,6
37,3,2
18,0,17
30,0,11
25,2,10
1,4,8
37,0,11
38,0,17
42,0,8
25,0,12
47,4,0
45,4,1
2,6,2
24,1,10
3,7,0
6,1,11
8,2,5
23,3,2
43,2,3
38,0,13
15,5,3
13,5,1
29,1,17
28,2,5
24,5,1
46,2,0
40,3,4
48,1,14
9,0,10
16,0,21
47,1,6
13,0,15
21,2,7
37,3,8
14,3,7
16,1,12
19,1,11
4,3,2
17,2,8
8,1,14
47,2,1
5,1,7
9,5,5
24,4,2
45,1,6
27,2,9
43,0,14
0,5,8
42,6,5
11,5,3
19,5,2
23,4,3
35,1,9
3,2,6
0,3,11
12,1,12
36,1,9
27,1,6
10,4,8
47,0,10
5,4,7
32,4,0
13,2,8
36,1,11
38,1,7
13,1,10
3,0,18
18,3,7
46,4,2
8,1,18
27,4,0
31,0,8
27,0,10
6,4,1
26,2,11
34,1,7
15,5,1
43,0,9
3,6,0
15,4,7
3,4,7
26,4,1
14,3,6
7,5,0
26,1,5
28,0,8
40,5,6
26,4,5
36,2,6
6,0,10
8,4,6
13,6,2
40,1,10
22,2,5
5,0,13
19,2,10
4,4,0
12,3,9
5,4,9
43,0,6
40,0,15
42,2,5
46,0,13
23,0,15
37,2,8
19,0,13
11,0,16
47,3,1
20,3,5
1,1,17
36,0,10
2,2,11
34,0,11
45,2,0
2,0,24
49,0,8
9,4,3
46,0,4
49,0,15
7,2,11
47,1,7
34,2,9
12,4,6
18,2,13
22,1,11
38,1,8
31,3,5
34,1,9
23,1,8
22,4,3
13,1,12
11,2,7
49,5,1
13,6,4
15,1,13
3,4,8
16,2,10
34,0,16
34,1,10
30,0,14
25,0,13
21,5,6
29,0,12
49,0,17
8,5,5
5,0,15
32,0,21
17,1,11
8,3,3
21,1,13
5,3,7
41,1,9
25,1,5
13,3,7
28,1,6
6,4,9
48,0,17
20,6,3
48,0,15
4,3,6
37,2,7
23,1,9
5,4,1
20,4,4
37,4,7
39,0,13
38,3,6
2,3,7
48,1,10
28,4,1
44,1,5
31,0,10
10,0,11
0,5,12
15,2,7
6,3,8
49,1,9
26,2,6
21,4,1
38,3,5
14,4,3
38,4,3
3,3,3
18,3,5
4,2,7
20,2,10
22,3,4
8,4,1
49,4,1
43,3,6
31,2,6
31,0,12
8,2,6
17,3,6
36,3,5
48,3,3
44,0,6
16,3,9
44,1,11
11,2,12
41,3,7
1,1,23
21,5,0
44,0,9
35,0,10
0,0,16
31,4,0
49,2,6
44,5,1
15,7,2
44,0,8
43,1,6
4,5,1
28,1,12
45,3,6
41,1,7
27,0,8
32,2,4
4,1,15
8,2,17
10,3,8
42,2,11
45,4,3
6,1,8
16,7,0
19,1,17
43,4,0
5,6,0
5,1,13
29,3,8
39,3,4
21,1,12
8,2,8
11,0,14
48,0,13
4,6,1
39,2,8
7,6,0
10,7,7
39,1,16
5,4,10
33,5,2
5,1,8
28,2,3
10,2,7
41,3,2
2,4,1
9,3,11
43,0,11
22,2,8
37,0,17
47,1,8
43,0,17
4,4,3
24,2,12
4,0,22
18,2,9
30,3,6
26,4,0
20,0,16
5,2,7
1,1,21
20,6,1
12,2,10
5,0,11
23,2,13
1,0,20
47,1,0
6,0,9
29,0,18
33,1,9
42,0,10
37,3,5
38,4,0
4,2,10
41,2,11
45,0,3
10,2,13
4,3,10
28,3,7
18,6,0
20,5,1
48,5,1
48,1,7
30,2,6
18,1,15
14,5,3
0,2,18
0,4,16
37,1,10
35,4,0
44,3,2
43,2,5
20,5,3
45,2,11
7,4,8
7,3,6
6,4,2
25,3,12
20,0,15
8,0,16
6,0,11
41,3,11
19,3,5
7,5,2
19,3,7
47,4,3
34,3,7
7,2,10
43,0,8
15,2,8
14,7,2
12,7,0
31,1,7
0,1,22
21,6,6
0,0,18
3,1,16
18,6,1
25,4,3
4,5,5
7,3,3
48,2,1
28,5,1
33,0,19
34,1,12
7,2,5
21,5,1
44,2,1
24,4,1
33,0,14
1,5,4
23,3,4
27,5,0
29,2,7
35,0,16
7,2,9
44,1,4
3,2,8
45,1,10
5,0,12
28,0,15
34,5,0
9,1,9
42,3,2
1,5,10
6,5,5
9,2,9
3,0,17
18,3,8
16,0,20
0,3,15
13,9,1
0,5,15
0,3,19
9,5,8
26,3,1
20,5,5
45,2,6
36,3,4
4,4,1
17,3,5
14,9,0
49,0,3
33,0,13
9,2,6
38,0,16
49,1,14
31,2,7
11,2,9
19,4,4
19,0,15
4,0,20
28,2,7
6,2,10
28,2,1
32,3,3
5,4,2
24,4,4
44,2,2
8,2,9
14,8,2
46,0,3
4,2,11
20,5,4
7,4,2
1,3,11
4,6,2
0,3,8
33,2,7
4,1,8
41,3,5
25,1,6
44,3,4
2,0,19
5,1,15
5,0,21
28,3,1
26,1,8
1,4,10
42,0,9
37,0,10
6,3,10
5,4,5
16,2,9
46,3,1
38,3,4
42,1,4
14,1,12
42,0,14
8,5,4
6,2,6
4,9,0
14,7,0
18,3,6
14,5,2
3,2,5
49,0,16
35,2,6
13,0,13
26,0,18
40,4,6
9,1,16
12,2,9
48,2,7
49,0,2
12,3,7
1,4,15
42,2,1
27,3,4
31,0,9
2,4,2
36,0,13
44,0,10
3,2,12
6,4,5
6,3,4
41,1,8
26,0,10
28,0,13
4,0,16
43,3,5
32,2,3
46,0,14
0,6,0
1,3,10
33,0,18
8,3,10
1,2,12
44,0,12
7,6,5
44,1,13
2,4,8
1,0,18
43,0,18
8,3,5
17,3,8
1,1,20
7,5,1
23,2,6
14,2,7
35,2,5
5,10,0
27,3,2
27,1,4
10,3,9
7,4,7
29,0,19
22,2,6
10,3,6
10,4,4
1,4,3
1,0,21
19,5,1
29,0,23
43,3,3
23,1,11
19,5,3
41,0,15
30,4,3
32,3,5
3,1,17
4,4,7
15,4,3
25,5,0
5,5,7
17,6,4
27,4,1
34,0,9
8,6,0
24,2,8
10,5,3
4,0,18
27,3,3
32,2,6
49,1,11
36,4,0
6,0,14
45,1,3
45,2,3
3,4,9
19,1,10
38,5,3
11,4,3
11,6,7
48,0,8
12,1,10
32,1,6
44,0,16
12,0,12
15,3,6
45,0,13
41,4,5
4,3,4
5,6,1
33,1,7
35,1,8
19,1,16
5,7,1
0,6,12
45,3,0
1,2,10
12,2,12
7,1,10
29,1,11
44,1,12
24,0,13
14,1,11
38,0,11
23,3,12
27,3,8
47,1,13
40,2,4
38,0,14
30,2,10
35,2,8
10,1,14
29,2,11
45,3,5
33,1,8
10,2,11
7,6,1
3,1,13
47,0,16
21,4,6
47,1,5
41,1,15
20,4,7
21,6,2
9,2,10
9,2,13
17,4,5
26,0,12
8,1,17
27,0,12
46,0,11
8,0,13
24,2,3
41,0,16
14,5,1
3,2,14
1,1,13
13,8,2
26,2,4
1,3,6
4,10,0
38,0,15
35,1,11
0,5,5
25,3,0
37,0,15
27,0,20
48,1,6
8,7,0
32,4,1
36,5,1
9,6,1
3,1,11
36,2,5
29,2,10
6,3,9
47,3,3
24,2,4
0,6,11
36,1,12
26,1,6
27,2,3
49,1,0
26,1,9
37,4,1
18,4,8
31,2,5
38,0,10
34,2,4
31,3,8
46,1,7
5,9,0
12,1,11
4,1,7
18,2,11
10,4,3
16,5,2
33,4,2
16,3,6
38,2,7
36,1,10
12,0,13
29,1,9
46,1,6
9,0,14
47,1,12
44,1,3
45,3,4
34,3,5
9,2,16
3,4,2
30,4,1
20,4,5
31,1,6
35,3,4
0,4,15
29,4,4
6,2,8
8,5,0
2,2,10
11,3,10
4,3,3
40,3,2
10,2,6
43,2,6
26,1,13
14,2,9
45,1,14
24,4,3
19,6,2
11,0,15
5,2,13
37,3,4
2,4,6
44,1,10
21,5,3
22,0,15
23,1,12
20,6,4
2,2,8
19,4,3
41,4,1
19,3,9
32,2,10
32,3,1
47,0,14
41,4,0
31,3,2
15,4,8
33,5,1
1,5,11
11,1,12
39,0,18
32,1,11
15,0,13
25,1,13
12,3,10
19,3,10
29,0,20
1,5,3
3,8,1
14,0,13
24,4,5
2,3,11
0,5,7
16,5,4
34,2,8
31,3,1
40,2,3
20,1,10
29,3,0
22,2,10
11,5,7
25,4,4
28,0,16
19,0,16
34,0,10
42,3,3
3,0,19
3,5,3
46,0,5
39,4,1
24,1,9
38,3,7
37,2,5
37,5,7
22,1,10
23,3,5
37,1,15
47,1,3
43,0,16
0,4,12
44,4,1
20,0,17
15,3,5
2,3,10
19,2,9
0,5,6
8,1,9
17,1,14
22,3,2
13,7,2
8,0,15
13,7,4
26,3,4
29,2,2
29,0,22
17,0,16
14,2,13
44,5,0
32,0,18
40,5,1
8,5,1
20,4,2
12,6,4
6,0,18
25,3,4
35,4,2
24,2,13
38,3,2
48,4,1
49,3,3
10,4,5
15,1,10
34,0,18
8,1,10
39,1,7
42,0,16
11,1,11
39,2,7
29,3,2
42,2,3
17,4,3
28,3,3
40,4,2
9,3,6
42,1,11
7,2,6
28,1,10
0,2,12
2,0,16
46,3,4
25,4,0
25,1,4
7,0,12
4,6,0
2,0,20
7,4,4
21,4,4
2,1,17
2,3,12
34,5,2
22,5,5
29,0,17
40,0,16
48,1,2
29,3,3
14,2,8
0,7,1
43,1,12
13,3,6
5,0,20
38,2,5
46,4,3
25,2,1
5,1,21
36,4,4
8,3,4
9,3,10
46,3,5
45,1,1
2,0,17
43,4,2
42,5,5
46,1,0
48,0,1
9,7,0
18,1,11
42,5,1
14,4,5
29,4,2
14,10,0
17,5,1
24,2,9
3,3,6
47,0,2
18,5,0
25,1,12
17,0,15
37,1,11
42,5,2
42,5,4
21,3,4
3,3,2
45,2,4
9,0,12
24,0,12
1,1,16
2,5,8
42,3,11
43,1,13
9,1,10
4,8,1
23,2,3
25,2,12
28,5,0
32,0,11
3,5,0
22,4,2
49,0,1
14,1,13
5,1,22
4,4,8
42,1,12
35,3,6
6,3,7
18,6,2
1,3,8
0,2,17
48,0,4
22,1,12
39,0,12
46,2,12
46,2,5
46,4,1
21,1,14
6,1,7
48,0,12
7,2,7
1,3,15
41,2,3
14,7,3
9,1,17
31,4,1
30,1,8
22,5,0
42,1,5
4,2,5
15,0,15
9,2,17
0,6,2
21,2,11
27,0,7
11,3,6
6,1,15
46,1,12
9,0,16
45,0,8
26,0,14
42,0,12
22,0,16
20,1,13
5,0,18
43,1,14
12,3,8
43,4,1
9,5,7
27,3,7
24,2,11
39,0,10
11,5,1
31,0,20
39,4,0
33,2,8
28,0,7
23,4,2
37,4,8
23,0,12
17,1,12
8,7,3
0,2,16
43,0,13
22,0,12
0,1,15
10,4,6
38,3,8
12,2,11
7,3,11
30,1,7
42,1,15
46,0,16
10,5,4
40,3,1
37,1,7
14,6,0
48,0,2
16,4,5
2,6,0
39,5,1
47,1,4
7,1,7
9,4,2
2,1,12
15,0,16
37,0,14
36,3,7
11,2,6
46,1,5
30,2,2
35,0,14
8,6,3
40,3,6
12,0,15
49,0,7
27,4,3
6,4,8
17,2,12
17,4,4
36,2,8
10,6,2
31,0,11
2,1,13
11,0,12
48,2,2
11,4,2
16,0,13
26,1,7
0,2,15
12,5,1
14,2,11
43,3,4
43,1,11
3,10,0
20,2,9
28,2,9
26,2,7
30,3,3
6,5,0
1,5,0
26,5,0
1,4,11
3,2,10
12,2,8
44,1,6
0,5,10
0,6,1
1,4,9
24,3,0
7,4,1
49,2,9
33,5,0
40,1,9
45,1,13
8,1,8
27,1,7
35,2,4
27,2,7
28,0,19
28,1,8
8,0,12
16,5,3
44,2,6
10,6,0
4,2,9
44,2,5
5,2,10
0,3,14
37,4,6
48,3,2
10,3,10
15,9,0
6,1,14
16,3,8
11,3,4
18,2,16
27,4,4
6,0,17
44,0,18
32,4,2
3,8,0
30,1,12
40,0,10
3,5,8
19,6,0
43,2,2
25,1,9
9,3,4
5,5,6
21,1,10
29,5,0
2,1,24
1,6,2
20,4,3
24,0,11
4,1,14
36,2,7
28,0,12
31,3,0
43,1,5
32,0,12
37,3,7
48,0,11
48,1,12
33,3,3
26,3,3
0,1,18
45,4,4
36,2,10
42,3,1
41,2,4
12,7,3
47,0,9
29,2,9
47,2,8
37,4,0
34,4,2
41,4,2
11,0,17
26,1,10
39,3,5
47,0,17
0,3,16
9,0,17
21,3,8
36,3,2
46,2,7
19,4,9
10,1,8
13,6,1
33,4,3
11,2,8
11,4,4
1,3,12
45,0,17
44,0,11
49,0,10
32,2,9
43,0,15
12,3,4
47,0,6
7,1,12
3,5,5
27,1,9
37,3,3
17,2,10
10,0,14
3,2,9
47,0,13
33,1,10
1,5,5
0,1,16
26,3,2
4,4,5
8,4,7
46,1,3
11,0,13
7,7,3
26,1,11
24,3,6
5,1,12
0,4,11
4,8,0
27,0,11
11,5,4
35,0,19
20,1,11
41,6,4
37,1,8
45,1,8
32,0,9
29,0,11
14,0,14
5,5,5
25,2,13
47,4,4
1,5,2
0,4,8
29,3,7
47,1,10
33,3,4
40,4,0
25,3,5
21,4,5
18,1,13
0,0,20
11,6,1
36,1,7
4,3,8
27,0,6
1,0,17
47,0,12
4,5,0
21,0,15
16,4,3
31,4,2
34,3,2
12,6,1
15,0,14
42,3,4
28,2,6
11,6,4
46,1,4
48,3,1
20,0,13
0,3,18
13,4,3
30,3,2
41,3,4
8,6,1
18,4,9
14,6,1
27,0,14
45,3,3
15,1,12
0,3,10
18,2,15
47,3,5
10,4,7
19,4,10
36,0,18
0,0,23
3,3,11
0,0,19
43,0,10
32,0,14
43,3,1
43,2,0
28,1,5
26,2,13
8,2,7
2,1,15
46,3,3
21,3,7
10,3,5
21,6,3
9,5,4
6,6,4
25,0,11
25,1,8
26,2,2
14,0,12
48,3,4
6,7,0
39,0,15
43,4,6
45,2,7
6,3,5
6,5,3
2,4,5
27,3,0
3,4,0
31,6,0
45,3,1
24,1,7
45,1,0
45,0,11
7,2,8
32,1,7
29,0,21
19,4,5
29,3,6
27,1,8
42,1,7
16,7,4
25,1,7
15,2,9
14,7,1
29,1,13
19,1,15
9,1,8
22,1,13
4,7,1
14,6,3
15,8,1
7,0,14
1,4,4
17,0,21
9,0,11
44,3,3
23,2,9
4,0,12
39,1,10
22,4,4
3,5,2
9,5,3
48,5,0
16,1,10
30,4,0
31,2,8
35,0,18
23,0,13
13,8,0
28,0,11
17,6,0
39,0,16
13,5,2
43,3,2
30,2,8
5,2,6
30,0,8
7,4,5
35,3,5
24,1,5
25,3,3
24,1,12
36,2,11
40,0,14
10,5,1
42,2,12
10,2,8
19,3,8
36,3,6
34,2,5
12,1,9
20,6,0
31,1,8
7,1,8
42,5,0
0,0,21
31,0,19
2,1,20
9,2,7
