59,21,49
49,22,57
63,17,53
51,21,58
51,20,60
42,22,62
59,19,56
58,23,51
62,17,53
53,20,61
60,19,52
55,16,61
54,22,55
59,15,59
52,21,58
58,22,47
58,18,61
50,20,63
53,18,60
54,18,58
60,17,57
61,23,48
58,17,58
54,22,52
57,18,61
49,22,56
61,16,55
62,22,42
55,21,57
57,23,54
57,17,62
59,14,63
54,18,59
49,21,58
46,22,62
55,21,58
63,15,59
60,18,54
63,23,40
56,18,62
61,18,54
46,22,59
59,18,54
56,18,59
53,19,59
56,21,52
53,22,56
62,14,60
62,21,48
55,20,56
50,20,58
56,16,62
62,18,52
57,22,49
55,17,60
63,22,44
51,21,60
55,16,63
60,19,53
55,23,52
62,23,44
62,19,48
60,23,46
50,19,62
52,22,54
60,14,60
60,17,59
63,20,48
55,17,59
49,23,59
55,22,57
59,15,60
52,20,59
60,23,44
61,23,47
55,19,59
52,23,54
51,23,56
43,23,62
58,15,61
61,12,62
58,16,58
58,22,50
60,13,62
61,18,51
55,19,60
57,22,48
52,22,58
62,16,56
57,23,53
62,18,54
51,23,53
50,23,60
48,22,60
62,18,55
51,21,56
53,20,63
50,22,56
58,18,56
62,15,57
58,21,56
51,22,61
54,22,57
51,18,61
53,20,59
51,21,61
43,22,63
50,19,61
61,23,43
57,21,53
62,15,62
50,21,60
50,23,53
51,17,63
56,22,54
56,23,49
55,20,54
61,20,50
59,20,56
53,22,54
62,20,47
61,17,58
53,20,57
55,17,61
56,22,52
53,19,61
58,23,46
48,23,57
56,20,54
63,14,58
55,19,61
58,21,55
51,19,61
60,23,42
54,17,63
57,22,51
61,22,44
55,18,59
61,15,59
44,22,61
62,14,61
41,22,62
50,23,61
63,18,52
44,22,60
49,22,61
63,20,49
53,21,59
59,14,61
57,19,56
60,16,58
52,22,59
53,23,52
63,17,55
61,18,53
50,22,55
59,23,47
63,21,48
55,23,49
61,22,46
45,22,59
58,14,63
55,23,51
53,23,53
60,23,45
43,23,60
61,19,53
57,18,56
59,17,57
59,16,59
58,21,50
60,15,59
42,23,62
63,15,62
56,17,63
62,19,51
41,23,61
58,21,51
60,16,59
57,20,52
55,18,61
57,14,62
59,19,54
62,23,42
49,20,60
59,20,50
57,20,55
62,13,61
62,18,51
62,23,40
59,15,62
63,21,43
57,16,59
53,17,62
51,20,59
50,21,61
50,20,61
50,22,58
60,21,47
42,23,61
59,13,63
63,22,42
54,21,56
57,23,46
63,23,45
54,17,62
53,19,60
56,21,53
57,18,59
57,17,61
59,19,52
63,18,55
51,22,56
60,19,51
49,22,58
56,18,56
62,19,50
43,22,62
59,19,53
57,20,54
51,17,62
55,20,59
58,20,51
61,17,53
61,21,49
55,16,62
53,21,57
54,20,60
55,23,50
58,21,49
61,14,59
56,17,58
45,22,61
63,15,55
61,20,55
55,20,57
54,20,55
56,19,61
53,23,51
57,18,60
61,17,56
47,21,59
48,21,59
44,23,61
49,21,60
54,22,53
47,23,57
55,18,57
63,23,47
54,23,50
56,18,63
51,22,59
60,20,50
63,21,46
61,19,51
59,15,63
50,18,63
45,22,62
58,17,57
57,17,60
49,21,61
58,15,63
62,15,59
45,22,60
51,23,57
60,17,58
60,15,60
41,22,63
48,21,60
51,19,62
52,18,61
56,23,52
54,21,54
55,20,58
50,22,61
63,16,55
54,17,60
59,15,61
51,18,63
55,19,58
60,18,58
45,21,62
60,20,49
44,21,63
61,20,49
58,21,52
57,22,52
54,18,62
57,17,59
61,22,45
54,19,56
51,21,57
56,17,60
62,15,56
52,23,52
50,22,59
59,13,62
57,23,47
57,16,61
47,22,60
54,15,63
56,15,62
62,20,48
63,19,50
55,15,63
52,20,63
63,22,43
58,23,48
59,23,46
51,20,61
62,19,55
50,20,62
50,21,62
51,19,59
55,22,58
51,22,60
59,18,55
58,19,58
42,21,63
46,20,61
47,22,59
63,16,56
56,22,50
52,19,59
53,19,57
54,23,51
57,17,58
49,19,62
49,22,59
54,23,55
59,18,57
56,16,60
57,19,54
41,23,62
58,23,47
49,19,61
53,22,58
50,20,59
50,22,60
58,17,62
53,18,63
50,23,54
54,18,61
63,21,44
50,21,57
51,21,59
63,14,59
61,19,55
44,23,59
44,23,58
54,19,58
54,19,59
61,19,50
46,19,63
47,21,61
52,19,61
56,21,54
63,17,54
59,19,58
50,23,55
53,21,55
62,21,47
52,21,57
62,17,55
50,19,63
56,16,61
41,23,63
62,20,55
58,17,59
57,21,52
61,23,42
63,12,62
53,20,56
57,23,51
46,20,63
63,23,41
62,16,54
54,23,52
53,20,58
60,19,54
54,21,53
63,18,51
55,21,53
62,17,52
58,15,62
50,20,60
52,20,60
58,20,52
47,19,63
57,23,49
48,23,55
59,22,50
58,22,51
54,21,57
53,19,58
56,17,61
58,18,58
54,22,54
60,17,56
58,20,55
55,22,54
49,23,58
56,19,60
57,15,62
48,18,63
60,17,55
60,14,62
50,21,59
62,23,41
53,18,61
60,17,54
62,16,58
63,14,60
52,18,63
61,19,52
47,20,63
48,23,56
61,20,48
61,16,57
52,20,57
55,19,56
63,16,54
62,20,49
51,22,54
57,21,54
54,22,56
63,15,58
57,23,50
49,19,63
52,21,60
40,23,62
59,19,55
54,20,58
46,23,58
54,20,59
62,14,62
54,16,62
52,18,60
56,17,62
56,18,60
42,23,60
53,23,55
62,22,45
52,21,55
61,16,59
56,15,63
50,21,58
48,22,63
56,22,53
59,19,59
55,20,55
63,18,50
63,23,44
53,22,57
61,23,44
63,16,58
48,22,58
51,23,54
55,18,58
46,21,61
58,17,61
45,23,59
62,12,63
58,22,49
55,17,62
46,22,61
51,20,58
56,22,51
62,21,49
63,14,61
60,13,63
63,19,52
61,13,62
54,21,55
53,17,61
59,20,51
59,16,58
49,18,63
60,12,63
44,22,62
45,21,63
63,21,47
59,21,48
48,20,62
53,22,55
63,19,49
51,22,55
39,23,63
62,15,61
49,22,60
59,23,45
52,20,58
46,22,60
56,20,53
58,16,63
54,20,56
61,16,56
48,20,61
62,12,62
49,21,59
53,23,56
55,22,51
49,18,62
43,21,62
52,17,62
48,22,57
62,22,46
62,22,43
52,21,56
58,19,59
50,23,58
57,18,57
49,20,61
60,20,52
57,16,62
56,23,53
61,22,43
63,23,43
61,20,54
57,19,60
63,18,54
57,22,53
59,17,58
52,23,53
48,20,63
63,20,47
55,18,60
52,23,59
49,23,61
59,20,53
54,19,60
44,23,60
48,21,61
60,20,51
61,17,57
51,23,55
42,22,63
63,22,48
51,21,62
63,14,62
46,22,58
45,20,62
60,22,46
62,20,53
56,16,63
51,19,60
47,19,62
58,16,59
59,18,58
59,18,59
53,19,62
52,19,60
57,19,55
61,21,48
61,15,60
53,22,53
62,15,58
46,21,60
58,15,60
58,23,53
63,20,45
58,20,53
56,23,51
61,17,54
55,19,55
62,11,63
52,23,51
55,22,52
60,18,56
56,18,61
42,22,61
62,23,43
60,18,53
59,22,46
60,13,61
61,18,55
57,15,61
61,19,54
48,19,63
57,21,51
52,23,58
53,21,56
46,23,59
60,23,47
63,22,47
63,13,61
62,19,53
59,14,62
63,21,45
56,23,48
49,23,60
63,19,47
62,15,60
59,22,51
62,23,45
62,19,49
57,16,63
57,20,53
62,17,54
58,13,63
58,20,54
57,23,52
45,20,63
61,15,61
51,18,62
57,15,63
45,23,60
51,22,57
59,22,49
49,20,63
52,21,59
52,18,62
63,19,51
54,16,61
62,21,45
47,23,56
63,19,54
52,19,62
58,18,57
58,14,62
50,23,57
44,22,63
63,15,57
63,15,56
57,17,57
62,14,59
55,21,52
48,20,60
59,22,48
60,19,50
49,20,59
62,22,47
59,21,56
55,19,57
60,22,47
63,20,46
48,23,58
58,16,62
56,23,50
52,17,63
60,22,48
58,20,56
49,23,55
61,14,61
59,21,50
50,22,57
58,19,55
53,16,63
56,20,55
60,23,48
61,12,63
49,23,57
58,19,56
59,22,47
54,16,63
53,22,52
50,19,60
56,19,57
50,22,62
63,17,52
50,23,56
53,21,54
55,21,54
43,23,59
56,18,58
63,11,63
59,20,52
56,18,57
61,21,47
43,23,61
63,22,41
46,20,62
46,21,63
45,21,61
60,14,61
50,18,62
60,16,57
63,12,63
62,13,60
60,16,60
54,23,56
51,20,62
60,21,48
58,19,53
43,22,61
62,16,57
57,17,63
63,14,57
61,18,52
47,20,62
59,17,56
44,20,63
47,23,59
62,19,54
50,17,63
48,21,63
56,23,47
56,17,59
52,19,63
54,18,60
53,19,63
59,16,57
63,19,53
59,18,56
52,22,55
58,19,54
45,23,58
55,22,53
51,20,63
48,22,59
53,18,62
57,14,63
48,19,62
54,20,57
61,13,63
60,18,55
58,16,60
44,21,62
62,17,58
61,13,61
62,16,55
61,15,58
58,23,50
43,21,63
58,22,53
58,18,59
40,22,63
46,23,57
61,16,58
56,19,56
54,17,61
61,23,45
59,21,51
63,17,51
47,22,58
63,13,62
62,18,53
62,13,62
57,16,60
52,20,61
60,23,43
57,22,50
61,22,48
52,22,57
61,14,60
49,23,56
62,22,44
62,16,62
60,21,49
61,17,55
52,23,55
47,20,61
55,23,53
59,20,58
63,16,53
56,19,55
40,23,63
61,22,47
51,19,63
63,16,57
51,23,58
63,13,60
61,21,46
53,18,59
61,23,41
63,19,48
57,22,54
59,23,44
53,17,63
59,17,59
47,21,60
58,16,61
54,19,57
57,23,48
49,20,62
58,22,48
51,23,52
51,22,58
55,20,60
62,21,46
53,21,58
52,22,53
46,21,62
47,23,58
63,18,53
