30,5,23
20,20,58
28,11,41
3,3,16
23,3,21
35,3,29
16,23,35
36,7,50
27,14,49
28,13,55
36,5,49
38,1,54
0,16,23
21,19,39
25,15,57
57,0,62
27,13,57
24,7,25
31,6,27
19,21,34
25,16,38
12,4,13
32,3,24
21,21,52
20,21,52
19,2,18
32,7,28
12,9,17
30,11,43
26,13,41
28,2,21
24,2,21
28,15,49
19,16,24
20,20,43
39,0,46
15,22,31
37,2,36
27,12,41
38,2,46
20,18,31
33,2,19
29,5,24
23,17,31
33,1,23
2,18,27
17,23,60
2,13,20
35,3,46
30,10,46
16,3,17
8,11,19
9,22,32
40,0,36
41,0,41
21,20,51
31,5,26
10,22,31
34,6,29
20,16,25
30,11,54
34,2,23
34,8,47
62,1,60
23,18,61
7,11,17
29,11,37
40,1,62
21,20,47
27,13,34
22,0,18
26,14,32
34,6,35
13,4,13
35,4,35
37,2,37
41,1,63
30,12,56
9,19,27
20,21,57
35,2,43
41,0,39
24,17,62
20,22,52
24,15,32
1,8,16
25,17,56
24,16,61
22,20,48
28,13,54
36,1,43
23,17,62
26,15,49
14,3,14
62,0,59
35,7,56
41,1,61
24,17,63
1,12,19
30,9,40
18,23,47
23,19,48
37,3,53
20,19,36
20,20,40
35,8,50
17,23,37
24,4,23
28,11,30
33,9,56
36,3,50
1,19,27
20,20,34
20,3,21
29,9,61
45,1,62
18,21,42
29,10,46
18,22,35
30,11,42
19,0,16
10,0,13
60,1,61
16,23,63
29,13,47
36,1,24
33,4,28
37,4,62
31,9,45
21,8,24
1,15,23
27,2,22
35,4,47
23,16,30
62,0,58
23,18,43
10,18,27
33,10,52
18,18,26
23,17,33
36,6,49
14,18,25
25,12,26
35,5,41
28,3,21
36,4,38
6,7,16
30,10,32
40,2,61
18,7,14
18,21,37
28,4,24
14,2,13
32,7,31
36,5,58
19,6,23
17,23,56
18,7,15
33,4,25
28,16,50
17,9,18
31,8,61
0,6,16
39,0,55
41,0,57
38,1,49
33,8,44
11,16,23
9,6,13
26,12,27
36,3,36
40,0,32
3,22,33
20,21,43
26,14,34
36,2,42
25,14,31
9,16,23
40,1,61
24,19,50
9,7,14
35,3,27
30,5,24
24,18,43
19,0,15
18,2,18
29,6,23
37,3,46
16,3,11
20,20,37
37,1,48
34,7,55
39,0,50
27,12,60
35,0,22
36,1,42
27,13,35
38,2,49
19,20,34
12,20,27
8,4,13
9,10,17
36,2,26
7,16,23
20,16,27
28,11,62
18,0,15
15,1,12
36,1,26
22,18,63
39,0,54
23,13,26
39,1,37
33,7,63
35,6,40
35,7,49
35,4,33
18,16,23
20,8,24
16,3,13
16,2,15
4,21,30
28,7,23
7,1,12
16,3,19
2,5,16
26,16,46
26,14,38
34,3,47
38,2,63
36,2,28
36,4,59
9,23,32
35,7,55
18,23,51
15,21,31
26,15,55
22,19,46
33,8,56
2,20,29
8,1,13
39,1,58
33,4,27
32,8,61
8,17,24
26,13,63
39,1,38
11,15,22
31,2,19
16,22,33
35,5,54
33,9,58
14,13,20
15,2,12
3,7,17
26,15,43
4,1,12
17,2,14
33,9,52
32,5,28
24,17,55
4,18,26
9,15,22
31,10,52
30,5,21
22,20,52
33,7,37
35,6,57
19,16,27
28,8,27
29,10,34
33,8,40
12,14,21
15,19,26
17,22,35
32,8,38
3,23,34
35,8,53
29,10,40
1,0,11
22,19,60
3,18,27
26,14,57
13,8,15
34,3,43
26,17,53
27,16,49
38,0,43
32,6,27
0,21,30
23,18,35
18,13,22
32,11,50
19,23,49
26,14,41
23,15,30
20,21,48
11,19,27
27,15,45
0,4,16
5,2,13
37,3,50
16,7,15
2,0,12
0,18,26
36,1,25
12,2,14
32,9,44
21,19,56
4,1,11
19,18,30
37,2,57
24,20,51
26,17,54
26,11,29
6,20,31
27,10,63
31,2,20
10,6,14
39,2,39
44,1,62
37,2,38
16,18,25
27,12,61
18,15,23
14,12,19
14,13,19
29,11,31
20,21,49
34,5,38
20,15,25
17,18,28
11,17,23
25,16,59
36,2,25
34,9,48
22,19,49
30,9,33
10,20,28
2,8,18
25,16,42
31,11,53
22,18,31
58,0,63
30,4,22
34,5,35
16,13,20
0,18,27
24,5,24
17,16,22
35,3,47
37,2,42
17,22,36
20,19,33
20,21,54
22,18,38
25,16,58
30,10,31
20,5,23
39,2,57
20,22,54
14,8,14
13,19,27
33,6,63
19,23,48
5,3,15
32,9,58
24,19,49
31,9,42
29,12,58
22,19,56
12,11,18
2,21,30
34,2,44
19,15,23
34,3,28
34,4,46
40,1,33
20,22,58
35,7,51
7,17,26
25,0,19
36,2,41
25,17,47
45,0,62
28,14,47
35,5,30
27,4,24
39,0,31
28,11,42
17,16,23
29,9,63
35,7,48
31,10,44
6,18,28
26,7,25
6,14,21
36,3,62
31,9,47
55,0,63
17,20,30
42,0,62
7,11,19
5,17,27
34,7,31
7,20,29
16,19,28
32,6,28
29,12,47
23,16,33
37,2,29
33,9,53
4,16,24
36,5,59
24,16,33
26,13,58
22,18,60
36,3,56
23,20,51
29,10,38
12,8,15
42,0,59
10,17,24
34,1,18
39,0,52
30,4,21
39,1,28
60,1,63
26,14,56
9,9,15
10,20,29
35,4,58
29,12,42
20,20,38
16,22,32
46,0,62
25,16,43
34,8,61
2,7,16
25,12,27
20,6,23
24,6,25
28,11,61
11,20,29
16,6,13
39,2,40
7,2,10
37,3,32
6,22,32
22,20,54
34,6,32
25,16,60
23,18,55
24,16,38
27,14,58
28,13,53
15,10,18
62,2,63
35,1,25
20,20,61
8,20,29
30,9,38
17,3,12
42,0,39
27,13,58
26,13,42
25,16,48
35,8,48
11,11,17
12,16,21
32,9,47
1,1,13
28,12,41
37,2,56
36,3,57
18,0,13
16,20,29
30,10,39
8,8,16
26,2,23
32,7,62
3,19,29
18,0,10
34,8,54
16,0,12
41,0,31
36,3,41
46,0,63
27,15,55
36,5,61
32,10,51
23,17,38
36,2,51
38,2,34
17,23,55
22,15,27
29,12,48
29,13,56
5,12,21
26,9,27
35,8,52
12,20,29
25,17,42
16,3,18
41,0,37
15,14,20
33,2,24
32,1,18
6,19,28
20,21,44
26,11,28
15,3,13
34,5,29
37,2,40
23,20,52
59,0,61
13,9,17
7,8,16
16,15,22
0,8,18
35,5,42
25,4,24
24,4,25
39,0,34
55,1,63
7,11,18
33,6,45
9,7,13
34,6,61
28,10,60
35,4,63
36,4,52
10,9,16
5,1,13
30,8,27
38,2,32
18,15,24
26,17,52
15,22,33
30,10,44
34,1,24
18,23,60
10,7,14
19,21,45
15,20,28
29,10,42
22,14,25
12,15,22
18,3,13
8,10,18
31,4,25
4,23,34
7,3,14
6,21,32
35,4,30
28,12,36
11,21,30
12,9,16
25,16,62
15,17,24
4,14,22
15,12,19
10,18,25
23,19,55
19,23,58
24,0,19
6,11,18
35,5,61
34,5,63
31,8,37
39,0,51
6,9,18
31,8,46
29,11,59
22,19,55
26,13,39
5,0,11
33,6,44
29,10,36
15,15,21
32,8,40
6,14,22
34,7,32
40,0,29
27,14,48
8,12,20
21,17,28
24,16,35
25,1,19
21,21,46
27,7,25
17,12,19
33,9,57
34,9,52
19,21,41
35,6,53
3,20,29
23,17,40
28,15,52
19,19,29
18,1,17
26,14,61
18,19,28
17,15,21
34,5,47
24,1,19
12,16,22
37,4,39
33,4,43
26,17,50
3,10,18
31,10,55
21,21,48
37,2,54
16,20,30
29,13,55
34,2,43
22,18,35
16,5,13
21,19,40
14,16,22
29,12,45
23,16,32
23,17,41
28,15,53
42,0,38
30,11,52
33,9,47
38,2,29
5,8,17
33,7,35
34,6,37
35,5,59
29,10,39
1,13,20
34,2,25
28,13,52
0,14,21
26,13,33
14,18,24
25,17,50
32,7,33
6,19,29
23,17,60
33,8,59
29,9,36
6,23,32
19,12,22
32,8,59
18,2,19
28,8,26
25,14,35
6,0,9
32,9,61
40,0,35
25,16,56
33,8,41
16,19,29
15,13,19
33,1,19
30,9,45
37,2,35
59,0,63
3,14,21
21,16,29
37,4,61
6,4,15
20,21,46
36,7,49
36,2,27
16,9,18
30,11,45
32,8,62
29,11,36
33,5,27
2,17,25
18,23,53
23,18,54
37,0,25
5,14,22
28,13,48
34,6,41
22,19,54
37,3,62
18,22,61
24,18,46
28,6,22
17,13,19
7,22,33
37,4,58
27,12,39
37,4,47
17,22,40
8,7,13
17,11,19
33,6,29
28,13,42
32,1,19
20,22,56
20,4,21
1,12,20
18,23,48
37,4,49
8,20,30
10,23,33
13,1,13
41,0,61
25,13,28
28,11,39
23,9,25
11,9,15
20,22,46
25,15,33
25,10,26
30,9,29
28,10,37
34,3,26
24,15,36
39,1,40
20,17,28
16,8,16
26,14,59
31,9,37
26,14,36
34,6,30
34,5,32
30,1,21
25,15,60
2,15,24
28,0,21
38,1,41
8,5,13
22,19,59
22,13,25
6,3,14
4,18,28
32,10,53
11,22,31
13,16,22
36,4,50
35,5,31
12,12,19
23,18,33
21,19,57
25,10,27
33,1,22
29,11,44
21,19,60
23,19,46
31,9,32
40,0,55
26,0,20
40,0,57
36,4,58
37,2,50
18,18,29
33,7,62
3,15,23
18,3,12
36,6,52
12,2,13
26,15,63
26,12,28
25,17,49
24,3,22
37,1,45
3,0,12
30,10,42
3,23,33
6,8,14
28,10,29
34,7,60
14,20,29
27,5,25
37,3,30
31,11,48
31,8,63
24,17,57
38,1,42
34,8,52
31,8,36
36,4,39
13,5,14
39,1,61
17,11,20
34,1,22
38,1,27
21,5,23
28,9,63
26,13,37
26,4,24
35,4,60
45,0,63
56,0,62
23,19,53
40,0,31
35,7,50
26,17,46
18,13,20
0,2,14
19,21,62
26,14,37
22,19,44
0,17,25
27,11,63
16,17,23
40,0,30
0,17,26
3,12,21
25,18,53
22,4,24
12,11,17
38,0,28
35,5,62
39,0,27
23,5,24
7,4,14
18,23,49
38,2,39
17,18,27
35,2,26
33,8,61
1,4,15
38,1,26
31,5,25
14,21,31
32,8,29
29,7,24
4,2,15
13,22,32
20,17,30
29,11,48
16,2,10
6,4,14
12,4,14
22,19,47
5,15,24
16,23,62
29,11,38
4,6,15
22,4,22
33,10,49
17,1,15
24,18,51
41,0,63
13,14,21
0,8,17
18,22,43
54,0,63
20,19,35
1,22,32
34,5,37
41,0,33
27,15,47
24,12,27
29,11,39
1,19,29
20,21,59
18,1,10
9,20,28
34,9,53
32,8,39
34,5,46
3,22,32
27,3,24
6,6,15
35,7,54
9,12,19
30,11,55
31,10,48
59,0,62
22,1,19
32,2,21
19,21,37
35,4,31
5,20,30
0,5,16
2,14,22
18,6,13
36,4,48
35,8,49
32,4,26
15,8,14
5,11,20
3,1,14
24,17,38
22,18,62
13,0,13
3,2,15
19,18,27
38,2,40
33,7,30
17,15,23
33,5,45
34,6,39
39,1,33
26,0,18
23,2,20
17,21,34
16,7,13
17,2,17
20,21,61
28,11,31
38,3,39
14,9,17
35,6,54
34,7,57
9,22,31
28,10,62
17,1,17
16,1,11
60,0,61
22,20,55
10,5,13
21,20,49
37,2,33
21,1,18
31,10,60
36,6,50
17,23,36
23,17,34
20,22,60
31,9,36
18,23,42
7,3,13
37,1,47
28,11,36
2,9,17
6,0,10
42,0,60
8,6,13
31,3,21
34,1,17
35,5,37
3,9,18
5,21,31
18,22,45
10,17,23
32,11,51
31,9,60
24,14,31
20,22,61
28,12,38
4,0,12
32,9,57
25,15,32
15,11,18
19,23,61
38,1,55
24,8,25
21,21,53
33,6,40
29,12,32
24,14,29
1,9,18
27,12,62
27,12,59
14,10,17
17,1,16
22,3,21
20,19,31
24,9,25
37,4,59
16,13,19
27,12,40
22,18,40
21,3,21
16,20,31
17,14,20
2,8,17
1,11,18
15,20,30
33,8,46
34,4,27
29,10,45
33,8,45
24,17,35
28,13,43
5,21,32
11,14,21
16,23,61
8,4,12
7,0,11
27,13,63
31,8,28
40,0,38
23,14,29
5,14,23
25,14,38
30,10,33
23,16,34
8,8,15
9,23,33
9,14,21
29,11,32
35,1,45
17,13,20
19,19,33
35,4,54
4,3,14
0,1,12
26,14,63
34,1,19
37,2,49
2,18,26
1,3,15
24,16,42
31,11,55
14,17,24
39,2,58
7,4,13
34,5,39
27,14,53
38,2,33
20,20,36
28,12,45
1,10,18
27,0,20
17,7,14
13,4,14
24,18,44
44,1,63
14,23,32
21,18,34
20,0,18
22,18,36
34,8,53
9,17,24
21,20,38
36,3,32
25,9,25
26,10,28
10,14,22
31,7,63
22,20,47
36,4,55
0,15,23
36,4,33
18,3,20
11,17,24
2,12,19
38,2,61
36,4,47
7,8,17
21,20,58
1,20,29
24,13,27
32,7,30
19,1,11
13,16,21
24,17,34
4,23,32
32,10,57
18,23,56
31,8,33
40,0,40
19,2,20
18,19,30
37,0,44
7,0,10
31,9,30
2,16,24
15,8,16
37,2,32
35,6,47
40,0,34
29,10,59
21,5,24
29,11,60
17,3,11
34,8,56
25,11,25
36,4,61
34,5,31
47,0,62
16,10,17
17,7,16
31,1,19
25,15,36
36,5,40
31,9,58
29,8,26
17,22,34
7,23,33
25,18,54
2,6,15
9,16,24
33,8,54
39,0,35
16,16,23
33,3,44
11,12,19
34,6,33
18,23,41
1,4,16
29,13,48
8,7,14
17,22,39
34,9,51
18,19,29
23,18,46
23,18,37
19,21,40
36,5,62
0,22,32
36,3,47
16,18,27
0,12,19
24,14,27
28,12,33
18,3,14
6,8,17
19,21,61
62,0,57
3,2,14
9,5,13
20,20,63
15,21,30
31,11,58
35,5,38
38,0,48
26,16,47
35,4,29
32,7,29
32,9,42
37,2,47
31,10,56
40,0,60
3,4,16
25,16,63
38,0,46
5,7,15
31,7,62
13,11,18
0,9,19
0,11,19
7,0,12
35,6,61
24,15,37
34,5,40
25,15,39
21,21,55
36,4,36
12,5,14
20,22,50
37,0,43
20,21,42
16,1,12
20,0,17
28,12,62
28,12,59
2,6,16
36,3,51
10,15,23
33,8,43
28,10,63
37,1,46
21,15,25
25,15,35
21,19,58
17,1,10
36,4,49
28,13,44
32,8,41
32,8,30
31,12,51
17,23,39
33,7,60
39,1,62
34,8,58
29,8,27
11,7,14
21,2,19
20,22,55
31,0,20
9,0,12
22,18,32
30,9,35
34,3,42
31,4,24
20,22,49
0,23,33
18,21,39
4,1,13
25,10,25
1,20,30
18,22,46
27,13,37
16,14,20
35,6,42
32,8,31
28,14,51
12,23,31
18,7,13
24,11,25
6,23,34
34,5,36
26,14,62
5,16,25
33,4,44
15,17,25
9,15,23
16,7,14
13,17,23
4,21,32
0,16,24
13,2,14
34,5,61
20,4,23
34,4,43
10,3,13
7,15,23
35,5,32
29,15,50
23,17,57
39,2,62
21,20,56
33,7,38
34,0,21
7,17,25
27,4,25
33,10,50
8,18,27
21,19,42
34,4,42
19,21,38
37,2,46
11,8,15
5,13,21
40,0,56
25,8,25
31,8,30
17,18,26
24,18,50
20,20,44
61,2,63
32,8,35
7,6,14
38,1,29
25,17,48
31,10,58
5,7,17
6,9,17
6,11,17
4,8,18
23,18,36
38,2,55
38,1,35
24,18,55
33,6,43
5,16,26
36,5,53
33,8,47
19,2,12
19,22,60
2,12,20
37,2,41
7,22,32
22,20,44
26,13,34
23,19,43
14,15,21
5,11,18
30,9,46
29,11,58
12,10,17
7,16,25
15,10,17
10,9,15
25,16,49
39,1,53
28,12,35
29,0,20
25,18,49
37,1,28
4,22,32
26,14,39
0,9,17
16,0,10
28,5,22
25,15,41
27,9,26
32,7,35
36,4,35
38,0,27
59,1,63
25,15,61
5,18,28
22,0,17
40,1,40
27,16,53
27,13,41
28,9,62
26,14,42
18,23,57
42,0,61
25,14,36
39,2,59
29,12,49
23,0,18
33,5,28
26,13,62
22,7,24
31,10,54
1,3,14
26,16,63
24,13,25
24,16,56
9,13,21
1,17,24
25,14,32
15,1,13
16,21,31
32,10,52
38,2,57
6,2,10
13,18,24
36,7,51
32,7,37
22,14,24
20,21,63
33,6,38
12,3,13
32,8,45
10,19,28
2,2,15
24,17,60
23,19,44
4,20,30
0,18,25
34,0,19
28,5,21
19,21,44
36,3,37
26,13,32
30,6,25
0,19,28
24,18,47
32,3,22
36,6,53
18,16,25
25,17,45
36,4,32
37,3,49
16,21,30
39,0,26
2,1,12
38,3,62
40,1,38
27,13,39
34,6,56
25,11,27
25,11,26
18,4,14
29,6,24
33,2,23
44,0,62
25,12,25
33,9,59
20,19,39
34,5,60
29,14,50
36,6,51
14,11,18
12,13,20
17,5,15
40,0,54
19,22,57
24,4,24
16,0,11
19,20,38
61,1,61
26,13,28
36,2,29
24,16,34
29,9,30
7,13,20
24,17,56
37,1,26
26,2,22
20,18,30
15,20,29
8,22,33
25,14,37
18,21,38
12,18,25
21,19,32
18,3,21
38,2,36
28,11,40
17,4,12
62,1,62
34,9,50
19,16,25
15,21,32
1,14,21
40,0,27
23,18,40
16,21,32
20,17,29
63,1,61
35,4,53
28,11,34
18,4,13
27,12,36
17,23,38
10,21,29
33,4,45
25,14,41
9,9,17
30,3,22
24,13,28
15,0,12
35,1,44
28,12,42
9,8,14
37,3,38
37,2,28
7,6,13
34,2,45
0,9,18
32,10,55
18,22,37
35,0,18
25,17,53
5,20,29
29,10,41
38,1,52
23,19,52
31,7,28
23,18,63
25,3,23
40,1,59
21,4,23
11,9,17
34,8,55
20,20,39
24,17,59
16,4,13
16,9,16
40,0,33
34,5,62
17,21,32
2,3,15
37,4,41
21,20,46
2,1,13
0,8,16
24,16,32
32,2,22
21,20,63
34,6,43
0,3,15
4,23,33
20,13,24
36,3,61
36,2,45
28,9,29
19,22,43
25,16,39
26,14,40
27,11,30
21,4,22
25,18,50
36,2,47
3,19,28
17,22,41
22,19,48
23,6,25
37,3,48
38,1,47
23,18,39
23,18,45
38,0,42
5,23,34
9,20,30
0,20,30
19,17,26
20,21,50
12,18,26
1,9,17
38,1,34
33,2,22
26,15,48
22,20,51
36,3,29
27,0,19
30,7,26
39,1,41
18,23,43
26,9,26
33,3,45
34,3,44
21,18,32
36,4,31
24,17,43
28,14,55
57,0,63
35,4,61
26,13,38
26,0,19
27,13,42
27,12,30
39,2,41
3,6,16
35,4,42
19,22,52
25,14,28
4,17,27
15,6,13
0,17,24
35,3,26
8,1,12
18,23,58
38,3,61
23,17,58
15,7,14
17,3,20
20,22,53
5,0,9
19,21,36
9,11,19
33,7,29
13,19,26
18,23,54
40,0,59
19,23,53
28,2,23
4,8,17
16,18,26
13,18,25
21,15,26
27,16,50
30,9,34
24,17,40
19,22,48
35,5,36
22,16,29
40,0,53
23,17,56
6,12,20
20,7,24
1,19,28
7,12,19
21,20,44
26,13,31
16,2,12
26,14,31
17,15,22
10,21,31
21,20,55
21,12,24
30,9,61
23,18,38
1,13,21
17,14,22
19,22,50
11,19,28
27,6,25
13,14,20
3,13,20
36,3,46
11,21,29
27,15,49
4,12,20
3,18,28
7,3,12
29,13,50
6,8,15
8,17,25
9,1,13
18,22,38
33,3,24
30,7,27
6,10,18
41,0,56
12,7,14
39,2,60
17,12,18
30,5,22
37,2,48
21,21,47
24,17,36
20,1,19
5,19,29
11,1,13
30,12,50
38,2,62
18,16,24
12,21,30
35,8,47
63,3,63
26,13,35
37,2,53
26,17,51
31,9,38
8,3,13
10,8,14
23,18,58
8,23,33
38,2,35
36,1,45
22,19,43
24,19,53
37,3,47
17,11,18
36,1,46
43,0,63
29,10,60
30,11,57
10,16,23
19,23,54
12,8,16
35,3,42
21,18,33
28,13,49
10,13,21
6,17,25
31,0,19
60,0,62
1,21,31
20,6,24
25,15,40
5,12,19
16,2,11
32,3,23
12,21,29
14,8,15
27,14,56
30,9,41
30,8,62
40,1,57
21,21,54
12,0,13
6,21,30
25,15,34
27,12,34
21,1,19
3,21,31
17,4,13
5,15,23
32,7,38
37,2,55
33,7,45
22,15,29
11,8,14
34,7,61
40,1,41
22,18,58
11,2,13
23,15,29
8,19,28
36,3,39
34,7,43
38,2,51
25,6,25
26,16,56
18,0,14
7,1,10
8,15,23
4,0,10
59,0,60
0,2,13
25,17,52
32,2,17
8,6,14
16,3,15
10,19,26
27,1,21
27,17,50
16,12,18
35,4,37
37,1,43
21,19,63
63,0,56
25,12,28
7,21,30
35,5,63
23,17,37
6,3,13
0,7,17
26,15,61
32,8,33
20,2,20
17,17,26
34,9,49
18,5,13
33,8,55
28,14,48
37,2,52
34,1,23
20,22,51
8,17,26
18,0,12
13,22,31
17,2,15
21,19,61
19,20,41
10,12,19
20,15,24
24,17,37
35,6,55
39,1,39
31,1,20
21,16,28
23,19,45
38,3,40
1,23,33
18,3,19
5,1,12
8,16,25
17,22,62
28,12,30
28,14,56
14,22,30
0,10,19
20,14,24
17,3,18
14,19,27
15,22,32
28,13,56
37,3,35
33,7,46
23,20,50
27,15,48
22,18,39
24,17,54
31,8,38
20,20,35
17,8,17
36,3,35
29,9,62
26,15,45
37,1,44
35,0,21
9,20,29
15,18,25
10,9,17
19,1,18
39,1,55
28,13,57
33,7,42
41,0,34
33,10,51
24,16,36
7,12,20
58,0,62
34,7,54
22,19,45
28,11,35
17,7,15
18,14,23
35,5,29
32,10,54
25,1,20
40,1,60
21,13,24
28,14,49
8,12,19
1,2,14
63,0,57
30,13,50
5,4,15
38,1,37
20,0,16
5,2,12
38,1,31
34,7,47
13,10,17
39,0,41
30,4,23
21,0,16
40,1,32
32,8,47
26,5,25
32,7,40
30,9,62
21,19,37
24,16,57
29,3,21
19,5,23
22,18,61
18,23,59
36,5,50
45,1,63
21,19,41
29,10,47
21,14,24
9,19,28
24,16,41
20,22,57
19,21,42
20,1,17
20,20,57
20,20,41
28,11,63
31,9,46
32,7,34
2,22,31
22,13,24
35,3,41
34,5,43
23,19,51
22,20,46
8,2,12
17,22,33
37,3,54
1,6,15
17,23,62
27,13,44
14,21,29
22,5,24
11,20,28
23,17,42
19,3,21
25,16,54
30,1,20
11,6,13
32,7,27
28,3,22
8,14,22
38,0,26
27,9,27
37,3,52
5,9,19
28,1,21
1,16,24
27,14,45
27,15,54
17,20,32
35,4,39
23,0,17
35,2,25
30,10,60
35,6,41
21,20,54
16,14,21
5,8,16
10,0,12
18,23,50
20,20,33
28,12,47
33,7,41
33,3,25
22,20,49
25,15,37
15,13,20
18,2,11
20,21,41
37,3,63
36,4,34
33,8,42
17,14,21
39,1,34
0,20,29
19,14,22
31,8,34
35,5,33
30,4,25
16,17,25
7,2,13
33,7,28
21,3,22
23,19,49
12,17,23
23,18,42
23,18,62
29,11,34
8,22,32
22,19,57
7,7,13
33,6,46
25,14,29
33,2,17
34,4,28
24,3,23
5,1,11
3,21,32
0,0,12
15,0,13
31,4,26
36,5,51
36,3,38
33,5,44
32,9,54
36,3,31
24,19,52
17,2,19
38,2,54
19,16,26
33,1,17
28,6,23
19,19,30
33,6,37
17,2,18
28,12,31
0,19,27
5,3,14
7,8,14
40,1,56
35,4,62
22,19,39
6,16,24
14,19,26
20,21,51
21,20,42
11,9,16
14,0,13
11,18,26
36,7,48
7,18,28
22,19,41
30,10,35
30,10,36
12,22,30
29,2,21
0,20,28
29,11,41
22,16,28
18,23,61
27,14,54
32,8,44
0,4,15
19,18,28
37,5,49
22,3,22
4,20,31
19,20,36
20,21,55
4,20,29
20,4,22
21,19,38
26,13,61
33,2,20
17,4,15
12,22,31
3,12,20
27,14,47
36,4,62
38,0,45
23,17,63
27,12,38
32,4,25
29,9,28
26,9,25
21,19,36
25,15,42
38,1,38
6,3,15
7,18,27
34,6,60
15,9,17
16,12,19
3,18,26
26,18,52
37,4,63
17,9,17
26,16,54
25,17,46
3,15,24
33,1,21
1,17,25
18,3,11
4,3,15
28,12,32
16,4,12
19,20,32
40,1,58
14,8,16
0,21,31
30,12,57
30,9,28
32,3,21
6,15,24
9,18,25
26,3,23
18,17,27
13,11,17
12,5,13
7,15,22
20,20,42
5,18,27
26,18,51
29,11,47
26,16,55
21,2,18
27,13,62
6,22,33
32,7,36
34,7,40
28,3,23
12,13,19
25,18,51
12,18,24
30,11,58
19,22,51
30,8,29
32,10,50
26,13,29
11,14,22
3,8,18
35,8,51
24,15,38
26,17,45
31,3,23
23,14,28
3,17,25
32,9,43
26,13,36
26,14,43
11,19,26
31,8,62
35,4,38
31,12,50
7,5,14
19,22,59
25,18,52
24,16,59
6,18,27
18,17,26
29,7,26
22,19,40
25,3,24
12,12,18
23,18,60
29,0,21
29,11,40
22,6,24
39,2,56
32,10,49
4,4,16
29,13,52
39,1,56
29,15,51
9,1,12
34,2,26
19,17,27
11,13,20
18,20,32
3,17,26
40,0,52
24,0,18
34,7,62
36,4,60
7,10,17
2,22,33
35,3,30
30,10,34
17,23,61
30,12,54
18,1,18
24,16,58
31,2,21
0,13,20
10,18,26
36,4,41
32,7,45
33,7,44
26,10,27
36,4,57
10,8,15
39,1,31
5,10,19
29,11,33
16,16,22
5,13,22
27,12,35
23,18,56
17,21,31
21,19,59
35,6,60
2,1,14
21,19,62
3,23,32
13,3,14
30,11,59
24,15,35
9,13,20
33,9,48
31,9,34
14,22,31
26,16,52
22,21,52
33,1,18
22,17,32
34,3,46
35,2,24
20,18,32
33,2,18
27,16,52
35,2,42
7,15,24
2,19,29
35,7,58
39,0,25
13,22,30
6,7,15
35,5,60
41,0,58
22,4,23
6,15,23
28,12,34
19,19,31
19,15,24
15,19,27
7,2,12
27,11,62
11,10,17
1,11,19
8,16,24
8,11,17
38,1,45
62,2,62
38,0,47
32,5,27
29,10,32
27,12,31
25,15,31
16,11,18
31,4,23
18,17,25
4,15,23
3,14,22
23,14,25
30,10,41
7,18,26
19,22,61
8,11,18
7,21,31
2,2,14
5,17,25
13,17,22
20,17,27
61,0,60
37,0,45
36,3,34
37,2,30
28,6,25
26,1,22
28,6,24
34,8,60
24,17,41
33,8,33
28,0,20
14,18,26
15,12,18
24,16,37
21,20,48
23,8,25
18,13,21
11,22,30
19,23,57
30,2,21
21,6,24
6,20,30
29,11,45
33,7,34
35,5,56
16,2,17
7,14,22
28,9,28
33,7,40
17,6,13
38,1,36
17,0,10
18,15,22
3,21,30
18,14,22
29,13,54
10,19,27
36,4,51
10,10,17
38,1,48
4,0,11
23,19,54
32,8,36
26,12,29
35,4,57
23,5,25
17,17,24
19,22,63
15,17,23
28,13,45
20,18,29
17,6,14
33,7,43
32,2,20
8,13,21
10,10,18
30,10,40
27,13,30
30,9,32
25,16,57
6,2,11
12,19,27
3,16,25
26,15,46
11,14,20
19,23,60
16,17,24
23,12,25
31,9,31
5,7,16
18,5,12
10,11,18
26,13,30
30,10,45
15,18,24
35,6,56
62,1,61
6,13,21
4,10,19
63,2,62
8,14,21
13,21,30
29,12,43
28,12,37
21,14,25
23,7,25
37,2,27
23,2,21
25,13,27
7,2,11
27,15,46
25,16,41
20,21,47
33,9,55
17,22,38
20,1,18
28,15,51
25,17,63
17,16,24
34,0,20
28,13,46
36,4,56
41,0,38
13,12,19
32,10,56
2,10,19
23,14,26
27,8,26
12,17,22
34,8,57
22,14,26
25,17,51
22,1,20
37,2,26
22,19,38
12,19,26
4,19,29
21,17,31
63,0,59
26,8,26
20,21,56
31,11,52
17,20,31
20,20,60
23,3,23
4,13,21
11,5,13
18,1,16
24,16,63
35,0,17
22,20,56
18,21,32
20,19,37
33,8,60
63,0,58
27,13,36
5,23,33
22,18,41
12,17,24
30,4,24
22,2,20
14,17,23
4,2,14
38,0,44
6,13,20
22,18,34
26,15,57
28,13,58
29,5,21
31,7,27
29,14,51
7,9,16
7,22,31
37,4,50
31,10,43
31,11,50
37,2,31
16,21,33
6,6,14
34,7,59
2,10,18
33,6,36
33,8,31
7,20,30
23,4,24
13,13,19
6,21,31
33,0,17
39,1,29
3,6,15
21,20,62
30,10,48
13,8,14
36,4,37
38,0,50
33,4,46
6,1,12
31,9,41
17,21,33
2,18,28
24,16,60
7,16,24
31,11,57
31,9,39
31,10,49
6,8,16
19,20,33
34,6,31
19,3,20
28,11,33
0,12,20
17,16,25
29,6,25
21,20,43
29,5,22
29,10,35
30,13,51
29,12,44
38,1,28
34,7,58
27,2,23
31,8,29
38,2,53
9,8,15
32,8,42
34,0,18
35,4,55
30,8,63
16,16,24
14,4,14
12,6,14
2,15,22
36,3,42
60,2,63
27,7,24
22,5,25
22,16,27
18,21,40
2,11,19
14,9,16
30,9,36
24,5,25
9,12,20
17,2,16
32,2,23
17,0,15
15,9,16
55,0,62
31,8,31
26,14,58
25,2,22
29,12,54
34,8,49
17,19,28
42,0,40
20,19,32
20,20,59
18,4,21
37,0,48
36,0,24
23,17,59
27,13,38
30,9,60
27,0,21
22,19,42
18,21,36
13,5,13
35,2,27
25,14,30
38,0,51
23,19,42
19,23,56
24,16,62
3,2,13
1,16,25
17,23,40
3,1,13
27,17,51
21,19,33
24,17,44
31,9,43
12,14,20
15,5,13
9,18,27
36,3,30
28,14,54
40,1,39
21,22,53
29,10,31
19,13,23
26,15,62
5,10,18
18,2,20
39,2,63
29,10,37
19,22,42
31,6,26
0,0,11
26,16,43
30,10,43
15,2,13
38,0,25
35,6,52
38,3,34
31,8,39
1,18,27
2,9,18
39,2,38
18,1,14
2,14,21
26,14,30
35,4,56
22,17,33
61,0,59
36,0,22
28,10,39
6,17,27
13,17,24
28,3,24
7,19,28
17,23,63
38,2,52
17,2,11
25,15,38
9,17,25
11,15,21
19,22,58
39,1,57
32,5,26
34,6,34
15,16,23
29,10,33
5,0,10
0,22,31
26,2,21
53,0,63
29,12,51
39,1,30
21,20,57
18,2,15
40,0,58
27,14,57
29,13,49
24,18,42
6,14,23
25,9,26
17,12,20
25,4,25
34,6,59
23,17,35
23,1,20
23,16,31
29,5,23
19,14,24
1,8,17
19,22,56
7,0,9
36,3,33
5,8,18
38,1,50
34,6,62
3,8,17
17,22,37
18,19,31
2,8,16
21,20,60
9,10,18
27,13,32
30,12,49
34,1,21
32,7,39
9,21,31
24,15,34
19,22,49
37,3,59
32,9,41
29,4,21
19,23,51
8,19,29
34,2,24
21,21,50
26,14,33
18,2,14
25,16,61
19,21,35
35,4,28
28,12,40
18,1,13
33,8,32
37,4,40
11,12,18
4,14,23
24,14,28
27,1,22
39,1,32
14,7,14
27,14,55
30,9,37
39,1,52
36,2,30
15,7,13
16,3,12
33,6,28
35,7,52
5,1,10
27,16,51
27,11,61
36,5,47
32,8,37
4,18,27
25,17,44
19,22,44
7,19,29
31,10,42
28,10,61
27,12,29
44,0,63
39,1,54
25,3,22
25,18,46
2,4,15
26,14,60
8,9,16
16,22,34
18,22,62
25,2,21
2,22,32
13,20,27
30,8,61
38,4,61
34,9,54
24,15,39
41,0,40
19,21,39
31,10,47
16,8,15
21,2,20
21,15,27
8,15,22
38,2,56
36,3,53
31,9,33
11,18,25
11,16,22
28,12,46
23,3,22
18,23,45
21,20,45
21,20,59
30,9,31
29,5,25
29,14,52
1,17,26
23,14,27
61,1,62
10,22,32
19,23,50
13,7,14
40,1,63
28,10,30
29,13,51
36,4,30
23,4,23
20,20,55
20,22,47
22,14,27
36,3,55
6,23,33
19,1,12
11,13,19
4,17,25
18,23,63
17,22,63
6,9,16
28,12,57
32,3,26
28,0,19
28,11,38
37,3,61
26,15,58
30,12,51
38,3,57
10,6,13
15,18,26
18,20,30
40,2,63
18,22,41
19,20,39
20,2,19
13,12,18
35,7,59
35,3,43
39,1,42
26,15,41
29,11,43
33,7,36
9,4,13
28,11,37
34,7,42
23,18,59
12,1,13
40,0,37
30,10,38
34,1,20
23,18,34
36,3,27
19,4,22
6,20,29
19,0,12
12,3,14
23,18,57
34,5,30
26,15,53
16,10,18
22,16,30
27,8,25
13,2,13
33,7,31
24,19,47
0,23,34
24,1,20
30,9,63
4,7,16
18,20,31
19,20,37
24,15,31
26,13,40
36,6,48
22,2,21
27,12,37
63,1,59
38,0,24
11,5,14
10,21,30
17,20,29
30,6,26
6,1,10
26,16,53
35,0,20
14,20,28
27,12,33
36,7,52
24,18,49
34,0,17
28,16,51
22,19,36
2,13,21
17,8,15
6,5,15
15,5,14
36,2,46
39,0,53
33,6,34
34,4,29
32,9,53
4,21,31
3,9,19
2,23,33
10,1,13
33,8,62
38,2,58
34,8,48
28,12,60
19,22,45
26,15,56
5,6,15
36,5,41
29,8,28
4,6,16
30,12,55
29,10,62
36,4,63
27,13,46
34,6,36
3,11,19
31,11,54
18,18,28
19,23,47
34,3,25
16,23,34
17,4,14
24,20,50
0,23,32
24,18,45
14,16,21
60,0,60
41,0,32
3,3,15
29,12,46
21,20,61
33,9,54
30,11,56
41,1,39
22,15,26
9,9,16
18,4,12
22,21,53
35,3,28
35,5,39
19,20,40
41,0,59
41,0,62
36,4,54
30,11,49
29,13,57
21,0,18
6,2,12
31,11,49
24,17,39
37,0,47
3,14,23
5,9,18
27,13,33
33,9,50
19,5,22
30,9,39
18,23,55
37,3,60
38,2,31
21,2,21
27,15,52
32,1,17
8,21,31
20,13,23
12,15,21
17,17,25
13,18,26
39,1,60
2,21,31
15,15,22
7,8,15
30,10,47
19,22,53
31,10,53
23,19,47
20,22,48
19,17,28
56,0,63
1,18,26
62,0,60
19,22,46
29,9,29
30,10,59
29,7,25
1,21,30
27,14,44
23,4,22
17,10,18
35,5,53
35,7,46
19,1,17
8,22,31
21,21,49
1,22,31
35,4,41
18,22,40
63,2,63
18,1,11
24,16,31
8,8,14
27,10,29
25,16,55
38,1,51
33,2,21
29,7,27
38,2,38
29,14,49
2,20,30
20,21,58
8,21,30
34,7,56
24,14,30
5,12,20
37,1,50
39,0,45
30,11,47
30,7,25
32,9,45
33,8,57
32,7,63
9,14,22
1,14,22
11,0,13
35,5,47
38,2,50
23,1,19
28,5,23
25,14,39
9,0,13
35,4,36
16,2,13
28,4,21
16,2,18
17,8,16
33,5,46
10,17,25
35,0,19
5,22,32
5,19,28
20,20,62
23,17,36
27,1,20
13,15,21
33,6,35
21,21,45
37,3,33
2,17,26
26,16,48
20,22,59
27,13,60
27,15,56
20,5,24
38,3,63
34,6,63
15,14,21
36,2,43
18,22,39
18,21,35
18,21,41
30,0,20
28,8,25
8,3,12
4,12,21
17,5,13
61,0,61
26,16,49
39,1,36
29,10,44
3,12,19
27,14,43
18,1,9
30,7,28
40,2,39
10,12,20
20,21,62
40,0,41
38,0,49
25,17,54
28,16,52
1,1,12
34,8,59
5,22,33
17,3,14
28,12,39
29,11,35
10,23,32
35,4,34
7,7,15
35,0,23
8,9,15
36,1,44
27,11,29
32,3,25
39,0,42
18,23,52
22,7,25
8,19,27
41,1,40
27,15,53
21,3,20
17,3,15
28,12,63
30,5,25
35,7,57
23,18,44
7,13,21
30,11,48
14,4,13
26,15,44
37,3,56
25,15,56
31,5,27
34,0,22
11,4,13
8,0,12
15,4,13
27,12,63
36,3,54
35,5,35
33,6,39
27,10,28
13,10,18
17,19,29
31,10,59
34,6,42
23,13,25
38,1,30
23,0,19
19,20,35
21,17,29
63,1,60
22,15,28
5,16,24
37,3,41
21,18,30
61,1,63
29,10,61
39,0,49
22,19,62
27,10,27
4,9,19
3,20,30
32,4,27
25,0,18
5,11,19
29,12,52
30,0,21
18,4,22
37,1,42
20,3,20
7,6,15
14,3,13
24,18,53
32,9,46
24,10,25
16,1,10
28,12,43
31,3,22
34,6,38
26,16,45
18,14,21
36,5,48
18,21,33
35,5,55
4,22,33
28,9,27
24,2,20
37,3,58
28,14,52
27,14,46
3,16,24
23,20,53
22,19,63
33,9,51
16,22,35
22,19,50
27,13,43
7,5,13
41,0,60
14,6,14
25,16,44
11,0,12
19,22,62
25,16,45
39,0,37
15,19,28
21,20,40
29,12,57
25,13,29
26,1,20
2,4,16
20,20,56
26,16,44
22,19,58
29,1,21
25,17,43
28,11,60
14,17,22
63,2,60
35,8,54
24,15,29
32,6,63
18,1,15
15,23,34
23,17,61
27,13,59
23,17,32
5,2,14
39,1,59
38,2,30
4,11,19
26,3,24
8,10,17
18,5,14
9,3,13
31,7,26
1,15,22
33,1,20
28,17,51
14,21,30
25,14,40
8,16,23
29,11,46
37,0,24
14,1,13
36,0,23
24,13,26
10,2,13
24,12,26
19,0,17
36,7,47
28,1,22
39,0,30
3,0,11
30,8,28
33,7,39
25,18,48
6,2,14
1,2,13
7,7,14
26,14,35
18,1,12
32,8,60
6,16,25
13,8,16
31,9,61
20,19,34
0,15,22
32,10,48
10,13,20
31,9,59
24,18,56
29,10,30
16,15,21
28,11,59
15,6,14
28,14,53
36,6,47
11,11,18
18,23,46
22,1,18
29,12,53
35,7,47
14,10,18
27,13,45
22,17,30
26,13,59
6,1,11
22,19,35
34,5,42
21,18,31
9,11,18
36,3,28
28,13,47
19,22,54
30,11,50
13,20,29
20,21,60
4,19,28
28,2,22
35,1,24
39,2,61
37,3,36
14,5,13
35,2,46
4,13,22
18,6,14
10,11,19
31,11,56
38,1,56
38,0,52
18,22,44
34,5,28
22,18,33
34,8,50
38,1,53
37,3,55
1,7,16
4,17,26
1,6,16
3,7,16
24,15,30
32,9,55
18,20,33
27,3,23
18,2,12
24,18,52
10,14,21
35,6,58
18,22,63
33,3,26
30,12,52
32,8,32
3,1,12
37,3,57
6,17,26
22,20,53
27,17,52
4,15,24
31,11,51
13,3,13
23,19,50
33,8,58
33,9,49
1,23,34
8,9,17
33,4,26
37,4,60
35,6,59
26,15,54
8,13,20
24,19,48
14,5,14
34,3,45
27,9,28
25,1,21
33,6,30
30,3,21
1,0,12
30,9,30
34,5,34
24,2,22
24,15,33
32,2,24
18,23,44
38,1,46
37,2,51
40,0,28
30,13,49
19,22,47
2,0,11
21,7,24
22,18,59
24,12,25
42,0,58
36,4,40
19,22,55
35,4,32
6,0,8
5,6,16
32,8,43
28,7,24
31,9,40
23,18,41
32,9,56
39,1,35
4,11,20
37,1,51
2,23,34
20,21,45
34,3,27
37,1,25
13,21,29
13,20,28
16,2,16
11,18,24
39,0,36
31,9,29
25,5,25
17,7,13
37,3,31
33,6,33
38,2,37
30,5,26
9,2,13
36,7,58
35,1,23
31,8,35
7,14,21
8,18,26
39,0,56
1,22,33
36,5,52
24,19,51
22,18,57
21,17,30
25,15,58
17,0,9
42,0,63
27,13,61
19,21,43
10,12,18
2,2,13
6,18,26
3,10,19
36,4,46
25,13,30
14,14,20
0,3,14
21,20,41
23,19,56
37,2,34
34,5,44
9,21,30
6,7,14
12,20,28
35,5,28
24,18,48
24,17,61
26,14,44
27,12,32
33,7,33
13,13,20
19,23,55
18,18,27
4,3,16
12,8,14
21,19,43
31,9,35
15,16,22
6,11,19
37,5,48
9,18,26
22,19,61
57,1,63
14,19,28
25,7,25
33,7,32
19,18,29
38,3,60
21,0,17
35,7,53
4,9,18
41,1,62
28,15,50
35,2,44
31,8,45
11,3,13
19,19,32
19,21,63
21,19,35
0,19,29
29,11,57
25,15,62
21,19,34
26,15,42
0,14,22
34,7,46
32,9,48
35,5,34
24,16,40
25,15,59
39,0,48
30,11,53
4,16,25
22,17,31
24,18,54
24,17,58
10,4,13
38,2,60
31,9,44
39,0,29
31,10,57
24,17,45
33,7,61
13,23,32
31,8,40
23,17,39
26,15,47
37,3,40
29,12,56
25,17,55
19,23,52
22,20,50
0,13,21
26,17,48
11,6,14
29,6,22
32,10,58
56,1,63
37,3,34
21,16,26
29,11,42
0,7,16
26,4,25
26,10,26
29,12,55
27,13,40
15,8,15
32,8,34
10,15,22
30,11,44
14,12,18
40,2,40
2,19,28
27,13,31
31,3,24
37,0,23
6,2,13
2,15,23
26,16,50
32,9,59
63,1,58
28,7,26
23,15,28
37,4,48
37,3,39
21,16,27
34,7,41
26,8,25
28,12,44
25,0,20
14,22,32
4,2,13
60,1,62
19,23,59
18,22,36
16,9,17
30,12,53
7,9,17
34,5,33
4,7,17
38,2,59
32,8,46
24,16,39
16,3,16
34,8,51
20,15,26
22,20,45
19,4,21
3,13,21
22,18,37
19,14,23
16,19,27
21,21,51
29,13,53
2,16,25
24,17,42
14,14,21
37,1,27
0,1,13
30,12,48
40,0,61
20,19,38
31,1,21
9,22,33
17,19,30
6,5,14
20,16,28
25,16,47
34,2,46
17,4,21
35,2,45
22,19,37
26,13,60
25,16,40
13,6,14
1,23,32
28,7,25
38,3,58
20,16,26
38,2,41
25,18,47
13,9,16
25,14,33
17,3,19
58,1,63
20,14,23
18,21,34
37,3,37
38,1,32
17,2,10
1,5,16
5,17,26
13,23,31
36,4,53
35,5,58
18,22,42
18,0,16
38,3,59
21,20,50
34,6,40
39,0,28
35,5,40
6,12,19
25,14,34
36,3,52
32,9,60
63,2,61
28,12,58
19,2,19
32,2,19
26,1,21
