49,22,59
63,16,46
62,23,45
49,23,57
58,20,56
52,18,61
63,21,36
54,23,51
55,22,47
47,22,60
57,21,49
63,19,47
59,21,44
62,22,36
62,23,40
61,20,51
53,19,57
62,10,63
55,15,63
54,15,63
60,22,50
48,21,60
51,20,61
62,17,58
57,21,44
49,19,62
58,23,41
50,18,63
62,23,34
61,21,38
63,23,37
54,23,47
60,11,63
55,17,59
45,22,62
47,21,62
42,21,63
58,19,49
56,19,62
53,16,63
62,17,51
45,21,63
63,18,47
49,18,62
62,17,47
52,20,61
52,19,61
51,20,59
63,13,62
52,23,57
56,21,54
53,22,55
62,13,62
47,22,58
47,20,61
63,20,40
57,14,62
48,21,58
60,19,57
56,12,63
51,20,60
60,16,60
60,23,39
57,22,43
57,20,55
43,22,61
63,18,43
46,22,58
57,11,63
50,23,58
59,20,55
62,13,61
54,18,63
56,18,62
52,21,55
55,13,62
46,22,59
60,21,53
47,21,63
59,22,36
48,18,63
56,18,58
60,21,47
59,20,52
62,16,50
58,13,61
43,23,63
55,21,52
43,23,62
41,22,62
62,20,50
49,18,63
57,23,37
58,19,52
57,22,38
60,18,47
63,17,44
60,18,53
42,22,62
60,21,54
48,21,62
61,18,47
63,19,42
46,23,57
55,22,51
54,22,54
47,21,59
53,23,48
58,19,58
60,22,40
55,22,57
61,22,40
55,22,54
59,19,49
52,21,60
62,18,55
60,18,56
63,18,42
59,22,53
60,18,57
59,23,44
61,10,63
56,11,63
49,23,58
62,20,40
59,21,42
61,20,52
47,21,58
63,17,55
63,15,53
57,20,53
51,22,60
58,19,55
57,12,63
47,20,62
59,19,50
58,20,48
53,22,60
61,17,54
61,22,41
62,19,45
49,19,60
61,19,56
61,16,51
62,20,49
45,22,59
62,20,39
61,21,39
50,20,59
49,22,62
58,11,63
60,19,56
55,22,48
44,23,62
60,23,34
62,18,45
53,18,62
59,22,41
58,21,44
61,19,39
63,22,38
54,21,60
61,22,39
58,18,58
59,23,36
50,22,61
61,19,44
42,23,61
61,21,40
51,16,63
59,20,45
62,17,46
55,12,63
56,18,59
56,20,55
59,23,48
62,23,38
54,23,55
59,14,62
53,20,61
61,18,46
38,23,63
60,18,54
60,23,35
59,12,63
61,21,46
47,19,63
57,21,48
57,23,47
56,22,43
60,20,51
44,22,61
51,21,60
57,23,43
55,18,59
61,15,59
55,16,63
54,19,60
44,23,60
57,21,54
61,21,41
59,21,38
61,21,48
51,18,60
45,23,58
62,22,34
53,17,61
52,17,61
51,23,55
53,21,56
63,14,62
62,19,50
50,17,63
61,20,45
59,17,59
46,23,59
58,19,51
61,18,48
48,21,63
56,12,62
62,14,52
60,20,49
61,19,53
57,17,59
60,20,53
61,20,46
56,22,58
51,19,61
58,20,46
52,22,56
39,23,62
58,20,45
60,13,62
45,21,62
62,18,49
61,19,41
62,21,49
51,23,59
59,11,62
60,17,61
42,23,62
52,23,52
48,22,62
59,16,60
62,16,49
61,22,44
56,17,60
58,18,57
51,21,57
63,17,47
60,20,55
62,21,45
59,21,53
54,18,62
63,19,40
56,22,44
46,20,63
50,23,57
46,21,62
51,18,63
54,19,61
59,18,53
47,22,61
60,20,44
63,21,37
58,17,59
60,15,60
51,19,59
57,13,62
49,23,60
61,19,58
63,14,54
62,17,56
63,16,45
62,21,46
63,23,33
62,18,46
57,23,42
59,20,46
56,18,61
62,15,60
60,20,41
58,20,49
59,14,61
55,23,45
56,14,63
56,20,54
51,21,61
62,14,60
61,20,47
63,18,40
54,23,54
62,17,54
61,19,51
63,14,58
61,19,42
62,21,48
62,18,48
62,22,48
55,18,62
59,20,56
57,23,41
60,22,39
51,21,58
60,22,35
54,23,50
55,20,56
60,23,47
53,22,56
56,21,52
56,21,57
51,17,63
63,18,45
57,15,62
57,20,56
61,23,36
49,20,62
58,12,62
61,17,58
62,21,36
63,19,39
59,23,41
59,20,58
61,18,45
62,22,38
60,17,58
40,22,63
61,21,37
62,21,37
59,19,56
49,23,59
56,19,56
49,21,61
60,15,61
60,19,44
57,21,50
46,23,60
61,22,37
54,17,61
63,12,61
54,22,55
57,16,60
48,23,61
59,18,51
63,15,52
51,22,61
59,22,54
52,19,59
52,22,61
63,20,39
54,23,48
47,22,59
63,21,35
59,11,63
59,18,49
62,19,49
61,19,45
58,23,40
51,18,61
56,23,43
49,23,54
60,22,49
49,22,56
62,23,39
56,20,58
58,19,50
54,17,63
61,17,51
54,16,62
55,21,57
60,17,53
54,19,62
63,16,47
54,18,59
48,23,59
55,21,54
55,14,62
54,21,59
63,10,63
60,21,37
58,19,54
47,23,57
59,12,61
52,22,60
56,19,57
61,23,39
61,20,41
50,19,61
53,18,63
59,19,52
59,20,43
61,12,63
61,14,61
60,20,45
54,18,61
56,22,53
61,16,53
55,22,52
62,20,58
61,16,54
53,23,55
59,19,51
60,20,48
59,13,61
62,17,59
58,21,48
47,22,57
63,18,44
62,19,48
50,20,62
50,19,62
61,16,52
60,20,42
60,23,48
53,15,63
62,17,50
58,20,58
59,18,52
59,20,49
62,20,38
44,23,63
50,19,59
53,23,51
55,16,62
63,17,42
58,16,59
62,20,42
57,13,61
59,21,52
55,19,57
63,13,60
51,20,57
59,20,48
45,22,63
62,17,55
63,16,57
52,16,62
49,19,61
49,20,59
51,17,61
60,16,61
46,21,60
54,19,63
50,23,55
52,21,58
58,22,39
59,20,44
62,18,44
57,16,61
55,23,55
60,22,36
58,23,44
62,22,35
62,21,44
60,18,51
60,10,63
41,23,62
61,21,45
53,19,60
61,20,38
61,17,55
60,18,59
61,20,50
50,20,63
61,23,41
59,19,46
63,22,37
56,21,53
58,22,41
63,16,56
63,15,58
57,20,48
61,17,57
55,19,58
54,20,59
56,20,56
52,23,59
62,20,37
61,20,40
53,23,54
54,23,53
60,21,52
62,18,43
62,12,61
52,23,54
54,20,58
54,22,56
62,23,36
59,20,53
58,14,62
54,19,58
60,18,52
63,23,35
45,23,62
61,20,42
60,21,43
45,23,59
48,22,58
63,14,51
60,19,47
41,23,61
61,19,50
61,23,40
62,19,47
60,19,51
54,19,59
55,15,62
61,16,58
51,20,58
63,17,46
58,11,62
60,16,62
45,21,61
60,22,41
62,19,41
62,16,59
62,19,57
60,22,47
62,16,57
54,17,62
51,23,58
59,19,45
63,13,59
63,17,57
60,14,61
59,21,58
46,21,63
51,23,56
59,18,58
52,22,55
63,11,62
58,23,37
59,18,59
50,20,61
55,23,43
52,20,60
52,19,60
60,22,44
60,21,44
62,17,49
62,20,45
62,18,42
61,20,39
59,19,57
62,19,44
62,17,44
52,22,58
43,23,61
59,21,59
59,20,42
60,22,53
53,17,62
63,15,51
53,20,60
59,18,56
53,23,56
47,21,60
48,22,57
62,14,61
57,23,40
59,16,61
56,22,56
61,17,50
61,21,44
59,19,47
55,22,50
50,23,54
60,23,41
60,18,49
57,21,57
57,22,41
63,12,60
61,12,62
57,22,57
58,21,41
60,14,62
53,18,61
46,23,61
62,22,40
58,21,53
60,20,47
58,19,48
61,17,48
63,14,49
58,20,44
63,22,36
46,20,62
40,23,63
49,19,63
55,14,63
60,21,50
50,21,59
56,21,51
55,23,49
63,22,34
59,17,58
63,19,41
55,18,60
44,21,63
62,19,51
59,10,63
61,23,43
61,17,49
60,18,50
60,23,44
63,19,45
58,21,42
62,23,33
60,15,62
62,12,62
59,21,39
58,15,61
63,17,49
52,23,53
61,22,43
48,20,63
47,23,60
63,17,48
60,20,39
51,22,56
63,16,50
60,23,40
63,16,54
48,20,60
59,22,48
54,13,63
54,21,56
63,18,41
62,17,57
63,19,38
63,14,59
58,16,61
63,22,39
47,23,61
63,21,41
50,18,60
60,19,50
63,14,50
50,19,60
58,20,54
61,21,43
60,21,41
61,18,43
45,23,57
49,21,58
62,15,59
59,23,40
56,15,62
50,23,56
52,20,59
51,23,60
63,17,45
52,23,60
59,21,46
62,18,56
56,20,57
60,11,62
58,20,47
62,15,53
60,21,58
57,20,50
59,19,53
63,16,55
48,23,57
61,20,44
43,23,60
62,19,55
58,19,57
62,19,40
46,22,62
54,22,51
42,23,63
61,20,55
62,15,58
53,16,61
57,22,58
53,23,53
62,16,53
56,15,61
58,19,56
61,15,60
62,21,38
63,18,46
58,21,52
60,19,55
58,23,39
63,18,48
61,21,36
49,21,57
56,18,60
60,22,48
60,22,45
58,20,51
41,23,63
52,21,57
49,23,56
59,20,50
55,23,46
54,20,60
46,23,56
61,18,56
56,16,61
63,14,52
56,22,47
43,22,62
54,19,57
55,23,42
45,23,61
62,22,41
53,23,49
57,20,54
53,20,58
63,18,56
52,19,58
49,22,58
59,22,40
51,19,60
52,23,56
63,20,37
56,23,39
53,21,60
58,21,43
58,17,58
60,21,38
63,20,36
59,21,54
49,21,63
62,16,52
56,23,45
54,21,55
54,22,52
61,17,52
53,18,60
59,18,54
52,23,58
44,23,59
50,21,61
62,19,42
59,21,41
44,23,58
57,23,46
45,20,63
61,19,55
63,14,53
57,21,51
51,23,57
61,18,50
61,22,36
57,22,47
50,18,61
47,21,61
61,21,50
50,21,57
54,23,52
55,23,47
51,21,59
52,18,59
63,18,57
53,23,59
45,22,60
58,23,43
56,16,62
61,18,57
50,20,58
49,20,63
63,16,44
57,20,49
51,22,57
52,18,62
58,21,39
63,15,54
57,22,39
60,20,46
62,21,41
63,21,39
56,19,61
51,22,59
60,20,50
45,22,61
57,23,39
49,23,55
46,21,61
63,18,49
61,18,52
57,22,48
57,20,52
60,17,57
57,22,40
52,23,55
57,19,57
59,20,47
60,19,48
55,23,50
59,19,54
50,18,62
57,23,45
58,21,46
61,19,46
53,19,59
54,18,58
60,18,48
62,18,47
60,21,48
62,19,58
55,21,56
58,12,61
63,16,58
46,22,61
60,19,58
57,19,58
60,12,62
61,23,44
47,23,62
51,23,54
56,23,42
55,17,61
48,22,61
56,22,49
56,22,51
55,18,58
61,17,56
56,23,55
59,19,55
63,15,57
53,20,57
57,22,42
62,22,39
60,21,36
42,22,63
55,23,53
55,23,44
56,23,48
60,20,54
60,19,53
62,15,52
49,19,59
52,19,62
48,22,56
46,22,57
59,22,39
60,19,46
50,21,60
52,22,59
56,22,50
58,23,42
47,22,62
61,11,63
60,18,60
62,16,51
50,22,60
63,23,36
54,16,61
47,23,56
40,23,62
57,21,46
60,21,40
49,22,57
43,22,63
57,21,53
58,19,59
62,22,44
63,20,42
63,22,35
56,23,56
52,17,62
54,23,49
61,18,44
63,19,46
58,22,43
60,20,57
59,12,62
63,16,48
56,22,55
62,18,54
58,22,44
61,23,45
48,20,61
57,21,45
60,19,43
55,22,53
55,21,53
62,18,50
63,9,63
55,18,61
49,21,59
52,20,57
63,21,38
54,21,58
63,11,63
43,21,63
49,21,62
51,17,62
61,19,52
51,21,56
62,17,43
57,21,52
60,17,54
48,22,60
59,20,57
50,23,60
62,21,39
57,21,58
51,23,53
61,20,48
47,20,63
60,18,58
60,17,52
59,21,40
50,22,62
59,22,43
60,21,46
59,21,47
48,23,56
57,18,58
62,16,58
53,23,50
59,22,47
59,21,43
56,19,58
48,19,63
54,16,63
62,17,60
55,12,62
63,14,61
41,22,63
61,13,62
52,16,63
53,17,63
59,20,54
61,18,58
56,22,57
54,22,53
55,23,48
52,21,61
60,20,56
53,23,52
56,21,50
60,20,38
55,21,55
59,15,62
59,18,50
62,11,63
45,23,63
57,19,56
60,21,39
50,22,57
53,21,59
50,22,55
57,20,51
58,23,38
62,15,54
52,15,63
53,19,62
61,20,43
62,21,40
61,19,47
48,19,62
62,15,50
58,14,61
48,23,58
57,23,44
62,22,45
61,14,60
56,13,63
59,13,62
54,14,63
54,18,60
57,15,61
61,20,37
56,17,62
56,21,56
47,22,63
53,20,56
62,16,54
53,17,60
61,18,55
59,22,37
56,22,45
52,18,60
56,23,46
62,14,59
58,21,47
44,22,63
60,17,62
50,17,62
57,23,48
60,17,51
60,17,59
54,21,57
61,19,48
48,23,60
52,22,54
60,19,45
59,20,59
60,22,37
62,17,48
56,17,61
53,19,58
60,12,63
59,22,38
60,14,60
63,21,42
59,18,60
59,21,48
44,22,62
39,23,63
60,20,40
46,23,58
53,22,54
63,20,41
50,20,60
48,22,59
47,20,60
59,19,58
54,23,46
48,20,62
61,18,54
63,17,43
55,16,61
57,21,47
49,23,61
50,21,62
60,13,61
60,20,43
60,19,52
56,23,40
55,23,52
57,14,61
62,15,61
61,19,54
59,22,44
58,22,38
57,17,60
55,22,55
60,19,54
54,20,56
46,22,60
48,19,61
63,15,49
58,13,62
51,18,62
63,15,48
56,23,44
55,13,63
45,23,60
52,21,59
56,20,53
52,20,58
60,20,58
56,13,62
61,15,61
49,22,60
62,17,52
49,21,60
55,17,60
57,22,46
56,22,46
63,16,49
60,18,55
58,17,60
48,20,59
46,22,63
59,21,37
55,20,57
62,20,48
58,22,37
61,19,40
60,21,55
54,21,54
51,22,55
62,18,51
58,10,63
60,23,36
53,16,62
52,22,57
63,18,39
56,14,62
58,12,63
56,21,55
63,20,38
62,20,41
53,21,55
53,23,60
62,19,39
63,13,61
60,16,59
57,20,57
37,23,63
62,19,38
58,20,50
59,15,60
63,23,34
58,20,55
61,16,59
48,21,59
63,17,56
61,13,61
59,19,48
55,22,56
53,22,57
62,19,46
46,23,62
62,15,51
44,23,61
61,19,43
54,15,62
62,18,57
47,23,58
58,23,45
49,22,61
58,22,42
55,17,62
62,16,60
60,18,46
58,21,38
59,22,52
62,23,35
61,16,61
61,19,49
54,17,60
61,18,51
58,22,40
50,22,56
59,15,61
47,23,59
50,22,58
62,20,44
57,22,45
62,17,45
60,19,59
48,23,55
62,22,49
63,15,50
56,23,57
56,23,41
57,18,59
59,19,59
62,13,60
63,12,62
57,18,57
61,17,53
58,20,53
61,21,49
59,18,57
56,16,60
60,22,43
61,23,34
54,20,57
61,18,49
62,23,37
62,19,43
58,20,52
56,23,58
57,22,44
53,21,57
53,18,59
60,21,42
60,19,49
55,23,56
56,17,59
61,22,38
50,21,58
56,21,49
53,20,59
61,22,35
61,20,49
54,12,63
59,23,37
61,22,45
58,21,50
59,16,59
57,12,62
61,23,35
62,18,58
50,22,59
59,18,55
49,20,60
49,20,61
58,21,45
51,22,58
56,21,58
62,11,62
58,19,53
53,22,59
60,21,49
61,22,49
57,23,38
53,23,57
56,22,48
56,21,48
52,21,56
55,22,49
58,16,60
60,20,52
53,19,61
