26,20,2
29,23,9
49,14,0
63,22,13
48,18,3
48,22,9
41,21,5
50,15,0
41,23,10
40,18,0
34,21,5
57,22,10
7,19,2
56,15,2
62,23,15
57,18,0
9,19,2
0,21,5
24,20,3
46,17,0
54,18,4
51,16,1
56,15,1
4,20,4
28,19,1
24,20,4
36,18,1
32,20,4
45,22,7
45,18,1
56,17,5
63,22,10
49,15,1
59,23,13
6,21,5
27,22,7
8,19,1
14,21,4
62,17,5
13,21,4
17,18,0
13,20,4
53,23,10
63,22,12
11,17,0
51,23,11
17,22,6
56,16,0
36,22,7
57,19,0
57,17,2
11,20,2
44,19,2
62,22,14
40,20,3
59,19,2
57,17,3
63,23,13
26,20,3
25,21,6
53,16,0
54,22,9
13,22,6
18,21,5
57,21,9
58,19,6
31,18,0
19,17,0
20,20,3
53,15,1
48,18,2
24,21,4
13,18,0
52,18,4
16,23,8
43,23,10
27,20,4
33,17,0
26,18,0
5,22,5
62,18,3
11,22,5
62,16,3
49,21,7
5,23,7
11,21,5
54,22,11
9,21,4
14,23,7
58,18,5
38,17,0
28,22,7
23,23,7
18,20,4
21,22,7
13,19,2
51,16,2
34,20,5
57,18,1
40,18,1
19,21,5
27,21,5
62,16,1
25,23,8
42,18,0
53,14,0
19,21,6
29,19,2
44,17,1
54,17,4
55,21,10
62,20,10
21,20,3
33,20,4
48,23,8
63,22,14
55,16,2
28,17,0
11,20,3
42,19,3
6,23,7
41,20,4
56,16,4
4,22,6
7,23,6
23,19,3
45,18,0
60,20,10
56,17,1
2,21,5
62,18,2
63,21,11
49,18,4
53,15,0
46,23,6
17,17,0
63,17,5
4,23,7
47,23,9
23,19,1
33,20,5
63,18,3
58,21,11
22,23,8
33,23,8
48,21,7
56,23,13
13,22,5
38,22,8
51,23,10
23,23,8
52,15,1
54,21,7
57,16,0
59,17,5
56,17,0
63,17,0
58,16,1
11,22,7
1,18,0
17,19,1
60,20,7
33,18,0
53,17,1
45,23,10
25,20,4
58,17,4
31,23,7
54,16,3
6,18,0
32,18,1
39,22,8
0,19,1
45,22,8
24,23,8
44,21,4
57,18,6
27,19,1
52,21,7
33,21,5
19,19,1
26,21,5
61,16,0
31,23,9
58,17,3
60,20,1
15,21,4
60,18,6
50,15,1
36,23,9
30,22,6
59,15,0
61,19,6
25,21,5
54,23,13
32,18,2
32,21,5
53,18,4
44,18,1
31,21,5
44,20,5
36,21,6
7,21,4
48,20,5
35,23,9
54,16,0
19,23,8
45,19,2
34,18,0
0,20,2
36,21,5
23,20,3
8,20,2
62,21,11
60,15,1
15,20,3
58,16,3
43,22,7
6,23,6
7,22,5
17,19,3
49,23,10
43,23,9
18,17,0
48,21,8
31,19,1
62,17,3
46,18,3
5,18,0
50,16,3
59,20,9
40,22,8
25,19,1
38,23,9
54,16,1
47,21,7
58,21,10
39,22,7
62,21,12
7,21,3
28,19,2
21,19,2
57,23,12
39,21,6
45,22,5
57,23,14
44,22,9
23,21,6
16,21,6
59,21,8
59,19,1
18,21,4
59,16,0
48,16,1
61,19,2
58,22,9
52,23,12
27,23,8
61,20,9
63,22,9
52,19,6
18,18,1
43,18,0
18,20,2
62,23,13
55,15,0
12,23,7
53,16,2
60,17,3
43,18,1
47,23,10
25,22,7
12,22,5
7,19,1
39,21,5
18,22,7
35,21,5
24,19,1
4,21,3
38,22,6
47,19,4
57,21,8
62,23,14
27,19,2
30,17,0
15,19,1
41,22,7
55,22,11
46,20,4
47,17,1
5,20,4
59,21,10
46,16,0
61,22,11
26,19,2
24,19,3
2,21,4
47,22,6
38,20,5
62,18,8
58,16,4
1,20,3
15,20,4
48,22,7
11,21,4
18,19,1
37,19,3
11,22,6
37,18,2
52,20,7
26,20,4
56,23,12
33,19,2
36,19,2
20,18,1
48,21,6
47,18,4
12,23,8
43,21,7
62,17,0
24,22,6
48,15,1
31,21,6
7,18,0
63,16,5
62,22,13
0,19,2
55,15,2
21,19,3
52,18,3
27,23,7
59,21,9
26,23,7
7,18,1
53,23,12
1,23,7
23,20,4
52,19,4
47,21,8
33,19,3
31,22,6
63,16,2
17,21,5
25,19,3
39,20,4
57,18,5
26,18,1
15,21,6
26,19,3
58,23,12
60,16,1
32,22,6
47,19,5
63,22,11
44,19,3
40,22,7
51,22,9
53,21,9
6,18,1
45,23,8
12,20,2
52,17,2
50,22,10
55,20,8
21,17,0
63,17,6
46,20,5
44,22,8
55,14,1
61,18,1
0,23,7
51,15,2
16,21,5
40,19,2
44,22,6
52,22,9
53,22,9
61,17,2
61,16,4
32,19,2
20,19,3
62,18,6
9,22,6
33,23,9
50,18,4
60,17,2
46,21,7
45,19,0
60,17,4
30,23,7
57,17,1
51,19,5
27,17,0
42,20,4
42,20,5
20,18,0
51,19,4
16,17,0
43,19,4
50,16,2
53,19,6
51,21,8
59,18,3
46,22,7
49,20,5
27,18,2
56,18,3
56,18,0
1,23,6
59,18,5
23,18,0
27,20,3
28,18,1
62,16,0
40,19,3
8,22,6
50,19,4
3,19,1
40,18,2
28,23,8
60,16,3
62,16,2
6,20,2
5,18,1
12,19,1
45,22,9
50,23,11
12,22,6
35,19,3
56,22,10
63,17,7
62,21,8
47,17,3
31,23,8
25,17,0
44,20,6
37,18,1
44,18,0
55,18,4
35,21,6
6,22,5
61,15,0
8,18,1
49,23,11
9,20,2
30,19,3
63,16,4
57,16,2
46,22,9
1,19,2
38,19,3
61,21,11
32,17,0
15,22,7
45,20,0
53,17,3
61,23,15
61,17,3
41,23,9
35,22,7
45,23,9
61,19,7
54,18,5
13,22,7
56,20,6
25,20,2
24,22,7
45,23,6
63,16,3
13,20,3
30,18,1
62,23,10
15,17,0
34,23,8
10,23,8
62,19,4
40,19,4
30,21,4
63,20,5
2,21,3
59,18,1
53,14,1
52,20,6
55,22,10
60,18,4
32,19,3
8,21,4
11,23,8
5,21,5
59,17,2
31,22,7
56,16,1
31,20,3
46,23,9
52,23,10
39,23,8
40,21,7
41,22,8
55,17,3
25,22,5
23,22,5
1,19,0
54,22,10
1,22,5
18,20,3
37,19,2
44,18,2
22,18,1
54,19,5
28,20,4
20,20,4
6,21,4
10,18,0
30,19,2
44,21,6
61,17,1
54,20,6
15,22,5
36,18,0
38,20,3
36,18,2
29,21,6
0,18,1
51,23,8
57,19,7
26,23,8
29,18,1
51,20,7
58,16,0
54,14,0
38,18,2
61,17,5
39,19,3
42,21,5
34,18,1
60,21,11
25,20,3
61,17,4
59,17,3
43,18,2
45,17,0
55,15,1
36,23,8
47,20,5
62,18,7
47,15,0
10,20,4
63,18,1
23,22,7
41,18,2
10,20,2
35,22,6
52,14,0
54,20,7
41,21,6
52,21,8
44,23,9
63,20,9
30,20,4
8,18,0
47,22,9
39,18,2
32,21,4
3,20,3
60,19,6
45,23,7
7,20,2
22,21,4
55,17,4
63,23,15
16,19,2
44,23,6
30,18,2
31,19,3
29,18,0
55,16,3
44,21,5
9,22,5
52,19,5
4,20,2
1,23,8
41,19,2
60,18,1
50,22,8
59,22,11
36,22,8
27,22,6
47,22,8
47,16,0
33,18,1
51,17,3
12,22,7
5,19,1
56,17,2
63,19,4
17,20,4
59,22,9
2,22,5
59,22,13
59,19,7
26,17,0
6,23,8
22,17,0
56,20,7
31,18,1
15,18,0
50,18,5
50,23,8
59,22,10
43,20,0
26,21,4
37,21,6
33,22,6
62,19,8
22,21,6
43,17,1
59,18,6
21,22,6
48,23,9
24,18,0
30,23,8
47,23,8
7,20,4
21,21,4
1,19,1
0,21,3
55,16,0
5,23,6
28,22,6
26,21,6
45,20,1
48,22,8
9,20,4
54,23,11
54,23,10
46,21,8
40,21,5
62,17,6
42,21,7
45,20,6
10,21,4
55,14,0
62,23,11
37,20,5
62,18,0
50,17,3
62,17,2
32,21,6
51,15,1
37,20,4
32,22,7
23,18,1
60,22,12
35,20,5
63,23,14
14,20,3
62,18,1
32,19,1
23,23,9
11,18,1
30,18,0
48,19,4
48,16,2
52,21,9
5,21,3
16,22,5
39,18,1
3,19,2
31,19,2
42,21,6
46,22,8
42,22,7
61,18,2
29,21,4
31,17,0
41,19,3
34,19,3
62,19,5
49,19,4
29,22,6
57,20,8
43,21,6
63,19,6
20,22,5
46,21,6
4,20,3
39,20,3
53,16,1
44,23,10
56,16,2
54,17,0
51,16,3
56,21,8
1,20,4
42,18,2
60,23,15
0,20,3
59,17,0
43,22,9
10,19,1
50,17,4
62,22,11
62,22,10
37,22,7
45,16,0
14,18,0
52,16,3
51,22,8
20,19,2
51,23,9
60,22,11
17,19,2
17,23,7
63,18,8
5,23,8
15,18,1
12,20,4
53,21,8
14,18,1
57,22,11
29,22,7
24,20,2
62,18,5
35,18,2
6,19,1
35,23,8
18,19,2
3,21,4
34,17,0
42,19,2
59,21,11
44,17,0
1,22,6
1,20,2
3,22,6
56,17,3
59,23,14
63,23,10
27,18,1
41,18,1
29,20,2
49,21,8
19,19,2
47,18,3
53,19,5
2,18,1
53,22,11
14,19,1
46,23,8
61,16,2
34,20,3
16,18,0
10,22,7
8,20,3
56,22,11
16,20,3
50,18,3
30,21,5
62,16,4
40,17,0
51,22,10
10,21,5
63,19,5
28,20,3
25,18,0
45,18,3
59,16,2
63,19,7
63,23,16
50,23,9
15,21,5
52,16,0
61,23,14
35,21,4
55,21,9
60,20,8
51,14,0
8,23,8
26,19,1
60,23,13
6,19,2
14,22,5
55,20,6
23,21,4
32,18,0
60,17,0
5,20,2
58,21,8
62,23,12
59,17,4
57,15,3
7,21,5
60,21,10
8,21,5
2,19,2
18,23,8
47,19,3
37,18,0
51,15,0
46,20,6
46,17,1
14,19,2
62,19,6
38,18,1
53,20,7
15,23,7
58,15,1
34,21,6
53,17,0
36,17,0
13,19,1
11,19,2
21,18,1
28,21,4
37,21,5
54,21,8
41,20,5
60,23,14
19,22,7
4,18,0
50,21,7
30,21,6
2,20,3
53,23,11
38,18,0
35,19,2
36,20,3
37,23,8
8,20,4
29,20,3
43,19,3
58,19,7
62,17,4
55,17,0
62,21,9
58,15,2
21,22,5
2,18,0
35,19,1
61,20,10
24,17,0
37,22,8
55,16,1
22,23,7
15,22,6
20,17,0
10,22,5
4,23,8
61,18,5
50,23,10
49,20,6
17,22,7
63,18,5
40,23,10
48,17,2
18,23,7
56,21,10
32,23,8
7,23,8
3,20,4
60,22,13
57,15,2
53,18,5
42,18,1
17,18,1
22,21,5
52,15,0
60,20,9
49,19,5
57,20,9
44,21,0
60,21,9
39,22,6
57,16,1
47,17,2
49,16,1
43,20,6
0,22,5
36,20,5
24,21,5
3,22,5
14,20,2
50,19,5
38,20,4
44,21,7
3,21,5
10,19,2
19,19,3
20,21,5
36,20,4
44,19,1
15,20,2
58,20,8
13,18,1
17,23,8
58,23,13
52,22,10
48,23,10
12,17,0
16,20,4
59,18,2
49,19,3
44,23,5
47,21,6
42,19,4
8,23,6
57,17,0
55,23,12
28,19,3
55,19,6
19,18,0
44,19,4
50,17,2
57,16,4
62,16,5
47,23,7
0,23,6
49,20,7
21,18,0
20,19,1
57,15,0
45,19,4
51,18,3
14,23,8
14,21,5
32,23,9
61,16,3
13,21,5
35,18,0
46,19,3
56,17,4
46,17,2
25,19,2
63,17,2
14,19,3
13,23,8
51,20,6
62,22,8
45,21,5
22,18,0
3,18,1
10,20,3
29,17,0
49,18,3
2,23,6
9,21,5
52,23,11
18,22,6
35,20,4
24,23,7
16,19,1
63,17,4
20,21,4
52,20,5
16,22,6
52,14,1
37,17,0
27,21,4
14,22,7
52,17,0
46,23,10
60,19,1
54,23,12
18,18,0
41,17,0
58,22,10
4,23,6
45,20,4
43,21,5
55,19,5
40,23,9
61,20,8
10,18,1
53,17,4
33,23,7
4,21,5
47,18,2
39,20,5
49,17,2
38,22,7
16,23,7
44,22,5
62,19,7
62,20,9
33,20,3
19,22,6
60,19,7
6,20,3
44,20,4
11,20,4
60,16,4
63,21,10
12,21,4
25,23,7
2,20,2
48,17,1
57,22,12
21,23,7
15,19,3
61,22,12
46,18,2
55,23,13
32,23,7
3,23,6
51,21,7
33,18,2
42,22,8
10,23,7
40,21,6
43,17,0
33,21,6
56,15,0
62,17,1
31,21,4
22,19,1
54,17,3
58,22,12
17,21,4
60,23,12
46,23,7
14,22,6
42,22,9
3,20,2
0,21,4
27,18,0
63,17,1
44,19,0
30,20,3
43,20,5
19,20,4
48,16,0
62,18,4
61,21,10
53,15,2
54,18,0
63,21,9
54,16,2
50,21,8
22,22,6
20,22,7
41,18,0
56,16,3
15,19,2
34,23,7
49,22,10
26,22,6
60,17,5
52,16,2
47,23,11
47,16,1
59,23,12
56,14,1
7,23,7
50,20,7
60,16,0
48,15,0
57,20,7
63,18,4
41,21,7
1,18,1
5,21,4
29,19,3
9,23,7
11,23,7
29,21,5
59,20,8
48,19,5
54,15,1
26,22,7
54,14,1
35,17,0
34,22,6
16,21,4
18,21,6
63,18,0
59,19,6
45,20,5
63,19,8
63,23,11
37,20,3
58,20,7
22,20,3
39,19,2
37,23,9
8,23,7
56,18,1
6,22,6
18,22,5
1,21,5
35,18,1
49,22,9
44,20,0
54,15,2
31,20,4
13,23,7
54,19,6
2,22,6
61,23,13
45,17,1
0,18,0
48,23,11
49,17,3
61,15,1
59,22,12
12,18,0
45,22,6
7,20,3
20,22,6
58,20,9
40,23,8
16,19,3
25,22,6
40,20,5
45,21,7
57,21,10
60,19,8
23,21,5
34,22,7
17,21,6
2,23,7
17,20,3
50,22,9
39,18,0
12,18,1
19,18,1
50,16,1
55,23,11
52,15,2
57,19,6
0,22,6
63,18,6
20,23,7
55,20,7
59,16,4
46,22,6
23,17,0
58,17,0
2,19,1
29,20,4
55,21,8
27,19,3
43,20,4
60,18,2
42,17,0
49,15,0
61,18,6
29,20,5
57,17,5
1,21,4
20,23,8
61,17,0
63,21,12
54,21,9
45,21,6
11,19,1
51,17,2
28,21,6
45,18,2
36,19,3
24,19,2
33,22,7
19,23,7
28,21,5
9,19,1
47,20,6
27,21,6
37,22,6
63,16,0
48,17,3
57,17,4
46,16,1
60,20,2
22,22,5
55,18,0
45,23,11
42,23,9
59,15,2
63,16,1
53,16,3
44,20,1
48,20,6
10,22,6
63,20,10
5,19,2
42,23,10
21,23,8
57,18,2
52,22,8
63,18,7
56,22,12
11,18,0
55,18,1
60,18,3
57,18,3
63,17,3
56,19,0
7,22,6
57,14,0
25,21,4
57,16,3
15,23,8
9,20,3
51,16,0
23,19,2
61,16,1
16,22,7
58,21,9
62,22,12
21,21,5
3,23,8
20,21,6
8,19,2
4,22,5
59,16,1
56,19,7
56,14,0
58,17,5
30,22,7
60,23,11
57,23,13
55,22,9
43,22,8
5,20,3
58,16,2
19,20,3
62,19,0
3,23,7
14,20,4
55,18,5
63,19,9
24,21,6
12,21,5
28,23,7
58,22,11
62,21,10
52,17,3
49,16,2
60,15,0
22,19,2
40,20,4
62,22,9
51,23,12
0,23,8
56,18,6
34,23,9
56,20,8
60,18,5
44,22,7
59,16,3
4,19,1
18,19,3
50,20,6
12,20,3
21,20,4
60,17,1
58,23,14
30,23,9
32,20,3
9,18,0
60,16,2
2,20,4
43,19,0
45,19,1
8,22,5
45,19,3
54,15,0
34,19,1
61,19,8
2,23,8
5,22,6
56,21,9
41,19,4
13,17,0
38,19,2
55,17,1
48,18,4
56,18,2
6,20,4
58,18,6
56,18,5
43,19,2
60,15,2
55,21,6
53,21,7
22,22,7
39,17,0
21,18,2
21,21,6
23,22,6
53,22,10
59,20,7
61,18,3
50,14,0
25,18,1
34,19,2
16,18,1
41,23,8
9,18,1
38,21,5
62,20,8
38,23,8
29,23,7
12,19,2
45,23,5
14,17,0
58,15,0
60,19,2
35,20,3
4,18,1
46,19,4
38,21,6
4,19,2
34,20,4
9,23,6
49,22,8
57,15,1
53,20,6
22,19,3
3,18,0
29,23,8
4,21,4
56,19,6
59,15,1
36,22,6
24,18,1
9,23,8
39,23,9
51,18,4
22,20,4
61,22,13
28,18,0
19,21,4
