6,18,45
7,14,34
33,7,8
48,14,15
41,12,14
13,15,16
22,11,59
26,14,63
0,18,23
36,15,35
28,8,24
5,18,63
21,12,13
22,10,45
6,19,54
57,9,5
24,10,17
35,11,19
63,13,11
17,13,56
21,11,18
39,15,27
31,14,53
17,12,57
32,14,52
9,16,62
25,13,63
40,12,17
14,13,34
17,12,59
32,11,26
22,11,57
23,8,29
26,8,31
2,5,7
31,6,14
28,8,9
30,13,48
25,5,1
46,6,2
31,15,61
8,16,59
51,14,14
23,10,40
42,11,11
0,20,29
36,16,38
9,17,25
34,17,56
10,13,32
9,18,55
43,21,50
2,8,8
38,20,61
32,12,38
12,16,59
43,21,52
15,15,41
45,19,31
10,17,21
61,12,9
16,9,5
61,16,18
27,9,33
49,21,37
3,17,28
36,18,60
34,10,17
14,7,6
33,16,60
16,14,21
21,10,57
21,12,48
0,21,59
59,21,29
40,18,48
21,11,27
15,12,7
20,11,56
23,9,37
35,10,16
27,9,37
62,10,4
55,13,11
35,14,40
2,20,55
16,13,43
3,18,40
45,21,48
17,13,43
45,18,37
13,15,46
11,14,29
26,8,2
29,8,23
15,14,20
31,11,28
32,13,39
42,19,47
26,8,17
63,15,16
36,16,47
42,22,62
1,19,30
45,13,14
60,23,35
6,15,34
53,18,25
9,16,37
61,15,15
26,0,0
43,9,7
9,17,60
15,16,50
0,9,8
4,16,31
39,17,41
17,12,23
10,16,39
59,9,3
21,10,22
61,21,30
19,12,37
45,18,31
50,18,26
50,21,37
49,8,4
40,15,26
0,21,62
58,16,19
2,14,14
6,17,41
46,17,25
5,16,33
28,8,8
33,17,61
37,16,43
35,15,42
26,10,45
31,15,58
9,17,50
14,14,62
16,13,57
42,12,14
52,19,26
0,19,26
13,13,7
9,7,6
35,13,26
2,16,36
46,23,59
49,16,21
2,19,42
32,16,58
63,16,16
41,11,11
51,19,26
43,22,61
0,17,22
26,8,27
32,12,33
13,15,30
19,12,46
37,10,17
5,18,23
11,15,57
28,12,41
9,17,43
37,15,26
8,17,39
19,6,4
49,20,35
11,16,39
51,23,43
45,22,53
14,15,15
22,10,51
38,12,20
35,10,18
28,8,13
22,11,7
24,10,25
52,14,16
18,12,54
32,8,19
33,15,56
32,17,63
14,5,5
44,10,7
20,12,18
22,11,19
23,9,22
42,8,4
24,10,42
9,17,21
6,17,27
50,20,33
27,8,19
56,20,26
9,15,27
2,14,12
39,18,46
61,15,14
14,3,5
20,12,37
52,16,18
36,12,19
17,13,46
15,14,9
17,13,17
48,23,49
8,16,38
6,16,33
6,3,5
35,13,32
52,15,17
52,9,5
20,11,43
41,10,9
10,17,57
44,21,55
54,16,17
13,13,27
52,8,5
26,9,8
45,23,56
0,19,29
28,8,16
15,13,24
55,18,24
29,7,2
25,9,7
46,8,4
22,9,31
13,11,6
13,16,26
42,7,1
19,7,4
3,14,11
13,15,25
6,19,57
19,11,57
48,23,50
0,19,31
2,0,4
21,1,3
25,10,53
10,17,24
18,12,7
40,10,10
22,11,61
24,9,40
8,17,51
39,16,38
15,13,23
56,23,34
34,6,4
0,20,45
16,12,33
13,15,43
24,8,24
37,12,19
15,14,49
32,12,31
29,13,46
50,9,6
44,21,50
42,14,23
31,13,32
2,9,9
20,13,51
57,18,20
7,15,33
7,0,4
32,9,23
21,12,47
10,16,59
33,7,9
23,10,35
37,18,46
48,7,3
37,8,6
45,21,50
57,20,28
11,17,15
60,9,3
1,19,40
46,16,22
39,10,12
8,16,63
10,15,25
58,21,27
9,17,55
30,12,30
9,16,61
29,12,51
2,14,13
21,11,62
34,7,5
29,7,9
7,16,28
35,15,46
54,20,29
5,20,49
14,1,4
8,2,4
4,20,52
25,12,62
37,9,12
19,9,4
29,16,55
62,22,30
39,17,46
9,14,32
47,13,14
28,8,15
23,10,52
22,11,9
52,19,28
50,13,13
1,15,16
28,7,1
24,9,48
34,14,44
53,13,12
26,8,22
54,18,19
14,13,25
47,21,44
29,11,44
32,16,47
41,8,3
57,8,2
10,17,32
31,13,33
48,20,39
60,15,14
13,16,43
17,13,59
29,10,37
7,7,5
9,20,47
24,6,2
31,11,26
35,10,15
43,9,6
17,12,61
5,16,36
33,13,42
44,9,4
45,14,16
34,15,51
38,17,48
4,2,4
42,12,13
41,19,48
27,8,14
16,8,6
43,16,28
34,15,36
52,14,14
44,7,2
20,12,12
21,9,31
30,11,37
24,10,49
37,13,28
44,23,61
15,13,56
57,16,18
5,2,4
56,7,1
1,20,48
58,22,31
34,8,14
13,14,37
38,15,35
12,15,26
3,6,7
21,13,7
44,22,55
8,18,50
63,8,2
21,11,57
29,6,4
15,14,40
29,7,11
9,17,16
47,19,34
16,14,25
62,12,9
55,16,18
21,11,41
12,16,50
48,18,28
22,10,16
6,12,8
12,15,44
33,14,42
19,10,33
5,15,11
50,20,36
17,14,17
5,17,37
6,19,53
22,13,8
6,6,6
15,13,61
55,10,6
6,18,16
44,17,26
4,1,4
24,13,63
36,13,29
36,10,14
16,14,15
35,16,52
21,10,27
31,15,57
21,11,19
38,11,13
20,11,42
35,11,18
13,15,41
13,15,42
15,14,37
40,19,50
16,16,26
42,10,8
21,11,14
4,16,34
21,11,36
53,22,34
51,6,2
5,14,12
15,15,30
39,19,52
51,17,21
7,18,26
46,23,61
24,11,57
1,20,46
51,12,10
14,14,23
14,14,30
37,16,46
13,16,31
59,11,9
22,10,59
38,14,31
21,11,48
47,9,5
38,15,38
38,15,31
17,13,44
8,18,18
14,12,30
21,11,20
16,13,50
24,10,14
35,18,63
59,21,28
15,14,57
10,16,57
27,10,42
31,14,50
26,2,1
12,13,29
22,9,33
13,16,42
17,4,4
3,20,44
58,22,33
44,18,36
31,11,35
62,14,14
16,13,53
44,22,60
20,11,19
25,12,58
18,13,42
25,9,38
14,7,5
21,11,9
42,8,5
8,16,13
42,15,27
36,17,56
16,7,5
44,8,3
28,7,18
11,16,50
35,12,26
17,12,20
31,10,28
33,5,2
22,11,58
3,19,42
37,17,44
42,17,39
4,18,30
22,11,50
30,15,59
34,13,37
29,14,58
25,12,12
11,16,20
6,17,58
2,10,9
20,6,4
31,14,57
44,20,50
40,9,6
37,13,26
57,9,4
32,13,40
39,15,34
2,13,12
27,8,25
30,12,41
25,9,3
21,11,45
16,14,23
2,19,28
7,17,25
6,2,4
16,12,7
18,12,42
5,17,38
28,10,31
25,9,18
63,19,25
2,15,16
54,9,4
4,18,41
31,8,21
32,12,29
6,19,58
8,9,7
41,8,5
50,20,34
54,19,24
49,12,11
36,6,1
15,13,60
48,22,48
16,15,26
33,12,33
5,19,46
32,11,31
31,10,25
47,6,1
29,14,55
38,14,27
55,9,4
44,16,24
9,17,24
41,14,19
11,16,21
48,23,56
32,14,45
23,9,21
39,12,19
26,8,14
18,10,31
59,10,5
15,13,22
6,18,62
40,21,62
36,15,46
29,11,42
16,13,36
36,13,19
44,22,57
19,12,5
19,10,31
12,16,46
55,23,35
49,13,14
44,18,33
43,18,42
54,14,13
8,3,5
37,18,45
26,9,46
33,8,11
39,19,59
39,18,48
24,9,25
33,7,12
46,22,50
63,7,1
10,15,62
9,17,54
13,9,5
30,15,57
27,10,20
39,13,21
9,18,43
21,13,51
21,12,44
44,17,25
11,16,44
22,11,17
37,10,10
45,12,12
41,11,10
45,19,34
6,18,29
26,12,55
59,15,15
2,20,60
16,15,46
32,11,25
19,12,30
11,13,31
9,17,41
0,17,20
2,18,39
7,17,20
43,21,59
36,12,24
56,18,21
6,15,35
37,19,60
49,12,12
26,13,61
22,11,48
7,16,31
46,14,15
10,8,6
19,10,5
21,12,9
8,14,31
3,17,19
59,17,19
59,12,10
2,20,56
43,18,41
43,16,20
61,20,25
0,11,12
37,13,20
28,7,16
39,7,1
1,19,44
14,14,29
46,12,12
17,10,31
23,12,8
16,12,24
39,14,29
9,8,6
38,17,42
23,9,38
21,10,59
49,9,7
13,13,32
52,23,42
2,17,31
43,21,54
25,9,44
61,23,34
48,9,6
18,14,45
16,13,42
43,15,23
15,6,5
47,16,21
13,15,53
45,18,30
21,10,34
6,18,17
60,21,27
9,17,45
42,15,24
35,7,6
4,19,57
14,12,31
37,15,40
40,18,45
19,12,9
12,16,54
3,19,24
28,15,63
3,16,17
31,14,56
23,13,17
22,10,40
6,18,27
8,18,46
1,4,7
29,11,46
20,11,53
29,7,0
47,19,33
49,5,0
18,12,46
24,11,9
7,17,28
29,10,38
19,12,36
48,21,38
51,23,47
18,4,4
31,16,62
13,17,58
61,16,17
38,13,24
9,17,56
16,14,22
45,8,3
63,18,23
23,9,31
2,20,53
22,9,23
50,5,0
2,19,24
15,13,28
50,20,32
54,12,11
6,18,20
31,7,16
27,8,7
25,12,59
15,14,58
60,23,32
28,10,44
43,19,40
2,20,50
8,17,53
36,8,9
56,11,7
10,16,54
57,19,24
29,11,45
12,14,63
32,6,10
25,13,62
44,17,28
19,12,20
16,13,41
57,23,34
59,16,19
58,11,9
38,12,16
13,5,5
52,23,38
42,21,58
60,17,20
62,23,32
3,19,56
36,13,30
25,9,5
41,17,37
33,16,55
16,15,47
16,13,58
16,13,48
19,12,18
4,17,31
6,18,28
18,12,57
49,16,19
55,17,20
8,17,22
16,12,25
60,17,21
33,8,14
36,14,32
56,10,6
40,20,62
13,15,40
42,20,52
27,10,45
28,7,11
8,19,47
33,9,19
44,9,5
28,10,39
24,9,34
27,14,63
10,17,15
18,13,14
18,2,3
51,14,16
15,13,30
27,10,39
28,14,61
10,17,59
54,18,18
8,2,5
27,9,25
21,10,33
22,10,49
21,11,56
43,20,51
19,14,17
21,10,23
42,13,17
32,12,30
63,10,5
63,13,10
29,7,18
14,14,48
7,14,35
27,12,41
27,15,63
8,7,5
37,13,25
6,18,52
58,23,35
27,8,15
55,9,5
9,15,35
7,18,19
14,14,25
54,8,3
4,16,30
1,12,11
26,9,29
21,11,59
12,16,45
49,20,32
60,22,30
39,12,18
52,16,19
11,16,40
56,22,33
37,17,50
26,10,42
2,19,22
22,13,16
7,17,29
57,22,31
23,12,16
20,11,37
40,16,36
39,13,18
55,19,20
22,10,54
22,9,3
24,11,8
27,12,49
41,17,38
12,16,23
11,13,7
30,5,3
26,12,54
12,13,31
39,17,48
6,8,7
28,13,51
20,11,41
22,10,21
55,8,2
43,22,60
16,13,20
37,18,59
25,9,37
39,10,9
3,19,44
52,13,12
4,15,14
8,17,60
61,19,25
35,9,16
19,12,59
17,11,30
9,16,27
37,18,57
26,8,5
11,16,27
42,20,56
33,12,26
20,11,59
31,15,56
44,12,14
12,6,5
31,15,48
20,11,31
55,21,32
32,9,19
33,14,38
11,16,48
8,17,17
6,18,22
40,11,15
20,11,36
23,10,34
50,8,5
56,20,27
55,12,9
7,19,25
30,6,10
34,7,6
22,12,8
8,16,32
15,13,37
51,23,41
53,12,10
38,13,22
32,7,12
20,12,40
49,14,15
19,11,5
15,12,33
18,13,18
61,17,20
46,20,43
51,9,6
36,12,26
51,9,5
49,8,5
25,7,24
23,11,46
32,15,43
8,17,26
52,8,4
18,13,19
61,19,24
36,12,23
34,15,44
38,6,0
45,17,25
0,12,14
32,6,4
8,16,60
48,10,8
36,9,9
23,9,4
55,18,23
1,19,33
37,17,54
23,10,7
53,6,1
15,14,38
10,15,26
4,18,43
55,15,17
60,16,16
1,20,28
11,16,57
35,15,50
17,13,28
3,7,6
9,19,47
2,6,8
21,8,3
32,17,61
2,19,56
32,6,12
31,14,43
39,15,26
25,8,34
43,18,37
1,17,35
17,11,28
14,8,5
55,22,35
10,17,50
29,7,19
7,15,34
17,15,17
44,18,34
21,6,3
38,17,44
11,16,41
42,10,7
14,14,41
0,20,63
21,12,7
24,8,25
16,13,55
22,10,27
11,7,5
3,20,52
13,14,38
10,17,17
42,16,26
8,4,5
46,9,5
61,7,1
27,9,10
5,19,61
31,16,61
1,18,23
3,20,57
20,12,39
8,18,43
28,12,48
62,15,16
46,6,1
39,20,60
21,11,11
25,9,17
39,18,53
22,11,45
43,9,5
58,8,1
2,16,18
32,17,62
21,11,10
22,11,40
62,20,27
33,6,5
46,8,5
8,17,63
58,18,21
38,14,30
7,17,58
39,17,39
48,18,30
22,11,34
20,11,44
53,13,13
38,18,55
59,15,17
29,13,37
35,16,37
40,11,14
57,12,10
49,22,43
30,13,51
14,14,56
3,17,40
29,15,59
20,12,31
38,18,51
62,16,18
56,9,4
56,19,24
49,10,7
9,20,42
23,11,34
6,19,51
49,16,20
6,10,7
54,20,30
60,17,19
18,14,30
21,12,51
50,21,36
24,9,36
2,18,22
55,18,21
49,10,8
25,10,50
7,18,57
38,19,59
16,13,37
34,17,57
33,14,44
24,11,58
16,12,26
38,14,24
32,15,45
15,12,35
15,12,31
29,10,39
8,15,33
2,7,7
13,15,61
46,19,32
25,9,10
25,11,55
10,16,32
45,20,46
12,16,20
58,8,3
44,15,22
41,19,50
20,12,14
22,11,41
4,19,61
37,9,11
16,13,46
22,11,27
3,12,10
28,14,55
8,0,4
9,3,5
4,6,5
2,20,62
38,19,61
8,16,28
30,11,31
45,16,24
56,22,31
45,6,1
20,12,45
34,11,25
3,4,6
37,15,38
45,22,57
18,12,24
23,10,51
52,23,41
19,12,39
56,17,19
28,10,36
4,18,25
7,17,42
30,14,58
7,14,11
13,15,23
32,16,62
2,19,23
13,15,19
13,16,58
15,12,34
24,9,22
40,6,0
48,20,37
1,20,26
35,7,5
24,10,41
40,16,33
49,7,2
44,22,54
22,11,51
14,13,62
18,13,54
57,11,8
54,9,6
34,6,6
19,13,45
0,18,21
6,19,27
30,15,61
31,9,20
26,12,57
20,11,15
58,7,1
38,17,50
31,12,41
18,13,47
0,19,33
27,9,20
13,17,59
6,18,26
13,15,60
11,10,6
13,7,6
13,10,5
35,14,33
13,15,14
10,16,49
11,13,32
0,20,55
43,15,25
59,12,9
27,8,16
10,16,48
23,10,39
13,15,57
28,7,9
5,16,13
14,14,22
18,10,32
8,18,17
35,8,12
56,16,18
40,8,5
39,19,53
26,9,33
10,15,31
23,11,10
17,13,51
49,18,26
16,14,20
17,13,11
31,6,3
48,17,26
12,16,17
45,19,38
52,20,32
11,16,31
24,8,26
17,11,32
26,8,16
59,19,23
13,14,8
2,2,6
47,22,46
31,16,60
25,10,45
13,14,26
22,1,3
12,16,42
39,8,3
5,14,10
10,17,58
31,14,48
21,11,53
60,19,24
22,12,27
26,9,14
8,16,24
36,9,12
0,17,36
44,10,6
10,14,31
11,3,5
43,16,25
47,18,29
19,11,6
1,16,17
30,6,6
14,13,28
30,9,21
23,10,43
1,20,60
58,16,18
44,8,4
35,10,19
44,11,11
57,22,33
22,10,32
51,7,1
18,12,28
10,6,6
32,7,9
17,15,46
31,6,8
28,9,30
7,4,5
1,18,20
16,14,19
8,16,29
45,16,23
56,12,11
15,11,31
8,14,10
23,10,37
5,11,7
2,4,5
33,11,29
4,18,44
41,18,40
24,10,50
32,13,32
1,20,49
38,15,36
49,23,48
29,10,33
30,9,22
4,18,21
16,14,39
37,15,39
47,14,17
16,13,22
57,13,11
26,8,38
15,5,5
40,18,46
30,11,35
15,15,15
10,16,11
20,13,10
46,22,49
19,12,56
35,15,48
12,15,23
46,19,37
1,9,8
27,7,18
33,14,33
13,15,11
13,15,58
36,12,20
52,17,21
40,16,32
34,18,63
7,16,27
46,23,62
20,12,48
28,9,27
31,9,23
19,12,53
61,23,33
34,7,4
60,18,22
57,19,26
51,21,35
37,17,48
13,13,35
6,11,8
36,7,6
16,14,11
1,17,19
12,13,30
9,16,56
13,15,21
31,9,21
31,16,47
26,8,13
59,9,5
22,11,46
47,13,13
1,0,5
59,23,35
19,10,32
7,17,26
18,13,57
61,12,10
3,18,31
25,10,15
42,11,9
10,16,22
2,18,27
47,9,6
0,17,21
3,20,50
7,18,46
3,18,41
10,16,33
20,11,62
33,11,27
30,7,11
22,7,3
35,12,23
0,20,53
54,14,15
5,16,32
43,17,34
14,14,37
43,19,46
33,12,27
2,15,14
16,12,34
49,15,16
5,19,56
24,10,45
17,13,27
13,13,28
41,23,62
51,19,29
38,15,21
44,21,49
5,0,4
24,10,21
27,14,55
7,18,59
43,11,12
5,19,21
40,7,3
11,17,31
8,1,4
40,11,9
23,10,33
9,11,8
42,18,38
37,11,20
53,10,8
19,11,31
42,21,62
37,18,53
19,13,55
51,11,8
24,9,14
10,16,41
30,13,52
13,15,12
41,13,20
27,9,42
2,19,43
4,17,33
6,15,32
48,22,47
14,14,54
30,6,8
39,19,60
16,2,4
45,23,61
16,13,45
51,21,38
42,9,4
11,15,39
43,10,9
27,10,37
44,18,39
0,3,7
7,18,25
21,11,31
38,16,35
62,23,34
34,7,8
28,13,40
59,17,21
4,18,18
16,14,49
2,18,32
28,10,35
16,13,23
46,22,55
10,16,55
5,19,54
47,7,2
6,18,60
42,15,20
33,14,50
23,10,16
24,10,24
12,15,30
11,15,22
32,13,44
44,19,40
23,10,54
35,16,53
28,8,17
26,3,0
17,13,55
21,9,30
45,13,15
4,17,32
11,14,27
12,15,10
35,14,37
14,14,42
49,19,32
43,7,2
23,10,45
36,17,52
13,16,15
41,10,8
8,9,6
3,14,12
21,12,26
25,8,36
7,7,6
0,6,8
52,22,39
36,15,37
12,14,36
44,6,1
44,15,20
60,10,5
10,17,41
16,13,35
34,12,25
60,15,15
19,13,14
29,13,56
43,17,35
29,10,27
58,15,16
28,8,4
34,12,24
22,10,55
11,14,32
32,7,10
3,20,59
27,8,24
1,20,53
60,12,10
5,4,5
51,15,18
44,16,21
34,13,33
26,10,44
53,19,28
34,14,26
23,14,17
27,16,61
61,18,23
47,23,50
39,9,6
24,10,44
42,17,36
1,11,12
29,14,59
43,16,29
14,15,47
18,8,5
40,19,54
48,22,43
14,15,45
39,16,32
8,18,49
5,19,57
25,11,21
42,13,11
17,12,6
23,10,8
43,19,43
29,13,49
48,14,17
31,12,45
47,19,36
61,23,32
42,14,19
23,2,2
31,12,39
40,16,29
15,15,61
4,16,35
12,14,30
36,15,43
1,21,27
25,10,12
10,16,58
3,6,6
15,14,39
8,18,53
33,12,32
24,9,35
60,9,4
46,19,36
20,12,22
23,9,26
41,15,24
37,14,19
20,3,4
29,13,53
36,12,15
8,18,57
0,17,39
12,14,33
18,13,11
21,11,43
62,17,19
34,16,52
7,18,52
13,16,30
16,13,19
50,22,44
45,12,11
19,13,7
63,12,8
5,16,29
27,9,18
59,18,22
50,6,0
52,18,22
29,14,46
3,10,8
20,12,20
32,8,14
12,16,22
55,20,26
5,19,50
23,11,60
39,13,24
10,17,20
17,13,47
19,10,30
43,8,4
50,18,27
43,15,20
12,18,41
41,19,49
48,18,26
14,15,54
38,16,46
34,13,39
4,19,51
14,13,26
2,11,11
30,12,32
62,10,5
32,10,21
15,14,51
6,19,28
3,14,14
29,16,61
48,22,49
14,14,49
44,22,56
37,15,37
18,13,16
3,16,37
36,16,53
37,17,47
26,9,35
32,14,33
36,12,21
17,13,12
34,15,38
19,13,47
31,13,41
61,17,21
38,10,9
33,16,56
41,14,15
34,6,5
34,14,25
57,23,35
1,13,13
22,12,9
60,18,21
32,14,50
30,11,36
6,18,19
17,13,53
50,16,20
9,16,20
35,16,50
34,13,34
25,10,49
31,16,59
1,18,41
10,16,17
26,11,56
4,13,11
11,7,6
25,10,9
33,17,59
5,18,48
10,17,13
23,7,3
28,13,53
31,6,7
5,18,60
27,12,53
46,19,40
34,9,15
25,7,25
32,12,36
2,16,35
44,20,48
2,1,4
59,9,4
55,21,29
3,7,7
27,9,32
15,15,51
32,12,39
29,7,21
48,22,41
35,9,10
26,11,52
48,17,21
28,12,39
6,16,36
25,9,48
10,18,16
21,9,32
44,18,32
15,2,4
23,12,63
35,16,54
3,19,57
20,12,41
3,16,16
7,5,5
22,10,26
49,19,29
24,10,11
1,20,52
10,16,42
27,7,2
28,7,5
0,19,28
2,17,37
59,21,30
36,11,17
14,4,5
63,21,28
10,15,30
23,9,3
54,8,4
49,19,31
35,14,39
31,15,44
22,3,3
23,13,7
3,15,14
29,7,15
52,20,30
22,12,7
23,10,17
6,14,10
3,13,10
14,14,46
19,13,15
19,13,48
46,8,3
32,10,26
42,16,29
39,15,33
42,17,32
38,8,3
34,13,25
16,12,29
10,17,27
29,14,56
28,13,55
8,19,25
0,5,7
46,9,7
50,21,38
20,10,4
5,18,42
51,17,23
28,9,29
24,2,2
38,18,46
40,13,20
1,17,21
10,14,32
50,22,42
12,15,54
42,17,31
23,9,28
53,7,2
30,10,28
48,17,22
24,9,33
46,21,46
16,13,40
22,9,24
39,19,61
42,17,34
21,8,4
16,15,17
27,11,39
54,10,8
37,19,61
47,12,11
38,18,47
44,15,23
12,15,39
48,11,10
44,20,42
24,0,1
26,8,29
22,10,36
49,15,18
17,13,60
0,20,59
20,12,8
16,13,59
54,6,1
23,10,47
49,11,8
35,14,35
20,11,57
45,20,44
49,6,2
40,18,49
10,16,61
26,11,53
22,11,15
9,14,10
29,10,34
25,9,43
18,13,13
10,15,27
59,21,27
24,12,63
0,17,19
15,14,42
18,13,41
35,9,13
11,17,16
5,17,17
41,16,27
6,17,25
30,8,20
17,13,18
38,13,26
47,16,22
32,11,30
38,19,62
26,7,2
61,11,8
31,12,37
56,16,19
32,14,47
19,11,29
18,11,26
35,15,41
21,11,38
29,13,51
50,19,29
21,13,52
25,10,48
59,8,3
63,17,18
34,17,59
20,12,51
31,5,9
27,8,12
59,19,24
0,21,52
52,14,13
63,9,3
35,6,0
2,19,41
7,17,39
50,23,43
59,11,7
20,10,28
31,15,47
9,15,36
33,7,6
11,15,36
32,9,20
32,11,29
20,4,4
39,11,15
9,15,31
19,12,27
29,13,47
34,16,47
4,0,3
10,17,46
14,16,50
9,14,35
21,13,8
48,10,7
5,4,4
28,13,54
31,10,24
34,8,13
54,16,19
54,23,39
21,11,24
32,15,58
26,12,53
20,11,29
30,14,52
6,12,9
52,21,32
34,8,15
11,16,61
58,13,10
9,16,41
33,6,9
3,19,23
21,11,15
16,13,49
11,0,4
27,7,19
18,12,51
22,10,20
61,22,30
32,15,56
63,19,24
62,16,16
29,10,36
40,17,37
47,14,15
36,15,33
25,8,25
32,7,15
51,20,30
33,8,13
8,3,4
9,0,4
3,15,16
47,20,36
2,18,19
15,12,32
54,19,19
29,7,7
21,11,44
36,14,33
52,5,0
14,9,5
0,16,17
51,15,17
28,9,28
14,14,31
15,15,45
31,5,5
13,16,13
55,21,30
23,10,20
43,7,3
40,13,19
11,14,34
13,15,39
10,17,49
10,14,9
20,9,4
29,6,8
25,9,47
8,16,30
14,15,30
41,16,35
31,14,42
24,8,23
59,13,10
24,11,40
22,5,3
23,10,25
39,13,23
6,16,13
37,9,8
30,7,19
38,12,22
36,14,29
37,15,35
49,15,17
42,12,11
56,18,23
34,14,42
47,16,19
46,23,58
35,17,59
24,10,51
62,7,1
28,15,56
2,19,40
48,13,15
1,15,17
22,11,47
63,23,32
16,14,18
41,17,27
27,7,20
14,15,20
3,19,49
34,17,60
62,13,12
26,8,10
35,15,39
53,8,4
8,17,38
14,13,33
17,8,5
11,17,44
5,1,4
29,6,5
49,13,13
16,14,41
37,10,13
27,10,47
3,12,9
16,13,60
40,13,17
48,16,19
16,13,39
45,18,33
30,15,63
8,16,25
6,18,46
2,20,51
14,13,63
25,8,29
33,12,25
16,13,26
16,12,35
39,14,26
2,18,28
5,19,55
28,7,17
15,14,45
36,7,4
7,18,24
23,9,32
15,13,59
47,22,50
33,9,16
13,15,24
51,22,42
21,14,8
8,12,9
34,17,62
18,12,22
44,15,21
1,19,61
25,9,9
20,12,46
53,9,5
43,14,16
6,9,6
29,11,40
53,19,27
26,8,0
54,17,18
46,22,52
12,14,61
5,19,62
46,22,53
33,10,20
32,15,59
12,1,4
5,19,59
43,17,26
20,10,29
37,7,2
24,10,52
48,16,20
41,16,29
44,10,8
33,7,10
41,16,31
19,11,33
34,16,57
39,17,49
16,3,5
31,12,46
54,22,33
32,13,48
61,11,7
33,13,44
17,13,52
13,13,34
2,17,38
19,11,30
41,18,42
13,15,22
32,8,15
16,14,52
0,19,23
17,15,25
35,5,1
22,12,12
39,11,13
3,19,53
29,7,1
42,18,42
43,20,54
19,12,13
7,17,62
34,8,11
59,15,16
21,10,32
42,20,51
24,12,62
6,3,4
24,9,41
56,19,26
10,15,28
7,16,32
42,13,16
9,5,5
30,8,19
47,22,52
45,23,57
30,5,7
10,11,7
20,11,20
2,17,32
55,7,2
44,20,44
43,20,50
55,22,34
50,15,17
43,18,35
34,13,26
5,19,60
15,14,44
57,11,7
18,13,9
37,11,16
29,13,50
14,12,7
24,12,59
53,22,38
18,13,21
55,13,13
37,8,8
60,16,19
25,11,19
20,3,3
12,18,59
47,5,0
19,13,10
47,6,2
47,15,19
25,10,47
12,15,63
14,14,19
47,15,18
13,12,33
13,16,16
53,16,20
6,19,43
12,2,4
32,13,43
29,11,41
29,13,54
38,10,10
36,16,48
57,20,26
1,19,43
60,7,0
41,20,58
16,14,12
45,11,10
57,7,1
17,13,16
40,12,14
58,13,11
15,13,21
44,17,29
37,14,26
29,11,35
20,10,32
10,16,13
18,12,50
22,10,56
9,17,29
35,11,24
19,12,19
60,14,14
24,11,18
10,16,56
26,10,46
32,14,46
15,14,30
57,18,23
37,19,62
28,7,6
28,13,50
9,11,7
41,15,27
49,6,1
20,12,11
18,13,53
12,16,16
36,10,15
27,12,56
6,18,59
34,12,30
16,14,53
2,19,33
24,7,2
16,11,33
37,18,62
30,15,55
12,15,17
45,7,1
52,20,33
42,18,45
8,17,48
37,15,34
46,11,10
26,9,18
33,5,4
1,20,33
15,10,6
12,14,26
18,12,26
38,11,14
50,16,18
33,15,51
25,12,60
34,14,35
33,10,24
35,9,12
62,9,2
15,13,58
43,10,7
33,6,4
2,6,7
27,11,46
13,14,35
30,10,31
26,8,4
34,14,46
9,15,12
39,18,55
19,14,13
19,13,8
6,17,60
55,17,21
42,15,25
9,17,20
12,15,53
11,11,6
52,13,14
37,19,58
4,18,58
18,14,46
17,16,46
10,13,8
33,15,49
20,11,24
54,22,36
42,11,10
6,0,5
16,13,51
40,21,63
21,10,29
30,6,13
41,19,54
26,12,52
5,0,3
41,13,15
18,6,4
28,14,56
33,14,26
5,18,47
12,15,43
14,13,23
24,9,16
22,11,44
19,12,14
28,12,49
28,10,42
7,18,60
25,9,40
14,14,55
10,13,33
25,10,54
36,14,30
27,7,24
39,17,40
1,18,21
15,14,61
31,12,36
11,13,9
28,10,38
53,21,34
7,18,23
10,16,44
23,0,2
20,13,11
31,10,26
53,17,20
35,15,40
51,8,4
46,5,0
34,9,17
31,15,59
40,15,31
44,22,58
28,7,4
28,9,25
33,13,25
54,7,2
1,19,24
27,16,62
51,12,12
28,7,2
6,2,5
45,20,47
10,15,37
41,16,32
51,22,39
5,19,52
0,17,37
27,8,8
3,13,11
13,15,51
40,20,58
0,19,30
39,15,25
30,6,14
24,9,37
22,11,8
16,16,18
47,23,56
39,15,30
19,12,58
2,19,25
54,22,35
51,13,14
7,19,51
52,23,39
32,7,11
46,16,24
47,8,5
11,16,19
19,12,23
18,12,29
19,11,37
40,12,15
18,13,40
39,15,32
37,8,4
0,19,40
43,19,44
48,18,25
40,17,38
17,0,3
17,15,26
38,7,4
46,18,34
7,18,42
57,17,21
55,18,22
47,7,3
44,9,7
27,9,27
60,13,10
5,16,34
18,11,31
31,6,9
22,0,3
17,12,58
25,11,57
48,21,39
23,10,14
0,19,34
5,11,8
39,18,51
4,18,29
52,21,35
14,15,12
32,11,27
16,4,5
48,18,29
1,19,62
24,8,3
8,17,18
38,16,40
12,18,58
36,15,19
23,8,31
5,17,32
17,14,25
14,15,39
29,7,14
60,13,12
12,14,28
24,12,61
43,8,3
11,11,7
3,8,6
11,14,8
48,11,8
26,8,1
27,9,19
46,23,52
11,16,26
29,7,20
36,7,2
30,15,56
5,6,6
59,20,26
31,11,27
33,14,40
57,20,27
25,7,2
6,17,40
20,12,13
36,14,35
24,10,10
14,15,41
31,12,38
7,17,23
5,18,28
28,8,26
13,2,4
32,14,51
38,10,14
9,16,22
45,19,39
3,18,19
18,9,5
61,22,31
31,14,47
24,5,2
29,11,34
46,13,15
42,9,7
27,8,5
50,23,45
5,18,20
45,19,36
34,14,40
15,14,52
52,15,18
62,11,7
32,6,5
55,14,13
36,18,56
43,20,48
49,23,46
44,18,31
15,14,11
35,17,60
28,7,13
19,15,13
14,15,51
18,12,48
16,15,25
27,9,30
13,15,26
60,18,23
6,0,4
36,10,12
12,12,33
59,22,32
11,16,22
46,6,0
6,12,7
9,15,30
24,12,8
21,12,53
38,15,29
47,10,9
34,5,0
20,15,52
26,8,39
9,16,33
40,15,28
53,16,19
47,21,40
39,16,37
42,21,57
6,17,23
1,18,33
62,17,18
8,17,40
2,18,40
53,20,30
27,9,36
31,11,34
46,19,39
25,11,51
14,14,17
10,17,44
37,14,29
37,12,21
44,22,53
9,17,40
32,13,31
22,10,39
42,21,59
47,8,4
26,9,13
0,18,32
51,6,0
0,16,18
27,9,15
13,15,17
29,14,57
46,15,19
26,8,24
48,12,12
4,20,49
47,22,53
20,11,28
15,15,49
9,15,37
36,17,45
13,13,8
39,10,11
16,13,16
41,20,60
52,6,0
5,18,24
29,11,38
18,12,37
32,13,42
30,12,29
24,12,17
38,20,62
47,17,21
18,7,4
11,15,37
21,11,39
47,23,51
8,17,44
31,13,37
28,11,44
50,7,3
31,6,0
51,18,24
60,8,3
33,14,43
7,8,7
27,11,41
8,20,47
44,16,22
47,20,35
26,4,0
8,18,23
19,14,14
39,7,2
36,15,38
58,20,25
10,16,26
12,16,13
63,14,13
7,17,38
45,21,49
59,11,8
48,22,45
50,10,8
27,8,9
36,11,15
2,3,7
21,10,25
20,4,3
55,23,38
62,16,17
2,1,5
47,12,13
22,10,17
3,20,55
13,15,31
23,11,11
17,14,26
25,9,42
9,10,7
4,18,20
51,16,18
3,18,24
24,8,32
17,13,25
18,12,18
51,8,5
4,14,13
1,10,8
27,8,21
48,23,54
14,15,49
53,21,35
11,17,14
49,10,6
28,8,23
47,10,7
9,20,46
52,18,24
61,20,27
3,19,59
41,20,55
48,20,35
23,11,40
20,12,44
49,11,10
16,13,18
20,14,13
1,20,45
49,20,36
40,9,8
51,18,22
27,17,61
4,16,14
35,18,59
15,3,5
1,16,18
15,1,4
8,18,51
13,14,59
2,18,25
0,11,11
8,10,8
35,18,62
36,14,34
39,8,5
27,11,47
1,20,61
11,12,6
29,9,25
58,11,7
18,13,30
54,21,32
17,13,39
19,12,45
35,15,45
33,13,38
61,8,1
29,9,24
31,13,44
7,18,45
8,14,11
0,21,58
54,8,2
49,18,25
40,9,5
50,8,4
3,19,46
54,10,6
24,9,47
4,5,6
0,20,28
39,19,56
21,11,6
62,11,6
30,6,5
58,21,28
38,16,34
41,15,15
7,16,63
0,19,24
0,17,35
26,3,2
16,14,47
25,9,21
33,13,43
41,19,52
25,8,32
12,14,62
42,21,56
16,16,17
8,17,20
38,8,5
11,15,21
15,13,27
19,3,3
17,13,26
57,23,36
6,19,50
16,14,40
58,23,33
1,1,6
16,14,8
15,15,10
6,17,38
9,17,23
50,15,18
19,10,28
36,9,8
4,7,6
54,11,10
19,12,12
30,12,49
46,18,31
44,17,21
33,7,13
1,14,14
50,22,37
19,13,9
32,6,8
45,20,42
38,17,43
37,8,3
0,20,47
10,16,40
45,21,47
45,21,52
4,18,26
16,13,8
45,14,17
0,21,27
27,10,31
5,9,6
27,10,34
44,17,20
8,8,5
34,13,38
24,9,42
38,15,22
4,19,63
28,9,32
23,10,38
30,7,17
38,19,57
61,15,16
40,15,27
48,14,14
0,20,56
24,9,11
46,9,6
14,15,17
3,17,29
61,17,19
24,10,12
35,8,9
5,11,6
24,9,26
46,11,8
63,9,4
24,1,2
0,18,41
42,17,38
40,19,57
61,11,6
8,18,59
7,18,22
32,12,35
24,13,62
56,17,20
0,8,8
42,9,6
48,21,34
54,22,32
3,0,4
52,12,10
8,17,41
1,7,8
46,21,49
17,14,16
35,17,58
15,14,46
11,14,30
24,9,38
34,7,9
40,16,25
33,9,18
27,12,38
28,12,38
29,15,56
27,13,61
13,11,7
63,18,20
15,0,4
35,10,21
44,8,5
7,17,43
27,13,60
26,11,55
16,11,32
29,12,48
46,15,17
50,12,11
45,23,60
5,16,35
36,15,42
40,20,61
57,17,19
11,15,62
13,15,54
1,17,18
20,11,46
12,7,5
56,17,18
35,12,27
46,23,60
63,21,27
62,21,28
58,21,30
45,9,6
37,18,60
41,17,34
30,10,27
54,7,1
28,7,8
20,12,6
12,15,21
27,8,26
11,14,28
23,12,7
54,18,23
15,14,18
33,13,33
0,19,41
28,9,34
27,10,40
43,20,52
0,19,35
14,14,51
14,14,50
8,17,29
12,16,52
24,11,24
36,7,3
30,6,17
26,9,10
46,16,21
53,19,26
24,10,43
20,12,7
2,20,61
13,14,36
18,13,46
12,13,32
24,9,32
6,17,39
44,14,18
41,10,7
8,18,48
6,18,49
47,22,51
8,18,19
20,12,49
41,21,61
46,18,26
41,15,23
37,19,63
11,16,59
22,11,62
41,19,51
18,13,55
36,15,34
26,4,1
27,17,62
24,10,22
2,20,47
12,15,57
18,12,55
18,12,19
28,7,7
33,16,57
9,17,52
44,18,37
56,14,13
20,15,13
8,18,25
13,15,55
15,14,43
8,16,31
41,17,39
28,11,46
9,16,59
10,15,11
21,10,20
58,12,10
56,7,0
27,12,52
28,7,22
6,18,18
9,14,9
56,12,9
35,14,41
9,16,60
9,17,51
1,19,26
34,17,61
49,9,5
56,9,5
18,13,43
48,11,9
59,17,20
41,16,28
30,6,4
10,16,31
39,20,62
30,8,22
38,7,1
6,19,49
32,5,6
28,15,61
2,17,39
29,7,8
25,8,26
25,8,37
5,20,50
38,17,47
7,1,5
36,9,14
57,21,31
44,19,37
2,19,32
18,13,44
11,16,17
21,7,3
38,19,58
36,13,28
27,9,29
17,12,29
1,13,14
38,11,17
22,10,3
15,13,20
44,20,47
42,21,54
36,16,49
2,18,34
37,13,29
21,11,23
45,20,45
17,13,20
39,17,42
4,19,59
11,15,28
49,7,3
49,22,46
13,12,32
19,12,31
43,22,62
32,6,9
50,13,14
40,14,22
29,15,60
25,9,46
45,10,8
35,9,15
11,2,5
12,15,59
36,11,22
45,22,50
41,16,25
27,7,3
31,15,43
17,12,24
38,7,2
4,10,8
3,18,39
31,12,33
32,15,57
4,16,37
40,11,12
52,10,7
45,22,52
37,13,19
14,2,4
53,23,39
34,16,54
18,13,22
27,8,27
51,21,37
2,14,15
34,12,31
13,15,37
61,14,12
31,15,60
45,18,32
45,20,41
48,22,44
15,4,5
42,7,3
41,17,40
31,13,43
22,10,37
23,10,15
5,18,53
49,21,41
46,23,54
30,11,38
28,12,47
31,11,32
30,13,50
31,11,31
51,11,10
25,10,46
48,22,50
62,14,13
1,20,54
29,6,6
1,6,7
56,15,15
20,13,12
30,13,54
26,2,0
17,11,33
6,17,14
38,8,4
29,12,45
37,17,52
0,18,34
6,18,51
39,9,5
61,21,29
14,14,45
30,8,21
31,11,36
4,15,12
62,18,22
24,0,2
56,10,5
26,8,34
26,3,1
36,11,18
63,11,7
21,11,60
19,11,35
41,17,26
12,12,7
28,11,43
59,23,34
52,12,12
22,11,56
25,10,43
41,21,63
14,14,20
38,15,37
58,10,5
12,16,51
47,17,27
12,13,33
5,18,21
13,15,52
35,14,38
16,14,43
8,17,59
6,5,6
17,13,13
20,11,60
56,13,11
45,18,29
18,12,36
27,11,52
60,19,23
12,15,38
12,15,58
18,13,56
4,17,40
47,21,41
32,7,14
3,20,47
10,13,7
57,7,2
13,3,4
20,2,3
19,15,17
54,10,7
3,1,4
1,12,12
19,12,54
45,16,21
13,15,56
16,13,28
36,11,20
53,15,18
61,18,22
49,20,38
53,11,10
14,16,53
0,20,60
5,17,63
18,11,28
29,7,12
25,8,30
19,12,48
34,12,29
17,13,54
51,20,29
39,9,9
21,11,51
33,6,7
50,14,16
42,16,27
9,16,24
43,14,17
1,20,57
58,17,19
37,7,4
1,18,40
22,11,14
28,13,58
34,15,50
41,19,46
38,15,34
48,22,46
2,19,60
38,18,45
48,21,41
20,11,39
31,7,18
6,17,63
45,18,28
15,13,25
57,21,30
0,14,15
27,8,29
12,9,6
48,19,31
50,17,21
17,13,61
32,13,45
12,11,6
32,5,0
27,12,40
51,23,46
46,23,53
36,10,17
9,17,31
61,14,13
24,10,53
41,20,57
13,10,6
30,12,39
35,14,43
52,11,10
52,13,13
41,8,2
15,13,55
14,15,53
63,8,1
0,10,11
52,10,8
9,13,33
21,13,53
49,19,33
26,1,0
36,15,45
61,7,0
0,21,54
15,14,17
47,19,31
55,22,36
22,13,9
34,10,23
5,7,6
19,13,51
37,14,22
16,14,56
28,8,5
22,12,62
20,6,3
24,9,13
38,11,15
48,6,2
34,8,10
19,12,55
26,9,40
53,20,31
35,13,34
42,15,23
27,8,10
14,15,60
39,11,12
38,9,7
28,9,31
5,18,55
26,9,34
57,21,29
8,16,62
51,8,3
49,17,21
28,7,20
19,12,15
22,10,35
21,12,52
27,12,57
27,15,55
38,15,28
24,10,7
36,16,37
61,17,18
27,9,12
19,13,46
3,17,35
24,9,12
40,18,43
54,9,5
10,16,18
41,16,30
30,5,6
38,19,56
39,19,58
44,21,54
44,16,27
14,15,11
5,18,46
23,10,46
17,13,49
19,13,17
38,17,45
19,11,22
11,16,52
13,15,59
61,16,16
2,18,31
20,12,52
30,7,16
29,9,27
61,10,5
26,9,16
26,9,7
48,19,29
9,18,47
9,11,6
0,12,12
56,23,35
9,17,18
35,15,47
22,10,15
18,12,38
28,10,32
31,5,7
9,9,6
2,12,11
20,12,30
18,11,32
51,22,38
23,11,61
32,14,44
6,15,12
42,13,14
35,16,44
56,23,36
36,15,44
61,19,23
35,7,4
1,14,13
8,17,52
25,8,31
63,21,29
62,9,4
29,6,2
30,13,49
51,5,0
2,20,57
3,20,51
54,21,31
2,15,15
41,6,0
53,14,15
50,18,23
12,15,45
7,19,52
36,16,36
23,3,2
7,13,9
41,20,56
6,4,5
32,5,5
31,11,33
27,7,1
6,16,12
61,22,32
5,5,5
14,14,8
55,14,14
10,17,54
7,15,12
21,3,3
24,3,2
20,13,14
31,7,11
17,14,14
24,8,30
53,22,36
40,20,56
42,20,55
51,20,31
31,14,54
23,11,12
17,13,9
42,18,40
19,13,30
36,12,25
13,14,62
6,18,58
22,10,22
49,17,23
42,20,54
22,10,41
13,15,48
39,20,59
2,11,10
10,3,5
20,12,29
39,16,35
28,7,21
38,9,6
54,17,19
32,13,37
30,12,40
33,8,16
19,12,42
12,15,11
32,10,22
51,6,1
58,18,22
7,17,63
25,9,15
18,13,45
38,14,21
22,10,34
12,15,52
7,3,5
22,9,32
33,10,22
2,16,16
7,18,58
46,21,44
35,13,33
40,10,9
53,14,16
18,12,49
51,20,33
14,14,16
28,12,40
16,11,6
1,10,10
0,4,7
20,14,18
6,19,55
38,16,45
8,16,27
26,6,0
28,15,55
37,13,27
54,20,28
23,11,9
21,11,54
43,15,24
20,11,50
5,19,47
63,12,9
0,11,13
28,12,51
26,6,1
63,14,12
40,10,7
4,9,6
3,18,61
29,15,57
48,12,10
10,15,60
19,11,36
28,12,50
37,9,7
58,17,21
52,20,31
26,7,22
31,14,45
51,23,44
51,10,8
2,9,8
19,12,24
18,12,35
18,13,10
46,7,2
9,17,22
51,12,11
6,18,50
2,17,34
54,17,20
39,14,24
58,14,13
49,23,47
55,9,6
35,9,14
30,13,37
2,18,29
34,5,2
3,18,38
63,11,6
8,6,6
32,6,7
44,17,27
1,20,47
54,19,25
5,18,45
27,8,22
31,9,24
37,14,32
10,17,42
3,19,47
13,13,30
4,19,48
16,1,4
20,11,30
14,14,38
8,17,32
41,18,41
37,14,30
28,8,22
49,21,39
16,15,18
4,19,25
7,17,59
34,7,10
44,18,40
1,17,32
4,18,40
55,12,11
55,7,0
46,21,50
14,14,32
12,14,24
16,5,5
17,13,19
7,15,11
55,7,1
32,14,48
60,7,1
50,19,31
39,17,43
35,8,7
48,23,52
4,15,35
24,11,52
49,18,27
39,18,54
20,12,55
15,8,6
12,7,6
28,11,40
20,13,56
20,11,38
14,14,39
25,11,12
24,8,33
43,18,36
38,8,7
17,12,28
32,14,53
23,11,8
59,17,18
53,9,4
33,14,48
32,13,33
6,18,63
59,7,1
7,18,18
21,11,46
25,10,19
28,8,25
14,14,26
10,0,4
39,14,27
37,6,1
3,20,53
61,21,27
23,9,33
10,17,55
25,1,1
47,12,10
26,5,0
26,8,8
6,17,26
24,9,24
46,20,38
63,14,14
55,20,28
52,21,34
47,20,39
13,14,20
0,20,51
23,10,44
11,16,56
17,13,41
34,10,22
11,4,5
5,16,12
42,20,48
1,6,8
16,0,4
18,13,29
37,15,32
31,14,55
8,17,15
53,20,28
15,14,22
24,9,49
47,21,45
26,8,19
3,19,61
25,10,55
35,14,42
45,7,3
23,10,5
2,7,8
2,10,8
62,18,20
32,15,51
58,20,28
56,22,34
45,16,22
38,12,17
32,8,17
17,12,62
25,9,14
41,17,35
58,11,8
36,6,2
28,9,24
21,11,12
41,20,54
14,13,24
7,18,21
29,12,46
14,15,55
15,7,5
49,11,9
30,13,47
3,19,60
21,12,54
28,14,58
44,9,6
47,18,31
18,11,30
1,17,37
58,9,5
24,10,47
19,11,63
18,2,4
20,11,55
37,16,37
43,20,46
32,14,43
20,13,18
57,13,12
18,12,61
22,10,19
41,21,59
38,17,51
62,9,3
14,15,14
34,10,21
37,9,10
37,18,55
42,12,12
47,22,47
6,18,47
57,16,19
10,18,31
45,14,15
28,11,45
34,16,50
52,18,25
49,23,50
46,7,3
27,8,13
29,12,47
35,15,37
40,15,29
37,16,44
12,15,51
38,18,54
19,12,8
61,18,21
14,12,6
28,7,0
48,23,55
50,17,23
55,23,37
37,18,54
41,13,18
30,16,55
52,23,44
50,22,38
35,14,29
41,22,61
28,16,61
16,12,30
20,11,47
29,12,49
12,16,49
48,19,34
30,14,57
15,12,28
8,17,13
18,12,47
41,19,45
48,13,14
7,15,36
34,13,36
36,14,36
23,10,9
5,8,6
48,8,5
37,16,39
8,18,30
43,7,1
8,18,16
11,16,46
32,15,48
52,11,9
46,18,29
7,2,4
5,18,25
38,11,18
23,10,57
33,11,24
35,8,13
35,13,30
0,6,7
53,18,22
38,6,1
13,16,41
8,7,6
22,11,28
24,11,60
35,16,56
14,16,49
7,18,51
49,23,45
5,16,30
25,10,21
12,14,8
17,12,35
33,13,36
38,19,60
0,19,32
20,12,15
2,19,44
29,9,26
57,12,9
0,20,46
42,10,9
62,8,1
57,10,7
22,10,5
24,9,39
9,17,61
20,11,51
43,17,33
18,13,15
7,15,32
31,5,0
63,22,31
27,9,31
10,16,24
5,18,57
1,21,28
16,14,27
43,17,28
7,12,9
26,10,12
0,20,44
20,0,3
14,16,51
30,5,4
22,10,7
43,17,27
32,16,48
23,11,55
12,16,30
10,17,47
59,19,25
27,12,58
11,15,56
8,16,36
30,10,32
37,17,43
30,11,29
31,6,12
13,14,56
50,14,15
50,16,19
12,16,40
24,9,5
26,8,28
16,14,44
18,11,5
3,15,15
0,19,44
46,14,18
11,15,26
15,14,53
16,13,27
22,9,28
26,9,30
43,18,40
32,7,13
6,18,44
28,8,21
18,13,17
54,6,0
62,13,10
4,19,58
1,20,27
8,18,26
12,14,32
12,13,7
32,8,18
4,0,4
24,9,27
9,10,6
52,22,37
4,19,43
1,18,28
50,21,35
33,4,0
13,9,6
27,7,4
58,18,20
17,15,47
60,21,29
6,18,21
14,15,48
40,17,36
37,14,28
20,9,31
25,8,2
3,19,62
6,17,16
51,11,9
39,6,0
36,7,5
35,11,22
21,10,36
28,11,47
47,20,40
27,11,49
27,10,38
43,12,14
15,15,50
41,18,45
13,14,27
3,17,32
37,13,22
23,10,12
2,20,49
26,9,41
12,10,6
46,18,30
19,12,28
11,16,47
43,13,16
10,14,35
37,16,49
49,22,40
9,6,5
11,6,5
52,21,36
0,9,9
47,19,30
5,15,12
31,5,3
13,14,39
42,14,15
34,15,43
1,19,46
13,14,60
25,9,41
10,9,6
22,9,29
0,13,14
52,20,28
58,23,36
41,15,26
17,7,5
6,18,42
11,15,38
50,17,22
40,19,53
29,7,10
23,10,18
18,11,24
49,23,52
22,10,23
0,15,18
20,13,13
5,19,23
63,20,26
48,5,0
14,14,63
3,19,58
17,13,14
32,12,37
7,17,60
10,14,34
1,17,36
25,8,22
4,14,12
14,15,19
22,11,18
39,9,7
15,16,51
21,11,42
18,13,48
24,10,40
14,14,53
41,6,1
34,9,18
38,9,10
47,23,54
58,16,17
12,11,7
47,17,25
5,17,25
49,22,44
25,7,26
23,10,50
30,11,40
58,13,13
61,20,26
55,11,9
40,18,52
21,11,21
4,17,28
30,11,34
3,19,21
34,14,37
50,23,44
1,20,32
0,20,26
38,16,28
22,10,4
4,3,4
7,16,12
23,8,27
9,3,4
40,22,63
32,17,47
6,19,46
4,20,53
40,16,30
43,14,21
4,19,44
45,13,13
8,12,8
36,13,20
10,14,30
12,16,55
17,1,4
14,15,50
22,11,5
56,7,2
13,14,57
45,21,51
58,15,17
32,5,1
13,15,10
55,23,36
36,18,58
54,19,27
14,17,50
21,11,58
33,10,23
39,19,57
2,17,19
0,13,15
10,14,33
15,14,26
9,17,14
26,8,26
40,18,51
27,10,43
43,22,63
45,23,62
3,18,18
37,13,24
10,16,50
45,21,53
34,15,48
28,14,60
8,14,33
27,8,11
30,15,58
5,17,26
8,10,6
17,12,63
0,18,33
13,0,4
29,13,48
10,17,56
0,3,6
41,7,2
8,6,5
45,22,59
3,19,20
6,8,6
48,22,40
9,16,23
23,10,13
12,16,47
27,14,56
55,17,18
21,11,5
40,17,46
39,20,61
41,17,41
38,10,12
16,14,10
55,16,19
47,23,57
49,22,47
41,12,16
7,18,55
23,10,36
25,2,2
23,11,7
4,20,56
23,12,62
20,10,26
9,17,59
41,20,59
3,18,30
19,12,6
9,16,13
52,6,1
26,11,51
50,22,40
9,16,39
36,13,27
32,16,61
25,11,58
9,17,62
25,10,11
54,23,37
4,19,46
4,18,17
56,11,9
20,8,4
37,11,18
9,17,19
19,11,60
32,12,41
59,18,21
18,11,35
23,10,42
17,14,10
10,15,32
16,13,61
60,20,26
38,18,53
49,17,22
52,15,16
12,14,35
27,15,62
39,13,19
39,14,23
25,9,45
14,10,6
52,23,43
35,11,21
9,15,29
23,12,17
5,17,31
47,23,58
5,19,48
12,15,61
28,12,52
50,23,42
46,12,11
21,11,63
1,18,27
50,6,2
50,11,9
12,14,10
8,15,32
16,14,13
29,12,37
39,18,49
9,13,9
6,19,24
18,11,27
60,10,6
5,14,9
37,16,50
0,1,7
7,16,29
28,12,55
32,9,18
25,8,33
13,14,61
6,18,55
50,22,41
53,21,33
26,9,32
40,10,11
53,17,22
45,23,63
4,11,8
44,15,18
9,16,26
48,20,36
14,15,56
20,11,45
33,17,62
20,11,58
49,16,18
14,14,47
53,23,38
15,13,7
40,8,4
39,17,45
11,16,45
51,17,20
37,16,48
19,12,17
23,11,18
43,20,53
54,13,12
21,10,26
6,7,6
32,15,44
28,10,37
20,12,16
54,18,22
42,19,44
4,17,38
45,7,2
5,18,27
6,14,11
33,15,47
0,18,35
22,11,38
44,10,9
2,17,20
39,10,8
13,14,55
5,13,10
1,20,51
3,19,43
1,14,15
37,14,27
59,18,23
14,8,6
34,9,13
45,17,24
6,17,30
6,18,25
8,18,54
48,17,23
35,7,3
15,15,13
57,15,16
44,19,38
41,15,28
0,20,54
37,13,21
49,22,39
0,20,49
38,8,6
22,11,53
43,19,45
3,17,33
10,14,10
46,23,57
42,19,43
44,19,42
58,12,9
63,23,34
43,21,57
1,5,7
17,11,34
57,22,34
22,2,3
30,17,56
49,13,12
27,8,17
48,7,2
29,6,15
41,14,24
30,13,53
49,20,37
42,21,52
28,17,62
57,8,3
35,12,28
32,10,25
12,13,34
45,21,45
5,19,44
42,18,44
18,10,5
18,12,62
40,19,49
43,13,15
9,17,15
28,13,46
21,10,30
4,19,62
4,18,59
37,19,59
33,13,26
50,23,49
33,13,39
3,5,7
8,17,61
45,13,16
32,16,63
15,13,33
11,14,9
31,5,2
34,16,55
17,13,48
7,19,27
48,19,32
2,3,5
44,16,26
40,20,59
32,9,21
4,16,33
38,9,8
61,10,4
30,6,1
8,18,47
33,8,12
37,18,61
8,16,40
0,18,38
43,20,45
12,15,12
40,21,60
15,14,8
9,16,58
27,8,6
6,15,11
22,10,50
46,22,48
14,14,27
61,12,8
47,19,32
33,12,30
31,14,35
15,14,47
36,17,53
55,17,19
19,12,60
20,12,17
12,14,37
46,17,22
13,14,32
37,15,21
27,8,1
39,7,3
35,16,49
11,16,25
42,14,21
47,15,20
41,10,10
28,14,63
13,8,6
15,9,5
0,14,16
51,22,41
49,14,14
10,4,5
12,15,40
37,16,41
21,10,24
26,9,4
49,22,45
4,18,42
10,16,20
6,16,38
13,15,38
10,12,7
47,22,49
4,12,10
42,20,49
48,23,47
28,12,54
11,15,63
41,13,17
16,13,63
19,8,4
27,15,61
5,10,6
58,10,6
39,11,16
60,13,11
42,20,50
18,12,14
33,9,15
7,17,57
8,17,25
48,17,24
2,18,20
12,14,31
62,15,15
26,10,48
41,21,57
43,12,13
47,11,9
7,6,5
45,23,58
34,15,53
55,15,15
28,7,10
31,6,10
43,10,8
29,8,21
14,16,54
8,16,12
45,18,35
55,11,8
2,19,58
62,21,29
47,20,41
43,17,31
35,5,0
63,15,15
32,13,38
47,9,7
36,19,63
39,10,13
46,15,21
36,16,43
58,10,7
32,10,23
19,12,41
1,18,30
45,21,46
59,8,1
7,18,41
63,10,6
26,9,36
20,10,24
9,17,26
17,12,36
33,13,37
27,12,55
44,13,15
41,18,46
31,13,49
45,19,41
10,15,36
4,15,13
44,14,16
21,2,3
9,6,6
52,17,22
32,14,54
62,12,8
58,20,27
1,11,11
15,12,30
9,18,24
15,13,34
9,17,30
2,19,57
12,3,5
5,17,62
5,19,45
43,21,56
25,6,1
9,17,63
11,5,5
19,12,21
30,11,42
52,9,6
3,19,51
21,12,8
40,14,17
12,15,49
5,5,6
23,9,20
17,14,47
40,12,18
13,4,5
2,3,6
12,15,48
28,11,42
53,7,3
20,12,57
33,7,7
12,16,32
11,15,31
42,19,45
62,10,6
38,12,18
26,10,47
26,8,3
28,14,59
60,8,2
58,19,24
48,19,28
4,12,9
50,15,16
20,14,52
39,8,4
40,10,8
62,22,32
1,17,20
22,11,26
2,18,38
18,11,60
21,11,34
38,17,53
18,12,39
41,14,16
7,17,40
12,17,59
48,6,0
4,6,6
30,7,10
43,23,63
15,11,6
29,6,10
14,13,31
20,11,27
44,19,44
51,18,23
47,13,15
22,9,26
19,11,20
22,10,18
46,18,28
51,21,34
13,16,45
58,9,4
43,16,30
7,8,6
5,15,35
41,13,19
12,0,4
7,18,27
41,15,16
28,7,15
30,15,62
14,14,61
27,11,38
26,8,30
38,16,39
0,18,30
38,14,25
55,14,15
27,9,38
40,20,57
44,16,23
32,13,47
59,13,11
30,5,5
17,14,18
11,16,38
24,11,55
20,5,4
2,16,37
4,19,20
10,17,16
12,16,43
18,12,43
32,15,42
14,15,13
38,13,25
10,18,27
20,12,19
44,15,24
43,11,9
17,9,5
3,4,5
1,17,38
5,18,59
11,16,42
42,17,33
6,16,37
17,11,5
46,19,35
22,9,4
21,11,26
16,16,47
33,14,41
2,20,48
16,14,51
37,15,33
27,8,23
33,14,39
18,13,12
62,12,10
62,19,25
13,15,47
9,18,17
36,14,27
28,12,37
17,17,17
53,8,5
15,14,41
0,18,29
29,10,32
13,13,31
26,13,62
28,10,40
10,16,28
0,21,29
1,19,32
48,23,53
9,13,8
16,13,7
24,10,5
1,18,42
42,15,21
20,12,42
33,17,63
15,14,19
41,23,63
25,8,3
4,5,5
11,14,26
49,18,24
3,16,35
60,12,9
9,16,38
37,12,22
6,17,28
4,19,24
38,10,13
52,22,35
47,21,43
24,10,16
35,9,17
46,11,11
18,12,17
44,21,56
45,20,40
42,12,15
40,14,20
14,17,54
16,14,55
20,11,25
62,17,20
42,17,35
23,8,3
13,14,24
40,11,11
28,10,45
38,10,11
47,17,26
46,13,13
24,11,17
43,12,12
24,9,17
36,18,62
13,3,5
34,5,1
42,16,32
17,12,34
22,10,53
37,11,15
50,6,1
27,12,50
24,10,27
11,13,8
20,12,56
40,17,44
21,12,55
55,15,16
2,20,52
3,19,54
12,16,19
63,7,0
40,21,61
42,8,3
50,19,28
56,17,21
5,18,16
25,9,20
40,8,2
13,14,29
18,12,56
11,13,33
32,15,55
7,6,6
53,6,0
8,17,62
2,2,5
9,16,29
3,18,20
55,11,7
1,19,28
3,19,48
26,8,6
5,14,11
36,15,41
22,10,43
17,13,57
34,15,47
59,22,30
24,7,3
37,14,33
17,11,6
35,16,47
15,15,31
8,14,35
4,20,48
63,10,4
8,18,21
27,8,28
12,16,12
19,12,61
41,22,62
35,17,56
33,6,6
20,11,61
15,15,11
59,20,25
7,17,24
22,10,38
23,9,35
51,21,36
45,5,0
20,11,21
26,9,17
63,20,27
12,15,31
39,18,50
22,12,16
7,9,7
9,17,13
18,11,62
9,17,46
7,11,7
16,11,7
19,2,3
12,14,60
16,12,27
38,13,20
60,14,13
34,13,31
24,10,18
41,16,33
49,19,28
22,10,24
38,15,32
6,18,24
59,10,7
8,15,31
37,12,24
4,17,27
5,18,54
32,13,46
33,15,50
44,19,41
6,18,23
5,12,8
16,14,42
37,15,42
30,12,42
49,9,6
18,6,5
50,12,10
2,17,17
27,10,46
9,17,47
30,16,63
41,11,13
8,13,10
17,12,7
32,5,2
6,15,33
22,11,11
38,16,43
46,22,56
21,10,58
5,15,13
63,15,14
12,12,32
29,9,23
30,6,16
15,14,48
29,15,62
29,11,33
31,12,29
9,17,58
11,15,10
1,18,32
16,14,46
0,20,57
60,11,7
9,16,11
48,21,43
44,21,48
19,11,25
27,14,60
53,10,6
25,3,2
26,9,5
1,3,7
19,9,5
10,2,5
47,19,37
33,15,54
6,18,48
9,16,31
7,8,5
9,17,48
1,18,29
9,18,30
31,13,35
9,16,30
46,16,20
59,14,15
41,14,22
31,12,43
29,7,3
22,10,52
17,12,56
36,9,15
30,14,51
49,15,19
36,6,3
23,11,17
25,0,0
54,12,9
6,1,5
40,14,21
27,7,22
19,5,4
31,8,17
29,9,28
32,15,53
30,12,48
4,18,24
18,12,21
37,10,16
6,18,54
45,22,56
25,11,56
3,19,63
53,21,32
29,13,55
20,13,52
44,16,25
28,11,49
10,17,48
58,15,15
36,8,8
21,12,27
42,15,22
27,14,62
28,11,38
0,0,7
13,16,59
40,15,32
11,16,11
26,7,1
50,8,3
19,13,56
15,16,54
5,19,63
28,8,3
10,15,29
35,8,10
5,18,26
35,18,60
43,13,17
48,20,34
26,12,56
23,10,22
48,20,40
11,16,16
0,11,10
12,4,5
21,10,21
45,11,9
38,15,25
56,18,20
18,12,45
30,11,43
17,15,18
18,5,4
40,18,44
11,15,60
16,14,48
12,15,62
11,14,31
40,7,2
20,11,6
35,16,51
30,7,15
11,15,58
33,9,21
56,23,38
17,14,46
43,21,53
38,17,52
39,15,31
43,6,0
23,10,11
52,13,11
4,18,60
33,13,35
22,9,27
31,12,35
29,6,1
43,16,24
6,16,30
13,15,44
4,17,16
56,8,4
39,13,20
46,19,38
45,17,27
39,17,44
57,22,32
11,17,17
11,15,29
14,12,32
62,19,23
25,12,61
3,18,27
31,12,31
47,23,55
17,11,29
16,16,46
36,15,40
62,19,24
30,12,43
45,9,7
17,12,37
11,16,14
24,11,53
45,22,51
9,16,57
46,13,14
54,18,24
27,9,28
30,6,11
18,11,34
9,17,49
30,12,47
15,14,25
39,14,21
54,15,16
57,19,23
5,16,31
60,19,25
54,23,38
28,13,59
9,16,55
19,14,46
3,16,33
47,13,12
3,19,25
45,19,42
28,14,62
31,13,42
50,18,24
47,21,46
32,12,34
46,23,56
34,15,52
20,11,17
53,19,25
10,16,46
61,13,11
41,22,63
18,12,23
24,10,54
11,14,10
46,21,48
36,17,55
7,16,30
11,15,23
8,17,16
41,21,62
38,13,21
56,14,15
44,21,51
60,20,27
36,15,36
41,16,34
8,17,55
27,7,0
33,8,15
37,14,25
10,13,9
14,14,57
27,10,35
39,12,15
46,22,51
16,13,44
45,19,40
28,10,30
39,19,54
27,10,41
56,13,12
5,18,18
57,21,28
36,14,28
27,12,39
32,14,42
4,19,22
46,19,34
7,5,6
38,18,49
15,14,54
31,11,29
8,17,21
15,14,15
34,6,2
34,14,41
59,7,0
33,9,17
45,9,5
7,18,44
0,18,31
12,15,56
56,22,32
3,16,34
28,10,34
50,23,47
1,2,6
24,9,4
19,12,57
44,21,53
40,13,16
0,10,9
63,18,22
19,12,22
14,15,46
29,12,40
5,20,48
9,16,32
39,12,17
14,15,40
51,15,16
13,15,18
4,18,27
8,17,43
14,13,8
15,14,55
49,22,42
59,22,31
46,14,16
20,10,23
34,15,46
25,11,52
49,17,20
33,11,25
12,17,30
40,20,55
48,13,12
44,18,38
28,11,39
18,11,23
3,19,26
15,15,54
3,11,10
50,9,7
17,12,22
50,11,8
4,18,22
31,16,63
30,10,26
19,12,51
23,8,28
34,11,26
30,13,38
42,6,1
11,18,40
11,14,33
51,16,19
23,9,30
55,19,24
19,12,44
8,18,58
26,8,7
35,15,44
25,8,24
17,14,12
5,17,29
27,9,41
18,3,4
20,10,25
32,5,4
29,6,17
26,11,50
59,14,12
36,11,19
31,10,27
38,16,42
11,15,61
38,15,26
6,19,48
62,18,21
18,12,59
15,14,21
21,11,28
53,21,31
43,19,41
24,10,38
4,19,53
43,16,27
62,7,0
30,14,54
40,19,56
21,10,4
52,16,20
19,11,19
6,14,9
37,13,18
54,23,41
9,14,11
9,1,5
57,8,1
19,11,28
40,19,55
2,17,35
41,21,58
58,13,12
14,14,40
28,11,41
15,16,47
46,16,19
0,1,6
43,21,58
22,8,3
25,1,2
57,12,11
13,12,7
29,13,52
26,9,31
11,16,18
35,12,25
41,16,26
15,9,6
18,14,10
14,4,4
28,7,3
45,8,4
39,10,10
63,16,18
10,17,14
38,16,38
30,7,18
58,22,30
45,15,21
31,13,45
8,18,52
42,13,18
45,14,18
14,15,18
0,13,13
31,14,49
27,9,35
5,13,9
44,11,10
19,0,3
16,12,32
22,11,43
44,20,49
60,17,18
3,20,49
16,14,17
15,13,35
21,9,4
23,9,23
0,19,63
35,15,49
33,15,52
22,11,10
50,9,5
20,10,27
3,20,48
14,14,9
36,9,10
33,14,49
7,19,53
48,6,1
19,11,62
54,12,10
6,16,32
44,7,1
8,18,20
29,16,62
13,16,17
26,8,35
16,12,23
6,19,45
15,14,36
3,17,16
11,16,13
59,14,14
36,16,45
30,11,33
48,15,19
43,22,56
6,10,6
39,14,25
14,9,6
20,12,53
18,12,6
9,16,21
18,13,52
30,7,13
55,19,26
6,11,7
48,21,42
46,18,27
0,15,17
54,21,33
55,6,0
12,17,40
18,13,49
37,7,1
19,12,29
13,7,5
18,0,3
11,17,40
54,19,20
13,15,49
41,18,47
14,14,10
23,6,3
8,18,55
21,11,13
40,13,18
50,23,48
57,19,25
6,16,28
43,11,10
46,18,33
38,17,49
58,7,0
46,21,43
4,17,17
26,12,59
37,14,34
18,13,8
13,14,22
0,19,42
46,20,37
43,14,18
40,23,62
4,11,9
29,13,45
33,5,0
23,10,19
21,11,7
17,12,25
35,18,61
43,18,39
50,12,12
54,11,8
49,17,24
13,8,5
29,11,36
36,12,22
41,21,60
40,20,60
56,21,31
24,10,39
4,4,5
11,15,20
38,15,27
28,8,7
19,4,4
5,18,40
35,17,53
31,7,13
41,19,53
2,4,6
23,11,59
55,19,25
18,12,58
5,18,62
28,8,11
44,13,16
58,14,14
6,18,43
12,17,41
42,22,60
17,13,21
53,12,11
6,16,29
31,7,17
48,8,4
40,15,30
9,15,28
47,18,32
1,12,13
2,17,36
17,13,40
19,13,57
30,6,3
37,11,17
30,12,45
56,22,35
57,15,17
25,8,21
27,11,48
45,22,55
2,13,11
14,13,7
48,13,13
22,11,16
0,21,51
2,17,18
36,15,39
10,2,4
28,7,19
62,17,17
45,17,28
50,22,43
25,9,16
23,9,36
22,10,25
2,18,26
24,10,19
40,16,31
40,18,47
1,19,63
7,15,30
32,13,36
42,19,49
31,15,55
37,18,58
40,16,34
0,21,53
10,14,36
27,11,51
58,9,3
63,23,33
29,7,4
26,7,26
51,18,25
2,19,59
59,8,2
35,15,38
11,9,6
62,20,25
30,12,44
26,11,54
46,20,44
31,13,30
56,18,24
1,8,8
22,10,44
54,17,21
45,15,18
0,18,40
4,17,18
25,14,63
32,6,6
8,5,5
0,20,50
1,18,39
45,17,30
36,17,57
10,10,6
54,15,15
61,14,14
12,15,18
22,4,3
22,11,39
54,13,11
38,16,27
33,15,38
5,17,28
21,11,17
41,20,52
58,19,25
14,6,5
4,16,16
8,16,39
10,17,45
56,10,7
36,14,19
10,18,32
24,10,13
28,8,12
8,17,56
62,11,8
53,14,14
35,14,36
33,10,19
18,12,25
28,12,53
52,22,38
11,16,53
10,16,60
46,17,23
62,14,12
2,17,30
39,6,1
52,19,25
61,13,10
53,16,18
36,16,51
40,14,25
28,13,52
59,23,33
20,11,49
35,11,20
49,23,43
43,16,26
16,3,4
12,16,58
23,10,6
31,11,30
44,22,62
8,17,50
22,10,42
48,19,30
39,13,22
35,16,45
48,8,3
63,12,10
20,11,52
40,20,63
47,23,59
45,22,54
5,18,61
16,14,14
22,12,63
56,20,29
19,12,52
4,17,29
63,13,12
31,8,16
49,6,0
1,19,45
43,19,42
44,14,19
59,13,12
26,8,18
53,11,8
17,11,31
32,13,35
39,9,8
26,7,25
35,13,29
4,8,6
46,22,54
8,17,54
1,21,51
44,20,46
20,11,33
4,13,9
13,12,6
20,10,34
46,12,13
31,8,19
35,11,23
24,9,43
25,9,39
2,18,21
13,14,58
3,18,26
10,16,63
12,16,11
8,17,28
44,23,60
37,7,5
2,19,61
42,18,41
23,10,21
41,14,23
50,10,7
47,20,37
26,13,60
58,23,34
36,12,17
21,14,52
23,2,3
10,17,30
32,13,41
22,11,55
44,17,31
61,10,6
34,6,1
25,8,28
42,22,61
49,20,34
46,11,9
29,8,20
31,15,42
11,2,4
24,9,6
15,13,32
16,15,50
20,13,57
20,11,48
39,15,21
29,7,16
16,13,25
14,15,44
14,14,59
16,13,38
4,18,23
51,20,32
1,20,55
3,17,37
7,17,54
25,9,35
38,14,28
39,16,39
2,20,46
37,7,3
32,6,11
7,17,16
11,8,6
1,18,31
60,21,30
55,16,17
36,9,11
61,9,4
5,18,44
16,9,6
28,13,56
41,18,43
8,20,46
62,15,14
2,4,7
45,19,35
30,16,61
25,6,2
15,8,5
33,12,34
20,11,18
43,18,33
27,11,40
5,3,4
27,9,40
43,18,38
20,12,54
60,21,28
38,12,19
34,13,32
7,18,53
26,9,3
27,9,11
4,17,39
28,10,43
51,19,28
11,16,58
18,12,5
17,12,60
46,22,47
20,12,38
42,18,36
40,16,38
10,16,47
55,17,22
20,14,14
63,8,3
4,9,8
30,12,46
21,11,35
1,19,23
26,8,21
0,20,58
1,18,22
47,21,47
26,7,21
14,14,44
53,7,1
37,15,25
25,10,8
33,14,47
42,14,20
20,11,5
10,17,43
8,16,33
4,18,63
63,17,19
10,17,51
60,14,12
21,4,4
3,18,25
40,17,39
57,18,22
31,5,8
33,14,32
44,12,12
13,14,63
27,8,4
13,15,45
42,10,10
20,11,63
25,9,22
23,11,58
30,6,7
20,10,30
1,17,33
55,20,27
11,16,54
26,11,12
43,23,62
63,20,25
18,11,6
17,13,37
27,9,39
12,15,24
14,13,29
0,10,10
12,16,56
42,19,51
19,13,16
16,13,47
43,6,1
9,15,10
8,17,57
44,17,30
27,7,21
17,13,24
38,17,46
56,21,28
8,14,9
41,19,44
27,9,26
21,12,11
22,11,60
39,16,40
57,14,15
38,16,41
21,11,25
52,22,40
17,12,30
6,18,57
35,9,11
8,15,11
10,16,53
35,12,24
29,7,6
39,15,35
36,16,52
57,7,0
36,17,50
36,17,54
20,12,43
36,18,57
11,16,51
12,15,47
20,11,34
5,18,19
39,16,34
22,11,42
37,17,49
12,15,42
22,10,28
10,17,19
19,12,50
55,8,4
28,7,12
3,18,62
15,14,23
15,14,24
62,13,11
13,14,31
12,15,19
36,16,33
36,13,24
40,7,0
10,7,6
51,7,2
26,11,49
37,8,5
5,17,15
6,17,15
4,3,5
41,14,17
8,15,29
26,9,12
12,15,22
32,5,3
34,12,27
10,15,35
31,13,48
42,19,50
58,14,15
62,20,26
45,16,26
45,15,22
33,13,32
55,23,39
3,11,8
4,12,8
34,12,26
3,9,8
21,10,37
53,14,13
17,2,4
38,20,63
24,11,25
12,8,6
11,18,17
23,11,45
44,7,3
25,0,2
27,11,45
40,6,1
11,17,32
23,5,3
24,9,15
11,15,24
10,16,23
3,17,38
25,8,4
10,16,19
4,18,39
12,16,14
17,13,8
30,11,32
34,14,36
16,11,31
56,14,14
2,0,5
40,18,50
24,10,46
51,10,7
22,10,33
53,11,9
5,17,40
32,8,16
32,10,24
48,21,44
56,15,17
35,17,61
8,18,22
34,14,47
14,14,58
29,11,47
20,11,40
53,18,24
48,17,25
46,21,47
24,10,48
29,15,61
36,8,5
26,9,44
31,10,23
31,6,1
12,14,25
57,13,13
17,14,13
24,11,21
60,8,1
18,12,63
18,1,4
21,12,14
35,8,11
16,8,5
4,20,50
24,9,21
56,15,16
33,12,35
39,20,63
31,8,20
31,13,46
35,7,7
23,12,61
29,6,0
0,2,7
39,14,22
19,13,13
44,18,30
62,8,2
2,19,62
6,5,5
7,17,61
21,10,35
47,18,30
5,19,53
18,11,25
21,11,49
44,17,33
14,15,52
15,15,14
6,17,62
52,7,3
20,12,10
40,17,42
21,11,29
13,6,5
3,19,27
60,9,5
22,14,8
30,13,32
40,17,41
13,15,27
48,16,21
8,17,30
31,6,13
42,19,48
38,15,33
6,15,36
0,5,8
30,12,37
24,9,7
50,23,46
41,12,15
19,13,12
22,11,54
25,9,8
15,17,50
26,9,42
5,18,41
32,15,52
53,23,40
31,12,34
43,19,47
25,10,44
21,13,25
3,19,22
41,13,16
2,19,26
4,17,37
29,8,24
34,13,28
63,19,23
25,12,56
43,10,6
9,12,8
57,9,3
41,11,14
25,11,8
52,7,1
23,1,2
50,21,39
16,10,6
48,21,40
17,12,5
25,7,27
46,20,42
37,8,7
34,8,9
41,9,7
25,9,4
47,23,52
46,18,32
37,10,12
30,16,62
57,14,13
21,10,31
15,13,38
34,14,43
2,20,54
5,18,22
16,13,24
6,18,56
21,11,8
42,11,13
60,16,17
30,8,18
27,15,56
7,16,26
21,7,4
15,14,14
44,20,43
42,16,31
10,16,38
43,17,32
40,16,37
16,14,38
6,16,14
15,15,60
35,13,25
31,7,15
17,13,45
22,13,7
5,12,7
10,17,22
38,19,55
4,20,47
20,13,55
48,10,9
20,10,33
8,15,30
46,17,24
2,20,58
0,20,52
33,15,55
56,6,0
10,17,31
10,15,10
37,10,15
0,20,62
7,18,54
23,11,13
29,10,30
17,12,21
19,13,11
54,18,20
47,17,23
35,6,4
50,19,27
36,14,38
26,9,9
30,6,15
10,18,17
33,8,17
21,13,9
8,20,42
5,20,47
6,9,7
35,6,1
55,19,19
18,12,30
43,15,22
3,14,13
43,22,59
36,8,6
29,8,22
38,12,21
8,17,31
46,15,20
37,17,51
51,16,20
11,15,27
7,16,39
48,22,42
14,13,32
2,21,51
8,18,24
42,9,5
27,10,44
7,16,13
34,10,18
12,14,9
4,19,52
8,19,43
16,14,26
8,8,6
5,18,43
26,12,51
8,17,14
48,16,22
35,17,54
35,6,3
18,12,16
34,16,37
35,13,28
3,19,45
52,19,27
15,11,32
23,5,2
17,16,47
0,19,27
19,12,47
0,16,20
16,13,56
33,11,23
57,6,0
39,15,29
43,15,21
6,19,52
5,15,34
31,14,32
39,7,0
43,8,5
14,13,6
31,12,44
50,10,6
30,16,56
17,3,4
51,14,15
36,6,0
57,14,14
47,18,27
19,11,32
3,8,8
46,23,63
23,12,60
23,9,29
61,21,28
41,17,36
45,15,19
26,9,39
7,17,41
39,16,25
18,12,27
59,16,17
11,17,41
11,16,49
30,11,39
3,18,21
22,12,17
20,10,31
30,9,26
7,17,21
47,6,0
59,22,33
10,18,43
15,14,62
19,3,4
20,14,53
47,12,12
31,5,6
10,17,52
12,16,31
58,17,20
28,9,26
3,20,58
46,10,9
15,3,4
24,12,18
26,9,15
10,16,43
23,10,4
19,11,23
16,6,5
34,8,12
7,17,15
55,18,20
24,9,20
52,14,15
8,16,26
30,10,29
10,16,25
5,16,15
63,16,17
12,15,32
4,20,58
3,13,12
45,10,9
41,7,3
37,12,23
61,13,12
13,14,9
33,9,20
60,20,25
50,17,20
41,15,29
29,15,63
39,12,20
43,20,49
40,22,62
6,17,29
3,9,6
2,1,6
13,16,50
8,17,46
29,14,54
29,14,61
0,19,45
39,8,6
45,17,29
8,14,32
15,14,59
20,11,22
40,16,26
12,15,50
46,19,33
51,19,27
18,12,20
18,11,29
20,10,5
33,12,31
34,7,7
37,13,23
56,21,30
2,11,9
57,18,21
34,6,3
40,17,45
4,14,10
23,11,14
17,13,42
35,7,8
32,9,17
42,14,16
50,13,12
18,13,58
23,4,3
24,8,2
36,13,26
1,3,6
40,17,40
58,22,32
26,9,19
35,8,8
54,23,40
9,16,12
56,19,25
5,16,14
58,20,26
17,14,11
48,23,51
45,19,37
10,16,30
21,12,25
35,14,34
34,13,35
13,16,20
55,22,33
36,8,7
4,17,30
33,10,21
20,11,54
32,14,49
3,17,39
3,17,17
13,14,28
4,19,21
47,18,26
34,14,38
7,18,47
43,9,4
49,19,27
60,22,29
47,10,8
36,10,18
27,8,18
4,10,6
52,11,8
24,10,6
53,22,35
46,15,18
49,19,30
24,9,3
32,15,54
33,5,3
15,15,17
49,8,3
22,10,30
10,7,5
38,18,50
39,11,10
24,11,59
30,15,60
51,13,13
32,4,0
14,16,41
6,0,3
10,17,53
17,14,15
53,23,37
33,6,3
43,14,19
34,8,8
4,18,28
52,17,20
49,23,49
44,21,52
9,14,31
42,16,28
4,19,54
42,13,15
35,17,55
9,14,34
55,21,31
7,18,50
45,6,0
35,10,20
24,10,20
35,13,31
14,14,28
26,5,1
22,6,3
63,22,32
54,17,22
34,15,37
42,18,39
16,13,52
33,16,54
11,16,55
41,15,25
44,22,61
19,11,34
10,5,5
21,11,55
36,13,31
44,19,39
11,17,53
28,15,62
45,23,59
9,17,44
18,11,33
16,14,45
28,10,41
37,10,14
8,15,35
4,19,60
30,12,31
0,20,61
19,12,43
25,11,11
44,19,43
24,10,9
26,8,33
3,20,54
62,22,29
54,20,27
17,13,23
5,17,16
54,21,30
13,16,49
0,12,13
41,18,38
45,6,2
0,18,39
9,17,42
30,6,12
10,16,52
34,11,24
11,16,43
11,14,35
47,16,23
25,11,53
9,4,5
53,17,21
63,22,30
47,20,42
31,12,42
37,12,20
32,11,24
50,21,40
43,13,11
23,11,16
6,17,59
50,21,34
24,12,58
41,14,25
21,11,40
20,11,23
28,8,14
26,8,15
59,20,27
26,10,49
4,16,15
5,16,37
21,11,37
34,13,30
25,9,13
8,17,42
42,20,53
29,10,28
51,13,12
25,10,52
36,17,51
41,17,33
6,19,23
60,10,4
7,1,4
60,12,8
51,22,37
14,15,31
23,9,24
53,9,6
56,12,10
2,18,33
22,12,18
42,21,61
40,14,26
8,17,19
12,15,55
49,22,41
25,8,27
6,17,61
14,15,16
8,18,44
23,13,18
53,15,17
14,15,43
49,14,16
8,17,23
16,12,63
52,20,29
14,13,30
2,19,46
18,13,50
4,10,7
7,12,8
57,11,9
5,18,56
22,11,6
16,12,31
0,21,28
4,14,11
55,13,12
27,13,56
7,18,48
37,17,45
29,6,7
25,11,54
37,12,18
54,22,34
53,22,37
14,14,43
3,17,30
16,11,30
36,13,25
24,9,19
11,15,32
15,12,6
17,13,22
5,17,39
47,18,28
44,23,59
17,0,4
11,16,12
26,6,2
3,19,55
11,16,60
5,10,7
27,13,59
9,18,41
2,2,4
18,12,34
40,13,22
47,11,8
31,15,54
11,18,41
36,7,1
2,18,41
3,8,7
48,12,11
53,19,24
51,19,30
44,6,0
3,18,63
42,11,12
8,13,9
0,20,48
38,16,36
19,11,59
14,11,6
13,15,20
55,22,32
25,13,60
13,14,30
24,12,60
6,16,31
16,12,6
51,18,26
8,10,7
41,20,53
35,15,43
12,5,5
10,12,8
26,9,11
30,7,9
30,7,14
3,3,4
7,19,46
44,16,20
2,17,33
47,11,10
43,17,30
18,12,40
35,14,32
52,19,29
4,16,36
24,10,15
43,21,55
45,20,43
3,18,29
29,6,3
24,10,55
54,23,36
12,16,15
41,18,44
63,9,2
45,15,20
25,9,36
53,8,3
34,10,20
7,15,35
26,13,63
15,15,12
51,23,42
46,10,8
18,12,41
27,8,0
1,19,42
43,17,29
26,8,32
31,13,47
40,14,24
13,1,4
34,14,45
39,20,58
13,13,33
16,13,29
33,12,28
33,16,58
1,17,39
3,3,5
10,18,42
48,19,35
2,8,7
23,10,53
21,11,61
23,10,49
25,10,51
12,16,44
40,11,13
48,9,5
7,18,28
24,8,27
2,13,13
5,19,58
51,7,3
44,19,45
8,18,42
29,6,9
2,16,17
29,7,5
47,19,35
42,14,22
21,0,3
12,15,60
60,23,33
34,9,19
58,19,23
7,18,43
63,22,29
26,1,1
8,17,27
38,14,22
26,13,58
31,6,11
47,13,11
33,13,29
6,15,31
42,16,20
15,13,57
32,16,57
12,18,40
36,14,21
35,14,31
0,20,34
30,10,25
4,19,45
54,16,20
61,17,17
2,15,17
18,7,5
10,11,6
47,17,24
10,15,24
41,9,5
4,19,50
44,22,59
32,12,40
42,6,0
43,11,11
36,11,16
47,21,42
38,18,57
25,11,50
6,18,41
28,7,14
56,20,28
23,10,10
23,9,34
51,20,34
30,14,53
32,12,32
3,16,36
3,17,34
36,18,61
25,2,1
28,9,33
13,15,15
46,13,12
33,15,48
11,3,4
43,21,60
44,22,63
21,11,47
34,16,51
28,11,37
9,16,40
35,6,2
18,12,44
4,18,61
31,14,52
36,13,18
58,21,29
18,13,51
24,8,28
26,9,38
32,15,33
43,19,48
18,11,63
27,13,58
22,11,52
37,16,45
44,16,28
11,15,11
12,17,58
47,22,45
41,11,12
9,19,42
36,10,13
0,7,8
23,7,2
23,11,62
30,12,38
37,18,56
57,15,15
40,17,43
11,16,15
31,8,18
27,12,51
21,12,28
49,21,40
38,15,30
10,15,63
43,17,36
14,11,32
63,18,21
37,17,53
25,9,6
10,15,33
29,12,50
22,11,49
12,15,20
10,16,21
31,13,50
39,12,16
18,13,38
47,8,3
22,10,14
7,17,27
17,5,5
30,11,30
11,16,23
14,14,36
7,18,17
11,16,32
9,17,57
7,17,13
39,16,41
12,15,25
2,19,45
26,14,62
15,14,56
22,11,12
5,19,22
15,15,44
61,18,20
46,12,10
22,12,13
19,12,38
14,12,33
34,17,63
4,13,10
39,17,38
31,12,40
43,20,47
37,14,31
23,11,57
56,11,8
56,23,37
59,10,6
22,10,57
37,9,9
31,12,32
8,16,61
20,12,9
38,18,56
33,16,59
0,17,34
17,6,5
56,18,22
8,17,47
15,12,29
39,16,36
22,9,30
24,8,35
48,20,38
25,0,1
55,18,19
12,16,18
26,8,37
46,16,23
49,21,36
34,15,49
23,10,41
0,16,19
34,11,23
5,3,5
35,13,27
42,21,55
32,9,22
27,13,57
40,16,35
33,14,46
7,16,38
11,16,24
50,20,31
46,17,26
19,12,10
14,15,42
46,21,45
13,14,23
47,15,17
54,14,14
12,3,4
23,3,3
39,11,14
16,14,9
17,13,7
9,17,17
49,18,28
28,11,48
52,7,2
52,18,23
50,18,25
26,9,37
33,7,11
5,6,5
7,18,62
7,9,6
39,14,28
21,4,3
14,14,52
21,11,50
19,11,24
15,14,31
48,15,18
8,16,37
37,17,55
1,11,9
34,11,21
2,11,8
41,18,39
33,13,45
27,13,40
59,16,18
24,8,34
26,7,0
46,20,41
9,17,53
11,14,36
24,8,29
53,15,16
15,14,60
21,12,10
13,14,21
8,17,24
16,13,54
12,16,41
30,14,56
8,15,37
45,11,11
55,19,27
37,16,38
48,9,7
10,3,4
17,12,55
35,13,35
28,8,10
60,16,18
52,8,3
1,18,34
47,20,38
41,7,1
35,17,57
44,13,14
36,10,16
50,11,10
38,19,63
55,12,10
61,8,2
38,16,44
19,14,30
3,2,4
16,14,50
48,23,48
34,16,53
15,14,10
24,10,56
33,17,60
38,9,9
24,11,56
17,13,58
29,11,32
61,8,3
40,11,10
19,10,4
31,7,12
57,17,20
28,13,57
25,8,23
1,10,9
48,14,16
7,18,56
11,15,59
6,18,61
8,17,58
27,9,34
31,6,2
7,18,20
4,19,49
33,13,31
3,15,13
44,15,19
8,18,45
12,14,29
13,15,50
10,17,18
15,14,50
34,15,45
36,19,62
0,4,8
16,13,17
40,13,21
21,11,16
22,10,48
25,9,19
3,11,9
37,16,40
9,19,46
28,8,6
19,12,35
1,15,15
9,12,7
19,14,45
11,15,30
28,12,46
23,10,48
16,14,54
54,11,9
1,19,27
31,5,4
26,9,45
5,17,30
15,13,62
18,13,39
1,16,19
39,19,55
2,20,59
20,13,53
20,11,35
38,11,16
8,15,36
30,9,24
58,8,2
13,16,14
29,11,37
20,14,17
2,18,42
42,7,2
2,19,27
1,9,9
22,10,47
51,22,40
18,11,61
47,16,20
51,23,45
6,1,4
17,13,38
53,18,23
9,18,46
52,21,33
37,15,41
27,11,44
61,22,29
30,12,36
5,12,9
17,13,36
1,19,29
15,14,27
57,22,30
21,10,28
5,19,51
29,10,29
8,14,34
61,9,3
23,8,30
42,21,63
3,18,43
54,22,37
6,13,9
9,19,24
15,15,47
26,8,9
12,15,36
31,6,6
17,5,4
23,10,58
26,8,36
23,1,3
46,20,40
34,17,58
26,8,20
34,16,56
42,15,26
13,16,12
21,10,19
8,15,12
4,18,62
34,11,22
18,13,20
12,16,53
55,20,29
3,18,42
14,14,24
22,10,58
22,9,25
31,14,44
46,14,17
18,12,52
19,12,11
10,15,61
16,12,61
62,22,31
21,11,52
63,17,20
9,17,32
21,11,33
31,9,22
56,16,17
54,16,18
44,12,13
22,11,25
14,16,55
49,21,38
7,16,36
51,21,33
19,13,54
19,11,58
31,12,30
3,9,7
26,13,59
46,17,28
47,22,48
11,15,25
13,15,13
7,17,56
33,16,47
1,20,56
62,21,27
7,18,49
19,12,49
42,21,60
15,14,13
9,16,25
1,20,58
29,7,17
10,1,4
8,17,49
14,0,4
38,7,3
52,10,6
9,19,43
34,16,58
42,14,18
49,23,51
1,19,41
19,10,29
29,7,13
46,23,55
17,13,15
20,12,47
27,16,55
42,18,37
38,13,23
4,18,19
34,10,19
63,11,8
12,14,34
38,14,26
23,9,25
14,15,61
20,7,4
4,19,47
19,12,16
28,10,33
17,13,50
30,6,0
36,18,59
29,14,60
56,8,2
26,7,23
3,19,52
20,11,16
13,13,29
2,19,63
3,17,18
27,13,55
43,22,57
36,16,44
35,16,48
19,11,21
44,13,13
34,14,39
5,19,49
36,17,58
50,22,39
51,10,6
11,13,34
29,6,14
37,10,11
37,14,21
33,6,8
16,12,62
45,9,4
25,10,10
30,7,20
24,10,8
57,10,6
34,15,26
60,22,32
33,11,28
53,23,42
7,17,22
35,10,17
3,20,56
8,19,42
37,16,47
39,16,33
16,14,16
22,10,29
10,6,5
29,12,44
29,10,35
1,18,38
46,17,27
36,16,46
31,5,1
13,14,25
3,5,6
47,14,16
7,16,37
14,15,26
57,10,5
18,13,7
45,18,36
11,12,7
33,11,26
42,18,43
56,8,3
12,13,8
0,20,27
31,14,51
12,14,27
4,19,23
41,12,13
51,17,22
22,11,13
59,14,13
41,14,20
53,13,11
25,13,61
53,20,29
44,11,9
33,14,45
14,15,10
48,19,33
25,9,11
36,14,31
14,13,36
25,8,35
5,17,27
27,10,36
42,16,30
20,11,26
4,9,7
4,11,7
14,16,42
30,14,59
13,16,44
40,14,16
17,16,17
41,18,49
38,18,58
34,18,62
44,12,11
0,2,6
42,17,30
35,12,22
39,17,50
33,16,53
18,12,15
28,14,57
16,4,4
60,11,6
49,20,33
16,12,28
27,8,3
5,16,38
50,7,2
44,23,62
45,17,26
27,11,50
26,7,24
34,13,29
42,22,63
42,16,25
12,15,46
47,17,22
21,11,22
45,18,34
8,17,45
21,10,5
0,15,16
8,11,8
15,15,18
1,20,50
42,19,46
44,18,35
30,9,23
15,13,36
24,8,4
46,10,7
25,12,53
16,13,21
7,17,14
45,22,58
30,6,9
19,11,27
40,20,54
33,6,2
13,15,32
36,12,18
4,16,32
5,18,58
17,12,27
15,13,63
50,20,35
30,10,30
43,14,20
26,8,11
39,16,42
1,13,12
54,13,13
32,11,28
30,9,25
41,14,21
60,15,16
19,11,26
26,9,6
34,12,28
31,15,45
29,10,31
60,11,8
7,15,31
37,19,46
3,5,5
1,0,6
18,13,37
38,16,37
26,12,58
25,9,12
8,19,46
40,14,23
55,8,3
6,13,8
32,16,60
29,11,39
41,9,6
26,8,12
15,13,26
32,14,32
49,12,10
56,13,13
42,13,13
55,10,7
53,10,7
17,12,26
39,18,47
41,17,42
18,12,60
10,16,12
2,18,30
9,15,32
15,14,12
43,13,14
38,18,52
30,7,12
19,11,61
43,22,58
16,13,62
24,9,23
19,13,18
43,12,11
17,12,33
7,17,55
12,15,41
5,18,17
33,13,41
10,16,45
12,16,48
34,9,14
39,18,52
0,19,43
0,14,17
48,18,27
60,22,31
53,23,41
1,20,63
22,13,17
37,11,19
10,16,27
1,11,10
2,12,12
38,14,29
3,19,50
54,15,17
33,15,53
30,11,41
43,18,34
1,17,34
19,12,40
9,16,28
9,15,63
24,9,10
27,7,23
17,14,9
12,13,35
0,0,6
26,10,43
37,17,46
36,14,37
7,2,5
40,12,16
15,13,31
27,12,54
1,14,16
20,13,17
42,17,37
1,20,62
45,10,7
6,17,24
46,20,39
41,18,48
40,7,1
25,12,57
62,23,33
7,10,7
14,13,27
50,19,30
34,9,16
29,13,57
11,17,27
3,18,28
44,17,32
54,19,26
57,16,17
52,12,11
6,4,4
41,19,47
50,17,24
9,1,4
30,6,2
40,15,25
24,9,18
14,12,34
0,19,25
22,11,63
33,12,29
50,14,14
19,14,18
14,14,18
40,8,3
32,14,35
5,17,33
27,8,2
10,16,62
0,21,55
15,14,16
22,10,46
6,18,53
9,2,4
10,14,29
9,18,42
29,12,52
11,1,4
3,12,11
45,12,13
23,13,16
29,11,43
1,20,59
44,20,45
7,11,8
62,18,23
33,13,34
40,14,27
36,13,21
7,14,9
29,15,55
35,8,6
23,10,24
14,13,35
7,14,33
36,16,50
58,18,23
22,10,6
36,18,63
4,19,56
20,12,28
10,15,38
28,10,29
9,15,33
41,8,4
22,12,25
44,14,17
44,5,0
52,23,40
26,9,43
36,9,13
44,23,63
26,9,20
24,8,31
19,12,7
26,8,25
28,16,62
0,17,38
20,11,7
10,16,51
13,12,31
39,17,47
33,5,1
21,12,12
9,14,33
40,19,51
47,23,53
23,6,2
29,6,16
45,16,25
32,16,59
3,16,15
23,12,18
27,8,20
33,13,40
60,23,34
12,15,37
7,14,10
4,19,55
40,9,7
23,9,27
37,15,36
26,8,23
1,19,25
23,10,55
18,12,53
3,20,60
10,17,23
4,20,54
35,16,55
37,6,0
36,11,21
15,13,29
3,17,31
39,15,28
56,21,29
32,15,47
43,21,51
0,18,22
40,19,52
30,14,55
0,21,56
26,11,48
9,15,11
14,14,21
37,16,42
20,12,50
23,10,56
48,15,17
45,16,20
14,14,60
27,6,1
2,12,10
32,15,32
13,14,10
25,10,18
5,13,8
15,13,8
8,13,8
9,16,63
7,18,16
31,7,14
2,19,47
52,22,36
17,13,10
27,14,61
