33,0,59
48,6,46
52,2,32
58,18,61
43,5,53
63,8,30
63,18,49
58,11,45
41,4,54
53,9,46
59,2,19
49,7,50
62,8,29
37,1,56
60,8,36
50,5,41
63,6,20
63,15,44
50,13,62
40,0,47
48,8,52
50,0,30
47,5,47
45,6,55
55,16,62
53,3,31
57,5,30
61,11,40
58,15,54
42,0,38
62,8,33
61,16,50
49,11,59
59,10,42
58,13,47
50,7,47
61,19,61
56,0,19
46,9,59
35,1,57
49,2,35
46,9,62
44,1,40
48,0,31
49,11,62
48,12,63
43,0,39
55,7,39
61,16,54
38,1,51
61,20,63
58,7,35
48,0,30
42,7,61
51,11,57
62,6,22
61,3,21
63,7,24
44,7,51
61,8,32
49,6,45
53,2,29
44,6,53
58,18,63
55,0,21
55,10,47
56,9,42
39,6,63
43,6,58
57,5,32
57,13,51
38,2,55
48,3,40
33,1,63
53,12,54
62,19,56
54,13,57
43,6,56
49,3,39
56,0,20
40,5,60
57,18,63
58,11,42
63,21,63
29,0,63
38,0,46
49,10,54
50,13,61
42,7,59
58,15,56
53,4,34
59,15,51
40,5,58
55,8,39
54,5,37
57,3,27
60,9,37
62,20,62
62,12,42
57,15,56
59,14,50
49,8,51
62,12,41
63,5,20
61,10,37
53,13,60
58,17,58
63,6,18
60,6,26
62,3,18
47,2,39
62,16,50
51,12,57
55,1,25
39,3,53
43,8,61
56,4,27
49,12,62
57,5,31
31,0,60
61,18,55
44,8,61
57,12,49
58,17,59
37,4,61
55,0,23
55,0,19
63,17,53
55,15,60
57,3,24
33,2,62
54,8,43
51,11,54
39,2,54
63,10,34
40,3,51
37,2,59
38,4,60
63,16,49
61,7,33
48,10,62
57,1,22
49,2,34
54,1,28
44,9,62
40,6,60
53,3,32
62,7,28
50,11,56
54,12,53
58,15,53
45,5,50
44,6,54
58,3,25
62,14,46
54,12,51
60,18,61
60,6,31
49,1,34
47,10,61
50,2,34
61,10,36
54,9,47
45,4,44
46,10,61
62,14,47
30,0,63
61,6,27
40,3,53
59,13,47
61,3,20
57,14,55
40,5,59
47,6,47
55,10,46
54,0,23
60,8,33
60,16,54
59,17,60
57,16,60
38,3,57
43,8,62
53,14,62
54,14,58
61,2,17
58,11,44
53,3,34
33,2,52
47,7,48
54,4,33
46,7,54
42,4,54
45,8,61
60,5,27
32,0,62
60,14,50
56,15,57
51,10,55
56,8,41
55,2,27
58,2,23
41,5,58
46,2,39
42,5,55
60,7,31
50,11,55
55,9,43
60,15,49
45,9,51
63,3,17
52,12,58
62,19,59
60,17,58
38,3,56
46,1,35
33,1,52
39,1,49
62,5,20
62,19,57
62,20,63
44,6,57
61,17,57
57,7,36
46,8,58
45,6,54
63,13,43
60,7,33
48,3,38
33,1,54
45,2,42
52,0,28
48,6,47
52,10,50
46,4,44
59,7,34
54,0,21
51,8,48
46,4,47
56,5,32
61,7,27
54,6,39
49,3,36
44,5,51
56,12,50
56,1,23
44,7,58
48,11,57
54,9,44
32,1,61
43,7,63
63,18,50
47,2,38
48,9,57
59,4,26
57,14,56
56,4,28
62,17,54
55,5,35
45,2,43
59,16,58
57,2,22
49,3,38
45,7,57
45,1,38
44,2,44
37,3,59
43,2,46
54,2,28
52,12,56
58,1,19
46,3,42
58,7,36
39,0,49
59,10,38
62,20,61
46,5,46
37,3,58
52,0,24
55,8,41
45,10,63
40,2,51
42,3,51
48,5,43
61,8,34
39,5,61
38,2,52
46,5,48
43,3,50
49,13,58
41,0,43
55,12,51
63,5,19
43,8,63
47,3,40
34,0,56
37,1,54
36,2,61
51,13,60
45,3,42
62,9,33
49,10,56
62,14,44
55,6,38
42,7,62
61,5,23
62,5,21
63,6,19
37,1,55
42,5,56
39,4,60
58,8,35
55,12,49
39,1,51
63,17,49
50,2,33
49,3,37
47,6,49
46,5,50
57,9,41
45,1,37
59,17,59
39,4,59
63,12,40
52,5,36
31,0,63
51,1,30
46,8,50
47,6,48
55,1,22
60,9,36
53,2,28
43,1,44
33,1,53
50,10,54
55,10,44
60,4,21
60,12,43
39,4,62
57,4,31
45,9,63
56,8,40
45,6,51
57,12,46
59,2,17
61,3,18
41,4,56
48,12,58
57,18,62
52,9,48
62,13,43
54,14,57
45,8,52
52,13,60
48,4,42
46,3,41
62,10,37
60,2,17
47,4,43
63,9,34
62,17,50
45,8,58
49,0,30
51,4,35
47,0,35
42,2,47
63,6,21
60,2,18
58,5,28
49,0,31
63,7,25
36,0,52
56,1,22
39,0,47
35,2,63
46,7,49
51,4,39
62,15,49
55,0,17
56,6,33
53,8,45
58,10,40
55,14,58
48,3,39
63,7,19
42,4,50
50,3,33
59,9,38
49,12,63
58,8,37
38,0,49
54,12,55
33,0,58
39,4,57
61,15,49
51,9,48
48,6,45
63,8,31
56,4,31
55,2,25
53,15,62
36,2,60
54,13,58
55,13,53
54,8,41
43,6,57
38,0,48
50,0,29
38,3,59
57,10,41
58,0,18
56,8,39
61,14,48
62,13,42
47,7,51
60,10,37
60,13,44
37,2,50
60,16,53
48,12,57
42,1,45
39,4,61
56,7,37
61,14,44
61,13,43
48,0,33
29,0,50
59,5,27
61,17,54
58,16,58
59,13,46
56,7,36
58,8,36
60,18,56
47,5,48
53,15,63
59,11,41
40,2,48
34,2,61
35,1,60
50,0,22
57,3,23
56,13,55
47,7,53
57,1,20
49,2,32
62,16,49
50,7,45
63,19,56
38,3,58
52,4,37
59,19,62
48,2,37
50,1,32
57,6,33
50,2,32
36,3,63
57,14,51
43,0,38
61,4,19
41,4,53
56,10,44
63,15,45
52,3,34
54,4,34
52,2,30
56,15,61
41,5,55
60,7,34
61,4,22
60,16,55
50,12,61
34,1,62
61,10,38
53,13,57
55,1,26
57,9,39
48,8,51
59,16,57
56,1,21
62,10,36
44,8,58
45,1,41
42,7,63
55,8,42
49,1,32
49,8,50
61,16,52
61,7,32
63,22,62
56,10,46
53,6,37
59,4,25
60,9,35
63,6,22
59,12,45
55,3,30
46,7,56
49,8,49
61,6,29
58,6,31
51,12,58
40,4,55
42,2,45
40,1,46
59,7,35
49,9,52
49,12,61
59,10,39
54,5,36
39,0,45
39,0,48
51,1,31
38,4,59
33,1,61
32,2,53
50,1,22
55,14,56
61,15,51
51,9,50
38,4,62
32,0,50
58,17,60
61,8,35
42,4,53
63,7,27
48,11,59
60,11,43
49,2,37
57,8,39
55,7,40
43,5,55
46,2,42
40,1,50
48,1,34
48,7,52
47,8,52
56,13,53
32,1,53
54,0,22
53,14,61
47,3,42
58,14,49
57,0,18
34,0,47
53,8,46
47,4,45
35,1,59
54,15,62
52,0,27
45,4,49
47,8,57
46,9,60
40,3,56
57,8,40
37,2,56
44,3,44
38,3,55
44,6,56
53,12,57
56,16,62
44,1,37
38,2,54
51,6,42
41,3,52
49,5,43
32,0,60
59,12,44
40,1,48
50,12,59
58,2,19
53,0,24
48,5,42
52,7,42
52,6,40
51,0,27
50,12,62
56,7,38
57,14,53
42,2,48
56,15,59
45,3,46
57,13,53
43,4,48
53,0,22
46,9,61
53,8,44
61,20,61
59,5,25
50,1,23
46,3,40
63,6,23
48,11,63
53,13,56
43,1,41
35,0,47
61,5,25
61,3,17
62,6,19
61,6,26
32,0,53
59,19,63
62,12,38
61,9,35
48,4,44
36,0,49
63,11,35
40,3,55
59,8,35
58,4,24
53,10,50
46,5,49
52,8,44
48,7,51
44,5,50
58,11,46
46,4,46
55,1,21
50,5,39
50,5,40
61,9,33
38,3,50
54,2,26
51,1,32
62,6,26
49,6,43
46,6,49
59,15,55
59,4,22
48,8,55
42,0,40
37,3,61
58,5,29
52,9,50
53,4,33
35,0,57
61,18,56
57,4,30
32,1,52
55,1,23
60,2,19
62,17,49
56,11,47
55,6,37
58,10,43
42,7,60
54,5,34
55,2,26
61,14,49
59,18,59
56,17,63
53,6,41
41,2,51
41,5,60
54,2,27
39,5,60
39,5,63
63,14,44
42,3,52
53,11,54
60,17,56
46,2,41
61,4,23
38,5,62
37,2,49
45,5,51
61,7,30
59,2,20
59,16,54
53,2,30
52,14,62
39,4,58
54,1,24
39,1,47
56,14,53
59,8,37
54,9,45
49,8,48
46,4,45
38,2,50
61,15,48
52,5,37
43,6,59
49,5,42
40,6,63
37,0,49
57,4,26
45,2,44
56,5,33
36,1,56
45,5,49
57,5,33
42,0,43
61,19,59
60,3,18
49,6,44
48,4,40
62,13,41
63,14,46
35,1,58
52,3,35
59,16,53
55,4,33
61,9,36
43,1,40
38,1,52
58,19,63
57,8,38
43,0,40
44,7,59
36,0,50
46,6,50
42,3,50
43,0,37
60,11,40
51,6,43
41,6,60
61,16,53
62,11,37
54,13,55
49,7,49
45,4,47
61,14,45
54,6,36
49,1,31
48,2,38
50,11,60
56,15,56
52,6,39
41,7,62
55,2,28
63,16,47
61,17,52
58,1,17
46,2,38
58,3,24
60,10,38
62,16,48
32,1,63
60,3,19
34,0,53
51,13,61
58,1,18
45,8,51
52,7,41
34,1,47
39,1,48
61,19,57
62,17,55
53,0,25
49,4,42
43,3,45
37,3,50
62,11,40
63,5,21
53,8,43
44,6,55
55,7,37
44,8,62
59,6,30
59,9,37
53,10,48
44,8,59
43,3,49
47,0,33
56,13,52
56,1,20
61,11,38
61,6,25
49,2,33
34,2,62
41,1,44
60,4,24
45,0,35
50,8,48
60,12,45
62,15,50
48,2,36
36,0,54
41,0,42
53,12,53
58,7,34
39,2,55
47,8,56
49,9,56
49,4,40
43,3,48
47,3,39
57,1,18
51,0,30
47,2,40
51,6,44
44,0,39
47,1,35
56,11,48
51,9,51
53,13,59
62,4,19
40,0,44
50,8,50
35,0,53
44,1,41
45,7,58
53,13,58
53,7,42
53,11,51
50,0,27
51,1,29
53,10,51
60,15,50
54,1,23
46,0,34
53,11,53
61,12,41
55,11,49
37,4,49
59,9,36
48,0,32
59,14,51
58,15,52
48,10,60
57,6,34
35,3,63
42,3,49
46,1,36
56,12,51
62,7,26
58,14,51
61,13,46
54,1,27
49,9,55
44,2,42
50,9,51
60,11,42
47,2,37
61,9,37
51,3,36
59,8,34
48,5,45
42,5,57
39,1,50
51,5,39
56,3,29
61,5,22
57,0,20
41,6,61
49,8,53
44,1,42
41,2,48
42,0,42
55,10,45
53,10,52
61,12,44
62,3,17
41,3,50
36,3,62
47,4,42
43,2,44
34,2,63
60,7,30
58,8,38
60,14,48
50,13,63
49,11,57
41,3,54
56,1,19
47,0,32
52,4,36
36,0,55
57,1,19
62,11,38
63,14,43
53,5,37
50,11,59
60,19,61
49,10,58
58,9,39
56,10,45
50,6,46
44,7,57
34,0,59
40,0,43
38,0,51
47,8,50
33,1,60
54,13,54
55,14,60
51,0,28
63,18,51
50,9,52
37,2,55
50,6,43
34,0,58
47,10,63
40,4,58
44,2,41
52,10,51
36,1,57
53,12,56
54,10,46
56,15,58
37,4,63
58,5,27
61,12,40
62,8,28
60,14,49
51,2,34
60,13,48
60,17,59
49,9,53
59,10,40
60,11,41
58,9,41
58,9,40
55,9,42
52,3,32
48,12,62
41,5,57
50,9,54
46,1,38
60,5,25
47,8,54
45,9,62
63,9,32
45,4,46
54,14,60
44,2,45
41,7,63
60,15,51
60,17,57
54,8,42
44,1,38
54,3,32
46,6,48
36,1,58
59,8,36
57,17,60
60,9,38
42,1,44
50,11,58
49,10,57
45,9,61
50,11,54
43,5,52
52,13,57
54,9,43
56,5,35
53,1,29
57,3,28
54,12,54
60,11,39
60,4,25
45,5,52
62,12,40
60,13,46
35,3,62
48,4,41
61,17,53
47,9,59
61,6,28
37,0,53
48,1,33
50,3,35
55,0,20
51,4,36
46,7,50
54,11,50
54,2,29
60,7,28
57,17,63
58,16,55
56,16,59
40,6,61
48,3,37
52,5,39
61,8,30
50,8,47
34,3,63
63,19,58
42,5,54
53,11,52
52,1,27
40,4,57
49,13,57
44,0,37
57,7,37
62,3,19
53,1,30
63,11,36
63,17,50
48,8,54
62,7,25
45,3,44
40,3,54
57,9,42
54,2,30
57,15,54
57,14,54
44,2,40
39,3,56
50,1,30
59,11,44
62,13,45
51,7,42
53,14,59
46,7,52
48,1,32
47,10,62
50,8,51
42,1,42
48,9,58
49,4,38
34,1,61
58,10,42
37,1,50
54,4,32
59,5,29
55,8,43
63,16,50
52,2,31
42,4,51
61,19,60
56,13,54
62,17,53
35,2,59
45,2,39
61,14,46
45,7,53
62,4,18
47,7,49
60,13,45
48,11,58
58,6,33
38,3,49
59,5,30
63,11,37
62,15,47
56,6,37
45,7,52
43,5,51
51,13,63
59,15,52
63,4,18
50,8,49
51,6,41
56,0,21
57,2,25
37,0,48
62,14,45
53,1,26
58,12,45
58,17,57
63,18,56
58,14,50
56,9,41
53,1,25
46,0,36
39,3,54
51,5,38
52,1,28
58,16,59
41,1,48
49,6,46
45,1,40
63,12,41
49,10,55
42,2,49
36,0,53
35,0,48
58,18,62
58,12,46
46,6,51
41,6,63
54,3,30
45,4,48
53,9,48
54,7,42
43,0,36
49,11,63
45,3,43
57,16,57
59,11,42
47,9,58
43,4,49
56,13,51
43,3,46
57,12,48
54,14,59
54,6,38
63,9,33
37,3,62
51,10,54
41,2,49
48,11,60
40,1,49
62,21,62
57,2,21
60,3,22
60,3,21
44,7,56
59,14,52
53,6,40
47,2,36
40,2,52
46,3,44
45,5,48
56,9,43
45,6,52
37,1,52
50,4,39
58,17,63
61,8,29
58,0,17
59,15,53
54,1,26
56,14,55
39,3,58
61,11,39
50,0,28
47,11,63
53,2,31
52,11,55
54,10,47
63,17,52
41,1,45
63,8,29
61,12,42
63,19,57
41,6,58
42,6,57
59,7,31
52,14,63
58,4,29
52,7,43
60,4,22
53,10,49
55,8,40
57,9,43
32,0,52
55,11,46
55,11,51
62,6,24
59,14,49
54,0,24
52,4,34
51,8,46
60,18,60
53,14,63
62,17,52
57,2,23
58,7,33
38,3,61
63,6,24
36,1,54
47,8,48
51,7,43
61,19,58
62,20,60
55,5,34
44,3,45
58,4,25
50,9,50
43,2,47
45,1,39
51,2,31
44,4,51
51,14,63
60,16,51
63,20,59
58,5,30
60,8,35
55,16,61
51,0,29
61,8,31
37,1,51
59,17,58
57,12,47
51,2,32
47,10,60
34,0,48
40,0,45
47,8,55
53,0,23
62,15,48
43,4,50
32,0,61
40,1,47
48,9,54
55,14,55
51,4,38
52,11,56
58,13,50
44,0,36
41,1,46
59,9,39
62,7,27
61,13,45
56,12,49
60,18,59
63,14,45
49,13,63
63,21,60
47,9,57
54,4,35
57,10,43
43,4,51
56,2,25
55,5,36
52,11,53
37,2,57
60,7,32
42,6,61
48,1,36
58,16,56
63,15,47
63,18,53
56,14,56
60,7,29
57,7,35
62,15,46
43,2,43
63,9,29
49,11,60
53,3,33
51,5,40
40,4,59
63,4,17
32,0,59
58,3,22
55,12,53
62,5,22
50,7,48
49,14,57
55,15,58
51,10,51
33,2,53
41,0,45
48,0,34
63,20,60
44,3,48
56,3,30
49,5,41
41,4,57
61,3,19
39,5,59
37,1,53
50,12,60
58,15,55
53,4,35
52,10,52
63,10,36
59,16,55
55,12,50
62,8,32
49,1,33
34,1,59
59,2,18
50,10,57
63,9,31
60,6,30
61,10,39
52,9,46
58,12,44
61,4,18
58,14,54
53,2,32
62,5,24
61,12,43
46,8,56
62,20,59
58,2,22
63,16,48
59,12,46
46,10,63
42,4,55
58,12,48
55,11,50
60,16,52
62,8,30
49,12,58
61,5,26
33,0,60
60,15,53
50,6,44
49,11,61
57,15,53
60,14,45
59,13,45
37,1,48
52,8,46
44,3,46
44,8,60
52,10,53
41,2,50
52,1,30
38,2,56
46,8,48
54,3,31
53,12,55
60,6,29
44,6,51
46,10,62
43,7,62
63,7,28
43,2,45
47,9,49
61,7,28
47,7,50
60,10,40
57,15,58
61,19,62
59,18,63
52,7,44
60,12,44
55,16,63
54,11,52
56,3,26
47,7,52
63,8,27
35,1,48
60,18,62
54,6,40
61,11,37
57,13,50
54,7,40
31,1,63
57,16,59
52,12,55
43,1,42
63,12,39
55,4,32
49,9,54
56,12,48
53,0,26
62,19,60
51,11,55
55,3,31
62,9,32
55,2,29
50,10,55
63,7,18
52,14,61
48,14,57
44,0,38
44,8,63
62,11,39
49,1,35
36,4,63
59,3,22
63,11,38
63,18,55
36,3,61
53,5,39
45,9,52
51,10,53
48,6,48
59,6,33
35,0,52
62,18,54
45,8,59
61,15,50
60,18,58
38,1,54
57,11,46
40,0,42
61,18,57
38,1,50
56,4,29
31,0,61
48,10,59
43,7,59
39,3,57
47,3,41
49,12,60
54,2,31
41,3,51
58,6,32
53,1,28
50,9,53
56,2,26
62,9,34
44,4,49
59,1,17
52,12,57
57,17,62
58,6,34
44,7,60
37,3,63
54,15,63
62,21,63
61,7,29
56,16,63
61,16,51
39,3,55
59,10,41
47,4,41
55,11,48
54,11,51
57,2,20
52,9,49
48,7,49
51,6,40
42,6,60
57,12,50
60,19,60
57,16,61
53,5,36
48,2,34
54,7,41
49,0,29
60,5,24
54,7,39
61,5,24
33,0,52
43,3,47
45,7,56
49,4,39
61,5,21
39,2,52
56,3,25
32,1,62
59,2,21
51,8,49
56,16,58
58,13,51
51,3,37
56,6,36
61,14,47
55,7,38
62,18,56
46,1,37
54,12,52
63,4,19
62,16,52
50,9,55
37,1,49
59,17,57
52,8,45
62,5,23
59,11,43
55,6,36
61,13,44
54,11,49
54,8,44
52,10,49
50,11,57
42,4,52
56,14,57
57,10,44
52,8,43
62,5,19
55,6,35
51,12,61
44,4,47
61,18,59
36,1,55
57,10,45
53,5,38
47,9,56
46,4,43
50,2,35
51,2,33
31,0,62
62,20,58
46,7,55
63,20,57
34,0,55
45,8,60
48,6,49
51,10,52
59,3,24
63,18,54
52,5,38
47,5,45
38,2,53
36,2,59
60,17,55
59,5,26
60,2,20
48,2,35
51,8,45
52,12,53
42,5,53
59,3,21
58,12,47
53,7,43
45,0,36
43,7,58
53,11,55
56,11,46
55,11,47
45,7,55
56,3,28
45,7,54
54,6,37
59,1,18
52,13,56
41,6,59
45,3,45
52,11,54
46,7,53
57,6,35
61,4,21
55,3,27
41,3,49
42,6,62
37,3,49
45,2,40
43,0,41
45,0,37
63,15,48
51,0,23
63,15,46
62,7,30
45,8,57
59,13,49
56,4,30
62,6,18
56,14,54
63,13,42
48,8,53
54,15,61
53,7,41
61,9,34
47,9,60
59,17,56
39,2,51
51,12,60
50,10,56
39,5,62
59,18,61
35,0,54
62,14,43
60,4,23
45,5,47
58,2,20
45,2,41
59,14,48
63,5,23
47,1,36
56,11,45
57,1,21
57,8,37
59,15,54
41,2,47
57,9,40
50,2,36
38,2,57
56,16,60
57,15,57
52,8,48
61,11,41
63,17,51
62,16,51
62,4,20
51,7,46
46,8,49
55,2,24
33,1,62
54,11,48
46,0,33
59,4,24
39,2,53
48,11,61
50,10,53
56,11,49
34,1,60
42,1,43
46,9,58
58,2,21
38,3,60
56,7,39
58,17,62
63,19,55
40,3,52
37,0,51
58,1,20
48,11,62
44,1,43
50,5,42
56,0,18
63,22,63
38,4,61
50,3,34
35,2,62
60,3,20
57,4,28
60,13,47
53,5,35
49,11,58
44,7,52
52,9,47
54,10,48
41,0,40
63,17,48
57,16,58
40,2,49
59,13,48
57,11,44
62,10,35
46,8,57
63,5,18
58,14,53
60,5,26
56,13,50
60,5,28
61,18,60
56,5,31
38,4,63
53,8,42
40,0,46
37,0,50
43,7,60
53,11,50
41,5,59
58,5,31
56,2,23
58,11,43
42,6,59
57,11,47
50,1,31
42,5,58
50,3,37
43,4,53
54,13,56
41,6,62
61,17,56
46,8,55
41,0,44
47,3,43
55,13,52
57,14,52
60,20,63
60,17,54
44,6,52
51,3,34
62,13,44
44,4,48
63,13,41
59,12,43
47,6,51
60,14,46
63,20,58
42,3,47
50,1,33
57,4,27
63,8,26
36,2,57
56,6,34
37,4,62
50,3,36
52,11,52
56,15,60
41,0,41
51,3,33
58,14,52
50,12,63
59,6,32
50,4,37
55,0,22
57,13,49
43,1,43
62,6,25
57,0,19
55,12,52
43,4,52
47,1,34
48,10,57
62,19,58
38,2,49
46,0,35
52,4,38
56,5,34
33,0,61
45,9,60
61,20,62
59,3,23
55,5,33
48,13,58
54,1,25
59,16,56
35,0,55
50,0,23
48,8,56
36,3,60
40,4,56
57,3,26
57,3,25
59,4,27
57,7,38
56,17,62
38,1,49
59,18,60
51,11,56
63,12,38
63,10,33
53,9,47
49,7,46
34,0,57
36,0,51
60,6,27
57,16,62
53,6,39
41,4,55
45,6,53
42,3,48
46,9,63
53,1,27
55,10,48
33,0,46
63,8,28
54,3,33
47,4,44
38,0,47
52,11,51
63,21,61
59,7,33
43,6,55
43,5,54
44,3,47
52,4,35
47,10,59
48,5,44
47,0,34
58,15,57
52,13,58
61,4,20
56,8,38
50,4,40
56,9,44
54,14,61
62,8,31
58,17,61
35,1,47
53,4,36
61,8,33
46,8,59
50,6,42
63,21,62
47,5,46
49,0,32
52,8,47
49,12,57
62,18,55
54,15,60
48,9,56
52,10,54
53,14,58
42,0,39
63,18,52
55,15,59
58,10,41
41,1,47
48,4,43
55,15,62
44,5,49
46,9,48
57,4,29
63,21,59
49,8,52
54,16,63
49,10,59
60,19,63
55,9,44
54,5,35
52,0,25
50,6,45
61,17,55
59,4,23
57,6,32
57,17,61
60,18,57
36,2,58
58,16,57
59,12,47
42,6,58
60,15,52
51,8,47
46,9,49
42,0,41
59,6,29
62,6,23
37,2,58
40,5,61
43,7,61
55,9,45
47,0,31
55,14,57
62,18,57
59,6,31
63,8,18
46,3,43
50,3,38
62,9,35
56,4,32
55,13,56
46,6,52
55,3,28
55,4,34
47,5,44
39,0,46
38,5,63
57,15,55
60,6,28
33,0,54
44,4,50
44,9,63
56,0,17
52,5,40
46,10,49
44,5,54
56,16,61
55,1,24
48,13,57
52,3,33
56,2,24
40,5,63
55,4,31
38,0,50
59,18,62
40,6,62
56,2,27
63,12,37
54,10,49
59,1,19
61,7,31
35,0,56
50,4,38
57,2,24
56,10,43
40,2,50
63,8,19
53,14,60
53,10,47
47,7,54
50,7,46
49,5,44
41,5,56
42,1,46
42,2,46
57,10,42
55,15,61
63,6,25
62,4,21
56,6,35
47,10,58
57,11,45
62,19,61
63,16,51
58,13,49
53,7,40
37,2,60
44,1,39
49,2,36
40,5,62
33,0,57
51,3,35
58,3,21
36,1,53
56,3,27
57,13,52
58,9,38
33,3,53
54,10,50
62,12,39
58,5,32
59,15,50
52,2,33
33,2,63
60,12,42
51,13,62
62,17,51
48,10,61
63,7,26
35,1,56
31,1,62
54,7,38
36,2,62
51,11,58
53,14,57
63,5,22
52,7,45
54,9,46
52,13,59
58,13,48
61,16,49
43,5,56
51,9,52
52,1,31
52,13,62
48,5,46
44,5,53
48,9,55
52,6,41
33,0,47
45,7,51
51,0,22
49,6,47
48,7,48
45,4,45
60,10,39
47,1,37
46,2,40
60,19,62
48,7,50
62,7,29
53,6,38
58,4,28
35,2,61
49,7,47
47,6,50
59,5,28
51,4,37
51,5,41
52,12,59
59,3,20
60,14,47
55,14,59
52,0,26
51,7,45
48,10,58
44,2,43
47,11,62
51,7,44
37,3,60
35,2,60
44,5,52
53,9,45
51,9,49
62,4,22
47,8,53
46,7,51
60,8,34
37,0,52
46,5,47
49,4,41
61,18,58
63,13,40
51,12,59
63,20,61
52,13,61
58,4,27
48,1,35
55,3,29
52,6,42
55,13,54
52,1,29
51,0,26
46,7,48
63,14,42
63,9,30
47,8,49
38,1,53
41,3,53
55,13,55
34,1,58
58,3,23
30,0,62
33,0,53
59,7,32
49,7,48
63,10,35
58,2,18
57,0,17
48,15,57
56,12,52
42,6,56
58,4,26
