25,2,27
48,7,12
61,0,18
28,13,8
48,8,9
30,15,11
43,12,8
43,11,6
30,22,2
17,3,33
48,10,6
6,3,40
37,1,29
62,7,1
63,1,10
47,5,16
0,23,26
25,15,12
22,0,35
30,16,10
56,1,18
18,11,21
24,15,9
30,4,21
60,1,11
3,19,25
1,5,42
62,6,2
1,23,20
55,2,14
56,6,5
56,0,19
6,6,37
46,0,20
45,1,24
1,0,45
40,7,19
27,12,12
41,4,20
10,2,39
25,3,27
26,9,19
58,6,5
23,0,35
47,2,23
36,13,10
18,14,15
24,9,24
50,15,0
8,1,41
42,7,18
7,4,38
12,10,24
6,11,30
14,0,41
18,12,17
21,3,33
42,11,8
35,20,5
25,17,9
49,20,2
17,2,33
21,13,21
33,7,17
59,6,3
18,17,5
51,3,14
23,16,12
48,0,26
47,12,10
43,12,13
21,1,32
50,2,16
10,5,35
17,18,14
3,20,22
2,19,26
13,16,16
20,17,14
17,12,18
55,0,20
9,4,35
45,15,3
33,3,22
37,17,0
1,19,27
6,14,27
11,6,31
23,8,20
26,5,28
1,17,28
50,0,18
48,6,15
35,17,6
32,7,23
17,20,6
12,22,19
44,14,1
44,6,15
14,21,7
36,4,22
24,2,27
24,7,21
39,8,14
63,8,0
7,8,34
46,3,22
28,4,21
37,18,5
6,15,25
16,2,33
18,15,9
33,14,11
47,0,22
20,17,4
18,8,28
23,2,33
26,15,13
54,4,12
13,23,10
2,22,19
28,23,1
21,11,17
34,19,8
22,1,33
11,14,21
12,3,32
18,6,29
20,9,18
36,4,24
12,18,19
27,2,25
46,5,18
35,16,8
5,4,42
14,19,14
48,9,10
18,4,30
19,15,11
39,6,24
41,18,1
27,8,19
63,1,7
37,6,20
32,15,9
51,8,9
35,19,2
23,0,34
23,3,32
26,7,20
3,21,23
27,15,7
27,7,20
27,12,14
44,20,0
28,1,28
33,7,21
17,11,23
21,20,2
40,5,20
26,11,21
25,0,36
18,14,12
36,1,27
9,20,18
33,11,17
44,10,8
52,8,7
18,7,26
51,20,0
18,0,36
0,18,31
37,23,0
18,2,31
41,5,18
59,4,7
27,11,21
58,11,0
40,12,11
32,8,23
39,12,8
41,5,23
18,13,15
53,6,12
35,6,20
51,11,3
46,12,4
43,0,27
63,4,7
28,1,29
4,15,30
8,1,40
16,18,11
39,16,5
53,8,4
17,9,21
41,18,5
19,21,3
9,4,36
45,15,1
21,9,17
4,15,26
53,9,5
48,3,15
1,2,43
44,2,19
22,21,3
45,0,27
10,3,36
20,11,17
8,23,11
15,15,12
26,17,6
37,0,29
42,9,15
43,7,14
12,23,6
43,10,9
44,11,6
54,1,15
55,1,15
19,3,29
48,4,13
14,20,10
34,11,16
13,21,9
21,14,14
16,15,15
34,9,16
0,21,30
35,10,15
22,2,30
20,0,36
51,0,25
61,3,10
22,10,16
17,11,21
51,7,11
21,1,34
35,10,16
8,22,16
63,2,14
39,6,17
23,9,16
37,16,6
28,0,32
27,22,4
13,22,9
33,19,7
47,0,28
0,5,37
15,1,37
48,3,17
31,22,2
45,0,26
15,7,26
43,11,12
50,14,5
12,14,21
10,6,29
50,14,4
4,8,37
61,4,5
21,17,3
33,13,12
18,9,22
34,23,0
22,15,12
42,0,25
18,11,22
56,6,6
39,12,14
19,8,26
27,16,9
14,7,27
51,21,0
22,13,15
8,3,39
33,4,23
43,1,21
8,7,36
32,5,25
17,17,16
44,5,21
43,9,12
26,16,8
28,14,8
46,6,12
5,20,22
37,17,8
44,14,6
0,18,30
44,13,4
25,20,5
19,7,27
24,1,31
31,19,6
18,8,24
30,12,12
35,16,9
27,1,30
25,3,26
12,20,18
29,11,11
17,8,23
25,10,15
14,2,36
3,3,41
23,7,24
40,14,3
1,13,36
40,11,9
16,14,18
25,16,8
63,1,14
24,9,23
31,12,16
44,13,6
43,18,4
44,5,20
6,10,29
19,7,28
35,19,4
28,10,14
51,5,13
14,19,9
40,3,26
4,0,48
25,4,25
33,1,26
26,11,14
31,10,14
2,23,22
18,22,2
36,20,7
15,8,28
21,1,30
29,6,19
17,17,8
10,21,13
46,5,19
42,7,13
20,9,22
39,4,21
1,18,30
47,18,0
48,3,20
43,1,27
29,7,21
43,4,16
43,5,20
45,2,21
43,15,1
23,17,12
49,1,23
26,9,22
9,6,33
18,21,5
41,5,21
25,6,23
17,23,6
30,7,18
14,6,31
18,15,14
14,1,41
46,13,9
41,11,12
27,4,22
47,3,16
10,22,17
23,13,13
62,2,7
29,14,13
2,17,26
25,2,32
48,13,5
13,20,17
19,11,24
9,23,11
37,4,23
20,11,22
19,9,24
46,11,5
20,21,1
38,15,9
19,3,31
20,7,26
2,13,35
35,16,7
24,7,25
24,13,12
58,0,13
18,18,5
38,7,20
1,22,21
12,0,42
22,8,27
33,18,7
31,0,32
25,0,32
30,11,14
24,6,27
56,3,12
35,6,21
18,3,32
14,23,10
36,11,18
30,1,26
61,3,6
35,1,27
27,16,12
22,7,20
51,12,0
50,13,1
3,16,30
19,17,8
29,10,18
49,0,26
33,8,18
42,5,19
54,5,7
1,0,47
22,16,9
27,9,16
49,8,13
51,14,4
60,7,2
6,12,24
29,18,5
31,23,3
52,6,8
9,8,29
25,17,8
20,16,7
41,5,17
35,15,9
12,7,28
35,19,6
16,9,26
36,13,8
39,4,26
20,0,33
27,6,25
15,13,17
3,10,36
16,4,31
17,5,33
27,13,10
46,4,18
17,20,5
50,18,1
26,3,26
19,13,13
48,2,16
21,5,29
21,18,4
12,23,12
40,12,7
17,9,27
1,23,24
48,1,19
16,0,40
15,8,24
57,0,14
25,19,6
36,23,0
3,12,31
9,4,37
55,9,4
21,7,25
31,21,6
43,16,4
41,12,5
26,18,6
25,1,30
19,3,34
7,20,19
44,18,0
33,21,7
53,10,2
56,6,4
29,11,15
12,20,16
54,7,4
20,18,10
20,17,12
43,8,16
35,14,10
0,1,47
43,11,8
11,19,20
51,6,11
54,10,3
41,0,25
49,0,22
36,20,4
32,8,22
33,11,14
3,22,23
50,4,13
33,4,25
34,20,4
55,9,1
18,14,13
43,17,1
54,2,20
55,11,1
15,1,36
36,0,27
53,6,6
31,18,6
14,20,8
26,10,17
8,21,18
23,7,21
35,10,14
7,8,30
27,3,25
21,2,36
57,6,6
24,0,38
8,20,19
50,20,2
25,15,8
31,12,13
26,15,12
32,0,26
33,23,0
34,0,27
10,22,14
46,1,21
26,3,24
8,5,36
8,23,17
14,2,34
1,5,36
32,23,1
32,12,15
38,13,10
35,13,12
25,14,7
17,7,31
2,22,20
48,5,18
42,10,8
23,14,9
16,17,14
20,9,19
11,7,32
25,7,20
34,13,11
0,23,25
15,4,32
49,11,5
1,21,28
20,11,19
40,12,13
54,3,10
10,6,35
11,20,19
10,8,34
37,19,4
1,21,24
18,22,4
22,4,32
43,5,14
41,15,9
15,4,33
51,3,16
48,4,18
19,16,10
1,1,41
21,8,21
47,11,5
44,12,5
4,21,20
27,16,5
2,5,39
53,11,1
9,1,39
56,1,14
7,6,34
25,23,1
23,16,8
44,3,23
42,16,1
44,16,4
36,6,21
27,15,8
11,3,35
49,11,6
40,10,9
19,9,23
12,0,38
50,15,5
54,6,6
5,2,39
43,11,9
25,16,9
30,12,15
5,2,41
3,0,40
14,18,11
7,7,34
29,3,22
26,6,24
15,21,6
32,10,17
6,16,25
12,3,36
27,18,9
35,21,1
52,11,7
52,9,7
19,18,9
20,20,9
11,6,30
16,7,25
45,7,11
29,15,9
0,0,47
33,17,7
27,11,15
29,5,19
15,14,15
28,9,13
57,7,3
22,5,26
2,23,21
19,18,4
10,9,26
58,1,14
16,0,42
49,1,22
38,11,9
42,16,2
35,17,8
23,13,10
27,1,29
23,22,0
54,3,12
17,6,29
50,0,20
30,6,25
49,0,27
16,17,11
37,7,21
43,4,19
27,4,25
23,5,26
53,10,1
22,22,0
36,9,18
46,4,20
19,15,16
49,1,20
42,2,23
28,11,13
20,12,16
42,14,7
6,23,20
31,21,4
52,1,19
2,11,34
20,10,25
36,3,23
17,13,17
60,8,5
12,8,27
36,15,6
16,15,14
55,8,6
21,12,18
39,18,5
25,8,18
22,16,10
23,14,12
30,10,16
52,6,10
11,22,11
16,22,4
49,7,14
11,1,38
59,7,4
37,8,16
5,22,17
3,14,29
10,19,20
18,16,8
46,14,2
7,21,17
19,19,9
12,21,14
42,13,3
56,3,19
40,13,4
28,11,11
54,0,16
41,12,7
9,1,40
22,14,12
20,16,16
57,2,14
32,4,22
23,12,20
0,22,27
45,7,10
58,1,12
19,6,29
37,20,3
17,9,25
54,2,12
37,15,8
22,7,21
14,16,21
27,23,3
29,1,34
16,13,17
23,17,3
34,7,21
14,20,7
12,14,24
43,8,17
45,5,21
29,4,20
32,3,25
21,0,35
48,21,1
23,1,32
30,2,30
39,7,23
6,12,27
11,2,40
45,9,10
56,9,1
56,3,18
4,14,30
22,20,2
23,11,20
12,17,14
11,21,11
6,10,31
31,7,18
3,13,28
43,10,13
54,4,10
25,13,13
21,5,28
54,9,8
19,1,33
48,2,17
51,8,12
17,21,6
40,5,22
16,12,20
7,4,39
60,8,0
1,1,43
27,1,33
15,1,39
56,11,1
19,9,22
16,23,4
59,5,5
47,0,20
32,6,21
23,9,20
37,14,5
40,11,11
56,2,15
40,7,14
6,6,38
7,10,29
36,8,19
30,12,11
3,17,26
20,4,29
42,8,16
4,3,38
40,5,18
39,0,28
21,16,8
63,8,1
18,0,35
17,11,22
32,4,25
21,0,37
29,4,26
33,20,3
10,23,16
59,0,14
16,6,32
32,16,6
12,16,21
55,1,18
39,6,20
13,22,8
42,6,16
19,10,18
39,17,0
9,11,24
16,7,28
17,9,22
18,14,16
23,7,28
30,14,8
62,2,8
10,19,19
40,9,12
19,8,28
55,10,0
19,5,29
24,3,26
34,10,14
6,22,20
40,8,14
35,5,20
18,9,27
22,10,22
15,22,5
0,15,33
17,17,11
13,12,24
20,2,36
9,23,17
5,14,23
26,23,2
53,6,9
25,3,31
53,3,11
54,2,15
2,10,36
35,5,21
63,5,8
38,4,26
18,7,28
50,6,10
14,14,16
39,10,14
8,6,32
31,9,16
53,8,12
4,4,41
20,5,25
10,12,24
51,12,6
24,14,11
29,11,19
20,8,25
18,13,13
59,0,13
30,1,25
60,6,2
51,9,7
40,8,17
12,16,15
58,4,8
49,6,16
36,9,16
25,1,29
44,0,28
39,13,10
17,11,18
55,9,3
16,14,17
44,8,12
29,15,11
20,16,6
3,0,45
21,3,31
22,16,8
8,15,21
21,15,15
36,5,22
4,16,23
47,5,15
33,0,28
52,12,0
4,0,41
38,19,0
41,8,11
49,21,0
48,22,0
59,0,12
15,15,14
35,1,26
41,1,22
20,1,35
43,11,13
16,10,23
21,2,32
20,8,29
9,20,20
7,13,25
45,12,7
63,6,5
63,0,15
49,8,15
21,18,3
13,18,17
14,8,28
26,5,30
3,22,20
43,4,17
35,18,4
13,1,42
25,9,18
18,16,12
24,11,15
27,9,17
11,2,36
25,0,35
22,1,31
12,23,18
8,6,34
29,1,27
4,23,19
34,6,22
40,6,19
19,11,17
26,22,3
59,5,4
42,1,24
51,9,10
26,5,21
40,10,15
27,23,4
11,9,25
5,21,19
8,0,41
44,10,13
1,4,42
43,16,3
23,23,0
1,20,29
24,9,19
42,18,0
20,17,7
2,21,28
53,7,7
26,18,8
39,14,4
13,14,21
46,14,5
15,0,36
22,12,19
43,14,6
46,11,6
48,14,3
43,13,4
12,7,32
12,19,16
23,6,27
12,17,20
22,16,7
55,4,11
40,15,7
3,1,41
0,2,46
14,9,28
3,2,41
7,5,35
41,7,16
28,13,10
42,7,12
23,10,15
13,22,10
12,18,15
44,14,9
40,11,8
25,12,10
28,8,17
11,4,37
5,5,38
61,0,13
15,0,38
2,2,42
52,10,7
63,6,4
13,22,6
21,6,23
32,22,2
43,16,2
12,6,30
31,15,9
14,14,15
47,9,11
20,1,34
23,23,1
0,23,20
41,15,5
5,10,31
20,0,37
3,15,29
12,5,31
23,7,26
39,4,20
25,1,33
38,18,2
6,11,28
40,3,22
51,14,2
57,4,10
16,15,13
36,13,9
22,20,3
49,19,2
15,10,28
24,21,3
22,19,3
41,16,5
46,16,1
10,3,37
41,3,24
47,0,25
23,11,13
62,5,3
55,1,12
55,8,2
9,7,28
45,0,25
20,4,28
60,4,7
17,15,18
58,3,8
12,0,40
3,23,19
24,3,31
15,15,15
9,5,35
26,4,22
52,10,2
42,10,9
29,14,9
9,11,28
13,15,21
26,2,27
32,5,21
5,6,36
43,7,12
17,18,7
38,13,8
18,15,17
23,0,32
43,13,3
30,19,5
3,23,21
19,11,20
21,11,22
6,12,29
50,0,22
18,18,9
8,7,34
31,1,24
8,6,36
51,19,0
28,5,22
58,5,7
21,3,30
6,8,33
34,5,26
29,17,10
19,10,17
24,4,26
39,12,13
40,4,25
34,7,18
29,9,17
21,9,22
56,9,0
23,4,31
58,9,4
58,7,5
15,4,30
14,23,3
48,1,25
48,10,9
25,2,29
24,1,34
44,13,9
30,16,7
22,0,37
37,16,1
49,12,5
56,3,15
60,4,5
22,10,18
6,7,38
32,12,12
7,20,18
16,22,6
37,14,7
38,20,0
60,0,14
49,0,25
26,16,7
10,14,21
23,10,21
49,4,17
36,18,5
40,16,7
53,0,19
37,17,9
0,19,30
5,5,39
24,23,2
43,9,13
35,14,11
11,23,11
37,9,15
51,10,7
51,9,11
10,4,36
43,14,3
44,14,2
10,10,26
61,8,4
17,10,23
48,4,15
23,10,23
15,11,21
10,7,29
14,0,42
7,4,37
18,8,26
60,5,7
17,19,10
61,5,6
5,4,39
0,17,31
4,20,22
45,5,14
24,1,29
35,18,5
52,6,12
30,6,21
59,1,16
30,13,10
42,8,18
5,2,40
8,9,28
57,8,4
14,14,22
2,14,34
18,5,31
52,8,10
36,15,5
29,1,32
25,17,6
6,8,35
9,22,13
47,4,17
39,15,6
24,3,25
20,10,24
50,9,7
12,15,21
28,6,19
23,0,36
4,14,27
9,22,12
28,14,12
7,13,22
47,14,4
47,4,16
49,16,4
13,4,34
22,7,28
3,4,36
16,13,22
51,4,13
8,5,38
23,17,5
8,21,17
33,8,16
28,18,4
28,4,20
7,10,28
10,14,22
47,14,3
34,17,5
15,15,21
26,17,5
53,3,13
12,5,34
28,17,8
24,10,20
27,15,13
33,10,14
42,5,15
57,3,9
36,7,19
38,12,12
45,14,3
32,10,15
7,19,21
18,16,16
25,17,7
9,14,21
27,4,26
21,18,6
50,12,0
22,8,21
45,3,21
4,1,40
62,5,6
29,1,33
51,11,5
33,1,25
46,15,1
24,8,21
26,5,26
7,22,16
19,12,16
33,9,19
23,10,14
39,6,21
16,22,3
33,21,2
51,21,1
14,17,14
19,17,15
46,10,8
5,7,36
30,5,20
4,12,31
47,15,2
55,0,16
31,13,14
46,13,2
11,18,20
21,17,5
1,14,34
51,1,23
3,10,37
53,8,3
36,7,20
50,0,19
16,16,18
13,18,11
50,16,1
17,12,21
46,4,19
24,4,28
35,5,24
10,21,15
12,18,20
49,1,18
25,8,23
30,11,17
40,15,9
11,7,31
17,4,29
12,3,37
35,17,2
28,15,13
20,22,1
47,22,0
1,14,32
30,9,17
5,6,38
48,6,11
25,18,6
8,6,37
36,16,3
28,7,22
28,2,28
35,19,7
39,18,1
2,23,25
5,10,35
1,22,26
17,7,27
7,16,19
40,7,13
58,5,4
31,5,24
58,4,9
13,21,11
37,3,28
17,17,14
45,5,20
28,6,20
46,6,13
17,0,42
21,3,27
58,3,10
2,20,28
20,11,16
8,14,23
56,10,1
28,7,16
47,7,16
34,19,4
28,22,2
54,0,22
27,13,12
36,14,9
21,2,34
12,4,31
51,13,2
18,16,11
15,14,14
14,5,33
20,21,2
18,8,29
25,0,31
51,1,17
19,4,29
48,2,20
12,23,13
51,18,1
34,2,25
29,12,10
43,7,17
8,2,40
55,2,15
50,14,2
28,1,34
3,23,18
4,11,33
12,2,41
41,17,5
27,7,18
20,13,22
12,18,13
23,0,33
18,11,18
40,2,26
5,23,17
47,1,23
24,3,29
44,8,15
15,19,15
12,19,19
0,4,38
7,10,30
7,23,17
21,17,4
50,8,12
10,5,31
25,11,17
23,12,13
45,6,19
28,5,24
61,2,9
38,2,28
18,18,12
39,11,9
33,22,3
34,16,6
20,3,28
63,7,4
33,5,21
12,21,13
2,17,27
34,20,5
39,7,15
19,0,38
59,4,8
9,8,31
23,14,10
22,7,25
56,0,14
32,15,7
26,8,17
27,17,7
8,17,20
13,15,14
34,1,26
41,14,8
15,14,20
21,3,29
23,23,3
3,1,39
31,14,9
3,1,45
48,19,1
58,0,17
32,16,7
23,12,11
11,4,36
40,4,21
37,11,15
50,2,22
23,9,18
14,16,20
20,15,16
19,9,20
23,11,18
40,10,11
17,19,11
0,14,32
19,2,35
41,4,18
14,17,12
20,15,8
6,23,18
7,10,31
36,10,17
33,15,8
17,11,19
25,12,13
34,22,1
18,14,14
31,1,25
35,20,2
26,12,10
30,21,4
28,6,18
23,1,36
54,4,13
4,12,30
4,3,42
19,19,6
53,8,5
47,11,7
57,0,13
48,5,13
40,5,23
25,19,4
17,21,5
27,13,14
1,23,19
40,2,25
27,7,23
51,0,18
13,11,23
14,2,39
2,19,29
34,1,25
42,0,28
4,22,25
16,11,24
45,2,20
18,22,3
19,2,30
29,12,15
19,11,22
21,17,6
22,1,35
56,0,18
32,15,10
3,20,25
42,1,22
5,17,22
26,3,29
13,11,25
9,0,41
6,17,22
17,15,14
40,13,8
20,17,6
30,0,31
16,4,34
12,17,15
30,18,6
1,2,42
35,17,4
15,2,35
63,6,1
4,17,24
0,3,42
20,3,34
50,22,0
2,13,31
63,0,10
42,14,3
9,23,13
20,16,13
59,2,8
48,14,4
35,21,6
61,2,7
42,10,11
14,16,14
11,23,8
13,17,19
37,23,1
19,7,30
1,3,41
0,12,37
25,20,3
15,11,23
22,2,33
46,15,4
12,4,32
38,18,0
35,10,17
26,7,18
27,4,23
16,3,34
18,17,11
8,9,29
31,7,21
37,18,4
12,16,16
12,22,8
23,9,19
36,2,25
9,22,18
23,11,19
41,0,26
18,16,7
34,15,8
50,8,10
27,10,14
22,15,10
28,7,21
60,1,10
43,7,18
5,16,23
9,7,34
50,13,3
14,13,19
44,13,8
58,0,14
14,16,11
25,8,16
16,6,28
44,6,19
6,1,40
56,2,18
2,8,40
34,3,22
16,12,19
11,20,14
52,8,5
36,10,15
55,3,13
54,1,19
8,2,41
58,8,3
36,4,25
17,9,26
16,23,5
30,1,33
12,19,14
8,10,25
6,20,21
17,7,26
20,5,26
4,9,36
23,23,2
19,18,10
13,12,22
14,15,21
49,13,3
38,9,17
14,16,19
24,13,9
30,11,15
24,9,22
43,6,17
30,20,5
11,3,34
9,14,22
22,16,5
0,16,32
33,5,25
61,3,7
29,12,13
12,16,20
33,15,9
23,5,25
50,0,23
34,0,29
38,0,29
38,16,2
18,11,23
14,15,13
62,7,0
41,9,15
46,3,19
18,2,33
22,17,10
18,6,26
40,6,17
63,5,7
37,1,28
32,10,13
31,4,22
28,9,22
12,8,30
0,22,30
19,13,17
53,1,21
6,5,39
35,17,1
29,1,24
31,23,4
16,3,33
16,14,12
16,0,41
38,16,4
27,10,20
52,10,8
40,18,6
38,14,11
5,12,29
49,8,9
62,8,1
27,5,24
10,6,37
1,22,24
20,16,14
9,2,39
3,1,44
16,19,10
27,18,5
26,5,22
23,1,37
9,13,22
42,17,2
22,12,16
27,8,21
13,19,19
28,8,20
19,18,5
18,16,10
59,2,17
12,1,40
21,14,16
39,0,29
11,11,24
42,9,13
51,15,2
9,16,19
37,6,24
11,16,19
3,4,39
19,8,21
14,9,25
14,7,31
39,11,15
7,17,21
49,4,14
6,7,34
15,20,7
53,10,3
43,0,26
0,23,22
29,18,6
20,19,3
42,10,12
38,8,17
31,22,3
38,16,3
54,1,21
14,11,25
29,13,12
28,23,3
4,19,22
1,20,27
44,3,17
41,4,23
17,15,11
14,16,13
44,0,23
10,22,18
15,8,25
43,2,20
37,7,19
41,2,21
35,6,22
20,23,0
9,23,16
17,14,12
47,14,2
23,4,29
27,9,20
57,5,5
54,1,13
46,13,5
5,6,37
7,17,20
62,6,3
15,11,20
43,7,11
19,19,4
8,12,23
48,11,5
53,2,16
44,7,15
57,9,0
6,2,41
0,23,24
17,18,15
37,10,14
39,9,15
17,18,6
34,16,8
33,10,17
36,18,0
34,23,3
40,18,0
24,19,5
37,12,11
5,13,23
37,15,5
36,17,9
23,7,23
33,6,22
28,16,8
3,11,35
22,10,14
56,0,13
52,9,5
32,9,17
49,20,1
13,4,36
6,19,21
4,22,21
20,4,31
36,0,29
61,2,10
6,0,41
9,5,37
25,3,29
27,7,25
43,3,22
36,16,2
16,17,7
27,9,19
24,23,3
21,14,17
38,13,7
37,10,13
19,14,10
61,4,6
24,9,16
20,14,12
43,3,20
4,2,42
51,5,12
7,13,23
51,9,8
12,23,8
23,12,10
10,22,11
44,4,18
24,18,5
32,2,23
2,13,33
2,4,36
34,6,20
40,6,16
59,8,0
39,3,27
20,6,24
35,2,24
22,10,19
32,6,20
55,5,8
10,10,30
40,8,18
41,10,8
47,13,5
42,5,16
59,7,1
4,6,38
47,14,1
19,15,12
3,22,21
12,23,5
40,8,19
30,17,7
25,7,21
53,0,18
44,1,26
14,18,10
13,2,35
17,16,13
35,6,24
17,8,26
44,10,7
15,18,9
36,20,6
47,8,9
20,16,9
18,16,17
16,13,18
33,7,24
56,7,5
24,16,5
6,17,20
35,9,18
63,7,0
41,16,4
31,20,6
14,15,14
24,7,27
43,11,10
48,8,15
25,18,7
43,9,10
6,7,33
5,18,23
48,6,13
3,2,44
9,6,32
15,16,10
44,6,14
29,16,5
42,13,4
28,23,4
23,16,11
35,3,26
11,8,31
33,16,7
22,6,24
5,9,33
36,8,20
28,14,13
49,8,10
52,7,8
47,0,23
21,1,31
27,13,8
43,5,19
12,12,23
28,7,20
62,7,2
5,23,18
24,5,22
42,11,7
16,11,19
40,5,25
21,1,36
46,14,3
19,23,1
11,23,18
23,13,12
22,5,28
35,13,13
2,10,37
23,6,28
0,1,42
28,1,31
22,11,14
22,2,35
55,3,12
61,5,4
2,22,25
8,20,21
17,6,27
41,3,21
12,4,34
45,2,22
27,0,28
14,21,6
45,1,23
30,19,9
15,1,34
11,5,37
19,11,19
57,5,8
16,13,14
6,0,40
7,1,40
34,14,11
22,4,28
55,1,19
38,9,15
5,18,22
10,10,24
46,13,8
57,6,5
37,1,27
20,9,21
36,17,2
38,14,9
7,9,30
7,23,16
15,3,32
20,15,9
20,3,33
0,16,31
36,14,5
50,17,2
20,5,29
38,10,16
19,14,15
20,17,13
42,4,17
55,0,17
20,11,21
20,4,32
26,9,17
4,21,22
33,11,19
31,11,13
62,3,11
16,9,28
12,6,31
41,12,6
16,10,24
38,11,15
20,8,28
7,11,30
36,16,7
45,12,4
21,6,28
51,10,6
27,23,2
19,12,21
48,15,2
9,12,24
31,3,24
27,12,21
16,6,30
57,7,5
36,15,7
63,2,7
19,11,15
7,14,21
46,3,21
47,10,6
17,5,31
28,8,16
27,12,9
7,12,24
45,5,19
57,0,15
47,5,13
1,2,39
18,14,17
30,7,19
14,8,26
37,8,20
58,1,13
29,7,20
46,17,0
28,23,0
2,16,26
25,15,5
39,8,15
39,11,10
33,18,8
11,23,6
32,12,14
19,20,9
18,13,17
9,13,23
14,5,32
24,9,17
33,22,4
18,10,23
40,8,13
47,14,5
24,10,15
19,10,20
13,19,12
36,11,16
32,9,16
44,12,9
3,20,23
9,5,33
30,10,15
30,17,9
21,6,24
26,13,11
46,1,23
23,2,36
12,13,24
28,6,25
25,10,13
18,17,12
36,2,27
4,17,25
42,8,15
33,2,25
4,2,40
34,16,4
39,10,9
10,20,19
4,21,18
39,8,21
59,2,9
23,6,26
26,7,24
4,16,26
15,14,21
36,14,10
22,14,17
34,5,25
27,10,18
12,22,7
4,2,41
32,7,22
25,6,24
47,21,0
55,4,9
33,8,19
24,11,14
57,3,10
29,0,29
9,22,14
35,19,5
6,0,46
24,10,21
14,0,37
33,11,13
13,20,12
13,7,30
17,17,18
16,16,15
14,23,11
52,0,25
17,6,26
33,22,0
47,13,7
13,1,35
24,6,22
55,1,21
27,5,22
41,6,16
5,17,23
14,17,13
42,0,30
9,6,38
21,17,10
10,21,12
30,0,28
43,14,4
50,16,0
21,10,16
19,16,15
35,4,25
11,6,36
27,4,21
47,9,7
18,8,27
61,4,4
19,13,16
3,0,42
24,0,36
4,6,37
63,3,10
33,21,5
39,19,1
4,8,35
38,16,1
30,5,19
26,19,5
29,13,9
21,12,21
26,15,8
35,21,7
15,21,7
44,4,17
29,12,12
6,22,19
5,13,25
40,17,6
9,8,28
19,6,26
28,3,26
3,4,44
20,13,15
16,23,0
22,9,21
33,6,21
57,7,4
46,5,15
53,12,0
53,2,12
23,9,21
15,11,22
20,4,33
14,19,19
61,5,7
23,14,7
23,4,24
47,20,1
49,4,19
54,12,0
8,7,33
7,3,40
7,14,24
2,7,40
52,10,3
3,22,22
11,5,34
43,12,4
22,13,11
16,10,21
43,13,6
25,3,25
14,12,23
22,4,29
28,6,26
28,6,17
36,12,12
50,1,21
38,15,4
33,10,16
12,1,37
12,22,9
46,14,4
34,6,21
22,14,11
32,15,8
44,0,25
14,14,20
29,18,8
46,0,21
17,18,10
49,8,11
2,23,18
50,5,12
30,11,18
25,16,12
48,13,9
30,0,29
17,0,37
20,14,10
14,21,8
29,10,13
7,16,20
43,15,2
24,9,15
34,11,19
30,9,18
31,2,27
13,3,32
15,0,39
45,9,8
34,11,13
29,12,16
55,0,14
8,8,31
17,3,34
5,3,42
42,12,5
13,16,15
14,23,4
9,11,23
20,9,26
19,15,8
2,12,32
50,13,4
48,9,8
13,23,4
46,6,11
15,5,29
39,17,2
36,14,8
15,0,41
50,12,1
28,11,10
46,16,0
5,10,34
35,15,10
31,1,27
17,13,13
43,1,28
37,14,11
2,3,37
63,2,6
39,5,19
14,18,8
40,4,20
37,13,8
21,7,22
17,6,31
44,12,6
7,11,27
1,17,27
41,17,6
4,10,35
38,14,8
15,9,29
15,11,29
1,16,29
26,15,11
27,19,5
34,3,26
40,13,11
39,9,18
39,16,0
42,15,4
20,10,22
52,5,12
60,6,6
22,17,3
6,8,32
9,10,26
26,9,16
12,6,28
30,2,24
36,10,13
35,2,26
53,8,11
34,17,8
17,16,12
28,5,19
33,21,1
47,2,22
20,2,35
19,19,5
37,18,0
52,4,15
53,12,2
49,6,12
4,3,41
61,2,11
27,8,15
53,2,20
55,8,4
24,0,33
43,8,11
6,7,35
38,16,9
62,4,10
25,2,33
42,16,0
35,16,11
37,21,0
57,5,7
38,6,18
6,12,25
15,17,9
26,4,25
24,16,7
24,2,29
24,13,11
43,0,22
22,0,33
13,17,17
31,11,16
17,17,13
17,4,33
26,8,23
26,17,8
15,0,37
18,4,29
50,0,26
34,3,24
22,4,30
17,3,35
41,16,1
21,16,14
43,6,14
27,5,20
39,18,6
45,6,20
28,15,8
26,5,20
31,5,23
13,1,38
13,16,20
38,11,8
49,0,20
20,18,5
43,13,5
55,3,19
11,6,35
35,14,12
1,20,30
18,10,22
38,9,16
15,16,11
0,14,34
40,13,6
36,5,21
24,0,30
45,18,0
26,11,12
39,16,3
38,15,2
45,9,11
2,12,35
37,16,8
19,5,30
55,1,20
15,10,25
51,19,1
40,13,5
41,15,4
14,18,14
3,21,20
16,16,21
43,8,12
7,14,23
38,3,26
24,6,20
25,11,13
28,1,32
46,15,7
57,4,7
27,8,22
1,17,30
19,18,6
25,1,35
24,3,27
22,8,20
53,7,10
47,8,12
10,21,18
1,23,23
40,12,9
15,10,24
45,21,0
46,12,9
49,15,5
47,11,6
27,6,20
13,5,35
18,9,24
3,5,37
33,7,23
53,7,6
18,12,18
16,0,35
1,15,31
22,13,12
2,0,45
12,22,13
16,18,13
17,10,20
29,3,23
22,18,10
2,11,36
38,8,16
52,5,13
17,14,17
15,18,14
13,12,23
50,3,16
10,23,15
20,2,31
62,6,4
37,9,16
13,20,11
37,12,15
26,10,14
15,16,14
15,7,29
14,5,31
50,8,9
58,2,14
26,16,12
13,10,24
43,2,23
11,23,12
60,0,11
3,16,27
57,3,8
20,1,31
18,23,0
27,3,26
8,12,24
52,0,17
17,3,31
56,0,16
11,20,13
62,6,1
47,23,0
3,11,34
51,0,17
21,21,2
14,18,9
25,3,24
30,14,9
34,15,9
0,23,21
43,9,11
39,7,16
27,22,3
60,3,8
45,6,12
61,6,6
8,23,13
6,14,23
8,8,34
49,15,3
30,14,10
21,13,12
24,17,4
22,10,23
54,8,8
29,8,15
40,15,3
21,15,8
35,9,17
23,10,18
33,21,6
18,9,21
17,9,23
14,15,19
35,11,17
46,18,0
29,10,19
4,13,30
14,21,10
38,12,10
46,15,3
42,15,1
6,1,42
57,2,12
44,14,7
12,0,37
0,17,30
41,2,22
25,14,11
10,3,35
56,9,2
24,15,7
38,13,11
35,22,1
44,17,1
32,22,0
23,4,32
44,2,23
18,7,27
10,6,34
53,7,5
62,4,4
4,9,34
39,15,5
47,5,20
35,3,24
13,1,41
43,15,3
26,2,26
55,5,7
40,15,8
33,2,23
48,1,20
25,12,15
11,20,16
34,20,2
50,22,1
43,17,0
0,15,32
55,12,1
14,2,33
9,6,35
33,20,4
21,9,23
31,14,11
45,8,10
18,12,14
62,1,8
49,5,13
11,10,25
61,7,4
21,1,35
34,15,10
40,8,16
59,10,5
54,0,24
5,12,30
43,18,3
39,8,17
36,16,11
3,15,26
23,8,24
42,0,23
14,4,31
21,14,13
31,13,16
48,12,8
61,6,4
38,9,19
12,3,34
33,3,23
23,21,2
14,13,21
13,3,36
28,12,10
39,12,12
9,7,35
10,8,28
5,8,35
42,3,22
18,11,19
7,15,22
55,6,5
35,12,14
26,3,28
22,13,10
30,9,14
17,17,15
44,4,21
36,20,0
22,14,8
1,22,23
38,9,18
23,14,8
40,7,21
36,12,13
53,8,6
1,16,31
47,16,1
16,16,10
10,22,16
29,17,6
22,21,2
11,1,40
18,22,1
41,14,9
7,5,38
46,13,7
43,15,0
29,17,5
45,0,21
26,6,25
17,16,10
29,5,25
19,15,15
55,1,13
28,20,4
10,8,27
7,10,27
26,2,30
10,9,27
44,7,12
62,4,5
4,13,32
55,0,15
10,11,29
9,5,36
41,8,19
19,16,16
37,7,17
18,16,13
45,10,8
21,13,15
36,2,26
29,6,25
21,12,13
3,12,30
30,12,16
44,8,11
23,2,28
0,1,46
22,5,24
55,1,14
27,2,30
38,9,14
2,12,34
59,4,6
62,1,15
13,14,19
58,3,9
28,17,9
24,11,13
56,1,19
40,17,5
49,21,1
31,0,29
31,9,17
10,16,20
29,4,24
52,7,7
58,8,5
7,6,37
26,10,16
0,13,35
41,7,14
39,15,2
20,17,10
14,4,32
15,16,16
47,0,24
13,5,31
20,16,8
60,8,4
26,4,27
26,7,21
31,1,28
17,16,16
19,7,24
25,10,14
9,15,21
36,13,12
34,11,18
50,9,11
25,17,4
38,13,13
13,5,34
44,7,13
32,21,6
45,16,0
12,2,35
54,0,18
29,18,9
49,9,7
37,5,22
36,17,6
32,12,11
8,7,32
37,11,11
49,2,22
17,22,4
51,6,12
6,23,17
7,21,18
34,18,5
46,4,16
8,18,21
35,15,8
2,2,38
14,23,5
21,4,27
39,13,6
37,12,10
0,0,45
23,1,34
44,17,3
62,0,14
3,0,44
15,5,30
42,13,9
27,2,29
30,0,30
19,0,37
14,9,26
10,13,21
34,9,18
15,1,38
44,0,22
24,23,0
17,23,0
22,5,29
63,10,0
13,10,27
39,18,2
26,19,8
28,7,18
35,19,8
32,4,24
12,23,4
20,15,14
10,8,30
46,13,3
12,3,35
21,7,23
53,4,11
31,23,1
8,7,31
31,16,9
41,9,16
51,8,11
21,8,27
45,16,3
40,4,22
50,12,5
41,6,17
30,8,16
28,6,22
21,10,18
41,18,6
49,5,15
52,0,19
28,10,18
8,19,21
39,7,22
6,2,42
27,21,3
21,19,3
20,17,5
21,23,1
8,7,35
43,9,14
19,23,0
16,9,22
16,16,16
13,15,16
50,14,1
16,11,22
3,5,38
63,5,4
27,19,6
19,22,1
27,0,32
15,3,34
40,12,8
2,13,34
47,2,20
7,19,19
16,15,17
4,15,25
12,20,14
19,19,8
2,15,28
3,12,32
34,21,7
46,9,7
24,6,23
55,11,2
15,23,1
21,2,31
14,22,7
46,6,15
23,1,30
21,2,35
22,9,24
16,3,35
19,9,25
41,5,16
21,3,32
26,18,7
28,9,20
15,16,9
33,10,15
38,13,14
19,11,18
56,0,21
55,9,2
40,5,21
44,11,5
35,4,23
27,5,23
14,0,40
39,5,24
28,10,12
14,15,18
27,16,4
24,8,19
26,18,5
19,13,15
53,4,12
24,8,25
8,8,28
16,13,15
59,7,3
44,12,13
33,19,8
56,2,13
53,5,10
17,15,12
55,7,4
21,2,29
22,10,20
4,13,26
29,6,24
23,8,22
41,12,9
33,8,22
28,9,21
40,16,6
43,5,18
39,2,28
49,3,15
16,17,16
45,4,20
4,0,40
6,9,33
21,16,10
22,12,17
24,7,22
63,4,8
27,11,12
27,3,24
29,14,7
2,4,39
22,17,5
3,3,44
56,1,13
1,23,27
11,16,21
17,9,24
39,1,28
31,15,11
46,1,22
55,0,18
23,4,28
27,22,1
28,15,9
25,5,23
14,0,36
17,11,24
11,8,30
35,6,19
38,15,3
51,11,8
11,17,20
5,15,24
38,6,23
27,2,27
24,2,33
2,12,36
19,3,35
62,3,6
3,18,25
50,20,1
10,7,30
19,14,13
15,22,4
22,22,2
44,7,11
46,12,5
60,6,7
17,9,28
33,16,10
3,22,25
35,20,7
32,6,18
11,19,19
15,14,17
3,13,31
20,4,27
23,22,2
26,22,4
47,13,4
11,10,24
31,7,22
44,1,22
40,12,6
45,1,21
22,0,34
27,8,23
23,1,29
55,4,8
32,1,28
44,3,19
41,10,11
38,6,19
2,20,25
38,3,27
25,14,8
63,3,9
25,10,17
8,20,22
48,4,16
41,18,0
61,0,11
24,1,33
37,5,24
50,13,0
28,10,16
30,5,24
41,14,4
1,3,43
40,8,12
7,23,15
21,13,22
24,8,27
44,2,22
39,16,4
22,17,8
55,7,3
24,14,6
20,2,33
47,11,10
62,9,0
43,3,19
27,0,33
17,5,30
35,7,19
43,7,16
58,4,6
28,8,21
36,12,14
18,22,5
17,22,1
55,4,12
40,3,25
43,0,28
11,11,23
17,16,8
62,1,11
26,0,35
29,16,10
15,18,10
1,17,29
62,2,9
6,5,37
11,0,40
41,9,12
30,17,6
22,2,34
15,6,30
35,20,6
61,5,3
25,12,11
26,3,25
20,1,33
28,22,3
36,20,5
39,5,25
62,1,9
62,0,18
47,10,9
44,8,13
55,3,9
6,18,21
61,7,0
0,2,40
17,16,18
46,14,1
27,9,22
30,19,8
30,14,11
41,3,22
13,23,11
50,4,14
18,15,16
1,10,37
47,9,10
5,16,22
16,13,21
32,13,14
16,18,15
35,5,23
11,21,12
37,22,0
40,13,12
43,4,22
20,11,18
54,2,13
20,8,26
19,12,18
48,4,17
0,0,46
18,3,31
26,4,26
29,9,14
53,6,7
0,21,27
17,8,28
46,7,12
57,7,2
6,4,39
33,3,25
19,10,23
36,20,1
0,21,26
37,16,9
47,8,10
13,22,7
25,20,6
36,7,18
3,21,24
20,8,27
10,4,37
26,17,9
24,14,12
26,10,15
16,14,21
35,16,6
8,18,22
23,6,22
34,3,23
23,2,32
25,7,24
37,9,17
20,23,2
19,2,33
57,10,1
59,10,0
37,7,20
24,2,34
44,16,6
3,18,24
0,3,39
34,5,22
52,13,0
18,14,18
30,18,7
26,0,31
44,16,2
46,0,22
21,2,30
54,8,5
25,4,24
27,1,31
15,8,31
19,8,22
10,14,20
27,2,26
27,0,31
43,5,22
35,14,9
13,13,21
29,15,6
38,10,11
14,12,22
2,1,39
0,22,28
13,16,19
42,1,23
8,10,28
0,2,39
4,14,29
34,4,22
10,7,28
25,11,16
17,15,15
38,13,9
15,0,35
48,7,13
47,13,3
18,5,29
28,11,12
25,9,14
14,20,9
29,4,27
25,9,16
21,8,20
40,7,18
14,8,29
2,2,39
33,7,18
11,5,32
43,13,9
56,5,8
20,12,21
49,4,15
15,23,6
54,13,0
35,0,30
39,9,14
28,4,24
10,4,33
23,2,29
17,0,36
26,9,14
6,21,19
24,14,9
19,1,34
39,11,14
50,0,28
41,2,23
0,22,25
29,21,4
11,7,30
43,3,18
31,14,8
10,9,31
47,14,7
10,11,23
35,20,1
29,10,17
48,7,16
23,0,37
10,23,14
22,3,27
14,15,20
15,18,8
39,6,22
24,4,23
27,1,34
29,8,16
1,13,34
36,0,28
41,5,19
51,0,22
21,23,2
36,7,21
10,0,39
9,7,30
39,8,13
22,16,6
21,5,27
63,1,11
47,0,21
4,5,37
32,7,25
32,11,16
19,0,36
21,12,12
9,11,25
28,13,9
24,8,23
9,5,34
57,6,4
20,14,15
31,0,31
39,19,0
27,5,25
2,20,27
39,5,21
18,2,32
30,3,24
63,7,2
56,2,12
25,3,30
38,15,10
24,6,25
62,0,12
28,8,19
22,7,24
2,21,23
22,13,16
28,1,25
49,1,17
8,8,32
54,2,16
45,6,13
27,8,20
5,8,34
8,9,30
24,11,16
45,12,5
37,19,0
28,23,2
26,13,7
9,17,19
41,13,3
7,0,42
48,7,10
30,7,17
23,16,7
38,12,8
7,15,23
53,7,11
17,18,5
19,20,4
26,10,18
40,15,1
11,22,18
13,21,19
62,6,6
52,1,16
45,10,6
47,0,26
24,4,29
20,20,3
24,22,1
17,1,35
30,16,9
4,14,24
54,5,8
54,10,1
23,15,6
22,4,31
31,4,24
37,8,18
20,8,22
37,8,19
15,23,2
35,4,22
45,2,18
16,14,14
32,3,22
23,13,18
27,20,4
52,2,16
40,1,26
25,23,0
43,8,14
32,14,10
34,12,12
5,13,24
15,9,26
54,8,3
33,21,3
54,8,7
4,1,39
17,17,17
4,12,28
23,12,19
27,2,28
44,11,8
26,17,7
54,2,14
17,23,5
28,14,6
24,12,15
16,15,16
22,12,14
49,6,14
61,1,10
24,4,32
0,14,36
30,1,27
27,1,28
30,3,22
3,20,26
60,0,13
40,1,25
40,4,24
28,5,20
30,1,30
33,4,24
59,0,16
13,20,10
26,13,14
52,4,14
16,4,32
30,11,12
19,1,35
25,0,29
27,3,27
30,15,9
44,9,8
62,0,10
31,12,10
23,8,23
27,10,12
25,6,21
42,12,7
37,15,4
27,14,8
15,19,14
42,13,5
36,13,13
37,4,22
5,11,34
30,17,5
40,17,7
26,0,30
63,7,1
25,12,16
1,21,29
30,0,34
1,20,26
47,4,15
16,2,34
53,5,11
2,15,29
12,1,38
44,12,8
15,23,4
5,9,34
6,14,24
46,3,16
47,17,0
20,11,24
34,8,22
18,11,17
12,8,32
24,8,20
20,15,11
43,12,6
18,1,34
49,1,19
5,10,32
7,8,31
4,15,24
4,20,24
42,0,27
10,12,22
15,6,31
44,1,23
22,3,33
27,14,13
2,20,29
9,8,27
25,0,34
11,22,19
11,8,34
35,20,4
20,13,11
44,13,7
2,13,30
26,16,13
13,15,19
49,16,3
33,23,3
40,15,6
22,13,18
5,11,28
53,8,7
22,19,4
1,3,42
8,6,35
54,4,9
0,13,34
39,15,4
57,2,10
53,1,19
42,7,14
38,5,25
18,7,29
33,9,22
17,15,13
21,8,23
26,13,13
43,16,0
26,9,21
43,1,23
51,2,16
57,2,11
11,12,24
28,12,14
35,20,3
12,11,25
30,0,32
34,4,26
62,3,5
55,3,11
12,4,35
7,7,33
53,9,3
46,11,10
42,9,12
39,5,20
13,15,18
17,16,14
14,6,28
46,9,11
30,6,18
22,11,12
36,18,3
9,5,38
22,2,32
46,2,21
24,7,24
16,21,5
43,4,23
45,5,15
7,7,37
0,19,31
33,11,16
10,8,26
44,11,7
0,12,36
55,5,9
11,15,21
30,1,28
13,18,19
51,7,12
22,1,30
33,22,2
60,5,3
47,4,21
42,17,0
33,9,16
2,0,41
6,3,42
2,21,21
51,14,3
35,3,23
15,13,16
44,16,0
26,10,19
16,6,29
36,11,15
13,17,13
2,13,32
37,21,3
56,8,1
51,0,20
13,5,29
58,2,11
47,7,12
21,13,16
63,0,9
15,10,29
46,12,8
23,8,18
9,23,12
2,11,35
48,1,22
18,17,7
22,12,12
25,16,4
31,5,21
5,9,35
43,1,26
23,4,26
19,4,34
52,6,9
16,18,10
19,16,14
22,8,23
18,18,6
25,3,28
35,0,27
18,21,4
19,5,27
36,20,3
28,7,17
47,15,3
55,6,7
24,22,2
21,10,24
60,1,12
9,7,29
50,11,6
19,16,9
31,10,13
26,1,27
14,21,9
13,18,12
18,13,21
10,23,12
22,11,16
14,7,30
50,5,15
31,8,17
23,3,34
20,4,34
5,3,39
22,9,16
33,21,4
18,4,31
30,22,4
22,4,26
40,14,7
22,3,32
42,9,16
16,8,25
39,7,21
4,22,17
24,12,16
15,22,6
51,1,18
37,16,5
3,14,30
51,10,8
15,13,21
34,20,6
6,9,31
12,22,10
32,13,11
30,15,7
25,13,10
45,17,0
25,5,25
22,18,4
42,14,6
16,0,36
9,22,15
22,17,6
10,5,34
41,14,3
3,11,33
20,13,14
20,7,23
12,6,29
29,23,1
55,2,11
22,3,34
32,4,21
22,10,15
0,22,26
4,11,30
0,1,40
10,2,40
18,17,9
16,7,30
18,7,25
62,7,3
15,5,31
36,18,4
22,16,4
34,23,2
22,8,24
41,7,15
13,7,28
39,8,16
24,17,9
8,2,39
12,20,19
20,18,12
30,0,33
50,7,11
24,22,0
11,20,17
40,15,5
60,2,10
43,0,24
19,3,33
17,8,29
14,15,16
18,10,24
4,21,19
4,11,31
39,7,17
15,15,16
41,14,2
23,18,5
55,7,8
49,15,2
52,9,8
27,8,17
7,21,19
4,1,41
16,23,1
38,18,1
54,11,2
7,8,33
8,16,20
38,14,10
10,7,27
11,0,44
30,3,27
18,9,20
26,7,19
58,10,5
15,6,29
2,14,30
43,13,7
17,19,14
2,14,31
46,8,9
20,1,36
18,10,21
25,4,30
40,14,9
35,7,18
36,11,11
28,1,27
59,8,1
17,10,24
49,13,4
29,16,6
30,23,2
22,9,20
49,2,17
15,3,31
46,12,6
27,6,23
51,11,1
16,17,15
23,4,25
7,11,29
31,1,30
18,16,9
53,6,11
39,2,26
17,23,1
22,8,22
1,0,41
53,2,15
47,3,21
39,20,0
39,10,12
29,5,24
47,12,5
21,15,9
33,0,29
41,13,9
53,1,15
60,0,12
14,3,35
36,19,0
15,14,22
24,2,32
7,12,23
41,8,13
26,0,36
25,9,17
48,16,1
6,2,40
21,10,17
2,4,37
2,22,24
12,1,39
1,22,22
14,17,11
41,10,10
35,8,18
40,10,10
57,1,14
33,20,7
3,3,38
1,18,27
25,9,21
28,16,6
57,4,8
42,14,4
16,8,28
38,14,5
12,2,38
24,8,18
13,22,5
14,22,8
36,6,23
17,16,15
1,21,27
26,1,31
29,8,19
26,8,21
5,3,40
23,3,33
59,7,2
8,12,25
10,9,25
42,3,18
40,2,22
41,14,5
56,6,7
27,10,22
32,1,24
15,0,40
22,21,1
22,15,9
13,2,33
11,11,25
2,5,40
41,12,10
24,12,20
35,12,13
20,18,7
18,3,33
47,11,9
22,15,8
37,6,21
19,10,24
47,9,9
40,4,19
23,7,22
61,11,0
22,15,11
25,8,19
21,12,22
26,15,9
61,9,0
43,0,23
13,4,31
29,6,21
20,13,21
19,12,15
4,13,31
12,11,24
48,4,14
30,21,5
48,0,24
28,9,16
31,0,26
30,18,5
27,17,5
52,7,10
44,5,15
15,16,12
19,16,13
2,14,28
51,4,14
22,2,31
23,21,3
1,14,31
23,2,30
8,4,40
34,9,17
56,2,19
24,18,6
23,18,3
2,15,34
16,8,27
49,9,8
33,8,17
17,14,22
37,10,17
32,23,3
16,12,18
21,9,25
29,14,10
25,14,6
26,3,30
47,1,24
7,15,21
61,9,4
50,1,22
33,3,24
6,4,40
20,11,25
33,5,20
23,5,23
43,6,16
32,4,23
48,7,11
3,23,20
59,9,0
34,2,26
29,13,11
1,11,37
22,11,15
26,2,28
13,13,22
20,7,24
10,21,19
21,8,19
4,22,18
25,7,18
1,13,32
19,5,28
34,4,25
54,1,14
19,6,25
23,16,6
36,12,10
35,18,1
24,5,24
3,15,30
36,17,5
37,2,26
20,7,22
7,3,39
1,4,39
30,7,25
22,3,35
46,6,20
55,10,3
41,9,14
18,16,18
24,16,4
16,8,26
60,5,4
2,21,26
26,16,9
19,2,31
47,6,15
7,5,36
60,2,11
2,11,33
44,16,3
11,7,27
31,4,23
37,9,18
5,22,20
12,13,21
45,20,0
22,2,29
30,10,17
48,5,12
36,15,11
27,2,31
43,6,15
54,5,9
26,4,30
23,9,15
30,2,27
51,12,5
25,15,13
42,2,22
43,2,19
4,12,32
37,5,21
14,5,30
47,4,20
4,15,29
10,12,23
22,7,26
33,16,9
6,3,39
5,21,20
26,11,11
44,9,12
30,4,22
31,2,25
49,17,1
43,15,6
45,19,0
41,11,9
30,6,23
15,9,28
35,14,7
37,12,12
32,6,25
50,6,11
36,3,24
50,11,5
0,3,38
21,13,11
13,11,24
16,10,22
56,8,3
28,12,13
39,13,13
17,14,16
62,8,0
16,15,11
19,12,14
6,9,34
53,1,16
52,11,1
2,18,26
45,13,5
3,19,24
50,1,18
29,4,25
24,4,24
21,0,32
18,20,5
49,7,10
36,9,20
31,0,27
44,14,3
5,11,31
15,12,18
27,19,8
44,15,1
38,7,17
29,13,8
13,6,34
20,8,21
37,19,3
32,21,3
28,0,27
37,11,13
18,8,22
18,5,28
7,16,21
50,9,12
29,14,11
63,3,8
17,13,16
50,19,1
45,18,2
9,4,39
14,9,29
42,20,0
38,5,24
61,6,3
29,16,7
50,1,16
22,18,3
8,19,22
0,22,24
16,2,35
37,5,23
30,15,10
20,19,10
63,1,9
48,1,18
32,5,22
22,0,32
24,12,13
5,0,41
18,9,25
56,5,7
33,14,10
17,13,22
24,12,12
45,15,6
41,6,18
23,12,12
15,8,26
16,12,21
49,2,21
60,9,4
4,9,35
23,9,23
9,7,32
14,12,21
18,12,19
16,5,30
29,20,4
49,4,16
1,4,37
48,8,10
25,12,14
19,3,32
8,16,19
11,8,27
37,10,15
49,6,11
40,2,24
20,10,16
59,3,10
54,7,5
50,2,18
44,18,4
1,22,28
42,15,7
22,0,38
7,9,31
29,17,9
22,15,7
16,1,38
60,0,17
8,23,12
39,15,3
63,0,11
58,0,18
14,22,5
4,5,38
29,6,18
31,8,19
38,1,29
45,14,2
51,10,3
20,9,24
45,11,6
54,9,4
20,15,12
47,4,14
13,0,43
27,1,32
4,16,25
5,12,28
22,7,23
57,6,3
15,10,26
31,12,11
13,15,17
15,9,25
9,3,36
46,3,17
39,18,0
6,15,22
12,8,31
22,6,27
54,9,1
40,1,27
25,1,32
32,19,7
45,3,20
11,0,38
6,22,18
52,10,1
39,1,26
49,0,24
26,4,31
23,7,18
1,16,28
12,23,10
26,13,10
48,6,12
15,13,19
51,10,4
19,6,28
34,21,1
24,6,21
61,8,0
37,16,3
15,5,33
52,11,6
9,0,42
37,8,17
31,13,10
57,1,13
45,0,23
20,18,6
49,4,13
7,20,20
13,16,21
16,7,26
63,2,8
29,2,25
60,2,9
18,1,33
4,13,28
2,7,39
20,2,32
15,18,7
48,20,1
49,14,4
50,3,15
29,10,16
16,14,16
13,15,15
14,10,24
33,5,23
13,2,41
25,8,21
21,11,13
31,11,12
43,14,2
34,19,6
0,4,37
8,9,27
63,1,15
20,18,4
18,15,15
54,0,14
44,9,15
20,0,32
35,13,10
62,4,11
62,1,18
5,15,25
13,9,26
30,16,8
14,13,22
44,1,21
26,8,22
37,17,5
12,23,11
43,16,1
4,10,34
3,2,38
4,11,32
32,10,14
9,19,20
48,13,3
30,12,13
57,10,0
29,9,15
7,15,25
20,10,23
54,1,20
44,6,16
6,8,34
45,0,22
22,12,18
40,7,17
2,20,26
31,10,15
20,2,30
12,23,7
33,5,22
8,11,27
6,16,20
41,8,12
36,19,6
41,3,23
43,9,9
57,8,2
25,13,16
23,3,29
13,0,41
28,8,15
8,22,18
4,3,39
50,2,23
17,10,26
54,10,0
19,17,13
34,23,1
13,14,18
31,17,9
43,11,5
29,11,12
15,12,21
62,11,0
63,4,9
16,1,36
14,1,40
54,0,17
26,8,18
1,11,36
1,12,35
29,21,3
59,6,2
45,11,5
33,6,23
24,0,32
39,9,13
29,1,26
33,0,27
34,16,9
24,12,10
24,4,31
55,3,10
8,5,35
44,15,7
11,6,33
11,1,39
29,0,28
27,7,17
27,14,7
54,7,6
63,7,3
27,12,11
10,23,13
41,12,8
54,8,4
22,0,36
22,13,17
29,18,7
42,6,19
11,2,38
40,14,4
31,8,18
32,6,19
52,8,6
28,17,6
22,13,9
36,6,24
47,6,16
37,11,14
37,9,14
1,12,34
29,8,25
10,8,33
3,3,37
36,8,18
19,21,9
20,14,16
9,6,31
23,12,18
45,14,4
44,16,1
48,0,27
37,15,3
63,6,3
4,18,24
7,23,18
26,10,22
54,8,9
52,9,6
49,5,16
33,7,22
14,14,17
43,13,8
3,10,35
22,7,22
7,8,32
20,19,6
4,21,21
53,8,8
62,3,9
48,7,14
23,10,16
26,3,31
27,3,31
36,3,25
52,7,11
52,3,15
7,18,21
49,23,0
3,6,40
34,18,8
16,5,33
16,22,5
48,15,3
56,2,10
52,11,3
52,9,3
16,12,17
21,15,10
24,16,9
9,21,19
33,13,10
23,3,26
13,23,6
22,6,22
42,12,6
12,13,23
20,20,10
55,4,13
62,3,7
8,4,39
48,9,7
23,17,8
3,16,25
42,9,11
9,23,18
48,4,21
8,19,19
13,0,42
49,4,18
24,5,27
63,5,3
17,4,31
48,1,21
49,6,15
29,1,25
2,21,22
7,7,35
21,4,28
15,6,32
36,17,0
19,17,6
24,13,16
3,21,26
18,10,26
43,10,8
56,8,4
18,18,7
9,10,28
44,6,21
48,5,14
13,21,12
19,16,8
13,0,38
23,10,22
36,15,8
12,23,9
60,8,1
35,19,3
33,7,25
47,11,8
32,0,27
26,2,31
49,8,8
47,1,25
23,13,11
43,4,20
3,15,28
40,7,16
32,5,24
19,2,34
27,15,12
25,5,24
14,6,30
25,21,3
23,16,5
50,8,11
30,3,23
13,19,11
24,23,1
19,13,14
33,6,24
16,15,21
2,14,29
24,7,20
14,18,15
39,5,23
9,3,38
27,16,8
50,9,8
44,4,23
41,16,6
36,21,5
10,7,31
1,15,32
24,2,30
56,4,8
32,1,25
31,12,15
23,20,3
30,5,23
20,3,32
32,2,24
58,0,16
14,3,33
10,5,36
51,8,8
19,21,1
25,20,4
17,13,19
28,8,18
23,6,20
34,21,4
1,1,40
13,1,37
39,12,11
1,23,21
11,9,26
31,6,24
56,3,10
7,1,41
28,7,24
20,16,15
9,1,41
41,17,1
35,7,22
5,21,18
32,21,4
49,5,14
5,19,23
4,10,36
10,6,30
32,13,10
14,17,10
42,9,10
25,14,10
35,5,25
39,8,22
25,14,9
26,18,9
11,8,26
14,13,18
10,7,33
18,19,7
32,8,19
27,13,7
19,7,25
30,2,23
24,1,32
7,6,33
11,4,38
50,1,19
41,15,2
35,2,25
28,3,22
15,17,14
53,3,16
37,2,28
26,13,8
2,21,24
34,0,26
24,21,2
63,4,4
45,8,11
47,15,4
17,13,14
50,6,12
51,1,22
50,19,2
19,10,19
2,0,46
5,7,34
53,2,21
59,0,17
21,7,21
15,8,27
17,7,28
5,10,33
3,6,36
15,7,31
42,11,6
38,6,21
32,5,23
33,16,8
26,6,20
31,18,5
21,0,36
47,6,12
50,21,1
35,18,3
26,16,5
40,6,20
55,8,8
62,2,6
6,13,27
28,5,25
29,7,24
26,14,11
13,4,35
23,8,21
33,13,11
5,21,22
50,15,3
40,9,15
21,16,9
27,17,9
50,10,7
31,21,5
63,9,1
10,17,20
33,5,24
0,16,33
15,9,27
12,1,41
32,7,18
17,21,3
11,23,19
38,4,24
20,10,18
41,1,24
46,6,19
31,9,18
28,0,34
19,17,9
44,3,22
41,8,18
30,7,21
6,11,27
53,1,17
25,13,11
13,5,30
19,12,23
51,11,7
17,12,15
40,16,1
11,13,21
23,5,24
38,17,0
20,12,20
20,18,9
36,17,1
14,9,27
23,14,11
21,13,10
15,13,22
9,13,21
2,6,40
61,7,1
41,2,24
61,4,7
13,0,37
13,16,17
34,22,2
9,23,15
25,19,5
16,18,6
9,23,14
48,20,0
5,12,34
18,14,11
11,21,19
48,8,14
31,9,15
24,16,8
40,3,23
13,7,27
30,18,9
27,13,13
8,17,21
25,0,33
55,10,2
23,9,24
4,19,24
39,16,2
25,7,22
42,8,17
34,20,1
18,9,23
43,11,7
17,4,32
44,6,12
4,14,25
51,0,24
9,9,28
41,6,14
22,12,13
23,3,31
0,16,30
34,21,3
27,15,5
4,16,29
33,9,17
20,0,35
17,5,28
21,14,9
18,21,3
62,1,10
43,20,0
55,2,12
31,11,15
8,23,14
6,13,23
47,6,11
3,14,28
15,15,22
10,15,21
36,19,5
30,12,10
52,0,24
41,7,18
31,23,0
9,21,18
47,10,8
45,8,12
21,11,14
22,1,34
24,22,3
36,22,0
43,5,17
12,20,12
39,15,1
13,19,18
20,4,26
12,13,22
29,0,32
20,14,11
11,21,13
38,8,19
40,5,17
50,15,1
43,21,0
15,3,35
58,9,5
38,12,7
38,17,1
55,8,5
16,8,29
8,20,18
59,11,1
36,16,9
15,1,40
46,3,18
39,1,29
18,15,12
41,10,12
10,0,41
12,7,27
11,22,13
57,9,1
61,0,16
54,0,23
17,15,17
17,0,35
12,20,13
13,2,36
63,2,9
19,23,2
34,21,2
53,3,14
43,12,7
55,7,5
39,13,11
29,12,11
4,7,37
62,0,15
1,3,38
16,16,11
18,2,34
39,13,14
21,21,3
12,5,29
37,17,4
36,1,29
33,12,13
60,3,9
11,0,39
12,2,37
27,23,1
39,10,10
12,19,15
14,16,15
1,6,40
53,4,13
32,10,16
43,7,15
31,5,19
21,9,26
8,14,21
1,16,30
29,1,28
27,5,19
27,10,13
11,22,12
12,7,30
24,10,16
26,23,1
8,12,22
16,11,23
22,1,36
15,13,20
27,6,22
22,4,25
40,11,13
62,10,0
0,1,41
16,14,15
39,13,9
16,9,23
17,11,20
19,6,30
31,2,23
42,10,15
22,11,20
28,3,24
21,9,20
14,22,6
14,20,19
36,19,3
33,1,29
11,6,28
9,7,36
53,7,8
17,2,35
21,23,0
51,12,3
41,13,4
8,4,37
39,7,20
29,19,6
7,12,26
57,3,11
45,9,12
20,9,20
18,23,3
22,1,37
50,16,2
6,15,24
26,9,15
18,7,24
41,8,16
46,10,9
27,16,13
35,0,28
26,14,13
40,0,25
34,17,10
16,12,23
31,6,23
54,7,7
39,4,25
24,3,30
10,21,16
24,8,17
60,9,0
60,8,3
20,6,30
13,8,26
29,5,20
22,14,14
21,15,12
58,11,1
39,19,5
46,2,19
6,18,20
46,2,18
42,7,15
48,0,22
19,0,35
34,12,14
19,14,11
20,6,27
4,13,29
4,11,34
53,2,14
1,21,26
3,10,34
42,21,0
24,13,8
45,14,6
42,13,6
10,5,32
1,13,35
2,23,19
10,22,15
16,20,7
13,18,18
35,5,22
53,0,21
37,6,22
30,0,26
47,3,18
61,1,9
20,11,20
51,5,14
5,11,32
59,4,5
8,8,30
18,6,31
28,3,25
26,11,15
49,3,16
30,5,22
3,13,29
49,10,6
40,6,22
13,14,23
5,9,32
31,17,7
5,8,36
13,1,36
44,12,7
48,2,21
31,2,24
2,21,25
25,8,24
21,22,0
20,16,12
5,22,19
42,15,6
45,4,16
14,1,37
0,22,23
24,15,5
11,21,14
36,16,4
21,17,8
5,13,26
31,23,2
10,22,13
59,3,9
6,16,21
21,7,27
56,0,15
46,7,14
40,0,27
24,10,22
37,15,9
24,3,28
29,3,26
26,12,21
21,9,21
13,16,14
48,6,17
24,17,5
37,16,4
43,8,13
31,2,30
20,7,30
15,2,39
38,10,13
35,20,8
51,16,1
46,20,0
2,19,27
30,8,18
2,1,44
20,17,9
15,1,35
23,13,9
6,6,36
40,6,15
25,10,16
61,10,0
61,7,2
28,9,19
21,4,31
50,0,21
52,0,18
28,7,23
35,18,6
16,19,7
13,23,5
27,4,27
28,7,19
41,7,20
52,2,15
53,3,12
31,17,6
8,10,26
8,14,22
18,11,16
12,0,39
14,6,29
39,14,3
23,3,30
41,4,21
10,11,24
8,6,33
30,4,23
28,11,19
1,22,29
38,21,0
1,18,29
41,8,15
50,4,15
53,9,11
13,6,28
46,7,10
21,8,24
38,7,16
25,14,13
54,6,8
37,21,4
22,0,31
38,17,2
40,11,10
58,10,3
7,11,26
40,14,8
27,10,15
50,2,21
37,15,10
39,3,26
24,10,13
4,16,24
46,19,0
26,22,2
25,21,2
33,20,8
37,20,0
19,12,20
6,20,19
22,9,23
18,3,30
13,0,39
28,13,12
20,6,31
46,12,7
14,19,8
18,15,18
45,3,17
46,5,13
38,9,12
28,6,23
8,23,15
32,21,5
51,10,2
33,11,18
30,1,24
16,17,9
44,6,18
29,15,10
45,13,2
36,6,22
51,6,10
30,0,27
26,16,4
16,10,27
24,5,29
21,21,1
42,8,11
42,5,17
61,8,3
55,0,19
58,9,1
21,4,29
14,7,29
27,11,13
40,9,10
41,6,20
9,8,32
36,14,12
36,10,14
7,19,20
33,17,8
25,7,23
16,2,36
27,6,26
56,3,11
20,12,22
20,5,28
37,4,24
24,7,18
38,10,15
44,9,14
6,22,16
40,11,12
11,13,22
19,15,9
26,5,25
49,3,19
16,1,35
51,2,15
47,13,9
54,11,1
4,4,38
40,3,21
44,0,27
28,0,33
19,22,2
38,4,25
6,22,17
17,22,6
38,11,12
13,17,20
20,18,8
3,4,40
36,12,11
36,4,23
31,20,5
41,12,11
13,19,13
25,18,9
50,21,0
7,22,18
16,7,29
28,14,7
25,16,13
46,1,19
6,13,24
12,9,26
54,7,8
14,1,39
15,7,27
44,10,11
52,12,2
58,8,2
44,3,21
58,10,0
59,1,18
43,6,13
29,14,8
61,1,11
52,11,0
57,8,3
56,5,6
29,8,17
61,8,1
45,6,14
54,6,7
46,9,10
17,15,16
18,17,6
24,5,23
19,5,26
46,16,4
16,1,34
26,10,20
58,6,4
26,23,3
40,6,21
40,7,15
45,14,1
0,20,30
53,0,20
19,8,25
6,7,36
39,15,7
37,16,2
10,4,35
7,12,28
2,19,28
11,5,35
30,21,3
15,13,18
22,23,0
48,0,21
27,10,21
57,8,1
48,11,6
43,2,22
57,1,11
18,13,14
37,4,26
22,10,17
3,4,37
11,4,32
46,14,7
43,3,23
44,5,14
10,6,31
14,17,9
32,8,17
38,12,11
31,16,7
44,14,4
59,0,11
37,3,25
12,12,22
4,22,20
23,7,19
24,14,10
18,13,12
36,1,28
13,3,34
21,0,33
11,5,31
18,1,35
15,16,15
20,8,20
28,5,21
44,15,0
14,14,21
30,13,13
57,9,2
27,15,6
18,23,1
39,17,1
52,10,6
41,1,25
45,15,7
35,22,0
11,12,22
21,16,5
12,7,31
52,8,9
25,13,15
18,6,27
37,17,6
63,5,5
40,5,19
9,12,22
27,9,15
46,13,10
20,0,38
33,12,14
59,1,12
0,22,29
6,8,36
15,7,28
26,4,28
31,3,22
29,1,31
33,4,22
49,6,13
6,6,35
16,4,33
29,3,27
19,18,7
13,8,27
36,21,3
27,8,18
41,5,20
29,9,20
38,6,20
51,9,4
46,8,12
20,13,16
38,8,14
21,15,13
36,10,18
36,5,24
19,15,14
34,1,27
55,7,6
52,8,8
24,4,25
50,4,19
10,20,20
51,11,4
29,7,17
53,11,2
58,8,1
36,12,15
36,14,11
44,1,24
38,11,10
1,0,43
1,5,39
12,5,35
38,1,28
5,13,28
35,11,15
39,15,10
46,3,20
32,11,12
13,2,34
20,13,20
47,3,17
29,11,18
42,14,2
27,22,2
35,9,15
18,10,19
2,0,42
34,20,7
18,18,4
23,12,14
20,10,17
58,7,4
14,10,25
19,7,29
26,0,34
6,4,43
7,2,40
40,11,7
51,12,1
48,10,7
17,23,4
28,0,28
3,13,30
38,15,8
22,8,19
18,12,22
20,5,31
25,2,34
58,1,11
14,17,15
16,12,22
49,17,2
17,10,25
22,7,27
10,1,38
35,17,5
52,12,1
16,23,2
41,10,9
38,11,11
3,23,17
42,2,24
34,6,19
29,11,16
56,3,9
15,8,29
23,4,30
42,2,20
29,9,16
37,14,8
7,11,28
18,20,4
34,13,12
27,17,8
35,23,0
48,2,22
26,8,19
46,0,23
5,20,20
20,15,17
20,20,2
23,7,27
9,20,19
33,10,19
44,0,24
35,23,1
0,11,36
39,13,12
18,8,23
2,22,21
28,10,19
23,9,22
30,16,6
18,5,32
54,7,9
37,13,7
30,5,21
35,4,24
34,19,7
12,15,16
19,19,7
42,6,21
8,4,36
25,9,19
22,17,9
8,11,26
29,2,27
18,19,4
45,8,9
51,9,6
28,4,25
9,8,30
25,6,25
4,18,23
46,0,26
31,13,9
30,6,20
47,12,8
31,12,14
5,23,16
22,3,30
1,4,40
23,3,27
38,13,6
40,3,24
27,5,21
11,21,18
25,4,29
11,7,29
4,10,32
23,5,28
22,14,10
11,6,32
8,11,24
35,22,2
49,7,11
12,4,36
44,14,8
17,17,6
51,11,6
3,3,39
59,9,5
11,22,17
31,12,12
20,22,0
46,2,20
4,20,21
34,10,18
38,9,13
55,1,22
26,12,9
2,1,42
57,9,3
47,2,17
8,13,21
5,7,35
6,13,22
30,23,1
16,5,29
39,7,19
55,1,17
43,8,10
30,15,8
17,8,27
43,8,15
9,22,16
26,5,24
36,17,4
56,4,7
29,22,3
14,14,19
28,5,23
18,12,16
36,21,1
48,3,22
53,1,20
27,6,24
6,11,29
3,22,19
25,14,12
35,15,6
35,14,8
56,8,5
24,0,31
24,14,7
48,16,2
14,22,10
8,4,38
27,14,6
26,7,17
48,5,16
42,6,17
50,7,10
19,4,27
36,17,7
47,1,20
44,15,6
19,13,20
42,3,20
17,2,34
24,13,15
14,3,36
50,0,24
17,4,30
45,4,19
14,11,23
25,2,31
10,21,14
11,23,9
44,6,13
60,6,3
23,2,31
29,7,16
19,20,10
6,16,22
23,2,35
23,8,19
61,3,9
32,14,9
43,6,19
26,3,27
21,15,14
26,21,3
4,20,23
58,9,3
31,10,18
28,8,22
42,0,29
18,18,8
60,4,6
43,10,14
27,8,25
20,18,3
16,0,38
16,18,8
54,3,11
6,14,22
33,4,21
31,13,11
38,2,27
10,4,38
30,8,15
34,21,5
19,16,7
12,17,17
10,10,29
40,6,18
22,14,9
29,15,7
44,3,18
28,15,7
11,23,10
17,10,21
9,9,27
2,1,40
14,0,38
7,14,22
4,19,23
46,8,11
58,7,2
11,9,27
7,6,36
44,6,17
10,0,40
57,4,9
36,11,14
49,15,4
23,9,17
15,12,19
27,11,10
38,7,19
9,6,36
24,11,20
29,0,31
24,9,20
42,6,15
28,5,26
47,7,10
3,2,39
21,5,26
48,12,4
44,17,4
19,22,0
46,10,10
3,21,22
28,2,24
4,10,33
33,9,15
14,20,11
52,9,4
53,2,17
34,17,3
34,3,25
0,0,42
35,13,8
14,13,20
26,9,20
25,13,8
14,5,29
18,21,2
39,2,27
18,12,15
16,5,31
63,5,2
27,19,4
47,9,8
22,5,23
26,11,17
42,13,7
29,23,3
38,5,22
45,16,2
27,2,32
43,7,13
19,4,30
4,23,16
45,14,7
45,3,22
39,14,10
17,22,3
47,3,22
24,8,22
13,16,13
31,5,20
14,1,34
19,11,23
43,5,16
53,6,8
10,21,17
29,11,13
25,16,5
42,10,10
18,3,29
1,14,36
32,7,21
10,1,40
1,2,41
49,12,4
54,3,21
7,18,19
12,6,32
50,0,27
26,15,5
22,11,17
55,0,21
43,18,1
8,5,37
16,6,26
26,23,4
47,10,7
14,1,38
27,15,14
4,0,44
58,9,0
30,7,22
12,0,43
46,12,10
44,9,13
5,16,21
36,21,4
15,15,11
34,17,9
55,0,13
23,22,1
16,16,9
44,4,20
48,12,5
23,5,31
27,18,6
24,6,24
19,22,3
42,9,17
14,10,26
25,10,18
16,22,2
35,17,3
28,12,9
58,2,9
31,5,22
34,12,13
15,6,33
23,0,38
23,15,7
41,7,19
31,19,5
38,12,13
29,23,2
28,15,6
44,11,13
22,9,17
20,14,20
5,12,27
12,19,17
23,3,28
19,10,25
20,7,27
26,15,6
34,22,0
48,9,14
54,3,13
42,4,19
22,23,1
58,1,15
17,21,4
32,23,2
41,12,12
58,6,6
11,6,37
26,22,1
50,1,24
18,19,5
21,9,19
55,12,0
29,22,2
19,17,12
53,5,9
21,11,15
38,14,4
41,7,17
39,7,18
33,10,18
56,4,9
39,10,11
34,4,23
10,2,38
8,13,23
63,3,6
5,0,40
5,19,22
51,9,9
28,9,15
17,23,3
49,14,5
22,22,1
44,17,2
39,12,7
37,3,27
15,9,24
29,12,9
36,3,28
29,13,10
23,10,20
5,11,29
44,10,9
9,21,17
49,8,14
19,4,28
11,21,17
19,10,22
44,8,10
17,10,27
20,5,27
36,11,17
47,12,4
0,21,28
36,9,17
45,13,3
41,9,11
5,0,42
23,11,21
36,13,11
20,15,13
26,21,2
55,6,6
43,17,4
43,18,0
1,22,27
43,2,21
15,23,5
16,15,22
21,4,32
31,4,21
32,22,3
46,8,10
3,16,26
27,0,34
26,23,0
20,19,9
0,11,37
35,7,20
8,8,29
50,7,9
11,6,29
47,8,11
34,14,10
10,16,21
36,5,23
25,7,19
60,6,5
9,4,34
51,12,2
38,8,15
41,7,13
2,16,29
51,4,16
17,5,27
21,12,15
25,15,6
38,15,11
37,17,1
17,17,9
34,9,15
41,15,1
23,5,30
12,22,18
8,3,38
51,2,17
52,8,4
44,17,0
40,16,0
30,10,14
38,10,14
23,18,4
44,14,5
26,17,12
12,17,19
54,1,16
47,15,1
54,1,17
20,22,3
36,2,28
23,13,20
61,0,12
18,2,35
3,1,40
62,3,10
42,12,9
47,10,10
10,23,11
53,4,10
22,9,25
56,1,12
37,3,24
58,8,0
9,10,25
17,12,17
16,20,6
40,12,12
58,3,7
42,8,12
10,3,38
37,11,12
34,4,24
12,14,22
2,2,44
6,21,20
35,16,3
16,6,27
29,3,25
39,12,10
37,20,4
32,12,16
25,8,20
28,13,13
42,16,6
12,17,13
28,1,33
23,8,27
59,1,11
22,5,25
31,0,25
53,8,9
25,2,28
48,0,20
24,19,3
46,6,14
32,1,26
36,3,26
1,3,37
19,15,13
19,3,30
2,14,35
51,20,1
30,18,8
2,22,22
20,1,32
50,0,25
5,7,38
0,0,48
6,14,28
51,7,10
29,17,7
40,6,23
11,21,15
7,12,27
46,0,25
27,6,21
37,2,27
42,15,3
20,7,25
50,2,19
28,19,4
33,6,19
54,11,0
17,12,22
21,13,13
32,8,16
22,17,4
16,8,24
61,3,8
8,11,25
16,19,14
29,5,21
29,8,20
45,13,7
35,20,0
42,7,17
30,22,3
42,17,1
29,19,5
52,7,12
18,1,36
9,0,40
24,19,4
39,13,5
51,11,2
42,9,14
57,1,12
44,11,9
33,7,19
3,14,27
18,18,15
10,13,22
21,16,13
19,14,14
9,22,17
47,2,19
9,22,19
43,1,22
34,22,3
1,3,40
14,0,39
45,5,18
3,18,26
48,15,4
8,3,40
25,0,30
1,23,22
44,9,9
6,4,38
35,21,0
6,23,16
39,6,19
48,11,9
23,15,8
61,6,2
21,2,33
36,10,16
18,16,15
20,3,30
7,22,17
5,2,42
48,9,9
24,3,32
16,9,29
63,0,14
54,0,20
12,18,16
30,23,3
39,11,11
38,8,18
45,10,7
2,18,27
13,19,17
19,17,11
32,20,6
21,7,24
10,6,33
61,0,17
38,12,15
39,17,6
50,3,19
24,9,21
36,18,6
24,2,31
27,11,11
16,18,14
26,14,7
32,5,20
52,1,18
2,16,27
36,12,17
61,2,8
40,0,26
48,12,9
3,12,33
43,5,15
33,0,26
32,22,4
38,6,24
57,5,6
8,19,20
16,7,31
56,10,0
20,9,25
28,10,13
50,3,14
10,1,39
24,7,23
21,8,25
1,3,39
1,13,33
47,1,26
15,10,23
52,7,6
6,14,25
15,17,11
32,22,1
9,14,20
24,11,21
34,7,19
36,6,20
13,21,7
28,9,18
4,7,36
19,0,34
42,9,9
11,3,36
7,2,41
41,9,18
21,9,18
15,6,28
4,22,19
63,9,0
49,5,17
34,18,4
12,15,17
16,19,11
21,12,14
17,10,22
30,1,29
40,7,20
52,6,11
11,7,34
18,6,25
17,6,28
6,20,20
36,22,3
13,21,18
17,14,21
5,8,33
6,3,43
16,21,6
26,8,24
19,1,32
23,11,15
61,7,3
54,8,6
53,6,10
17,15,10
37,10,12
25,1,34
31,6,20
28,4,26
17,16,17
24,13,10
14,14,18
46,10,7
17,7,29
26,10,21
20,14,14
23,6,23
13,1,40
30,13,11
45,4,18
3,21,19
34,8,17
61,0,10
44,9,11
4,8,36
1,2,40
47,3,19
46,15,2
56,2,14
25,9,15
26,0,29
35,23,2
25,11,15
32,2,25
3,19,26
31,13,15
40,15,2
15,7,30
38,6,22
3,8,37
22,15,6
36,19,4
45,3,18
2,22,23
11,22,10
24,14,8
13,2,40
24,0,37
30,6,19
49,7,12
13,16,18
21,16,6
35,18,2
4,13,27
18,15,10
20,0,34
25,9,22
39,0,27
36,13,7
27,23,0
16,23,3
22,10,21
27,0,35
35,21,4
32,7,17
30,13,12
44,5,18
5,20,21
16,5,32
0,14,35
27,7,19
10,7,34
20,5,30
60,9,3
24,13,13
16,13,16
0,14,33
21,20,3
33,6,20
42,6,20
6,12,26
16,6,31
22,12,15
50,10,6
13,20,13
41,10,14
47,16,0
0,6,37
20,10,21
9,9,29
28,0,31
11,23,7
16,10,28
32,7,24
4,4,39
38,16,0
58,7,1
8,7,30
22,6,23
51,0,23
20,23,1
47,20,0
22,3,31
37,4,25
28,1,26
7,13,21
11,9,30
27,5,26
28,21,3
16,9,24
45,2,19
50,3,18
46,9,8
19,13,21
16,20,14
16,7,27
29,16,9
18,20,3
20,17,8
11,21,16
28,16,5
12,21,19
4,14,26
6,9,32
2,23,17
33,15,10
43,6,20
20,6,26
16,15,12
2,1,41
17,13,15
18,18,11
22,9,18
45,13,4
15,18,15
22,11,18
63,8,3
63,2,15
29,2,32
49,22,0
25,8,22
16,0,39
13,14,17
46,5,14
15,3,33
15,2,40
3,20,24
44,5,16
38,12,14
15,2,36
14,16,12
32,1,27
45,16,1
19,17,7
34,0,28
13,3,35
19,7,23
26,7,25
26,14,8
49,2,19
15,4,34
9,12,23
43,6,18
41,11,6
51,8,10
4,13,25
23,15,9
2,3,39
62,1,14
51,12,4
50,1,17
20,14,9
35,15,7
37,3,26
27,7,16
38,7,18
18,10,20
58,6,3
29,7,19
5,1,42
53,11,0
54,5,12
18,5,30
2,15,31
48,8,11
32,3,24
18,15,11
38,11,13
58,2,10
12,21,17
46,4,17
60,1,9
7,12,25
42,3,21
9,2,40
22,5,30
47,12,9
25,2,30
24,11,12
33,2,24
16,11,21
19,4,33
32,17,7
14,11,22
42,5,21
3,13,32
3,9,37
14,8,27
17,17,7
17,7,25
12,20,17
26,8,16
30,4,25
27,7,21
63,3,5
34,16,5
27,6,19
46,13,4
15,12,22
50,2,17
26,6,23
39,11,13
25,4,23
63,4,5
36,14,7
37,11,10
24,1,30
40,14,11
27,12,10
26,12,11
26,6,19
12,21,10
41,6,15
25,18,5
12,17,16
42,18,1
33,9,18
18,10,25
26,14,12
8,23,16
53,2,13
17,5,32
27,14,12
12,16,17
3,6,39
62,5,5
9,10,27
54,4,11
26,10,13
26,7,23
27,8,16
47,5,14
44,1,27
5,1,40
21,7,26
23,1,33
59,6,4
17,13,21
23,21,1
18,13,18
39,17,5
28,9,17
36,17,3
44,13,3
6,17,21
6,12,28
44,8,9
30,13,16
53,0,17
39,6,18
29,19,4
20,2,34
54,10,2
62,6,5
26,13,9
31,22,4
35,16,10
4,17,23
9,6,34
25,6,19
37,14,10
31,10,16
38,10,10
43,14,7
29,8,22
19,18,13
32,23,0
11,6,34
35,9,16
46,5,20
56,7,3
19,18,8
31,6,21
63,1,8
27,1,35
27,2,33
22,4,27
27,18,8
28,22,4
21,16,7
17,5,29
43,15,4
62,5,4
45,4,21
16,18,7
60,5,6
23,17,4
59,1,10
49,3,21
30,2,26
26,2,29
31,6,22
49,7,13
13,13,23
17,6,32
10,8,32
49,5,12
46,7,11
53,7,12
7,0,41
9,19,19
19,2,32
13,20,19
49,3,18
53,4,14
16,11,20
6,23,19
59,2,10
27,7,24
13,10,26
30,1,31
43,14,9
2,17,28
15,19,8
21,8,26
42,14,5
7,6,35
31,1,26
23,11,14
26,16,6
26,7,22
13,3,33
8,15,20
11,5,30
49,7,15
7,5,37
45,4,15
27,1,27
23,16,4
11,4,33
31,1,31
30,7,20
15,23,3
14,11,24
44,9,16
3,21,25
63,3,7
46,1,24
26,1,30
18,17,13
41,4,19
17,17,12
30,10,18
17,14,19
31,15,8
55,8,3
22,10,24
18,17,8
30,11,16
14,4,33
33,12,12
5,22,18
19,23,3
23,4,27
30,9,16
56,10,2
36,18,7
3,1,42
54,5,10
23,19,3
23,5,29
10,8,31
28,2,32
47,1,21
47,12,7
5,14,25
19,21,2
43,14,5
16,17,10
46,14,6
44,7,17
21,6,27
55,2,18
26,14,6
18,17,15
50,1,23
35,8,17
11,0,41
28,2,26
17,8,24
40,14,6
37,13,10
23,5,27
21,8,22
24,19,6
34,21,0
13,7,29
37,13,6
30,10,13
41,15,8
10,9,30
47,1,19
1,23,28
21,14,10
48,14,2
3,5,39
14,1,35
19,19,10
41,6,21
2,12,33
30,8,17
4,23,18
7,18,20
48,3,18
41,9,10
20,6,25
43,4,18
48,15,1
2,16,28
10,5,33
22,11,13
34,11,14
2,0,44
52,2,17
63,2,10
17,22,2
11,4,35
53,3,15
31,11,14
2,8,39
44,1,20
41,16,0
3,2,42
5,18,21
41,3,20
19,6,27
28,11,14
29,15,8
36,21,0
22,8,26
25,6,20
21,22,1
26,1,29
47,2,21
31,3,23
45,15,2
28,9,14
51,9,5
28,3,23
13,0,40
21,17,7
28,21,4
39,11,8
14,2,35
10,10,25
9,7,31
58,0,19
23,16,9
40,13,9
40,8,15
31,9,14
53,9,4
39,14,9
44,2,21
50,8,8
12,21,12
59,2,11
13,18,10
54,3,14
50,3,22
59,0,18
52,3,14
13,21,10
47,7,11
10,15,20
34,4,21
29,11,14
25,13,12
30,8,19
22,3,29
6,10,30
1,22,25
39,14,5
58,7,3
5,7,37
37,14,6
20,12,15
34,21,6
51,3,15
45,7,15
19,11,21
17,14,15
25,5,21
45,13,6
28,13,11
34,10,15
33,23,4
19,11,16
20,7,28
21,6,25
44,8,17
3,11,36
3,22,18
48,2,18
45,1,25
14,1,36
45,9,9
19,9,21
19,8,23
18,9,26
32,6,23
27,9,21
18,6,28
33,23,1
25,22,1
15,4,31
6,19,20
22,3,28
43,14,8
56,2,11
26,1,32
36,11,13
55,4,10
15,17,10
32,15,11
50,14,3
29,7,25
50,15,4
8,22,17
20,6,29
20,15,10
49,14,3
44,7,16
48,5,15
40,8,21
1,1,42
23,15,5
7,7,32
31,8,20
48,14,1
39,9,12
40,5,24
4,21,25
24,7,19
39,11,12
50,2,15
58,5,6
4,16,30
21,11,16
41,13,8
37,12,8
48,21,0
54,3,20
34,16,10
59,0,19
17,12,16
41,0,24
60,2,8
13,3,41
25,1,28
30,5,25
32,8,18
42,5,20
35,3,25
13,20,18
20,11,15
30,6,24
60,7,3
48,13,4
48,0,25
38,19,1
21,6,29
48,3,16
15,16,13
46,4,15
46,9,9
36,15,4
45,1,20
10,15,22
1,15,30
5,12,26
49,10,7
28,13,14
29,16,8
27,4,24
58,0,12
44,4,22
3,21,21
21,13,14
50,9,9
0,20,31
30,6,22
25,8,17
35,13,9
36,15,9
52,4,13
4,23,17
26,2,25
11,3,39
26,12,12
32,19,6
39,7,24
20,14,17
16,16,17
24,15,6
54,6,9
9,3,39
58,4,7
11,7,28
12,16,14
41,8,14
6,13,25
62,4,6
13,1,43
21,17,13
18,12,21
10,4,34
5,15,23
23,6,21
25,5,22
2,23,20
16,14,13
25,13,9
10,22,12
52,7,9
37,17,2
6,3,41
17,14,18
30,9,15
40,13,7
29,9,18
44,3,20
39,1,27
27,10,16
45,4,17
12,4,33
62,0,11
55,2,19
0,10,37
49,1,21
35,13,14
50,5,14
40,10,12
33,1,27
55,5,6
24,4,30
23,2,34
38,16,8
3,0,46
22,5,31
30,4,24
9,16,20
47,5,19
19,14,20
44,12,4
28,2,31
21,12,17
0,23,27
17,14,13
11,16,20
38,10,12
25,11,14
59,8,2
27,6,18
59,1,17
24,0,34
20,7,29
51,13,0
11,5,36
27,10,17
16,9,27
46,10,6
22,12,11
0,21,29
43,10,12
23,15,12
13,21,8
49,0,19
33,23,2
40,8,20
8,10,27
25,12,12
60,5,5
48,10,8
4,2,38
22,16,12
63,4,6
37,12,14
39,14,12
1,5,37
27,1,26
33,8,21
32,3,23
32,9,15
49,9,9
0,13,36
49,0,23
51,2,22
6,6,34
8,23,18
29,10,15
36,16,8
53,12,1
1,23,18
18,5,27
45,3,19
20,3,31
32,11,14
22,9,22
17,1,34
56,1,15
43,12,9
12,5,30
51,13,3
45,1,22
2,15,27
11,12,23
54,9,2
34,20,3
18,8,25
9,4,38
41,10,15
41,11,7
5,13,27
20,4,30
38,4,23
18,15,13
29,0,34
10,2,37
59,11,0
42,2,21
47,3,20
44,8,16
13,6,31
0,0,43
40,17,0
1,14,35
32,6,22
12,14,23
1,12,36
31,0,28
3,0,41
22,6,26
39,6,23
44,5,19
25,2,26
42,8,14
27,0,29
53,7,9
26,8,20
36,15,10
12,20,15
18,0,37
42,4,18
14,15,15
12,21,11
48,5,17
24,10,14
13,14,22
7,14,25
34,14,8
61,9,1
29,2,23
24,16,6
45,6,18
24,9,18
43,5,23
53,9,2
33,22,5
27,0,30
16,15,10
40,18,5
1,5,40
15,15,13
54,9,3
30,14,13
15,14,16
5,19,21
31,7,19
3,17,25
31,8,16
59,3,7
58,8,4
12,22,11
55,10,1
26,13,12
20,16,10
13,6,30
17,16,9
41,11,8
12,9,25
62,5,7
51,0,19
0,1,45
12,2,36
0,2,45
42,8,13
49,9,11
60,6,4
31,6,19
41,13,5
31,10,17
29,2,24
14,8,30
38,5,23
24,20,3
47,4,19
19,14,16
43,12,5
22,6,28
20,8,24
2,15,30
51,1,16
60,7,1
61,0,15
12,10,26
50,1,20
12,5,32
8,5,34
7,8,37
1,19,30
10,5,37
34,7,22
28,0,29
18,4,32
28,18,5
46,9,12
4,1,42
28,16,9
43,10,7
22,8,25
15,2,33
55,0,22
43,9,16
30,11,13
9,9,31
52,5,14
20,10,19
14,7,28
20,22,2
39,8,19
45,0,24
32,6,24
3,17,24
40,4,23
12,21,18
21,22,2
21,0,34
49,0,21
62,0,17
13,17,12
17,18,8
38,11,14
54,0,15
44,9,10
52,11,2
31,7,17
27,14,14
47,3,15
12,8,26
21,5,25
40,14,5
12,16,19
26,9,18
16,15,18
31,7,23
49,9,10
41,8,17
17,19,5
44,15,3
14,19,15
40,16,5
38,12,9
8,17,19
56,7,4
32,17,6
10,9,29
11,20,15
52,1,17
50,5,13
0,23,23
35,15,11
55,11,0
29,10,14
42,6,14
45,17,3
31,15,7
51,13,4
51,10,5
41,1,23
39,3,25
44,4,19
16,16,14
41,17,0
29,0,33
7,11,25
27,21,4
25,4,28
21,6,26
53,5,12
39,8,18
30,17,8
24,2,28
5,11,30
11,2,37
32,13,12
19,1,36
20,21,3
49,10,8
27,12,13
10,6,32
46,0,24
17,16,11
34,10,16
27,9,18
11,4,34
63,6,2
20,2,29
28,12,11
18,17,16
11,0,43
19,4,31
26,3,23
14,3,34
56,8,2
5,1,41
1,14,33
1,0,48
3,9,36
32,11,13
20,19,4
9,3,40
33,22,1
39,16,1
50,15,2
6,21,18
46,11,7
45,17,2
41,15,3
15,12,20
37,10,16
16,3,32
32,0,28
0,2,42
21,11,21
15,2,34
23,15,11
39,14,7
60,7,4
44,2,20
39,16,7
58,5,5
59,3,8
30,12,17
17,3,32
44,4,16
44,0,26
10,11,25
29,9,19
33,6,25
19,14,17
28,4,22
19,11,25
6,23,15
29,7,18
27,3,23
21,10,21
29,13,13
34,14,9
9,3,37
24,15,8
25,22,2
24,0,35
13,17,11
13,6,29
17,14,14
20,15,15
12,21,16
23,11,12
21,12,16
43,1,20
13,4,30
30,13,15
24,8,24
47,5,12
27,7,22
6,5,38
9,6,37
26,1,28
39,16,6
19,15,10
2,23,28
16,16,12
37,13,14
60,3,7
29,8,18
21,9,24
46,11,9
61,0,14
45,5,17
29,4,21
1,0,42
7,9,29
19,16,11
34,5,20
4,12,29
21,10,22
9,15,20
20,3,29
29,10,12
28,16,7
63,11,0
13,10,25
34,8,16
24,18,4
35,11,16
36,18,1
6,15,21
9,6,30
55,10,4
42,5,18
60,3,6
1,6,36
11,5,33
32,9,18
49,14,2
47,1,22
37,9,19
12,0,41
23,13,14
36,16,6
38,7,21
48,3,21
34,8,18
48,7,15
14,3,32
39,14,11
2,6,39
48,6,14
44,5,22
12,3,33
28,2,25
18,5,26
20,13,12
22,9,19
48,1,24
21,4,26
21,3,28
1,21,25
23,10,19
26,4,23
16,16,13
42,6,18
17,17,10
51,7,9
49,2,16
3,15,27
3,5,40
22,13,14
25,7,25
31,6,18
17,7,24
22,2,28
12,10,25
42,12,8
31,16,6
4,2,39
27,2,24
27,11,14
27,9,14
21,11,18
50,7,12
31,0,30
15,17,8
6,1,46
36,8,17
32,22,5
10,8,29
42,4,20
36,14,6
26,1,35
18,19,9
54,2,21
3,16,29
47,4,22
11,3,38
42,0,24
26,6,22
50,6,13
25,11,12
21,13,17
36,11,12
34,5,21
49,16,2
29,2,26
4,20,20
46,2,22
37,13,11
19,18,12
47,2,18
41,11,11
18,4,28
40,13,13
36,16,10
21,1,37
32,14,11
7,22,19
39,10,15
17,8,25
44,15,2
35,16,5
19,20,3
23,7,20
6,15,23
17,23,2
23,1,35
19,16,12
42,15,2
16,17,8
48,6,16
50,17,1
16,14,22
16,19,15
45,2,23
20,6,28
32,23,5
45,7,12
24,12,11
13,4,32
29,0,27
28,6,24
9,2,38
36,19,1
5,14,24
42,3,19
55,2,13
20,5,33
15,5,32
15,8,30
23,8,17
46,13,6
42,7,16
36,19,2
23,10,13
17,22,5
34,15,11
9,9,26
40,9,11
54,0,21
11,3,37
59,5,6
26,20,4
34,2,24
35,11,14
26,4,29
42,11,9
6,11,31
8,13,22
2,23,27
2,3,38
62,2,10
46,1,20
48,19,0
25,1,31
34,19,5
29,4,22
25,23,2
