52,7,3
25,4,0
26,5,2
37,3,7
28,1,8
30,3,7
36,3,8
35,2,10
58,1,19
62,8,6
45,5,3
58,4,9
56,3,19
43,3,10
55,2,21
56,2,14
34,1,7
27,4,4
50,5,9
46,7,4
32,5,1
43,3,12
54,6,5
57,0,19
34,1,6
35,6,1
51,6,3
36,1,6
61,5,13
54,5,6
40,4,5
48,3,13
31,0,8
55,2,13
44,0,12
28,4,6
58,6,7
58,0,25
35,1,10
31,4,5
27,0,10
55,1,21
26,1,8
33,5,0
51,4,7
50,1,15
37,6,4
55,7,3
44,2,6
59,1,23
43,1,9
25,1,5
36,1,9
43,0,15
49,4,9
47,2,12
38,1,5
57,6,7
49,0,19
37,6,1
17,0,2
49,1,18
60,8,1
49,2,18
42,6,3
38,0,18
53,7,5
61,1,16
25,0,10
33,4,5
38,7,2
23,5,1
56,6,11
62,5,14
32,4,2
43,1,10
25,1,9
29,6,0
22,2,5
59,1,17
49,4,10
25,0,12
63,7,0
25,1,4
32,0,12
33,2,8
46,0,16
62,0,17
30,0,11
52,3,17
47,7,3
38,1,6
34,4,1
59,2,19
24,5,0
48,4,10
36,2,6
29,5,1
56,7,4
40,5,4
31,6,1
39,1,14
62,7,7
44,2,12
43,0,19
47,0,22
61,6,3
13,0,1
40,2,8
42,4,7
60,6,8
48,4,8
53,4,11
37,0,11
49,0,21
43,4,5
58,2,19
37,3,2
40,1,12
25,2,4
39,4,0
47,3,9
34,4,5
33,3,3
18,1,5
36,0,10
57,2,19
24,0,11
21,0,7
58,0,21
58,4,15
49,2,13
62,4,16
63,3,13
47,1,14
57,4,9
46,3,7
42,1,15
28,0,7
53,4,16
55,0,22
42,2,5
39,4,7
46,0,22
62,4,15
55,5,6
48,8,1
57,1,23
57,1,21
37,0,14
19,0,1
48,3,15
45,7,2
50,1,21
15,1,0
63,1,18
42,0,13
26,4,3
29,5,4
44,5,8
54,4,13
26,3,7
55,9,0
36,1,13
38,0,13
23,3,5
30,6,3
63,6,1
43,3,2
48,3,10
37,7,1
51,8,1
57,4,12
33,4,8
55,4,14
55,5,7
35,0,14
56,2,19
24,4,5
45,3,8
61,1,18
23,1,3
63,6,4
55,1,18
56,6,6
50,0,20
24,2,6
59,1,20
52,8,0
55,0,18
22,1,3
63,3,16
44,2,13
49,7,3
54,3,18
42,0,12
41,2,6
19,1,1
48,3,9
44,3,7
50,4,12
50,7,3
41,4,1
50,0,16
47,8,3
41,4,4
59,2,20
19,0,2
46,5,1
29,0,13
49,4,13
53,2,18
57,7,3
44,3,6
17,0,3
27,3,7
27,3,6
41,0,10
30,2,4
29,1,6
15,0,0
43,2,10
43,0,13
30,2,5
56,3,14
49,3,17
31,0,9
63,5,8
63,5,11
59,6,13
50,9,2
39,3,10
24,1,3
46,2,13
45,8,4
39,2,6
53,3,11
43,2,6
57,7,6
61,4,15
39,4,6
24,1,8
59,6,9
41,2,5
61,6,12
38,5,4
20,3,3
60,4,14
61,6,5
35,3,5
45,2,15
38,8,1
55,5,8
32,2,10
43,0,18
34,3,1
62,0,26
51,6,8
53,5,8
30,2,8
38,5,1
61,6,13
42,3,7
42,1,12
54,8,0
63,5,5
26,0,9
36,5,1
61,3,19
57,4,14
41,1,5
50,2,17
26,4,4
44,3,10
29,3,3
59,6,5
58,5,8
43,1,11
45,0,16
48,0,18
49,3,10
52,8,3
62,4,14
34,5,3
57,7,5
14,1,1
53,4,14
23,3,6
34,2,7
63,2,17
30,0,12
49,1,15
61,7,0
62,2,22
37,2,9
48,6,0
22,1,8
56,2,18
32,5,5
43,7,1
42,1,8
40,0,13
21,1,3
57,9,2
54,1,16
27,0,12
63,5,13
40,0,15
47,3,13
61,7,8
39,0,8
40,0,17
59,6,6
19,1,2
36,0,12
61,4,10
45,2,12
25,3,6
51,4,14
23,2,4
37,0,8
50,8,4
59,3,14
41,2,14
31,2,4
49,5,11
62,5,5
34,0,11
63,0,18
21,2,3
41,0,11
37,3,4
27,1,4
61,7,4
26,0,6
56,6,9
30,1,13
31,3,9
47,5,10
62,7,3
39,1,10
61,7,1
20,1,3
40,2,4
41,5,1
35,0,11
33,2,10
41,0,15
40,1,8
44,3,3
22,1,7
61,6,7
47,6,1
47,5,2
44,1,15
15,1,2
32,3,8
60,7,7
30,1,9
57,10,3
46,1,11
48,4,9
34,3,4
19,1,0
59,1,22
58,4,11
33,0,9
47,8,1
61,2,20
54,5,14
25,2,2
53,6,7
44,4,8
51,7,1
51,8,0
52,5,6
31,3,6
35,0,7
19,2,0
58,1,15
59,3,13
40,0,8
45,6,4
34,0,14
26,5,1
27,5,1
47,2,17
30,4,5
59,7,8
47,9,2
42,2,12
55,0,20
28,4,0
16,0,5
30,4,0
25,2,8
63,1,15
50,6,4
48,4,5
58,6,10
29,3,7
16,0,6
44,2,15
47,1,13
19,2,3
49,1,17
50,4,7
49,2,15
38,2,11
61,3,13
23,1,6
17,2,0
44,7,1
21,0,12
62,8,0
63,5,2
52,8,2
63,4,11
21,4,0
38,2,8
41,1,16
54,3,14
39,1,7
50,2,18
62,2,13
52,1,15
57,1,16
50,5,4
17,0,5
59,2,21
50,3,17
49,9,2
33,4,2
41,0,18
50,1,16
49,3,11
31,1,10
38,4,0
60,3,15
61,0,20
33,0,12
48,3,11
61,1,19
53,4,8
47,5,3
16,0,1
51,6,7
26,0,11
54,8,1
32,4,0
54,4,15
46,3,12
50,5,11
35,4,6
30,1,12
39,0,15
28,0,12
63,2,21
63,0,24
55,1,16
40,1,9
43,1,17
28,0,8
16,0,3
58,7,3
49,6,1
50,2,14
45,0,21
39,6,0
33,2,11
41,3,5
59,7,3
26,4,2
30,5,0
32,4,5
63,4,14
42,1,7
21,0,8
53,3,18
62,5,6
30,4,1
44,5,0
42,0,16
42,2,15
52,4,9
32,3,6
53,5,14
59,6,7
54,3,12
40,1,15
39,7,0
31,6,4
45,4,11
50,4,13
49,1,14
31,1,7
59,2,16
23,1,10
29,4,5
59,8,1
60,5,13
34,0,13
58,2,13
46,4,3
25,6,0
21,3,4
36,5,3
37,2,7
57,3,16
40,2,12
58,3,11
43,5,3
44,0,16
29,2,3
36,6,0
54,9,0
49,5,8
31,2,7
46,3,10
51,2,13
28,0,10
30,2,9
63,4,17
63,0,25
48,3,12
57,0,20
53,3,13
20,0,4
63,4,8
59,2,17
36,3,2
62,5,12
34,2,3
49,2,11
34,2,12
50,5,8
48,6,3
50,8,7
20,0,5
54,0,22
28,3,4
35,2,7
55,7,4
46,3,6
24,4,0
42,4,10
47,6,0
55,1,19
47,4,7
41,1,12
45,1,10
24,4,1
37,5,0
36,2,3
37,4,1
51,5,6
59,0,22
41,5,0
61,5,9
39,1,9
63,0,19
37,3,3
17,1,3
41,2,8
59,0,24
31,4,8
61,7,7
47,0,15
58,3,15
48,4,7
54,4,11
30,1,6
41,1,10
52,6,7
41,8,0
18,1,4
25,5,4
54,7,5
31,2,6
47,3,14
28,1,12
58,2,15
58,7,8
45,3,9
44,3,8
25,7,0
28,4,2
26,0,8
56,1,15
59,0,18
56,5,7
49,1,13
42,4,8
30,6,1
48,9,1
44,2,9
46,2,8
48,2,17
18,3,2
57,5,9
31,3,7
57,8,0
39,6,4
49,2,17
51,1,14
37,0,13
48,2,15
63,3,18
26,2,5
31,1,8
26,2,6
21,1,8
33,2,7
59,3,17
59,1,19
49,5,10
43,3,3
52,2,17
53,3,15
60,1,19
34,3,3
62,5,13
58,0,19
30,6,2
32,5,2
28,3,7
47,3,16
51,1,16
44,1,14
38,3,3
31,0,12
52,3,14
59,5,11
39,0,7
40,3,10
44,5,1
25,0,8
56,4,11
60,5,15
44,4,1
58,6,9
32,2,5
27,1,5
32,1,9
61,4,13
25,2,7
48,6,1
50,5,5
60,2,17
56,5,11
63,2,16
41,6,4
21,2,4
63,2,15
37,5,2
27,5,5
27,5,4
61,4,12
25,4,5
52,2,14
59,5,10
62,3,13
58,2,18
30,3,2
26,2,3
59,3,15
39,1,5
47,4,9
49,6,2
45,5,4
47,4,6
42,4,11
60,2,21
45,0,12
54,1,17
48,0,19
56,8,4
38,3,2
52,6,4
60,0,24
53,4,13
31,2,3
49,0,15
50,6,8
42,8,1
51,7,6
43,0,17
38,4,1
33,4,3
41,1,14
22,4,0
58,4,10
60,4,12
42,2,9
22,1,6
22,4,1
16,0,2
62,4,12
36,3,3
51,4,15
48,0,23
23,0,10
37,5,5
61,6,6
33,4,1
48,2,13
33,1,10
54,6,4
46,4,7
55,2,17
53,5,7
44,2,8
56,5,9
15,0,3
50,3,11
42,2,6
27,1,8
23,4,2
36,4,5
43,7,2
21,2,2
63,6,0
46,6,0
56,3,15
62,1,21
47,0,18
38,1,11
47,0,17
51,1,17
32,1,7
63,5,12
54,5,9
61,6,9
51,1,19
52,7,6
52,0,16
45,8,1
31,6,0
57,2,13
47,6,2
26,5,5
45,6,2
54,5,15
25,1,11
46,5,3
19,1,3
15,0,1
60,1,20
35,0,6
25,1,8
39,3,5
39,1,8
57,0,24
50,0,23
49,1,16
43,4,1
36,0,9
37,1,6
35,1,7
49,5,9
29,3,6
48,6,2
42,1,9
29,4,0
40,1,5
63,4,6
59,3,12
56,3,13
55,1,20
54,3,16
47,0,21
22,1,9
30,0,10
58,1,16
33,1,6
55,1,15
58,10,1
34,4,3
47,0,19
40,2,6
56,5,15
56,3,11
28,2,10
40,5,5
57,7,8
62,3,18
57,0,18
50,0,18
40,1,10
43,5,0
57,3,15
23,4,0
49,4,6
49,4,11
16,1,2
60,1,24
56,3,12
33,1,5
48,4,13
35,5,1
31,2,10
27,5,2
21,0,4
44,4,11
48,8,3
51,2,18
19,3,2
45,2,9
53,1,17
60,1,21
23,1,7
43,2,8
58,5,15
58,1,17
59,5,9
30,4,4
38,1,12
30,5,1
46,4,4
29,3,9
25,1,7
39,6,1
39,5,2
49,5,7
52,9,3
58,2,17
45,1,18
37,6,0
37,2,10
53,1,16
31,3,10
51,0,16
62,3,16
45,7,4
51,1,20
45,6,0
26,1,7
45,2,10
41,2,12
26,4,1
58,7,2
27,1,7
54,9,2
36,3,6
22,3,5
33,0,7
21,2,7
40,7,0
49,7,2
47,2,9
35,1,9
45,0,19
50,7,0
58,9,1
43,3,4
57,4,13
60,4,11
47,1,19
54,7,2
58,5,7
48,4,11
48,1,15
47,5,4
28,5,5
47,4,5
40,3,6
28,2,9
40,6,3
40,2,7
31,1,6
45,1,13
27,4,0
24,0,8
63,1,21
30,3,3
39,4,5
44,1,9
33,0,11
27,1,6
19,0,5
35,4,0
36,3,7
40,2,11
60,1,17
56,2,13
54,0,19
42,3,5
62,5,8
58,2,14
26,4,0
39,2,8
57,8,6
21,2,1
52,1,17
54,1,18
26,1,6
30,7,1
62,1,20
63,5,3
32,3,4
48,1,17
27,1,11
43,0,14
49,2,14
47,5,9
23,4,3
48,7,0
26,5,0
58,5,14
24,3,0
15,0,2
45,0,13
41,6,2
57,9,3
26,1,5
48,7,1
27,2,9
63,1,16
50,3,10
30,4,2
47,1,15
55,4,18
59,4,11
27,1,10
24,2,8
39,5,6
60,0,20
28,5,6
60,7,3
48,5,8
49,7,1
60,5,8
24,0,7
39,0,11
38,1,9
24,3,6
58,8,0
63,1,20
29,1,9
34,4,8
47,1,18
59,0,19
17,1,0
18,1,1
36,5,0
46,0,18
59,0,23
55,5,13
36,4,1
34,1,14
34,1,5
61,3,17
40,6,1
56,9,1
60,5,9
22,2,7
26,2,7
18,2,1
51,8,3
63,3,9
55,3,11
38,2,4
63,7,1
52,4,13
28,5,2
45,3,5
24,4,3
48,0,17
61,3,18
59,0,25
63,0,22
37,6,2
54,4,9
46,0,17
33,0,14
15,1,1
17,0,1
63,2,20
57,1,15
57,9,0
52,4,8
52,8,1
61,5,12
38,0,12
57,3,17
61,4,8
45,4,6
20,0,8
23,1,9
38,2,9
56,3,17
60,6,5
39,4,3
19,0,3
54,4,10
48,2,10
59,7,7
34,1,9
38,1,14
30,0,7
35,2,4
36,1,11
62,6,3
62,2,20
34,5,6
39,3,6
59,5,15
37,2,8
36,4,2
30,1,11
41,0,7
53,0,17
43,1,15
33,6,0
48,6,9
59,0,21
51,2,16
29,5,6
63,5,15
32,3,3
62,1,19
49,8,0
62,5,9
49,1,21
60,8,2
56,4,14
35,0,13
57,3,13
53,4,9
18,0,5
24,1,6
40,6,4
49,5,3
45,3,4
42,3,10
35,6,2
42,0,15
46,0,13
44,0,17
57,2,15
61,5,14
38,0,10
62,2,16
49,7,4
63,1,23
26,4,5
57,1,17
54,7,3
28,2,3
61,1,17
30,0,9
56,8,3
38,5,6
59,7,9
50,4,9
62,2,19
57,7,2
24,1,9
45,3,11
44,5,9
30,3,6
28,1,7
56,9,4
41,5,2
57,5,15
52,2,15
45,7,3
54,3,11
37,4,3
55,3,16
23,2,2
52,9,0
29,7,1
41,1,9
47,4,13
41,7,3
36,1,10
42,1,6
34,2,9
59,4,10
29,0,12
34,2,11
55,4,17
58,0,20
56,2,15
57,10,1
31,5,6
63,2,14
17,0,4
55,3,19
52,5,7
49,3,14
57,0,23
47,5,8
37,3,1
50,3,13
48,1,13
42,4,3
28,3,2
56,0,18
32,4,4
61,8,6
30,2,3
21,2,5
40,3,7
51,8,4
45,4,5
34,6,1
56,6,7
40,0,9
36,0,14
50,7,2
24,3,3
41,4,5
63,2,18
31,5,5
46,1,12
31,4,1
22,1,2
54,5,7
43,3,7
31,3,2
53,8,2
63,0,21
47,7,2
27,4,1
55,2,14
20,2,0
60,0,26
56,9,0
45,0,18
55,4,15
55,5,9
60,10,1
53,3,12
60,0,27
50,1,17
41,4,0
58,7,4
59,2,18
56,7,3
61,7,2
61,4,17
34,2,4
31,2,5
38,5,5
47,1,16
38,5,3
37,3,5
29,3,5
31,0,7
32,4,6
62,7,0
30,5,3
35,0,15
22,2,2
22,0,4
60,5,6
47,0,14
32,1,6
28,3,1
55,8,2
42,2,14
34,6,3
35,2,3
59,2,13
62,6,5
34,0,12
39,2,7
57,1,22
61,2,13
62,3,19
35,4,1
16,2,2
18,0,3
56,2,17
45,0,17
48,0,14
44,0,19
44,0,14
51,3,12
43,4,4
26,1,4
57,8,4
37,1,5
54,6,7
54,2,19
55,5,15
59,1,24
46,5,5
54,7,4
33,5,6
24,2,2
53,2,15
39,1,17
50,4,10
58,8,1
37,4,0
37,1,13
56,0,21
20,1,1
40,6,0
48,1,16
53,1,15
31,4,2
27,3,3
26,1,10
29,0,8
55,2,15
46,0,15
60,4,10
18,0,2
20,1,4
26,2,8
46,2,12
60,1,15
37,1,12
34,1,13
24,6,1
43,2,12
29,1,10
41,0,16
42,6,2
49,2,16
33,2,6
27,4,3
40,2,10
36,6,1
26,2,10
58,5,10
62,6,12
57,1,20
57,6,8
50,8,0
31,4,7
40,3,2
44,1,16
30,1,7
53,1,19
63,3,15
60,8,0
57,6,5
17,1,1
48,7,2
59,5,8
34,1,10
49,4,15
58,5,13
30,3,1
49,6,6
34,2,8
47,4,11
43,0,20
58,6,8
59,7,10
55,5,11
22,3,2
39,4,1
42,0,18
58,3,14
26,6,1
63,5,7
18,0,8
58,3,19
36,7,1
22,1,4
25,3,1
25,3,4
30,4,6
32,1,11
38,2,3
24,3,5
50,0,21
51,9,3
42,2,11
26,6,0
29,4,3
59,3,18
28,3,5
34,6,0
16,0,0
35,1,12
58,6,5
57,1,19
31,5,2
17,0,8
55,3,14
44,0,13
63,1,22
44,4,9
29,0,7
59,1,21
63,0,17
47,4,10
46,0,20
63,4,15
43,0,10
58,3,13
59,4,18
61,5,7
41,4,3
19,0,7
34,2,10
34,2,6
36,6,4
62,2,21
23,1,8
30,1,5
62,7,1
51,6,4
39,3,7
60,2,20
44,2,7
38,0,14
53,7,1
60,2,19
40,1,14
37,2,5
57,7,4
54,1,15
35,0,9
36,4,6
45,3,13
62,7,6
27,3,5
40,5,3
54,2,16
61,7,6
53,8,0
56,5,8
41,4,2
24,2,4
28,2,7
53,3,16
61,2,17
57,4,10
59,5,12
24,2,5
47,3,10
47,2,16
24,2,9
49,3,9
62,1,17
61,2,18
44,3,11
46,1,16
55,0,19
48,0,16
26,3,5
59,5,13
59,0,20
44,3,9
51,2,12
28,1,9
61,8,0
35,1,11
52,2,18
24,5,2
38,1,13
18,1,3
31,1,11
59,8,2
26,1,11
55,9,1
37,7,0
55,8,3
60,7,1
40,0,7
43,1,13
48,2,11
24,1,4
60,4,13
21,1,7
58,0,22
39,3,3
62,2,17
32,3,2
49,4,12
44,3,5
57,4,17
19,4,1
40,0,16
59,3,11
55,0,23
51,3,16
48,2,16
34,4,6
55,7,2
60,3,17
29,4,6
41,7,1
21,1,1
43,1,7
47,5,5
26,3,2
62,6,8
60,2,14
57,2,16
48,5,9
58,3,17
55,1,17
51,0,21
50,3,12
31,3,8
23,0,11
33,1,11
20,0,3
25,0,7
42,0,11
61,6,4
60,1,23
62,0,20
47,1,12
32,1,5
59,9,0
39,4,8
24,4,4
49,4,7
22,0,7
30,0,13
31,4,3
48,2,14
37,3,10
38,0,9
14,0,2
54,4,14
43,1,16
52,2,13
63,2,12
43,3,11
46,0,19
26,0,7
27,1,9
24,4,6
60,7,4
43,2,7
36,0,11
28,6,0
33,3,2
29,2,8
34,3,5
35,3,3
28,5,0
37,4,4
51,3,14
21,1,4
60,5,14
50,8,3
39,6,2
21,0,6
60,4,16
27,0,11
61,0,23
40,0,12
51,2,19
29,2,10
62,5,4
52,3,13
56,0,19
45,3,10
48,3,7
48,6,4
50,1,13
38,3,8
44,1,13
36,1,8
48,8,2
63,3,12
45,3,6
63,0,26
47,2,11
43,6,1
41,1,6
22,0,8
28,3,6
35,4,4
22,2,6
41,2,4
34,2,5
24,3,1
58,0,23
34,1,12
39,2,4
56,8,1
51,2,14
24,1,5
61,0,24
31,2,8
52,4,14
60,8,4
48,3,14
34,5,0
63,6,3
50,0,17
62,3,12
27,3,2
49,5,4
40,6,2
27,3,1
45,0,20
38,6,1
27,2,10
58,6,6
41,7,0
40,7,2
23,2,5
56,0,23
52,9,2
57,0,21
60,3,14
59,8,0
46,6,4
62,1,15
28,2,8
34,4,2
45,5,0
45,3,7
50,7,6
39,2,5
24,0,5
49,8,4
28,6,1
27,6,0
57,3,12
51,2,17
36,5,5
50,6,6
27,6,1
34,5,5
29,3,8
46,0,21
45,0,15
36,2,10
34,0,8
32,0,10
59,10,1
29,2,9
42,6,0
50,2,12
55,1,22
23,4,1
32,5,4
40,1,13
35,5,0
48,7,3
55,3,15
59,6,11
45,8,0
40,4,3
53,2,13
51,7,4
43,1,18
42,7,0
28,5,3
60,4,9
56,4,9
51,8,6
38,0,11
49,0,20
51,5,5
55,3,17
31,1,5
29,5,2
37,7,2
45,1,16
63,4,9
27,4,2
57,5,13
53,2,14
45,2,8
38,4,5
31,3,3
44,0,15
63,2,22
62,0,18
42,3,9
62,2,15
44,2,11
38,5,2
38,1,7
24,6,0
46,3,8
60,2,13
35,3,1
36,0,7
22,2,4
51,9,2
42,2,4
58,0,24
60,0,18
50,6,2
31,1,9
43,1,8
26,3,8
33,2,4
28,7,0
42,7,1
26,3,3
53,6,3
25,3,7
58,5,11
32,5,0
39,3,8
40,1,6
42,4,4
25,4,1
46,7,3
29,7,0
63,1,19
52,4,10
20,1,0
63,0,20
61,5,8
30,3,4
42,4,2
46,5,2
54,2,15
55,0,24
53,5,13
25,4,4
41,6,3
52,2,19
29,1,11
53,3,17
32,1,8
52,2,12
50,9,3
59,0,17
40,7,3
52,0,19
51,7,8
38,6,3
59,6,12
25,1,6
43,2,11
60,6,4
39,5,5
30,5,2
52,3,10
56,8,6
63,6,12
40,4,2
44,1,10
36,2,7
59,5,7
56,5,13
43,4,9
45,7,1
54,0,18
46,3,9
56,9,3
17,0,0
35,5,2
56,1,20
28,0,9
52,0,17
39,5,0
63,3,14
18,0,1
42,4,5
30,1,10
18,4,0
18,1,0
56,0,22
20,2,4
50,3,16
45,1,12
35,3,6
29,3,4
40,0,10
51,4,9
29,5,0
61,5,15
35,4,5
59,10,0
50,6,7
51,4,10
27,0,7
33,1,7
40,3,9
17,2,1
35,8,0
52,7,2
34,5,1
17,0,6
36,5,4
30,2,7
43,1,14
44,3,12
23,3,1
35,1,8
45,1,14
32,3,5
57,6,4
60,7,2
53,2,19
54,2,13
61,2,15
45,8,3
23,0,7
57,8,2
34,3,7
19,2,2
62,6,4
19,0,4
57,6,14
47,5,1
63,4,18
61,1,21
57,8,5
57,3,11
38,6,2
31,7,0
26,5,3
38,6,0
52,1,18
48,3,8
60,3,18
45,1,11
36,8,0
50,8,6
45,6,3
50,6,3
43,3,5
49,3,16
45,4,2
57,4,15
46,8,3
21,0,5
16,1,3
29,1,8
49,4,8
58,2,20
17,2,3
31,0,11
40,0,11
56,8,0
59,4,17
31,5,3
47,3,8
56,1,21
58,2,21
20,0,6
21,0,11
49,6,4
55,0,17
22,3,3
42,1,10
38,3,4
28,0,11
26,7,0
24,3,4
55,3,13
37,2,6
32,0,13
41,6,1
42,0,19
48,1,14
50,1,18
33,5,5
36,4,3
32,4,8
56,0,20
18,3,1
58,1,20
55,5,14
37,5,1
60,8,8
51,0,17
45,9,0
63,4,10
61,0,19
39,0,9
59,6,8
50,2,11
39,5,4
39,0,10
20,0,9
53,1,18
52,6,5
53,2,17
37,1,7
28,1,5
50,6,5
50,3,9
54,7,7
47,3,12
44,0,11
44,3,4
21,0,3
30,2,6
27,2,5
52,5,8
60,3,19
62,3,14
41,6,0
50,4,8
24,4,2
39,2,9
59,7,2
56,4,17
60,8,7
58,1,22
27,5,0
61,5,6
58,4,13
54,3,17
57,2,20
23,5,0
40,0,14
60,1,18
18,0,0
46,2,16
34,3,9
55,6,6
58,9,0
51,4,8
29,2,7
49,6,3
41,1,13
21,2,0
43,4,3
53,7,8
62,6,11
31,7,1
51,8,2
47,3,7
42,2,10
35,0,12
45,5,2
51,5,7
56,1,22
30,1,8
49,8,2
16,1,0
45,4,4
33,5,3
51,6,6
51,6,5
39,1,6
53,8,1
45,2,11
55,6,5
42,4,9
40,5,2
41,0,8
60,2,15
61,4,9
59,6,10
29,6,1
48,1,12
57,5,10
49,7,0
49,9,3
24,1,10
43,0,11
34,3,6
49,3,13
35,0,8
23,3,2
44,4,2
28,2,5
36,3,9
31,0,14
25,5,3
55,2,19
23,3,4
42,3,2
30,0,8
41,0,12
25,4,3
32,2,7
63,1,17
46,1,19
29,4,7
41,1,11
32,1,13
28,3,3
19,1,5
48,1,18
42,4,0
56,7,5
60,9,1
33,3,9
37,0,12
21,1,6
46,6,3
57,5,14
54,0,20
23,0,9
20,0,7
42,0,10
37,0,10
59,6,4
63,3,17
29,3,2
29,0,10
44,2,10
37,5,4
28,1,10
53,6,8
36,3,1
26,1,9
56,2,20
35,7,1
44,1,11
14,0,1
57,2,17
37,7,3
36,3,4
54,4,17
18,1,2
33,3,6
36,2,8
53,9,0
24,1,7
59,3,16
62,2,14
61,8,1
45,1,17
61,4,11
29,0,11
39,0,17
54,8,2
31,4,0
39,2,10
53,0,18
47,2,10
39,1,11
53,0,20
63,3,11
47,2,13
42,4,1
31,0,13
53,7,3
22,0,10
59,1,15
40,5,0
61,3,14
52,6,6
21,3,3
44,6,1
37,2,4
26,3,1
35,1,5
46,4,5
37,4,2
25,2,6
28,2,4
40,4,0
62,7,2
48,5,5
39,4,4
51,1,18
63,4,13
25,3,0
38,2,7
62,0,23
48,6,7
42,1,11
57,9,4
34,4,4
58,8,3
55,6,13
53,4,15
31,3,4
51,7,0
59,4,16
62,4,13
44,2,14
31,2,9
61,7,9
21,4,3
23,0,6
45,5,1
62,4,10
58,3,12
46,4,13
42,6,1
35,2,6
32,2,4
51,5,8
22,0,6
63,2,19
38,5,0
57,4,11
36,7,0
26,2,9
29,1,7
33,1,9
41,1,15
38,4,4
24,0,9
59,5,14
35,6,0
36,0,13
61,4,16
57,8,1
32,3,7
36,6,3
45,1,15
46,7,0
40,8,1
62,0,19
60,5,7
35,3,4
22,0,9
51,5,11
22,3,6
59,2,14
33,0,13
27,3,4
43,6,2
32,4,1
59,1,16
44,7,0
61,6,8
41,1,8
30,7,0
46,4,6
44,5,2
39,7,1
20,2,6
25,6,1
60,6,13
40,2,13
19,1,6
24,0,12
54,0,23
52,10,2
38,4,3
27,0,6
55,0,21
50,1,14
22,2,3
51,3,15
58,6,13
61,3,11
54,1,19
20,1,6
27,0,9
31,5,1
62,4,8
35,7,0
30,5,4
57,0,22
22,3,0
55,4,9
60,0,17
36,3,5
34,0,7
39,0,13
50,3,15
25,2,3
32,0,14
58,2,22
34,3,2
28,3,8
20,2,2
38,3,5
14,0,0
49,3,8
42,5,3
15,2,0
56,4,13
53,6,6
19,4,0
55,8,0
54,3,13
33,3,5
21,1,2
48,0,15
39,4,2
42,3,11
32,3,9
53,6,4
55,4,10
54,9,1
55,6,7
35,0,10
28,2,6
43,2,13
43,3,6
28,1,6
19,2,1
51,0,20
19,1,4
38,3,9
32,0,11
55,2,18
23,2,3
28,4,1
25,3,5
54,2,14
32,0,9
35,2,8
63,4,12
47,0,16
51,9,0
43,3,9
40,3,3
37,2,3
59,8,3
57,7,7
63,0,27
32,0,8
29,0,6
61,3,16
33,4,0
50,7,7
46,7,2
39,0,16
42,3,4
28,6,2
58,0,18
53,3,14
62,3,17
39,3,2
42,1,14
33,3,4
48,4,14
18,0,6
28,4,4
45,4,12
41,2,13
62,5,11
18,2,0
38,0,7
60,5,12
57,2,14
22,0,5
19,0,8
47,4,4
36,0,6
36,4,0
49,8,3
36,1,7
28,4,5
22,3,4
43,2,5
61,1,20
44,1,12
22,1,5
62,1,16
55,4,12
49,5,6
49,5,5
26,7,1
29,1,5
60,7,6
31,4,4
46,1,18
43,5,1
60,2,18
18,0,7
62,3,10
31,0,10
31,5,4
21,2,6
62,3,15
56,10,3
41,2,11
29,0,9
57,4,16
44,6,3
24,3,2
25,5,0
56,4,16
32,2,6
59,2,15
25,3,3
46,6,1
59,7,4
34,7,0
48,5,6
34,1,11
37,1,8
50,5,7
44,6,0
25,0,9
38,2,5
39,5,3
42,5,0
58,4,14
27,2,8
49,0,18
48,5,4
44,1,17
29,2,6
54,4,12
41,3,6
25,1,10
61,0,17
42,5,1
48,5,3
29,2,5
42,5,2
45,7,0
29,6,3
37,0,7
44,4,4
37,1,11
39,0,14
49,2,12
51,1,15
36,4,4
26,0,13
53,7,7
53,8,3
45,4,3
55,4,13
62,4,11
56,7,6
35,1,13
47,4,8
49,6,7
34,5,2
52,3,15
63,3,10
52,7,1
50,2,15
35,3,7
40,4,4
59,4,15
57,7,9
29,4,1
43,4,2
42,3,8
21,3,0
62,4,9
29,2,4
33,0,10
63,4,7
36,2,4
29,4,2
34,3,8
36,5,2
52,6,3
54,5,13
32,2,8
29,5,5
45,2,16
47,0,20
38,4,2
56,5,14
58,4,12
28,4,3
54,3,15
48,0,20
52,0,18
25,5,5
58,1,21
41,1,7
55,3,18
44,8,0
58,7,10
44,0,21
37,5,3
25,5,1
56,0,17
45,0,14
61,2,14
19,3,1
43,1,12
48,0,21
58,7,9
34,7,1
42,0,17
57,0,25
43,0,12
52,3,12
61,3,12
56,1,17
50,5,6
21,3,2
23,3,3
31,3,5
50,8,1
37,0,9
38,3,10
57,8,9
41,3,2
51,3,18
62,0,24
47,7,1
23,3,0
55,4,11
23,1,5
22,2,8
25,2,5
42,2,8
53,7,4
32,2,9
22,2,1
50,4,11
50,2,13
53,5,6
53,6,5
62,2,18
58,10,0
27,2,3
37,2,12
47,8,2
63,5,4
40,3,5
34,0,15
61,7,3
43,5,2
33,3,8
36,2,5
36,1,5
60,6,7
40,7,1
60,3,12
56,6,5
63,0,23
16,1,1
33,4,4
25,0,6
49,0,16
61,0,26
26,0,10
63,5,6
50,5,12
48,5,7
46,0,14
26,0,12
47,3,11
58,11,1
32,2,3
38,1,8
24,3,7
42,0,9
54,5,8
54,2,17
49,3,12
59,4,12
59,3,19
26,2,4
62,1,18
51,1,21
56,4,10
43,3,8
52,1,16
24,2,3
58,0,17
50,7,1
22,2,0
56,2,16
56,1,16
56,4,15
44,0,20
41,5,3
62,0,22
62,6,2
62,0,21
33,2,3
46,5,4
36,1,12
60,0,22
27,5,3
57,5,7
41,5,4
50,7,4
50,8,2
42,1,16
49,0,17
37,4,5
58,5,12
55,8,1
48,4,6
49,6,8
55,5,12
57,3,14
33,3,7
51,0,19
51,3,13
45,6,1
57,6,10
44,5,3
56,4,12
58,5,9
55,5,10
59,3,20
49,6,5
54,2,18
47,7,0
29,3,1
19,2,4
48,2,12
41,2,7
32,0,7
47,1,17
33,2,5
46,2,10
40,5,1
34,4,0
62,3,11
51,7,2
54,0,21
18,3,0
33,0,8
16,2,0
40,1,11
60,3,11
43,3,14
56,7,2
41,3,3
20,2,1
51,7,3
27,2,4
28,1,11
54,4,16
45,2,7
53,4,10
38,2,6
51,3,10
35,3,8
42,0,14
20,3,2
20,2,3
43,6,0
42,1,13
48,6,8
32,4,3
33,2,9
34,1,8
30,3,8
49,3,15
52,7,7
35,3,9
62,1,23
40,1,7
37,4,6
25,0,11
37,1,10
62,6,1
40,2,5
63,6,2
42,0,20
20,0,10
25,4,2
57,3,18
47,4,12
51,0,18
62,5,7
61,8,7
27,2,7
30,3,5
48,5,10
60,3,16
61,1,15
44,4,12
55,2,20
43,4,7
61,6,2
59,1,18
40,4,6
19,3,0
54,7,8
39,5,1
60,0,19
21,3,1
62,2,12
30,4,3
56,3,18
35,0,16
37,3,6
43,2,14
54,1,22
55,3,12
27,7,0
60,6,9
60,1,16
27,2,6
49,1,19
46,1,17
38,4,6
46,2,11
31,4,6
27,0,8
53,9,1
54,6,6
33,1,8
35,4,7
51,7,7
59,4,13
57,2,18
30,2,10
37,8,1
52,2,16
47,6,4
20,1,5
37,3,9
59,4,14
38,3,6
35,2,9
18,0,4
38,0,8
26,3,6
24,5,1
52,4,15
57,1,18
56,6,4
35,1,6
46,3,13
53,2,16
51,2,15
20,1,2
35,2,5
61,0,21
60,8,3
58,6,4
21,1,5
49,1,20
39,6,5
48,9,2
51,3,11
58,3,18
28,0,13
58,8,2
29,4,4
41,0,14
42,2,7
57,5,8
29,5,3
23,0,8
57,8,3
45,2,13
58,3,16
41,0,9
27,6,2
53,0,19
54,0,17
40,4,1
43,4,8
58,4,16
34,0,10
39,6,3
53,7,2
23,2,6
17,1,2
42,3,3
60,7,5
30,6,0
38,0,16
46,5,6
35,5,5
44,4,3
41,7,2
18,2,3
41,3,4
57,5,16
59,4,9
62,6,6
60,1,22
51,6,2
33,3,1
43,0,16
26,3,4
46,2,17
31,5,0
62,4,17
62,6,13
57,0,17
19,0,6
39,2,11
56,1,18
23,2,1
55,2,16
60,7,8
40,2,9
24,2,7
63,2,13
55,6,11
54,8,3
51,4,11
37,6,3
37,1,9
63,4,16
24,0,10
60,6,6
24,0,6
33,4,6
62,6,9
46,2,9
61,2,19
22,3,1
31,6,2
37,2,11
14,1,0
50,2,16
26,6,2
56,8,2
46,1,13
36,0,8
23,1,4
59,9,1
57,6,6
58,1,23
12,0,1
63,5,14
48,1,19
61,0,18
38,7,1
40,3,4
54,0,24
23,0,5
25,3,2
56,1,19
60,7,9
57,6,9
61,3,15
39,3,9
18,2,2
52,10,3
60,0,23
32,1,12
28,0,6
51,8,7
52,3,11
38,2,10
38,1,10
61,4,14
41,0,13
51,3,17
60,4,15
43,5,8
43,2,9
17,2,2
56,3,16
32,1,10
35,4,2
45,3,12
35,3,2
43,8,1
61,0,27
59,11,1
60,4,17
36,2,9
55,6,4
57,9,1
62,1,22
58,1,18
27,4,5
