1,23,1
2,22,35
4,23,14
1,22,36
0,21,17
2,23,34
1,21,28
0,22,15
3,22,22
2,22,15
1,23,33
0,23,1
2,21,35
6,23,29
6,23,27
5,23,24
0,23,21
2,21,33
2,21,17
1,22,18
1,23,21
3,22,3
3,22,23
2,22,33
3,22,18
4,22,31
4,23,25
0,22,18
4,23,11
1,22,13
1,23,15
4,23,26
3,21,24
3,23,32
0,22,21
1,22,3
5,23,33
1,20,22
4,23,6
4,23,5
2,23,29
1,22,16
1,23,38
3,23,17
2,22,31
3,23,6
1,21,22
4,23,29
5,23,23
3,21,32
2,23,11
2,22,18
6,23,34
2,22,2
2,21,20
6,23,32
1,22,12
7,23,37
1,23,32
2,21,21
3,21,25
1,21,33
0,21,22
4,22,26
3,23,38
3,22,29
3,21,33
0,22,2
4,23,28
0,20,3
1,22,6
1,23,19
0,21,2
3,23,15
0,21,19
1,19,29
6,23,20
0,19,24
1,21,4
0,22,33
2,21,30
1,21,5
0,21,12
3,22,30
0,22,12
5,23,30
2,22,34
6,23,38
0,21,6
4,23,36
5,23,31
0,19,30
1,23,2
1,22,11
4,23,4
3,22,7
4,23,9
3,21,29
1,21,17
2,23,32
2,22,3
0,23,26
4,23,1
2,22,22
3,21,26
3,21,31
0,23,14
1,22,5
3,22,32
2,23,31
4,23,30
2,23,8
2,23,16
4,23,24
0,22,26
1,22,32
1,19,31
1,20,20
3,23,11
1,21,27
3,21,23
2,22,7
0,21,4
2,23,17
0,21,31
0,20,17
2,22,16
3,23,19
1,22,22
1,21,21
2,21,31
1,23,12
1,23,16
3,22,28
4,23,32
6,23,25
5,23,19
3,23,16
4,23,22
2,22,19
0,18,27
5,23,20
0,21,15
1,21,16
5,23,38
6,23,33
0,19,31
3,23,1
3,22,16
5,23,36
2,22,12
0,21,26
1,21,2
1,21,24
3,23,9
2,23,3
5,23,29
0,19,29
1,20,30
1,23,4
1,21,19
0,22,19
7,23,38
0,20,26
0,21,0
1,23,0
0,18,29
0,20,11
3,23,29
0,20,16
0,19,23
4,23,17
2,22,32
2,22,6
5,23,17
0,21,21
0,19,28
0,21,20
1,22,19
2,23,13
3,21,28
5,23,22
1,22,24
4,22,20
4,22,30
1,21,7
0,20,7
2,20,27
3,22,20
4,23,31
3,21,20
4,23,23
6,23,19
2,23,5
1,21,0
4,22,18
1,21,3
4,22,32
4,23,35
3,23,4
0,21,7
0,23,22
1,22,7
5,23,37
2,22,5
0,20,22
0,23,33
4,23,15
2,23,7
3,23,34
2,22,17
3,23,0
0,22,17
3,21,22
2,21,23
4,23,33
3,23,18
2,23,38
5,22,36
2,21,25
3,22,1
0,23,0
3,21,21
6,23,28
1,20,26
1,22,10
4,23,16
0,19,22
3,23,27
2,20,29
4,23,8
3,22,34
3,22,19
0,20,10
1,22,23
5,22,26
3,23,20
2,23,10
6,23,24
2,22,13
3,23,13
0,21,9
1,20,28
5,23,35
1,22,35
0,21,3
1,20,31
1,22,1
0,23,12
4,23,7
1,23,37
0,22,13
3,21,27
0,20,1
5,23,16
1,22,14
3,22,36
0,20,29
0,20,20
1,21,32
2,22,8
3,21,34
3,23,22
4,22,25
2,21,3
2,23,0
4,23,3
1,22,21
1,23,11
4,23,27
2,21,28
2,22,4
3,23,7
6,23,23
1,22,9
1,21,20
3,22,33
3,23,5
0,21,10
2,22,1
1,20,24
0,21,32
2,20,25
0,23,35
2,22,23
0,21,13
1,23,9
1,23,10
1,23,13
0,20,23
1,20,29
0,20,25
0,20,19
3,22,26
4,22,29
1,20,23
0,21,11
3,22,35
1,19,30
2,22,36
0,18,28
3,22,5
1,20,27
2,21,22
0,23,38
5,23,34
5,23,18
1,23,36
4,22,36
0,22,0
3,22,4
6,23,36
2,23,23
5,23,32
1,22,2
7,23,36
1,20,19
2,23,12
3,22,31
0,23,17
2,23,9
0,21,14
2,23,15
2,20,31
3,23,30
2,21,27
0,22,9
1,21,25
1,21,31
2,23,6
2,20,26
4,23,34
4,22,27
1,21,10
4,22,22
1,22,8
3,23,25
2,23,1
0,21,8
1,22,33
0,21,27
2,23,4
0,22,22
6,23,37
1,19,28
0,23,18
3,23,36
1,21,8
3,22,25
3,21,30
0,23,34
2,21,18
0,20,21
2,21,4
3,23,35
0,21,16
2,21,32
2,21,6
5,23,26
4,23,10
2,22,20
0,19,26
4,22,24
4,23,37
5,22,35
5,23,28
0,20,2
0,23,13
4,23,2
3,23,14
4,23,13
0,21,28
2,22,9
4,23,19
2,23,37
2,23,22
0,19,27
3,22,17
2,22,11
3,23,10
1,23,18
1,22,15
4,22,28
0,22,20
2,23,36
0,20,18
2,21,34
1,21,14
6,23,22
1,22,4
2,22,30
1,20,21
1,23,6
0,20,4
3,22,24
3,22,2
0,20,5
3,22,8
6,23,35
6,23,26
1,22,34
3,23,37
0,23,37
3,22,27
6,23,21
3,23,2
0,19,25
4,22,23
1,21,23
2,23,14
2,21,5
2,21,29
1,21,15
5,23,21
0,21,23
0,20,9
1,21,1
3,22,15
5,23,27
0,20,6
0,21,18
0,21,25
1,23,14
0,19,21
1,22,0
2,23,18
2,22,10
6,23,30
0,23,32
3,22,6
0,22,4
2,21,19
0,20,24
4,22,33
3,22,9
3,23,8
1,23,17
4,23,18
2,22,14
0,23,11
3,23,31
2,21,24
3,23,26
0,22,35
5,23,25
2,20,30
1,23,3
4,22,34
1,21,18
0,22,32
4,23,21
1,20,18
1,23,7
1,20,25
0,20,0
4,22,21
4,22,19
0,22,1
0,22,14
1,22,17
1,23,35
0,23,36
2,22,28
1,21,11
1,21,13
3,23,33
2,22,0
1,21,6
3,23,3
0,20,8
3,23,21
1,21,9
0,22,11
2,20,28
0,20,31
0,21,1
3,23,28
3,21,35
2,21,26
4,22,35
6,23,31
3,23,12
0,21,33
2,22,29
4,23,12
0,20,27
4,23,20
0,22,34
3,23,24
0,21,5
3,22,21
0,20,28
1,19,27
4,23,0
