42,18,61
49,23,41
18,15,63
3,18,56
25,20,52
48,22,53
46,23,44
16,23,50
21,23,47
41,16,50
27,22,48
23,17,56
47,23,43
0,16,58
49,23,63
40,17,63
18,20,55
25,20,51
30,12,59
27,20,49
47,21,58
33,16,56
29,16,54
35,20,47
21,19,56
5,16,62
9,20,57
44,19,62
35,20,49
31,21,51
36,14,54
7,23,54
10,20,58
34,13,57
35,19,51
37,18,52
46,23,38
26,18,60
37,14,52
16,22,51
23,22,52
31,18,51
49,22,59
32,13,59
36,23,46
40,17,53
19,17,63
47,20,58
20,23,47
35,15,54
43,18,49
7,23,55
40,15,50
32,18,55
40,16,51
32,17,56
9,20,58
24,20,56
3,18,59
6,16,63
17,20,53
29,17,54
3,23,49
32,16,52
31,12,59
43,18,63
45,22,42
0,9,61
44,20,52
40,16,60
46,21,51
0,11,61
31,22,50
42,17,54
5,17,62
23,22,49
27,22,47
37,20,47
37,12,58
14,23,56
7,20,58
27,20,52
47,22,47
24,21,52
48,21,61
34,23,44
46,20,51
24,22,52
9,17,63
22,19,56
43,19,62
47,22,42
19,23,51
22,20,56
18,20,56
49,21,56
30,22,50
5,22,53
38,22,45
14,15,61
30,15,57
16,16,59
37,20,49
9,19,59
28,22,50
0,22,47
48,23,41
1,22,52
38,19,46
18,22,51
19,16,57
12,14,63
28,23,51
45,18,59
14,23,51
15,16,59
29,20,50
23,13,63
9,18,61
13,20,58
3,19,57
45,18,57
1,20,51
44,19,52
50,22,58
47,23,44
20,19,56
47,21,50
8,18,63
35,20,46
4,20,55
34,10,63
46,21,53
29,17,53
14,14,63
42,16,59
19,16,60
23,23,48
48,23,47
50,22,54
27,22,50
42,17,63
39,14,58
37,12,61
28,17,58
5,18,60
7,21,60
15,18,57
30,20,51
49,23,43
30,14,59
51,23,57
39,23,49
12,22,56
0,21,49
22,20,53
11,21,58
21,20,52
41,16,51
39,15,56
30,23,47
42,17,49
33,17,52
21,15,63
31,10,61
13,17,61
46,20,43
21,23,51
43,23,44
11,21,57
29,21,53
37,13,54
21,18,56
23,17,57
14,18,58
45,21,43
27,13,60
47,21,52
12,17,60
25,14,59
22,18,59
39,19,45
31,22,48
40,14,54
17,23,52
38,22,44
1,21,48
0,22,45
23,15,63
19,13,63
28,21,54
6,23,53
19,19,58
27,12,63
4,20,56
45,20,50
23,22,47
51,23,54
47,21,47
17,19,58
30,20,49
40,16,52
35,13,57
30,16,59
0,19,50
17,13,63
43,17,63
32,23,49
46,19,60
3,15,62
40,22,42
9,23,53
10,23,54
20,19,54
23,13,61
14,23,55
30,13,59
12,19,60
34,11,61
37,12,55
44,20,50
28,14,57
35,11,60
1,19,56
25,14,62
24,22,51
28,23,46
19,23,52
16,13,63
40,23,44
45,19,49
22,15,62
7,19,61
26,16,55
12,17,62
16,23,53
39,16,49
19,12,63
25,21,48
29,10,63
37,20,50
47,23,51
21,13,62
48,22,48
13,20,57
39,20,47
21,15,62
44,19,48
1,18,53
26,21,52
36,12,57
18,17,61
46,21,44
24,15,58
13,17,60
18,17,57
10,18,62
37,17,52
20,14,60
21,22,56
10,21,59
37,22,42
18,14,62
0,17,55
25,12,63
47,22,46
41,17,63
14,17,59
23,16,60
29,11,62
26,18,57
46,21,42
29,21,48
16,21,55
45,21,44
3,18,58
27,20,50
14,20,60
44,23,40
21,13,61
12,18,62
40,17,48
47,21,62
9,21,56
47,21,61
23,15,62
16,20,54
46,21,57
26,22,53
39,22,43
13,19,58
10,16,63
20,15,58
4,20,57
29,21,52
46,21,62
40,23,43
46,23,43
35,18,51
14,22,56
21,23,53
38,18,51
34,21,48
9,23,55
37,23,42
37,23,46
1,16,60
26,20,51
33,21,49
47,20,61
22,21,49
26,17,61
10,19,58
31,23,49
3,16,60
45,23,43
25,22,54
28,19,54
4,16,61
4,19,60
43,17,51
17,21,54
40,18,49
42,17,53
2,20,52
15,19,56
41,17,57
38,20,45
30,19,50
38,14,55
21,22,54
29,15,55
34,17,51
36,15,54
29,21,50
44,19,50
26,23,50
27,19,55
6,21,56
2,21,48
4,23,49
15,15,61
35,15,52
48,22,55
21,21,55
38,14,59
25,15,62
47,22,48
15,14,63
36,14,53
20,15,63
21,21,51
49,23,49
50,22,56
46,20,56
28,14,58
34,16,55
49,23,62
1,21,52
41,15,55
26,15,60
19,17,56
46,19,55
37,15,52
1,18,58
25,21,53
17,17,63
16,20,53
15,13,63
2,21,50
29,17,57
13,22,56
15,17,58
43,21,45
39,23,47
17,21,56
39,15,59
17,19,57
41,16,52
30,21,49
30,10,63
31,13,58
40,15,55
33,19,51
20,22,51
48,23,43
27,11,62
14,15,62
49,22,62
26,22,51
18,21,52
17,18,59
21,21,53
39,15,51
40,16,50
27,12,62
36,19,47
40,16,49
15,23,52
11,20,62
43,18,51
45,18,54
31,11,62
0,20,48
8,22,55
5,23,54
3,21,51
2,19,56
4,19,58
1,19,54
22,13,62
26,13,63
48,22,52
21,16,60
8,23,53
21,15,58
31,21,49
2,19,55
22,18,54
28,15,58
39,22,48
19,19,57
2,16,59
25,21,49
29,18,52
44,19,45
34,10,60
23,20,50
14,19,56
27,15,57
32,19,53
2,23,47
15,17,61
46,21,47
25,16,57
19,18,57
43,21,44
32,20,52
24,15,62
3,10,63
16,17,60
43,19,51
29,18,53
21,19,59
39,19,49
47,21,54
27,23,49
41,15,63
17,15,62
25,18,55
38,17,51
8,19,62
25,16,62
8,23,54
21,19,54
28,13,60
23,18,58
36,12,58
20,17,57
25,23,46
1,18,54
29,12,59
19,23,54
46,22,41
47,23,39
42,22,43
21,18,54
12,23,54
28,21,53
47,20,60
31,18,55
32,12,59
26,16,63
46,21,49
37,19,50
21,16,62
18,20,54
30,12,61
12,23,51
26,20,54
0,18,51
26,21,53
38,16,52
16,19,57
38,22,43
15,20,54
6,17,63
43,18,56
31,18,52
39,22,47
14,16,63
33,18,55
43,17,60
19,22,50
22,13,63
13,22,53
11,23,53
35,17,53
15,18,60
16,22,52
38,14,60
46,21,48
45,19,47
5,20,56
21,22,52
26,19,51
38,14,53
30,11,62
13,21,56
48,22,51
0,18,53
10,19,59
29,15,57
23,23,52
47,20,56
38,23,47
0,17,54
36,19,46
10,19,62
26,14,58
28,15,57
41,16,56
32,22,44
25,19,56
1,22,46
35,18,52
47,22,45
31,12,63
1,15,61
34,22,49
29,23,46
21,22,49
35,21,52
33,15,56
50,23,59
25,13,63
17,17,61
18,16,58
43,17,53
15,21,53
17,14,62
42,18,51
22,20,55
0,20,50
11,19,59
47,21,48
16,17,62
45,19,58
32,9,63
27,19,54
31,18,53
16,18,56
2,23,52
24,23,47
29,16,58
16,15,62
2,17,59
44,18,48
35,23,44
28,22,48
5,22,51
19,17,60
45,23,41
23,23,51
17,21,52
32,21,46
23,19,53
48,23,49
38,14,61
37,15,51
4,21,55
37,21,45
3,17,61
42,16,50
33,9,62
45,18,56
40,15,53
42,16,54
26,16,62
29,16,55
33,19,53
7,20,60
14,22,54
42,17,56
2,22,53
32,18,51
16,19,58
9,20,59
30,17,57
33,14,56
40,23,41
42,16,61
34,22,51
44,21,43
19,22,49
38,16,50
0,17,57
6,23,54
20,18,57
30,11,60
18,13,62
41,23,43
15,22,52
43,23,40
38,23,48
11,18,61
20,19,53
32,21,48
2,18,55
39,21,44
39,16,50
29,16,56
47,22,60
37,18,50
17,15,61
22,17,59
15,23,53
46,21,43
33,23,49
20,23,48
30,20,50
19,13,62
18,22,52
48,22,62
50,23,47
50,23,54
40,15,63
45,23,40
21,19,53
48,21,53
31,20,51
47,21,46
18,17,59
47,20,57
24,16,59
3,14,63
26,19,54
39,14,62
38,13,59
31,18,56
33,21,46
32,22,48
41,15,60
32,17,51
47,22,44
35,16,53
35,20,51
21,21,54
6,18,63
31,22,49
32,17,54
14,22,55
22,16,60
37,16,52
22,23,46
35,22,44
41,16,59
45,22,41
5,16,63
19,16,58
15,17,60
26,17,54
38,14,52
44,22,44
24,20,57
11,23,52
30,17,55
17,22,53
38,14,62
39,21,49
22,21,56
28,16,56
28,16,57
42,16,58
36,21,48
1,18,57
17,19,60
31,23,48
28,22,46
18,18,60
2,23,46
33,18,53
19,15,62
37,23,41
16,18,58
29,14,57
29,14,60
45,22,40
31,21,47
18,19,55
26,14,61
25,13,62
35,12,58
20,15,62
29,23,47
12,20,59
14,19,59
37,18,51
29,15,58
11,22,54
47,22,40
48,22,63
3,22,48
16,15,61
7,18,63
22,19,54
22,15,59
1,11,61
50,23,50
20,21,55
46,19,59
37,19,47
19,19,60
25,16,59
29,18,54
5,23,52
22,21,52
40,16,54
31,15,56
33,13,57
45,18,58
2,19,58
18,23,50
22,16,58
37,13,63
39,15,57
46,21,46
42,19,45
33,11,59
43,18,60
23,18,54
4,15,62
39,23,41
12,21,58
4,22,50
29,23,48
13,21,58
30,17,53
3,11,63
48,23,40
27,21,55
48,22,61
39,17,50
39,17,48
17,17,60
18,21,53
20,18,59
44,19,46
34,11,59
38,13,63
20,17,56
35,19,52
29,21,49
14,23,53
34,22,52
41,15,56
36,23,41
34,13,55
43,18,48
43,17,55
37,13,58
38,15,52
40,15,59
35,14,54
48,22,60
12,19,57
29,17,59
31,21,50
25,18,56
24,16,56
25,19,51
10,19,60
1,8,63
40,16,53
20,15,59
29,22,47
35,17,51
19,14,63
19,16,63
36,11,63
21,23,49
28,18,53
27,15,61
25,19,55
48,21,54
24,20,50
0,16,56
39,14,61
34,14,56
0,19,53
36,17,50
26,23,49
21,17,57
7,23,53
45,19,56
28,16,54
48,22,39
28,19,52
25,18,58
33,10,63
12,19,58
30,11,61
34,20,50
30,21,50
24,20,58
30,22,51
11,17,61
37,14,53
38,21,48
46,20,55
18,18,59
35,23,45
21,19,55
34,21,45
38,18,48
16,18,57
43,17,61
39,15,62
11,16,63
26,16,61
40,20,44
32,11,63
23,21,51
45,20,55
17,17,59
33,17,51
18,15,61
48,22,54
33,22,49
10,21,57
38,14,56
14,21,60
25,19,52
12,22,57
25,17,58
22,18,60
47,22,49
34,23,50
33,11,61
44,18,62
23,20,51
28,13,59
37,16,51
44,19,47
46,22,39
23,15,58
37,21,44
13,23,52
38,20,48
46,21,41
31,16,53
16,20,55
37,22,48
41,21,43
49,23,53
11,16,62
48,23,50
16,20,57
31,12,58
19,16,59
39,15,60
27,22,46
32,20,55
27,21,52
37,19,46
34,20,48
43,17,57
15,17,59
45,18,55
38,13,58
19,18,55
31,11,61
47,20,52
41,17,49
26,15,57
19,21,54
48,23,62
19,14,62
40,23,40
4,18,60
16,17,61
41,17,50
23,15,60
31,15,57
13,16,63
12,15,62
30,22,45
38,13,53
50,23,49
38,20,50
30,21,52
12,22,54
23,14,62
35,11,63
43,21,43
12,17,61
46,21,54
20,17,59
34,21,50
0,12,60
28,10,63
26,16,56
22,18,58
41,16,63
32,20,51
0,18,52
28,20,55
19,18,56
19,19,55
1,23,47
37,19,48
47,20,55
24,17,55
41,18,63
33,19,49
33,22,47
14,21,59
28,21,51
16,17,57
32,22,50
32,22,49
45,21,60
12,21,57
13,18,59
48,21,62
0,19,52
6,23,52
11,19,62
14,21,53
17,23,49
31,10,62
35,13,56
40,19,46
10,17,61
14,23,50
44,20,49
1,22,48
38,22,42
35,23,49
14,14,62
32,16,56
25,20,54
31,9,63
14,18,57
49,23,40
16,21,54
27,17,55
41,23,42
34,22,50
28,13,63
24,23,50
0,11,60
38,14,51
47,22,39
46,20,46
36,18,52
16,17,63
7,22,56
1,9,63
1,22,47
29,23,44
33,23,47
21,17,59
31,12,60
40,15,51
33,13,56
3,20,55
27,11,63
30,13,57
4,17,62
43,22,42
1,20,49
22,20,54
34,11,63
43,17,52
26,22,52
26,20,53
41,16,54
45,19,62
43,18,47
46,20,57
21,14,63
26,12,61
26,18,56
29,17,55
29,23,49
2,21,53
32,19,52
41,15,61
33,23,48
25,18,57
28,20,50
34,19,49
18,20,53
36,23,42
39,15,53
30,10,62
25,15,60
0,21,46
31,15,54
46,23,42
15,19,57
9,19,60
43,18,61
43,19,63
33,23,46
36,19,51
18,23,52
31,23,46
40,22,45
37,12,56
13,16,60
28,22,49
33,19,48
39,15,61
35,23,46
47,22,52
29,20,55
36,22,47
32,19,55
37,15,54
42,17,62
36,23,44
26,15,63
26,12,62
43,19,49
26,15,61
16,23,49
33,11,63
29,15,56
33,9,63
27,13,61
26,14,63
1,14,60
34,23,47
41,18,47
32,21,51
0,17,58
1,13,61
17,17,58
34,23,45
33,20,47
12,19,59
35,23,48
33,23,50
18,16,60
26,13,61
41,18,46
11,19,63
36,23,47
50,22,57
38,14,57
46,20,49
27,22,49
41,22,44
30,14,60
22,22,52
0,15,59
26,14,62
45,20,48
44,18,61
41,16,58
30,18,52
23,19,56
33,20,53
22,23,47
27,17,60
8,19,60
6,18,62
29,22,48
30,23,46
26,20,49
29,12,63
34,23,46
49,23,42
37,22,46
4,17,61
37,23,47
39,21,45
40,20,45
33,23,44
34,22,44
8,20,59
16,19,60
14,18,60
7,18,61
2,20,53
37,22,49
46,20,50
40,21,44
26,22,50
36,20,46
46,19,52
49,22,51
31,14,58
1,15,59
42,23,42
42,17,61
34,23,43
18,22,53
23,22,48
41,15,52
40,15,52
26,22,54
43,18,55
24,19,53
37,13,61
26,18,55
33,16,55
1,15,60
24,18,53
40,15,61
20,16,58
43,18,52
0,17,56
38,15,51
21,14,62
36,11,60
33,23,43
21,18,59
20,23,49
1,23,52
5,17,61
14,19,60
22,20,52
20,21,51
46,19,61
8,21,60
22,16,57
18,16,61
41,19,46
41,18,48
14,19,57
39,14,60
20,17,60
36,21,45
24,23,51
3,22,49
26,13,60
36,20,48
13,20,56
46,20,48
47,21,56
33,21,51
9,19,62
25,23,51
14,15,63
25,15,63
37,13,57
24,21,49
33,19,52
14,17,60
35,20,48
32,18,50
4,23,50
25,22,48
41,21,45
22,22,49
25,17,55
20,15,60
39,22,46
32,19,49
24,23,46
13,21,59
34,21,51
28,19,53
12,21,56
10,18,63
17,19,54
19,20,53
26,23,47
41,20,44
24,12,63
16,16,60
27,16,55
21,17,61
18,20,52
24,17,59
6,22,54
16,22,54
34,10,62
44,22,43
16,20,56
36,17,52
5,21,53
38,16,49
51,23,52
22,20,51
45,21,62
44,19,55
35,22,48
32,22,45
33,15,54
28,20,49
36,12,62
28,12,63
37,14,54
30,11,63
21,12,63
22,19,53
1,18,55
7,20,61
29,22,46
49,23,54
33,21,48
26,17,58
1,23,46
32,15,55
44,22,40
44,18,56
29,12,60
32,19,51
46,21,52
37,16,53
9,22,54
41,15,51
0,8,62
14,17,61
44,23,41
22,18,55
48,22,57
2,20,51
28,17,57
2,17,61
25,22,51
36,18,51
47,22,50
26,14,60
31,23,45
47,21,60
14,13,63
30,22,49
22,22,54
23,16,58
13,16,62
10,20,59
19,19,54
26,17,55
3,21,50
29,20,49
26,23,51
35,23,43
33,19,55
17,18,57
40,15,58
32,18,52
35,21,46
32,11,59
22,19,57
36,12,55
19,17,57
22,15,61
0,18,54
25,17,57
23,23,46
48,23,51
37,19,49
49,23,47
23,20,58
30,23,45
1,16,58
43,20,44
26,20,50
23,18,55
36,16,52
5,18,61
18,12,63
37,16,50
47,21,63
11,17,60
25,15,59
33,15,53
45,21,41
46,21,45
20,16,63
36,16,51
6,21,55
6,20,58
32,22,51
45,21,45
36,17,54
26,21,51
42,17,48
32,17,52
19,15,59
23,17,58
25,14,63
15,21,58
27,22,52
45,21,61
17,16,58
34,23,42
27,17,56
49,23,50
26,12,63
13,14,62
5,23,50
35,11,59
16,17,58
12,16,62
11,18,60
11,18,63
24,14,60
37,17,51
30,22,48
26,15,58
23,18,56
26,23,46
48,21,51
21,15,59
41,15,53
3,11,62
49,22,52
26,16,57
37,14,57
20,20,55
14,22,53
38,23,44
18,21,51
34,20,52
0,23,44
28,21,52
22,22,50
17,13,62
25,19,58
18,16,59
50,23,51
40,18,63
8,21,56
16,18,59
27,16,56
41,15,58
42,23,44
20,18,56
22,21,51
28,12,60
34,18,52
35,17,52
51,23,51
17,22,51
36,23,45
44,22,45
34,16,54
45,20,63
14,16,61
36,19,49
49,22,53
17,16,61
27,13,59
35,20,52
34,21,46
0,18,55
45,20,61
30,12,63
47,20,54
41,21,44
7,21,56
25,16,60
14,21,55
24,21,53
41,19,47
36,17,51
4,21,53
36,18,49
42,17,50
45,19,60
23,23,49
20,22,50
48,22,46
46,23,41
11,20,58
35,12,56
8,21,59
45,20,46
29,17,58
22,17,58
15,22,58
32,12,60
35,11,61
32,19,56
30,14,58
34,20,49
32,21,47
24,14,62
37,21,43
19,20,52
36,20,49
22,22,51
25,18,54
29,10,62
3,22,52
31,23,43
24,13,60
42,17,55
39,15,52
33,18,51
3,17,59
4,23,48
31,23,47
49,23,60
32,21,50
25,23,53
24,19,54
37,23,43
28,15,55
29,22,52
17,20,56
36,12,59
39,18,49
45,19,57
12,21,54
18,19,54
3,23,47
42,20,46
3,20,54
13,16,61
34,21,49
37,13,56
14,20,55
1,14,61
20,21,50
26,22,49
46,20,62
44,18,59
27,15,56
0,20,51
31,22,51
34,17,52
20,21,54
45,20,53
27,18,55
43,19,52
21,16,58
38,22,47
8,18,62
17,21,55
29,22,51
47,23,41
39,22,44
2,9,63
32,14,57
24,23,53
13,21,55
13,19,59
27,21,49
24,22,48
38,19,50
20,18,55
38,23,45
9,18,62
16,21,52
38,14,58
31,23,44
39,21,47
37,20,46
46,20,52
13,22,54
19,23,50
50,23,52
44,19,61
25,16,55
20,19,55
48,22,42
24,16,58
3,20,53
40,22,44
36,13,54
33,11,62
32,9,62
23,21,49
42,18,53
33,16,54
42,22,44
48,22,56
42,17,47
40,17,52
22,21,55
1,21,49
21,15,60
25,16,56
29,21,47
42,16,62
31,19,50
35,22,43
41,16,55
47,22,62
25,23,47
6,23,55
6,19,61
24,13,62
45,22,45
17,22,50
44,18,58
45,20,51
21,22,48
37,18,48
18,14,61
5,22,52
38,21,44
48,21,56
17,20,57
34,14,55
35,19,48
39,14,57
43,19,48
29,16,59
37,22,44
28,14,60
38,14,63
2,19,53
39,23,48
15,19,58
6,18,61
39,20,45
50,23,60
33,18,50
7,17,63
20,23,54
32,10,62
23,16,57
41,17,52
30,20,52
34,22,45
20,22,52
32,18,53
22,23,48
29,19,52
28,22,53
4,16,62
16,16,63
38,20,49
48,21,59
2,17,60
11,18,59
13,15,63
45,23,39
46,23,39
9,20,60
43,19,44
22,20,58
25,18,53
29,13,63
10,23,53
1,11,60
45,21,42
11,20,57
48,23,45
33,21,47
0,14,60
11,22,57
44,18,53
10,17,62
10,21,56
39,20,46
42,23,43
10,20,57
32,10,63
17,15,60
34,11,58
34,19,48
8,21,57
26,11,63
33,17,56
42,17,58
34,16,52
32,23,48
28,18,54
24,19,56
34,17,50
44,18,57
32,20,47
50,23,56
24,19,51
21,13,63
49,22,55
18,15,60
46,19,56
35,21,47
17,19,56
17,21,51
8,23,55
42,21,45
28,19,51
28,12,62
32,13,57
38,13,61
35,15,53
29,16,57
26,16,60
24,22,47
13,23,55
18,17,58
27,17,54
15,20,55
45,19,59
20,12,63
29,13,59
20,14,62
35,18,50
13,23,51
7,21,58
25,17,61
14,23,54
3,18,57
50,23,45
24,20,52
2,23,53
18,23,51
41,16,62
43,18,53
32,12,58
29,12,61
27,14,59
36,12,60
31,17,52
20,14,63
17,19,59
3,18,60
11,18,62
33,22,52
9,19,61
33,22,44
44,20,46
19,22,55
49,23,59
42,18,48
19,22,52
27,12,61
28,16,55
44,21,45
24,21,50
17,18,63
48,21,58
46,19,54
21,21,49
27,16,57
25,19,57
15,22,56
19,18,59
3,17,58
17,15,63
21,19,57
21,16,59
15,23,54
2,16,60
35,19,50
22,21,50
18,23,53
22,21,54
25,21,54
48,22,45
37,18,47
38,23,49
4,22,51
43,22,44
38,23,41
22,23,53
26,17,62
17,20,58
13,14,63
48,23,63
4,21,54
13,15,62
7,20,59
44,18,55
43,17,54
46,22,40
23,18,53
27,23,51
19,19,59
31,20,49
17,23,53
37,21,49
14,21,57
19,20,54
27,21,51
45,20,54
1,17,57
33,23,51
1,18,56
3,23,48
30,16,54
39,14,56
40,16,57
15,15,62
21,22,51
20,16,57
29,15,60
30,21,47
29,14,59
42,23,40
41,16,61
17,20,54
36,21,47
30,23,44
26,21,49
15,19,55
39,19,46
19,20,58
1,9,62
44,20,45
36,11,59
46,19,53
16,19,59
15,23,51
36,22,44
22,20,57
29,19,50
31,20,55
34,20,46
20,13,61
42,16,53
33,22,46
24,17,58
35,13,55
30,9,63
39,17,49
33,20,51
9,23,54
5,20,58
17,23,50
16,21,53
29,13,58
35,22,47
3,17,60
33,20,52
42,19,50
7,23,52
21,18,58
32,16,55
33,14,54
35,18,54
41,16,49
48,22,50
4,17,60
23,12,63
16,23,52
31,11,63
11,22,53
39,14,54
39,23,44
2,22,50
2,20,54
32,19,50
27,19,51
26,19,52
32,23,47
51,23,56
44,18,54
16,14,62
32,18,54
30,19,49
33,20,50
20,22,53
46,20,44
42,21,42
39,21,46
21,16,57
15,18,58
11,21,55
48,23,38
47,22,63
16,19,55
1,19,53
27,14,60
27,20,55
39,14,55
2,14,62
25,15,57
24,20,51
2,22,49
38,13,55
6,22,53
20,20,51
42,23,41
47,21,55
32,10,61
38,21,43
35,21,51
2,22,48
48,22,58
21,21,50
17,22,52
44,18,60
25,22,50
25,17,56
50,23,57
31,21,48
33,10,62
29,14,56
0,16,57
28,14,59
24,18,57
24,22,49
27,18,54
25,21,50
0,23,46
41,20,45
47,21,59
15,14,62
0,8,63
46,22,45
45,19,51
19,14,61
2,17,58
31,17,55
49,23,39
4,19,56
21,18,55
23,22,50
28,19,50
2,10,63
41,23,40
28,13,58
2,15,61
49,23,51
30,16,56
19,17,62
41,16,53
1,17,56
35,23,47
39,22,42
45,20,47
21,17,56
24,15,63
42,17,52
14,20,56
36,16,50
15,20,56
28,17,54
10,17,63
44,20,51
43,18,62
32,17,53
2,22,47
24,21,51
12,21,55
17,17,62
14,18,61
45,22,43
13,20,59
20,23,51
18,22,55
36,19,48
33,16,52
38,21,45
28,17,55
12,18,60
22,19,55
17,19,55
14,21,58
19,19,56
25,23,52
31,9,62
19,18,58
40,15,62
49,23,46
46,19,62
15,21,56
4,16,63
35,21,50
31,10,63
2,18,57
28,16,59
16,22,50
5,20,55
30,20,48
45,19,53
28,20,54
47,23,38
35,12,57
46,20,63
18,13,63
21,18,60
3,16,62
42,16,51
38,15,50
9,18,63
50,22,55
12,20,55
31,13,63
37,18,49
37,19,51
32,20,48
15,23,50
46,21,61
46,20,53
38,22,46
42,18,50
22,17,56
6,22,56
47,23,52
23,17,55
17,14,63
21,20,58
32,13,56
46,22,42
46,22,43
31,22,46
38,13,57
41,15,57
42,18,52
21,22,55
17,17,57
28,23,50
0,19,51
45,23,42
42,17,57
20,18,60
29,18,55
2,11,63
35,22,49
45,18,53
13,18,58
35,14,55
45,19,52
11,23,57
38,17,49
48,22,44
37,21,48
26,17,53
39,20,49
43,20,43
38,21,46
12,23,53
33,12,58
46,22,50
39,23,42
49,22,61
12,20,57
44,18,49
13,23,56
49,23,52
4,18,61
6,18,60
42,20,45
31,13,57
31,14,57
21,14,60
43,19,45
28,17,56
27,20,51
22,14,61
28,18,55
43,17,62
4,15,63
28,21,55
1,19,58
32,13,58
47,21,57
43,18,57
23,13,62
25,14,60
45,20,43
31,19,49
3,19,55
18,14,63
42,17,51
14,20,58
25,16,63
30,15,56
44,23,43
40,15,56
23,14,63
30,16,57
2,19,54
36,12,61
30,23,48
27,23,46
25,12,62
0,20,49
30,21,51
48,22,47
30,18,51
28,23,48
43,17,58
30,22,47
41,15,54
32,16,54
18,21,58
5,21,54
29,16,60
0,13,60
40,15,57
34,12,56
9,21,58
41,16,57
21,23,48
39,14,63
39,19,47
43,21,42
27,14,61
18,15,59
33,12,59
18,23,48
11,22,58
16,16,62
18,18,57
28,20,51
37,23,48
24,19,52
47,21,44
49,22,58
27,14,58
22,18,56
48,21,60
44,19,60
12,20,58
14,20,57
13,21,54
27,23,50
33,21,50
3,16,61
2,15,62
43,18,58
49,22,57
22,23,49
20,21,52
42,17,59
43,18,50
33,22,48
13,22,52
2,22,52
22,23,50
41,15,62
18,18,58
30,17,52
39,18,48
29,19,53
29,12,62
11,15,63
3,19,56
21,23,54
11,20,59
24,15,59
39,20,48
37,21,46
5,19,57
11,19,60
21,23,50
49,22,50
1,21,50
49,22,54
49,23,56
35,22,50
28,15,59
8,22,56
29,23,45
40,23,42
34,19,52
19,21,51
28,17,53
46,20,58
16,20,59
31,20,48
25,14,61
5,21,56
44,19,49
48,22,40
39,21,48
22,15,60
13,18,60
29,14,58
46,21,63
0,15,60
38,18,47
35,22,46
8,19,61
40,19,63
17,23,51
30,15,58
45,19,61
6,19,60
29,20,52
43,22,43
37,13,60
42,18,47
38,21,47
30,13,60
38,19,49
37,22,47
35,11,58
32,16,53
39,18,47
26,23,53
1,17,58
35,16,54
22,12,63
18,19,57
28,14,61
15,20,58
42,19,44
34,22,46
25,19,53
37,15,53
30,14,56
35,18,49
19,21,55
23,16,63
44,20,48
28,19,55
20,22,55
16,18,60
49,21,55
31,20,50
20,16,59
23,14,61
39,14,53
27,20,54
50,22,53
2,10,62
45,19,55
49,23,44
33,18,52
20,20,53
13,19,57
48,23,48
28,22,51
4,19,59
29,19,54
3,20,57
34,15,53
47,23,50
17,18,58
1,14,62
12,15,63
32,17,55
18,21,54
51,23,53
27,17,61
31,12,61
19,22,51
4,18,59
28,21,50
5,19,59
11,22,55
43,23,43
7,19,60
45,19,54
44,20,44
44,18,51
38,21,50
10,18,61
26,14,59
30,23,49
5,17,63
10,20,60
35,22,52
36,22,46
6,21,58
26,17,60
17,20,55
36,11,61
32,23,46
6,17,62
5,23,53
44,19,54
51,23,55
13,20,55
31,17,56
17,16,63
37,20,48
36,14,55
36,17,49
37,13,53
50,23,46
33,17,53
2,21,52
33,13,58
35,21,45
36,20,45
39,15,55
28,16,58
51,23,58
33,11,60
11,19,58
31,19,55
24,14,61
37,12,62
26,13,62
13,19,60
17,16,60
51,23,60
20,22,54
26,17,56
45,19,48
19,20,55
13,23,53
46,21,50
19,15,60
47,21,43
48,22,59
11,21,56
47,20,53
5,23,51
44,21,42
25,16,58
34,13,56
31,16,55
6,21,57
22,22,48
20,23,52
37,12,60
41,23,44
29,13,60
45,20,44
2,16,61
19,14,60
31,20,47
31,21,46
38,23,42
26,21,54
21,19,58
16,15,60
22,17,60
14,16,60
41,19,45
14,22,52
30,17,54
26,18,54
44,18,52
30,13,58
27,17,53
13,22,57
19,16,62
29,15,59
40,21,43
33,20,49
25,21,51
30,14,57
39,22,49
43,18,45
31,22,45
1,10,61
25,16,61
29,19,51
29,19,55
18,17,60
24,17,56
18,19,56
27,19,52
12,21,59
17,21,53
17,14,61
2,17,57
40,23,45
38,19,47
21,16,61
19,23,48
16,23,51
35,17,54
49,23,48
41,17,53
32,11,60
28,12,61
44,19,51
37,13,55
15,21,54
36,15,52
22,21,53
32,15,54
12,23,57
34,12,59
2,21,49
32,18,56
48,23,46
30,15,60
37,13,62
48,23,39
20,13,62
33,10,60
9,22,55
22,23,51
18,20,58
41,23,41
34,10,61
42,21,43
0,21,48
27,21,50
38,18,50
25,19,54
21,22,50
2,18,58
33,18,56
33,21,52
37,21,47
27,14,57
3,21,53
38,22,48
7,23,56
26,19,57
14,16,62
40,16,62
24,23,49
22,14,62
18,18,55
15,21,55
21,17,62
35,22,51
33,19,56
34,11,60
42,22,42
25,22,53
30,16,55
19,21,52
37,22,43
49,23,45
44,23,42
23,17,60
49,22,60
39,14,52
4,22,52
1,10,62
40,19,45
23,19,55
34,20,51
32,14,55
33,23,45
14,17,58
22,23,52
47,23,40
24,13,63
22,18,57
32,11,61
39,21,43
32,22,46
22,22,53
46,19,58
9,21,57
15,18,59
22,21,57
3,22,50
12,16,63
0,22,46
32,20,50
12,23,52
35,16,52
46,20,61
16,23,54
23,19,52
42,17,60
39,14,51
48,21,55
21,19,60
15,22,53
25,21,52
31,19,54
15,19,60
6,20,57
11,20,56
44,19,59
48,22,43
18,16,63
11,17,63
19,17,59
47,21,49
13,21,53
3,22,51
39,23,45
3,19,60
40,20,46
43,20,46
31,19,51
47,21,45
46,23,50
38,13,60
16,17,59
35,17,50
23,19,57
24,19,58
36,16,53
25,11,63
21,16,63
12,16,61
4,21,52
48,22,49
3,19,59
22,16,59
30,22,46
41,22,42
30,15,59
2,18,56
29,21,55
37,23,45
49,23,61
29,21,51
15,22,54
11,17,62
31,17,53
27,10,63
32,23,43
36,22,43
7,18,62
43,18,59
2,23,48
25,23,50
4,19,57
34,12,58
25,20,53
33,17,55
10,21,55
29,23,50
10,22,55
40,15,60
18,18,56
20,14,61
35,21,48
18,21,56
39,15,50
35,18,48
5,22,54
39,23,43
47,20,59
36,15,53
38,13,62
34,16,53
45,19,50
27,18,52
34,19,50
19,23,53
22,14,63
35,18,53
47,20,62
45,20,49
9,22,56
10,22,54
36,12,63
37,17,49
40,19,47
28,21,49
33,20,48
21,20,56
44,23,39
7,21,57
42,16,63
28,20,52
15,23,49
26,23,45
23,19,54
43,19,46
34,12,57
39,15,58
32,23,45
40,15,54
42,18,46
34,18,50
43,18,46
3,13,63
13,19,56
33,12,57
2,11,62
26,16,58
22,22,55
14,19,58
36,12,56
34,14,54
48,21,52
23,19,58
37,12,63
0,9,63
0,23,45
33,22,51
31,15,55
5,19,58
38,14,54
35,19,49
40,18,47
27,16,60
37,22,45
14,18,59
12,18,61
37,17,50
12,17,59
42,16,57
23,15,59
1,16,59
44,19,44
24,18,54
44,18,63
23,21,50
1,19,55
6,23,51
28,20,53
8,21,58
6,20,59
46,20,60
37,20,45
50,23,61
29,20,54
44,19,63
29,11,63
38,13,56
43,23,41
28,22,47
49,22,56
22,22,47
16,16,61
19,18,60
19,22,54
45,19,63
43,17,59
12,20,56
35,16,51
27,18,53
41,16,60
26,18,53
18,21,55
8,17,63
15,20,57
17,18,60
3,15,63
44,22,41
48,22,41
25,20,50
40,17,49
45,20,60
34,18,49
18,19,58
19,19,53
33,22,50
24,17,54
41,17,48
22,17,57
34,15,55
38,20,46
0,16,59
47,22,61
51,23,59
40,16,61
14,20,59
22,19,58
37,12,59
37,23,44
24,23,52
50,23,58
25,23,48
24,19,57
27,15,60
32,22,47
50,23,53
28,21,48
27,23,45
25,20,57
20,20,56
5,21,57
47,22,43
38,16,51
43,19,47
24,21,57
23,16,62
22,14,60
43,18,54
33,10,61
33,14,55
16,20,58
46,20,47
2,21,51
30,19,51
42,19,49
16,14,61
14,21,54
46,20,54
1,19,52
3,20,52
23,21,52
34,21,52
4,20,54
32,23,44
7,22,54
31,16,54
15,16,60
26,18,52
34,15,54
42,20,44
32,15,56
24,13,61
24,18,55
35,21,49
30,21,48
41,17,51
18,23,49
25,23,49
30,12,60
29,20,53
33,16,53
31,22,47
48,23,42
6,19,59
42,16,60
26,22,47
40,17,54
46,20,59
25,13,61
27,23,48
34,11,62
15,14,61
27,17,57
18,22,50
30,16,53
5,20,57
26,16,59
48,23,60
33,15,55
47,22,41
3,14,62
23,20,53
33,22,45
32,14,56
20,22,49
35,19,47
41,20,46
43,22,41
16,19,56
38,18,49
26,15,59
47,23,42
26,15,62
36,16,54
38,17,50
48,21,57
38,21,49
38,22,49
39,22,45
28,15,56
13,21,57
24,12,62
22,16,61
42,18,49
23,23,47
7,22,55
37,13,59
44,20,43
26,21,50
13,22,55
32,20,49
37,12,57
10,18,60
17,18,56
29,22,50
28,11,62
3,21,52
49,23,57
15,16,61
8,20,60
39,19,48
19,15,63
42,16,55
36,21,44
29,11,61
13,17,59
28,14,63
21,20,51
24,14,63
38,23,43
43,20,45
43,19,50
30,19,52
21,23,52
12,18,59
34,20,47
4,18,58
21,15,61
29,20,51
14,21,56
21,17,60
0,14,59
46,19,57
30,15,55
39,14,59
38,13,54
29,22,49
25,17,54
40,18,48
15,15,60
0,10,61
5,19,60
25,23,45
28,22,52
14,20,54
38,20,47
28,18,52
47,22,51
23,20,52
26,21,48
38,23,46
24,22,53
44,21,44
28,11,63
42,16,52
24,18,58
4,21,51
3,12,63
20,18,54
25,15,58
35,22,45
22,19,52
27,19,53
35,11,62
20,16,62
23,20,57
1,23,45
6,23,56
25,22,52
47,21,53
47,21,51
45,20,45
13,20,60
21,14,61
0,21,47
17,16,59
24,14,59
0,9,62
15,22,51
19,23,49
26,23,52
42,16,56
14,23,52
29,21,54
35,20,50
3,19,54
31,15,58
42,19,46
27,21,48
21,21,56
31,11,60
23,14,60
43,17,56
50,23,55
12,22,53
0,18,56
5,21,55
45,20,62
46,22,44
31,16,56
28,23,45
32,21,49
20,20,52
16,21,58
36,13,55
36,20,47
18,19,60
35,12,62
0,19,56
45,20,52
12,18,58
27,18,57
1,20,50
21,22,53
23,18,57
16,15,63
39,15,54
36,18,48
48,23,44
31,14,56
25,15,61
