58,5,113
51,13,111
24,1,116
85,12,112
9,1,111
52,0,109
66,2,116
127,0,109
26,3,116
21,13,118
71,15,118
16,7,115
112,4,114
35,6,115
6,9,111
45,12,113
60,6,114
16,12,116
23,5,117
115,11,115
88,5,110
127,11,110
74,15,116
55,13,113
75,9,116
10,6,112
83,17,112
60,15,115
73,10,118
98,6,108
109,7,114
126,16,110
63,2,114
113,9,115
58,0,112
83,10,113
40,9,115
105,3,111
83,15,112
45,17,113
119,14,114
64,17,116
106,11,114
69,8,117
64,3,115
25,3,116
88,10,110
63,1,114
13,7,114
9,12,112
102,15,113
95,10,108
116,11,114
78,8,116
9,16,111
121,4,112
108,10,114
11,8,112
51,14,111
4,14,109
43,5,113
35,3,114
83,3,112
117,9,114
67,4,116
59,9,114
3,0,107
16,0,113
40,15,116
115,12,115
12,10,113
21,11,118
27,7,117
54,8,112
52,16,112
66,7,117
104,6,111
19,6,117
77,15,115
72,11,118
45,9,113
32,17,119
44,11,113
29,3,115
44,7,113
47,5,112
107,0,111
12,1,111
45,9,112
3,17,109
57,1,112
14,9,114
36,14,117
54,12,112
27,15,119
50,12,111
84,9,113
95,9,108
73,9,118
94,11,109
113,17,115
105,0,110
127,2,108
45,3,113
43,11,114
44,2,113
14,15,114
112,11,115
94,5,108
98,7,109
101,8,110
60,4,113
67,0,116
124,16,110
109,4,114
13,14,114
4,3,108
48,8,111
37,5,115
65,0,115
90,0,109
92,8,109
23,7,117
13,0,112
79,1,114
49,4,110
125,16,111
3,2,108
114,12,115
26,8,118
53,2,110
34,4,114
5,14,109
7,14,110
121,15,113
44,8,113
33,2,114
70,12,118
49,4,111
14,10,114
75,6,116
14,3,114
103,5,110
51,1,109
39,11,115
116,9,115
92,12,109
54,11,112
10,4,112
31,12,118
39,11,116
88,9,110
89,16,110
34,6,116
2,11,109
82,11,114
32,3,114
48,1,111
3,15,108
109,11,114
89,1,109
89,5,110
27,9,117
43,14,115
11,4,113
70,0,117
60,1,112
23,13,118
59,3,112
93,6,108
2,12,108
66,1,116
110,3,114
123,7,111
34,8,116
7,9,111
102,5,110
75,17,116
107,11,113
34,11,116
77,3,115
81,14,113
33,6,115
32,15,118
95,15,109
109,1,113
116,13,115
47,8,111
98,0,107
75,12,117
9,14,112
90,4,110
42,8,114
96,9,109
38,16,117
24,6,117
16,2,114
109,6,114
44,4,113
18,15,116
94,17,110
79,8,115
35,5,115
88,8,111
59,12,114
93,2,108
85,14,112
97,11,110
49,12,112
30,11,117
88,12,111
47,16,113
6,12,110
40,17,115
90,8,110
28,11,118
23,0,116
107,6,113
94,0,108
111,6,114
50,14,112
62,1,113
56,10,112
1,15,107
126,6,109
116,17,115
105,0,112
45,15,114
127,6,110
56,4,111
97,10,110
3,3,107
52,7,110
95,3,107
72,0,116
96,3,107
106,10,114
119,16,114
76,7,117
62,16,115
10,8,113
12,7,114
115,5,115
103,10,112
117,2,114
6,1,109
42,2,114
104,1,111
41,5,115
2,10,108
84,10,113
40,0,114
86,7,112
34,2,113
97,0,107
41,1,114
91,10,109
50,2,110
108,2,113
16,3,114
116,1,114
9,6,111
120,12,113
82,14,113
0,0,106
58,10,114
88,12,110
6,16,110
101,5,110
78,6,116
52,9,111
119,6,113
108,11,114
83,4,112
105,1,111
74,8,117
76,4,116
65,2,115
11,6,113
43,3,113
103,5,111
48,15,112
20,14,117
73,6,117
15,12,115
102,1,110
40,16,115
106,3,111
17,2,114
92,15,109
118,3,113
52,0,110
8,0,110
4,2,108
26,1,116
123,14,112
46,16,113
52,7,111
73,15,116
110,2,113
97,12,110
10,0,111
9,2,111
6,5,109
1,16,108
49,6,110
33,11,117
104,14,113
103,13,113
0,11,107
41,12,115
69,5,117
40,11,115
61,14,116
45,13,113
84,10,112
85,2,112
80,9,114
53,14,111
44,15,114
47,9,112
16,9,115
59,5,113
4,10,110
83,11,113
59,1,112
108,14,115
105,4,112
116,15,115
84,5,113
109,16,116
53,14,112
86,1,111
34,13,118
29,7,117
52,12,112
49,14,112
89,17,110
112,6,114
115,17,115
28,9,117
82,0,113
15,7,114
110,5,114
117,5,114
77,17,114
66,5,116
125,6,110
52,11,111
20,6,116
41,8,115
124,9,111
2,3,107
115,2,115
16,15,115
6,4,109
1,2,107
52,5,111
77,4,115
95,2,107
96,2,107
36,12,117
68,5,117
105,13,113
99,4,108
49,9,111
107,14,114
16,5,114
52,6,111
82,6,113
36,0,114
46,4,112
17,1,114
8,9,111
17,14,116
96,16,110
87,0,111
69,1,117
113,11,115
27,1,116
51,15,112
40,2,115
47,6,112
21,1,116
21,16,118
35,17,118
83,1,113
117,1,113
8,4,111
75,6,117
48,17,113
63,0,113
6,2,110
24,7,118
40,11,116
76,9,116
119,15,113
119,11,114
62,6,114
37,10,116
28,7,117
75,11,116
44,9,113
116,14,114
38,4,115
96,14,110
96,1,107
123,16,111
113,5,115
17,8,116
70,13,118
34,12,117
68,4,117
90,3,110
0,13,108
103,7,111
100,0,108
64,1,115
21,5,116
89,2,110
62,4,115
122,10,112
73,12,118
112,16,116
106,8,112
126,11,110
106,0,112
108,8,114
115,10,115
1,10,108
122,14,112
56,14,113
63,3,114
29,13,118
26,2,116
4,3,109
35,2,113
33,9,117
49,12,111
0,17,107
65,11,117
114,17,115
20,15,117
76,1,116
61,3,114
60,14,114
109,10,115
32,3,115
31,5,116
100,0,109
50,6,111
48,15,113
49,14,111
81,7,115
24,17,119
25,2,117
117,14,115
114,6,114
75,8,116
107,2,113
127,17,110
69,13,118
60,1,113
7,16,111
47,3,112
1,5,107
105,6,112
101,1,109
57,14,114
111,7,115
88,5,111
21,8,117
64,12,116
99,9,110
77,13,115
99,5,109
106,15,114
108,12,114
77,12,115
15,17,115
83,14,113
124,6,111
109,16,115
62,15,116
126,13,111
68,3,117
40,5,115
105,7,112
102,14,112
22,10,117
104,3,110
1,9,108
48,4,111
62,6,115
28,16,119
63,17,116
21,3,116
93,12,109
55,0,111
9,15,112
86,4,111
30,10,117
12,10,114
87,0,110
74,3,117
110,6,114
81,3,113
45,4,113
11,15,113
37,12,117
0,14,107
10,13,112
66,16,117
75,4,117
112,5,114
92,1,109
37,0,113
12,1,112
89,3,110
18,8,116
15,7,115
33,4,114
111,4,114
12,13,113
13,3,113
89,17,109
22,17,118
104,6,112
20,0,116
112,10,115
85,7,113
89,13,109
47,5,111
101,9,110
44,11,114
23,2,117
43,13,114
89,8,110
117,13,114
9,16,112
86,5,112
64,7,115
3,12,109
67,9,117
71,9,118
97,13,110
76,12,116
120,16,112
63,9,116
15,11,115
55,10,112
114,10,115
9,3,111
88,10,111
26,0,116
110,10,115
100,11,110
48,16,113
86,0,111
118,7,113
32,9,117
116,14,115
99,11,111
30,0,114
82,11,113
72,7,118
47,0,112
21,11,117
80,4,113
120,13,114
26,5,116
50,5,110
10,9,112
3,14,108
62,13,116
87,6,111
74,17,116
71,2,117
53,6,111
58,8,113
73,16,116
103,8,111
126,12,110
67,4,117
9,0,110
77,5,115
62,12,116
111,15,116
95,1,108
56,11,113
77,9,116
75,2,116
111,5,114
98,8,109
92,3,108
21,9,118
21,12,117
123,9,111
114,2,115
84,15,112
98,16,111
53,11,112
64,8,116
15,10,115
122,6,112
101,3,110
119,12,114
99,12,110
125,9,111
7,0,109
31,4,115
20,5,117
8,0,109
29,4,115
43,5,114
11,8,113
85,4,112
62,15,115
98,4,108
107,1,112
22,2,117
49,13,111
49,3,110
58,2,112
29,8,117
72,13,117
60,4,114
61,16,116
60,9,114
25,5,117
56,6,112
126,1,109
123,11,112
53,13,111
90,8,109
40,16,116
41,11,114
54,2,110
66,14,117
26,10,118
100,5,109
29,0,115
19,17,117
14,3,113
46,14,113
72,5,117
62,1,114
53,17,112
52,6,110
78,10,115
109,6,113
30,15,118
46,14,112
44,13,114
25,17,119
92,4,109
125,17,110
22,15,118
42,4,114
8,12,111
84,3,111
8,3,111
16,15,116
36,16,117
6,1,110
6,1,108
99,13,110
85,8,113
28,3,116
76,14,116
10,7,113
120,17,113
81,11,115
74,11,118
25,7,118
77,14,114
20,4,117
26,4,117
117,11,115
69,6,118
113,13,116
28,17,119
104,11,112
15,6,115
20,13,117
33,4,115
12,6,113
60,11,114
45,11,113
25,16,118
57,10,113
122,5,111
6,15,111
108,3,112
123,10,112
124,7,111
27,4,116
25,10,118
48,10,112
10,11,112
31,15,118
5,16,110
109,17,115
67,8,117
17,7,116
7,15,111
94,3,108
39,17,117
34,13,117
119,17,113
59,15,114
8,2,110
39,0,114
73,17,117
94,16,110
97,14,110
1,0,107
121,13,112
45,8,112
20,3,116
68,12,118
6,11,110
126,9,111
6,0,109
30,10,118
48,11,111
110,11,115
105,5,112
89,0,110
104,5,112
5,0,108
75,15,115
85,8,112
71,1,117
101,17,113
118,10,114
60,7,114
103,16,113
94,12,108
83,16,111
79,15,113
18,4,115
85,17,111
39,3,114
53,5,111
91,0,109
23,10,118
74,16,116
69,0,116
91,17,109
48,7,111
98,2,108
107,17,115
115,4,115
101,13,112
5,3,108
52,12,111
11,3,112
99,0,108
67,5,116
17,7,115
62,12,115
53,10,112
19,6,116
73,9,117
30,1,115
123,1,111
93,0,108
61,1,113
0,15,107
66,7,116
101,17,112
34,1,114
121,5,112
73,14,116
82,9,113
101,13,111
102,12,112
15,9,115
127,3,109
31,17,119
6,8,110
92,2,109
122,12,112
37,13,117
112,1,114
1,8,107
14,8,115
83,12,113
110,9,115
64,14,116
110,0,113
36,1,113
102,8,111
15,0,113
56,7,112
113,2,114
67,5,117
43,7,113
75,14,115
25,4,116
90,10,110
38,5,115
46,15,113
3,7,109
42,14,115
35,8,116
34,10,117
118,1,114
71,17,118
52,15,112
114,3,114
53,7,111
103,12,112
122,10,113
47,2,111
119,3,113
12,14,114
18,5,116
80,3,114
68,10,117
16,10,115
28,6,116
104,7,112
123,13,112
37,17,118
86,11,111
32,6,116
23,16,118
41,5,114
21,5,117
31,8,117
44,1,113
105,3,112
20,6,117
43,1,114
79,17,114
14,16,114
24,11,118
106,17,114
89,15,109
64,6,115
2,3,108
125,3,109
57,8,113
50,14,111
71,16,118
111,14,115
65,15,117
0,3,107
106,12,113
102,17,113
54,1,111
40,12,116
67,11,117
43,2,114
17,0,114
55,16,113
27,17,119
25,4,117
99,7,109
86,12,112
94,13,109
38,8,115
0,0,105
69,11,118
79,13,114
109,10,114
95,7,108
61,16,115
118,13,114
81,0,113
32,11,118
4,15,110
86,8,111
118,2,114
82,13,114
13,15,113
43,16,115
0,8,108
119,16,112
102,5,111
86,15,110
16,8,116
121,4,111
62,3,115
81,17,112
81,14,114
122,3,112
44,14,113
93,7,109
5,17,109
64,16,117
83,9,113
65,7,116
29,5,116
46,12,113
26,11,118
96,14,109
70,0,116
121,2,112
117,8,114
121,3,112
64,2,115
40,4,115
33,8,116
56,5,112
51,3,110
95,17,110
36,7,115
35,2,114
39,8,116
85,11,113
100,5,110
101,10,111
81,0,114
78,7,115
92,10,109
94,17,109
120,1,112
8,6,111
22,14,118
37,17,117
95,8,108
116,12,114
114,9,115
102,1,109
21,12,118
122,4,112
119,17,112
127,5,109
50,11,111
124,13,111
89,7,110
61,15,115
31,6,116
121,8,113
81,12,114
71,10,118
29,2,114
12,5,113
80,8,115
24,8,118
6,2,109
55,15,113
50,8,111
110,15,116
119,4,113
52,4,111
81,10,114
31,8,116
36,2,113
94,16,109
71,4,117
71,13,118
25,7,117
43,9,114
58,7,113
17,6,115
12,0,112
10,14,113
42,15,115
46,11,113
117,17,114
4,1,108
125,1,110
6,14,110
71,0,116
70,2,117
1,4,107
113,4,114
77,5,116
123,5,111
67,1,115
120,11,113
85,7,112
37,8,115
31,16,118
45,0,113
115,8,115
16,13,116
104,2,111
19,15,117
119,0,113
108,2,112
72,16,117
80,13,114
95,0,108
31,11,118
81,2,113
13,16,113
79,6,114
100,16,112
16,4,115
24,8,117
90,6,109
40,17,116
114,7,115
112,15,116
114,1,115
108,17,116
45,14,113
76,14,115
55,7,112
35,12,117
68,15,118
46,11,112
59,9,113
107,4,113
111,1,113
66,0,115
108,0,112
103,4,110
18,16,116
63,10,115
101,15,113
18,5,115
106,9,113
36,13,117
12,4,112
120,8,113
19,16,117
82,10,114
99,16,111
112,0,114
127,11,111
73,17,116
120,4,112
74,11,117
20,1,115
114,16,116
84,8,113
113,7,115
121,10,113
109,5,113
106,1,111
121,17,112
96,8,108
124,13,112
25,14,118
49,2,111
59,17,114
31,1,113
89,11,110
62,10,115
118,0,113
3,11,109
100,13,111
52,14,112
36,15,118
59,16,115
13,0,111
33,17,119
5,6,110
83,5,113
83,13,113
69,15,118
92,5,108
54,1,110
111,2,114
16,6,115
99,2,108
82,15,113
86,7,111
94,4,108
36,4,114
96,17,110
91,6,109
123,12,112
120,5,112
107,10,113
87,14,111
126,6,110
13,5,113
102,13,112
40,12,115
67,11,118
88,17,110
114,8,115
53,12,112
24,15,118
3,10,109
100,17,112
92,13,109
57,16,114
108,12,115
18,2,116
85,13,111
9,8,111
41,16,116
18,10,117
83,4,113
47,12,113
89,12,109
35,4,115
68,2,117
44,13,113
20,15,118
54,14,113
33,16,119
118,6,114
47,13,113
54,0,111
119,15,114
110,16,116
1,15,108
122,16,111
110,2,114
66,12,117
40,10,115
94,2,108
16,11,116
81,6,114
11,11,113
63,11,116
18,17,117
95,3,108
27,12,118
88,6,110
37,16,117
73,1,117
127,6,109
106,7,112
21,4,116
98,0,108
21,14,117
34,17,119
32,0,113
9,11,112
24,10,118
115,1,114
67,17,118
90,9,109
33,1,113
100,9,111
17,3,114
20,8,117
116,11,115
73,13,117
112,7,115
60,6,113
125,2,110
4,11,109
97,4,108
14,10,115
3,16,109
14,6,114
72,15,118
77,2,115
15,1,114
57,2,111
61,6,115
91,5,109
11,17,113
86,2,111
19,3,116
90,14,109
119,10,113
59,2,112
2,5,107
23,14,118
122,16,112
83,2,113
16,14,115
21,14,118
39,12,116
124,12,112
100,2,109
8,1,109
90,16,109
78,12,115
120,2,113
98,10,110
99,8,110
127,7,109
100,10,111
16,17,115
93,5,108
88,2,110
22,8,117
2,1,107
51,5,110
40,1,114
95,4,108
96,3,108
114,1,114
85,11,112
56,8,113
79,2,115
118,16,114
79,1,115
75,5,116
45,5,112
100,11,111
8,9,112
115,8,114
112,14,116
91,4,109
55,14,113
58,16,114
96,15,110
0,6,107
18,13,116
66,3,115
120,7,112
106,6,112
29,15,119
58,12,113
84,7,113
31,1,114
37,9,116
76,2,116
72,14,117
14,1,112
63,4,115
65,14,117
75,11,117
121,0,112
123,14,111
18,10,116
20,16,117
56,12,113
86,10,112
84,14,112
8,14,111
39,6,115
38,10,116
57,7,113
91,1,109
8,13,112
98,3,108
15,15,115
5,7,110
3,3,108
109,0,113
12,3,113
61,13,115
87,7,111
44,17,114
19,10,117
74,10,117
117,6,113
87,13,110
16,1,113
41,2,115
84,13,112
41,3,114
61,17,116
15,8,115
117,10,114
126,3,109
29,16,119
116,16,114
108,1,112
28,2,115
101,12,111
94,10,108
23,12,118
59,2,113
24,3,117
49,0,110
108,5,113
5,13,110
69,10,118
60,0,112
59,17,115
82,10,113
80,14,114
16,3,115
5,14,110
14,15,115
42,3,114
63,8,115
7,6,111
55,8,112
91,11,109
23,3,117
77,0,115
97,6,108
6,11,111
12,2,113
112,4,115
84,6,113
125,4,110
55,4,111
63,2,115
102,9,111
124,9,112
118,14,113
104,0,111
108,9,113
125,8,111
16,2,115
124,14,111
118,8,114
97,7,109
39,14,116
108,4,113
41,10,115
74,1,116
11,9,113
82,6,114
53,3,111
102,0,110
12,3,112
55,12,112
76,10,116
124,14,112
28,7,116
45,7,112
8,3,110
112,12,116
114,14,116
81,10,115
0,1,105
2,16,107
59,6,114
37,7,116
29,3,114
120,3,113
11,0,110
32,8,117
103,14,112
26,16,118
21,3,117
75,13,117
83,11,114
103,7,112
84,7,112
105,17,115
54,16,113
108,6,114
34,5,115
38,17,117
115,16,115
126,15,110
25,6,117
36,11,116
10,10,113
125,14,110
77,0,116
4,9,110
66,16,118
123,6,111
43,8,114
2,14,109
114,0,114
111,13,115
127,14,111
22,9,117
118,4,113
18,11,117
118,5,113
18,12,117
122,4,111
66,17,118
58,6,113
106,16,114
38,13,116
103,1,110
97,8,109
88,7,110
58,11,113
30,6,116
16,12,115
106,7,113
43,10,113
58,4,113
14,12,115
114,5,114
124,2,111
18,17,116
127,16,109
3,8,109
61,9,115
4,5,108
47,0,111
113,16,115
16,8,115
66,2,115
55,1,111
15,3,114
4,5,110
8,14,112
7,3,109
5,4,109
76,13,115
18,9,116
71,14,118
30,17,119
14,14,114
78,4,115
13,15,114
74,12,117
102,3,109
11,12,113
82,8,114
76,8,117
36,10,116
61,14,115
12,14,113
21,6,117
32,1,114
102,10,112
46,7,112
99,13,111
82,13,113
54,8,111
81,11,114
42,11,114
102,6,111
108,1,113
50,16,112
120,7,113
98,15,110
87,17,110
126,17,110
20,0,115
118,2,113
61,5,114
30,9,117
73,14,117
100,15,112
104,2,110
98,15,111
43,4,114
29,7,116
103,4,111
25,15,119
106,6,113
31,3,115
103,3,111
19,1,115
97,12,109
73,4,117
64,13,117
73,8,118
35,16,118
79,0,115
35,0,113
4,2,109
97,2,108
25,8,118
66,15,117
80,15,113
122,1,112
66,1,115
88,14,110
38,1,114
63,14,116
120,14,113
114,2,114
123,8,111
21,17,117
81,16,113
126,2,109
1,14,107
41,14,115
51,11,111
55,2,111
60,13,114
25,8,117
5,2,109
92,7,109
11,0,111
80,3,113
97,1,108
19,10,116
44,12,114
60,17,115
41,7,115
46,6,112
31,2,114
45,8,113
127,14,109
100,12,111
118,1,113
80,7,115
28,14,119
82,17,112
42,5,114
8,8,112
46,10,113
46,9,112
120,13,113
27,5,116
2,0,106
21,0,116
2,13,109
108,3,113
74,9,117
1,11,108
104,1,110
58,5,112
42,13,115
114,4,114
98,17,111
25,16,119
6,7,110
73,2,117
55,0,110
46,13,113
4,0,107
43,7,114
116,8,114
3,2,107
11,0,112
8,12,112
101,2,109
4,4,108
31,13,118
33,5,115
57,16,113
48,10,111
14,7,114
61,7,114
32,7,116
3,6,108
10,11,113
95,11,108
98,5,108
92,0,108
84,16,112
6,17,109
41,6,114
75,17,115
58,1,112
124,1,110
43,2,113
111,10,115
86,3,111
60,5,114
25,0,116
30,7,116
4,12,110
124,1,111
0,4,106
73,7,117
50,10,111
96,17,111
83,0,113
121,3,111
55,4,112
46,13,112
122,15,111
33,3,115
76,12,117
77,3,116
37,5,114
15,0,114
32,17,118
88,0,111
87,7,112
42,17,114
101,10,112
83,15,113
6,16,111
80,13,115
35,17,119
65,17,117
98,13,111
116,7,114
27,8,117
67,3,116
87,4,111
75,8,117
61,6,114
49,0,111
107,11,114
54,14,112
31,11,117
43,4,113
92,16,109
123,17,111
5,6,109
24,9,118
78,13,115
55,5,111
39,3,115
102,14,113
7,10,111
89,12,110
54,5,111
40,14,116
50,17,112
50,3,110
67,13,117
69,8,118
32,16,118
82,7,114
28,8,117
16,16,116
61,10,115
82,3,113
0,5,107
11,17,112
9,17,112
31,0,113
114,16,115
26,12,118
52,5,110
125,5,109
124,7,110
118,14,114
27,16,119
44,10,113
69,12,118
95,12,109
18,12,116
46,8,112
29,14,118
107,7,113
99,14,111
72,6,117
94,12,109
98,10,109
91,14,109
82,4,113
120,16,113
54,3,111
57,14,113
18,0,114
90,2,109
74,13,116
33,7,116
65,0,114
82,14,112
122,2,112
72,2,117
26,8,117
112,2,114
95,0,107
108,15,115
20,9,117
126,13,110
48,11,112
2,2,107
0,1,106
118,6,113
41,0,114
55,5,112
4,6,109
10,10,112
84,1,112
38,2,114
44,15,113
40,2,114
70,16,118
37,4,114
65,5,116
32,1,113
9,7,112
98,11,110
103,0,110
31,7,116
48,16,112
51,10,111
78,8,115
77,1,115
43,9,113
60,3,113
66,11,117
62,7,115
10,5,112
81,16,112
93,13,109
77,15,114
104,8,112
46,5,112
34,15,118
92,9,108
7,13,111
79,14,113
79,12,115
101,11,112
122,7,111
95,1,107
101,0,108
110,15,115
34,7,115
59,8,114
94,14,109
38,9,116
31,16,119
115,7,115
6,13,110
27,14,119
32,14,118
87,13,111
83,10,114
47,15,113
77,16,115
30,8,116
95,10,109
38,13,117
101,16,112
28,10,117
85,4,111
66,10,117
4,13,110
61,8,115
87,11,111
38,11,116
107,9,114
10,4,111
51,0,110
56,13,113
36,8,115
61,12,115
31,14,118
117,15,114
115,2,114
60,0,113
78,1,115
32,12,118
87,15,110
65,11,116
73,8,117
124,5,111
104,12,112
60,5,113
112,17,116
64,13,116
39,1,114
85,15,111
53,3,110
46,1,112
109,5,114
79,0,114
123,3,110
8,11,112
10,12,113
45,3,112
95,15,110
12,11,114
80,6,114
22,6,117
119,3,112
102,4,110
107,14,115
85,14,111
39,10,115
43,15,115
48,14,112
53,8,111
1,6,107
64,5,115
115,15,115
116,4,114
18,11,116
21,17,118
29,1,114
52,10,111
85,9,113
14,11,115
125,4,109
104,8,111
4,8,110
85,6,113
64,0,115
38,12,117
111,2,113
83,8,114
23,6,118
81,8,115
87,8,112
30,0,115
82,15,112
72,0,117
0,4,107
81,13,113
100,6,109
52,14,111
47,14,112
67,7,117
85,2,111
49,16,112
121,8,112
17,2,115
112,8,115
57,0,112
68,4,116
115,0,114
45,6,113
54,9,112
27,3,116
6,10,111
57,5,112
33,9,116
53,4,111
5,2,108
59,10,114
61,11,115
2,0,107
85,1,112
13,1,113
16,17,116
60,10,115
42,11,115
125,7,111
7,11,111
93,12,108
69,4,117
88,11,110
17,3,115
22,3,117
79,5,114
104,16,113
86,9,111
13,2,112
84,2,111
17,1,115
5,0,109
56,0,111
43,3,114
13,10,114
47,13,112
18,16,117
5,11,110
86,13,112
45,10,113
13,8,113
22,5,117
46,12,112
32,5,115
88,9,111
79,10,115
114,11,115
119,1,113
113,3,114
54,17,113
44,16,114
90,6,110
86,10,111
113,0,114
5,8,110
65,1,115
51,15,111
121,14,113
120,3,112
123,15,111
124,16,111
53,1,110
2,14,108
104,10,112
6,9,110
66,3,116
101,8,111
46,3,112
36,5,115
20,17,117
4,1,107
83,7,113
117,4,113
16,9,116
105,0,111
39,17,116
79,2,114
7,7,111
71,0,117
92,7,108
75,9,117
106,2,112
38,6,115
26,9,117
49,1,110
6,10,110
122,11,113
11,16,112
27,3,115
57,5,113
7,3,110
11,7,113
5,12,110
101,0,109
91,13,109
21,15,118
76,17,115
102,15,112
84,5,112
43,17,115
75,5,117
106,0,111
69,16,118
51,6,110
87,12,111
11,14,113
54,17,112
0,7,107
13,4,113
51,16,111
83,13,112
90,5,110
26,14,118
118,17,114
107,5,112
63,8,116
85,9,112
14,5,113
61,9,114
81,5,113
53,16,112
115,13,115
22,11,118
34,11,117
110,1,113
60,8,114
124,15,111
7,15,110
56,3,111
104,17,114
35,4,114
45,10,112
95,16,109
55,6,112
127,14,110
75,13,116
59,4,113
61,0,113
78,0,115
20,1,116
67,1,116
101,16,113
92,14,109
115,14,115
105,14,113
10,8,112
50,9,111
22,3,116
11,13,113
49,5,110
14,4,113
58,13,114
99,3,109
63,4,114
12,8,113
31,0,114
82,1,113
33,6,116
7,2,110
77,2,116
2,7,108
23,7,118
51,7,110
57,13,113
43,12,114
18,14,117
97,16,111
84,8,112
93,3,108
64,10,116
110,9,114
57,4,112
19,4,116
92,9,109
97,15,110
78,16,114
62,0,114
112,12,115
25,12,118
84,11,113
116,17,114
67,6,117
6,8,111
12,12,114
9,9,112
117,1,114
57,11,113
83,9,114
94,1,108
38,3,114
101,7,110
67,2,116
110,4,114
71,3,117
92,17,109
127,12,110
35,9,116
124,6,110
13,1,112
106,16,115
116,9,114
126,2,110
82,3,112
93,15,109
37,14,117
47,12,112
76,15,115
10,12,112
70,9,118
69,7,117
84,12,112
30,11,118
92,4,108
127,4,108
28,15,118
123,16,112
112,3,115
61,7,115
13,9,114
59,7,114
123,3,111
74,14,116
42,17,115
71,11,118
2,4,107
35,14,117
99,11,110
31,9,117
20,2,116
121,16,112
77,17,115
101,15,112
109,12,114
59,0,113
35,5,114
117,7,113
102,16,112
100,7,109
103,11,113
74,16,117
110,5,113
93,3,109
113,1,115
101,1,110
88,3,111
107,2,112
2,17,107
127,17,109
48,5,111
13,7,113
89,1,110
54,0,110
97,9,109
37,15,118
118,10,113
77,6,116
99,1,108
97,1,107
17,6,116
96,0,107
5,5,109
36,2,114
108,16,115
115,17,114
124,11,112
28,4,116
92,6,108
50,7,111
37,3,114
126,14,111
24,16,118
32,8,116
4,4,109
57,15,113
33,12,117
100,14,112
59,11,114
13,12,114
53,0,110
65,6,116
112,13,115
0,16,106
78,14,115
25,14,119
29,6,116
60,2,113
26,16,119
110,3,113
67,12,118
2,16,108
8,15,112
30,2,115
53,13,112
12,17,113
116,16,115
0,5,106
34,2,114
36,1,114
75,14,116
69,9,118
15,6,114
22,9,118
126,8,110
24,4,117
72,6,118
67,13,118
21,7,117
33,0,113
87,8,111
77,11,115
45,14,114
5,17,110
29,15,118
68,2,116
113,17,116
15,16,115
57,6,113
55,14,112
19,7,116
41,4,115
11,2,112
52,17,112
20,13,118
31,3,114
118,11,114
13,16,114
127,15,110
97,17,111
1,17,107
65,9,116
56,8,112
110,14,115
27,7,116
9,7,111
126,4,109
74,7,117
7,12,111
103,17,113
58,3,113
13,3,112
119,9,113
5,8,109
77,10,116
30,5,116
48,12,112
57,17,114
33,10,117
59,13,114
76,13,116
58,12,114
73,15,117
78,5,115
65,10,116
17,15,116
99,15,112
20,10,117
24,12,118
63,13,116
104,12,113
78,11,115
107,13,114
17,9,116
56,17,113
76,7,116
64,0,114
46,10,112
113,12,115
90,17,109
35,11,117
103,9,111
100,7,110
84,13,113
40,13,115
122,8,111
97,6,109
31,6,115
58,0,111
102,7,111
13,8,114
84,12,113
64,4,115
43,16,114
81,15,113
6,0,108
1,7,107
96,12,109
8,13,111
111,13,116
19,14,117
0,3,106
25,3,117
55,11,112
3,7,108
68,14,118
95,16,110
90,9,110
99,15,111
6,4,110
89,14,110
11,1,111
50,1,110
119,12,113
66,8,117
41,15,115
43,15,114
95,2,108
85,5,112
61,2,114
1,2,106
100,4,109
42,9,114
56,10,113
55,16,112
98,5,109
80,7,114
109,15,115
121,17,111
108,17,115
105,10,112
43,10,114
62,14,116
110,13,115
7,5,110
24,7,117
80,11,115
47,2,112
15,5,115
86,16,111
76,15,116
85,0,112
87,10,111
58,10,113
29,17,119
91,2,109
107,10,114
64,1,114
113,1,114
111,1,114
71,7,118
56,1,111
108,8,113
124,10,112
97,7,108
51,12,111
40,8,115
59,3,113
26,15,119
21,13,117
73,7,118
72,9,118
24,2,116
82,16,112
9,1,110
43,11,113
84,9,112
12,16,114
99,5,108
123,5,110
100,3,108
81,2,114
78,3,114
24,5,117
17,12,116
56,9,113
3,1,107
101,14,112
102,2,109
2,9,109
7,6,110
98,14,110
22,8,118
70,4,117
34,9,116
3,5,108
78,7,116
109,2,113
66,6,117
36,6,115
41,11,115
69,3,117
0,10,107
14,2,113
84,11,112
72,5,118
122,13,113
0,9,107
67,12,117
46,17,113
117,7,114
30,14,118
34,17,118
63,10,116
42,12,114
48,0,111
100,1,108
70,8,118
88,4,111
45,6,112
117,3,113
123,15,113
63,6,115
87,16,110
124,11,111
87,9,111
90,7,110
61,17,115
100,14,111
122,15,112
13,6,113
3,16,108
54,9,111
85,6,112
88,11,111
86,6,112
56,15,113
47,4,111
24,14,118
11,2,111
126,5,109
92,1,108
123,15,112
71,17,117
39,9,115
13,17,113
3,4,108
47,4,112
54,13,112
126,12,111
23,6,117
117,5,113
51,2,110
75,0,116
47,17,113
17,16,116
120,17,112
18,14,116
22,12,118
18,3,116
113,4,115
20,5,116
50,4,110
14,5,114
1,13,108
57,9,113
78,3,115
86,9,112
14,13,114
52,13,111
81,6,113
86,15,111
124,3,110
63,17,117
90,11,109
59,14,115
113,8,115
20,4,116
119,13,113
34,10,116
2,15,108
30,5,115
51,1,110
87,3,111
90,15,109
35,8,115
64,11,116
49,1,111
88,1,110
58,3,112
17,11,116
55,6,111
94,7,108
108,6,113
93,9,108
85,3,111
28,13,118
48,3,111
78,13,114
2,10,109
117,4,114
124,17,110
11,7,112
19,2,116
10,9,113
106,2,111
48,12,111
4,1,109
54,6,112
29,11,118
127,13,110
86,17,111
30,16,119
16,14,116
32,6,115
47,7,111
109,14,115
40,7,115
119,8,113
117,16,114
113,6,115
97,16,110
101,7,111
20,2,115
49,3,111
2,13,108
33,7,115
63,0,114
43,6,113
41,9,114
39,16,116
14,4,114
10,13,113
70,6,118
43,17,114
88,7,111
87,14,110
117,11,114
104,13,113
58,4,112
26,9,118
73,0,116
112,5,115
72,12,118
61,4,113
85,0,111
58,17,114
48,17,112
120,15,113
14,14,115
109,9,114
89,9,110
4,11,110
0,12,107
89,16,109
1,7,108
65,8,117
77,16,114
36,17,118
96,10,109
64,12,117
68,10,118
116,5,114
126,7,110
86,4,112
8,15,111
30,4,115
124,4,111
33,13,118
57,0,111
14,11,114
37,6,115
54,10,112
127,9,110
1,5,108
54,6,111
116,0,114
81,13,114
103,3,110
101,11,111
25,9,118
68,8,118
81,8,114
68,0,116
52,15,111
88,13,110
65,3,116
110,17,116
61,8,114
39,15,116
86,11,112
35,14,118
68,9,118
8,16,111
105,10,113
68,13,118
105,14,114
53,4,110
122,0,112
51,8,111
22,10,118
37,1,114
92,0,109
89,6,110
23,8,118
45,2,113
6,3,110
90,4,109
5,1,109
113,10,115
121,7,112
120,0,113
42,13,114
86,17,110
123,17,110
74,14,117
62,10,116
85,10,113
83,7,114
27,6,117
61,13,116
67,6,116
48,9,112
96,2,108
4,16,110
81,15,112
57,13,114
38,14,116
24,16,119
31,10,118
19,0,116
10,17,112
9,5,112
125,3,110
107,15,115
110,12,115
28,0,115
68,8,117
13,17,114
120,6,113
42,7,114
12,2,112
14,12,114
19,12,117
124,12,111
79,3,115
87,15,111
41,15,116
118,9,114
57,6,112
118,15,113
119,16,113
51,7,111
74,2,117
39,4,115
127,15,111
49,6,111
102,6,110
118,16,113
73,12,117
11,5,113
98,9,110
100,13,112
11,1,112
58,9,114
115,7,114
76,0,116
35,11,116
5,9,110
80,9,115
72,1,117
56,11,112
81,1,114
9,4,112
114,13,116
93,8,108
65,8,116
36,15,117
43,14,114
113,5,114
115,5,114
64,2,114
58,15,114
1,16,107
98,14,111
86,13,111
42,16,115
29,10,117
66,8,116
9,6,112
109,7,113
44,3,113
68,11,118
40,6,115
120,6,112
106,10,113
70,7,118
39,16,117
80,12,114
56,16,113
102,2,110
116,10,115
66,15,118
5,7,109
68,16,118
7,7,110
33,16,118
36,9,116
70,3,117
69,17,118
90,10,109
35,7,115
123,9,112
67,0,115
54,7,112
4,15,109
14,9,115
69,1,116
73,0,117
47,6,111
114,15,116
91,8,109
114,5,115
47,1,112
119,13,114
78,17,114
102,11,111
0,2,106
59,1,113
111,12,115
86,5,111
34,14,117
14,13,115
42,15,114
105,4,111
114,6,115
110,10,114
14,0,113
104,10,113
24,17,118
124,3,111
0,10,108
113,12,116
83,16,112
26,17,119
25,15,118
26,13,118
8,5,111
8,1,110
73,5,117
99,17,112
65,5,115
69,6,117
99,8,109
72,13,118
124,5,110
39,2,114
27,6,116
38,14,117
0,11,108
89,15,110
93,14,109
70,17,118
83,6,113
32,2,114
11,4,112
52,1,110
104,4,111
8,4,110
9,15,111
62,14,115
27,15,118
19,9,117
23,11,118
60,12,115
84,3,112
81,9,114
74,0,116
106,13,114
63,9,115
8,8,111
86,6,111
50,15,111
105,5,111
70,6,117
109,13,115
35,15,118
96,6,108
9,13,112
72,15,117
48,13,112
90,1,109
120,15,112
52,2,110
54,2,111
107,3,113
22,7,117
6,13,111
26,6,116
118,12,114
10,15,112
111,7,114
121,6,112
93,10,108
38,15,117
67,14,118
127,7,110
44,12,113
78,9,116
9,4,111
92,3,109
12,8,114
40,13,116
75,7,117
30,3,115
97,2,107
45,7,113
60,14,115
15,13,115
104,5,111
62,17,116
51,16,112
123,4,111
77,7,116
80,1,114
3,1,108
73,11,117
64,5,116
76,6,116
36,0,113
83,1,112
80,16,113
120,5,113
70,1,116
64,17,117
119,2,112
19,9,116
3,14,109
16,16,115
63,16,116
45,16,113
41,6,115
83,0,112
57,12,113
113,14,116
0,13,107
5,5,110
78,10,116
110,4,113
82,2,113
80,6,115
120,4,113
119,2,113
61,3,113
117,2,113
29,9,117
115,6,114
12,7,113
65,3,115
27,13,118
57,8,112
95,11,109
73,16,117
18,15,117
55,12,113
98,13,110
36,12,116
117,6,114
63,7,116
81,4,114
96,13,110
80,2,113
76,9,117
93,5,109
82,2,112
50,4,111
103,16,114
82,17,113
89,9,111
58,2,113
74,10,118
87,16,111
105,7,113
99,10,111
118,4,114
110,8,115
1,17,108
118,5,114
123,0,111
104,14,114
92,5,109
72,10,118
80,11,114
75,15,116
96,4,108
92,12,108
52,4,110
91,15,109
86,14,111
93,17,109
93,7,108
104,15,113
75,3,117
82,8,113
44,16,113
51,17,112
23,9,118
106,11,113
119,5,113
80,0,114
54,4,111
111,17,116
98,1,107
44,5,113
114,4,115
4,5,109
120,2,112
8,10,112
61,15,116
13,2,113
76,12,115
89,2,109
42,12,115
9,17,111
7,2,109
32,12,117
99,6,109
66,17,117
55,9,112
119,10,114
32,4,115
91,16,109
5,15,110
45,16,114
62,2,114
86,8,112
49,2,110
124,0,111
2,1,106
93,1,108
80,5,114
76,11,116
49,11,111
121,15,112
47,15,112
41,16,115
0,16,107
109,11,115
81,1,113
108,7,114
78,11,116
51,9,111
53,15,112
77,14,115
20,12,117
4,9,109
14,8,114
42,6,114
43,8,113
127,2,109
49,10,111
107,12,114
27,2,116
37,8,116
109,17,116
99,4,109
52,3,110
122,17,111
65,13,117
7,17,111
124,8,111
101,9,111
114,14,115
34,1,113
98,6,109
116,2,114
60,16,115
16,13,115
28,5,116
125,15,110
79,15,114
1,0,106
105,17,114
118,15,114
10,1,111
62,16,116
115,4,114
92,11,109
85,3,112
22,4,117
23,2,116
39,8,115
64,7,116
11,16,113
52,8,111
111,8,114
13,11,114
18,4,116
109,12,115
116,6,114
96,7,108
1,8,108
59,14,114
4,10,109
80,4,114
41,4,114
67,10,117
43,1,113
70,1,117
123,4,110
72,3,117
103,13,112
100,3,109
10,3,112
25,13,118
85,16,111
11,15,112
84,15,111
55,11,113
87,1,111
47,11,112
113,16,116
71,6,118
82,5,113
60,13,115
15,14,115
83,2,112
99,7,110
117,0,114
93,4,108
27,9,118
89,0,109
102,3,110
123,2,111
68,6,117
64,14,117
17,10,116
27,10,118
64,15,116
29,10,118
41,10,114
26,5,117
84,2,112
37,4,115
92,8,108
104,3,111
112,7,114
125,16,110
10,0,110
79,7,115
111,11,115
126,11,111
126,0,110
122,13,112
38,0,114
56,2,111
87,5,111
18,6,116
38,7,115
32,16,119
4,12,109
19,8,117
121,11,113
50,15,112
23,8,117
66,13,117
58,9,113
59,7,113
106,13,113
68,17,118
67,16,118
72,4,117
66,4,116
26,6,117
75,16,116
82,12,113
96,5,108
113,15,116
74,0,117
18,2,115
32,11,117
96,13,109
89,10,110
99,3,108
1,6,108
50,6,110
81,4,113
106,12,114
127,8,110
2,8,109
58,14,114
23,4,117
78,6,115
106,8,113
104,0,110
2,12,109
38,12,116
71,16,117
118,9,113
126,10,111
4,17,108
93,11,108
47,16,112
98,9,109
88,8,110
39,14,117
15,8,114
47,14,113
75,7,116
12,15,114
82,16,113
50,8,110
95,9,109
37,3,115
29,8,116
99,0,107
70,5,118
125,10,112
76,5,116
5,10,110
59,16,114
4,16,109
70,14,118
1,1,106
125,13,111
71,5,117
38,4,114
6,5,110
57,1,111
9,2,110
84,0,112
18,3,115
84,17,112
111,3,114
13,6,114
17,17,116
36,3,114
100,2,108
33,13,117
121,12,113
18,7,116
46,2,112
105,15,114
2,4,108
55,15,112
104,7,111
3,15,109
122,0,111
126,14,110
78,14,114
54,15,112
112,13,116
112,3,114
9,10,112
41,7,114
117,3,114
75,16,115
56,4,112
34,4,115
62,2,113
20,7,117
80,17,113
86,16,110
82,12,114
108,7,113
85,13,112
120,1,113
88,16,110
117,14,114
89,14,109
57,15,114
91,3,109
53,9,111
90,3,109
28,14,118
31,10,117
42,14,114
0,9,108
96,12,110
45,0,112
109,4,113
105,9,113
2,6,108
40,14,115
44,6,113
16,4,114
30,13,118
100,6,110
99,12,111
41,8,114
117,12,114
64,16,116
127,3,108
92,6,109
14,1,113
97,17,110
105,13,114
104,15,114
21,10,117
81,7,114
34,6,115
34,14,118
115,3,115
121,1,112
33,15,118
79,16,113
109,0,112
121,10,112
126,3,110
101,5,109
28,9,118
49,5,111
21,2,116
65,9,117
23,15,118
126,17,109
127,15,109
91,9,109
27,11,118
77,6,115
89,13,110
22,13,118
112,6,115
4,14,110
21,15,117
18,0,115
19,2,115
41,17,115
76,3,116
109,8,114
6,14,111
10,1,110
77,1,116
28,5,115
75,10,116
95,6,108
106,17,115
111,14,116
27,2,115
125,0,110
75,1,116
9,8,112
102,16,113
125,10,111
126,1,110
12,9,113
79,6,115
6,12,111
119,14,113
34,3,114
41,3,115
4,13,109
25,0,115
76,8,116
125,15,111
88,3,110
36,8,116
18,1,114
124,0,110
39,7,115
12,4,113
1,3,107
90,11,110
34,0,113
99,16,112
55,13,112
4,7,109
67,15,117
123,8,112
117,17,113
9,0,109
74,6,117
41,9,115
62,4,114
98,12,110
61,4,114
28,4,115
90,5,109
66,6,116
120,10,113
29,12,118
12,15,113
87,2,111
69,2,117
49,17,112
63,15,116
77,4,116
48,9,111
40,3,115
125,7,110
116,3,114
16,11,115
36,11,117
116,12,115
13,13,114
84,17,111
37,2,114
1,1,107
49,7,111
48,6,111
101,3,109
45,15,113
3,6,109
5,15,109
98,1,108
108,0,113
73,3,117
102,0,109
6,17,110
80,10,115
103,15,113
62,5,114
70,5,117
17,4,115
84,16,111
43,6,114
20,11,117
86,12,111
39,10,116
124,10,111
0,12,108
103,2,110
0,8,107
120,9,113
51,8,110
79,4,114
97,15,111
127,4,109
7,14,111
75,12,116
97,11,109
17,13,116
68,9,117
83,5,112
75,3,116
125,8,110
68,0,115
19,4,115
111,9,114
11,3,111
122,14,113
9,14,111
115,1,115
116,8,115
93,6,109
53,15,111
99,9,109
74,13,117
72,17,117
64,6,116
61,2,113
35,10,116
17,8,115
19,8,116
7,17,110
103,6,111
75,4,116
94,8,108
30,3,114
15,2,114
15,3,113
0,14,108
97,5,108
113,3,115
105,1,112
106,1,112
5,1,108
14,16,115
21,9,117
26,7,117
121,13,113
8,17,111
78,2,115
101,6,110
45,5,113
103,14,113
36,14,118
38,3,115
38,7,116
127,1,109
2,11,108
47,8,112
50,13,111
107,3,112
4,0,108
37,11,116
5,16,109
65,12,117
99,10,110
14,17,114
122,8,112
11,6,112
102,10,111
42,1,114
2,5,108
3,9,109
6,6,110
25,1,116
109,3,113
110,7,114
59,15,115
73,6,118
75,2,117
47,9,111
65,10,117
100,10,110
126,9,110
28,12,118
112,9,115
88,0,110
39,13,116
50,7,110
10,2,111
77,11,116
23,1,116
83,8,113
19,7,117
109,15,116
16,1,114
71,8,118
92,2,108
122,12,113
19,11,117
84,4,112
101,4,110
107,8,113
45,17,114
54,16,112
111,0,113
64,15,117
107,16,115
67,14,117
95,14,109
103,17,114
70,15,118
16,5,115
95,5,108
124,4,110
105,12,113
111,16,116
106,14,114
118,7,114
58,11,114
88,6,111
8,5,110
25,11,118
24,13,118
103,8,112
105,8,112
107,0,112
88,15,110
68,3,116
60,12,114
47,1,111
87,3,110
92,11,108
124,17,111
102,7,110
16,0,114
3,17,108
37,12,116
53,10,111
121,9,113
107,4,112
3,8,108
122,3,111
100,15,111
127,10,111
68,1,116
105,9,112
28,10,118
80,8,114
96,11,109
94,15,109
94,11,108
89,4,110
107,9,113
32,13,118
71,12,118
23,17,118
21,10,118
39,15,117
42,16,114
53,12,111
103,0,109
36,5,114
33,14,118
15,5,114
33,3,114
41,13,115
114,13,115
55,17,113
116,10,114
103,12,113
12,13,114
90,0,110
37,0,114
14,0,112
74,4,117
32,10,117
30,8,117
79,5,115
73,10,117
104,16,114
27,14,118
29,0,114
21,16,117
8,2,111
52,16,111
30,12,118
53,11,111
111,9,115
85,15,112
125,11,111
50,0,110
106,5,112
48,2,111
90,12,109
18,1,115
22,16,118
108,9,114
91,12,109
36,9,115
106,3,112
59,0,112
81,3,114
15,17,114
39,5,115
82,7,113
108,13,114
81,17,113
9,5,111
57,7,112
35,13,117
62,13,115
39,9,116
79,3,114
115,16,114
127,13,111
60,10,114
42,0,114
1,14,108
88,4,110
51,0,109
79,4,115
16,10,116
57,17,113
25,17,118
3,5,109
122,1,111
46,0,112
96,9,108
34,7,116
19,13,117
59,8,113
12,11,113
62,5,115
6,3,109
49,8,111
36,16,118
4,17,109
65,16,117
80,2,114
7,1,109
2,8,108
28,15,119
83,14,112
126,10,110
11,5,112
19,0,115
66,9,117
10,16,112
94,9,108
21,4,117
119,11,113
106,4,112
24,2,117
26,15,118
33,1,114
122,5,112
30,15,119
110,8,114
47,3,111
78,15,114
107,6,112
79,17,113
119,9,114
32,9,116
105,8,113
76,11,117
107,15,114
87,17,111
46,15,112
117,12,115
84,14,113
115,15,116
95,13,109
114,15,115
25,2,116
122,9,112
126,8,111
73,11,118
127,10,110
96,8,109
124,2,110
59,6,113
8,11,111
29,1,115
33,17,118
62,11,115
0,17,106
45,1,112
69,7,118
12,12,113
13,5,114
126,0,109
44,14,114
100,1,109
69,14,118
49,15,112
80,10,114
37,7,115
79,16,114
19,3,115
11,10,113
106,15,115
33,12,118
105,11,113
35,15,117
120,8,112
12,17,114
97,10,109
78,9,115
45,1,113
79,9,115
2,9,108
81,5,114
37,15,117
30,2,114
126,16,109
84,6,112
127,16,110
71,5,118
20,16,118
105,16,114
29,2,115
37,16,118
6,15,110
76,16,115
60,11,115
26,4,116
65,4,115
104,11,113
12,9,114
115,9,115
18,13,117
85,16,112
26,0,115
80,14,113
125,14,111
47,10,112
103,9,112
75,10,117
101,12,112
7,16,110
15,2,113
28,1,115
8,10,111
102,11,112
122,11,112
61,10,114
75,1,117
22,0,116
122,7,112
99,17,111
62,11,116
82,9,114
111,8,115
121,9,112
117,0,113
70,11,118
56,3,112
116,15,114
30,1,114
68,7,117
121,14,112
62,3,114
63,5,115
10,14,112
43,0,113
24,0,116
31,15,119
20,17,118
1,12,108
87,2,110
49,13,112
45,4,112
19,5,116
28,3,115
56,2,112
40,3,114
54,7,111
42,10,114
65,4,116
64,9,116
22,2,116
62,0,113
5,3,109
101,4,109
91,7,109
111,0,114
122,2,111
57,3,112
108,13,115
79,11,115
17,5,115
69,2,116
7,8,111
26,1,115
43,0,114
15,4,114
80,12,115
119,4,112
3,13,109
72,8,118
94,6,108
57,2,112
7,4,110
100,8,110
115,3,114
62,8,115
12,0,111
125,5,110
15,1,113
118,8,113
79,12,114
90,7,109
92,10,108
22,1,116
97,8,108
70,10,118
95,14,110
58,13,113
79,14,114
1,3,106
47,7,112
107,5,113
12,16,113
90,13,109
8,7,111
29,5,115
100,9,110
118,17,113
87,1,110
56,9,112
115,6,115
126,5,110
122,6,111
79,13,115
26,14,119
35,1,113
72,14,118
34,16,118
120,0,112
27,0,115
27,1,115
74,1,117
41,2,114
63,12,116
119,7,113
114,3,115
85,10,112
103,11,112
45,2,112
38,8,116
93,16,109
104,9,112
55,17,112
92,13,108
97,3,108
33,10,116
67,15,118
63,3,115
77,8,116
62,9,115
7,1,110
51,4,110
55,3,111
77,12,116
125,12,111
44,0,113
31,5,115
2,17,108
85,1,111
10,7,112
63,7,115
105,2,111
74,5,117
4,8,109
116,13,114
10,3,111
7,5,111
55,3,112
82,4,112
73,5,118
110,14,116
74,12,116
125,12,112
93,2,109
117,13,115
12,5,112
54,3,110
73,13,118
49,17,113
78,15,115
41,14,116
110,11,114
105,2,112
113,13,115
122,17,112
111,5,115
68,11,117
