95,19,115
17,20,65
99,1,114
2,12,67
104,9,116
20,3,66
81,4,100
84,10,110
104,11,114
107,3,118
71,14,93
30,1,65
22,2,66
79,2,94
18,11,65
93,11,113
19,17,65
89,0,105
25,4,66
75,4,88
82,21,114
59,14,84
29,11,68
104,3,117
77,18,110
68,5,85
4,0,74
43,17,78
6,15,65
46,4,72
4,2,73
59,5,80
82,0,98
88,16,114
57,22,88
77,3,91
91,19,115
15,8,65
27,4,66
40,17,77
69,22,105
7,7,68
53,10,79
53,22,86
0,13,68
8,1,70
31,8,66
21,12,65
22,16,67
53,9,79
22,7,66
104,10,116
89,15,114
79,21,111
83,9,108
45,21,81
88,11,111
28,5,65
6,6,67
21,5,65
9,11,65
28,22,72
37,11,71
101,10,114
2,3,70
61,6,81
60,0,79
116,3,121
113,14,119
109,1,119
74,22,108
106,5,116
111,14,117
90,8,111
87,4,108
74,10,101
86,23,116
23,7,65
25,10,66
17,23,66
78,0,86
12,17,65
120,23,121
106,1,118
62,18,87
114,20,118
11,4,69
116,5,120
100,2,112
101,6,114
66,19,91
91,22,117
95,14,113
60,18,87
20,18,66
51,2,74
98,10,113
19,4,68
103,19,115
69,9,88
88,13,112
5,6,68
51,7,76
87,19,114
78,7,97
77,12,107
66,7,86
83,4,104
81,3,102
51,10,77
72,12,90
114,10,118
50,22,83
67,21,94
95,5,112
2,13,68
106,12,116
111,5,119
15,4,68
80,2,97
90,20,116
36,18,75
57,16,83
8,4,67
38,5,69
1,17,66
81,14,109
76,1,86
116,0,121
35,14,72
92,7,110
18,17,66
8,21,65
12,4,68
64,15,88
65,19,90
105,15,114
119,3,123
32,13,69
32,9,68
117,4,121
3,1,72
85,4,106
13,3,67
118,9,120
86,7,110
4,3,70
26,21,70
64,10,85
41,5,70
35,0,66
93,8,110
27,1,66
67,6,85
79,6,101
39,17,76
22,21,68
69,20,101
85,0,104
97,15,113
30,12,69
103,7,114
0,2,71
55,15,82
76,10,95
59,21,88
57,21,87
6,3,71
79,6,98
0,4,73
99,22,116
48,19,82
55,3,77
8,1,71
118,15,121
117,22,119
4,16,66
15,1,68
95,6,110
0,14,66
103,15,113
91,14,114
18,18,66
18,1,69
10,14,65
117,5,122
11,12,65
34,18,74
115,23,119
15,3,66
93,15,114
83,23,115
45,7,74
75,6,91
85,4,107
98,2,112
96,7,109
31,3,65
74,16,105
115,11,120
5,14,65
120,10,121
104,6,115
99,9,112
119,13,120
77,9,105
109,17,115
16,2,68
79,3,94
92,14,115
85,20,115
64,3,82
100,0,114
75,4,89
112,17,117
103,11,113
10,4,70
81,20,111
54,15,81
110,16,118
51,20,84
32,0,65
53,10,78
117,6,120
33,21,75
26,16,67
77,10,106
2,14,68
25,13,66
112,14,118
61,23,93
68,21,96
113,19,118
117,21,119
72,11,94
61,10,84
79,7,97
25,6,65
37,15,73
108,11,115
15,2,67
44,20,80
119,0,121
53,1,75
101,13,113
43,21,79
69,19,92
65,12,87
64,23,94
105,6,115
102,17,115
16,5,67
77,12,106
82,3,102
98,14,113
92,16,115
2,20,65
42,9,72
73,21,107
93,21,115
4,12,65
59,0,77
19,1,66
22,3,66
40,16,76
102,18,115
83,16,111
71,1,85
52,0,74
94,1,110
91,15,114
120,12,121
109,1,118
90,5,109
91,16,115
5,9,66
100,10,112
42,11,74
63,22,94
11,3,69
91,0,109
96,8,110
65,18,90
93,5,108
73,22,108
87,9,110
98,7,112
99,11,114
23,0,66
14,10,64
61,9,83
54,20,85
7,2,69
104,17,116
95,2,109
94,2,108
10,15,65
111,0,119
102,23,116
8,10,67
77,2,88
3,13,68
3,1,73
96,14,113
82,9,108
90,14,114
44,18,78
64,4,83
29,1,65
29,23,73
60,22,92
98,8,111
14,10,65
65,22,93
77,8,96
114,14,117
76,9,95
43,18,79
29,10,66
30,8,67
39,20,78
120,15,120
72,11,99
69,14,91
12,4,66
66,23,98
79,15,110
76,9,98
10,5,68
5,8,67
16,3,66
19,10,65
80,5,102
85,2,106
67,18,91
0,5,71
52,8,77
70,9,88
3,11,66
103,7,115
61,15,86
42,7,72
21,18,67
95,15,115
54,9,79
86,1,105
118,7,121
58,16,84
41,15,76
102,22,117
41,5,71
105,20,116
9,0,72
77,1,88
73,7,89
36,1,67
7,0,71
110,7,117
87,12,112
30,9,66
35,18,75
62,10,83
65,7,85
31,2,66
33,16,72
5,0,71
50,0,73
12,0,70
32,10,68
55,10,80
25,5,65
87,11,111
73,15,104
113,7,119
13,6,66
82,19,112
41,2,70
38,11,72
26,0,66
82,3,105
36,5,68
51,17,81
7,10,67
51,1,74
81,0,95
106,15,114
103,0,115
114,2,121
112,8,119
74,8,90
94,12,113
16,2,67
13,13,65
13,21,65
26,2,66
0,8,69
8,14,66
63,20,90
77,8,99
98,9,113
67,0,83
7,19,65
87,5,109
46,3,72
70,9,89
6,11,66
89,13,113
2,1,72
80,8,105
107,0,118
73,17,105
102,3,114
74,3,88
34,7,67
76,3,88
6,10,65
109,2,117
16,23,66
97,13,112
37,5,69
22,21,69
77,8,102
1,11,66
71,16,92
47,6,73
70,15,92
64,20,89
71,15,96
101,10,115
79,21,112
77,9,93
76,1,87
0,5,70
30,3,65
115,9,119
45,1,71
30,12,68
33,22,75
105,2,117
82,23,115
71,2,86
113,8,118
60,6,80
94,1,109
16,5,65
91,3,106
45,8,73
104,4,114
114,12,119
15,17,65
2,14,65
69,21,105
50,5,74
57,20,86
38,1,67
11,10,66
32,21,73
30,21,72
87,6,108
93,2,107
100,3,112
43,23,81
81,6,105
59,0,78
104,7,115
80,16,110
54,5,77
2,4,70
99,1,113
74,10,94
57,15,83
60,16,86
116,4,121
29,4,67
22,15,65
26,11,66
107,20,116
94,13,113
24,15,66
59,17,85
100,12,112
81,0,96
23,2,65
73,22,109
25,16,67
10,4,67
80,0,92
73,11,92
26,23,72
71,15,98
78,7,102
117,9,121
7,0,73
43,19,78
18,1,67
106,4,115
12,1,70
94,0,110
11,21,65
55,13,82
108,18,116
111,14,116
85,18,113
113,2,119
8,6,69
74,20,109
65,9,86
5,12,67
17,16,65
88,15,115
19,8,65
71,13,90
77,8,95
61,23,95
22,0,67
41,16,75
70,6,88
33,23,76
69,20,97
53,23,85
78,6,102
0,7,68
62,13,84
76,4,90
63,4,81
45,22,81
41,10,72
6,14,65
110,8,118
90,13,114
93,5,111
98,1,111
43,4,71
2,4,71
8,15,65
0,13,67
88,17,114
55,20,85
38,9,70
73,11,103
21,7,66
4,22,65
47,14,77
104,16,114
114,19,119
5,13,66
113,18,117
113,16,118
86,0,105
107,11,117
118,3,121
98,7,113
48,12,78
23,21,69
98,23,117
92,8,110
20,8,65
115,5,122
12,1,71
20,17,65
11,5,66
57,4,78
120,5,122
21,10,65
76,5,90
71,21,106
33,19,73
101,3,113
76,18,107
48,21,83
62,8,82
103,11,114
42,6,71
35,12,70
72,22,107
1,6,70
96,13,112
115,16,118
3,15,65
8,8,68
12,1,69
103,9,114
74,4,89
9,0,70
9,9,66
17,0,67
75,11,103
93,1,108
96,11,113
78,13,107
74,9,91
95,16,115
0,19,65
6,4,70
2,13,67
40,18,76
13,17,65
4,9,67
69,19,97
112,17,118
55,21,85
41,9,73
63,22,93
60,23,93
13,6,68
63,23,95
78,20,112
32,4,65
73,11,95
13,15,67
28,14,69
61,20,89
85,14,113
27,7,65
93,18,114
76,1,88
7,11,65
50,0,72
29,15,69
48,6,75
80,2,96
69,23,105
62,16,86
9,6,69
45,17,79
116,4,120
60,22,89
80,10,107
48,20,82
75,1,87
1,3,73
34,1,66
98,20,116
82,1,96
67,0,82
11,3,70
100,15,114
114,6,119
50,15,80
60,10,83
97,0,111
61,0,79
40,0,68
99,0,112
80,5,100
58,10,81
105,7,115
21,9,65
14,0,71
79,20,110
58,4,78
101,19,116
78,5,91
13,2,68
100,8,114
7,14,64
7,14,65
61,11,84
77,9,94
93,3,107
68,2,84
74,10,102
97,10,112
58,22,88
5,3,69
34,13,70
12,18,65
17,8,65
54,13,80
97,7,110
3,6,70
0,23,65
72,15,103
68,23,105
110,18,117
79,4,95
77,8,100
38,14,74
98,3,113
80,4,100
67,7,85
116,10,119
49,1,72
33,19,74
1,1,72
82,13,109
100,6,113
104,19,115
0,9,69
11,1,69
1,9,70
64,18,89
26,18,69
69,13,89
84,9,109
47,7,74
46,19,81
94,8,112
21,12,66
30,18,70
108,8,117
7,16,67
53,16,81
75,17,108
72,12,98
118,12,121
77,23,110
108,15,115
50,7,76
46,0,70
68,13,89
39,2,68
39,21,77
95,5,111
70,5,87
58,9,81
68,15,90
73,5,88
26,3,65
16,18,65
4,0,71
28,13,67
36,13,71
59,2,79
84,2,103
24,23,71
45,19,79
60,8,81
14,18,65
19,4,66
22,0,66
98,12,113
82,3,103
66,4,83
36,16,73
116,4,122
35,17,74
42,15,75
29,19,70
12,2,68
36,0,66
83,17,112
4,6,69
34,20,74
36,10,70
84,2,102
77,8,93
53,11,80
98,1,112
92,0,108
4,8,68
81,5,105
101,23,117
105,16,114
44,16,78
44,9,73
61,10,83
68,7,87
117,4,122
6,9,66
67,1,83
68,0,83
10,4,69
84,11,110
84,1,101
29,7,66
66,6,85
56,7,79
72,12,94
32,2,66
77,2,90
109,9,116
117,7,120
86,0,104
95,13,113
75,14,105
43,8,72
61,13,84
68,12,88
6,17,67
46,8,74
44,14,76
65,16,88
63,22,90
75,5,89
88,4,108
73,17,106
57,9,81
40,5,69
108,18,115
5,1,71
59,23,96
41,4,70
108,16,117
70,10,89
36,14,73
9,4,68
11,6,67
83,2,100
23,18,67
89,1,105
82,15,111
105,22,116
80,15,110
77,1,87
83,18,112
55,8,79
2,3,71
77,19,110
99,6,113
73,13,104
79,19,111
43,20,80
105,14,114
73,5,89
18,4,68
79,7,104
31,4,66
75,23,110
65,12,86
83,20,114
2,15,65
31,0,65
63,13,86
32,18,72
86,11,112
82,6,107
70,16,96
23,7,66
60,9,83
85,5,108
59,14,85
109,15,117
63,23,92
76,10,98
76,10,94
74,10,99
94,8,110
84,0,101
108,11,117
98,8,113
72,17,106
87,15,113
8,6,67
72,12,102
79,20,112
55,9,80
8,8,66
66,12,88
3,3,71
7,9,68
6,7,66
60,13,83
88,10,111
102,8,114
18,6,67
76,9,97
81,0,90
40,6,70
63,9,84
119,5,121
56,23,88
72,12,99
35,11,71
16,6,67
42,21,80
56,1,76
3,7,69
6,22,65
120,22,121
1,9,67
98,3,111
34,15,72
119,3,122
111,12,117
104,1,116
15,9,67
119,16,121
71,19,105
37,6,69
6,12,65
73,6,89
79,6,104
46,15,77
108,6,116
16,11,65
112,1,120
60,5,80
62,16,87
28,10,66
8,9,67
71,16,105
5,2,69
44,19,79
56,19,86
10,6,68
109,16,117
64,14,87
10,8,67
114,0,121
71,23,106
83,2,102
33,14,71
47,17,80
14,1,67
38,20,77
65,23,95
96,6,110
33,14,70
69,19,100
51,19,82
2,3,72
65,23,97
14,23,66
120,21,121
49,11,77
104,3,116
113,14,118
52,17,82
83,2,99
68,4,85
23,10,65
42,3,70
53,1,74
69,0,84
60,18,86
115,13,118
76,16,106
78,7,95
58,23,96
96,19,115
99,17,115
13,10,65
97,22,116
103,8,113
116,11,120
44,14,77
82,3,104
87,14,113
61,18,87
81,20,113
74,17,106
71,8,88
27,9,66
32,2,68
97,23,117
0,2,73
99,2,112
78,22,110
55,23,86
14,8,66
73,4,88
78,7,99
40,0,69
78,7,96
57,14,82
2,16,66
68,21,99
65,22,94
43,9,74
80,5,103
75,15,106
15,4,67
21,20,67
78,11,106
75,22,110
50,14,79
46,12,76
3,9,66
39,14,74
106,1,116
68,20,94
15,0,69
56,6,79
108,9,116
1,21,65
103,12,115
37,17,74
92,0,109
5,6,67
96,2,109
107,3,116
84,10,109
99,3,112
79,2,90
80,4,95
14,5,68
69,18,101
83,11,110
21,17,66
69,0,83
53,0,74
41,6,71
102,23,117
94,18,115
54,22,86
59,8,80
58,15,84
31,6,66
12,7,66
104,1,115
26,1,66
70,18,98
75,10,103
108,7,117
21,22,69
57,11,82
14,9,66
46,0,71
117,22,120
117,18,119
45,10,75
58,9,80
13,2,69
108,13,116
115,1,121
36,21,76
8,14,65
22,7,65
97,12,113
108,12,115
110,4,118
94,0,109
108,23,117
70,13,90
56,14,83
29,7,65
73,2,87
58,6,80
76,10,99
36,12,71
66,13,87
69,2,84
65,13,86
12,13,65
66,6,84
13,4,68
19,22,67
110,2,119
55,17,84
58,4,79
29,12,68
89,17,115
93,13,114
96,5,109
50,17,80
6,7,69
22,22,68
32,0,66
76,4,89
48,3,73
3,7,68
77,23,111
4,7,69
111,2,118
80,18,110
52,12,79
8,1,72
1,21,64
108,17,116
23,14,65
86,9,110
70,23,107
67,4,85
16,9,64
81,14,110
42,5,71
107,5,116
60,6,81
22,17,66
72,21,105
55,4,77
114,10,119
110,16,116
32,2,65
22,15,66
62,12,85
5,8,69
76,19,110
86,23,117
101,17,114
27,16,68
29,17,70
97,8,111
62,0,80
74,10,93
31,9,67
109,0,120
68,23,103
112,2,120
52,15,80
108,2,118
63,16,87
6,10,68
55,6,78
67,20,92
102,4,114
71,13,92
86,21,116
2,19,65
12,16,65
14,1,69
43,6,72
25,19,68
0,16,67
102,1,115
99,9,114
113,12,118
111,22,117
23,11,65
93,5,110
94,3,108
61,0,78
116,12,119
26,16,68
74,14,104
20,3,65
100,1,113
72,6,88
20,20,66
100,4,113
33,20,73
68,22,94
61,11,83
67,3,84
86,5,107
40,12,73
105,3,116
80,0,91
4,16,64
70,8,87
32,19,72
82,10,110
77,15,107
84,18,113
112,14,116
116,23,120
24,8,65
43,1,70
119,21,121
71,16,104
68,21,94
19,4,65
93,8,111
18,5,66
106,22,117
107,6,116
9,1,71
27,4,65
59,17,86
14,19,65
107,22,116
64,18,88
28,22,71
112,6,119
71,14,100
88,14,114
104,16,115
66,18,89
105,9,115
97,9,111
98,10,114
77,18,108
111,21,117
112,9,119
67,23,101
100,22,117
69,8,87
85,19,114
20,19,67
59,18,86
72,10,91
100,13,114
96,23,117
41,18,78
94,6,110
25,0,66
2,19,64
58,3,79
88,1,106
5,7,70
18,9,66
43,23,80
49,6,76
7,5,70
52,13,79
97,16,115
26,1,65
5,4,69
18,17,65
68,21,102
80,12,108
31,7,66
109,8,116
71,15,104
57,19,85
84,7,107
111,7,119
53,19,83
37,3,67
31,19,72
82,6,105
72,22,108
57,17,85
61,1,79
114,21,118
5,6,69
105,11,115
66,3,84
9,23,65
105,21,116
81,11,108
78,21,111
53,14,80
103,13,113
117,16,120
49,5,74
96,3,109
51,15,80
72,16,105
117,10,121
118,4,122
70,1,85
71,16,96
104,21,116
56,20,85
79,16,109
77,20,109
105,16,115
5,7,68
25,21,70
96,8,112
97,21,116
29,6,65
83,21,113
22,3,67
32,12,70
5,11,67
66,8,86
10,21,65
8,9,66
95,0,110
34,23,76
0,16,64
53,7,78
104,19,114
25,3,65
27,0,68
14,6,67
1,12,68
16,9,66
0,4,70
85,0,101
100,17,114
115,1,120
48,2,73
120,8,122
76,14,107
18,7,67
59,20,88
83,10,110
62,9,84
80,0,87
25,9,66
73,12,94
11,4,68
120,0,121
17,1,68
111,13,116
40,23,79
49,20,83
100,16,114
77,3,89
37,13,72
97,6,112
76,21,108
38,13,73
110,8,117
84,14,111
112,21,118
95,3,111
9,2,69
57,18,85
68,4,84
47,4,72
17,22,67
43,16,76
88,8,111
62,0,79
100,9,113
73,11,99
103,16,114
101,2,115
29,15,70
68,8,86
67,4,84
73,21,108
91,17,115
31,23,73
67,11,88
61,3,81
65,3,83
108,20,116
18,19,65
111,3,118
8,6,68
102,14,113
40,20,78
80,7,105
28,23,73
112,22,118
83,15,111
80,1,91
34,12,71
98,17,115
18,20,66
13,12,65
101,10,113
35,11,70
89,20,115
11,5,68
58,22,89
18,21,66
96,2,112
56,10,80
88,15,113
6,21,65
94,3,109
80,12,109
10,23,65
17,5,66
44,4,71
3,2,72
96,0,110
98,4,112
35,20,74
96,17,115
93,3,109
93,3,108
101,5,113
72,18,105
90,0,106
105,3,117
113,3,120
92,6,110
78,1,88
75,14,106
25,23,70
72,2,86
14,21,65
110,7,119
11,10,67
21,16,65
56,9,80
95,15,113
119,10,121
11,16,66
100,1,112
69,20,104
98,21,116
87,7,109
10,19,65
102,15,114
4,21,65
9,5,68
38,0,68
55,23,91
119,1,122
54,17,83
24,13,66
78,8,104
13,14,65
10,5,69
64,12,85
111,6,119
58,23,92
100,21,116
77,3,92
85,14,111
70,17,105
77,22,109
10,6,69
12,4,69
58,22,91
0,9,67
68,19,97
53,16,83
66,21,91
65,10,86
50,19,82
80,1,89
72,13,93
47,2,72
58,7,79
24,9,65
19,19,66
96,0,111
89,4,108
92,5,109
18,4,67
5,17,66
114,16,118
7,20,65
70,20,104
84,2,101
117,14,119
45,3,71
21,13,65
101,18,115
83,5,106
4,8,67
106,2,117
81,17,111
92,2,110
26,20,70
13,10,66
41,0,68
36,16,74
88,4,107
112,16,118
24,16,67
3,13,65
6,18,65
119,0,122
102,22,116
49,10,77
9,8,66
100,0,112
68,15,89
96,18,116
96,12,113
10,5,67
86,17,114
118,2,121
95,4,109
111,4,119
15,7,66
8,3,69
49,4,73
29,5,67
26,0,65
104,10,115
101,3,115
13,2,70
23,2,66
101,1,113
110,22,117
81,8,107
6,4,69
115,10,119
28,6,66
29,18,70
89,19,116
9,9,65
106,5,115
76,10,102
70,17,91
94,4,108
89,5,110
43,13,75
73,18,107
116,5,121
1,8,69
108,2,117
68,17,90
88,23,117
111,17,116
62,4,82
100,18,116
13,1,70
28,2,66
90,2,107
0,14,67
115,9,121
92,13,114
89,14,114
24,6,65
19,3,67
16,6,65
85,12,112
70,15,100
74,21,109
82,21,112
42,12,75
19,20,67
47,11,75
46,22,81
113,6,119
82,3,98
15,10,67
89,16,114
7,13,65
97,6,110
59,11,82
101,6,112
5,8,68
76,8,91
29,22,72
54,14,81
99,5,111
20,23,67
51,7,77
106,23,116
57,1,77
70,14,90
111,1,118
92,9,112
96,5,111
120,8,121
1,6,69
102,2,115
40,1,69
11,22,65
65,14,87
72,11,90
107,0,116
59,22,94
35,6,68
4,6,70
24,1,65
100,5,114
63,5,82
42,0,69
115,12,118
6,0,71
17,7,65
49,21,83
5,12,65
68,23,104
82,16,111
14,4,68
34,4,67
45,2,71
53,23,86
49,9,77
115,6,120
72,20,105
49,2,73
34,11,70
107,8,115
81,0,94
38,23,79
70,21,104
8,5,69
50,1,73
120,1,121
111,10,117
117,3,122
87,4,107
74,11,97
17,2,68
12,20,65
99,8,112
39,3,68
105,1,117
101,7,114
82,5,106
50,13,78
92,17,114
65,9,85
31,20,73
20,6,66
57,13,83
49,13,78
117,16,119
79,19,110
41,18,77
6,2,72
56,11,80
108,23,118
56,18,85
61,8,83
4,0,73
78,3,90
104,23,116
103,12,114
22,2,67
50,12,78
11,12,66
24,9,66
68,22,98
108,3,116
63,23,97
64,23,95
55,6,77
70,15,101
66,14,87
91,10,113
51,6,75
111,5,118
96,4,111
72,17,104
21,0,66
37,8,70
18,0,68
64,6,84
86,4,107
118,1,121
72,12,103
38,3,69
74,0,86
34,1,67
35,2,67
36,23,77
11,0,71
10,11,65
50,17,81
64,1,81
91,1,107
26,12,66
113,19,117
17,3,67
117,10,120
23,21,68
37,15,74
7,18,65
76,23,109
102,6,113
71,15,91
64,23,93
33,11,70
69,18,103
38,15,73
69,6,86
95,17,114
94,21,115
75,20,108
78,16,109
93,15,115
71,20,106
20,7,66
66,11,87
2,14,66
4,10,66
116,10,120
51,10,78
106,8,117
7,17,64
78,10,105
56,0,75
78,17,110
46,20,80
35,1,66
28,15,68
62,22,89
6,17,66
42,4,71
106,20,116
4,12,66
13,0,69
77,9,95
76,0,87
113,9,119
75,10,94
0,12,68
73,20,106
80,13,109
20,15,65
102,9,113
97,19,115
7,15,67
100,3,114
70,22,106
48,23,83
11,5,69
82,14,110
58,22,90
112,18,119
78,4,91
92,4,107
59,8,81
9,0,71
7,18,64
52,18,82
115,11,119
95,18,114
26,23,71
103,14,113
92,3,109
11,18,65
35,13,71
80,5,97
30,19,72
11,2,70
104,14,113
50,8,77
4,5,68
29,1,68
27,15,67
54,19,85
72,12,95
72,11,100
1,10,67
45,20,81
13,10,64
74,5,90
99,3,114
12,14,66
70,17,96
74,13,106
60,2,80
42,12,74
108,0,117
48,6,74
115,18,119
76,8,93
92,9,113
18,2,68
76,9,99
52,18,83
110,10,118
58,21,88
32,4,66
73,10,91
40,4,70
0,1,72
69,23,106
83,0,97
54,21,86
27,19,70
107,16,114
2,14,67
87,10,111
83,3,104
76,21,109
49,15,80
101,15,114
114,18,118
2,2,71
102,4,115
6,3,70
35,5,67
36,15,73
26,21,71
11,12,64
50,10,78
39,5,70
39,6,70
8,7,68
106,1,117
118,16,120
44,15,77
70,8,89
56,15,83
67,10,86
113,1,120
40,21,78
15,11,65
74,10,103
2,23,65
38,18,76
83,7,108
104,12,113
39,15,74
21,21,67
72,13,101
12,7,67
75,23,109
82,2,98
18,3,68
30,13,68
60,16,85
58,23,91
106,0,118
52,21,85
7,16,64
14,14,65
80,1,95
71,8,89
73,0,86
58,17,85
86,2,106
69,20,103
68,22,104
6,8,67
30,5,67
91,1,106
60,2,79
71,12,90
51,12,78
18,6,66
14,20,65
100,10,114
42,14,76
51,3,75
52,8,78
43,7,72
29,4,65
45,7,73
117,9,122
82,2,103
72,13,97
30,21,73
69,5,85
88,6,110
60,23,97
46,17,80
69,16,90
2,9,70
55,14,83
38,12,72
118,1,122
8,6,66
37,12,71
86,18,114
73,3,87
8,2,70
91,1,108
68,20,93
83,13,110
67,16,89
1,11,69
75,13,106
18,22,67
4,7,70
104,0,115
110,18,116
21,4,66
44,23,82
80,21,111
32,23,75
71,17,105
75,20,109
72,15,104
95,0,109
66,10,86
14,4,67
27,14,67
48,15,79
59,22,93
89,2,105
113,12,117
45,20,80
19,3,65
75,8,92
85,12,111
55,11,81
30,2,65
46,9,74
55,22,87
54,4,76
5,11,68
22,6,66
87,2,106
82,5,105
68,20,102
119,8,122
47,15,79
85,8,109
32,17,72
66,8,85
2,1,74
80,3,96
52,0,73
12,3,70
73,9,91
20,4,66
111,8,118
115,21,119
103,4,114
83,2,103
87,9,111
27,22,72
13,6,67
3,8,68
84,1,102
100,8,113
95,8,110
63,1,80
84,2,105
29,16,69
118,22,121
4,8,69
63,7,83
15,23,66
52,3,75
73,18,106
68,20,98
2,20,64
53,13,81
4,1,73
99,1,111
85,13,111
1,3,71
84,23,115
95,22,115
33,18,72
62,8,83
3,11,65
49,8,76
102,12,114
34,13,71
6,9,68
24,18,68
103,15,114
27,13,67
82,3,100
35,8,69
14,7,68
66,23,101
44,17,79
82,12,108
97,4,111
55,4,76
75,10,92
49,6,74
21,0,67
25,22,70
90,6,110
110,23,118
24,0,65
15,10,64
10,7,66
69,10,89
82,11,110
74,13,104
4,11,66
44,8,73
78,23,112
8,23,65
74,18,106
35,19,74
67,22,103
113,10,118
97,11,113
67,22,101
14,6,66
85,5,107
113,13,118
47,6,74
31,11,69
89,5,108
43,5,71
107,13,115
117,1,122
70,20,105
107,9,115
64,15,87
117,0,121
20,16,65
41,15,75
68,11,88
106,4,116
110,13,117
97,7,111
71,12,91
92,1,109
8,5,67
10,0,72
19,20,66
109,5,117
12,9,66
104,10,114
69,18,92
86,10,111
70,17,104
51,22,85
87,21,116
13,15,66
99,13,113
83,21,114
38,4,69
13,0,68
103,13,114
49,0,73
88,13,113
27,8,66
59,19,86
112,16,117
80,5,96
104,4,116
47,3,72
34,6,67
55,19,84
7,12,65
11,2,71
8,13,65
14,3,68
67,14,89
4,20,65
25,18,68
80,21,113
109,10,118
70,16,102
89,4,109
12,3,68
85,16,114
49,13,79
58,2,78
0,16,66
26,13,66
58,21,89
79,1,87
24,0,66
13,20,65
97,4,113
104,8,114
71,15,97
74,19,108
90,9,112
88,2,106
32,3,65
21,4,65
115,5,120
77,8,104
69,20,94
56,12,81
86,13,111
40,13,73
95,13,114
76,16,108
79,7,103
57,7,80
53,12,79
67,21,91
13,5,66
54,7,77
69,3,86
71,4,87
92,12,113
88,19,115
60,20,88
60,23,96
62,21,89
75,9,94
101,0,114
63,13,85
106,19,115
31,21,72
7,22,65
54,16,82
15,12,65
78,13,108
14,6,65
65,17,89
29,4,66
44,11,74
77,0,86
8,4,70
109,15,116
90,9,111
40,9,71
19,0,69
112,19,117
90,15,114
90,4,107
30,4,68
118,10,121
79,5,94
118,12,120
119,6,121
15,9,66
25,7,65
39,10,72
3,10,66
72,14,94
102,3,113
2,12,68
62,22,91
82,21,113
91,10,112
89,4,107
28,10,67
68,14,89
120,16,120
78,4,94
111,1,119
3,11,67
56,4,77
114,12,118
67,22,102
3,6,69
29,14,69
82,5,104
10,8,65
71,14,103
57,16,84
44,19,80
0,10,68
30,4,65
52,14,81
114,4,119
37,21,76
43,1,69
42,1,69
56,12,82
10,15,66
76,9,93
92,13,113
31,1,65
19,7,65
41,11,73
84,13,111
57,2,78
84,2,104
114,6,120
60,22,91
71,20,104
40,8,71
34,23,75
91,21,116
4,5,70
86,3,106
99,12,112
97,8,110
77,13,106
43,18,78
44,13,76
85,23,115
14,0,69
76,18,108
3,12,68
102,15,115
53,18,83
62,22,93
11,16,67
29,12,67
31,12,68
63,23,93
18,5,67
41,22,79
27,21,71
82,18,112
83,8,107
79,22,111
115,7,120
90,6,108
72,13,92
73,10,90
75,10,102
84,12,110
17,11,65
84,0,102
69,15,91
24,11,66
1,17,64
111,14,118
0,22,64
77,8,94
77,19,109
34,10,70
72,15,105
111,9,118
8,8,67
36,9,70
114,23,118
98,4,113
77,16,107
107,1,118
3,16,66
78,5,93
96,20,115
45,6,73
70,17,92
17,2,67
100,1,114
77,1,89
108,19,116
82,15,110
82,16,110
12,2,69
98,2,113
104,17,114
95,21,116
76,20,109
112,19,118
56,5,78
28,16,69
30,20,71
98,5,113
42,6,72
87,6,109
107,19,115
39,16,75
4,13,66
27,16,69
18,20,65
40,10,72
59,10,82
90,5,110
120,3,122
31,15,70
82,10,109
18,16,65
67,21,102
53,16,82
65,11,86
80,4,103
22,11,65
72,9,89
67,17,90
89,19,115
25,21,69
24,6,66
90,2,106
109,11,117
101,11,112
56,17,84
116,6,121
1,9,69
52,2,75
66,9,86
19,23,67
30,0,65
17,6,65
118,10,120
21,23,68
53,8,78
76,17,107
117,13,119
7,5,68
60,8,82
94,1,108
39,19,77
83,19,113
1,16,66
20,23,68
37,22,76
19,22,66
112,13,116
68,11,89
21,2,68
83,17,111
80,4,102
69,19,99
107,2,118
6,13,66
1,4,73
75,10,97
1,15,67
67,1,82
90,6,109
68,21,95
119,20,121
7,3,71
109,17,116
89,2,106
38,19,77
90,11,112
12,8,65
31,0,66
27,1,67
46,14,77
0,20,65
63,23,94
57,10,80
14,11,65
100,0,113
110,3,118
89,7,110
103,7,113
46,22,82
6,5,70
62,10,84
104,6,114
57,21,86
92,10,112
48,16,79
0,20,64
104,2,116
81,3,98
3,23,65
87,5,107
27,19,69
76,10,100
64,17,89
98,7,111
23,20,68
0,12,67
1,6,72
48,4,73
25,16,68
67,16,90
24,2,66
17,3,68
70,17,97
28,6,65
116,3,120
91,4,107
69,11,88
76,11,105
89,8,111
65,23,93
80,18,111
15,7,65
6,15,67
112,14,117
44,12,76
40,12,74
45,9,73
101,21,116
53,23,87
11,7,65
78,6,94
87,16,114
86,10,110
31,15,71
77,8,103
20,10,65
10,10,66
76,2,88
44,17,78
84,0,97
86,8,109
26,5,65
63,8,83
4,16,67
92,11,112
65,7,84
58,8,81
58,2,77
29,13,68
33,6,66
73,2,86
96,2,110
30,17,70
98,14,114
106,14,114
108,8,116
10,4,68
95,23,116
84,13,110
80,4,96
77,9,101
27,23,71
32,11,68
71,14,98
3,15,67
40,2,68
92,10,111
3,8,70
79,5,101
70,15,102
94,10,113
0,15,66
23,6,66
5,9,69
92,18,114
105,4,116
91,1,109
83,8,108
83,22,114
0,7,69
92,14,114
82,1,98
13,1,68
116,15,119
46,7,74
6,16,67
17,22,66
48,15,78
108,0,119
86,16,114
43,0,70
67,9,86
84,17,112
43,14,76
4,9,66
62,7,83
35,23,77
57,3,77
23,12,65
76,9,102
19,2,67
90,10,111
37,5,68
31,3,66
78,15,108
75,6,90
78,8,103
93,22,115
97,9,110
51,20,83
14,2,69
33,10,69
48,21,82
78,8,102
78,0,87
25,22,71
86,12,112
8,11,65
59,22,89
89,11,112
115,4,121
37,16,74
99,15,114
20,1,67
92,9,111
43,22,80
99,3,111
14,12,65
82,20,112
5,11,65
82,12,109
5,5,68
26,9,66
40,19,78
37,21,77
99,4,114
16,17,65
16,13,65
52,14,80
48,7,75
78,12,106
18,7,66
49,21,82
12,11,66
85,3,105
54,8,78
42,9,73
63,21,89
22,1,66
57,7,79
88,15,114
101,9,114
74,10,92
70,22,105
24,22,69
72,16,104
61,8,82
9,19,65
34,0,66
33,18,73
105,2,115
58,18,86
92,6,109
37,4,68
38,21,78
50,3,74
17,23,67
49,12,77
111,11,117
3,12,66
37,19,76
98,0,113
4,3,72
25,17,67
31,7,67
93,11,112
83,3,103
55,7,79
12,6,65
91,9,112
110,15,117
77,2,87
117,10,122
71,16,98
84,16,113
58,17,86
2,10,68
3,20,65
75,9,93
74,10,96
5,10,66
94,22,116
12,6,68
14,11,66
67,2,84
26,17,68
49,17,80
101,0,115
113,2,121
7,9,66
2,0,74
112,0,121
45,1,70
109,2,118
68,19,100
67,21,93
74,11,103
100,9,114
12,10,65
51,14,80
103,18,114
1,0,72
44,9,74
40,21,79
95,16,113
50,10,77
59,23,94
51,14,79
74,9,92
102,14,114
8,16,64
101,10,112
53,5,77
61,15,85
70,5,86
98,15,113
2,6,68
105,13,115
115,3,120
89,5,109
59,9,81
55,21,86
1,14,66
51,11,79
101,1,114
25,20,69
64,16,88
13,9,65
67,7,86
24,20,68
42,17,78
107,16,115
2,9,68
101,11,114
111,6,118
119,21,120
3,2,70
15,18,65
70,16,97
75,10,93
3,2,71
29,5,68
45,11,75
86,7,108
21,1,67
2,22,65
30,23,74
71,14,101
18,14,65
64,12,86
105,5,116
76,11,104
47,19,80
99,2,113
39,12,73
11,8,66
1,0,75
38,8,71
54,23,86
109,12,117
76,3,89
1,16,65
41,6,70
46,23,82
8,16,65
75,17,106
83,3,105
99,10,114
102,20,116
108,21,116
114,2,120
90,3,108
71,14,92
5,8,66
92,2,108
37,23,77
87,23,116
3,21,65
120,17,120
59,6,81
49,10,76
107,12,117
36,17,75
68,20,99
74,22,109
3,21,64
96,19,116
54,22,85
14,6,68
12,0,68
55,16,82
23,15,67
15,19,65
62,7,82
102,10,113
109,6,118
4,10,65
82,4,104
61,22,92
55,16,83
105,19,115
114,3,120
93,6,109
71,2,85
114,8,120
52,4,76
5,10,68
50,21,84
0,7,70
79,8,104
56,8,79
79,7,96
105,0,118
54,5,76
10,15,64
99,7,111
64,11,85
47,11,76
22,12,66
57,23,93
52,10,79
99,10,112
105,13,114
1,23,65
71,19,104
78,20,110
73,20,107
76,0,86
81,12,109
52,15,81
18,7,65
51,21,84
23,16,67
7,8,65
63,10,84
40,20,77
83,11,109
68,21,97
94,17,114
76,6,90
113,5,120
65,2,83
113,18,118
93,10,112
111,4,118
107,17,115
22,9,65
3,19,65
83,2,104
96,15,113
117,20,119
60,21,88
23,6,65
48,0,71
106,18,116
96,10,111
38,2,68
58,1,77
103,6,116
52,9,78
21,8,65
5,1,73
45,23,82
32,22,74
80,6,104
80,14,109
75,12,104
109,22,117
111,2,119
115,14,119
70,17,103
0,11,68
90,22,116
59,12,83
35,19,75
28,23,72
3,13,67
72,21,106
16,22,65
14,2,67
68,19,101
81,7,105
45,18,79
12,5,66
13,3,68
68,14,90
66,7,84
72,13,95
64,23,96
58,5,80
24,19,69
71,16,93
112,12,118
62,23,95
91,18,116
119,14,121
17,19,66
18,23,66
52,5,75
71,17,94
44,0,69
82,20,114
0,1,75
45,4,71
65,22,92
71,15,95
70,18,93
7,7,69
93,4,108
70,18,104
119,7,121
13,14,66
29,6,66
61,19,87
3,3,70
111,3,119
94,15,114
21,15,65
9,10,66
41,20,78
98,6,111
44,4,72
19,4,67
100,13,113
76,8,92
104,13,115
79,11,107
116,19,120
49,6,75
4,7,67
77,7,92
100,4,112
19,1,67
5,18,65
29,1,67
55,9,79
54,15,82
81,22,114
9,2,71
1,17,65
96,1,111
1,0,73
0,8,68
10,8,66
50,13,79
28,17,70
50,6,75
69,11,89
34,4,66
46,6,74
61,4,81
32,3,66
58,13,83
78,12,107
63,3,82
120,18,121
106,20,115
39,17,75
75,21,108
107,10,115
91,20,115
78,7,104
51,15,81
74,14,105
109,1,117
90,17,115
81,15,110
90,21,116
72,3,87
32,7,67
71,18,105
14,7,65
70,16,93
46,8,75
34,20,75
111,21,118
62,17,87
41,13,75
1,2,74
110,19,118
0,7,71
98,2,111
29,0,68
61,23,94
119,23,120
7,16,65
3,17,64
61,23,98
110,17,116
8,19,65
0,13,65
24,18,67
73,11,98
12,5,69
98,11,111
89,13,114
18,0,67
76,19,109
116,13,118
15,5,68
102,11,112
95,12,112
80,1,90
52,6,77
5,2,72
71,9,90
53,17,82
30,3,66
5,4,71
70,0,85
79,22,112
73,23,108
6,1,70
71,14,94
13,14,67
85,21,115
51,16,81
64,13,86
22,22,69
69,1,85
37,13,73
63,2,81
73,19,107
4,13,65
74,5,89
78,7,91
30,19,71
11,17,65
47,23,83
68,21,100
8,12,66
9,8,67
86,22,116
92,4,108
104,2,117
105,8,116
64,2,82
51,5,76
70,20,106
11,19,65
119,12,121
79,6,96
87,17,114
49,5,75
48,0,72
8,0,72
65,20,90
93,10,113
69,18,98
119,19,121
27,0,65
68,20,100
99,7,112
19,17,66
12,19,65
43,15,77
110,22,118
19,11,65
102,9,114
88,20,115
54,13,81
5,22,65
90,19,116
9,15,65
120,1,122
114,15,118
57,23,90
79,1,92
102,2,113
28,3,66
107,8,116
37,2,68
85,10,110
87,14,112
4,3,69
79,6,95
109,16,115
32,14,71
9,3,70
73,11,94
94,9,113
111,19,118
98,13,113
3,14,65
54,18,83
72,11,92
22,14,66
65,8,85
73,9,90
36,3,67
5,16,64
8,9,65
108,17,115
103,20,116
2,18,65
10,9,66
43,2,71
60,12,83
2,4,69
38,10,72
82,8,108
69,18,94
1,22,64
108,14,116
45,6,72
85,4,108
24,14,67
48,17,79
79,10,105
110,13,115
77,9,98
84,18,112
58,13,82
114,14,118
71,13,103
45,21,80
8,0,70
119,20,120
96,16,114
57,17,84
63,18,88
48,18,81
110,1,118
28,18,69
38,19,76
34,12,70
63,6,82
87,1,105
69,12,89
33,1,66
107,9,116
95,10,111
16,10,65
15,2,69
43,7,73
67,23,98
18,6,65
1,0,74
63,14,86
48,9,76
103,3,114
113,23,119
54,10,79
1,7,70
67,14,88
77,11,105
83,18,113
6,11,65
25,10,65
86,7,109
60,10,82
25,11,66
81,4,98
104,7,114
38,0,67
85,0,100
54,9,78
25,1,65
56,1,77
97,11,112
38,21,77
115,19,119
84,21,114
77,0,87
21,21,68
17,21,65
75,23,108
25,14,67
79,1,93
67,23,103
4,12,67
110,0,118
62,20,89
10,17,66
93,5,109
2,7,69
8,7,67
120,14,121
98,23,116
25,12,66
92,11,113
103,17,115
42,11,73
54,1,75
15,22,65
96,22,116
118,13,120
75,16,106
94,14,113
84,9,108
54,23,87
82,10,108
94,16,114
97,23,116
100,5,112
35,18,74
117,0,122
103,9,115
17,15,65
78,14,108
97,7,112
5,15,66
76,20,110
114,5,119
78,4,90
107,13,114
86,1,104
112,20,117
28,8,66
67,8,86
97,20,117
6,13,65
29,5,66
108,9,117
7,6,69
67,13,88
6,14,66
34,18,73
42,10,74
66,17,90
36,15,72
90,2,109
49,23,85
116,7,121
50,16,81
112,23,119
72,13,98
66,23,96
45,11,74
30,5,68
103,13,115
68,9,88
120,14,122
77,5,91
113,18,119
12,7,68
69,19,91
16,14,65
102,8,115
48,20,81
51,23,85
97,20,116
31,14,69
100,11,112
47,9,76
84,0,103
83,13,111
13,5,68
56,23,94
11,4,67
9,1,69
85,16,113
47,4,73
65,1,81
19,3,66
40,9,72
43,5,72
75,19,107
61,14,85
80,1,94
42,22,80
90,16,114
95,16,114
76,5,89
31,2,65
76,16,107
68,22,103
55,8,78
65,15,88
78,3,92
63,15,87
14,15,65
83,12,110
89,10,111
68,10,87
58,22,93
50,4,74
88,12,113
15,3,67
88,5,108
7,8,68
35,22,75
60,14,84
24,17,68
61,16,87
47,10,75
38,13,72
6,17,64
29,14,68
8,16,66
7,23,65
66,13,88
56,14,82
77,6,90
115,4,120
90,5,108
58,23,95
40,7,71
67,23,102
28,12,67
12,7,65
38,11,71
7,17,67
33,16,71
74,19,107
39,15,75
113,1,119
75,8,91
74,10,91
78,14,107
17,1,67
51,13,80
96,4,109
83,10,109
18,9,65
27,18,70
120,20,121
101,7,115
7,14,66
99,8,111
0,3,74
68,19,92
82,23,114
52,2,74
104,12,115
10,6,66
82,18,111
35,0,67
118,21,121
112,2,119
19,18,65
79,7,94
43,12,74
60,4,79
50,6,76
103,17,116
84,18,114
72,11,101
74,12,106
69,17,92
43,9,72
68,18,90
9,14,65
19,21,66
78,5,94
99,3,113
97,4,110
72,8,89
18,4,66
69,3,85
40,4,69
17,5,68
62,19,88
86,20,115
77,14,106
105,4,115
20,1,66
17,13,65
118,21,120
112,13,117
74,11,101
13,12,66
77,9,100
72,6,89
90,3,107
42,1,70
87,18,115
19,2,68
117,13,120
81,18,112
75,11,105
90,3,106
1,9,68
75,7,91
72,5,87
110,6,117
97,21,117
114,22,118
102,13,113
74,20,108
118,6,121
10,7,65
1,2,71
114,4,120
0,6,72
112,4,119
11,2,68
92,2,106
115,0,120
87,7,110
74,6,89
58,0,77
34,6,68
85,0,98
79,23,111
28,1,66
70,13,91
108,1,117
11,14,65
93,10,111
15,1,69
109,3,118
35,10,69
96,15,115
70,8,88
110,11,116
102,11,114
25,19,69
35,13,72
58,11,82
97,12,112
50,23,85
0,2,72
41,7,72
24,19,68
33,12,70
84,14,112
52,23,85
113,0,120
30,7,66
31,4,65
21,5,66
56,18,84
38,8,70
19,5,65
73,11,102
83,9,109
28,19,71
18,22,66
21,2,67
3,15,66
27,5,65
0,22,65
111,1,120
44,13,75
71,11,89
56,10,81
70,10,88
89,15,113
42,3,71
110,3,119
57,23,95
40,15,74
48,1,73
10,9,65
5,0,73
79,15,108
76,17,109
20,5,66
44,6,72
100,18,115
1,19,65
2,6,71
58,22,94
78,6,101
72,12,101
60,1,78
44,20,79
79,7,98
33,15,71
24,7,66
38,5,68
109,4,117
8,17,65
37,22,77
67,11,87
49,1,73
33,22,74
6,5,68
62,5,82
20,3,67
10,7,67
48,8,75
49,8,75
113,15,118
61,17,87
61,23,97
72,10,90
81,12,108
69,21,103
61,21,88
17,4,65
0,3,73
84,0,98
63,23,96
3,9,69
98,1,113
103,10,114
3,7,70
69,21,94
38,22,78
79,17,110
35,10,70
8,17,64
74,12,105
80,4,98
22,5,65
118,0,121
86,6,108
91,3,107
72,1,86
90,4,108
7,21,65
31,16,71
47,22,83
117,18,121
2,13,66
109,7,117
95,18,115
105,18,115
111,17,117
99,0,113
77,2,89
24,22,70
35,20,75
77,8,101
118,4,121
5,13,65
1,1,73
120,16,121
37,0,67
79,0,87
23,4,65
107,11,116
67,13,89
58,3,78
117,2,121
87,23,117
14,3,69
17,5,65
24,4,66
19,5,66
0,16,65
80,13,108
12,14,65
72,23,108
22,4,65
43,13,76
101,12,113
72,9,90
27,8,65
118,17,120
8,15,64
96,0,112
41,23,79
16,5,68
11,15,66
47,18,80
14,13,66
45,14,76
39,22,79
36,5,67
115,2,122
71,23,105
83,5,105
54,17,82
35,6,67
76,9,96
57,22,90
89,9,112
67,19,90
113,11,119
101,4,112
31,19,71
108,15,116
82,11,109
73,14,105
87,22,116
89,0,108
80,5,104
7,15,64
111,18,116
22,8,65
114,1,120
81,21,113
7,15,65
23,19,68
112,11,117
109,10,116
7,13,66
100,20,116
54,19,84
15,8,66
75,17,107
58,12,83
12,23,65
73,8,90
50,12,79
101,2,114
111,23,118
120,9,121
99,8,113
107,12,115
24,5,65
14,3,67
92,18,115
69,15,90
100,11,114
49,20,82
116,19,119
15,5,65
9,17,65
63,22,91
79,12,108
67,20,91
62,20,88
54,17,84
73,10,94
28,3,65
30,6,66
102,17,114
44,5,72
71,13,101
20,6,65
9,15,64
108,12,116
51,3,74
40,5,70
99,4,112
72,18,106
80,0,90
74,1,86
116,14,119
22,5,67
2,3,73
0,10,67
81,22,113
80,11,107
33,21,74
24,10,65
72,12,92
77,22,111
23,15,66
86,3,107
62,6,82
58,23,94
30,4,66
115,2,121
46,11,76
109,9,117
23,18,68
30,11,67
74,6,90
12,15,65
21,3,65
96,17,114
52,12,80
66,22,94
71,13,91
60,17,86
102,3,115
104,15,114
70,18,101
113,17,117
104,2,115
87,13,112
39,7,70
6,20,65
45,13,76
27,23,72
35,7,68
112,3,120
69,4,86
48,13,78
79,8,105
34,9,68
66,23,102
45,16,77
72,7,88
87,10,112
63,16,88
99,21,116
10,3,69
31,21,73
73,3,88
55,16,84
15,10,65
116,0,122
70,7,88
30,1,66
18,4,65
112,15,117
4,11,68
99,1,112
95,1,110
39,2,69
81,16,111
72,11,91
40,11,72
70,23,106
106,4,117
103,1,116
71,13,102
33,8,67
27,11,66
22,2,65
18,10,65
84,22,115
17,14,65
36,6,68
97,0,110
17,2,66
59,15,84
31,10,68
95,8,112
38,16,74
103,0,114
120,9,122
78,16,108
88,7,110
44,0,70
11,0,70
2,8,67
110,7,118
80,0,93
71,14,102
120,6,122
12,9,65
82,12,110
9,11,66
19,21,67
52,4,75
17,21,66
64,22,92
57,23,94
13,7,67
25,3,68
48,9,75
104,21,115
22,18,66
114,0,120
64,0,81
89,22,117
94,16,113
63,10,85
71,3,87
117,20,120
102,7,115
17,19,65
84,1,100
72,13,103
59,15,85
107,19,116
79,3,95
66,20,91
54,4,77
93,7,110
12,0,69
61,7,82
92,17,115
116,8,120
19,1,68
0,17,66
7,17,66
59,10,81
19,16,66
21,18,66
59,23,93
79,6,103
4,7,68
54,2,76
114,5,120
83,5,107
5,14,66
109,21,116
48,18,80
1,5,69
9,4,67
1,22,65
69,19,93
100,8,112
47,8,75
89,18,115
36,18,74
27,17,68
46,7,73
3,10,69
116,2,121
70,20,103
21,20,68
31,5,67
48,22,82
120,2,122
72,1,85
13,16,66
30,17,71
61,3,80
79,2,92
34,19,73
85,19,115
93,18,115
112,0,120
102,12,113
107,3,117
118,23,120
86,13,112
87,20,115
83,0,98
46,10,76
101,8,113
34,17,73
93,23,116
83,20,113
117,8,122
26,19,69
103,20,115
24,21,69
76,10,105
78,3,91
67,21,92
88,22,117
66,23,94
7,3,68
3,9,68
116,9,120
35,5,68
2,0,73
92,3,108
11,13,65
114,1,121
54,21,85
104,3,114
30,10,67
88,17,115
85,22,116
66,15,88
80,10,106
117,7,121
30,18,71
95,20,115
72,7,89
49,9,76
69,2,85
68,5,86
70,1,84
62,23,96
74,11,95
18,3,67
89,10,112
110,4,117
51,8,76
59,1,78
72,22,106
55,22,86
29,1,66
69,14,90
84,22,114
15,11,66
68,20,97
117,11,121
82,23,113
96,2,111
80,2,94
102,5,113
57,1,76
31,18,71
117,17,119
31,23,74
20,2,66
35,9,70
41,3,70
17,4,67
104,1,117
80,3,95
9,8,68
29,9,67
5,20,65
90,13,113
70,14,91
16,1,67
26,2,65
49,3,74
106,10,117
70,16,103
51,23,86
14,5,65
26,18,68
81,5,99
54,8,79
69,20,93
35,16,74
73,6,88
71,15,103
61,23,99
119,22,120
2,4,72
58,7,80
25,15,67
43,21,80
25,2,66
85,9,109
74,18,107
51,9,78
97,4,112
59,4,80
101,4,115
95,5,110
107,7,117
4,9,68
84,0,100
11,15,67
18,2,66
78,8,97
23,3,66
76,6,91
22,10,66
109,6,117
22,19,67
70,21,106
44,22,81
44,21,81
46,10,75
52,22,85
48,13,77
47,5,74
9,4,69
36,20,75
68,1,84
27,3,65
109,16,116
89,0,106
84,17,113
60,22,90
42,10,73
28,7,66
12,5,68
84,0,99
68,2,85
70,19,104
4,14,66
58,20,87
67,10,87
108,14,115
42,18,78
62,13,85
107,4,116
7,10,66
77,9,96
0,0,73
5,3,72
67,22,94
90,19,115
62,22,90
120,14,120
29,5,65
116,18,119
20,22,68
77,15,108
98,0,112
6,9,67
11,7,67
88,9,110
34,14,72
49,19,82
41,19,77
1,2,73
9,2,68
70,16,99
4,6,68
11,9,66
9,6,66
4,2,71
24,14,66
88,3,107
38,23,78
0,5,73
70,21,105
73,11,97
50,18,81
32,13,70
37,3,68
119,11,121
103,0,116
106,8,115
16,16,65
6,3,69
67,12,87
90,12,112
103,23,116
27,12,66
6,23,65
105,11,114
77,21,111
3,18,66
46,12,75
93,20,116
87,3,107
76,2,87
45,23,83
70,22,107
13,11,66
120,18,120
1,3,70
17,22,65
11,6,69
5,4,70
26,10,66
71,16,94
4,13,67
0,1,73
28,11,66
60,13,84
68,1,83
109,8,117
2,12,65
84,5,107
111,20,117
79,5,102
28,4,65
57,5,78
92,21,115
117,15,119
79,5,103
27,10,66
19,16,65
0,17,65
81,3,97
117,3,121
110,19,117
85,6,107
77,6,91
0,17,64
95,14,114
108,1,118
96,13,114
96,7,110
81,0,89
90,16,115
17,17,65
15,21,65
59,14,83
10,14,66
70,23,105
111,16,117
3,0,74
102,11,113
101,14,114
41,2,69
25,14,66
28,1,65
119,8,121
78,1,89
74,12,104
47,17,79
71,10,89
110,0,119
27,22,71
86,19,115
20,4,65
59,22,92
7,4,70
59,12,82
60,22,93
61,16,86
16,22,66
77,13,107
41,0,69
1,6,71
82,0,97
105,10,116
14,5,66
37,23,78
91,13,113
105,9,116
71,14,91
9,8,65
119,16,120
36,22,76
26,22,70
8,13,66
28,16,68
25,18,69
60,11,82
99,17,114
70,4,87
4,1,70
101,9,113
75,18,108
57,12,82
98,6,112
73,21,106
21,0,68
8,22,65
40,7,70
2,1,73
74,13,105
114,11,119
53,6,76
24,23,70
96,5,110
105,6,116
67,23,95
7,12,66
28,1,67
76,10,97
71,15,93
74,12,103
29,23,72
66,3,83
78,7,98
105,7,114
70,0,84
119,9,121
11,15,65
93,9,113
8,17,66
13,7,65
67,22,104
119,11,120
58,14,84
112,11,118
106,10,115
60,23,95
59,11,83
0,5,72
45,17,78
119,7,122
47,9,75
113,17,118
7,3,70
17,18,65
47,14,78
9,16,65
1,15,66
79,5,96
63,18,89
74,10,97
33,15,72
26,22,71
39,11,72
64,3,81
73,12,104
50,9,77
24,4,65
114,7,119
112,7,118
67,23,99
115,12,119
75,10,104
86,1,106
24,12,66
29,10,67
4,1,71
33,2,66
85,6,108
72,14,103
20,21,68
99,5,114
44,1,71
104,8,116
111,10,118
88,6,108
12,22,65
65,5,83
8,20,65
55,17,83
52,7,77
76,10,96
100,6,114
58,6,79
50,18,82
109,3,117
42,20,79
87,21,115
20,0,67
106,7,117
55,3,76
9,17,66
68,20,101
15,3,68
78,6,92
101,12,112
27,17,69
92,1,108
47,19,81
94,2,110
83,19,112
22,3,65
88,8,110
73,12,103
12,2,67
78,2,92
110,5,117
86,15,113
109,9,118
100,2,113
1,7,71
47,13,77
75,9,91
75,5,90
111,0,120
108,0,118
97,10,113
74,3,87
93,20,115
50,2,73
64,8,84
70,16,98
7,1,71
33,0,66
58,12,82
98,9,112
104,22,115
56,23,91
76,22,109
22,6,67
76,9,103
8,15,66
12,6,67
68,21,92
85,11,111
52,17,81
44,22,80
30,14,70
72,14,95
33,9,69
7,11,66
52,13,80
98,10,111
39,9,71
85,14,112
97,20,115
4,15,65
57,3,78
8,17,67
2,16,64
42,19,79
10,7,68
2,16,65
0,11,67
61,22,93
42,14,75
26,15,68
105,0,116
79,17,109
42,5,70
60,11,83
91,19,116
65,5,84
30,22,73
70,17,101
28,21,71
38,1,68
39,18,77
93,22,116
58,10,82
78,9,104
9,20,65
70,17,102
106,16,115
82,4,103
1,3,72
29,2,65
18,8,66
118,19,120
3,2,73
33,6,67
4,15,64
99,19,115
65,21,91
4,19,65
94,9,112
103,11,115
78,7,101
104,4,115
85,7,109
91,23,116
8,4,69
76,9,94
23,13,66
35,15,72
45,0,70
23,5,65
78,8,94
18,1,68
42,13,74
5,5,69
6,2,69
63,3,81
60,5,81
60,21,89
106,11,115
16,4,65
67,3,83
48,5,73
67,12,88
67,19,91
2,5,70
81,3,103
49,7,76
12,3,69
103,6,114
75,10,96
56,19,85
6,15,64
77,4,89
3,12,67
81,19,111
81,18,111
83,4,106
16,9,65
53,13,80
59,1,77
70,19,103
51,19,83
90,2,108
44,3,71
42,23,80
6,6,68
14,2,68
2,7,68
19,23,68
107,2,116
48,14,79
76,23,110
93,4,107
7,7,66
24,10,66
25,4,67
100,17,115
64,7,83
0,2,75
52,19,84
39,13,74
41,12,73
79,18,109
70,23,104
120,10,122
42,8,71
43,2,70
98,8,112
102,10,114
56,13,82
94,8,111
93,2,109
87,13,113
1,19,64
44,11,75
10,16,67
102,19,116
82,11,108
62,9,83
52,11,79
48,4,74
96,14,114
100,9,112
35,12,71
91,8,110
1,5,72
61,5,80
117,23,120
69,19,103
1,1,74
36,2,67
56,4,78
87,5,108
39,11,73
97,16,114
98,4,111
10,16,65
68,16,91
63,20,89
86,8,110
2,1,71
70,16,92
80,2,95
61,5,81
117,12,119
46,21,81
61,23,96
16,0,68
95,3,109
86,21,115
85,22,115
29,21,72
15,5,67
41,16,76
95,13,112
33,7,67
2,5,71
4,16,65
17,6,66
65,11,87
92,15,114
44,7,72
103,22,116
66,15,89
62,23,98
90,0,108
59,3,78
45,0,71
98,9,111
64,7,84
80,20,112
32,14,70
109,14,115
112,18,118
14,0,70
71,0,85
53,19,84
46,2,72
3,4,72
66,17,89
38,23,77
80,6,98
64,17,88
64,2,81
74,15,107
36,7,68
99,22,117
94,10,111
70,17,99
97,14,114
43,8,73
79,23,112
29,8,66
116,3,122
15,2,68
108,12,117
55,2,76
96,9,111
73,14,103
70,15,103
10,12,66
90,7,109
15,11,64
104,6,116
108,22,118
87,8,110
17,9,65
76,19,108
103,5,114
108,22,117
30,1,67
69,10,88
11,6,66
80,19,111
47,7,75
40,23,80
38,7,70
66,12,87
56,11,81
97,6,111
55,11,80
79,1,88
39,4,69
78,8,99
116,13,119
7,1,70
24,2,65
53,22,85
93,6,111
66,11,86
12,1,68
95,22,117
33,5,66
89,12,113
26,5,66
1,2,72
16,8,66
92,19,115
38,16,75
70,12,90
68,16,90
113,22,118
117,12,120
77,8,98
50,21,83
6,10,67
26,7,65
13,22,65
111,12,116
91,11,113
111,15,116
63,21,90
111,5,120
29,0,66
88,11,113
8,1,69
95,6,109
54,6,77
4,10,68
100,19,115
36,19,75
46,18,80
115,17,119
9,9,67
16,4,66
71,5,87
11,3,68
60,9,82
94,18,114
15,9,65
57,14,83
31,4,67
36,0,67
55,7,78
27,18,69
98,3,112
80,6,99
106,3,117
73,12,95
58,18,85
4,2,70
52,11,78
6,11,67
27,2,65
21,23,69
9,22,65
41,7,71
102,0,115
107,21,116
78,23,111
30,13,69
71,9,89
10,18,65
20,14,65
84,1,103
31,9,68
70,18,105
97,2,111
56,23,87
12,2,70
101,13,114
8,10,66
6,5,67
52,7,76
73,4,87
66,23,99
63,5,83
41,19,78
13,3,70
37,16,73
120,15,121
108,13,115
110,12,117
95,10,113
34,5,67
110,14,116
47,16,78
99,14,114
16,3,67
19,19,65
97,13,113
60,4,80
17,7,68
59,9,82
119,9,122
82,3,99
79,8,106
40,2,69
81,1,98
96,9,112
49,3,73
115,5,121
57,0,76
87,11,112
21,16,66
44,16,77
98,20,115
100,7,112
7,4,69
32,20,73
110,1,119
75,10,99
42,4,70
80,20,111
55,5,78
1,12,67
9,3,68
60,20,87
61,14,84
5,7,67
35,16,73
12,11,65
109,18,116
80,5,95
44,12,75
74,17,107
0,4,71
110,15,116
113,9,118
22,20,68
4,18,65
41,14,75
80,9,106
67,22,97
12,11,64
104,8,115
61,2,80
4,23,65
62,11,84
46,1,71
6,19,65
20,0,69
100,4,114
6,6,69
50,23,84
6,2,71
97,1,110
102,16,114
110,6,118
6,0,73
0,10,70
30,23,73
27,0,67
2,5,69
77,9,97
31,2,67
106,2,116
37,7,69
22,19,68
48,2,72
61,17,86
70,17,95
116,17,119
101,2,113
68,3,84
92,5,108
31,8,67
58,19,87
70,19,94
104,15,113
6,1,73
71,16,97
13,13,66
37,14,72
53,4,75
85,15,114
96,17,116
79,16,108
67,22,92
41,20,79
59,18,87
26,20,69
92,4,110
114,21,120
102,12,112
85,2,105
64,20,91
43,16,77
71,11,90
117,8,121
78,11,107
58,21,87
20,16,66
89,21,116
39,23,79
6,9,65
11,11,66
80,1,93
31,16,70
55,14,82
85,0,103
97,8,112
8,9,68
96,6,109
73,19,106
34,21,75
31,11,68
6,5,69
71,18,104
37,17,75
79,18,111
67,15,89
100,14,113
19,6,65
14,3,66
8,2,71
69,18,102
7,15,66
118,22,120
47,10,76
61,21,89
64,11,86
72,23,106
60,0,78
2,7,70
4,4,71
117,19,120
95,7,110
17,6,68
73,11,91
7,2,72
98,16,114
83,14,110
78,1,87
48,14,78
17,10,65
14,12,66
112,10,118
13,19,65
71,10,90
43,17,77
71,1,86
35,15,73
74,15,106
71,3,86
112,21,117
80,3,98
91,11,112
85,0,102
37,18,75
65,20,91
76,10,101
1,4,72
80,23,112
54,18,84
15,16,65
54,2,75
20,0,68
0,13,66
1,13,66
89,22,116
92,20,115
88,9,111
96,10,112
87,19,115
69,18,99
32,15,70
10,8,68
11,9,67
62,23,99
69,7,86
46,17,78
31,17,72
13,4,69
101,4,113
54,7,78
64,22,90
56,23,92
75,9,92
92,23,116
75,22,109
88,7,109
31,14,70
78,7,94
82,4,105
85,21,114
36,4,68
98,19,115
113,2,120
112,15,118
26,8,65
115,9,120
78,2,91
72,13,94
58,0,76
34,22,75
101,19,115
105,0,115
9,1,70
97,10,111
115,13,119
77,11,106
57,0,77
11,23,65
74,16,106
10,2,68
86,15,112
18,13,65
106,3,115
20,5,68
115,18,118
31,10,67
112,12,117
105,20,115
25,4,65
6,4,68
32,6,67
18,1,66
20,9,65
70,6,87
70,2,86
18,3,66
59,22,90
75,21,109
99,20,116
64,21,91
74,1,87
88,18,115
112,1,119
45,9,74
44,7,73
95,9,112
11,1,70
119,4,122
0,6,71
35,1,67
13,4,67
105,14,115
85,0,99
105,1,115
109,20,116
25,3,67
36,17,74
73,13,103
7,16,66
58,8,80
79,6,97
112,3,119
96,13,113
11,11,64
11,11,65
108,5,116
99,18,115
3,10,68
105,12,115
81,10,108
115,17,118
95,1,109
90,18,115
63,2,80
56,22,86
73,23,109
107,11,115
66,14,89
53,20,85
62,12,84
69,18,100
57,12,81
68,13,88
96,9,113
72,7,90
70,19,105
67,23,100
71,22,106
0,5,69
0,9,71
8,0,71
13,1,69
65,3,82
111,9,117
84,19,114
115,3,121
8,8,65
94,15,113
97,0,112
32,6,66
104,18,115
91,5,108
12,6,66
13,3,69
94,6,109
10,3,68
34,21,74
99,12,113
77,9,104
82,3,101
120,11,121
59,6,80
51,11,78
30,14,69
106,14,115
58,22,92
40,15,75
111,13,117
27,0,66
109,23,117
40,1,68
119,13,121
32,1,65
83,6,106
71,13,93
82,7,107
44,15,76
71,6,88
84,0,104
103,9,113
53,15,81
107,1,117
41,17,77
70,16,91
83,2,101
91,2,106
33,10,68
21,3,66
34,16,73
60,1,79
77,10,104
26,12,67
106,7,116
24,5,66
78,8,98
60,22,94
38,10,71
101,3,114
106,13,114
3,0,72
80,3,97
17,6,67
103,0,117
52,19,83
57,11,81
10,6,67
79,14,110
70,18,97
84,4,106
46,16,79
48,16,80
80,0,89
21,1,66
81,3,101
91,9,111
9,7,68
56,21,87
97,14,113
14,16,65
105,7,116
33,5,67
99,11,112
117,18,120
83,1,99
10,0,70
117,11,119
62,4,81
97,3,111
116,20,119
56,16,83
59,13,84
43,6,71
39,4,70
69,13,90
33,3,66
28,13,68
118,5,122
90,22,117
72,4,88
36,8,69
90,3,109
38,3,68
71,15,101
93,16,114
74,21,107
39,3,69
37,9,71
110,2,118
86,14,112
63,8,84
4,14,65
120,17,121
8,5,68
45,3,72
119,1,121
23,4,66
14,5,67
89,7,109
117,5,121
34,5,66
37,8,69
81,23,114
73,12,96
12,14,67
95,9,113
97,18,115
79,10,107
15,0,71
15,12,66
23,22,70
6,14,64
50,9,76
67,8,87
50,7,75
73,13,95
28,0,66
101,22,117
106,10,116
40,18,77
61,23,100
85,16,112
96,23,116
71,15,102
118,14,121
36,4,67
30,5,66
105,8,115
24,7,65
69,5,86
10,13,64
49,17,81
10,5,66
112,9,118
14,9,65
20,5,67
87,3,106
7,17,65
7,7,67
52,20,84
100,22,116
0,15,67
30,15,69
77,7,91
74,11,99
64,4,82
51,0,73
73,7,90
75,7,90
78,23,110
100,6,112
80,16,109
106,7,115
10,13,65
65,15,87
113,3,119
96,3,110
96,11,112
101,0,113
15,15,65
2,2,72
79,2,91
41,22,80
24,11,65
26,15,67
88,21,116
97,5,110
111,19,117
64,0,80
67,23,104
11,16,65
30,0,66
30,16,71
57,23,89
64,5,83
81,17,110
35,3,66
90,10,112
70,11,90
63,12,86
82,2,100
64,9,84
4,2,72
113,20,118
114,13,118
47,22,82
119,23,121
86,5,108
84,8,108
99,11,111
91,7,109
113,14,117
22,14,65
4,11,65
59,19,87
113,13,117
20,22,67
50,11,77
80,5,98
91,13,114
106,15,115
75,18,107
17,12,65
78,17,109
38,6,69
0,12,69
10,0,71
87,18,114
87,8,109
11,8,65
106,22,116
22,4,66
9,7,67
80,1,92
83,1,101
67,6,86
66,23,95
35,4,68
55,23,93
103,3,115
44,5,71
39,9,72
10,1,71
35,21,76
47,16,79
94,6,111
90,1,105
0,1,74
30,5,65
51,16,80
5,10,65
80,12,107
2,18,64
97,2,110
23,1,66
63,11,84
77,9,103
103,18,115
70,17,94
77,9,102
113,4,119
69,17,91
48,1,72
101,11,113
95,3,110
46,17,79
0,19,64
92,1,110
108,16,116
8,5,70
106,17,115
70,11,89
75,11,104
42,15,76
98,11,113
16,8,65
80,6,105
31,20,72
1,4,70
61,9,82
84,20,113
54,0,75
1,16,64
114,7,120
29,16,70
45,22,82
56,16,84
23,8,65
19,13,65
1,7,69
96,21,116
79,0,88
89,3,106
82,2,99
3,4,70
36,12,72
103,4,115
32,12,69
93,17,114
39,20,77
57,18,86
55,15,83
83,16,112
114,9,119
36,7,69
114,20,119
6,0,72
105,23,116
1,5,70
17,4,66
101,1,115
0,2,74
9,7,66
82,22,113
30,22,72
85,12,110
1,12,66
44,2,70
4,0,72
72,14,104
60,3,79
87,12,111
42,8,72
107,12,116
81,0,92
93,21,116
31,13,69
36,13,72
47,20,82
88,1,105
78,5,92
84,3,105
35,23,76
107,14,115
11,3,67
94,5,109
65,13,87
85,15,113
32,19,73
85,8,108
90,1,106
83,3,102
74,7,91
56,15,84
75,10,100
103,2,114
114,13,117
52,16,82
34,11,69
79,6,99
29,21,71
23,12,66
36,3,68
63,22,92
72,15,95
69,17,97
15,6,66
109,19,116
92,0,107
77,21,110
63,11,85
22,17,67
52,1,74
79,20,111
92,2,107
72,8,90
5,2,70
71,20,105
104,7,116
99,10,113
33,17,72
81,4,104
80,17,110
85,0,105
82,13,110
25,17,68
28,2,65
19,8,66
38,15,74
108,7,116
109,12,116
49,14,78
69,19,94
78,15,107
81,5,104
49,0,72
7,18,66
62,2,81
32,16,71
6,12,66
67,22,93
63,1,81
49,15,79
83,10,108
85,10,109
38,20,76
75,0,86
80,22,113
44,10,74
112,7,119
98,0,111
107,10,116
32,22,75
104,13,114
69,12,90
65,1,82
69,18,91
92,22,116
89,17,114
78,19,110
2,17,64
85,13,112
40,19,77
37,2,67
7,8,66
88,16,115
50,15,79
97,5,112
114,22,119
1,7,68
34,9,69
69,22,104
106,0,116
78,1,90
92,2,109
16,7,66
57,6,79
39,8,70
102,6,114
76,9,101
56,2,76
46,18,79
76,9,92
18,12,65
85,3,106
113,11,118
40,3,69
62,23,94
78,17,108
7,3,69
88,18,114
13,2,67
106,18,115
118,2,122
49,18,81
49,7,75
26,8,66
78,18,109
47,18,81
37,18,76
25,5,66
43,22,81
92,20,116
3,0,73
79,0,89
110,9,118
82,22,115
57,21,88
17,2,69
88,23,116
57,16,85
104,13,113
55,23,87
2,12,66
25,13,67
111,18,117
53,3,76
41,8,72
60,23,94
100,7,114
117,6,121
104,20,115
10,22,65
117,21,120
105,4,117
81,21,112
68,20,92
53,5,76
96,16,115
30,15,70
74,22,107
2,2,73
117,15,120
119,18,121
11,2,69
4,3,71
99,16,114
74,15,105
91,20,116
29,11,67
93,14,114
79,5,95
116,6,120
95,22,116
92,3,107
79,1,90
30,4,67
9,4,70
72,12,100
16,5,66
75,22,111
52,5,76
11,7,66
84,12,111
42,20,78
12,4,67
81,10,107
82,17,112
64,21,90
56,7,78
100,10,113
96,8,111
13,15,65
118,0,122
21,19,67
11,23,66
103,8,114
56,21,86
99,2,111
25,1,66
85,1,104
65,2,82
107,0,117
49,4,74
51,17,82
53,11,79
33,9,68
115,19,118
119,14,120
99,15,113
108,21,117
91,18,115
3,11,68
81,2,98
68,10,88
68,3,85
93,6,110
86,22,115
109,0,118
1,4,71
75,2,87
101,17,115
66,4,84
50,2,74
55,20,86
110,20,116
94,19,115
51,18,82
69,19,101
79,1,91
119,17,121
104,4,117
18,23,67
81,19,112
92,1,107
17,3,66
59,2,78
82,1,97
23,20,69
73,15,106
95,4,111
32,10,69
36,8,70
57,6,78
77,3,88
71,4,86
25,20,70
105,17,114
115,20,119
66,0,81
10,20,65
13,18,65
34,15,71
0,0,76
93,4,109
50,19,83
14,22,65
84,3,106
32,16,72
104,2,114
83,3,101
3,9,67
15,6,65
85,2,104
3,22,65
91,22,116
19,14,65
89,0,107
57,15,84
59,13,83
74,18,108
32,18,73
44,1,70
111,16,116
107,1,116
70,17,98
110,19,116
84,15,111
51,6,76
55,0,75
66,19,90
1,11,67
33,17,73
65,6,84
9,3,69
6,1,72
26,4,65
120,19,121
15,0,68
85,17,113
0,10,69
79,10,106
81,4,103
103,5,116
84,6,107
110,16,117
44,21,80
80,17,111
34,10,69
43,11,75
118,15,120
79,14,109
48,19,81
65,18,89
64,14,86
11,1,71
71,16,103
91,16,114
37,14,73
27,15,68
117,20,121
53,9,78
102,20,115
41,21,78
31,22,73
74,11,94
74,8,91
89,1,106
50,4,75
47,1,71
30,9,67
107,2,117
6,8,66
82,7,106
3,10,67
103,2,115
1,10,68
16,6,66
102,4,113
111,15,117
89,3,107
36,14,72
5,17,64
40,17,76
75,12,105
28,14,68
6,10,66
13,23,65
57,23,92
111,11,118
2,21,65
2,0,72
112,5,119
2,21,64
19,15,65
100,12,113
118,5,121
78,7,103
66,2,82
117,17,120
106,23,117
83,1,98
5,7,69
113,5,119
104,18,114
10,14,64
45,8,74
22,23,69
67,17,89
5,17,65
11,13,64
32,9,67
57,8,79
19,7,66
113,1,121
32,20,72
91,6,110
115,10,121
80,6,97
36,19,76
17,7,66
66,14,88
80,19,110
56,20,86
62,14,85
14,13,65
74,7,90
105,8,114
72,11,93
115,20,118
6,16,65
89,9,111
113,21,118
29,22,73
11,0,69
76,12,105
101,4,114
86,11,111
66,9,85
65,19,89
14,0,68
89,14,113
64,8,85
70,2,85
104,22,116
58,19,86
56,23,90
94,20,115
105,10,114
116,22,120
77,8,92
102,1,113
101,6,113
0,9,68
49,19,81
73,11,96
7,1,72
53,3,75
5,0,72
41,8,71
11,10,65
79,1,89
82,0,95
2,8,70
1,5,71
5,16,65
48,10,76
40,16,75
42,16,76
36,9,69
93,0,108
0,11,69
12,16,66
27,11,67
46,15,78
16,21,65
30,20,72
50,22,84
55,0,76
53,20,84
14,8,65
91,5,109
26,4,66
7,0,72
9,13,64
102,7,114
96,11,111
28,11,67
50,5,75
65,10,85
119,4,123
113,10,119
76,7,91
85,1,105
9,13,65
11,1,68
21,14,65
78,19,109
32,5,66
115,8,120
73,15,105
96,1,110
46,23,83
45,4,72
85,20,114
24,12,65
57,13,82
94,7,111
112,18,117
104,3,115
22,5,66
64,19,89
34,2,66
46,13,76
94,5,110
54,3,76
115,14,118
89,6,108
65,8,84
65,14,88
24,3,65
117,14,120
33,12,69
21,5,67
57,8,80
84,15,112
80,1,96
79,7,95
71,13,99
93,12,113
89,8,110
23,13,65
6,16,64
80,17,112
64,1,82
86,4,106
5,6,70
71,16,102
66,22,91
46,20,82
47,13,78
92,21,116
9,17,67
9,16,64
64,20,90
59,4,79
6,18,66
95,7,109
37,1,68
59,16,85
101,22,116
88,10,112
89,16,115
36,11,71
106,3,116
73,16,105
19,12,65
103,10,115
38,17,75
9,12,66
99,23,117
54,12,81
97,15,114
71,7,88
107,23,116
79,11,106
100,14,114
13,23,66
56,22,87
112,6,118
36,6,69
53,21,85
49,11,78
84,16,112
44,6,73
119,22,121
92,5,110
7,2,70
108,4,117
81,16,110
105,11,116
106,21,117
10,0,69
58,16,85
79,2,95
66,22,93
78,6,93
72,12,93
57,23,88
43,10,74
86,12,111
2,11,68
69,22,106
100,19,116
81,13,110
80,11,108
7,2,71
101,5,114
84,20,114
70,15,91
21,3,67
60,7,82
83,7,107
68,11,87
108,5,117
110,5,118
66,10,87
9,2,70
115,2,120
45,12,76
14,4,66
9,18,65
65,22,91
47,12,77
78,20,111
14,17,65
97,9,112
29,18,71
25,23,71
19,0,67
13,8,66
80,9,107
96,18,114
18,18,65
109,11,116
16,4,67
101,16,114
66,18,90
38,18,75
91,14,115
55,18,84
18,15,65
61,12,83
23,19,67
20,13,66
90,0,105
72,18,107
9,17,64
67,22,99
16,2,69
115,11,121
68,21,104
6,0,70
79,4,96
84,5,106
89,23,117
45,15,78
67,23,94
106,12,114
18,2,67
95,1,111
66,5,85
78,7,93
21,2,66
89,9,110
1,13,68
28,0,65
103,21,116
64,22,91
27,12,67
10,1,69
0,9,70
16,12,65
23,16,66
103,5,115
90,8,110
47,0,72
53,15,82
100,5,113
105,2,116
55,18,85
38,14,73
22,6,65
106,6,115
94,4,109
4,5,69
82,22,114
99,16,115
94,12,112
51,21,83
13,11,64
20,21,67
21,6,66
66,1,83
47,23,84
1,10,69
27,7,66
12,13,66
22,16,66
52,21,84
58,5,79
57,9,80
101,7,113
105,9,114
62,1,80
116,22,119
56,0,76
67,5,84
39,1,68
115,8,119
72,0,85
39,8,71
73,22,107
14,23,65
68,21,93
66,23,97
72,13,100
60,19,87
66,22,92
77,17,108
90,14,113
78,4,92
61,18,88
115,15,119
78,10,106
98,5,112
80,0,94
71,15,92
23,22,69
79,23,113
94,9,111
27,20,71
2,9,67
7,0,70
76,20,111
96,3,111
70,17,100
23,23,70
88,22,116
78,2,93
36,20,76
70,12,89
19,6,66
55,12,81
13,11,65
103,6,115
50,14,80
81,1,97
33,23,75
79,13,107
117,11,120
62,18,88
95,10,112
39,23,78
81,23,113
71,17,104
113,0,121
74,14,106
17,20,66
68,21,101
92,7,109
13,7,68
64,22,93
97,17,116
25,12,67
71,13,97
48,10,77
78,7,100
15,23,65
68,19,93
107,0,119
72,15,94
53,2,74
51,4,74
57,10,81
27,14,68
76,17,108
120,4,122
7,9,67
4,11,67
76,12,106
2,10,69
37,10,70
37,20,76
70,18,102
12,0,71
48,11,77
5,19,65
85,23,116
8,10,65
105,12,114
20,12,65
29,0,67
115,15,118
71,16,95
16,20,65
101,8,114
80,7,106
59,20,87
47,20,81
63,15,86
21,6,65
47,5,73
109,13,116
83,17,113
6,7,67
14,11,64
84,3,104
84,8,109
7,4,68
7,6,67
102,5,115
119,18,120
48,5,74
84,4,107
73,16,106
50,20,82
105,5,115
81,8,106
86,16,113
97,5,111
72,13,102
108,10,116
88,11,112
0,6,69
5,9,67
31,22,74
2,15,66
55,5,77
73,20,108
108,3,117
69,19,98
76,18,109
3,6,68
83,4,105
29,0,65
53,14,81
94,11,112
91,2,107
62,22,92
41,12,74
28,8,65
49,12,78
8,12,65
34,8,69
44,23,81
74,4,88
72,13,99
51,8,77
110,21,117
98,12,112
110,6,119
28,18,70
2,8,69
68,19,102
13,0,71
75,10,98
74,11,98
60,19,88
38,12,73
53,0,75
109,23,118
74,10,100
102,15,113
24,13,65
0,21,65
31,5,68
49,22,84
12,8,67
41,1,69
117,8,120
73,23,107
74,11,104
21,11,66
70,7,87
93,2,110
95,12,113
66,21,92
110,10,117
75,2,88
42,19,78
2,6,69
5,4,68
101,20,116
82,20,113
77,21,109
16,7,65
23,23,69
106,16,114
46,5,72
79,15,109
39,0,68
74,23,108
32,21,74
71,13,100
107,21,117
103,12,113
106,2,118
67,21,101
5,15,65
78,2,89
81,19,113
71,15,100
48,22,83
69,6,87
100,23,117
16,1,69
107,7,116
70,18,103
62,15,86
36,22,77
76,10,104
18,0,69
0,14,65
99,11,113
73,1,86
46,6,73
0,6,70
99,6,111
39,22,78
37,9,70
43,10,73
99,4,111
41,21,79
3,4,69
81,3,100
82,19,113
90,7,110
7,6,68
76,9,104
48,17,80
77,20,110
71,15,94
69,9,87
33,4,66
12,5,67
120,7,122
51,22,84
110,13,116
49,18,82
34,8,68
117,1,121
60,3,80
104,5,114
14,1,70
27,1,65
55,13,81
57,23,91
70,4,86
34,0,67
102,8,113
73,11,101
106,0,117
95,2,110
90,23,117
84,1,98
45,19,80
42,13,75
69,20,98
113,6,120
39,1,69
65,6,83
102,11,115
85,9,110
9,9,68
71,13,94
101,0,116
78,7,92
28,0,67
44,18,79
110,23,117
4,15,66
21,11,65
86,20,114
93,9,112
56,23,93
25,15,68
116,14,118
73,10,92
77,14,107
84,19,113
97,13,114
78,3,93
99,5,113
79,13,108
103,1,114
7,5,69
86,6,109
49,22,83
97,11,111
35,4,67
104,9,114
59,21,89
54,16,83
37,11,72
11,9,65
88,3,106
84,7,108
0,8,70
115,16,119
5,10,67
57,5,79
70,22,104
67,22,98
3,17,66
14,1,68
9,6,68
71,0,84
78,4,93
97,3,110
107,4,117
95,2,111
12,10,66
16,0,67
30,11,68
6,15,66
31,13,70
104,12,114
2,11,66
0,12,66
1,14,67
65,23,92
106,11,116
5,3,70
7,10,65
111,8,117
47,1,72
55,1,76
105,3,115
71,13,98
101,16,115
65,0,82
116,21,119
78,22,111
106,9,115
88,20,116
3,12,65
23,17,67
43,12,75
82,0,96
32,8,67
28,7,65
91,0,106
79,6,94
55,19,85
37,6,68
10,3,67
22,13,65
75,13,105
114,21,119
25,2,65
62,2,80
76,13,106
65,23,96
40,13,74
69,21,104
46,13,77
80,0,95
109,4,119
27,9,65
27,21,70
21,19,66
90,21,117
92,4,109
37,7,70
39,19,76
106,17,114
64,19,90
28,20,70
88,19,116
112,15,119
8,2,69
0,3,72
102,19,115
5,2,71
52,20,83
63,4,82
5,23,65
73,14,104
75,22,108
40,11,73
42,7,71
100,7,113
54,14,82
81,21,114
64,6,83
72,17,105
6,16,66
10,9,67
16,23,65
81,1,96
30,3,67
96,18,115
48,23,84
78,18,110
72,19,106
2,8,68
99,19,116
3,7,67
88,2,105
67,23,96
86,9,109
117,19,119
29,20,72
3,13,66
46,9,75
69,7,87
63,0,80
29,3,65
28,21,72
28,20,71
99,9,111
119,15,121
97,17,115
34,16,72
107,8,117
120,0,122
79,6,100
41,10,73
109,20,117
87,10,110
43,14,75
71,7,89
1,20,65
86,13,113
69,16,91
62,11,85
10,10,65
77,16,108
75,16,107
90,12,113
77,4,90
45,16,78
95,4,110
49,23,84
1,20,64
10,12,64
0,0,75
60,14,85
5,9,68
94,23,116
30,6,65
3,17,65
46,4,73
96,15,114
84,23,116
37,12,72
24,1,66
46,20,81
119,19,120
79,18,110
38,22,77
77,18,109
23,9,65
57,20,87
41,13,74
80,8,106
94,3,110
6,1,71
104,0,116
10,12,65
5,1,70
26,19,70
118,11,121
94,2,109
101,8,112
74,11,102
39,12,72
63,12,85
56,17,85
81,15,109
94,7,112
20,8,66
25,6,66
0,18,65
80,4,99
88,0,104
23,3,65
32,11,69
98,17,114
32,2,67
32,17,71
10,3,70
106,12,115
91,10,111
77,5,90
78,23,113
74,10,95
10,1,70
78,3,94
95,21,115
67,21,97
93,9,111
1,13,67
62,22,94
93,2,108
120,13,121
118,18,120
27,3,66
21,22,68
67,2,83
66,16,88
104,0,117
13,16,65
99,7,113
118,3,122
33,20,74
76,22,110
91,3,108
76,15,106
116,7,120
61,6,82
61,20,88
39,5,69
99,10,111
93,13,113
4,1,72
14,7,67
87,0,105
91,0,107
12,23,66
90,2,105
5,16,66
46,5,73
117,9,120
69,4,85
13,4,66
79,7,105
49,16,79
101,14,113
19,18,66
114,11,118
116,23,119
66,23,100
80,23,113
78,21,110
24,17,67
47,8,74
102,0,114
70,16,101
41,23,80
13,8,65
70,3,86
58,11,81
80,22,112
111,12,118
105,21,115
119,17,120
81,11,109
107,22,117
63,19,89
106,6,117
32,23,74
63,17,87
104,9,115
43,19,79
5,11,66
46,11,75
61,13,85
67,21,103
27,13,68
65,17,88
109,8,118
28,4,66
69,22,103
103,21,115
68,20,91
42,22,79
2,7,71
47,21,81
67,18,90
62,14,86
20,7,65
12,12,65
17,5,67
15,0,70
52,6,76
69,18,97
96,12,114
78,9,105
66,2,83
3,1,74
33,13,71
36,11,70
81,11,107
46,21,82
67,22,100
23,10,66
83,2,98
5,21,65
0,3,71
34,14,71
71,17,103
52,10,78
15,14,65
33,11,69
32,15,71
93,14,113
83,1,100
118,9,121
24,20,69
101,9,112
30,16,70
66,16,89
69,1,84
115,10,120
42,21,79
6,17,65
77,22,110
27,6,65
1,18,65
72,11,103
8,18,65
15,5,66
87,2,105
65,23,94
79,9,105
35,22,76
1,18,64
59,22,91
26,9,65
5,3,71
38,4,68
110,9,117
104,14,114
91,0,108
107,15,115
97,1,111
49,14,79
75,19,108
118,11,120
102,5,114
81,2,97
68,9,87
102,9,115
4,4,70
0,8,71
50,20,83
93,19,115
42,2,69
26,6,65
53,7,77
61,7,81
56,2,77
109,14,116
57,19,86
32,8,68
32,20,74
12,3,67
31,18,72
51,1,73
53,12,80
48,11,76
39,6,69
100,3,113
91,12,113
10,16,66
22,10,65
79,9,106
9,5,69
71,5,88
22,11,66
98,5,111
47,3,73
56,8,80
103,23,117
81,7,107
110,14,115
71,14,97
23,5,66
57,22,93
21,13,66
32,3,67
15,10,66
29,17,69
9,1,72
17,14,66
83,22,115
72,11,102
72,19,105
57,22,89
95,5,109
69,23,104
111,7,118
77,3,90
81,1,95
73,11,100
88,0,105
90,11,113
99,14,113
118,14,120
74,10,98
77,8,97
57,22,91
42,17,77
4,17,66
13,7,66
57,22,87
107,23,117
103,14,114
31,5,66
68,6,85
97,18,116
25,0,65
96,12,112
6,8,68
71,17,106
68,17,91
70,17,93
95,8,111
53,21,84
45,5,72
17,0,69
114,19,118
10,17,65
9,5,67
82,6,106
11,5,67
58,1,78
43,15,76
47,15,78
68,7,86
54,6,78
0,0,74
30,0,67
69,17,100
10,2,70
61,4,80
62,23,97
45,14,77
71,19,106
5,15,64
99,6,112
73,22,106
113,16,117
63,17,88
101,7,112
79,6,102
56,3,77
37,19,75
109,22,118
3,8,69
36,23,76
14,7,66
7,5,67
69,19,102
113,15,119
8,3,70
74,23,109
102,16,115
75,3,88
42,18,77
53,4,76
23,11,66
4,8,66
40,14,75
62,19,89
106,9,116
57,2,77
111,15,118
67,23,97
114,17,118
78,8,100
95,19,114
68,22,95
10,16,64
60,17,87
61,22,90
67,22,95
63,19,88
21,0,69
87,20,116
32,22,73
10,15,67
3,1,71
4,17,64
109,4,118
81,9,106
66,0,82
20,5,65
75,10,101
113,8,119
37,1,67
107,18,116
102,10,115
74,20,107
17,1,69
5,12,66
116,2,122
116,11,119
112,20,118
4,17,65
71,22,105
0,15,65
76,14,106
81,7,106
98,13,114
3,5,71
74,2,87
97,2,112
98,12,114
31,12,69
116,5,122
46,16,78
53,6,77
77,9,99
77,17,109
108,19,115
9,6,67
79,4,94
103,8,115
89,20,116
92,10,113
48,22,84
3,14,66
20,13,65
105,1,116
78,6,91
3,4,71
72,20,106
103,1,115
43,0,69
88,6,109
65,16,89
81,6,106
4,9,69
104,17,115
74,11,100
13,6,65
2,15,64
41,9,72
85,11,110
109,5,118
5,5,70
94,0,108
110,11,117
13,0,70
119,12,120
76,20,108
69,18,93
24,15,67
81,20,112
50,11,78
111,8,119
68,20,103
35,17,73
76,13,105
59,5,79
20,2,67
84,1,104
79,12,107
102,13,114
43,3,70
87,0,104
118,8,121
44,2,71
39,18,76
94,10,112
89,12,112
108,6,117
94,5,108
15,13,65
26,13,67
19,0,68
118,18,121
18,8,65
99,9,113
80,5,101
64,9,85
27,2,66
43,3,71
61,12,84
98,18,115
15,4,66
73,19,108
79,5,97
91,7,110
91,8,111
46,14,78
20,11,65
71,21,105
95,11,113
11,13,66
12,12,66
14,9,67
41,11,74
97,15,115
56,5,77
72,16,106
72,12,91
43,9,73
17,7,67
26,17,69
45,10,74
29,13,69
35,9,69
12,8,66
35,2,66
12,21,65
2,6,70
108,11,116
102,6,115
68,8,87
102,21,116
28,9,66
16,1,68
113,23,118
98,10,112
81,4,102
106,8,116
108,4,116
80,14,108
68,21,98
13,5,67
1,13,65
45,18,80
20,0,66
16,3,68
62,5,81
64,5,82
102,7,113
37,10,71
66,5,84
9,10,65
96,4,110
80,0,88
115,22,119
70,18,94
83,6,107
29,20,71
78,2,90
61,1,80
28,12,68
6,2,70
22,20,67
3,8,67
94,14,114
2,11,67
59,23,95
109,16,118
115,4,122
62,1,79
8,3,68
114,11,120
2,9,69
18,5,65
66,1,82
99,4,113
99,0,114
67,22,96
95,0,111
84,1,99
86,19,114
94,7,110
50,8,76
110,0,120
40,14,74
42,23,81
2,17,65
98,14,115
52,16,81
36,10,71
62,3,80
72,23,107
82,17,111
83,12,109
78,8,96
59,7,81
59,7,80
104,5,115
55,1,75
1,8,68
21,7,65
3,5,70
76,9,100
106,19,116
34,3,66
92,16,114
33,13,70
25,9,65
9,16,66
73,11,93
119,5,122
95,15,114
0,11,66
37,20,77
6,18,64
11,17,66
55,10,79
63,14,87
40,22,78
41,4,69
77,7,93
40,10,73
82,14,111
12,12,64
79,2,93
35,7,69
107,18,115
120,15,122
75,15,105
34,19,74
114,23,119
39,21,78
7,9,65
23,1,65
80,4,97
3,5,69
9,21,65
118,8,122
52,23,86
51,4,75
78,8,101
107,5,117
76,10,103
94,13,114
108,22,116
85,18,114
65,0,81
84,21,115
6,7,68
17,0,68
8,11,66
105,10,115
63,6,83
78,5,90
76,15,107
11,20,65
54,3,75
13,9,66
24,21,70
56,9,79
77,10,105
1,14,65
75,10,95
47,0,71
68,6,86
34,22,76
80,21,112
73,0,85
106,13,115
113,15,117
45,15,77
60,7,81
49,16,80
65,4,82
116,1,121
18,14,66
112,23,118
2,13,65
25,3,66
91,2,108
54,20,84
3,0,71
87,16,113
15,20,65
33,7,68
8,7,66
93,1,109
101,5,112
92,8,111
19,9,65
54,11,80
84,6,108
36,21,75
110,20,117
64,16,87
38,9,71
91,23,117
35,8,68
42,2,70
29,9,66
95,11,112
12,15,66
82,8,107
91,6,109
75,1,86
94,11,113
51,12,79
26,3,66
94,19,114
81,3,99
0,21,64
116,9,121
61,2,79
3,18,65
105,0,117
45,12,75
53,2,75
16,0,70
1,11,68
83,23,114
98,22,116
18,19,66
53,8,77
85,17,114
41,14,74
63,9,83
52,9,77
62,15,85
53,18,84
97,21,115
71,16,101
48,7,74
51,5,75
106,21,116
23,14,66
88,12,112
113,4,120
89,21,117
2,10,67
111,18,118
9,14,64
35,21,75
51,9,77
95,5,108
64,13,87
100,11,113
35,14,71
100,16,115
53,17,83
41,3,69
82,9,107
73,10,93
11,6,68
80,15,109
3,16,64
74,21,108
22,12,65
89,6,109
16,4,68
20,20,67
40,22,79
61,22,94
54,10,80
102,1,114
68,12,89
47,21,82
81,4,99
74,0,85
42,16,77
10,11,66
72,2,87
94,4,110
3,16,65
93,19,114
9,13,66
83,14,111
65,4,83
16,2,66
119,6,122
97,1,112
39,10,71
84,11,109
94,5,111
60,15,85
103,17,114
109,10,117
107,15,114
98,11,112
20,17,66
10,2,69
20,19,66
60,12,84
29,19,71
43,20,79
32,1,66
67,15,90
81,13,109
103,10,113
116,16,119
28,15,69
68,19,91
85,15,112
62,3,81
107,14,114
119,2,122
115,0,121
30,8,66
24,3,66
51,13,79
78,8,95
102,0,116
95,9,111
118,20,120
0,14,68
117,2,122
112,5,118
61,19,88
97,17,114
21,15,66
45,13,77
102,2,114
54,12,80
88,14,113
19,2,66
22,18,67
67,9,87
48,12,77
38,7,69
70,3,85
87,15,114
16,19,65
33,8,68
11,7,68
4,4,69
98,6,113
69,17,93
62,17,88
46,2,71
68,18,91
22,23,70
112,10,117
66,20,90
79,7,102
68,22,97
96,10,113
64,10,84
71,18,106
70,16,95
8,4,68
46,19,80
81,4,101
112,0,119
58,14,83
54,0,74
56,6,78
99,5,112
105,17,115
41,17,76
98,15,114
74,16,107
93,0,109
69,8,88
25,8,65
55,23,92
6,12,67
2,10,66
61,22,89
43,11,74
85,7,108
30,10,68
50,16,80
94,22,115
96,21,115
66,7,85
119,15,120
80,5,99
11,8,67
92,23,117
1,8,70
3,15,64
45,5,73
71,6,87
27,20,70
90,0,107
110,12,116
91,4,108
109,15,115
46,1,72
70,16,100
56,23,89
59,3,79
5,1,72
79,14,108
0,4,72
28,17,69
58,20,86
81,22,112
67,5,85
4,10,67
108,16,115
72,5,88
31,17,71
28,19,70
16,15,65
8,3,71
16,0,69
14,10,66
26,14,67
86,2,105
86,14,113
109,21,117
111,22,118
39,13,73
70,16,94
109,13,115
72,4,87
3,3,72
86,17,113
34,7,68
15,1,67
106,6,116
52,22,84
68,21,103
1,15,65
81,9,107
77,17,107
35,3,67
47,12,76
109,0,119
7,8,67
48,8,76
0,18,64
95,4,108
72,3,86
9,12,65
114,8,119
112,8,118
97,12,114
116,10,121
73,4,89
58,15,85
78,8,105
80,7,104
32,7,66
86,11,110
39,14,73
80,4,104
64,23,92
51,18,81
62,6,81
