80,19,73
27,5,63
24,21,70
74,4,63
115,8,73
4,15,80
44,3,62
99,15,68
89,1,64
97,5,66
6,6,69
77,9,66
70,21,73
2,11,75
17,12,71
34,12,65
73,2,62
95,4,65
112,12,74
46,23,75
65,22,71
11,7,68
34,19,68
114,8,73
71,20,75
8,19,83
14,15,74
76,5,63
77,12,68
48,22,74
70,17,70
41,18,69
60,21,70
71,1,62
13,16,74
39,20,71
92,18,70
66,8,65
38,8,63
74,16,71
70,5,63
83,22,75
46,8,63
4,6,69
66,8,64
61,16,67
14,6,68
124,8,74
51,4,63
102,3,66
9,18,83
25,3,62
125,12,76
114,22,82
73,20,73
38,13,66
4,13,74
127,13,77
81,10,66
13,0,64
81,12,68
100,11,68
126,19,82
71,14,68
77,3,63
81,3,63
119,7,73
78,5,64
34,1,62
36,23,72
60,15,68
54,18,70
65,21,71
20,19,74
41,4,62
84,17,72
11,17,76
34,12,64
55,11,65
115,10,74
10,4,67
121,17,82
78,16,71
89,19,72
93,12,66
84,22,74
106,18,75
119,18,80
73,19,73
44,5,62
84,0,64
97,5,65
116,12,76
58,17,70
117,22,88
48,17,70
60,18,69
48,3,63
104,5,67
23,5,63
85,11,67
25,20,69
23,1,62
41,9,63
116,20,84
63,23,71
68,17,70
55,10,65
14,19,77
26,12,66
14,19,78
99,18,69
0,6,71
51,7,64
19,10,68
28,13,65
6,23,87
43,16,68
102,8,67
90,8,65
119,3,69
115,1,68
126,20,82
61,7,65
6,14,76
34,20,68
31,1,63
100,22,71
43,19,71
81,17,71
102,3,65
117,10,74
123,16,80
17,6,66
66,15,68
119,16,79
94,8,66
112,21,81
1,23,86
14,21,79
7,9,71
36,16,67
60,17,68
22,3,64
90,13,68
90,18,70
10,16,75
7,6,69
0,21,85
15,0,63
6,18,83
62,17,68
33,19,68
97,22,72
72,13,69
127,10,75
93,6,65
50,9,64
52,21,73
14,13,72
105,12,71
108,22,77
111,10,72
16,20,78
97,8,66
119,0,67
46,19,71
0,0,67
18,17,74
99,23,72
117,8,72
123,21,86
126,16,80
8,18,81
16,15,72
117,21,82
105,0,65
33,17,66
38,14,67
57,13,66
91,21,73
118,21,86
34,21,69
123,2,68
61,10,66
46,9,65
15,4,66
117,19,81
100,10,67
50,15,69
107,8,70
119,12,77
3,20,83
46,9,64
56,23,74
17,19,76
96,11,67
20,8,66
75,23,76
74,8,64
22,0,62
125,16,80
0,13,76
122,22,87
77,21,75
83,3,63
94,4,65
108,9,71
111,0,65
120,20,83
67,12,66
98,8,67
93,2,64
44,16,69
93,2,65
121,20,86
100,9,67
86,11,67
76,11,67
112,18,79
106,8,70
73,23,76
62,4,63
71,22,76
37,4,63
113,3,69
13,7,69
110,17,77
89,2,64
101,15,70
93,23,74
109,11,72
98,21,70
109,5,68
6,9,72
7,1,66
85,22,74
115,23,83
75,17,71
102,7,67
108,18,77
85,1,64
51,8,64
42,23,74
64,22,71
6,15,79
112,0,67
110,22,80
103,18,70
106,21,76
17,7,68
39,18,70
47,20,72
87,9,65
66,7,64
118,1,67
124,4,71
63,9,65
70,11,66
47,20,73
29,6,64
110,11,72
121,9,75
98,16,68
57,18,70
125,6,71
26,17,68
22,20,72
114,1,67
88,9,66
114,21,82
36,4,62
110,6,69
11,14,73
12,1,65
59,18,69
63,6,64
31,12,65
101,20,69
26,22,67
83,8,66
30,14,66
70,22,76
115,23,84
51,19,71
109,17,77
113,5,69
117,13,77
85,0,64
11,20,82
4,8,71
0,11,73
71,18,72
113,0,66
98,10,67
111,14,75
104,9,70
122,14,78
112,21,82
82,7,65
51,16,69
119,11,76
96,21,71
75,16,70
82,7,64
121,18,84
69,23,74
119,1,67
12,20,79
59,22,71
15,10,70
111,0,66
123,18,81
79,18,73
45,22,74
100,15,68
20,12,69
53,15,69
119,22,88
1,15,76
104,23,73
91,14,67
98,12,67
18,15,73
57,17,70
102,16,71
122,21,88
107,10,70
90,7,66
31,7,64
76,17,71
35,11,64
122,13,78
22,18,72
46,16,70
10,20,79
67,4,63
111,8,72
38,14,66
85,13,69
74,23,77
98,7,66
72,17,72
110,13,74
116,2,69
98,5,66
120,5,71
101,5,65
59,2,63
8,11,72
65,7,64
7,13,74
28,6,63
38,12,65
31,4,63
3,15,79
113,12,74
73,17,71
17,13,71
43,11,66
35,7,64
72,18,72
69,11,66
71,17,71
25,17,68
64,23,71
112,1,67
4,14,79
38,12,64
20,13,69
25,19,68
36,7,63
58,23,73
40,21,72
15,20,78
124,3,70
1,6,71
47,9,64
98,17,68
0,2,68
18,3,64
120,3,69
89,21,73
95,10,66
27,15,66
45,8,63
62,11,66
112,23,80
90,15,68
111,21,81
112,6,70
115,7,71
94,2,65
43,16,69
40,5,63
34,18,67
40,6,63
110,6,70
37,16,67
76,0,62
8,0,65
113,10,74
31,6,63
78,23,76
68,0,62
44,0,62
4,14,77
107,20,77
103,16,71
5,12,73
47,14,67
1,15,79
107,19,78
17,16,73
101,6,67
115,22,86
110,16,75
69,3,62
21,23,73
87,14,69
119,10,75
58,17,69
0,18,83
66,14,67
106,11,71
88,4,65
88,4,64
2,9,74
7,15,79
124,2,69
82,3,63
114,13,76
40,20,70
84,16,71
124,22,87
5,22,85
65,19,71
99,4,65
74,13,68
14,3,65
99,9,67
55,9,65
84,23,77
62,1,63
102,0,64
101,1,65
66,11,65
55,9,64
111,16,77
96,20,71
117,13,76
87,17,70
78,11,67
102,0,65
104,11,71
69,19,72
40,20,71
39,14,67
78,13,69
84,13,68
124,16,80
101,4,65
127,4,70
17,12,70
17,16,74
10,4,66
64,14,67
119,9,75
87,20,73
111,21,79
8,1,65
88,1,64
104,16,71
5,10,73
20,4,64
39,22,72
77,8,65
55,6,64
42,3,62
121,0,67
85,10,66
106,21,75
89,4,65
12,2,65
5,12,74
10,20,83
48,2,62
83,13,69
78,22,75
31,18,66
9,21,84
88,21,74
107,20,74
115,20,83
60,5,64
101,11,68
2,21,85
86,9,66
38,23,72
46,12,66
30,7,64
59,10,66
14,5,66
54,12,66
32,19,68
99,16,69
121,6,71
121,15,80
16,16,73
13,21,82
81,3,64
12,2,64
17,10,70
126,20,83
29,15,65
79,3,63
99,22,70
21,19,74
106,6,69
21,7,66
111,1,67
38,9,64
32,13,65
37,19,69
112,22,81
111,20,80
119,20,82
106,2,66
27,14,66
21,0,62
116,5,71
31,5,63
119,10,77
108,12,72
106,14,72
8,15,78
90,16,70
99,2,65
60,2,62
69,16,69
10,16,76
91,18,70
56,14,68
8,3,67
4,1,66
11,0,64
52,20,73
44,11,66
21,23,74
76,13,68
125,0,68
83,16,71
22,6,65
61,23,71
125,12,77
9,15,78
53,3,63
96,9,66
38,6,64
115,2,69
109,13,74
99,14,68
122,7,73
101,6,66
53,12,66
60,10,66
33,23,70
16,7,68
127,13,76
26,7,63
65,9,65
51,0,63
123,4,71
111,23,79
74,10,66
30,0,62
83,21,75
54,16,70
112,1,66
35,3,62
50,22,74
116,1,68
38,15,67
1,13,75
7,16,80
94,10,66
106,7,69
117,1,68
124,12,76
35,7,63
49,19,72
15,12,72
36,17,68
127,15,78
83,19,73
127,1,68
114,10,73
35,4,63
38,10,64
125,17,80
73,6,64
11,3,66
8,12,72
13,22,80
106,9,69
114,15,76
50,21,75
94,4,66
8,16,81
67,18,70
18,19,76
41,12,66
96,8,67
7,18,82
45,0,62
113,9,73
6,16,80
45,19,71
26,3,62
68,6,64
8,15,79
88,13,67
56,0,63
73,7,64
105,19,73
113,11,73
122,21,85
78,21,75
82,23,76
18,12,70
8,19,84
84,12,67
62,10,65
73,16,70
68,18,71
3,0,65
2,2,67
118,11,75
77,23,78
110,15,76
71,19,73
20,21,75
36,19,68
14,16,74
21,19,73
111,2,67
104,18,72
120,18,82
3,22,86
24,14,68
34,7,64
121,5,71
53,17,70
46,5,63
120,8,73
121,20,85
116,6,72
91,1,63
69,23,75
98,3,65
68,19,71
122,17,81
56,3,63
91,12,67
59,3,62
13,19,77
50,17,71
89,4,64
68,9,64
89,23,74
95,12,67
4,11,74
78,19,74
116,3,69
121,8,74
104,12,71
114,19,81
15,6,67
22,8,66
49,17,70
72,12,67
70,14,68
113,12,75
127,23,84
106,12,72
47,11,65
54,13,67
21,16,71
65,7,65
114,20,82
82,6,64
82,13,69
123,11,75
78,9,66
9,16,75
50,23,75
123,6,71
4,8,70
76,22,77
23,12,67
127,2,68
102,14,71
7,7,69
73,23,79
120,21,88
40,16,69
83,5,64
69,12,67
50,6,63
25,18,68
5,14,78
23,10,67
86,12,67
44,5,63
30,19,66
69,14,69
74,6,63
82,17,71
49,6,63
119,2,68
31,20,67
118,4,70
52,16,69
79,22,76
40,4,63
91,13,67
96,3,65
121,3,69
117,6,72
4,3,68
87,17,71
89,17,71
16,12,70
79,12,68
30,5,64
14,20,79
6,22,86
17,6,67
80,5,64
117,7,73
23,19,70
60,16,68
12,10,71
26,0,62
3,22,85
117,23,88
113,20,79
8,3,66
87,10,65
3,7,70
100,4,65
13,9,70
79,19,74
48,20,72
16,17,75
42,19,70
95,8,66
22,10,67
73,3,63
31,17,66
94,1,65
57,22,73
78,21,74
8,0,64
77,17,72
101,19,70
59,4,63
117,21,86
80,4,64
118,15,78
117,22,87
92,23,74
102,12,69
9,19,78
36,17,67
111,20,81
18,21,76
94,1,64
32,23,69
1,16,78
30,11,65
115,10,73
112,6,71
66,1,62
17,15,72
13,23,83
69,8,65
28,12,66
52,18,70
100,18,70
98,20,71
10,6,69
18,3,65
9,6,68
66,14,68
94,21,72
93,10,67
103,13,70
64,22,70
14,22,81
125,23,87
103,11,70
7,0,65
63,11,66
55,17,70
76,19,73
15,14,73
55,14,68
111,11,74
102,22,71
15,11,71
110,14,75
4,22,86
78,15,71
112,14,75
59,17,69
51,19,72
17,20,76
33,3,62
88,16,69
113,7,71
21,14,71
14,8,68
1,9,71
88,2,64
85,7,65
110,2,67
118,20,82
80,13,69
73,13,69
41,13,66
7,14,78
74,22,76
63,10,65
83,23,76
81,17,72
111,9,72
106,19,74
120,18,81
76,18,73
0,9,72
125,0,67
99,19,70
15,22,79
76,21,75
73,15,70
115,14,76
119,6,72
103,5,66
34,8,64
72,9,66
47,14,68
89,19,71
80,15,70
0,11,74
76,16,71
17,18,75
35,1,62
108,7,70
111,5,69
50,2,63
67,0,62
41,9,64
71,15,70
10,20,84
47,18,71
98,21,71
22,20,73
43,22,74
41,15,67
72,6,63
71,20,73
102,22,70
123,21,84
72,22,76
3,6,70
60,13,66
52,8,64
58,22,71
116,11,74
104,13,72
78,11,68
3,23,87
110,22,78
3,1,67
42,8,64
100,23,70
38,18,68
120,19,86
67,5,63
117,4,70
3,3,67
76,12,67
36,20,70
88,11,66
102,4,66
117,16,79
44,10,65
61,17,68
109,2,66
118,6,71
85,8,65
121,16,82
84,19,73
53,11,65
32,2,62
125,23,84
81,21,74
86,20,73
92,6,66
63,18,69
5,2,67
12,7,69
50,21,74
68,11,66
76,14,69
48,14,68
112,23,79
30,21,68
119,19,81
11,5,67
99,10,67
25,14,68
80,11,67
121,2,68
9,14,77
1,5,70
107,9,70
108,17,77
53,18,71
24,19,70
76,20,73
121,4,71
81,11,68
33,21,69
53,6,64
60,5,63
126,4,71
53,5,63
7,14,77
78,22,77
113,20,80
83,13,68
58,18,69
61,0,63
41,11,65
109,6,69
9,5,67
9,23,86
12,8,70
102,6,67
90,8,66
43,15,68
60,23,71
15,22,80
24,17,70
48,10,65
53,0,63
123,13,78
36,8,64
54,3,63
69,0,62
22,9,67
10,12,73
67,22,73
7,23,86
76,8,66
41,11,64
121,19,83
59,11,65
55,6,63
27,20,68
87,20,72
110,13,75
9,7,70
0,20,85
59,21,71
4,0,65
123,17,80
64,15,67
73,0,63
56,11,65
19,6,65
1,3,67
14,19,76
30,1,62
102,4,65
90,12,66
3,21,85
43,23,74
70,4,63
75,6,64
67,23,73
108,20,78
27,23,68
125,23,86
9,13,75
31,9,64
51,10,65
73,4,63
41,10,64
121,8,73
13,3,66
9,23,85
69,10,65
92,11,66
19,3,63
57,9,65
54,17,70
86,19,73
15,16,75
80,18,72
108,21,78
50,20,72
67,19,71
5,14,75
22,11,67
29,9,64
107,15,74
78,20,74
7,13,75
58,11,65
43,17,69
29,5,63
17,23,78
26,9,64
124,5,71
61,21,70
53,19,71
6,20,84
90,11,67
84,3,64
55,20,72
50,12,67
67,15,69
6,0,65
80,1,62
84,20,74
21,11,68
9,14,75
126,8,73
40,14,66
8,6,68
38,17,69
23,18,70
12,9,70
39,2,62
88,0,64
55,7,64
118,8,73
56,7,65
27,8,64
74,20,74
103,7,68
101,16,70
94,18,69
118,16,80
36,19,69
46,20,72
122,16,83
4,21,84
11,3,65
16,10,70
44,23,75
6,0,64
8,5,67
125,4,71
27,1,63
100,11,67
19,5,66
40,15,68
100,7,67
10,15,75
48,12,67
87,19,73
83,12,68
99,13,68
118,21,85
45,2,62
15,2,64
9,18,77
49,14,67
94,5,66
24,23,70
56,16,69
1,9,72
120,9,74
87,7,65
7,10,72
122,0,67
7,21,85
69,2,62
118,14,78
49,19,71
55,1,63
18,23,77
74,8,65
10,0,64
22,21,72
10,13,73
78,12,68
101,13,70
45,15,68
33,11,65
86,19,72
4,19,83
118,0,67
64,19,69
118,14,77
104,14,72
5,23,88
85,14,69
37,21,70
116,23,86
52,23,74
108,1,66
94,18,70
126,23,85
64,0,63
19,21,76
62,23,71
58,21,71
110,3,67
88,20,72
26,13,66
25,23,69
90,23,74
34,0,62
79,2,62
13,13,72
2,15,77
114,17,78
72,20,73
122,13,77
56,17,69
71,7,63
116,17,78
0,7,70
22,11,68
110,4,69
70,21,74
86,22,74
82,8,66
19,16,74
124,14,78
59,16,68
116,0,67
93,10,66
5,19,83
91,9,65
33,6,63
67,18,71
105,4,66
73,16,71
59,11,66
63,20,70
117,12,76
2,12,76
90,10,66
42,23,73
109,16,76
79,6,64
18,18,74
104,0,65
69,1,62
32,21,69
65,19,70
125,21,83
106,21,73
75,13,68
12,20,78
122,10,75
11,20,78
120,19,82
101,0,64
58,8,65
73,15,69
115,7,72
108,2,66
123,8,73
64,21,70
10,9,70
121,10,75
58,18,70
73,13,68
118,7,73
21,6,65
21,22,74
106,12,71
105,18,74
105,15,72
96,2,65
111,14,76
103,16,72
81,15,70
73,6,63
76,23,78
55,0,63
118,21,82
16,10,69
100,4,66
3,10,75
116,16,79
97,0,64
100,12,68
67,9,64
104,0,64
107,12,72
119,6,71
67,14,67
116,10,74
107,0,65
40,22,72
57,18,71
50,8,63
65,11,66
58,8,64
16,22,78
17,23,77
89,0,63
65,17,70
113,7,72
7,5,69
37,17,67
8,16,79
88,3,65
26,14,68
10,10,70
72,18,71
39,7,64
124,22,85
11,12,73
8,22,85
34,14,65
127,19,81
80,19,74
54,1,63
110,18,77
81,16,71
30,1,63
28,0,62
53,23,75
46,6,63
4,12,75
21,19,72
99,20,69
81,18,72
108,22,78
97,21,71
104,21,71
38,11,64
68,10,65
12,6,67
110,9,71
21,4,63
24,2,62
16,20,77
109,0,65
12,19,77
122,5,72
66,12,66
26,15,67
34,2,62
118,15,79
62,18,68
62,23,70
124,7,73
75,23,77
95,20,70
118,13,77
1,16,80
118,5,71
6,4,67
17,11,69
40,3,62
70,3,63
113,13,76
35,12,64
116,21,86
116,18,79
106,15,74
12,3,66
126,11,76
110,0,65
55,4,63
78,22,76
59,13,67
94,17,69
77,17,71
80,23,76
116,13,77
95,17,69
48,11,65
109,8,71
31,13,65
100,2,65
70,20,73
23,19,71
104,13,71
91,20,71
31,19,67
14,14,73
56,6,64
67,20,71
56,18,70
82,11,67
42,17,70
45,11,65
117,1,67
65,16,68
13,23,81
107,18,76
88,13,68
109,10,71
27,12,65
4,20,85
45,6,62
57,21,71
35,17,67
127,22,83
22,18,70
2,0,66
82,20,74
4,4,68
113,11,74
8,20,85
95,22,71
1,23,87
82,1,62
1,0,65
111,8,71
103,13,71
114,6,70
78,23,77
92,20,71
29,22,68
105,23,73
123,17,81
8,17,80
44,17,70
35,18,67
8,22,86
24,21,69
0,23,86
89,10,66
1,17,82
34,5,64
106,4,66
38,16,68
103,8,68
107,3,66
121,11,77
21,12,69
93,19,71
86,15,70
80,14,70
87,5,64
71,4,63
4,5,68
1,12,74
1,5,69
3,6,69
6,18,82
6,21,86
70,9,65
15,1,63
116,15,78
35,14,66
124,17,81
60,7,65
70,6,64
103,17,71
3,4,69
2,8,71
121,23,88
0,6,70
33,15,65
84,19,72
27,19,67
70,18,71
3,1,66
51,10,64
12,18,76
118,19,81
19,18,75
105,1,65
116,1,67
40,0,62
111,19,79
81,10,67
75,22,75
110,22,79
47,2,63
43,21,73
65,11,65
15,3,65
26,2,63
32,10,64
41,2,62
3,5,69
109,17,76
36,18,68
29,2,62
31,2,63
41,22,72
97,23,72
63,4,64
65,20,70
83,10,66
87,1,64
117,2,68
50,17,70
12,17,76
46,11,65
101,12,69
22,14,69
87,4,64
95,13,67
61,22,70
77,20,73
92,10,66
12,23,84
117,21,84
13,18,77
90,14,67
14,1,63
29,5,64
45,19,72
41,5,63
51,22,74
51,3,63
50,18,71
77,21,74
117,16,78
44,10,64
60,2,63
121,19,85
91,2,65
63,4,63
8,17,82
50,20,73
105,16,73
52,9,64
10,5,67
24,19,69
15,17,77
122,16,82
89,8,65
52,12,66
47,17,70
28,22,68
105,10,70
42,6,63
111,18,77
35,6,64
118,10,74
98,5,65
78,21,76
83,20,73
109,9,71
82,18,73
101,21,70
13,22,81
103,9,68
122,1,68
73,17,72
12,4,66
37,14,66
61,2,63
8,18,82
9,20,83
69,18,71
13,14,73
85,19,72
20,21,76
74,10,67
82,14,70
104,16,72
105,13,71
0,19,84
106,5,68
102,9,68
117,17,79
29,14,65
75,0,62
96,5,65
92,17,70
122,22,88
14,9,70
102,10,68
18,16,75
3,9,73
40,18,70
66,17,70
28,23,67
102,13,70
61,12,66
57,14,67
54,19,72
51,6,64
33,21,68
93,13,67
53,20,72
44,14,68
56,6,63
21,17,72
15,23,81
9,21,85
22,3,63
71,6,63
92,15,68
74,6,64
56,23,73
40,15,67
116,16,78
21,15,70
53,14,68
94,10,67
5,16,80
85,11,66
109,18,77
119,23,87
45,16,70
111,9,71
64,23,72
14,14,72
37,12,64
14,12,71
55,5,63
33,22,70
62,14,67
77,2,62
118,11,76
63,16,68
24,12,67
106,20,73
95,20,71
107,20,75
80,17,72
84,4,64
122,18,85
19,11,69
115,0,66
45,21,72
113,6,70
39,0,62
79,1,62
121,12,78
0,5,70
42,13,67
102,21,71
45,5,63
25,12,66
55,21,72
73,18,73
86,2,64
40,9,64
107,19,77
25,3,63
75,2,62
52,21,74
2,15,79
124,15,79
94,20,71
125,2,69
0,9,73
0,16,78
46,12,67
27,18,67
29,18,66
98,1,65
48,15,68
59,10,65
99,0,64
29,11,64
115,18,79
99,0,65
9,22,85
15,12,71
57,4,62
126,12,77
39,9,63
117,17,80
70,6,63
17,2,64
29,20,67
102,12,70
60,3,62
23,22,71
69,14,68
61,13,67
68,8,64
115,4,70
111,18,78
125,3,70
2,18,81
124,2,68
43,14,67
124,12,77
21,19,75
106,6,68
23,17,69
106,11,72
10,19,78
61,22,71
21,8,67
18,1,62
120,5,72
58,4,62
39,19,69
35,8,63
108,17,75
112,12,75
77,22,75
3,13,76
0,15,77
11,7,69
0,10,73
125,13,77
122,18,82
25,2,63
108,15,75
86,22,75
56,2,63
10,10,71
6,19,84
75,20,73
36,13,65
58,22,72
15,19,77
0,20,84
30,8,64
110,4,68
35,9,64
13,20,80
92,2,65
102,18,70
44,19,71
122,20,83
74,9,65
49,23,76
73,10,67
15,23,80
121,17,83
121,12,77
27,23,69
100,0,64
68,13,68
34,15,66
3,2,67
79,21,75
123,6,72
27,22,67
12,20,80
112,18,78
23,2,62
100,0,65
39,19,70
22,12,68
33,7,64
32,5,63
74,3,63
75,9,66
9,15,77
16,0,62
16,22,80
51,9,64
86,0,64
120,1,68
9,20,84
23,20,70
84,1,64
72,16,71
14,19,79
58,14,67
5,1,65
96,13,67
14,20,78
121,18,83
106,23,74
31,10,65
17,1,63
17,14,71
13,6,67
46,2,62
16,11,70
26,21,68
53,7,63
52,1,63
1,2,68
43,4,63
32,6,64
73,12,67
35,8,64
36,22,70
27,0,62
81,15,71
76,9,65
96,22,71
111,3,67
124,22,86
7,23,87
81,12,69
105,8,68
70,20,72
45,14,68
101,23,71
39,13,65
19,18,73
93,17,70
12,21,81
113,9,72
94,16,68
101,14,69
53,23,74
5,4,68
103,22,71
45,12,67
112,19,79
42,0,62
10,23,84
65,15,68
0,3,68
16,16,76
35,21,69
60,0,63
68,20,72
76,2,62
0,16,80
112,8,71
80,10,67
10,1,64
37,6,64
40,13,66
85,21,74
92,0,64
10,17,77
46,16,69
22,23,74
23,0,62
27,2,62
87,18,72
10,1,65
98,14,68
61,15,67
106,9,70
116,19,80
24,15,69
51,11,65
1,1,67
39,12,65
71,19,72
54,14,68
95,10,67
60,3,63
1,21,84
6,17,81
61,18,68
38,1,62
75,21,75
80,6,64
43,5,63
51,13,67
64,21,71
44,23,74
59,6,64
15,18,76
64,16,69
126,6,71
88,10,65
54,12,67
81,19,73
117,22,86
106,1,65
67,21,72
77,22,78
43,4,62
115,12,76
48,21,74
89,17,70
29,11,65
17,2,63
6,15,78
5,15,78
59,9,65
126,17,80
85,5,64
109,0,66
113,18,79
59,6,65
100,17,68
17,21,78
108,23,78
24,8,64
85,10,67
95,5,65
124,18,82
7,6,68
28,15,65
18,9,69
110,13,73
50,23,77
70,23,77
8,2,66
20,22,76
106,16,74
107,22,76
79,20,74
25,7,63
21,21,75
113,23,80
31,18,67
43,20,72
94,9,67
30,6,64
62,7,65
101,16,69
103,10,70
72,23,78
126,18,80
124,22,84
3,14,78
56,8,64
37,9,64
102,15,71
101,9,67
5,5,68
94,22,72
46,4,62
22,17,71
63,14,67
17,22,79
53,2,63
112,20,79
58,12,66
91,12,66
115,19,82
102,17,71
127,20,81
108,16,75
19,12,70
93,18,70
12,10,70
5,8,71
11,1,64
91,10,66
38,22,72
39,14,66
15,17,75
102,5,66
23,21,71
26,18,67
109,3,67
87,22,74
56,8,65
121,22,88
115,17,79
50,16,70
115,5,71
59,16,69
43,17,70
97,22,71
59,5,64
124,13,78
89,13,68
62,7,64
33,4,62
64,3,64
99,11,67
118,17,80
80,16,72
51,1,63
1,22,86
82,21,75
94,14,68
92,14,67
83,19,72
59,14,68
28,23,69
108,13,74
105,10,71
9,4,66
25,11,66
60,4,63
48,5,63
17,10,69
42,16,69
42,9,64
114,21,83
17,5,66
122,3,70
1,7,70
124,4,70
70,14,69
1,14,76
65,1,63
9,13,73
116,19,81
3,18,83
105,14,73
112,22,80
110,16,76
54,8,64
74,2,62
56,9,64
52,19,71
83,22,76
81,8,65
84,6,64
29,1,63
5,0,65
85,20,74
94,3,65
46,14,67
44,6,63
101,10,68
56,5,64
1,18,83
117,19,80
52,2,63
2,16,80
51,12,67
112,14,76
86,7,65
52,6,63
21,0,61
8,12,74
32,12,65
2,15,78
47,0,62
49,1,63
60,20,69
67,7,64
55,14,67
91,22,73
67,17,70
83,14,69
31,8,64
10,9,71
4,6,70
87,6,65
58,2,63
42,10,65
42,10,64
17,9,69
87,6,64
117,5,71
96,18,69
57,12,66
118,19,82
14,1,64
111,19,78
70,8,64
2,3,67
74,12,67
90,2,64
46,22,74
90,6,65
9,17,76
79,7,65
14,23,80
55,2,63
1,19,83
93,6,66
90,16,69
10,18,77
7,22,85
2,1,67
22,23,72
111,5,70
44,13,67
126,7,72
85,1,63
20,0,62
58,6,65
78,8,65
57,7,65
17,17,75
62,16,67
46,3,63
24,11,66
121,14,78
79,7,64
70,8,65
24,2,63
20,17,72
22,22,71
109,9,70
10,18,78
118,20,85
84,18,71
95,16,69
32,12,64
111,23,78
15,16,73
123,5,72
84,9,66
58,3,63
88,23,75
116,21,84
18,14,72
89,20,73
72,10,66
13,13,73
38,9,63
72,3,62
101,14,70
117,9,73
17,5,65
120,7,72
70,21,75
56,21,73
33,15,66
20,15,72
34,21,70
28,9,64
119,20,86
125,6,72
92,18,71
58,1,63
122,23,89
15,21,78
26,19,68
24,10,66
99,1,65
34,16,67
100,5,66
111,10,73
22,1,62
28,5,63
105,18,72
49,22,75
57,4,63
32,17,67
27,16,67
37,13,65
4,22,85
122,9,74
13,18,76
120,2,68
54,16,69
24,22,70
93,12,67
91,22,74
28,10,64
91,1,64
127,3,69
40,2,62
23,14,69
112,11,73
109,20,79
20,23,75
4,14,78
45,23,75
106,17,75
39,1,62
18,6,66
49,12,67
5,13,75
84,12,68
120,16,79
34,17,67
119,2,69
76,3,62
106,0,64
106,0,65
25,22,68
116,8,72
78,15,70
24,20,69
38,6,63
59,13,66
18,1,63
66,6,64
119,8,73
9,6,69
6,14,78
26,14,67
93,20,71
9,13,74
95,9,66
35,0,62
81,21,75
75,19,73
99,8,67
64,10,66
87,9,66
10,19,77
126,23,86
9,19,79
105,18,75
8,4,68
11,13,74
119,20,84
0,3,69
2,4,69
13,20,77
127,7,73
16,18,77
5,14,77
20,15,73
86,3,64
35,23,71
95,18,70
103,6,67
19,22,77
35,16,67
19,16,73
22,13,69
58,5,64
37,22,71
16,6,67
34,7,63
123,15,79
120,19,85
27,1,62
45,11,66
74,0,63
28,14,66
73,10,66
51,17,70
87,2,64
59,12,66
10,6,68
66,3,63
71,16,70
76,7,65
8,17,77
127,18,80
110,3,68
44,12,67
38,20,70
83,4,64
36,20,69
123,7,72
0,17,81
93,16,68
73,8,64
45,20,72
48,18,71
11,21,83
104,11,70
116,21,85
29,0,62
5,3,66
11,16,76
9,7,69
98,22,71
99,12,67
56,20,72
27,17,66
44,4,62
127,11,76
69,21,73
93,14,67
127,17,80
13,16,75
87,5,65
122,17,82
4,10,72
36,4,63
114,16,77
32,10,65
11,2,65
122,6,72
3,19,83
119,11,77
116,20,83
15,21,79
14,20,77
48,17,71
89,15,68
118,20,81
29,13,66
41,21,71
110,19,77
106,2,65
3,2,66
12,12,73
112,4,68
80,13,68
80,2,62
39,15,68
102,13,69
118,20,84
108,16,74
61,8,65
31,23,69
105,7,68
112,5,70
88,11,67
107,20,76
92,20,72
4,15,79
9,11,72
32,22,69
72,8,65
87,19,72
121,21,88
109,23,78
85,15,70
78,20,75
72,8,64
12,23,83
10,21,83
10,7,69
86,18,72
5,15,80
126,19,81
53,10,65
71,11,67
69,2,63
98,18,69
48,0,62
74,23,76
85,7,64
29,23,68
19,17,74
6,15,80
40,7,63
68,19,72
126,21,83
98,17,69
79,2,63
100,20,69
119,9,74
107,21,76
7,14,79
104,4,66
115,19,80
21,18,73
53,10,64
89,16,69
91,15,69
72,15,69
32,19,67
37,6,63
110,19,79
93,14,68
88,20,73
41,16,68
6,14,77
85,16,70
44,20,71
124,11,76
120,10,76
7,1,65
38,17,68
67,1,62
54,4,63
86,15,69
15,5,66
34,22,69
30,14,65
111,4,68
124,21,84
99,7,66
77,10,67
117,21,85
118,18,80
55,4,62
10,2,66
16,11,71
18,7,66
68,1,63
65,22,72
97,8,67
112,7,70
18,20,77
9,14,74
68,8,65
57,15,69
12,16,75
46,4,63
1,17,80
64,6,64
103,19,72
26,23,69
65,3,63
117,9,74
8,2,65
109,2,67
1,17,81
13,1,64
48,14,67
6,13,75
47,8,63
87,21,73
104,12,70
91,21,72
40,22,73
3,15,77
119,23,88
63,18,68
18,16,73
87,12,67
109,4,68
125,11,75
32,6,63
27,21,67
121,14,79
60,16,67
105,3,66
53,20,73
62,2,63
106,18,77
77,22,77
100,16,68
67,20,72
30,5,63
10,22,84
88,10,66
69,17,70
19,23,77
61,10,65
42,19,71
73,3,62
88,17,71
100,14,69
97,13,67
118,7,72
74,5,63
37,11,64
6,12,74
48,23,76
83,6,64
4,16,80
122,14,79
84,15,69
13,22,82
58,21,72
29,16,66
22,21,71
37,2,62
112,9,72
85,19,73
73,11,67
30,20,67
4,3,67
74,13,69
33,20,69
5,15,79
22,8,65
80,3,63
82,18,72
41,15,68
4,13,75
53,8,64
28,21,68
79,13,68
95,14,68
81,2,63
54,11,65
30,18,66
90,17,70
93,19,70
25,10,65
31,2,62
59,1,63
74,14,70
12,7,68
47,2,62
60,9,65
97,12,67
10,0,63
71,13,69
31,14,66
70,23,75
93,5,66
18,0,63
18,6,67
51,23,75
8,15,76
53,18,70
28,16,67
106,9,71
0,1,66
54,21,74
45,17,69
64,18,70
22,10,68
110,1,67
55,12,67
47,15,68
71,13,68
50,23,76
7,15,78
90,19,72
6,11,73
60,13,67
67,6,64
7,3,67
66,5,64
92,15,69
113,21,82
39,11,64
60,6,64
71,8,64
72,12,68
21,17,71
46,0,62
90,22,74
110,7,70
55,16,69
4,2,67
112,15,77
56,4,63
67,23,72
45,16,69
8,10,71
3,13,77
89,23,75
107,23,76
30,20,66
91,8,65
90,4,65
94,6,66
103,7,67
31,22,69
104,20,72
36,5,63
114,0,67
64,7,64
20,14,71
28,3,63
57,21,72
18,15,74
70,13,68
48,23,74
100,22,70
108,9,70
46,15,69
51,2,63
5,5,69
124,10,75
9,13,77
97,20,70
84,18,72
16,4,65
22,21,73
88,0,63
14,8,69
16,4,66
97,9,67
93,5,65
48,2,63
110,7,71
71,8,65
57,5,63
100,3,65
21,23,72
122,5,71
62,13,67
116,9,73
65,14,68
21,13,70
91,17,69
15,20,77
79,20,75
79,17,71
53,21,73
8,14,79
119,15,78
78,16,70
7,9,72
108,16,76
44,22,73
27,23,67
114,11,74
121,16,81
31,16,65
79,5,63
30,21,67
10,20,80
23,10,66
110,11,73
2,9,72
55,19,72
64,15,68
79,10,67
115,20,84
35,13,65
62,21,70
43,1,62
113,0,67
101,0,65
109,7,70
86,10,66
63,2,63
60,20,70
54,23,75
62,9,65
4,14,75
96,19,70
64,18,69
127,21,83
61,20,70
116,14,77
101,17,69
108,15,74
52,12,67
95,4,66
74,3,62
113,22,82
0,18,82
90,1,64
81,4,63
48,15,69
31,5,64
81,18,73
27,6,63
72,4,63
70,15,70
77,20,74
80,18,73
27,11,65
58,16,68
1,3,68
55,11,66
62,6,64
83,16,70
113,6,71
17,4,65
93,11,67
0,17,82
32,7,64
93,7,66
8,5,68
20,18,74
3,15,78
21,16,72
0,1,67
47,3,63
25,14,67
65,10,65
38,22,71
10,5,68
37,19,70
91,15,68
52,7,63
109,14,75
58,12,67
41,16,69
75,0,63
92,19,72
117,20,85
21,3,64
100,21,71
44,21,72
1,15,78
63,17,69
120,18,83
11,21,84
125,18,81
109,19,78
55,19,71
101,5,66
3,16,80
4,18,83
19,1,62
107,18,77
112,5,69
29,22,67
48,12,66
90,3,65
95,7,66
75,6,63
92,23,73
32,0,62
127,5,71
90,9,66
92,17,69
113,16,78
107,9,71
87,10,66
81,9,66
106,19,75
20,8,67
61,11,66
50,3,63
105,4,67
49,23,75
107,8,69
97,20,71
37,18,68
124,20,83
70,3,62
37,4,62
40,19,70
52,19,72
90,18,71
81,5,64
20,11,68
54,21,73
8,23,86
13,19,76
29,21,68
21,8,66
80,16,71
113,17,78
6,20,85
66,3,64
92,16,69
99,19,69
15,5,67
62,22,70
33,18,67
28,12,65
96,4,65
119,17,81
19,12,69
70,0,63
91,23,74
66,16,68
70,1,63
107,0,64
127,23,85
87,23,76
17,1,64
125,17,81
20,2,62
95,11,67
59,7,65
122,8,74
100,17,69
7,0,64
40,23,73
110,17,76
24,0,62
103,22,72
2,21,84
8,20,84
104,8,69
68,22,73
80,12,68
51,7,63
14,12,72
125,3,69
77,19,73
106,13,72
80,9,66
17,0,62
112,2,67
68,5,63
76,14,70
104,14,71
92,1,64
112,8,72
60,21,71
115,22,84
56,14,67
74,18,73
1,11,73
89,5,65
105,9,70
45,23,74
55,8,64
113,1,67
107,19,75
110,21,79
67,17,69
26,6,63
120,12,77
16,23,80
9,13,76
37,1,62
57,14,68
76,6,63
14,11,71
38,8,64
82,10,67
106,3,67
21,20,73
122,19,82
24,13,68
20,16,72
33,16,66
103,23,71
13,9,69
56,22,72
104,20,71
65,23,72
46,3,62
28,22,69
52,15,68
114,2,68
28,19,67
104,22,72
56,19,71
69,21,74
21,10,68
85,2,64
16,3,65
91,18,71
91,6,65
11,4,67
28,16,66
81,6,64
55,3,63
84,10,66
120,6,71
69,22,74
56,12,67
54,0,63
4,17,81
16,3,64
101,12,68
85,14,68
44,13,66
8,14,75
122,17,80
14,13,73
103,19,70
122,10,76
37,14,67
16,14,73
80,7,65
30,19,67
106,4,67
14,17,75
20,22,75
116,23,85
16,16,77
1,22,85
93,17,69
20,5,64
80,7,64
14,7,68
25,2,62
72,3,63
105,21,73
105,5,67
12,19,78
66,9,65
8,12,73
13,11,71
4,17,82
62,16,68
61,5,63
114,19,82
78,2,63
103,10,69
30,16,65
28,14,65
70,19,72
100,13,68
108,14,74
53,19,72
117,12,75
45,4,62
32,15,65
34,11,65
25,21,69
35,15,66
49,20,72
6,15,77
3,16,81
88,5,64
98,6,66
64,13,66
33,9,64
71,12,68
98,23,71
18,10,68
68,21,73
114,17,79
68,14,68
103,5,67
77,1,62
88,12,67
107,21,75
7,4,68
105,22,73
11,6,67
54,2,63
25,12,67
23,23,70
122,7,72
71,0,62
88,5,65
8,13,77
42,20,71
67,19,72
88,14,68
107,4,67
48,8,63
108,6,68
93,0,63
19,15,72
3,19,84
124,20,82
83,14,70
52,16,70
0,22,85
120,15,79
125,20,83
20,5,65
121,19,84
33,6,64
47,21,74
122,12,76
38,16,67
112,20,81
125,11,76
13,7,68
42,8,63
121,7,73
115,11,74
66,9,64
1,10,72
119,12,78
57,6,64
69,5,64
122,6,71
83,17,72
10,15,74
49,16,69
125,1,68
28,2,62
114,18,79
2,6,69
38,21,71
53,4,63
82,8,65
22,4,64
77,14,69
120,17,80
80,2,63
69,22,75
70,16,70
101,21,71
44,15,68
45,14,67
107,10,71
83,21,74
1,10,73
0,12,74
81,19,74
15,7,68
9,8,70
22,19,73
29,17,66
24,23,71
86,18,71
88,1,63
3,12,76
3,11,75
117,14,78
60,12,66
15,15,73
83,18,72
57,5,64
53,22,74
49,8,64
19,19,75
0,22,86
101,4,66
111,16,76
51,18,71
69,13,68
31,19,66
10,2,65
67,10,65
24,11,67
19,7,66
124,23,88
76,1,62
113,8,71
111,4,69
33,14,65
36,12,64
116,9,74
19,17,73
8,16,80
87,22,75
118,9,75
111,21,82
105,19,72
48,9,64
123,3,69
26,5,63
125,23,88
3,4,68
71,16,71
15,13,72
108,19,77
85,9,66
47,12,67
99,5,66
67,16,69
58,15,68
60,1,63
54,7,64
29,0,63
62,8,65
122,16,81
102,23,70
122,19,84
98,3,66
126,13,76
90,10,65
49,23,74
1,12,75
120,17,82
120,21,86
24,7,64
125,8,73
91,11,66
39,20,70
16,23,79
25,9,65
61,3,63
11,15,75
124,6,72
43,10,65
66,4,63
123,19,83
49,13,67
53,15,68
74,0,62
112,15,76
93,22,72
122,21,86
93,4,65
90,20,72
78,1,62
19,10,69
84,14,69
105,21,72
75,21,74
9,9,71
96,15,68
43,10,64
28,2,63
115,14,77
6,21,85
24,18,69
9,17,77
74,17,72
60,19,69
105,13,72
3,14,76
14,6,67
117,20,82
123,13,77
105,8,69
72,0,63
1,21,85
7,22,86
18,5,65
13,17,76
8,15,77
28,15,66
9,10,71
7,2,66
17,14,72
64,17,69
1,15,77
67,8,64
86,8,65
72,14,69
122,21,84
67,1,63
61,5,64
114,3,69
64,11,65
39,6,63
35,16,66
109,22,78
117,0,66
39,16,68
120,8,74
71,2,62
57,11,66
1,20,83
91,3,65
18,16,74
58,20,70
100,3,66
121,16,83
13,2,64
105,11,70
19,19,74
13,8,69
76,17,72
100,1,65
46,23,74
1,7,71
43,8,64
59,0,63
68,15,68
9,1,64
78,18,73
52,14,67
102,20,71
27,7,63
71,23,77
114,18,80
90,5,65
47,1,62
5,14,76
102,16,70
4,2,66
115,8,72
69,3,63
22,6,64
99,8,66
47,13,67
19,3,64
116,20,82
44,19,72
95,21,72
71,10,66
52,11,65
107,16,75
49,7,63
126,1,69
50,10,64
24,4,63
18,4,65
112,7,71
122,11,76
127,17,79
7,14,76
66,13,67
43,18,70
78,19,73
0,15,78
58,13,67
21,12,68
118,12,76
117,21,87
64,4,63
32,3,62
56,10,65
5,18,82
80,20,75
11,13,73
101,13,69
14,21,80
24,20,70
115,9,74
27,11,66
16,14,72
67,12,67
111,2,68
61,16,68
40,21,71
73,23,77
17,21,77
35,17,68
83,18,73
68,23,75
17,9,68
120,10,77
37,7,64
114,12,74
1,8,72
24,1,62
62,3,63
2,6,70
51,15,68
21,9,66
27,16,66
112,17,77
113,22,80
7,16,81
57,10,65
44,22,74
108,20,79
87,15,70
62,15,68
66,22,71
1,14,77
35,2,62
33,8,64
56,21,72
123,12,77
37,3,62
9,14,79
19,18,74
21,21,74
39,23,72
20,20,75
8,4,67
89,20,72
46,18,71
49,11,65
20,1,63
8,14,76
16,16,74
94,14,67
25,0,62
92,13,67
78,13,68
36,2,62
45,5,62
111,12,73
34,17,68
75,7,64
2,3,68
26,23,68
54,23,74
74,9,66
29,1,62
80,10,66
40,12,65
97,18,69
3,17,81
2,20,83
16,17,77
57,7,64
106,10,71
59,8,65
97,13,68
121,15,82
101,11,69
99,16,68
40,19,71
60,10,65
58,9,65
97,15,68
125,5,71
12,0,63
59,20,71
100,16,69
49,3,63
86,14,69
123,21,87
0,4,69
20,6,65
1,16,79
50,22,76
75,7,65
83,20,74
37,7,63
79,23,77
5,23,86
18,0,62
74,12,68
26,18,68
121,21,87
120,9,75
127,0,67
123,4,70
6,17,82
85,15,69
62,21,69
77,9,65
20,9,68
104,4,67
9,12,72
57,12,67
121,5,72
19,11,68
94,20,70
90,17,71
109,7,69
9,12,75
59,18,70
97,21,70
127,14,77
54,15,68
42,21,73
31,23,68
35,23,70
116,7,72
85,4,64
51,5,63
28,23,68
18,5,66
0,0,66
75,17,72
115,13,75
33,12,65
28,22,67
126,0,68
0,16,79
113,13,75
109,21,79
60,22,71
100,8,66
50,22,75
123,16,79
98,19,70
111,1,66
111,21,80
63,10,66
82,9,66
43,2,62
116,20,81
45,17,70
105,15,73
86,11,66
109,8,70
25,17,69
38,20,71
117,15,78
29,7,64
107,12,73
44,2,62
117,5,70
89,21,74
37,23,72
105,6,67
2,18,82
92,0,63
123,21,83
56,15,68
108,20,76
88,17,70
106,22,77
101,20,70
8,14,78
73,18,72
65,18,70
89,12,67
125,10,74
45,3,62
5,11,73
59,4,62
83,2,63
11,15,74
20,19,75
125,16,79
16,9,68
105,20,73
68,10,66
33,12,64
68,22,74
95,5,66
111,12,74
99,12,68
36,23,71
63,3,63
80,8,66
119,10,76
72,23,77
27,21,68
16,5,67
110,20,78
26,12,67
11,1,65
107,2,67
19,2,64
26,1,63
8,23,85
20,6,66
71,7,64
87,12,68
119,21,84
119,15,79
126,10,75
8,7,70
102,20,70
3,18,82
6,16,81
120,14,78
11,19,78
4,5,69
118,3,69
116,10,75
119,17,80
100,19,70
22,22,72
100,22,72
3,10,74
108,14,73
125,15,79
68,12,67
2,4,68
89,12,66
99,17,69
7,20,85
22,23,71
7,12,74
28,21,67
52,18,71
127,12,76
14,10,70
116,5,70
3,14,79
125,14,78
23,23,71
48,4,63
64,5,64
25,8,65
109,23,77
35,21,70
10,8,70
126,16,79
49,15,69
42,22,72
50,7,63
85,12,68
101,22,70
114,7,71
36,21,71
0,19,83
52,6,64
8,13,75
68,14,69
72,11,66
92,12,67
41,23,73
61,14,67
45,6,63
118,17,79
115,21,83
22,22,74
30,4,63
84,10,67
107,21,74
24,6,63
46,7,63
98,15,68
66,20,71
92,9,66
82,21,74
107,19,76
11,18,76
115,4,69
122,16,80
30,23,69
9,12,76
24,17,69
101,19,69
105,17,73
39,16,67
104,23,72
118,5,70
63,15,67
72,19,72
42,14,67
45,12,66
63,20,69
54,6,63
90,7,65
116,2,68
108,6,69
2,10,75
98,20,69
64,16,68
11,23,84
15,18,75
108,3,68
19,15,74
72,10,67
15,21,80
125,18,80
39,3,63
9,19,84
39,4,63
23,15,70
6,1,66
52,14,68
113,14,76
5,9,71
52,7,64
104,17,72
93,1,64
114,6,71
66,21,72
5,17,82
115,20,81
18,4,64
55,12,66
98,16,69
94,0,64
50,11,66
106,14,73
10,21,84
112,10,73
1,20,84
54,5,63
9,9,70
115,12,75
121,2,69
47,5,63
104,22,73
57,23,72
94,23,74
19,2,63
123,9,75
82,11,68
121,3,70
114,19,79
46,22,73
59,23,72
19,22,76
104,9,69
39,21,72
127,11,75
91,0,63
2,13,76
47,4,63
108,11,71
56,22,73
96,23,72
3,9,71
34,20,69
52,20,72
115,16,77
9,12,73
64,7,65
14,18,75
37,18,69
102,1,65
66,15,69
99,23,71
87,4,65
110,12,73
66,17,69
125,22,83
30,11,64
119,18,81
9,2,65
100,13,69
22,15,70
66,23,73
12,21,82
69,8,64
116,17,79
103,11,69
95,17,68
12,8,69
126,9,74
119,7,72
60,17,69
61,4,64
97,14,67
35,20,70
55,17,69
43,12,65
74,11,66
69,15,70
98,0,65
120,22,87
22,18,71
21,14,70
78,6,64
89,1,63
28,18,66
38,0,62
104,19,71
22,20,71
51,22,75
94,16,69
74,18,72
26,13,67
123,10,75
107,6,68
77,21,76
23,13,69
76,10,67
53,9,65
9,19,83
71,18,71
82,20,73
67,11,66
41,21,72
91,19,72
46,8,64
100,6,66
95,16,68
82,13,68
124,7,72
81,1,63
117,6,71
76,15,70
34,10,64
53,9,64
78,14,70
106,15,73
104,3,65
47,9,65
39,13,66
77,14,70
102,18,71
90,13,67
56,1,63
15,14,72
34,6,63
107,21,77
95,1,65
102,8,68
99,14,69
19,14,71
58,4,63
11,11,71
52,23,76
70,12,67
70,5,64
23,12,68
74,19,73
103,19,71
2,22,86
126,1,68
112,3,68
98,4,65
14,18,78
104,15,71
25,15,68
60,22,70
107,17,75
21,10,67
31,11,65
32,18,67
94,9,66
96,9,67
27,14,67
106,20,74
85,23,75
83,2,64
9,11,71
81,14,70
25,1,62
86,21,73
80,23,77
5,19,84
3,16,79
109,12,72
21,18,71
37,8,63
2,10,73
78,9,65
103,17,72
21,6,64
112,13,76
10,19,82
82,19,74
57,16,68
37,22,72
80,0,62
10,23,85
25,20,68
119,20,85
73,0,62
8,17,81
48,7,63
41,19,71
15,19,78
110,23,79
18,7,67
78,18,72
41,14,67
110,18,78
1,2,67
89,6,65
125,15,78
124,9,74
57,11,65
19,9,68
20,7,66
76,8,65
25,7,64
96,20,70
12,6,68
42,20,72
7,20,84
110,1,66
66,19,71
5,22,86
116,13,76
122,16,79
12,5,67
26,11,65
111,22,81
80,1,63
89,9,65
41,6,63
33,17,67
124,23,89
116,6,71
12,17,75
10,14,74
87,13,68
52,10,64
122,4,70
112,11,74
54,14,67
59,20,70
65,4,64
102,21,70
117,8,73
12,0,64
69,18,72
125,19,81
69,11,67
4,4,67
118,2,68
43,3,62
47,12,66
113,22,81
23,6,64
115,21,85
4,9,71
4,14,76
98,4,66
106,19,77
44,7,63
58,7,65
17,8,68
119,21,87
36,3,62
23,18,71
78,3,63
21,3,63
76,8,64
73,20,74
60,18,68
50,15,68
24,5,63
108,12,73
39,10,64
118,22,87
87,8,65
123,14,79
108,5,69
12,16,74
58,7,64
110,8,70
15,18,78
0,15,79
3,10,72
23,9,65
13,5,66
14,17,76
92,22,74
35,5,64
124,10,74
122,15,80
23,3,62
87,14,68
25,4,63
12,11,71
98,23,72
42,21,72
41,7,63
98,11,67
26,10,65
83,7,65
127,0,68
2,19,82
105,14,72
75,20,74
126,0,67
118,18,81
107,13,73
4,10,73
126,3,69
99,11,68
84,0,63
121,1,68
33,10,64
73,21,74
40,8,63
48,0,63
105,16,74
82,5,64
126,7,73
52,21,75
7,2,65
5,20,84
121,13,78
90,9,65
41,3,62
48,1,63
48,21,73
107,17,76
126,14,78
78,5,63
16,22,79
77,13,69
96,19,69
83,7,64
26,3,63
49,21,73
54,9,64
62,20,69
92,19,71
94,22,73
43,12,66
39,7,63
4,16,81
105,20,72
12,22,82
16,12,71
68,16,69
120,23,88
126,21,82
59,22,72
109,13,73
90,20,73
4,21,85
111,7,71
84,13,69
109,15,74
101,2,65
89,18,71
46,14,68
96,14,68
127,16,79
80,21,75
115,22,85
97,17,69
78,10,67
66,2,63
95,6,66
19,20,76
75,10,66
124,19,82
113,10,73
3,17,80
33,10,65
58,16,69
59,14,67
71,22,75
62,4,64
68,5,64
8,6,69
92,3,65
54,9,65
50,7,64
8,13,74
125,2,68
84,9,65
26,10,66
119,14,79
114,23,82
25,18,69
66,21,71
67,4,64
102,9,69
11,20,79
10,3,66
21,9,67
94,19,71
7,12,73
111,6,70
20,3,63
34,5,63
10,20,78
32,15,66
71,15,69
114,16,78
50,4,63
35,6,63
75,22,76
91,19,71
101,9,68
87,3,64
120,20,84
59,3,63
89,13,67
71,10,65
2,12,75
46,1,62
49,4,63
123,22,87
71,9,65
97,10,67
19,4,65
55,16,70
104,17,71
88,16,70
47,16,70
120,9,77
121,11,76
102,10,69
117,4,69
26,19,67
79,11,67
112,13,74
122,2,69
10,14,75
69,6,64
113,8,72
13,2,65
108,4,67
63,8,65
21,13,69
1,11,75
69,13,67
29,7,63
78,14,69
58,13,66
114,10,74
40,14,67
93,9,66
100,23,71
20,9,67
97,0,65
93,16,69
58,20,71
6,10,72
22,9,66
7,7,70
121,13,77
34,9,64
0,2,67
95,1,64
113,20,82
127,7,72
8,15,80
79,14,69
30,6,63
107,5,68
109,6,70
92,22,73
32,2,63
116,23,87
116,14,76
125,21,84
68,12,66
105,0,64
125,8,74
126,14,77
110,10,71
73,22,76
21,11,69
76,0,63
68,21,74
71,9,66
27,3,62
47,18,70
28,17,67
29,6,63
18,14,71
123,12,76
97,19,70
53,11,66
113,19,80
19,6,66
63,0,63
40,10,64
20,15,71
47,8,64
26,17,67
21,2,63
65,8,65
6,3,67
17,7,67
71,11,66
83,3,64
61,6,65
76,20,74
25,13,68
23,11,68
57,3,63
114,8,72
124,0,68
110,15,75
66,23,72
13,10,70
65,23,71
114,1,68
6,12,73
11,6,68
61,6,64
121,14,80
50,12,66
20,2,63
121,17,84
80,12,69
62,13,66
61,9,65
6,7,69
26,9,65
96,23,73
3,17,82
73,1,62
108,23,77
45,18,70
103,21,72
121,17,81
121,7,72
37,0,62
9,15,79
22,19,72
18,13,71
83,11,68
50,19,72
88,8,65
51,8,63
61,13,66
29,19,66
34,23,71
64,2,63
30,23,68
118,3,70
1,10,74
7,8,70
31,14,65
92,7,66
120,23,89
44,8,64
117,18,81
84,2,64
111,23,80
79,15,70
78,20,76
52,15,69
117,10,75
11,11,72
50,1,63
63,21,70
47,6,63
75,18,72
33,5,63
57,2,63
34,23,70
1,9,73
121,19,86
122,15,82
42,18,69
116,22,85
105,5,68
14,11,70
20,10,68
15,4,65
107,1,66
98,9,66
107,1,65
39,11,65
61,1,63
39,23,73
75,13,69
11,19,77
69,5,63
113,2,67
12,21,80
79,17,72
112,20,82
93,22,73
35,4,62
23,17,70
118,8,74
18,21,77
26,22,68
42,9,63
82,1,63
103,20,71
41,17,69
88,21,73
91,5,65
16,21,78
95,0,64
120,15,80
15,17,76
24,3,63
98,13,67
74,14,69
69,9,64
6,23,88
36,10,64
82,22,75
93,0,64
108,3,67
63,15,68
51,20,73
33,7,63
103,0,65
48,8,64
16,16,75
75,3,63
2,11,74
5,13,74
66,4,64
5,6,69
121,15,81
49,15,68
114,22,83
88,3,64
115,2,68
18,15,72
126,11,75
31,15,65
75,9,65
101,22,72
127,6,72
14,23,82
11,21,82
16,9,69
117,0,67
47,21,73
47,16,69
11,23,85
75,14,70
53,14,67
103,0,64
14,16,75
31,3,63
119,1,68
5,20,85
81,14,69
50,16,69
101,18,69
106,18,76
80,15,71
40,17,69
98,12,68
69,9,65
32,1,62
76,4,63
31,10,64
5,2,66
18,17,75
56,11,66
42,15,68
24,7,65
19,15,73
27,4,63
42,4,62
121,0,68
39,17,69
22,15,71
6,8,70
126,2,69
109,22,79
102,11,70
85,8,66
68,1,62
43,13,67
120,12,78
3,8,71
75,8,65
49,9,65
118,11,77
107,6,69
104,3,66
127,19,82
123,7,73
103,15,71
11,0,63
52,0,63
75,8,64
52,5,63
0,8,72
47,3,62
108,17,76
13,21,81
79,19,73
50,11,65
97,1,64
75,12,67
72,19,73
0,13,75
37,15,67
9,22,84
49,12,66
74,15,70
85,20,73
111,7,70
4,7,70
119,13,78
20,16,73
104,21,72
89,22,74
28,6,64
9,3,67
101,17,70
76,21,74
67,3,63
23,16,70
51,6,63
35,14,65
7,10,71
80,8,65
82,14,69
68,21,72
5,18,83
65,16,69
25,19,69
103,14,71
34,13,65
50,14,67
93,11,66
84,15,70
63,17,68
108,11,72
107,2,66
127,3,70
39,17,68
39,3,62
122,12,77
24,8,65
122,4,71
37,20,69
97,11,67
7,17,81
91,8,66
49,17,71
56,5,63
119,21,85
80,20,74
86,9,65
32,17,66
30,17,65
38,18,69
49,18,71
60,6,65
32,18,66
46,20,73
113,5,70
46,21,73
58,6,64
71,14,69
90,11,66
49,9,64
89,11,66
90,3,64
25,5,63
106,13,73
122,15,81
86,1,64
111,22,79
59,23,71
92,6,65
32,20,68
99,6,66
112,0,66
106,23,76
90,12,67
86,5,64
22,4,63
42,4,63
77,16,71
13,6,68
110,21,80
48,19,71
75,10,67
75,3,62
19,4,64
72,5,63
13,17,75
115,0,67
47,23,75
95,22,72
123,3,70
43,11,65
109,10,72
65,8,64
13,4,67
76,5,64
33,4,63
122,20,85
30,22,68
51,20,72
4,23,87
38,5,63
62,10,66
123,2,69
120,4,70
15,18,77
23,4,63
26,2,62
0,5,69
91,20,72
38,19,69
24,3,62
58,19,71
6,11,72
67,11,65
110,9,72
51,16,70
76,23,76
2,10,74
51,21,75
7,11,72
95,19,70
99,21,71
32,21,68
84,22,75
96,0,64
23,18,69
88,22,74
24,15,68
33,2,62
120,13,79
26,20,67
1,6,70
106,22,75
116,15,77
20,12,70
49,8,63
42,5,63
123,19,82
82,3,64
101,3,65
57,23,73
66,18,71
107,22,77
15,11,70
62,18,69
5,17,81
69,4,63
82,12,68
6,1,65
61,18,69
65,15,67
47,10,64
81,5,63
18,8,68
77,3,62
9,18,82
25,1,63
32,16,65
117,20,83
22,5,63
71,21,76
18,13,70
81,11,67
18,2,64
122,23,88
115,15,77
67,23,74
95,2,65
57,8,64
2,19,83
126,22,84
6,8,71
83,10,67
62,19,68
121,4,70
29,8,64
97,7,66
85,23,76
8,7,69
121,9,76
67,21,73
123,22,84
105,23,74
74,16,70
96,6,66
69,7,64
117,7,72
77,11,67
32,23,70
117,11,75
100,14,68
22,22,73
0,12,75
105,18,73
87,11,66
12,13,73
56,13,67
30,17,66
94,23,73
74,7,64
125,20,82
76,3,63
20,1,62
45,18,71
112,3,69
112,19,78
86,12,68
107,3,67
45,9,64
33,16,67
78,7,64
72,9,65
55,13,67
99,5,65
115,19,81
53,12,67
37,23,71
4,19,84
66,1,63
19,5,65
2,7,70
0,14,76
77,18,72
38,23,73
17,8,67
127,5,70
64,11,66
103,2,65
12,14,73
117,2,69
12,15,74
79,8,65
65,3,64
57,22,72
44,15,69
12,22,83
3,13,75
67,0,63
116,3,70
22,13,68
116,14,78
95,19,69
4,20,84
81,4,64
50,13,67
40,23,72
62,5,64
46,11,66
114,23,83
32,4,63
26,15,68
36,6,63
2,16,79
116,22,87
73,9,65
57,15,68
97,3,65
80,4,63
120,4,71
10,7,68
2,17,81
38,7,63
13,10,71
86,17,71
111,15,75
123,22,88
106,23,75
83,9,66
80,11,68
66,18,70
50,21,73
70,18,72
104,15,72
103,9,69
89,14,68
120,20,87
89,16,70
41,20,72
50,0,63
9,2,66
23,20,71
85,18,71
30,2,63
70,20,74
65,18,69
116,23,84
70,10,65
86,4,64
42,17,69
76,18,72
62,6,65
113,20,81
35,10,64
118,22,88
37,16,68
120,8,75
127,15,79
106,10,70
97,4,66
56,12,66
31,1,62
24,18,70
30,15,66
60,8,65
71,21,74
67,15,68
104,6,68
78,4,63
75,5,63
7,8,71
73,5,63
30,10,64
50,5,63
94,19,70
124,3,69
19,1,63
22,21,74
30,10,65
19,0,62
66,20,72
117,3,70
126,9,73
107,5,67
127,4,71
100,2,66
38,7,64
89,15,69
126,15,79
94,7,66
42,16,68
8,12,75
105,12,72
81,23,76
13,20,78
72,22,75
9,14,78
1,0,66
82,10,66
97,14,68
120,7,73
20,13,70
123,0,68
103,4,65
4,23,86
51,23,77
123,8,74
83,0,63
23,22,70
114,14,76
63,13,66
127,10,74
22,16,70
79,13,69
5,21,85
77,13,68
58,14,68
18,11,70
106,22,74
112,9,73
93,8,66
63,19,69
44,18,71
88,18,72
115,13,76
64,1,63
125,7,73
126,6,72
13,3,65
22,5,64
108,4,68
58,11,66
102,19,70
70,10,66
112,4,69
11,8,69
46,10,65
20,18,72
120,11,77
46,19,72
36,7,64
13,14,74
53,7,64
23,11,67
44,18,70
34,11,64
61,2,62
110,20,79
113,18,78
110,10,72
106,21,74
117,18,80
56,18,71
22,2,62
8,16,77
2,17,80
37,8,64
47,11,66
115,17,78
70,7,64
6,23,86
69,20,72
88,19,72
38,2,62
48,11,66
19,13,71
97,16,68
113,23,81
24,23,69
120,16,80
27,9,65
68,9,65
97,4,65
63,22,71
3,9,74
76,21,76
108,21,76
42,2,62
31,16,66
85,18,72
43,18,71
36,6,64
10,19,79
47,15,69
13,23,82
92,4,65
54,10,65
127,9,73
11,22,84
54,10,64
24,12,68
121,16,80
68,3,63
71,21,75
38,4,63
63,5,64
0,17,80
59,19,70
58,19,70
30,12,65
75,16,71
1,4,68
105,17,75
65,20,71
49,14,68
85,12,67
6,3,66
72,17,71
37,21,71
58,23,72
23,5,64
124,6,71
1,13,76
82,16,71
109,3,68
8,14,77
101,22,71
74,17,71
57,19,71
48,23,75
16,19,76
72,21,74
36,14,65
89,9,66
32,14,65
16,17,76
122,17,83
45,8,64
7,11,73
122,19,83
103,12,71
34,4,63
85,0,63
3,14,77
17,23,79
117,23,87
120,3,70
79,11,68
18,22,76
3,12,75
116,8,73
32,3,63
108,21,77
92,14,68
75,4,63
81,22,75
66,11,66
83,1,63
51,14,67
41,1,62
44,20,72
114,4,69
11,16,75
105,17,74
77,4,63
13,15,74
112,16,76
118,16,79
106,5,67
49,11,66
48,19,72
91,16,69
14,23,81
77,18,73
79,22,75
37,17,68
77,2,63
28,18,67
127,14,78
6,4,68
104,7,67
77,6,63
115,23,85
23,8,66
104,21,73
114,20,81
14,10,71
108,8,71
80,14,69
91,16,70
112,17,78
96,8,66
17,22,78
5,4,67
122,8,73
2,9,73
91,2,64
21,21,73
127,2,69
111,13,74
21,2,62
70,0,62
64,8,65
19,23,76
10,8,69
102,11,69
2,14,77
22,16,71
3,5,68
99,15,69
79,8,66
9,14,76
126,17,79
123,22,86
16,13,72
73,14,69
27,9,64
22,2,63
33,20,68
86,6,65
84,23,76
16,15,73
31,11,64
16,6,66
106,17,76
111,15,76
59,2,62
9,16,76
40,11,64
26,7,64
28,10,65
2,17,82
45,10,65
7,3,66
83,15,70
21,22,72
105,22,74
41,18,70
1,8,71
31,6,64
67,5,64
126,4,70
119,16,80
41,20,71
40,11,65
61,19,69
31,22,68
102,15,70
114,12,75
87,15,69
45,10,64
48,10,64
28,13,66
40,4,62
123,11,76
113,15,76
57,17,69
98,13,68
118,10,75
67,9,65
41,22,73
126,18,81
32,9,64
5,8,70
121,6,72
36,18,69
104,1,65
21,5,65
84,11,67
97,1,65
116,22,86
44,4,63
43,21,72
61,3,62
118,9,73
106,19,76
55,3,62
121,18,85
121,7,74
103,16,70
103,8,69
109,14,74
73,19,72
118,6,72
85,6,65
109,21,78
85,6,64
2,16,78
111,13,75
126,15,78
40,1,62
76,7,64
38,21,70
41,12,65
101,23,70
29,4,63
95,9,67
27,7,64
87,0,64
96,1,64
36,15,66
91,7,65
26,20,68
44,8,63
108,20,77
14,15,73
27,18,66
116,4,69
17,13,72
11,4,66
29,2,63
100,21,70
2,9,71
123,23,88
12,14,74
97,19,69
122,15,79
110,23,78
64,19,70
106,3,66
70,19,73
43,6,63
100,10,68
32,20,67
115,22,83
0,14,77
123,18,82
44,11,65
103,14,70
73,8,65
84,8,66
50,14,68
96,16,68
124,8,73
20,11,69
76,13,69
8,13,76
2,0,65
25,21,68
109,11,73
102,23,71
48,16,69
81,1,62
86,7,64
122,0,68
56,7,64
64,10,65
113,17,77
24,16,69
2,13,75
126,23,84
71,0,63
10,13,74
2,14,76
118,23,88
85,9,65
36,0,62
72,2,62
82,2,63
84,5,64
76,16,70
13,0,63
33,1,62
120,19,84
118,9,74
124,23,87
9,19,82
38,15,66
84,14,70
12,21,83
8,18,78
111,20,79
14,0,63
68,15,69
26,8,64
20,3,64
108,10,72
43,20,71
65,12,66
113,2,68
74,21,75
77,16,70
105,2,65
74,21,74
120,20,86
124,16,79
84,21,75
106,18,74
114,23,81
18,9,68
28,7,64
47,10,65
126,23,87
118,23,87
75,18,73
97,17,68
79,0,62
82,4,64
106,7,68
57,1,63
52,11,66
88,15,69
103,18,71
2,23,86
124,0,67
91,14,68
51,23,76
90,14,68
97,2,65
20,14,70
64,9,65
93,23,73
107,4,68
31,21,68
51,21,74
16,1,64
46,15,68
123,15,78
114,13,75
77,7,65
13,21,80
13,4,66
11,18,77
107,7,69
21,1,62
59,15,68
41,4,63
91,17,70
7,4,67
16,0,63
48,6,63
115,9,73
79,14,70
59,17,68
72,6,64
49,20,73
10,22,85
112,13,75
110,2,66
17,11,70
125,4,70
8,21,85
107,23,77
108,19,78
38,11,65
26,4,63
114,3,68
11,9,70
105,2,66
50,10,65
54,20,72
4,18,82
62,12,66
89,3,64
52,23,75
73,21,75
93,15,68
7,17,82
34,19,69
124,23,84
15,20,79
88,22,75
20,10,67
26,8,65
94,2,64
118,1,68
12,4,67
44,17,69
113,19,81
122,18,81
8,9,70
39,18,69
69,17,71
119,20,83
49,0,63
51,12,66
51,22,76
119,8,74
65,5,64
73,12,68
25,16,68
9,4,67
82,15,71
59,21,70
8,9,71
21,7,65
19,8,67
64,17,68
72,20,74
14,5,67
25,8,64
38,4,62
106,8,69
18,11,69
71,1,63
94,11,67
8,10,72
125,22,84
30,9,64
58,0,63
109,15,75
9,18,78
17,0,63
25,13,67
120,1,67
56,20,71
79,18,72
87,11,67
121,10,76
119,4,71
15,10,69
73,9,66
52,10,65
78,7,65
86,23,75
20,23,76
28,1,62
79,16,71
16,7,67
31,15,66
18,18,75
68,2,63
71,12,67
53,1,63
21,20,75
29,12,65
16,2,64
107,23,75
8,18,77
38,3,62
117,3,69
33,13,65
120,9,76
126,2,68
72,13,68
92,2,64
68,17,71
23,7,64
25,6,64
100,20,70
120,0,67
47,19,71
58,5,63
23,7,65
49,5,63
35,18,68
25,11,67
83,11,67
125,19,82
120,22,88
17,18,76
0,21,84
51,17,71
81,7,65
48,22,75
124,9,75
3,8,70
123,10,76
65,21,70
93,18,71
61,12,67
76,12,68
71,23,76
98,0,64
26,1,62
76,22,76
57,20,71
67,16,70
41,19,70
33,22,69
119,3,70
34,3,62
28,11,65
84,16,70
10,12,72
26,11,66
21,5,64
52,3,63
5,7,70
69,20,73
118,21,84
96,4,66
84,7,65
12,3,65
48,16,70
53,16,69
3,3,68
42,7,63
84,7,64
76,23,77
28,19,66
72,16,70
77,15,70
96,7,66
3,10,73
3,9,72
36,14,66
90,23,75
127,20,82
6,5,69
117,20,81
87,18,71
85,22,75
107,14,74
16,5,66
51,21,73
22,3,62
35,5,63
76,9,66
93,20,72
114,9,72
11,20,80
52,22,74
59,19,69
100,7,66
18,23,78
85,16,71
25,22,69
116,4,70
80,22,75
96,5,66
29,3,63
105,16,72
33,14,66
65,6,64
4,12,74
7,15,80
92,21,72
84,1,63
49,2,63
11,10,71
80,21,74
76,10,66
2,20,84
117,20,84
28,11,64
21,4,64
102,2,65
14,20,80
12,20,82
65,21,72
45,20,73
70,7,63
17,22,77
80,17,71
89,11,67
61,21,69
99,3,66
106,16,73
63,19,70
118,21,87
90,19,71
96,17,68
57,13,67
34,14,66
9,1,65
15,9,69
64,4,64
120,19,83
67,13,67
34,16,66
109,16,75
16,8,68
49,21,74
37,10,64
104,10,69
97,9,66
40,18,69
55,15,68
71,20,74
108,1,65
115,6,71
19,21,75
11,14,74
3,15,80
16,13,71
102,14,70
23,9,66
125,7,72
55,18,71
48,13,67
40,9,63
33,23,69
51,11,66
105,6,68
56,15,69
56,3,62
106,19,73
123,1,68
42,15,67
95,14,67
114,5,70
127,18,81
12,20,77
55,21,73
97,16,69
43,22,73
39,15,67
37,13,66
59,5,63
19,20,75
64,3,63
29,19,67
35,19,69
94,5,65
96,1,65
113,4,69
0,8,71
120,17,81
36,12,65
89,7,65
34,18,68
20,18,73
55,18,70
42,22,73
21,22,75
68,4,63
54,19,71
25,16,69
2,16,77
74,1,62
61,23,72
22,13,70
8,12,76
13,11,72
16,18,76
100,19,69
122,18,83
56,9,65
53,16,70
58,10,65
99,22,71
94,21,71
89,22,73
107,13,72
115,20,82
43,8,63
75,1,62
66,12,67
17,15,73
28,20,66
54,15,69
21,23,75
24,14,69
127,22,84
89,3,65
114,9,73
98,14,67
55,15,69
113,17,79
41,0,62
108,8,70
43,23,73
36,9,64
70,11,67
98,2,65
84,20,73
105,9,69
124,22,88
110,14,74
124,1,68
13,12,72
1,11,74
49,22,74
86,6,64
123,0,67
85,3,64
42,11,65
69,23,76
9,0,64
77,10,66
41,23,74
26,16,68
44,21,73
23,14,70
72,11,67
116,11,75
30,13,65
108,2,67
125,14,77
101,8,67
114,20,83
124,23,86
112,16,77
63,22,70
105,11,71
124,13,77
49,10,64
33,5,64
72,23,76
74,20,73
104,18,71
122,2,68
44,14,67
22,14,70
48,20,73
1,16,77
104,7,68
80,22,76
62,22,71
93,21,72
10,17,76
35,12,65
45,15,69
32,22,68
70,22,75
81,13,69
10,11,72
45,7,63
65,2,63
107,11,71
70,23,76
49,10,65
9,8,69
8,11,73
9,0,65
5,10,72
78,17,72
123,15,80
99,13,67
28,0,63
97,23,71
96,22,72
0,23,87
46,18,70
11,22,83
26,6,64
94,23,72
87,16,70
79,5,64
91,4,65
52,22,75
114,14,77
35,20,69
14,2,65
94,17,70
54,11,66
77,7,64
16,21,77
14,3,66
65,13,67
108,7,69
121,9,74
36,1,62
14,2,64
22,12,69
54,22,73
15,2,65
6,5,68
96,14,67
12,12,72
100,18,69
109,20,78
1,1,66
101,15,69
17,16,75
79,21,74
82,19,73
46,17,70
55,23,74
98,8,66
47,19,72
68,11,65
6,14,75
121,8,75
43,9,64
34,22,70
44,9,64
43,14,68
22,7,65
67,14,68
39,5,63
8,8,70
123,14,78
86,14,68
61,4,63
69,16,70
124,11,75
9,15,76
16,19,77
63,12,66
28,8,64
66,10,65
45,13,67
99,20,70
84,17,71
27,13,66
99,4,66
52,4,63
111,17,76
10,20,82
7,19,83
118,20,83
9,12,74
90,0,64
89,0,64
116,12,75
124,21,83
54,20,73
72,15,70
14,0,64
84,21,74
122,3,69
57,20,72
63,7,65
44,12,66
44,1,62
67,2,63
117,14,77
18,19,75
2,1,66
36,22,71
6,13,74
76,22,75
100,8,67
100,15,69
55,22,74
25,6,63
93,3,65
31,21,67
120,22,89
112,20,80
40,12,66
13,5,67
39,8,64
82,17,72
72,0,62
5,1,66
105,17,72
19,9,67
92,8,66
115,5,70
3,21,84
96,3,66
97,6,66
77,22,76
75,15,70
99,17,68
42,12,66
72,1,63
61,19,68
70,1,62
15,7,67
33,0,62
72,21,75
59,15,67
2,5,69
92,5,65
79,4,63
126,12,76
69,6,63
18,8,67
70,15,69
114,0,66
110,0,66
119,14,78
28,17,66
35,22,70
33,18,68
0,7,71
30,16,66
7,19,84
11,10,70
26,21,67
63,13,67
3,20,84
82,22,76
30,22,67
28,20,67
127,9,74
86,13,68
77,0,62
43,13,66
81,22,76
115,11,75
63,7,64
60,23,72
14,18,77
121,20,84
94,6,65
8,21,84
97,23,73
7,18,84
17,19,77
96,13,68
56,19,72
107,15,73
27,12,66
60,11,66
79,10,66
16,1,63
101,7,66
88,18,71
123,5,71
62,19,69
11,12,72
113,19,79
111,3,68
17,3,64
68,13,67
56,4,62
111,22,80
32,11,65
69,10,66
12,23,82
94,11,66
110,8,71
38,13,65
9,15,75
45,22,73
47,22,74
77,23,77
92,12,66
32,11,64
88,6,65
116,20,85
114,20,84
121,13,79
4,9,72
41,13,67
23,15,69
25,9,66
120,13,78
29,13,65
63,1,63
99,21,70
21,20,74
109,1,66
119,9,76
113,3,68
27,22,68
94,15,68
15,15,74
14,18,76
15,8,69
44,6,62
21,15,71
65,0,63
10,11,71
120,18,84
121,20,87
18,10,69
6,18,84
42,1,62
86,21,74
8,18,83
104,2,65
108,13,73
18,20,76
122,20,86
119,22,87
36,11,64
103,3,66
23,13,68
125,10,75
90,22,73
75,12,68
109,5,69
72,7,64
81,23,77
17,3,65
118,2,69
85,17,71
3,0,66
68,16,70
99,3,65
108,5,68
30,3,63
117,11,76
41,10,65
127,16,78
5,11,74
78,21,77
74,11,67
85,13,68
79,15,71
7,5,68
106,16,75
91,9,66
70,2,62
83,17,71
104,19,72
23,3,63
51,15,69
54,22,74
82,23,77
124,19,81
72,1,62
120,2,69
23,8,65
39,9,64
126,10,74
53,6,63
73,22,75
119,13,77
15,13,71
118,21,83
88,9,65
15,1,64
90,15,69
21,18,72
120,14,79
57,8,65
63,23,70
13,20,79
114,7,72
113,15,77
3,23,86
24,10,67
43,7,63
75,14,69
118,12,77
107,14,73
103,23,72
92,7,65
82,0,62
74,22,75
25,10,66
120,11,78
120,6,72
35,19,68
122,9,75
81,7,64
98,19,69
1,18,82
11,23,83
68,23,74
67,22,72
78,2,62
87,23,75
12,15,75
66,13,66
111,17,77
19,14,72
81,20,74
12,18,77
13,12,71
100,12,69
57,16,69
43,0,62
45,21,73
84,23,75
96,12,67
28,4,63
96,17,69
94,13,67
115,21,84
12,1,64
95,23,72
66,16,69
121,14,81
126,8,74
60,9,66
39,6,64
12,13,72
5,14,79
119,9,77
57,19,70
29,14,66
70,20,75
70,22,74
104,19,73
28,7,63
7,15,77
111,6,69
97,3,66
86,17,70
115,3,69
66,0,62
104,10,70
98,9,67
119,18,82
125,23,85
14,22,80
119,5,71
19,13,70
88,23,74
27,3,63
40,17,68
95,18,69
126,22,83
89,10,65
38,19,70
95,23,73
17,17,76
27,10,65
108,10,71
53,21,74
109,19,77
96,10,67
71,3,62
50,8,64
18,2,63
14,9,69
52,17,70
1,4,69
32,16,66
124,23,85
65,14,67
37,20,70
95,15,68
39,8,63
11,5,68
47,23,74
57,0,63
25,23,68
71,5,63
103,21,71
95,21,71
45,1,62
99,9,66
83,8,65
5,23,87
36,15,67
26,16,67
50,19,71
124,15,78
115,15,78
127,8,73
76,6,64
46,5,62
9,5,68
36,21,70
79,9,66
65,13,66
62,15,67
27,6,64
119,19,82
30,15,65
51,14,68
86,16,70
24,22,69
23,16,69
70,13,67
9,3,66
123,20,83
85,21,73
124,18,81
98,20,70
110,12,74
53,13,67
125,9,74
101,7,67
79,23,76
27,20,67
120,20,85
104,6,67
41,14,66
106,1,66
62,0,63
115,18,80
110,5,69
58,3,62
27,10,64
86,16,71
60,19,70
31,20,68
63,21,69
18,12,69
77,11,68
121,20,83
10,19,83
114,11,75
68,20,73
82,15,70
69,12,66
5,9,72
64,13,67
113,16,77
24,9,65
15,16,74
103,1,65
66,19,70
49,16,70
11,20,83
90,21,72
107,11,72
4,0,66
77,6,64
78,10,66
32,8,64
101,18,70
29,20,66
112,2,68
5,6,70
57,3,62
24,9,66
123,23,89
103,3,65
2,22,85
29,10,65
8,16,76
6,19,83
54,18,71
60,15,67
123,9,74
54,6,64
17,16,76
3,11,74
37,5,63
122,20,84
102,17,70
55,22,73
103,4,66
126,5,71
119,4,70
90,21,73
6,2,66
82,0,63
66,22,72
116,18,80
41,8,63
115,16,78
42,12,65
77,5,63
84,8,65
27,2,63
64,12,66
5,16,81
7,14,75
121,23,89
70,17,71
107,16,74
14,4,66
39,21,71
88,14,69
42,13,66
37,15,66
2,7,71
23,21,70
73,1,63
48,1,62
127,6,71
29,10,64
60,14,67
18,22,77
87,13,67
86,23,76
87,21,74
19,7,67
106,22,76
121,15,79
115,23,82
126,3,70
6,9,71
40,16,68
24,6,64
122,19,85
103,6,66
116,0,66
17,19,75
12,20,81
96,16,69
52,8,63
113,23,82
116,23,83
84,6,65
117,21,83
65,17,69
71,6,64
86,13,69
43,19,70
0,10,72
7,18,83
39,4,62
37,12,65
115,23,86
114,21,84
29,15,66
122,21,87
33,19,67
20,17,73
12,11,72
64,20,70
121,18,82
61,20,69
90,1,63
81,0,62
80,5,63
104,8,68
27,15,67
114,15,77
90,0,63
11,8,70
29,21,67
33,11,64
17,20,77
94,12,67
42,18,70
15,8,68
31,0,62
66,0,63
126,13,77
19,15,71
95,3,65
28,1,63
6,7,70
22,19,71
68,2,62
127,1,69
5,3,67
120,21,87
73,23,78
22,17,70
68,7,64
56,17,70
35,22,71
78,17,71
47,7,63
52,13,67
114,19,80
78,0,62
34,6,64
124,17,80
105,3,65
92,21,73
69,15,69
115,1,67
88,7,65
16,21,79
127,21,82
46,13,67
114,4,70
46,21,74
109,12,73
104,5,66
110,19,78
108,0,65
81,8,66
105,7,69
4,11,73
71,3,63
103,12,70
75,11,67
119,21,86
27,17,67
102,6,66
111,11,73
39,22,71
14,4,65
118,0,66
34,4,62
106,20,75
32,5,64
77,12,67
52,17,71
121,23,90
69,19,71
