111,21,100
15,21,108
5,17,113
27,22,89
66,15,72
28,11,103
13,21,106
72,11,70
58,19,72
43,13,81
68,20,69
32,9,90
79,20,72
93,12,78
60,20,72
33,20,87
0,20,113
117,14,91
22,20,108
24,15,106
82,17,73
79,11,70
30,11,96
5,14,116
86,16,75
45,9,83
87,14,75
48,17,78
32,16,93
40,15,82
47,19,80
78,17,70
108,10,84
84,8,71
48,12,80
35,20,85
17,21,107
7,16,113
63,15,72
100,9,83
4,11,115
38,13,84
3,23,109
48,13,81
78,9,70
73,19,72
111,17,93
64,20,70
88,19,77
30,15,98
88,23,78
108,14,88
105,21,91
50,11,79
33,17,87
112,12,87
14,15,111
33,12,89
112,8,86
92,9,75
29,15,97
0,19,113
12,15,112
92,17,79
49,22,76
74,15,69
30,16,99
87,9,73
73,14,69
106,12,87
62,16,73
105,17,87
71,23,69
4,19,111
54,21,73
49,11,81
56,22,74
30,16,96
117,12,90
114,19,103
27,20,104
95,10,78
29,20,97
28,13,104
1,18,115
62,20,71
6,12,116
80,13,71
37,17,85
74,8,71
98,14,82
27,10,104
9,14,114
33,11,88
78,13,70
82,21,74
45,19,80
21,8,109
116,17,105
25,23,90
21,22,107
103,16,85
74,8,70
40,20,82
64,19,70
103,22,88
70,17,71
48,11,83
117,8,90
89,22,79
79,14,71
27,21,105
49,22,75
95,10,79
31,12,89
19,23,106
70,18,70
84,11,72
61,11,75
100,19,85
49,8,82
47,20,80
10,14,113
3,18,112
119,13,93
7,13,114
43,11,83
34,22,84
81,8,71
98,13,82
101,13,84
117,20,108
43,10,84
27,12,106
40,22,81
114,12,87
57,10,76
109,23,99
19,19,109
86,18,76
31,12,91
15,8,114
55,19,75
69,15,70
45,9,85
9,10,117
29,15,101
56,19,75
113,20,104
39,15,86
24,21,95
49,17,79
29,19,92
4,23,108
22,23,97
74,12,71
63,14,73
47,21,80
96,17,81
48,8,83
86,8,73
13,8,116
116,10,90
115,17,106
10,19,111
15,23,107
115,18,97
43,9,84
3,16,113
8,20,108
85,21,76
30,15,100
53,18,74
68,20,70
112,20,105
67,13,70
39,16,84
87,13,74
22,20,109
5,15,115
30,13,101
82,16,72
119,23,111
64,11,73
107,23,95
50,11,81
105,12,85
0,11,118
99,20,84
8,13,113
72,12,69
50,17,77
38,9,86
95,13,80
15,11,114
49,20,78
73,15,71
6,17,111
55,16,77
52,23,76
5,14,114
112,21,106
21,12,110
55,15,76
20,22,108
22,18,108
6,9,118
57,20,73
38,20,83
115,22,108
116,17,104
44,17,80
16,23,105
47,9,84
119,11,102
110,18,96
1,12,117
41,17,82
1,9,118
54,15,76
107,18,90
43,12,83
69,11,70
6,10,117
46,13,80
117,14,90
95,8,77
56,18,74
112,17,94
83,17,74
88,17,77
13,19,107
47,16,80
105,22,90
91,8,75
108,8,84
0,14,115
65,11,74
103,14,85
10,15,113
27,17,103
17,19,109
57,9,78
21,19,109
9,17,113
103,18,86
63,16,71
69,17,69
114,19,106
83,8,71
8,9,117
15,18,111
62,19,71
30,10,100
27,8,104
78,11,70
58,9,76
60,8,78
55,11,77
118,18,107
51,21,75
1,15,116
82,11,72
1,20,113
49,19,76
92,20,80
80,11,71
54,20,74
100,13,83
65,12,73
91,10,76
46,23,76
60,16,71
34,22,86
14,19,110
119,10,91
71,14,69
69,9,71
71,23,70
15,10,113
68,21,72
76,16,72
14,18,110
37,22,83
17,22,106
4,22,110
46,17,78
17,18,109
110,17,96
109,22,96
35,9,89
120,20,109
60,14,72
47,15,80
16,14,112
107,18,89
5,19,110
119,18,106
69,18,69
30,11,98
111,20,98
112,22,106
43,9,85
108,14,89
93,16,79
9,12,114
75,16,72
119,10,102
115,17,92
114,18,97
77,16,71
44,9,83
23,19,107
116,23,109
120,15,107
10,10,116
6,16,111
74,18,72
91,20,79
21,15,109
89,23,80
111,17,92
119,17,107
118,10,91
83,12,71
6,9,117
42,23,79
22,23,105
5,23,109
25,20,92
120,22,112
47,23,75
86,10,72
101,14,83
73,17,70
18,22,106
42,8,85
101,22,87
47,11,83
100,20,86
100,8,81
107,21,91
79,8,70
55,18,76
103,20,88
32,16,92
34,8,90
106,19,91
30,20,100
75,13,71
36,23,85
75,10,71
110,20,98
117,14,89
114,18,95
36,18,87
93,10,76
42,19,83
30,20,99
48,10,80
26,22,100
118,14,93
29,18,105
4,16,115
28,20,97
59,11,76
87,10,74
66,22,71
47,18,77
29,14,104
33,20,86
13,23,105
25,23,104
40,13,83
48,14,79
67,15,69
28,19,105
37,15,84
109,23,97
42,16,82
25,21,106
0,14,116
62,9,75
59,14,73
5,18,112
61,19,71
63,22,69
102,17,86
80,17,72
19,20,110
23,22,94
56,8,81
97,21,84
10,19,109
72,21,70
114,21,107
45,8,84
90,8,74
115,15,90
59,12,75
57,12,75
5,13,114
119,17,106
11,11,115
118,12,105
50,22,76
23,12,109
3,18,113
30,10,98
111,21,98
71,14,70
7,21,109
75,16,71
112,18,97
112,20,100
27,20,105
85,15,73
73,16,70
32,17,93
65,10,73
31,18,96
72,16,69
52,19,76
118,14,91
116,14,90
101,23,87
109,16,91
106,19,89
87,19,77
86,18,75
13,14,111
31,22,86
2,9,118
61,16,72
82,18,73
12,16,111
15,12,114
40,22,82
95,11,79
38,12,85
33,18,88
104,8,82
16,21,109
86,21,76
43,18,81
119,10,101
7,13,113
59,23,70
66,11,71
46,13,82
26,21,106
30,18,102
9,14,113
87,17,76
52,12,79
107,22,92
69,20,71
38,13,85
110,9,84
2,10,116
70,16,69
35,12,88
48,23,77
118,18,106
69,19,70
21,16,110
48,23,75
113,12,88
48,22,78
27,19,105
119,22,110
56,18,75
113,11,87
16,18,110
52,13,79
114,18,103
9,15,114
60,9,76
46,10,84
41,8,86
4,17,111
9,15,112
12,13,112
86,20,77
49,20,76
18,19,109
68,21,71
17,17,110
13,22,108
48,19,77
96,22,84
63,16,72
40,23,82
6,21,109
12,19,110
53,10,78
95,16,80
102,15,85
12,8,117
10,17,110
23,23,93
94,14,79
101,11,83
41,12,83
58,23,72
75,16,70
45,10,83
39,15,84
117,16,96
12,14,114
103,13,85
109,23,101
73,21,69
53,19,75
60,17,72
50,16,76
30,11,100
64,13,73
49,22,77
53,14,75
34,21,85
37,14,86
63,10,75
36,22,82
23,22,95
44,22,79
111,20,102
14,9,113
23,23,102
23,22,105
54,9,79
57,21,75
0,15,117
14,18,108
57,19,75
11,11,116
29,13,102
75,19,71
116,17,100
27,16,106
51,10,82
99,16,82
117,17,99
72,21,71
23,23,107
28,10,103
10,21,109
110,23,102
30,13,102
77,10,70
114,17,92
25,10,105
51,14,76
0,15,116
60,23,71
30,14,93
62,11,73
50,20,75
51,14,77
119,18,107
50,16,78
36,20,84
107,12,88
57,20,75
77,20,71
13,18,108
97,14,80
111,22,99
88,23,79
25,9,105
0,21,112
83,11,72
8,17,112
39,17,83
62,10,74
119,14,93
47,19,79
52,23,75
95,21,82
11,22,105
62,10,75
78,14,70
90,19,78
40,17,82
3,22,110
120,11,107
11,12,114
98,15,82
27,14,106
120,16,107
26,22,103
41,20,80
106,14,87
4,21,111
50,9,81
77,18,70
74,11,70
64,17,71
98,21,85
69,13,70
60,19,71
8,22,108
4,13,114
68,8,72
67,22,70
17,12,113
48,15,79
45,21,77
80,23,76
30,19,103
69,8,72
34,10,89
62,19,70
10,20,109
103,21,88
113,9,86
56,11,76
67,11,71
49,18,77
100,17,83
27,20,92
1,16,114
47,11,82
10,16,110
115,13,88
31,11,93
33,8,90
32,10,90
66,14,70
14,22,105
16,15,113
12,17,109
9,15,113
116,15,91
79,16,71
71,10,71
97,17,82
84,21,75
82,20,74
89,17,77
83,17,73
68,15,69
9,17,111
114,19,104
14,14,112
76,20,70
62,17,72
104,21,88
27,17,105
117,12,89
55,10,78
87,17,75
16,17,111
75,16,69
112,19,102
35,16,85
102,21,87
30,13,99
65,9,75
14,13,114
49,15,80
18,10,110
28,8,102
41,12,85
90,12,75
60,10,76
4,17,113
25,13,108
53,11,77
17,11,112
110,16,93
44,11,83
7,15,112
86,12,74
65,13,73
119,10,92
50,15,77
26,20,92
30,22,89
105,22,89
79,18,72
46,22,78
60,22,70
33,15,87
46,23,77
26,11,104
8,13,115
75,18,70
55,12,78
12,9,116
75,17,71
20,22,107
29,9,99
3,22,111
29,8,100
39,19,83
27,15,106
51,22,76
90,18,78
26,14,106
99,18,83
94,17,79
96,21,83
57,9,77
112,19,104
109,10,84
29,16,103
41,22,82
120,9,101
107,22,91
103,15,86
27,9,104
45,12,81
90,8,75
42,11,86
87,22,77
26,22,102
18,23,108
31,17,99
47,8,84
6,11,117
54,18,76
44,20,78
56,21,75
48,22,75
32,17,90
49,18,76
43,13,83
1,22,110
50,15,79
47,22,76
74,23,71
63,21,70
108,15,90
17,17,112
35,23,85
34,14,87
107,13,87
13,20,107
59,10,76
42,18,80
107,18,91
66,20,69
34,12,89
15,20,109
13,17,110
120,13,107
26,9,103
33,19,87
24,23,100
102,11,82
8,18,109
41,22,80
25,18,107
67,13,71
65,23,71
101,20,85
75,18,72
67,10,71
89,13,76
91,13,76
117,17,97
18,13,112
22,19,108
72,22,69
30,22,87
26,16,105
109,18,94
26,21,104
57,11,76
42,9,85
24,17,106
76,22,71
100,8,80
97,22,84
6,18,111
120,12,106
64,16,72
117,16,93
80,22,73
111,20,99
54,12,78
49,14,78
76,18,70
25,21,107
114,14,89
93,22,82
89,11,74
115,8,88
16,11,113
48,15,81
28,20,103
48,14,80
105,21,89
41,21,81
8,20,110
91,15,78
55,13,78
60,18,72
32,20,88
75,8,71
24,9,106
29,9,100
30,17,96
105,10,83
34,16,86
114,18,94
22,14,109
49,13,80
7,9,116
34,18,88
7,17,110
34,22,85
44,9,84
27,18,105
47,10,81
68,11,72
75,14,70
9,13,114
43,20,80
101,9,81
25,21,93
101,17,85
108,20,91
71,11,70
70,18,69
108,23,96
55,13,75
39,22,83
38,14,84
23,12,108
16,19,109
49,10,81
97,8,79
37,22,84
41,14,82
1,13,116
81,23,74
104,22,88
29,19,104
79,15,70
87,18,76
29,8,96
9,9,117
105,15,86
60,19,72
65,20,70
71,15,69
15,18,108
47,13,81
108,17,91
37,13,87
82,22,75
118,23,110
108,13,90
47,23,77
70,11,71
93,18,80
8,11,114
32,14,88
61,14,73
103,19,86
77,22,72
44,17,81
66,8,72
88,15,75
30,23,88
3,21,112
115,21,108
24,13,108
8,15,111
52,21,75
30,10,101
120,18,109
27,8,105
56,17,76
35,23,84
28,14,103
40,8,86
74,15,70
98,12,81
35,22,87
51,18,75
80,15,71
55,13,77
9,18,111
103,10,83
35,13,88
92,21,81
42,13,83
89,21,78
32,18,91
120,10,102
115,17,95
120,13,93
31,16,95
45,11,83
117,14,105
78,21,71
67,9,71
70,10,72
28,13,106
56,9,79
73,12,69
50,23,77
28,12,105
49,14,77
114,15,91
27,20,99
45,10,84
76,17,69
83,18,73
84,19,74
7,22,109
49,9,80
31,19,94
110,19,97
64,16,70
30,23,86
91,20,80
105,20,89
99,13,82
2,21,112
22,10,108
10,16,112
11,14,111
68,8,71
29,22,90
101,19,86
32,23,88
92,16,79
56,16,73
64,12,73
117,23,111
99,19,85
112,18,98
112,19,99
18,18,109
117,23,110
24,23,98
32,22,87
44,21,78
85,22,76
11,9,116
119,13,96
6,12,114
58,20,71
7,20,110
52,8,79
119,22,111
15,21,109
18,22,107
54,21,75
76,15,72
0,20,114
43,14,82
47,15,79
54,17,74
56,17,75
110,22,101
72,11,69
88,15,76
59,16,73
16,17,110
53,15,75
45,23,77
87,23,78
79,18,71
9,11,114
86,15,75
50,8,82
24,14,108
109,13,87
88,14,75
1,15,115
53,12,78
36,11,87
99,23,86
64,19,69
108,11,86
17,18,110
104,19,88
70,19,70
46,14,81
113,18,100
20,16,111
109,23,98
30,12,98
41,10,84
112,18,95
2,14,114
84,10,72
22,8,108
62,18,71
26,14,105
4,14,115
115,17,91
78,23,73
38,17,83
4,12,116
64,23,69
51,20,76
48,20,78
15,9,113
111,12,86
33,10,89
49,10,82
71,12,69
69,22,69
115,12,88
114,18,104
1,12,118
65,18,69
70,15,70
4,21,110
78,20,71
28,16,102
68,13,70
49,16,78
78,21,72
96,14,80
99,17,84
89,18,77
46,12,82
30,17,102
119,14,107
43,23,78
25,13,106
31,13,93
117,11,90
9,9,116
74,21,70
72,8,70
110,13,88
50,13,78
41,18,81
51,20,77
89,8,73
62,23,70
17,10,111
25,22,90
19,12,111
11,19,109
83,18,74
99,23,85
109,18,95
67,13,72
25,21,95
108,20,92
100,23,86
58,10,77
20,9,109
69,10,72
45,23,76
33,18,89
57,16,73
31,17,93
26,22,104
101,9,83
5,22,108
99,10,81
117,17,108
60,12,74
56,21,73
78,14,71
69,17,70
88,18,77
20,16,110
24,22,92
39,10,86
85,12,72
64,18,71
33,23,85
66,19,69
95,15,79
48,14,81
114,20,107
77,10,71
57,18,75
20,20,110
60,17,73
103,23,89
34,21,86
25,15,107
116,19,106
25,14,107
46,9,85
38,21,81
26,23,90
75,17,73
3,22,112
95,18,82
32,20,86
46,19,80
23,10,108
52,14,75
120,14,107
100,9,81
110,22,103
25,22,105
97,21,83
30,20,88
81,20,74
114,18,100
47,15,81
17,23,107
74,14,69
20,9,108
113,19,102
20,18,110
120,21,109
41,23,81
71,15,70
25,22,106
70,12,70
11,22,106
87,14,74
80,8,70
19,11,111
30,19,98
108,17,90
5,20,110
53,21,74
69,14,71
29,20,100
60,9,75
77,13,70
114,16,91
113,23,106
21,23,108
12,9,117
42,21,80
39,12,85
30,10,102
61,11,74
1,17,113
79,13,71
112,20,104
48,12,82
66,13,71
96,22,83
50,14,77
47,19,77
23,21,106
30,10,93
38,21,82
69,20,69
31,16,89
61,21,72
71,11,71
89,12,75
104,20,87
14,20,109
84,15,74
11,23,107
45,17,80
26,19,105
28,20,99
8,21,109
112,19,103
111,16,92
28,14,106
42,18,82
21,14,111
55,9,77
77,12,71
85,12,73
44,14,80
92,13,78
44,12,82
103,9,83
7,16,111
107,22,93
21,23,106
30,19,102
41,12,84
74,20,69
45,20,81
93,18,79
65,15,71
58,11,75
36,8,88
52,12,78
44,15,80
0,22,114
102,19,87
32,14,89
116,8,88
9,22,108
27,9,103
12,13,113
84,12,72
39,12,84
29,16,98
19,15,112
79,15,71
100,14,83
116,17,106
19,22,107
41,13,84
32,13,89
46,22,76
87,10,73
14,19,108
21,17,109
5,9,116
30,19,91
108,9,84
31,21,86
28,20,102
50,10,81
15,23,104
29,13,104
54,12,77
0,23,111
118,20,108
62,21,72
0,22,112
68,18,69
62,17,71
103,15,85
93,14,79
5,10,116
37,21,82
29,16,102
29,9,97
98,16,82
26,10,105
73,18,69
25,16,106
74,19,69
63,10,73
35,20,84
26,17,106
60,8,77
118,14,92
97,15,82
2,18,114
13,8,115
24,23,104
79,17,71
52,16,77
2,14,115
94,13,78
44,19,79
53,13,78
22,17,108
0,23,113
79,21,72
120,9,102
24,22,99
26,22,101
49,11,79
12,10,114
117,10,91
48,19,79
119,12,101
50,13,77
25,23,102
99,11,82
44,13,82
98,8,80
119,9,103
55,23,75
117,16,99
39,17,82
2,23,109
53,13,75
30,20,101
29,8,98
60,9,78
26,19,92
60,13,75
91,8,74
50,19,77
33,12,90
13,15,113
28,21,91
99,20,85
48,11,81
15,22,107
19,10,110
105,21,88
30,16,100
30,11,95
30,17,99
15,16,112
55,22,73
74,13,70
50,21,75
5,22,109
45,12,82
94,16,80
70,22,70
84,17,74
18,13,111
33,22,85
26,15,106
117,8,89
120,11,93
3,13,114
42,20,79
86,17,75
30,15,93
26,21,103
54,13,76
107,12,86
69,15,69
35,20,86
108,20,96
55,21,74
88,8,73
5,15,113
74,17,69
16,14,111
104,9,85
107,22,95
19,12,110
58,17,72
6,19,110
18,23,106
117,13,91
59,15,74
114,22,108
117,19,108
44,14,82
56,8,78
18,18,110
119,14,96
42,10,84
28,13,103
10,20,107
42,22,79
103,17,87
5,10,117
71,9,70
107,9,83
29,14,102
95,12,78
16,12,112
108,12,87
29,21,88
88,10,74
37,8,88
30,17,98
66,19,70
37,10,86
51,12,79
29,22,89
68,14,69
31,12,90
55,14,75
35,14,86
53,18,75
56,12,75
118,15,105
30,15,102
25,20,93
4,15,112
32,15,89
50,8,80
37,20,84
118,15,92
1,14,117
111,22,104
97,16,82
4,16,113
111,21,104
89,9,74
95,23,84
106,20,89
92,13,77
32,16,88
38,19,82
50,9,80
118,17,108
116,16,91
14,17,111
7,14,112
94,20,82
52,14,78
9,16,111
52,18,75
91,17,79
63,14,72
30,16,94
34,19,86
73,23,70
35,15,88
26,12,105
36,9,88
90,11,76
80,21,73
68,12,70
102,22,87
46,11,83
5,9,117
36,15,85
66,14,71
1,14,115
15,10,114
16,16,110
89,18,78
31,13,92
23,22,106
26,20,105
104,22,89
53,13,76
30,17,101
51,16,77
26,16,104
91,18,79
9,14,112
114,8,88
20,20,109
11,17,111
68,8,73
120,10,103
29,20,103
77,18,71
85,21,77
6,10,116
92,10,77
34,17,86
6,15,112
1,22,112
27,8,103
120,13,96
96,20,82
98,20,83
5,18,111
92,22,80
80,19,72
27,17,104
95,11,78
64,8,75
85,20,76
1,21,113
83,16,74
15,13,114
118,16,93
43,21,80
117,20,109
23,13,107
34,21,87
115,18,102
79,11,71
25,20,91
55,16,73
120,20,107
23,19,109
112,23,107
77,14,73
31,8,92
26,20,94
94,14,78
53,8,80
114,16,90
26,20,95
26,19,107
13,19,108
106,22,92
26,17,105
93,13,78
81,21,73
28,20,104
31,18,95
78,15,71
70,23,69
56,16,74
36,21,83
83,13,72
30,21,87
89,13,75
20,21,107
24,12,108
38,23,83
17,8,111
0,17,115
34,12,88
53,17,76
41,23,79
8,18,111
18,19,108
38,10,85
103,12,84
107,8,83
100,15,84
47,13,82
56,20,72
110,10,85
54,8,79
117,15,92
93,21,81
94,23,83
67,9,72
104,10,83
61,13,73
120,12,107
102,18,86
0,10,119
56,8,80
115,15,91
119,11,103
9,8,116
9,12,113
10,10,115
83,11,71
75,17,70
27,16,104
64,9,73
24,20,108
15,11,113
2,14,116
28,8,98
11,8,117
19,20,109
115,20,106
103,23,88
94,18,81
17,10,112
0,9,119
57,10,77
14,21,106
2,8,119
106,16,87
47,17,79
46,20,78
68,15,70
83,20,74
12,20,110
6,20,111
99,22,85
119,12,106
30,13,95
10,21,108
45,16,81
37,23,82
29,9,96
60,16,72
64,22,70
117,17,94
89,8,75
110,17,94
14,12,114
2,8,118
117,13,89
24,18,107
111,16,91
105,16,87
107,17,88
52,9,81
2,9,117
2,15,113
81,23,76
7,10,116
93,8,77
61,9,74
94,20,81
7,11,114
74,20,70
110,22,99
7,8,116
57,15,76
93,10,77
60,16,73
12,18,109
75,23,71
95,8,78
51,21,76
109,12,86
49,15,79
28,21,89
26,11,106
60,15,72
57,17,72
45,23,79
105,23,91
117,15,105
93,9,77
94,11,78
30,11,93
29,16,97
60,20,71
41,8,85
110,9,85
113,10,86
25,23,89
10,16,111
63,18,70
9,15,111
85,15,74
67,22,69
92,14,78
9,17,110
7,16,112
61,10,74
36,22,83
118,11,90
27,9,102
14,9,115
74,19,71
119,13,106
26,18,105
0,19,114
2,19,111
118,15,93
73,12,70
111,19,99
16,22,107
27,21,103
16,21,108
50,9,82
93,19,81
27,20,93
29,13,105
23,23,94
23,23,100
61,8,77
87,20,78
43,16,82
37,19,85
23,23,99
46,12,83
79,23,75
20,12,111
116,17,97
82,15,73
61,18,72
93,21,82
112,15,91
66,23,71
24,22,96
37,16,87
42,11,87
28,21,90
28,22,90
94,14,80
62,19,72
28,8,101
8,11,115
120,11,92
112,18,99
111,8,85
24,23,99
116,16,103
101,21,86
19,22,109
119,13,94
48,16,78
76,16,70
96,16,81
92,8,76
120,8,102
117,15,101
47,12,83
71,19,69
21,12,109
22,10,107
32,17,91
65,23,69
84,16,73
33,21,86
53,17,74
46,22,79
104,18,87
56,19,73
67,14,70
30,19,97
100,10,81
26,8,103
101,12,83
30,18,100
27,20,100
44,21,79
6,15,113
41,19,81
61,14,72
70,20,69
55,16,75
119,13,105
56,13,74
64,8,74
74,22,70
99,18,84
119,13,92
73,22,69
6,13,115
109,9,84
83,9,72
61,19,72
59,23,72
24,8,105
49,16,79
104,23,89
107,17,89
20,8,109
11,19,108
109,19,95
13,18,110
80,23,74
28,19,91
52,15,77
9,23,106
105,17,88
31,8,91
49,23,75
48,9,84
18,16,112
106,15,88
29,12,104
95,15,80
88,18,76
79,8,71
76,23,72
20,11,110
40,21,81
117,21,108
63,14,71
57,15,75
55,8,79
77,15,71
114,18,96
43,22,78
35,15,87
29,8,97
66,8,73
120,11,105
65,15,72
114,8,87
12,15,111
4,21,109
24,19,107
4,9,119
7,23,106
60,10,77
108,12,88
66,10,72
49,8,83
38,13,87
9,8,117
35,21,83
56,23,74
40,14,85
1,20,111
59,21,73
57,17,74
24,20,107
39,22,82
23,23,90
16,19,108
26,21,90
93,17,80
71,8,70
72,9,70
53,9,79
87,19,76
73,15,70
9,19,108
6,8,118
36,13,86
46,10,83
73,9,70
40,19,81
116,21,109
49,18,78
60,18,73
9,23,105
61,9,75
48,16,79
105,9,83
6,22,108
75,9,71
111,21,102
63,17,71
93,23,82
26,13,105
9,11,115
23,20,108
25,8,104
29,12,103
17,19,110
48,9,81
5,16,113
64,12,74
120,19,108
14,10,114
111,19,97
88,22,78
23,23,97
70,19,69
19,14,111
51,23,75
29,22,88
87,8,72
42,12,85
63,19,71
33,20,85
112,17,92
45,8,86
2,10,119
45,8,85
30,10,97
91,23,80
115,18,103
55,22,75
3,9,119
98,15,81
12,19,107
110,22,105
29,21,89
66,13,72
29,15,98
79,12,71
78,11,71
12,19,111
28,19,92
91,19,80
22,19,110
1,13,118
119,16,96
77,12,72
34,13,89
73,13,71
25,20,94
115,18,105
67,9,73
113,15,89
82,16,73
40,9,86
97,20,84
71,16,70
23,18,107
30,11,103
107,12,87
92,10,76
31,11,92
29,10,99
17,22,107
5,13,115
64,15,72
90,23,80
106,18,88
116,17,93
8,12,113
119,13,95
39,18,82
30,10,95
73,19,71
60,10,74
80,8,71
120,12,93
29,20,102
26,15,107
65,23,70
8,18,110
35,21,85
0,21,113
84,16,74
61,10,75
4,19,113
14,8,115
41,18,82
15,22,105
23,23,92
40,14,84
69,18,70
8,15,114
101,11,82
34,20,85
98,11,81
24,21,94
50,17,76
24,12,106
102,15,84
78,22,72
66,22,70
31,9,90
59,10,78
38,18,84
54,10,80
104,23,91
52,11,78
89,11,76
67,12,72
50,15,76
89,19,78
66,23,69
0,18,114
5,11,118
54,12,76
72,10,70
3,17,112
54,11,77
49,12,80
30,14,92
51,13,78
39,15,83
80,20,73
116,23,110
31,18,99
35,14,87
106,13,86
72,19,69
60,13,74
9,20,109
9,8,118
37,21,83
100,14,82
116,18,106
41,17,81
7,19,109
17,12,112
113,18,99
9,16,113
63,9,75
53,22,75
50,12,78
50,22,77
6,10,118
25,14,106
90,12,76
17,11,111
7,20,109
28,9,101
120,11,95
71,10,69
109,14,91
10,13,112
86,20,76
30,15,95
38,10,86
70,14,69
1,11,117
49,13,78
68,10,71
33,16,87
82,15,72
1,12,116
110,23,104
109,17,95
57,20,74
90,11,75
30,10,94
73,20,70
87,15,75
51,14,78
89,19,77
120,11,106
60,13,73
59,10,77
44,8,84
81,13,71
39,14,85
97,10,80
40,23,80
53,18,76
54,11,78
4,9,116
75,8,70
22,8,109
65,16,71
43,21,79
36,12,89
63,17,72
21,12,111
120,10,101
29,15,99
2,13,114
38,13,86
29,8,95
12,17,111
30,19,95
41,14,84
60,12,73
28,18,103
115,18,94
36,10,89
46,18,81
109,14,89
43,15,82
98,10,79
1,21,114
101,10,81
65,8,75
118,15,103
118,16,107
25,19,108
63,20,71
1,17,112
69,16,69
64,15,71
15,18,110
70,10,70
101,13,83
23,15,109
48,13,79
80,16,72
51,8,81
47,23,76
13,17,109
51,11,79
102,9,83
111,22,100
17,20,109
15,17,111
40,9,85
42,17,81
114,20,106
36,14,87
16,9,112
81,11,71
13,15,110
100,18,84
106,10,83
110,16,92
37,11,86
119,19,108
59,8,76
11,21,106
39,16,85
66,16,70
1,8,118
36,19,85
3,8,118
102,22,88
51,10,81
63,18,71
120,9,103
111,21,99
65,14,70
119,11,104
31,14,91
105,8,83
62,16,71
38,19,83
103,10,84
17,23,106
2,18,113
113,20,105
23,14,108
5,23,110
96,12,79
87,11,73
109,14,90
27,11,104
27,19,106
14,9,114
16,15,110
47,21,78
60,23,70
32,15,88
46,9,83
47,12,81
24,23,90
108,15,89
89,16,76
69,21,70
114,15,90
109,16,93
30,14,97
95,9,78
25,15,106
102,21,86
7,8,117
57,19,72
85,17,74
59,22,71
60,9,77
96,20,83
31,19,98
97,9,79
14,15,112
119,14,106
4,22,109
108,23,97
53,21,76
16,19,110
14,18,109
48,21,77
12,20,107
4,10,117
33,12,88
23,12,107
32,16,89
91,8,76
19,21,107
90,19,79
116,9,88
29,16,100
69,23,69
11,16,112
57,17,75
76,17,71
11,9,117
29,19,90
31,14,93
80,12,71
5,15,112
88,12,75
54,19,74
92,19,80
84,20,76
7,9,117
35,11,88
0,11,116
32,11,90
33,20,88
46,11,82
14,16,113
32,19,88
0,13,115
31,12,93
11,22,107
18,11,111
66,10,74
11,13,114
120,23,111
23,21,107
111,14,90
25,17,107
37,8,87
52,17,76
45,20,79
7,10,117
68,11,70
55,23,73
24,14,107
113,22,106
41,11,84
38,18,83
91,23,81
44,8,86
63,11,74
8,20,109
100,16,83
115,18,100
55,14,76
77,21,71
66,8,74
42,18,83
47,12,80
5,11,117
34,15,86
38,21,84
60,19,73
114,13,89
63,10,76
117,16,103
118,13,102
26,20,91
27,18,106
13,23,107
36,19,86
32,16,90
23,23,101
95,20,81
116,17,99
116,17,101
109,20,95
24,18,106
13,8,117
15,11,112
103,9,84
62,18,72
44,19,80
69,22,70
39,15,85
92,9,76
10,18,111
109,13,88
84,8,72
54,9,78
8,17,111
61,20,70
5,10,118
50,16,79
16,10,113
60,21,73
38,23,82
30,21,88
53,14,77
114,22,106
29,19,93
59,11,75
27,23,88
56,18,73
78,16,70
60,21,72
84,23,77
10,10,117
103,19,87
112,16,91
26,21,101
106,9,84
17,21,108
111,17,96
98,10,80
54,15,74
44,22,78
47,18,80
40,15,83
116,21,108
50,12,80
94,23,82
64,16,71
120,17,106
66,16,71
55,19,73
118,22,110
74,15,71
116,22,109
4,20,112
112,13,88
29,16,101
15,21,106
15,20,107
69,14,69
46,10,82
62,14,72
36,12,88
96,8,78
3,8,117
79,14,70
31,19,88
5,19,109
94,12,78
44,20,79
10,17,109
10,8,117
109,10,85
52,10,79
1,10,117
2,12,118
54,10,78
14,16,112
111,10,86
61,21,70
71,8,71
0,9,117
6,21,108
104,12,85
70,15,69
79,21,73
15,8,113
115,18,101
107,10,84
73,17,69
51,23,74
77,8,70
56,17,73
1,22,111
61,21,73
98,13,81
76,18,72
34,23,84
112,8,85
91,16,78
14,14,113
38,16,84
109,21,94
105,16,88
106,20,90
117,14,104
24,21,106
118,12,104
41,11,86
77,23,72
107,14,89
73,11,70
49,21,75
9,22,106
117,15,103
51,20,75
68,11,71
105,15,87
83,23,76
30,15,97
65,19,69
48,16,81
95,17,81
116,17,91
23,22,107
65,14,71
52,13,78
71,10,70
84,12,73
84,22,76
95,9,80
69,8,73
44,18,80
108,16,91
29,14,103
46,15,79
39,13,84
57,21,73
112,19,100
47,12,82
77,19,70
33,22,86
120,9,91
91,22,80
52,9,79
23,11,109
93,22,81
47,16,79
3,21,110
38,11,85
118,15,95
8,10,115
20,23,106
59,14,74
120,10,105
77,12,70
62,8,76
56,11,77
81,17,72
112,15,90
114,15,89
93,11,77
90,21,80
30,11,102
69,21,71
82,18,74
25,11,106
116,15,90
80,23,73
87,12,73
91,14,76
32,22,88
23,16,109
117,17,98
101,15,83
47,17,81
60,21,74
49,14,80
75,14,71
4,17,114
108,18,90
12,15,113
26,14,107
49,21,78
2,23,113
110,23,105
30,13,92
84,14,72
70,19,71
29,20,96
118,15,91
88,8,74
25,21,99
48,21,78
50,21,78
40,8,87
55,23,72
31,14,89
8,10,116
80,23,75
113,8,86
73,19,69
97,12,81
108,22,93
24,11,108
30,9,96
3,15,114
57,8,77
0,14,117
36,18,84
93,14,78
110,22,102
32,23,86
104,10,84
25,19,106
65,9,73
45,14,80
33,16,88
15,15,111
46,11,81
67,9,74
120,12,92
8,23,107
31,14,90
52,22,76
3,20,110
11,21,107
8,12,114
43,13,82
42,10,86
102,10,82
118,13,91
56,14,75
22,19,109
88,16,76
4,22,111
79,10,71
6,14,114
81,15,71
43,15,81
63,13,74
119,15,95
68,20,72
26,13,106
75,22,70
24,22,106
94,16,79
25,17,106
61,12,73
30,14,103
43,8,87
13,17,111
8,8,116
12,20,108
20,23,107
81,9,71
111,9,85
34,11,88
53,8,79
51,12,81
89,8,74
32,11,89
14,17,109
39,9,86
58,23,71
107,21,92
18,16,110
76,10,70
23,23,98
7,23,109
22,22,107
113,21,106
114,23,107
119,20,110
2,19,112
58,22,72
38,14,85
26,20,90
72,17,70
44,13,81
88,13,75
56,20,75
92,21,80
43,19,80
109,19,96
108,13,87
59,20,73
54,15,77
38,12,87
113,17,92
40,18,83
72,18,70
96,12,80
72,15,71
97,10,79
7,11,115
111,18,98
16,23,106
86,13,74
30,19,93
106,13,87
20,11,109
40,21,80
108,12,89
65,13,72
22,14,108
107,16,88
2,16,113
18,9,111
34,23,86
55,17,74
27,10,103
16,9,111
9,21,107
97,9,78
4,17,112
79,23,73
85,22,77
1,19,113
120,8,92
107,20,92
107,23,94
51,12,80
16,8,112
45,22,77
12,21,108
24,23,97
8,21,110
61,22,70
15,17,109
12,16,112
56,10,76
58,11,76
26,19,106
106,20,91
115,16,91
22,16,109
2,18,112
90,15,76
20,13,110
33,14,88
55,18,73
1,15,114
21,23,107
53,23,74
18,23,105
59,11,74
21,20,109
4,19,112
72,14,72
112,20,101
0,18,115
61,16,71
74,10,70
7,18,110
52,10,80
42,18,81
17,13,113
102,8,82
32,20,87
30,10,96
20,8,108
45,14,81
119,10,104
73,14,71
0,13,118
74,14,72
116,18,97
119,11,92
24,16,108
31,17,100
115,18,93
28,11,105
62,13,74
48,20,76
16,18,108
114,17,94
24,23,91
59,12,76
47,22,78
42,12,82
49,19,78
41,11,83
3,18,111
104,17,86
75,17,72
116,20,108
53,15,77
88,16,77
89,20,79
36,15,87
8,8,117
64,17,70
8,17,110
0,15,115
11,9,115
110,15,92
62,10,73
5,15,114
70,11,70
93,20,81
102,17,85
13,11,115
15,22,108
23,9,106
36,13,88
102,18,85
109,19,93
74,13,69
90,16,77
25,23,105
18,14,112
109,22,97
0,17,113
30,12,93
107,19,91
0,11,117
100,10,82
31,15,89
109,18,93
13,22,105
8,23,108
114,21,106
107,19,90
69,19,69
65,9,74
115,14,89
56,21,72
72,20,70
38,22,81
116,16,92
55,14,77
84,23,76
86,23,77
117,16,106
39,13,85
52,16,78
12,23,107
94,22,82
56,10,77
65,20,69
43,22,79
16,15,112
24,22,95
36,11,89
34,15,87
114,11,87
111,19,96
30,19,92
116,10,91
115,17,104
19,19,108
48,20,77
20,12,110
16,22,106
107,13,88
64,23,70
39,20,81
53,19,74
86,10,73
61,15,73
117,17,105
30,20,87
36,10,87
65,17,70
63,10,74
46,19,78
46,20,77
6,22,110
12,9,115
104,20,88
23,11,108
91,9,75
12,8,116
81,16,72
120,18,108
100,21,85
29,20,88
21,17,110
54,18,75
60,14,74
21,18,110
118,23,111
119,21,110
22,16,108
74,21,69
31,15,93
76,9,70
46,18,79
84,13,73
30,8,93
16,20,108
14,20,107
110,16,94
52,14,76
104,14,85
111,18,97
4,16,114
65,19,70
65,18,70
46,17,79
85,18,75
106,21,90
37,21,84
78,12,71
42,11,83
120,11,96
11,21,108
60,10,75
75,15,69
105,23,92
72,17,69
86,12,73
21,8,108
108,12,86
65,13,71
108,21,96
105,18,88
48,18,78
2,13,116
103,18,87
2,17,113
118,9,90
49,12,79
72,14,70
20,23,108
18,21,107
28,20,98
14,22,108
88,11,74
119,16,106
58,16,74
56,17,74
59,16,72
92,18,79
24,22,94
119,8,91
67,11,72
25,22,101
52,20,76
39,9,87
25,20,107
49,12,81
102,20,87
95,23,83
62,13,72
60,20,74
115,18,95
23,23,96
93,11,78
67,19,71
119,15,94
38,16,85
47,14,82
118,13,92
43,9,86
120,23,110
38,22,83
26,10,106
71,11,69
90,20,78
75,14,69
58,8,78
67,18,71
114,18,93
31,16,90
13,10,116
31,13,90
88,17,76
59,15,72
72,13,69
78,14,72
8,16,111
104,9,84
118,11,91
26,21,102
11,17,109
78,16,71
72,14,69
65,22,71
37,13,85
84,9,72
20,15,111
80,16,71
70,9,70
52,19,77
27,15,104
114,13,88
30,23,87
74,22,71
57,11,75
18,20,107
100,11,81
53,11,79
1,13,115
51,10,79
81,10,71
117,19,107
99,12,82
117,15,91
28,8,103
29,20,101
96,23,83
58,19,74
57,22,72
55,22,72
58,20,74
1,22,113
4,23,110
21,16,109
3,21,111
20,21,109
45,10,82
85,10,73
46,8,84
52,17,77
74,19,72
113,18,93
54,13,77
34,22,87
60,21,70
120,20,108
41,9,85
35,22,84
36,15,86
112,19,101
105,11,84
96,16,80
47,16,78
62,23,69
86,21,77
46,23,78
80,19,73
14,11,114
27,21,89
108,22,96
30,9,92
78,19,72
67,21,69
8,21,107
61,20,71
14,15,113
47,22,77
12,21,106
6,23,109
52,14,77
115,17,93
33,9,90
120,13,95
14,21,107
18,9,110
119,12,91
99,17,83
12,23,104
52,17,75
73,19,73
35,18,85
112,9,85
34,19,88
37,17,86
102,13,84
60,11,75
41,14,83
28,16,103
22,13,110
56,20,74
108,23,98
103,9,82
110,23,99
85,9,73
30,8,92
41,19,80
57,11,77
49,16,77
109,21,96
89,9,75
102,13,85
31,19,89
84,20,75
64,21,69
58,15,73
105,16,86
73,23,71
3,19,113
31,10,90
46,16,81
19,22,106
34,23,85
55,17,73
69,12,70
11,23,106
77,23,71
105,11,85
45,21,78
68,17,70
83,22,75
37,9,86
18,17,110
103,11,84
107,9,84
10,11,115
99,15,83
17,15,111
95,14,80
90,14,77
34,10,88
14,15,110
77,9,70
120,18,107
37,23,83
23,16,107
97,19,83
65,10,74
17,20,107
97,23,84
14,22,106
96,9,78
110,21,99
6,14,115
5,12,114
36,14,88
39,13,86
28,21,102
119,12,102
113,19,105
99,14,83
84,17,75
65,16,72
87,15,76
43,16,80
38,16,83
28,19,90
81,14,72
36,20,85
84,10,71
99,8,79
109,21,93
26,20,96
109,13,91
32,22,85
54,20,75
69,9,72
37,12,85
120,9,105
57,23,74
120,17,108
53,12,79
27,12,105
113,19,103
85,13,73
21,13,109
39,19,82
98,17,82
64,14,72
15,19,109
30,12,103
88,9,73
22,9,108
74,14,70
67,10,72
16,10,112
30,12,95
33,19,86
72,11,71
45,15,80
102,23,88
96,18,81
65,10,72
25,22,97
10,13,114
15,23,105
113,18,94
55,15,77
67,8,73
115,23,109
63,19,70
112,13,87
91,21,80
27,14,104
65,8,74
55,21,73
69,14,72
68,16,71
69,14,70
5,14,115
56,9,77
101,20,86
76,17,70
37,11,88
32,13,88
2,16,114
57,23,71
30,14,99
117,17,92
104,14,86
72,21,69
80,21,74
98,12,80
26,9,105
14,23,104
48,21,76
27,13,106
45,20,78
8,19,111
13,16,112
117,20,107
11,17,110
24,21,107
66,15,71
12,22,108
11,20,107
15,14,112
64,15,70
85,20,75
105,14,86
13,19,109
45,22,78
5,11,116
11,13,113
112,23,106
7,23,107
83,12,72
24,23,105
14,10,115
50,10,80
14,16,110
73,12,71
9,12,115
87,16,76
28,17,102
68,14,70
101,17,84
49,17,77
74,19,70
71,9,71
73,13,70
4,10,118
87,23,79
41,9,86
26,22,105
34,19,87
111,23,103
118,13,103
28,17,103
39,23,82
18,18,111
22,15,109
19,17,110
116,8,89
21,21,108
92,15,77
35,10,89
77,15,70
29,19,89
117,22,109
2,10,118
25,13,107
83,22,76
52,8,80
49,15,77
8,23,109
31,20,87
58,10,75
36,9,87
73,15,69
106,19,88
105,21,90
61,21,71
53,12,77
79,19,71
67,16,70
106,23,93
17,14,112
111,13,87
62,15,72
83,23,75
83,19,74
23,14,107
11,14,113
95,18,81
55,15,75
94,18,80
100,12,82
28,10,104
9,13,113
111,22,105
41,16,82
96,17,82
71,17,71
8,9,116
13,13,113
114,11,88
50,10,79
38,17,84
87,20,77
32,18,93
78,19,71
48,15,78
119,12,95
64,19,71
30,19,90
92,20,81
59,22,72
108,15,88
116,10,88
72,23,71
24,23,92
64,23,71
54,19,76
80,15,72
67,14,72
43,23,79
26,20,97
117,15,100
39,22,80
47,15,78
91,21,79
20,14,112
69,21,72
61,13,72
54,20,76
112,21,105
75,20,70
0,16,115
20,18,109
59,13,74
70,22,69
40,12,84
3,15,113
45,17,79
47,20,78
3,9,118
44,23,78
24,14,106
111,16,95
53,14,78
8,16,112
108,13,91
77,11,70
48,10,82
104,22,91
25,8,106
59,8,77
102,9,82
55,20,74
106,22,91
17,17,111
62,15,71
42,20,80
111,23,106
83,14,72
37,16,84
70,21,69
98,18,83
23,13,109
13,23,104
11,10,115
15,16,110
31,17,97
45,19,78
57,21,74
114,9,88
42,16,81
20,19,109
27,14,105
106,21,91
37,17,84
17,21,109
63,23,70
25,12,106
10,9,116
73,21,70
52,18,76
116,19,107
97,11,80
29,9,98
10,15,111
36,13,87
5,8,118
42,11,84
58,14,74
28,10,105
10,23,106
39,14,84
66,12,72
9,22,109
7,22,108
37,18,84
44,9,86
116,10,89
29,18,103
12,21,107
94,8,77
21,14,109
53,13,77
50,15,80
15,19,110
3,10,118
66,14,72
120,10,106
30,13,93
64,13,72
50,20,78
58,11,77
120,22,111
106,23,92
11,18,111
29,22,87
44,8,85
109,20,94
14,21,108
29,12,102
21,9,108
49,9,83
56,21,74
60,11,76
46,16,80
16,16,112
57,16,74
84,13,72
99,10,80
40,19,82
29,20,104
56,23,72
44,9,85
11,22,108
48,18,79
53,19,77
107,11,85
112,14,88
31,20,88
2,12,116
1,14,116
10,12,113
46,17,80
96,19,82
12,19,108
9,10,115
48,17,79
117,15,104
94,19,81
94,15,79
30,15,96
76,8,70
96,15,80
30,17,103
35,12,87
49,20,77
101,19,85
83,14,73
31,16,94
58,9,78
28,23,87
112,10,86
109,17,91
22,15,110
97,16,81
19,8,110
82,11,71
35,10,88
65,15,70
50,14,78
1,9,119
64,20,69
94,21,82
6,15,114
24,21,108
52,22,74
40,18,82
116,18,107
13,12,114
61,15,72
98,17,83
61,11,73
30,12,99
52,16,75
35,18,86
1,16,115
111,22,101
55,14,74
12,16,110
16,11,112
115,17,105
30,9,93
5,22,110
11,12,115
67,21,70
32,19,90
23,23,103
5,16,114
29,15,104
106,11,84
32,18,90
33,23,86
25,22,89
37,18,86
16,11,114
41,22,79
73,16,71
74,16,70
110,19,95
35,19,84
102,16,84
97,11,79
63,16,73
66,8,75
25,23,103
29,19,97
28,18,106
106,16,88
13,11,114
111,20,101
8,19,109
51,9,80
53,11,80
98,16,83
77,19,72
16,9,113
39,18,83
52,21,76
110,21,96
64,9,75
104,9,83
40,11,84
6,13,113
56,13,75
2,23,110
85,19,76
31,9,92
95,12,79
55,22,74
48,12,79
104,17,87
45,13,81
3,9,117
89,21,79
10,12,114
109,8,84
3,19,112
118,16,96
23,17,109
66,21,69
113,23,107
14,8,114
51,10,80
65,9,72
92,22,81
23,19,108
6,11,116
24,10,107
5,18,110
82,14,72
35,19,86
14,10,113
120,10,104
118,9,91
104,11,84
11,14,112
117,10,89
113,18,98
47,10,83
39,21,82
103,11,83
17,13,112
65,16,70
45,21,79
104,16,86
31,13,91
31,16,93
33,13,88
25,21,92
112,17,96
110,8,85
31,19,99
84,18,74
59,20,72
21,10,110
29,13,103
113,18,102
24,23,103
53,14,76
13,13,112
33,22,87
53,13,79
75,16,73
94,17,80
71,22,70
57,18,73
55,12,76
35,16,86
62,20,70
90,13,76
40,22,80
9,10,116
78,9,71
76,9,71
86,19,77
69,20,70
14,20,108
1,17,115
43,20,79
47,9,83
117,10,90
66,10,73
55,12,77
66,11,72
81,15,72
81,23,75
68,16,70
66,12,71
21,9,107
29,11,102
109,14,92
107,15,88
91,9,76
28,22,88
61,23,71
6,17,113
75,15,70
120,12,94
23,13,108
28,12,104
20,10,109
100,18,85
26,20,107
114,10,87
113,9,87
0,9,118
66,15,70
47,17,78
104,21,89
110,21,97
89,11,75
109,9,85
0,10,117
120,9,104
99,19,84
77,15,72
109,12,87
71,20,69
87,11,74
42,22,80
52,20,74
7,18,112
38,12,88
2,15,114
57,18,74
10,23,105
67,8,72
99,14,82
104,11,85
36,17,85
10,9,115
113,18,103
17,19,108
9,18,109
55,9,78
106,11,86
30,12,97
27,20,106
106,8,82
77,17,70
11,18,110
65,21,69
28,20,100
85,16,75
88,10,73
58,14,75
118,12,101
62,22,72
109,23,100
69,19,71
73,8,71
60,12,76
41,15,83
28,10,102
58,21,74
112,16,90
45,18,81
14,19,107
28,16,101
22,12,110
15,15,113
82,10,72
70,13,71
53,16,74
54,15,78
37,12,86
22,21,108
10,17,112
109,22,98
96,9,79
88,9,74
46,23,79
61,17,72
54,8,78
0,12,118
13,9,115
72,22,70
59,8,78
108,16,90
39,21,81
5,19,111
50,13,80
53,15,76
50,19,76
27,20,90
113,14,89
74,12,70
3,10,116
36,18,86
5,21,109
50,22,75
64,12,72
48,11,82
13,14,113
109,18,92
30,14,100
68,20,71
20,13,112
92,23,81
15,16,111
47,20,77
53,10,80
52,23,74
51,11,78
61,12,74
34,13,88
26,20,93
80,10,70
42,13,82
120,8,101
5,14,113
90,22,80
7,15,114
110,22,97
11,10,116
36,22,84
92,19,79
55,18,74
65,22,69
77,22,71
115,18,99
1,18,112
104,15,85
24,23,101
71,13,71
111,22,106
71,16,69
110,14,91
51,9,79
33,9,89
19,9,110
109,17,92
63,20,70
40,23,81
66,10,71
54,16,77
100,20,85
112,15,89
101,22,86
29,10,97
67,20,69
14,16,111
91,17,78
2,12,115
63,8,76
46,21,77
45,23,78
44,10,83
80,12,70
88,21,78
12,23,105
37,18,85
22,23,94
16,20,109
52,9,80
31,15,92
74,18,70
40,21,82
115,22,107
6,18,112
26,21,105
101,16,84
34,18,87
32,11,91
36,14,85
44,10,84
109,11,86
120,12,95
91,18,78
97,9,80
28,17,101
17,16,110
57,17,73
21,22,108
93,9,76
56,19,74
1,19,112
31,9,91
29,15,102
22,11,109
23,9,107
0,8,119
25,21,91
50,12,79
63,22,71
19,18,110
75,23,70
88,21,79
38,15,86
38,8,87
43,17,80
104,19,87
57,13,74
68,22,70
106,9,83
79,9,71
30,19,100
94,10,78
85,11,73
98,9,79
97,18,82
8,14,114
58,8,76
24,17,107
10,20,110
113,21,105
10,15,112
59,10,75
83,8,72
116,16,102
52,11,77
28,20,105
29,19,102
54,23,75
30,14,94
115,17,102
31,23,87
1,23,110
76,22,70
118,14,102
45,14,82
26,15,104
110,14,89
49,22,78
25,22,92
117,16,102
26,21,91
24,22,98
115,18,98
113,18,97
68,14,71
41,16,81
115,17,101
32,21,87
13,18,111
112,12,88
81,22,75
62,15,73
112,17,91
70,9,71
42,19,80
35,8,88
90,17,77
35,21,86
114,12,88
22,23,106
15,23,106
86,23,78
54,13,75
86,9,72
56,10,78
42,14,83
6,19,109
96,23,84
3,14,115
31,10,91
52,18,77
106,10,85
58,20,73
95,21,83
118,12,91
3,13,116
105,19,89
101,12,82
7,14,115
13,21,108
55,16,76
47,14,81
24,11,106
79,9,70
2,20,111
113,19,101
119,20,108
9,16,110
7,18,111
88,22,79
97,18,83
75,18,69
78,13,71
116,17,96
90,15,77
93,8,76
17,20,108
109,18,91
26,22,90
20,13,111
118,10,90
0,19,115
7,19,110
50,21,77
62,22,70
23,18,109
67,16,69
10,22,107
35,8,89
103,22,89
70,14,70
69,11,72
51,13,80
48,9,82
83,16,73
118,11,104
30,9,94
33,23,84
93,15,79
30,11,101
4,15,114
96,13,80
41,11,85
94,21,81
26,11,105
12,12,113
70,16,70
103,17,86
16,17,112
4,9,118
99,9,81
86,13,73
27,21,102
60,14,73
109,11,85
85,17,75
66,13,70
114,18,105
14,23,106
6,23,108
31,21,87
49,9,82
111,23,104
85,10,72
23,23,106
95,9,77
119,11,101
36,23,84
4,23,109
54,14,77
26,12,106
53,12,76
115,19,107
79,14,72
54,19,75
117,11,89
2,11,116
66,11,73
92,11,77
47,14,80
4,8,117
23,22,93
35,13,86
107,17,90
109,20,93
12,20,109
30,15,94
92,8,75
30,9,95
60,21,71
31,15,91
39,11,85
41,19,82
39,16,83
4,19,110
3,17,113
29,8,102
76,18,71
5,12,116
118,22,109
54,17,75
56,16,75
20,21,108
19,23,108
5,17,114
112,20,103
99,22,86
3,17,111
54,16,76
115,9,88
108,8,83
52,15,78
94,9,77
56,22,72
23,15,108
27,16,105
53,15,78
86,16,74
62,11,75
30,8,91
26,21,99
42,23,80
10,14,111
42,15,81
33,21,87
116,18,96
61,10,76
23,23,95
42,15,83
46,21,79
19,18,111
22,23,95
37,12,88
8,8,118
43,8,84
29,19,96
29,19,95
27,20,98
26,20,98
25,19,107
32,17,92
51,12,78
44,20,80
8,22,107
107,23,96
36,17,86
47,17,80
56,13,76
110,11,86
104,16,87
61,19,70
58,19,73
81,12,71
58,18,73
13,20,108
30,14,102
35,19,87
2,23,111
53,20,74
15,22,106
82,9,71
51,16,76
11,11,114
0,16,116
10,17,111
7,21,110
108,18,89
72,13,70
85,13,74
57,22,73
92,16,78
44,20,81
27,23,89
48,18,77
34,13,87
108,17,89
67,14,71
30,16,93
0,22,111
77,19,71
12,12,115
30,22,88
26,16,106
13,16,110
42,21,79
43,8,85
92,23,82
13,10,115
68,21,70
25,21,97
82,8,71
3,8,119
26,17,107
82,10,71
102,14,85
100,15,83
40,21,83
27,15,105
23,15,107
10,19,108
6,20,109
0,23,112
56,20,73
30,12,96
76,16,71
100,19,84
54,23,73
57,13,75
30,19,99
58,16,73
52,12,77
80,9,71
5,16,112
19,23,107
119,10,103
108,18,91
107,20,91
32,18,92
79,22,72
112,11,86
4,8,118
18,12,111
2,13,115
54,11,79
108,14,90
28,15,103
94,9,78
84,14,73
54,16,75
57,9,76
44,13,83
9,13,112
4,20,110
68,9,73
19,16,110
28,13,105
16,23,107
39,8,86
29,15,100
31,16,92
28,14,104
14,19,109
49,14,79
33,8,91
52,8,81
59,21,71
27,20,103
63,15,71
2,18,111
24,8,106
43,17,81
88,13,74
9,19,110
30,19,94
1,18,113
58,9,77
95,9,79
111,15,91
82,12,71
48,16,80
120,8,91
17,12,111
63,8,75
12,19,109
89,10,74
61,8,75
111,15,90
16,18,111
32,12,91
29,16,99
6,23,107
89,15,76
29,18,104
107,14,88
10,18,109
82,19,73
111,20,103
52,10,78
32,19,92
32,12,89
81,22,74
54,10,79
22,12,108
56,14,77
30,13,96
118,14,103
59,13,75
108,19,93
75,11,70
24,10,106
4,16,112
101,15,84
21,13,111
2,9,119
102,23,87
51,17,76
117,16,94
59,19,72
36,21,84
1,21,111
37,20,83
58,18,72
24,23,102
10,8,118
112,23,105
8,21,108
46,14,80
73,13,69
84,18,75
71,17,69
106,23,91
72,19,70
68,9,72
0,19,112
52,22,75
35,22,85
81,22,73
55,14,78
31,17,96
111,15,89
114,20,105
34,17,87
70,9,72
2,8,117
58,17,74
68,9,74
73,22,71
46,15,81
114,18,106
101,18,84
67,8,74
117,16,91
77,16,72
116,14,91
64,8,73
42,12,86
117,16,97
19,14,112
54,23,72
96,23,85
13,14,112
67,12,71
76,15,70
30,19,89
68,21,69
118,21,109
41,22,81
27,20,91
31,10,92
43,10,83
32,10,89
54,11,76
3,12,116
92,17,78
27,13,104
104,22,90
31,10,93
103,21,87
21,13,110
15,17,110
118,12,90
56,13,77
96,10,79
97,12,80
68,17,71
85,14,73
53,16,75
40,16,82
45,9,84
89,14,76
26,8,104
98,23,85
115,15,89
117,22,110
53,10,79
2,22,111
115,23,108
75,19,69
55,21,75
97,13,80
44,21,80
2,21,113
6,18,110
59,18,71
115,19,106
95,13,79
105,8,82
114,17,91
72,12,71
99,11,81
34,18,86
98,19,83
5,17,111
40,13,85
118,8,91
12,13,114
11,16,111
42,8,86
53,23,73
51,23,76
41,23,82
37,16,85
32,9,91
17,8,112
93,12,77
32,19,93
120,11,94
59,20,74
84,21,76
115,10,88
114,18,98
82,19,74
12,22,106
15,18,109
51,8,80
53,9,78
108,19,92
6,8,117
50,16,77
108,22,94
106,12,86
34,12,87
22,9,107
5,23,108
91,19,79
29,17,102
25,22,100
31,23,85
87,16,75
101,14,84
15,19,108
65,21,70
25,11,107
67,19,70
1,18,114
52,15,76
45,22,79
55,15,74
30,11,99
110,16,95
16,22,108
51,22,75
55,10,77
1,20,112
82,14,71
110,22,98
25,17,105
77,16,70
63,12,73
51,19,76
47,8,82
28,19,93
46,16,79
30,14,98
37,16,86
25,22,91
89,22,80
29,20,89
104,13,86
47,14,79
3,18,114
0,21,114
119,15,106
7,15,113
37,21,85
62,10,76
63,13,73
46,22,77
32,23,85
22,15,108
97,17,81
51,21,74
47,21,79
66,22,69
22,23,96
1,10,118
110,23,100
107,13,89
18,15,112
49,16,80
31,19,92
2,11,118
57,8,78
6,16,113
106,14,88
46,13,81
50,21,76
83,15,73
53,17,77
38,23,81
11,20,108
50,11,80
113,16,90
22,18,109
30,14,95
19,17,111
49,23,78
116,17,95
75,17,69
8,15,113
40,17,83
101,10,82
76,19,70
7,17,111
21,19,108
27,11,105
18,22,108
76,23,71
90,22,79
31,22,87
78,23,72
114,19,105
50,20,77
23,11,107
113,18,101
15,13,112
4,14,114
47,16,81
7,23,108
46,9,82
61,20,72
5,9,119
17,20,110
64,10,72
29,21,90
18,11,110
55,8,80
53,10,77
44,17,79
24,23,96
7,8,118
76,16,73
34,13,90
59,16,74
109,17,94
51,17,78
118,16,92
21,19,110
75,20,71
42,17,80
32,16,91
116,17,98
112,11,87
66,18,70
50,18,77
108,21,94
118,15,96
32,23,87
27,13,105
105,13,85
95,20,82
108,21,95
1,10,116
112,21,104
47,21,76
110,20,97
30,17,100
44,16,82
105,11,86
3,19,111
110,23,101
81,14,71
112,22,105
22,11,108
118,20,109
31,17,95
96,15,81
115,18,96
119,14,95
50,18,76
113,18,95
13,10,114
17,16,111
119,19,107
102,10,83
83,10,72
25,9,104
92,15,78
53,20,75
117,14,103
28,17,104
99,15,82
67,23,69
62,12,74
67,15,70
57,21,72
101,21,87
48,10,83
44,15,81
47,20,79
49,21,77
90,9,74
91,11,75
49,17,78
107,14,87
66,9,74
81,17,73
35,13,87
15,17,112
36,16,85
6,9,116
72,14,71
23,20,107
15,13,113
97,19,82
41,15,82
82,13,71
90,20,79
39,11,84
119,21,109
74,18,71
65,14,72
4,13,115
45,20,80
21,18,109
3,23,111
23,20,109
14,23,105
7,22,107
101,9,82
1,23,111
85,9,72
59,21,72
49,13,81
9,20,108
4,11,116
29,11,104
64,22,69
118,8,90
30,14,96
72,16,70
110,17,93
12,12,114
6,22,109
50,23,76
43,18,80
78,12,70
49,15,78
62,21,70
53,21,75
38,15,84
118,17,107
9,21,108
68,17,69
2,11,117
51,15,79
111,9,86
110,14,90
100,22,86
39,8,88
81,18,73
85,19,75
5,11,115
30,16,98
119,11,106
54,16,74
112,20,99
27,20,89
31,11,90
102,19,86
73,16,69
60,8,75
116,16,104
114,23,108
22,22,106
42,9,84
117,16,92
42,17,82
75,21,70
100,9,80
55,20,73
34,20,86
105,13,86
60,18,71
51,18,77
45,16,80
28,14,105
66,23,70
59,9,78
36,11,88
12,22,105
3,14,113
44,23,79
24,8,107
76,19,71
18,20,110
43,14,83
56,15,76
36,17,87
38,21,85
27,21,90
25,21,100
25,12,105
64,10,75
40,18,81
60,22,72
116,18,94
13,15,111
32,8,90
33,21,85
62,8,75
47,21,77
58,20,72
53,16,76
13,9,116
10,23,107
117,17,107
22,23,107
15,20,108
86,9,73
119,12,103
108,16,89
61,17,71
49,23,77
86,8,72
79,19,72
37,12,87
114,18,101
48,12,81
19,22,108
117,18,107
13,22,107
8,11,116
17,16,112
53,22,73
110,10,86
70,8,70
17,15,113
6,12,115
116,17,92
0,10,118
119,14,94
66,17,69
96,11,79
49,10,80
73,19,70
64,11,72
45,19,79
57,15,73
95,19,81
82,9,72
63,9,73
109,21,97
1,23,112
108,20,93
60,8,76
32,22,86
89,23,79
106,11,85
111,21,103
67,18,69
62,21,71
96,18,82
27,21,100
47,23,78
18,17,111
10,14,112
2,21,110
17,14,113
0,15,114
12,14,113
12,17,110
11,19,110
13,23,106
55,8,78
63,17,70
50,14,79
47,18,78
31,19,95
31,18,98
48,10,81
38,11,86
110,17,95
90,10,75
25,22,102
82,22,74
1,12,115
37,14,85
15,9,112
104,11,86
25,20,106
52,16,76
1,16,116
1,11,116
34,21,84
57,19,74
78,10,71
31,19,97
106,19,90
115,21,107
103,16,86
26,21,89
110,14,88
30,17,95
63,12,72
30,18,103
54,12,79
23,21,108
65,17,71
35,15,86
30,13,98
120,13,94
60,17,71
113,20,106
14,12,113
85,23,77
53,20,76
83,10,71
28,22,89
61,23,70
35,22,83
32,17,89
118,13,104
12,18,110
67,19,69
40,14,86
33,13,89
67,17,69
28,20,89
91,15,77
22,8,107
34,8,89
52,19,75
49,9,81
49,19,77
6,13,114
15,12,113
5,16,111
57,23,72
54,22,75
26,21,100
25,12,107
118,19,109
2,20,112
11,8,116
3,22,109
76,15,69
26,9,104
79,13,70
117,21,109
76,14,70
119,12,92
74,14,71
34,16,87
115,13,89
48,9,83
37,19,84
113,17,91
59,15,73
18,21,109
11,13,112
4,8,119
6,20,110
17,18,111
50,14,80
6,10,115
73,18,70
100,9,82
118,16,94
41,17,83
2,16,115
43,11,84
45,8,83
29,23,88
56,22,73
28,20,91
118,15,100
54,17,76
39,23,83
110,22,100
62,12,75
24,18,108
61,20,73
71,9,72
60,14,75
24,23,106
114,14,88
28,8,104
13,14,114
26,8,105
72,12,70
29,8,101
79,12,70
83,20,75
23,17,107
90,9,75
5,13,116
33,17,88
65,8,73
37,10,87
10,19,110
75,18,71
94,10,77
109,14,88
35,22,86
29,10,100
55,17,76
28,9,103
54,10,77
18,12,112
75,9,70
76,16,69
29,16,96
45,18,79
39,23,80
91,14,77
33,19,88
110,19,96
59,17,72
106,17,88
99,12,81
110,22,104
116,17,103
23,8,107
92,11,76
29,20,99
1,8,119
105,20,88
5,20,109
23,17,108
54,23,74
31,18,94
44,22,77
24,11,107
61,18,71
94,15,80
10,18,110
19,21,109
113,15,90
114,18,102
71,14,71
56,23,75
116,16,105
58,13,75
20,14,110
59,18,72
95,22,83
33,19,89
117,23,109
57,14,74
51,19,75
28,9,102
80,14,71
86,9,74
53,22,74
21,11,109
62,17,70
6,16,112
28,11,104
18,15,111
110,11,85
36,10,88
68,18,70
105,18,87
66,18,69
19,13,111
18,8,110
31,13,89
8,22,106
17,9,113
42,23,78
36,15,88
32,19,89
67,17,70
59,9,77
28,18,105
11,17,112
60,22,71
32,19,91
91,16,77
116,11,88
24,22,93
8,15,112
52,21,74
86,14,74
22,17,109
33,17,89
95,16,81
65,12,74
12,14,111
7,10,115
91,10,75
107,10,85
12,11,114
6,21,110
76,20,71
68,16,69
16,14,113
115,12,89
21,21,107
80,20,72
51,22,74
68,13,71
26,20,106
44,16,80
54,18,74
7,21,108
63,9,74
18,19,110
4,18,111
11,14,114
99,8,80
48,22,76
17,17,109
112,9,86
68,12,71
52,13,77
21,22,106
17,11,113
119,11,91
40,20,81
76,21,71
66,21,70
116,9,89
32,18,89
16,15,111
108,21,92
34,19,85
29,17,101
16,17,109
114,22,107
10,8,116
12,23,106
94,22,83
34,9,89
119,14,92
48,8,82
16,21,106
86,15,74
4,18,113
72,13,71
118,15,106
27,16,103
95,19,82
20,22,109
113,19,100
32,21,86
80,11,70
73,22,70
28,8,97
79,20,73
62,18,70
59,20,71
105,10,84
30,13,94
3,12,115
69,21,69
9,17,112
36,15,89
117,9,89
38,22,82
108,22,95
38,16,87
116,9,91
30,12,94
30,19,96
118,17,97
64,13,74
27,21,101
67,14,69
115,18,107
18,14,113
118,12,103
120,21,108
70,12,71
117,16,98
0,14,114
0,20,112
116,17,102
13,12,113
58,16,75
98,9,80
37,11,87
53,17,75
1,9,117
118,13,106
14,8,113
19,11,110
45,16,79
11,18,108
24,22,91
111,14,89
8,13,114
43,12,82
36,20,83
34,9,90
47,15,82
63,22,70
96,10,78
47,18,79
45,12,83
114,18,99
6,11,115
11,16,110
115,18,106
51,9,81
52,17,78
51,15,77
52,23,73
24,15,107
33,15,88
3,20,111
47,19,78
56,15,73
29,19,103
78,8,70
44,16,81
117,15,102
74,12,69
39,23,81
113,14,88
71,21,69
12,11,115
91,22,81
7,13,115
67,20,70
70,10,71
87,12,74
30,19,88
111,13,88
84,19,75
65,12,71
26,23,89
30,13,97
109,20,96
38,16,86
100,12,83
7,12,114
17,9,111
120,19,107
46,19,79
36,17,84
25,21,90
88,20,78
80,13,70
9,11,116
100,13,82
26,21,98
90,21,79
30,16,95
47,8,83
83,9,71
94,12,79
102,13,83
22,23,93
25,15,105
30,19,101
18,23,107
33,9,91
55,12,75
25,21,94
14,23,107
11,20,109
58,10,76
32,12,90
28,16,104
118,17,106
31,19,91
64,21,70
101,8,82
95,17,80
19,8,109
38,9,87
51,15,78
82,12,73
2,17,112
1,13,117
33,10,90
84,15,73
85,23,76
70,13,70
15,14,111
30,17,97
16,20,107
8,22,109
20,19,110
31,17,98
14,11,113
87,18,77
3,14,116
62,22,71
88,14,76
119,15,107
106,18,89
50,8,83
44,14,83
71,13,70
31,18,97
116,22,108
38,21,83
5,17,112
54,22,73
4,15,113
117,17,93
7,11,116
29,9,101
22,22,108
44,14,81
21,14,110
30,15,101
46,13,83
45,11,82
0,13,117
103,12,85
99,21,84
42,10,87
37,23,84
73,9,71
52,12,80
43,22,80
40,11,86
62,21,73
70,8,72
41,21,82
10,16,113
58,23,73
29,13,101
27,20,97
41,16,83
3,14,114
36,18,85
72,23,70
90,23,81
57,23,73
25,11,105
0,18,113
73,20,69
110,15,91
60,20,73
18,14,111
56,12,77
81,20,73
70,8,71
20,20,108
42,11,85
56,15,75
95,14,79
65,22,70
32,20,89
8,14,112
37,13,86
45,15,81
18,12,113
71,18,70
34,14,88
62,11,74
99,21,85
58,15,74
24,16,106
8,12,115
103,20,87
70,12,69
13,16,111
31,15,90
59,13,73
53,11,78
0,16,114
25,9,106
102,11,83
25,8,105
97,15,81
26,10,104
111,23,105
93,23,81
19,21,108
29,9,102
24,16,107
61,9,76
10,13,113
37,19,83
119,16,107
36,23,83
60,11,74
27,19,93
24,22,97
52,15,75
118,15,94
28,20,90
1,10,119
21,10,108
97,23,85
110,12,86
69,16,70
33,13,90
102,16,85
75,12,70
18,17,109
71,17,70
111,22,102
22,12,109
50,20,76
40,23,79
25,16,105
28,19,104
3,11,117
31,22,88
66,9,72
67,12,70
63,13,72
21,20,108
15,10,112
115,11,89
76,8,71
42,23,81
89,16,77
79,23,74
117,16,104
72,18,69
19,18,109
46,18,78
104,12,86
58,14,73
30,10,99
51,16,78
62,16,72
63,12,74
57,16,75
96,11,80
110,13,87
41,13,83
38,20,82
6,17,112
7,14,114
111,11,87
31,14,92
31,19,90
102,14,84
61,22,72
37,22,82
41,12,86
82,12,72
16,13,113
78,8,71
109,16,92
2,12,117
29,20,98
66,19,71
98,22,85
109,13,90
25,22,103
46,21,78
45,18,80
104,15,86
116,14,89
64,9,74
36,12,87
61,8,76
66,20,70
87,21,78
3,23,110
28,21,88
56,8,77
37,18,83
26,15,105
86,11,73
39,14,83
4,23,111
42,19,82
42,14,82
120,14,106
112,18,96
35,19,85
11,12,113
24,22,105
30,8,94
70,23,70
113,17,93
98,21,84
111,22,103
24,22,107
10,9,117
29,17,103
108,19,91
118,22,111
28,17,105
7,11,117
118,23,112
53,20,77
102,21,88
12,22,107
117,14,102
18,11,112
69,12,71
63,23,71
115,18,104
63,15,73
7,12,116
30,20,102
10,21,106
15,19,107
112,19,98
75,21,71
0,23,114
76,17,72
88,11,75
66,18,71
118,17,96
84,9,71
58,21,71
51,13,77
90,16,78
34,11,89
24,22,100
80,17,71
111,17,95
97,20,83
110,16,91
23,8,106
67,10,73
25,10,106
117,18,106
24,21,93
75,10,70
31,19,93
30,11,94
30,12,102
42,15,82
70,13,69
17,15,112
68,22,69
11,15,111
111,21,101
32,8,91
24,10,108
94,19,80
43,8,86
22,10,109
89,14,75
56,14,76
119,9,91
5,21,108
7,17,112
58,21,73
12,10,116
96,14,81
117,9,90
117,17,96
101,9,84
8,16,113
4,10,116
120,9,92
113,16,91
0,22,113
25,22,98
112,22,107
118,14,104
109,15,92
11,23,105
92,18,80
28,23,88
86,17,76
20,11,111
71,13,69
46,18,80
9,19,109
82,23,75
101,18,85
4,13,116
39,10,85
4,14,113
85,8,72
111,17,91
28,16,100
36,12,86
37,9,87
112,20,102
28,20,101
62,13,73
31,18,100
69,8,71
12,18,108
60,12,75
110,8,84
9,23,107
108,18,92
107,21,93
92,14,77
28,15,104
12,15,110
55,13,76
6,12,117
112,14,89
19,15,111
117,17,95
39,8,87
57,22,71
24,19,108
88,19,78
96,19,83
101,8,81
44,11,82
107,22,94
59,17,73
106,14,86
114,9,87
19,16,111
36,14,86
74,9,71
54,14,76
30,13,100
51,13,79
10,20,108
119,12,105
77,14,70
0,12,116
23,10,106
24,22,90
31,19,100
40,13,84
93,20,80
54,21,74
117,17,106
119,20,109
8,10,117
62,12,73
57,15,74
72,20,69
41,14,86
56,12,76
74,23,70
47,11,81
22,13,109
6,14,113
37,15,85
118,12,102
1,17,114
4,20,111
110,18,95
89,20,78
38,12,86
36,16,86
58,22,71
41,21,80
72,15,69
25,22,99
28,16,99
116,11,89
71,21,70
62,12,72
55,20,75
98,18,82
99,13,81
22,20,107
41,14,85
82,21,75
33,11,90
43,21,78
89,15,77
77,14,71
13,19,110
69,13,69
13,20,109
17,21,106
4,20,109
48,8,84
96,13,79
26,19,93
119,13,91
44,12,83
34,23,87
43,10,85
67,16,71
29,21,91
52,12,76
108,14,91
8,14,113
120,21,110
11,15,110
74,22,72
17,22,108
118,14,106
10,11,116
91,13,77
3,16,112
78,15,72
24,12,107
83,19,75
109,17,93
103,13,84
15,14,113
100,23,87
10,22,108
71,18,69
48,11,80
10,13,115
95,22,82
78,17,71
56,8,79
64,10,74
79,10,70
118,13,105
39,22,81
97,13,81
16,13,112
1,23,113
2,22,110
35,11,87
63,23,69
13,21,107
50,23,75
42,10,85
25,18,106
13,22,106
85,14,74
36,19,84
53,19,76
104,10,85
23,23,105
118,16,106
97,8,78
72,15,70
76,12,70
35,23,83
19,19,110
21,15,110
52,20,75
30,12,100
30,16,97
16,18,109
39,10,87
59,9,75
3,20,112
42,19,81
114,10,88
59,19,71
15,9,114
86,19,76
54,22,74
16,16,111
0,13,116
85,16,74
27,22,88
35,9,88
17,14,111
51,17,77
16,21,107
108,15,91
83,21,75
13,13,114
3,11,115
68,19,71
14,22,107
77,21,72
106,8,83
25,21,105
87,8,73
64,14,71
68,23,70
74,10,71
111,19,98
26,18,106
102,20,86
27,21,104
51,18,76
50,15,78
101,16,85
23,22,108
7,20,108
1,21,112
99,9,80
26,22,89
54,20,73
2,10,117
67,18,70
4,18,112
107,16,89
14,17,110
52,11,80
43,19,79
9,20,110
82,13,72
115,11,88
47,10,82
9,21,109
57,12,76
38,15,85
59,23,71
73,14,70
50,8,81
88,12,74
29,10,103
69,10,71
33,11,89
69,10,70
14,13,112
60,15,73
47,9,82
111,10,85
109,19,94
112,17,93
49,21,76
50,13,79
29,10,102
17,23,105
66,16,69
23,18,108
64,10,73
104,9,82
64,13,71
39,21,83
75,22,71
49,11,80
30,15,99
54,15,75
15,15,110
46,8,83
118,19,107
6,19,111
78,10,70
66,9,73
31,23,86
68,19,70
65,11,73
93,15,78
57,20,72
63,16,70
27,12,104
117,13,90
58,12,75
12,10,115
86,22,77
111,16,93
40,12,83
112,18,100
27,21,99
83,15,72
29,8,99
110,15,90
20,8,110
103,10,85
62,8,74
119,15,96
115,14,90
25,21,98
12,18,111
84,22,75
59,19,73
118,14,101
86,14,75
3,12,117
116,18,98
68,18,71
115,17,103
63,11,72
93,16,78
96,13,81
54,14,74
28,19,89
116,18,95
106,10,84
8,23,106
110,20,96
104,23,90
5,21,110
108,10,85
3,13,115
105,12,86
2,22,112
15,15,112
59,12,74
111,14,88
31,11,91
116,17,94
51,12,77
118,16,105
58,21,72
40,14,83
36,23,82
23,16,108
74,16,69
40,11,85
44,23,77
113,19,104
29,15,103
116,20,107
16,8,113
94,11,77
116,13,89
56,9,78
30,13,103
87,13,75
105,19,88
66,17,70
2,21,111
38,23,84
115,17,96
113,18,96
114,17,93
120,13,106
31,18,93
107,19,89
10,12,115
1,14,114
23,23,104
40,10,85
113,22,107
93,19,80
55,23,74
58,12,76
62,9,76
120,17,107
45,15,82
113,10,87
98,8,79
44,18,79
80,18,72
113,8,87
78,18,71
10,11,114
18,20,109
100,21,86
30,11,97
2,15,115
108,9,83
48,19,78
49,8,81
49,13,79
91,12,76
64,18,70
31,12,92
81,21,74
68,9,71
111,21,105
90,14,76
4,9,117
94,13,79
24,13,107
73,8,70
71,12,70
19,10,109
9,16,112
48,23,76
70,17,69
113,12,87
18,8,111
106,21,89
109,15,91
35,17,85
52,11,79
98,14,81
35,14,88
56,23,73
21,17,111
105,22,91
58,8,77
12,14,112
27,17,106
35,17,86
92,12,77
98,19,84
59,22,70
23,23,91
11,15,113
43,18,82
111,12,87
89,10,75
55,16,74
27,18,104
7,14,113
14,14,111
55,11,76
58,16,72
61,22,71
1,19,114
21,21,109
99,16,83
63,8,74
48,22,77
35,21,84
14,13,113
54,13,78
10,22,106
87,22,78
16,12,113
107,11,86
10,21,107
11,15,112
79,22,73
105,14,87
1,16,113
111,18,96
65,12,72
18,20,108
28,18,104
29,23,87
19,9,109
46,20,79
118,21,110
48,23,78
30,12,101
71,22,69
55,19,74
80,10,71
97,14,81
68,23,69
75,13,70
2,23,112
29,10,98
40,22,83
103,14,84
33,18,87
113,13,88
24,9,105
49,11,82
104,12,84
3,11,116
78,15,70
18,16,111
111,20,100
118,16,95
36,8,87
39,8,89
6,19,112
112,17,95
100,22,85
61,22,73
1,20,114
24,23,89
57,14,75
35,21,87
118,16,98
62,20,72
33,13,91
40,10,84
96,21,82
120,18,110
98,23,84
28,8,99
3,10,117
64,11,74
0,17,114
57,22,74
109,19,92
120,8,103
20,17,110
56,15,74
13,18,109
106,17,87
118,14,105
21,11,110
108,11,85
48,13,80
30,14,101
100,17,84
51,15,76
119,12,104
91,12,77
116,12,89
110,23,103
8,19,110
25,22,104
87,21,77
62,9,74
54,14,75
13,15,112
20,15,110
43,14,81
53,16,77
5,9,118
20,14,111
119,11,105
108,21,93
31,17,94
56,14,74
118,16,97
76,13,70
81,19,73
15,21,107
48,17,77
26,17,104
85,18,76
75,19,70
98,11,80
5,19,112
41,23,80
5,8,119
50,23,74
77,17,71
46,12,81
5,12,115
118,19,108
30,8,95
52,13,76
18,10,111
74,18,69
55,17,75
23,10,107
85,11,72
29,17,100
90,18,79
42,12,83
53,9,80
37,15,86
51,11,80
100,11,82
117,21,110
40,16,83
47,13,80
46,15,80
0,12,117
68,10,72
90,17,78
1,11,118
33,14,87
11,18,109
105,10,85
9,18,110
25,20,108
65,11,72
110,21,98
18,21,108
102,12,84
72,14,73
63,11,73
79,17,72
68,19,69
100,16,84
0,8,118
104,13,85
29,11,103
53,23,75
54,14,78
93,17,79
76,21,70
111,20,97
98,20,84
58,12,74
29,19,105
111,11,86
115,20,107
9,22,107
73,22,72
78,20,72
120,23,112
74,9,70
70,17,70
88,20,77
107,23,93
118,13,101
81,18,72
57,18,72
5,8,117
4,12,115
98,22,84
27,20,102
30,18,101
14,18,111
108,13,89
77,14,72
24,15,108
107,15,89
103,8,82
108,13,88
73,10,70
48,15,80
91,11,76
110,12,87
69,11,71
106,15,87
80,22,74
80,9,70
117,16,105
51,11,81
62,14,73
22,21,107
58,13,74
19,20,108
58,17,73
7,12,115
120,10,92
76,11,70
77,13,71
57,19,73
49,23,76
120,22,110
59,9,76
76,15,71
46,9,84
55,18,75
17,8,113
16,22,105
41,20,81
120,14,108
21,10,109
102,12,83
43,16,81
39,20,82
41,10,85
17,9,112
51,14,79
86,22,78
72,16,71
117,16,95
120,12,96
89,17,78
51,9,82
3,11,118
80,14,70
115,17,94
29,19,91
103,9,85
49,18,79
112,18,93
7,21,107
29,19,88
28,20,92
31,19,96
104,18,88
116,19,108
107,22,96
120,18,106
37,23,81
30,8,96
