118,2,124
118,1,123
118,1,121
122,5,125
118,1,122
118,0,119
118,4,127
118,4,126
118,0,121
118,2,122
118,4,125
118,3,125
118,5,126
118,5,127
118,2,123
122,6,126
122,2,124
105,0,126
118,3,124
118,0,120
122,4,124
122,3,125
122,3,124
122,5,126
122,1,122
122,5,127
122,0,121
122,0,122
122,1,123
122,6,127
122,4,126
122,2,123
115,4,127
115,5,126
115,3,124
122,4,125
115,3,125
115,0,119
115,1,122
115,0,120
115,0,121
115,3,123
115,2,122
115,1,120
115,4,126
115,4,125
115,5,127
123,3,125
115,1,121
105,0,127
115,2,123
125,4,125
123,4,126
123,5,125
105,1,127
123,3,124
105,0,125
123,0,121
125,1,123
123,0,122
123,2,123
125,0,121
123,7,127
125,2,124
123,5,126
125,0,122
125,1,122
125,6,127
123,4,125
125,3,124
105,1,126
125,3,125
125,6,126
125,2,123
125,5,125
116,2,123
123,6,126
125,5,126
125,7,127
123,1,123
123,1,122
123,8,127
123,6,127
116,2,124
116,1,121
116,4,125
116,2,122
123,2,124
116,1,122
116,1,120
116,0,119
116,3,125
116,3,124
116,3,123
116,0,120
117,0,121
112,1,123
116,5,127
112,5,127
112,2,124
112,0,121
116,5,126
112,0,120
104,0,126
112,4,126
112,1,121
112,3,126
112,3,124
112,2,123
112,4,127
112,3,125
117,1,120
117,4,126
117,4,125
117,0,119
117,3,124
108,3,127
113,0,119
113,0,120
113,0,121
113,1,121
113,1,122
113,2,122
113,1,123
113,2,123
113,2,124
113,3,124
113,3,125
113,4,125
113,3,126
113,4,126
113,4,127
113,5,127
116,4,126
104,0,127
112,2,125
117,5,127
117,0,120
117,1,121
117,2,123
117,3,125
117,1,122
120,4,125
117,2,122
117,2,124
120,1,122
120,3,124
108,2,125
120,1,123
108,2,126
108,2,127
120,3,125
117,5,126
108,0,124
108,0,122
120,5,127
120,4,126
120,4,127
108,1,124
108,0,123
120,2,123
120,0,121
112,1,122
108,1,126
127,7,126
120,2,124
108,1,125
120,0,122
127,6,126
127,6,125
127,2,124
127,1,122
127,7,127
127,4,125
127,1,123
127,5,125
127,2,123
127,0,121
103,0,127
127,8,127
127,3,125
127,3,124
127,0,120
121,3,125
121,1,123
124,0,121
121,0,122
121,5,127
121,0,121
121,5,126
121,4,125
121,2,123
121,3,124
127,0,122
121,2,124
121,4,126
121,4,127
124,7,127
124,3,124
124,3,125
124,4,126
121,1,122
124,6,127
124,1,123
124,5,125
124,5,126
124,6,126
124,0,122
124,1,122
124,2,124
124,2,123
109,1,124
126,0,122
124,4,125
107,0,122
107,1,125
107,1,124
107,0,124
109,3,126
109,1,125
107,2,126
107,2,127
109,2,125
109,0,122
109,0,121
107,1,127
109,3,127
109,0,123
124,8,127
109,2,127
109,2,124
107,0,125
107,0,123
126,1,122
126,0,121
109,2,126
109,1,123
126,1,123
126,7,127
126,6,125
126,3,124
126,6,126
126,2,123
126,8,127
114,3,125
126,7,126
126,6,127
126,3,125
102,0,127
114,0,120
126,5,125
126,4,125
114,2,123
114,4,125
114,0,121
114,0,119
114,4,127
114,3,124
114,2,124
107,1,126
126,2,124
114,5,127
114,4,126
114,2,122
114,1,122
119,3,125
111,3,126
111,2,125
110,0,121
110,0,122
110,1,122
110,0,123
110,1,123
110,1,124
110,2,124
110,2,125
110,3,125
110,2,126
110,3,126
110,3,127
110,4,127
114,1,121
119,0,120
119,1,123
119,0,121
119,1,122
119,0,122
119,2,124
119,4,125
119,4,126
119,3,124
119,4,127
111,0,121
111,0,120
119,2,123
111,4,126
111,2,123
111,1,122
111,1,123
111,3,127
111,3,125
111,1,124
111,0,122
111,2,124
119,5,127
106,0,123
106,0,124
106,0,125
106,1,125
106,0,126
106,1,126
106,1,127
106,2,127
111,4,127
