98,17,109
89,4,101
111,20,110
96,7,106
100,9,108
95,6,104
126,8,100
115,6,108
91,19,108
114,0,108
108,12,111
119,12,106
127,5,100
92,9,105
96,2,100
125,13,101
115,19,108
92,14,105
117,8,107
122,23,102
100,1,103
117,10,106
95,20,108
111,18,109
120,12,104
102,10,109
99,20,110
102,13,111
115,9,108
111,21,109
95,17,106
118,7,107
113,18,109
115,9,109
97,7,107
95,15,108
127,20,99
90,4,102
107,23,111
109,15,110
106,0,104
121,22,103
93,3,101
109,10,111
93,22,110
123,22,103
123,22,102
125,18,101
90,5,101
91,21,108
117,17,106
122,7,104
106,12,111
97,11,107
100,5,105
108,9,110
111,3,108
124,10,102
88,2,99
120,0,104
115,0,107
88,15,105
108,14,112
112,14,110
125,16,102
99,20,111
88,3,100
102,18,112
113,0,107
108,6,108
99,14,110
89,7,101
116,16,105
99,22,112
102,17,112
110,5,108
93,20,107
105,7,108
116,1,106
104,4,106
108,8,111
102,16,110
88,21,109
89,19,108
108,6,109
104,15,112
92,6,103
98,16,108
127,16,100
96,20,108
113,18,108
96,19,109
92,23,110
103,7,108
99,4,104
126,5,100
114,6,108
120,21,105
118,16,106
88,11,103
113,19,108
91,22,109
105,17,113
126,22,101
127,20,100
102,0,102
97,3,103
99,9,108
115,21,107
102,12,110
118,1,105
91,15,107
115,10,107
95,18,106
123,13,103
110,21,110
120,10,105
105,2,106
98,10,107
98,10,108
101,11,109
115,18,108
95,14,107
117,22,106
103,5,106
109,3,107
121,23,105
112,20,109
99,11,108
112,15,109
101,1,102
100,14,110
96,23,109
96,14,108
89,1,100
119,14,105
105,19,112
90,14,105
90,7,102
113,13,107
101,21,110
112,10,108
125,23,103
125,18,102
112,16,110
93,20,108
120,0,102
125,11,101
101,13,110
123,17,103
117,11,105
97,22,109
111,11,110
89,18,106
121,16,104
119,20,106
122,11,102
120,11,103
111,23,109
127,14,99
92,8,104
107,2,106
114,22,108
113,15,109
115,3,107
119,0,103
102,15,111
110,3,108
107,16,113
111,10,110
108,4,107
89,16,106
112,3,109
118,22,107
119,11,104
116,4,106
117,8,108
100,15,110
109,3,108
113,1,107
88,10,102
94,19,108
114,12,107
113,14,107
111,13,109
92,18,108
91,13,105
121,2,102
99,2,104
114,16,107
110,11,110
115,1,106
112,12,109
117,16,105
115,12,106
101,9,109
112,1,108
110,0,107
115,10,109
104,0,103
91,7,103
96,0,100
109,14,110
107,10,110
106,16,112
91,3,100
105,9,110
100,12,109
100,10,109
121,2,103
89,22,110
115,14,107
119,10,104
93,10,105
117,5,107
95,19,108
102,11,109
103,0,102
121,14,102
95,20,107
101,15,110
111,9,109
127,4,100
112,5,109
104,18,113
119,23,104
93,4,102
100,2,103
103,16,112
97,21,109
124,9,101
93,17,106
107,4,107
118,21,105
97,1,102
106,6,107
119,19,105
113,9,108
121,10,105
95,4,104
104,17,113
125,10,100
98,6,106
119,15,103
126,18,102
108,13,112
97,18,107
121,20,105
111,12,111
114,19,109
125,1,100
91,4,101
125,10,102
119,22,105
107,1,105
116,23,108
88,8,102
95,19,109
104,16,112
104,5,106
102,16,111
96,16,108
121,17,104
125,12,102
114,2,107
111,3,109
88,9,101
118,13,106
99,7,106
104,3,105
115,14,108
127,6,100
105,21,112
110,23,109
101,15,111
91,1,100
118,3,106
115,22,108
88,18,106
127,19,100
109,12,111
118,21,106
122,16,103
115,1,107
100,13,109
116,8,107
99,3,104
123,14,102
125,17,101
97,20,107
117,17,105
110,22,109
90,17,107
95,15,107
127,9,100
119,16,105
100,21,110
112,22,108
103,18,112
98,11,107
89,23,110
106,9,109
105,14,113
124,1,101
111,20,109
107,17,113
105,10,109
121,23,103
98,20,108
102,15,110
91,9,103
108,22,112
115,22,109
101,16,112
117,12,108
95,2,100
108,2,107
96,4,104
89,17,106
91,12,104
114,20,108
101,12,110
104,9,110
106,3,107
118,6,105
92,2,100
116,2,106
90,16,105
95,22,108
94,16,106
112,17,108
117,20,107
126,0,98
113,11,109
97,15,107
104,20,112
88,13,104
102,8,109
126,16,101
106,4,107
98,1,102
119,10,105
111,22,110
100,11,109
125,23,100
113,4,109
89,6,101
91,6,102
94,23,109
102,14,110
101,4,105
108,2,106
105,4,107
98,21,110
99,3,103
93,23,110
127,0,97
100,21,111
89,14,105
102,21,112
91,2,100
112,22,109
97,2,102
116,18,106
89,7,102
104,8,108
97,19,107
95,3,101
120,15,103
127,17,100
119,13,106
109,22,110
127,6,99
122,21,103
88,11,102
107,12,111
123,19,103
111,4,109
101,0,103
113,3,109
106,6,109
123,2,100
117,22,108
123,20,104
90,5,103
105,0,105
92,23,109
105,13,112
127,4,99
116,22,108
116,23,107
127,15,99
89,12,103
116,12,108
94,2,100
103,13,112
108,20,112
123,0,100
111,2,108
127,15,100
103,6,106
99,14,109
102,19,112
126,10,100
117,0,106
127,10,101
102,4,105
94,2,99
114,10,109
110,22,110
109,20,111
125,8,101
91,0,99
94,22,108
125,2,100
121,9,105
115,14,106
114,20,109
94,15,107
119,2,103
100,9,109
104,13,112
118,17,105
117,22,107
92,15,106
100,18,110
94,15,105
104,7,108
107,21,112
123,15,101
89,0,99
88,4,100
117,15,106
114,12,109
96,5,103
92,20,108
124,20,101
119,7,105
94,21,108
110,17,111
118,14,104
121,21,104
88,17,106
99,10,108
96,18,109
93,0,99
114,14,107
99,20,109
103,21,112
117,13,105
101,21,111
95,4,103
90,6,103
98,2,102
89,8,103
106,10,110
126,9,100
102,22,111
89,4,102
122,0,101
116,16,106
125,11,102
99,13,108
98,16,110
124,7,103
119,3,106
109,19,110
88,8,101
124,14,102
117,9,106
115,5,107
94,23,110
120,7,105
119,22,106
112,18,109
124,15,101
92,16,105
126,22,102
118,4,105
121,17,103
97,23,109
115,17,106
91,17,108
113,1,108
109,18,110
117,12,105
93,15,105
110,12,110
124,16,101
113,10,110
91,2,101
121,12,104
105,12,111
109,14,112
116,3,107
125,15,100
125,4,100
98,15,109
122,1,101
119,9,106
119,6,105
127,8,100
90,10,105
95,17,107
97,16,109
92,19,108
95,18,107
121,19,103
111,4,108
100,0,101
108,1,105
120,23,104
108,8,110
93,6,104
115,19,109
94,21,109
95,19,107
117,3,105
102,20,112
114,23,108
90,23,110
93,14,106
107,0,104
124,7,101
127,21,101
123,14,103
101,19,111
114,21,109
117,6,106
114,19,107
120,22,105
124,5,102
122,18,103
119,1,103
93,13,105
93,9,104
109,17,110
120,17,103
99,4,105
127,12,100
116,20,107
127,22,99
108,15,112
125,5,100
123,2,102
125,3,101
117,11,108
104,18,112
89,18,107
100,11,108
108,19,112
93,5,102
104,17,112
89,17,107
109,17,111
107,1,106
125,21,102
105,1,105
98,4,103
94,8,104
106,19,112
106,5,107
121,3,103
113,15,108
89,11,102
116,14,106
118,14,105
90,1,99
112,13,110
102,5,105
123,20,103
105,15,113
125,19,101
106,17,112
118,2,105
120,11,105
122,4,103
103,15,112
111,21,111
118,16,104
111,0,107
102,18,111
110,19,110
109,21,110
112,23,109
118,22,105
123,22,104
120,3,103
112,12,108
101,17,110
122,19,102
95,23,110
93,22,109
121,12,103
102,6,107
112,3,108
121,8,104
115,6,109
101,8,107
115,20,107
104,5,107
94,16,105
123,5,102
117,20,108
127,2,98
117,21,107
106,3,105
103,19,112
117,11,106
120,20,105
101,0,101
123,16,103
92,3,102
93,8,105
119,20,104
88,18,107
99,21,110
120,13,104
111,16,110
90,19,107
106,18,112
124,22,103
107,17,111
122,6,104
127,14,98
115,23,106
93,4,103
102,10,110
106,22,111
104,6,106
116,12,107
101,21,112
127,12,101
120,6,106
126,15,102
97,13,108
103,7,107
115,7,107
125,8,102
103,2,103
118,5,105
111,11,109
122,2,101
101,6,107
119,21,105
106,4,106
110,4,108
89,2,100
92,10,104
94,3,102
121,18,104
103,9,108
100,19,111
100,13,110
99,5,105
117,17,107
124,4,102
113,21,108
90,19,108
118,7,105
110,6,110
88,19,107
99,21,109
105,8,108
99,8,107
121,9,104
115,22,107
97,2,103
101,17,111
122,14,104
127,19,101
112,23,108
127,18,100
109,14,111
115,11,108
101,18,111
119,9,105
121,6,104
99,18,111
96,11,106
126,20,101
93,21,109
110,22,111
119,0,104
105,12,112
98,14,109
121,15,103
92,4,101
127,7,98
110,19,112
101,3,103
98,20,111
98,7,107
115,16,108
119,18,106
92,22,111
97,11,108
100,17,110
122,1,102
114,18,109
90,0,99
126,6,101
119,3,104
92,16,107
114,8,108
109,19,111
119,12,104
99,23,110
122,20,103
100,8,108
93,19,107
112,8,109
100,4,105
122,10,105
126,7,101
116,13,108
113,11,108
89,23,109
124,13,101
113,0,108
125,9,100
104,19,113
112,18,110
122,14,103
99,12,108
95,12,106
122,5,102
93,17,107
108,14,111
93,1,99
113,16,108
123,21,102
101,18,110
124,21,101
91,15,106
97,9,106
106,7,109
101,3,104
110,1,107
127,1,97
122,5,103
117,4,105
113,7,109
99,18,110
92,13,105
124,7,102
116,18,108
101,19,110
98,5,104
98,20,110
88,13,103
95,14,108
95,10,106
91,22,110
103,11,110
120,8,106
88,23,109
121,18,103
116,10,107
96,20,107
121,3,102
97,7,106
97,20,108
121,19,104
89,13,103
125,15,101
96,2,101
110,6,109
122,14,102
117,23,107
90,3,101
95,8,106
114,15,108
94,10,106
125,22,100
88,5,100
110,18,112
97,5,103
119,2,105
125,13,102
107,8,110
106,18,113
120,18,105
93,12,105
108,13,110
119,2,104
111,19,111
123,7,103
97,5,104
111,3,107
111,19,110
96,17,107
89,11,103
107,12,112
122,19,103
90,9,104
124,6,102
106,12,112
122,21,102
94,4,101
106,2,105
102,3,104
99,16,109
114,23,109
92,22,109
107,20,112
90,15,105
113,13,108
112,19,109
98,23,109
96,3,101
112,10,110
89,15,105
92,4,102
126,11,101
107,11,111
104,14,111
99,17,109
125,6,101
106,7,108
124,20,103
110,18,111
99,18,109
101,9,108
89,7,103
92,20,107
106,1,104
113,6,108
119,7,106
104,2,105
99,23,111
120,5,104
90,13,104
111,14,109
113,10,109
121,7,103
126,4,100
89,16,105
118,17,106
110,18,110
93,9,106
92,17,108
100,15,109
115,8,108
112,6,110
98,19,109
88,16,105
116,11,108
110,14,111
120,2,105
113,8,109
102,3,105
108,11,111
89,3,101
123,8,102
97,20,110
117,19,107
110,15,110
120,20,104
122,23,103
111,1,107
110,13,110
110,14,110
118,18,105
121,13,104
117,7,106
120,10,104
116,0,106
90,9,102
115,7,108
89,5,102
124,12,102
97,9,107
96,17,109
107,7,108
93,4,101
123,11,102
94,12,106
102,22,112
121,0,102
104,23,113
124,8,102
113,7,108
116,19,107
120,14,105
97,19,108
122,16,102
123,0,102
102,8,107
111,6,109
97,18,109
114,18,108
96,4,103
108,20,111
103,3,104
105,22,112
118,1,104
117,16,106
93,18,107
89,20,108
95,12,107
94,14,107
113,12,110
112,2,107
89,9,102
105,16,113
102,14,111
107,18,111
120,3,105
109,8,109
121,15,104
119,14,106
91,18,108
115,6,107
108,5,108
114,10,108
119,11,105
122,12,102
100,17,111
109,20,110
109,2,107
98,8,106
127,13,100
123,17,102
126,16,100
113,2,108
120,6,104
124,10,103
125,23,102
126,15,100
98,9,108
119,21,104
89,21,110
118,6,106
110,7,109
96,11,107
116,12,106
118,13,104
109,0,106
101,11,110
117,14,107
122,22,103
95,1,100
96,5,104
97,3,102
125,3,99
122,17,103
94,5,103
123,11,104
98,13,108
92,12,104
98,5,105
120,15,104
123,12,104
99,19,109
112,8,110
122,15,104
113,20,108
115,2,106
127,10,100
122,8,103
114,12,108
103,15,111
94,4,102
108,15,111
89,14,106
126,15,99
96,3,102
104,14,112
98,18,110
111,21,110
104,6,108
127,6,101
99,0,102
100,18,111
125,7,100
103,1,103
94,15,108
109,18,111
125,10,101
117,19,106
111,9,110
114,21,108
118,13,107
97,6,104
106,19,113
109,1,106
95,0,99
124,23,103
94,9,105
125,23,101
89,19,107
99,0,101
91,11,104
122,10,103
96,8,105
113,14,109
111,23,110
94,17,105
121,4,104
90,11,102
98,8,107
90,10,103
120,22,104
121,22,105
97,4,103
106,22,112
90,8,104
99,1,102
118,20,105
124,9,102
124,22,104
115,18,107
116,20,108
103,8,107
125,5,101
89,21,109
94,11,106
111,5,109
94,13,105
120,3,104
124,19,103
96,22,108
126,2,99
119,18,104
110,7,110
114,22,110
93,15,106
90,9,105
93,2,101
101,5,105
111,19,109
99,8,106
111,13,110
114,7,108
89,2,99
91,9,105
119,5,104
113,9,110
94,3,101
124,14,101
113,13,109
103,12,111
117,23,105
96,11,108
110,11,109
92,11,104
115,13,108
100,2,102
88,21,110
97,22,110
101,1,104
95,13,106
126,18,100
113,23,110
92,2,99
114,7,109
124,12,103
104,16,113
110,16,109
101,14,110
120,1,102
114,9,109
106,11,111
116,22,107
120,6,105
100,4,104
116,14,107
114,0,107
124,2,101
107,14,112
108,10,110
99,6,106
120,2,102
112,14,109
92,0,99
96,9,107
124,0,99
116,16,107
90,2,101
108,19,111
107,21,111
121,15,102
124,18,101
125,16,101
104,22,113
112,13,108
102,0,103
103,10,109
120,13,103
118,9,106
118,10,106
94,0,99
123,3,102
119,17,104
94,5,104
125,19,100
111,15,109
126,3,100
102,1,103
113,10,108
88,4,101
105,18,112
127,10,99
104,20,113
91,23,109
119,8,105
103,18,111
114,22,109
99,15,109
120,4,105
109,2,108
126,0,99
123,1,101
108,3,106
90,18,106
118,13,105
123,12,102
90,10,104
92,15,105
122,13,103
111,17,109
114,14,109
96,10,107
92,3,100
88,7,101
125,20,103
112,11,111
119,14,103
127,23,102
95,1,99
115,17,107
102,9,109
119,0,105
109,1,107
93,0,98
115,3,108
109,9,110
127,23,101
94,6,104
97,3,104
93,18,108
125,20,100
102,21,111
126,2,98
118,5,107
101,7,107
108,3,107
105,9,109
91,21,109
121,1,103
127,17,99
103,20,112
112,16,109
107,15,111
96,19,107
98,0,101
93,18,106
103,17,111
91,15,105
109,5,109
101,2,104
94,4,103
126,11,102
127,19,99
108,0,106
116,19,108
118,19,105
114,4,108
111,17,111
92,20,109
105,21,113
108,13,111
127,13,99
119,8,106
103,23,113
117,0,105
123,23,104
109,7,110
92,7,103
120,17,105
123,10,104
119,23,106
88,22,110
97,8,107
97,17,107
109,4,109
122,20,102
119,10,106
125,9,102
91,7,104
113,23,107
125,6,102
90,3,102
94,16,107
92,7,104
91,3,102
123,18,103
101,7,106
103,23,112
114,10,107
108,5,107
109,18,112
114,23,107
89,3,100
124,3,101
124,15,102
89,12,102
101,23,111
121,4,102
100,16,110
112,0,107
112,0,106
127,20,101
110,10,111
91,16,107
113,5,108
106,9,110
88,6,101
88,2,100
118,11,106
98,14,108
97,12,107
104,10,110
96,10,106
97,8,106
119,1,104
103,16,111
121,19,105
96,21,109
117,14,106
103,4,105
106,14,112
103,17,112
107,5,107
125,17,100
109,13,111
123,23,103
100,0,103
116,9,106
116,5,107
108,0,105
114,13,108
116,11,106
89,6,102
118,23,106
90,12,102
95,22,109
126,12,102
111,7,109
127,11,99
127,8,99
126,13,101
123,16,101
124,22,101
92,0,98
105,11,111
113,4,108
91,20,109
109,0,105
99,22,111
94,14,105
117,4,107
123,19,102
114,11,107
125,12,100
98,3,103
105,1,104
113,15,107
91,11,105
116,1,107
106,21,112
115,15,107
120,5,105
123,18,102
88,6,102
125,2,99
111,2,107
117,16,107
110,12,111
97,18,110
101,22,112
97,10,108
88,9,102
109,16,110
122,13,104
121,7,104
93,6,103
94,13,107
116,15,106
122,23,104
99,11,109
96,18,108
120,7,106
120,0,103
98,19,108
90,22,110
118,12,105
100,14,109
127,8,98
115,10,108
123,4,101
126,12,101
115,13,106
93,8,104
113,8,108
124,18,103
96,12,107
124,19,102
119,18,105
96,0,99
105,11,110
118,22,106
111,14,110
125,14,102
112,21,110
92,21,108
120,16,103
92,13,104
97,23,110
96,15,107
104,8,109
124,23,102
90,5,102
97,19,109
123,9,103
106,8,110
124,17,101
123,10,102
121,20,103
94,7,104
123,15,102
124,13,102
108,1,106
126,19,100
116,6,108
126,1,98
125,3,100
122,8,104
122,11,105
116,15,108
106,22,113
123,15,104
96,8,106
94,2,101
113,11,110
122,21,104
112,18,108
99,21,111
110,4,109
120,18,104
116,23,106
97,6,105
98,1,103
90,20,109
97,0,99
105,23,112
90,9,103
116,0,107
103,22,113
89,9,103
105,22,113
122,15,102
111,10,111
115,11,109
119,22,104
96,0,101
102,6,106
109,11,110
91,20,108
90,23,109
104,21,112
118,12,107
126,9,101
94,0,98
109,4,107
112,2,108
96,13,107
120,2,104
117,15,105
106,1,105
115,21,108
114,5,108
123,13,101
123,14,101
97,14,109
124,20,102
90,13,103
127,5,101
110,16,111
97,15,109
94,11,105
113,21,109
105,0,103
98,15,108
91,10,104
110,3,107
100,7,107
126,10,101
107,16,112
108,18,111
104,10,109
122,17,102
97,12,108
111,20,111
88,12,104
95,17,108
96,12,106
92,15,104
108,4,108
95,5,103
113,23,109
101,20,112
88,7,102
103,14,111
108,21,111
99,22,109
119,13,105
93,19,108
92,9,104
95,11,106
106,20,112
100,8,107
119,16,104
126,21,100
91,9,104
110,13,109
125,0,99
125,0,100
98,11,108
121,11,105
101,5,106
93,21,108
114,15,107
119,5,105
106,23,111
115,4,108
124,23,101
111,16,111
116,19,106
95,23,111
98,7,105
110,19,111
117,12,107
94,20,108
97,18,108
122,16,104
127,9,99
88,23,110
88,12,103
118,8,107
93,2,100
123,9,104
117,3,107
118,9,105
95,3,102
120,23,105
112,4,108
103,14,112
96,1,100
124,11,102
113,6,109
94,13,106
124,2,100
105,20,112
116,14,108
92,2,101
107,5,108
102,5,106
108,11,110
90,11,103
106,2,106
106,8,108
107,9,111
109,23,109
116,14,105
104,9,108
111,1,108
99,11,110
106,5,108
94,7,105
90,21,109
108,22,111
107,15,112
92,8,103
113,14,108
116,21,108
115,15,108
95,0,98
119,21,106
102,8,108
118,14,106
110,17,110
100,20,110
127,7,99
111,7,110
96,16,107
110,15,111
90,14,104
103,4,106
104,9,109
112,23,110
93,20,109
125,21,101
126,23,102
117,5,106
109,16,112
90,3,100
89,13,104
124,0,100
92,11,105
113,5,110
117,13,107
109,13,110
117,4,106
118,20,106
103,9,109
98,22,109
118,0,104
99,2,103
109,23,110
100,1,102
112,12,110
123,4,102
115,2,107
110,8,110
122,15,103
118,18,107
106,23,112
99,13,110
126,11,100
126,15,101
120,9,105
97,2,101
126,22,100
108,10,111
125,12,101
110,9,111
123,11,103
113,22,108
115,9,107
108,9,111
109,23,111
114,3,107
126,19,101
100,22,112
115,4,109
127,15,98
92,22,110
117,20,106
93,14,105
109,8,110
126,7,100
99,13,109
104,11,110
105,2,105
98,16,109
96,1,101
91,10,105
112,17,110
127,23,100
121,23,104
91,5,103
109,15,111
115,2,108
125,14,100
124,16,103
95,22,110
98,20,109
115,1,108
92,5,104
91,14,104
118,10,107
124,0,101
103,1,104
101,8,108
121,6,103
100,10,108
97,16,108
100,6,105
120,17,104
97,21,108
104,2,104
105,10,110
100,0,102
93,16,106
127,0,98
104,1,104
99,17,110
88,10,103
98,1,101
93,7,104
116,18,107
107,10,111
108,16,111
99,19,110
122,4,102
120,12,103
110,23,110
113,5,109
119,4,105
117,2,105
98,7,106
125,19,102
112,10,109
109,12,110
108,17,112
97,0,101
91,5,102
122,22,102
122,22,104
105,8,109
110,2,108
117,1,106
123,20,102
112,19,110
117,18,107
111,0,106
115,20,109
95,19,106
127,13,101
119,1,105
122,5,104
92,16,106
118,15,106
91,19,107
110,5,109
95,11,107
111,23,108
125,9,101
123,1,100
123,8,103
98,17,108
90,17,106
102,15,112
114,5,109
124,21,103
94,14,106
96,13,108
112,7,110
89,10,102
95,9,106
123,10,103
93,13,106
103,0,103
107,17,112
95,8,105
101,20,111
88,22,109
126,1,99
124,1,99
123,12,103
117,23,106
100,22,111
95,16,108
115,12,107
95,2,101
121,18,105
120,22,106
120,14,103
114,11,110
117,10,108
118,19,106
111,15,110
118,0,105
126,12,100
104,0,104
97,10,107
96,21,108
116,8,108
116,15,107
88,5,101
118,15,104
105,3,105
118,11,107
109,6,109
116,4,107
127,23,99
101,23,112
110,11,111
105,17,112
105,15,112
111,12,109
101,16,111
119,15,104
125,21,100
114,6,109
124,13,103
97,5,105
103,5,105
118,4,106
107,16,111
117,7,107
126,17,101
102,16,112
122,12,103
98,9,107
125,13,100
116,3,106
118,15,105
105,13,111
91,18,107
90,1,100
105,2,104
118,5,106
92,1,99
124,17,102
92,3,101
118,1,106
91,23,110
110,1,106
92,19,107
119,6,106
119,4,104
98,18,109
115,17,108
123,6,102
95,21,109
91,13,103
115,8,109
103,12,110
104,6,107
113,17,109
89,6,103
95,9,105
111,8,109
97,17,109
121,21,103
107,19,112
100,20,111
103,10,110
117,11,107
98,12,109
88,9,103
95,6,105
120,1,103
96,19,108
102,2,104
91,17,107
126,8,101
90,10,102
106,14,113
115,4,107
123,6,103
91,1,99
100,6,106
125,22,102
120,21,104
125,20,101
124,18,102
122,3,103
90,15,106
106,15,113
104,3,106
111,22,109
119,23,105
98,18,108
114,9,108
108,21,112
101,0,102
88,0,99
95,5,104
120,9,104
90,8,102
116,15,105
91,12,103
105,7,107
90,8,103
116,13,107
117,7,108
110,16,110
127,5,99
113,16,107
100,16,109
123,16,102
95,4,102
127,12,99
98,3,104
90,6,102
123,0,101
105,6,107
125,1,99
107,9,110
118,8,106
114,19,108
122,0,102
97,20,109
113,22,109
106,6,108
120,16,105
89,1,99
111,12,110
107,22,111
121,10,103
120,14,104
114,14,108
91,8,103
104,13,111
126,13,100
102,13,110
109,22,111
104,12,111
125,4,101
105,3,106
95,7,105
93,23,109
92,5,102
95,18,108
112,9,110
110,10,110
91,8,104
93,5,103
97,9,108
127,16,99
126,14,100
125,7,101
118,19,107
126,4,99
125,21,103
126,5,101
89,5,101
103,20,113
124,4,101
106,11,110
104,19,112
97,0,100
99,6,105
123,9,102
126,20,100
89,18,108
90,21,108
122,11,104
116,9,108
90,16,106
97,14,108
115,16,107
124,15,103
112,17,109
104,11,111
121,16,105
107,19,111
122,9,103
93,5,104
91,10,103
98,22,110
124,1,100
107,4,106
108,23,110
112,15,108
94,18,107
122,18,102
104,23,112
114,13,109
102,7,107
111,16,109
104,7,107
126,13,99
112,13,109
124,11,101
127,1,98
91,6,103
117,2,106
106,15,112
107,22,112
105,18,113
113,19,109
94,1,99
114,18,107
108,8,109
122,6,103
124,3,100
110,0,106
98,4,104
95,23,109
114,13,107
99,2,102
97,15,108
88,16,106
92,18,107
113,16,109
125,0,98
102,23,112
126,18,101
120,8,104
118,7,106
126,23,101
123,21,103
124,9,103
88,14,105
116,7,107
97,16,110
93,17,105
116,5,106
108,22,110
123,14,104
117,0,107
100,16,111
96,18,107
116,13,106
106,10,111
102,4,104
107,2,105
117,8,106
100,9,107
125,11,100
88,14,104
94,16,108
105,6,108
89,2,101
100,17,109
101,6,106
107,14,111
91,11,103
120,19,104
95,15,106
119,3,105
119,20,105
102,11,110
123,12,101
102,20,111
114,1,108
112,20,110
117,13,106
117,14,105
114,16,108
115,13,107
127,3,98
96,23,110
116,5,108
126,14,99
110,9,110
108,17,111
112,11,110
123,3,101
105,20,113
120,13,105
99,9,107
100,21,112
94,12,105
120,2,103
92,5,103
111,6,110
91,7,102
96,1,99
101,10,109
125,14,101
123,8,104
108,16,112
118,9,107
118,12,106
94,15,106
104,12,110
120,15,105
93,16,105
92,21,109
121,11,104
125,16,100
109,11,111
98,6,105
90,18,108
109,16,111
110,13,111
101,19,112
91,14,105
103,11,109
100,18,109
115,0,108
96,20,109
121,16,103
88,21,108
102,17,111
117,6,107
95,14,106
127,22,101
107,6,109
109,2,106
120,19,105
127,6,98
107,13,111
116,17,106
116,21,107
115,12,108
100,23,112
97,7,105
96,3,103
119,19,106
117,18,106
114,11,108
111,17,110
122,13,102
91,17,106
124,5,101
126,23,100
123,15,103
117,3,106
96,14,107
89,21,108
109,5,108
120,11,106
114,17,107
97,17,108
100,22,110
114,3,108
118,2,104
108,7,109
124,6,103
112,21,109
117,12,106
106,0,105
107,18,112
90,8,105
107,6,108
111,18,110
122,12,104
96,7,105
90,2,100
124,19,101
89,14,104
113,17,108
90,16,107
95,13,108
115,19,107
91,18,106
101,20,110
112,11,108
91,0,98
118,3,105
95,21,108
108,23,111
91,13,104
107,9,109
94,17,107
94,5,102
110,15,112
111,5,108
124,15,100
119,16,106
122,11,103
90,7,103
122,10,104
97,13,107
99,22,110
105,23,113
90,22,109
100,3,104
125,22,101
118,16,105
122,9,104
107,7,109
95,10,107
124,16,102
88,1,99
118,18,106
127,11,100
96,9,106
113,9,109
92,18,106
94,20,107
121,14,103
124,8,101
119,9,104
95,13,107
123,2,101
102,9,108
100,7,106
121,5,104
96,6,105
124,22,102
118,3,104
121,10,104
125,20,102
123,13,102
121,20,104
100,23,110
124,14,100
90,18,107
92,12,105
125,15,102
112,11,109
121,1,102
89,8,102
91,16,106
112,14,108
120,10,106
121,21,105
110,12,109
115,11,107
101,10,108
94,19,107
118,8,105
121,13,103
114,17,108
114,11,109
114,2,108
95,16,106
127,18,99
96,6,104
126,14,102
97,4,104
127,3,99
93,12,106
99,16,110
95,7,104
119,15,105
107,2,107
99,7,107
119,7,107
122,15,105
118,2,106
104,3,104
106,16,113
98,2,103
96,17,108
122,0,103
119,13,104
92,15,107
119,11,106
115,5,108
94,18,106
89,4,100
97,22,108
104,4,105
121,4,103
103,22,112
97,14,107
109,10,110
103,6,107
115,16,106
105,16,112
116,22,106
108,12,110
123,4,103
96,4,102
115,5,109
122,3,102
127,2,99
119,14,104
116,7,108
120,4,104
101,1,103
107,8,109
121,11,103
113,8,110
119,19,104
107,0,105
117,9,107
108,18,112
90,4,101
124,10,101
116,11,107
88,18,108
115,23,107
119,17,105
116,17,107
103,3,105
90,12,103
110,20,110
104,21,113
89,22,109
126,21,101
105,5,106
100,5,106
93,3,100
116,9,107
120,11,104
98,12,108
103,2,104
90,20,108
88,19,108
95,9,107
126,6,100
111,8,110
105,19,113
109,15,112
93,2,99
94,6,103
127,11,101
125,8,100
123,7,102
106,13,112
127,21,99
125,18,100
120,1,104
115,12,109
103,20,111
112,5,110
103,19,111
92,8,105
99,12,109
117,6,108
96,2,102
113,12,109
116,10,108
103,13,111
120,7,104
93,11,105
123,5,103
101,13,111
94,17,106
114,8,109
92,17,106
92,1,100
105,14,112
119,12,105
94,10,105
98,21,108
126,14,101
112,1,107
106,3,106
116,10,106
94,9,106
105,0,104
107,3,107
96,22,109
96,15,108
111,11,111
116,20,106
95,16,107
100,3,103
110,15,109
94,14,108
97,1,101
127,21,100
101,12,109
125,7,102
126,3,99
118,11,105
106,8,109
123,23,102
93,16,107
101,4,104
100,12,110
98,11,109
118,10,105
121,8,103
115,20,108
118,23,105
99,5,104
118,6,107
94,13,108
101,2,103
88,10,101
115,15,106
124,6,101
102,19,111
100,23,111
107,20,111
92,10,105
110,14,109
99,1,101
116,21,106
105,4,106
103,8,108
104,15,113
94,1,100
127,18,101
124,8,103
98,2,104
96,12,108
94,8,105
91,4,102
101,22,111
112,7,109
121,5,103
113,3,108
112,6,109
111,18,111
126,17,100
88,20,108
107,13,112
112,4,109
111,10,109
91,3,101
114,22,107
99,10,109
117,21,106
122,2,102
112,9,109
127,14,100
92,17,107
93,10,104
109,7,109
93,9,105
113,23,108
115,8,107
98,13,109
120,8,105
102,2,103
101,16,110
110,2,107
117,1,105
120,4,103
116,6,107
121,8,105
91,16,105
116,17,108
92,14,104
124,21,102
98,21,109
113,20,109
121,22,104
122,7,103
121,9,103
89,15,106
104,1,103
109,6,108
117,10,107
94,22,109
112,16,108
101,14,111
124,12,101
107,3,106
127,22,100
123,13,104
105,5,107
120,16,104
115,23,108
113,12,108
114,1,107
104,22,112
100,19,110
127,7,100
106,17,113
109,21,111
109,4,108
109,9,111
125,17,102
120,12,105
89,20,109
98,23,110
